0 0.20390625 0.784375 0.0484375 0.04375
0 0.7265625 0.56796875 0.053125 0.0484375
0 0.17421875 0.60390625 0.0453125 0.0421875
0 0.68671875 0.48984375 0.0390625 0.0359375
0 0.77265625 0.68203125 0.0515625 0.0484375
0 0.309375 0.73984375 0.053125 0.0484375
0 0.834375 0.22578125 0.046875 0.0421875
0 0.91875 0.08984375 0.046875 0.0421875
0 0.10390625 0.765625 0.0453125 0.040625
0 0.071875 0.2625 0.040625 0.0375
0 0.11796875 0.8328125 0.0484375 0.046875
0 0.67421875 0.6625 0.0484375 0.05
0 0.84921875 0.096875 0.0453125 0.04375
0 0.1015625 0.89140625 0.053125 0.0484375
0 0.309375 0.921875 0.05625 0.053125
0 0.1046875 0.7203125 0.05 0.046875
0 0.91015625 0.16796875 0.0453125 0.0421875
0 0.3515625 0.57734375 0.053125 0.0484375
0 0.0984375 0.59765625 0.053125 0.0484375
0 0.1671875 0.540625 0.046875 0.046875
0 0.36640625 0.790625 0.0453125 0.046875
0 0.29296875 0.790625 0.0515625 0.04375
0 0.1015625 0.5140625 0.0375 0.0375
0 0.921875 0.02890625 0.059375 0.0484375
0 0.2015625 0.73671875 0.046875 0.0421875
0 0.378125 0.65390625 0.046875 0.0421875
0 0.2796875 0.84765625 0.046875 0.0359375
0 0.17734375 0.67265625 0.0421875 0.0453125
0 0.2859375 0.51875 0.04375 0.040625
0 0.3640625 0.9640625 0.05625 0.046875
0 0.1125 0.96953125 0.053125 0.0421875
0 0.28828125 0.8765625 0.0546875 0.046875
0 0.69453125 0.83046875 0.0421875 0.0390625
0 0.1828125 0.878125 0.046875 0.04375
0 0.8703125 0.66953125 0.040625 0.0421875
0 0.725 0.1296875 0.04375 0.040625
0 0.090625 0.553125 0.040625 0.0375
0 0.10078125 0.45703125 0.0390625 0.0421875
0 0.32109375 0.56796875 0.0421875 0.0453125
0 0.9203125 0.23125 0.040625 0.0375
0 0.8328125 0.0515625 0.040625 0.034375
0 0.7125 0.9546875 0.04375 0.0375
0 0.8328125 0.16015625 0.040625 0.0390625
0 0.365625 0.5 0.0375 0.0375
0 0.69375 0.9140625 0.040625 0.040625
0 0.30390625 0.9765625 0.0421875 0.034375
0 0.87890625 0.57578125 0.0390625 0.0421875
0 0.37890625 0.8953125 0.0484375 0.05625
0 0.1125 0.934375 0.040625 0.034375
0 0.284375 0.67578125 0.046875 0.0453125
0 0.19921875 0.96875 0.0421875 0.0375
0 0.9375 0.48125 0.04375 0.0375
0 0.1140625 0.68515625 0.034375 0.0296875
0 0.91875 0.13125 0.0375 0.034375
0 0.896875 0.77578125 0.034375 0.0390625
0 0.02109375 0.73125 0.0390625 0.05
0 0.08046875 0.0671875 0.0359375 0.028125
0 0.0859375 0.31171875 0.04375 0.0328125
0 0.16328125 0.4546875 0.0296875 0.04375
0 0.1109375 0.65234375 0.05 0.0390625
0 0.2734375 0.61796875 0.03125 0.0453125
0 0.57578125 0.5171875 0.0328125 0.034375
0 0.509375 0.73203125 0.03125 0.0265625
0 0.19375 0.8453125 0.046875 0.0375
0 0.378125 0.834375 0.028125 0.034375
0 0.36171875 0.70078125 0.0390625 0.0359375
0 0.70078125 0.0375 0.0296875 0.028125
0 0.80703125 0.8953125 0.0359375 0.03125
0 0.8828125 0.878125 0.03125 0.021875
0 0.92578125 0.5765625 0.0296875 0.025
0 0.959375 0.66328125 0.034375 0.0265625
0 0.97109375 0.77265625 0.0328125 0.0328125
0 0.87734375 0.48125 0.0390625 0.034375
0 0.734375 0.4390625 0.03125 0.03125
0 0.85 0.26875 0.0375 0.028125
0 0.8546875 0.29375 0.03125 0.03125
0 0.928125 0.265625 0.040625 0.01875
