0 0.10390625 0.784375 0.0484375 0.04375
0 0.6265625 0.56796875 0.053125 0.0484375
0 0.07421875 0.60390625 0.0453125 0.0421875
0 0.734375 0.22578125 0.046875 0.0421875
0 0.67265625 0.68203125 0.0515625 0.0484375
0 0.58203125 0.48359375 0.0484375 0.0484375
0 0.209375 0.7390625 0.053125 0.05
0 0.81875 0.08984375 0.046875 0.0421875
0 0.74921875 0.096875 0.0453125 0.04375
0 0.57421875 0.6625 0.0484375 0.05
0 0.81015625 0.16796875 0.0453125 0.0421875
0 0.209375 0.921875 0.05625 0.053125
0 0.94921875 0.5078125 0.0390625 0.040625
0 0.0671875 0.53984375 0.046875 0.0453125
0 0.19296875 0.790625 0.0515625 0.04375
0 0.82109375 0.0296875 0.0578125 0.046875
0 0.02109375 0.971875 0.0390625 0.0375
0 0.2515625 0.578125 0.053125 0.05
0 0.18046875 0.84765625 0.0453125 0.0359375
0 0.1015625 0.73671875 0.046875 0.0421875
0 0.27734375 0.65390625 0.0484375 0.0421875
0 0.07734375 0.67265625 0.0421875 0.0453125
0 0.18515625 0.51875 0.0453125 0.040625
0 0.26640625 0.790625 0.0453125 0.046875
0 0.08203125 0.878125 0.0484375 0.04375
0 0.5953125 0.83125 0.04375 0.0375
0 0.2640625 0.9640625 0.05625 0.046875
0 0.18828125 0.8765625 0.0546875 0.046875
0 0.7703125 0.66953125 0.040625 0.0421875
0 0.015625 0.7203125 0.028125 0.0375
0 0.85625 0.6640625 0.040625 0.040625
0 0.6125 0.9546875 0.04375 0.0375
0 0.84609375 0.61171875 0.0453125 0.0453125
0 0.8203125 0.23125 0.040625 0.0375
0 0.83828125 0.4796875 0.0421875 0.0375
0 0.7328125 0.0515625 0.040625 0.034375
0 0.22109375 0.5671875 0.0421875 0.04375
0 0.7328125 0.16015625 0.040625 0.0390625
0 0.97421875 0.88828125 0.0359375 0.0359375
0 0.27890625 0.8953125 0.0484375 0.05625
0 0.26640625 0.5 0.0359375 0.0375
0 0.59375 0.9140625 0.040625 0.040625
0 0.9578125 0.55703125 0.040625 0.0421875
0 0.83828125 0.72109375 0.0484375 0.0453125
0 0.18359375 0.67578125 0.0484375 0.0453125
0 0.2046875 0.9765625 0.04375 0.034375
0 0.625 0.1296875 0.04375 0.040625
0 0.0171875 0.68515625 0.03125 0.0296875
0 0.77890625 0.57734375 0.0390625 0.0421875
0 0.021875 0.83203125 0.040625 0.0421875
0 0.0734375 0.5 0.0375 0.034375
0 0.01875 0.65625 0.034375 0.040625
0 0.009375 0.5140625 0.015625 0.046875
0 0.0171875 0.93125 0.03125 0.040625
0 0.2765625 0.83046875 0.0375 0.0390625
0 0.9609375 0.60625 0.05 0.028125
0 0.94453125 0.03515625 0.0328125 0.0328125
0 0.9265625 0.06328125 0.025 0.0234375
0 0.9546875 0.2046875 0.028125 0.025
0 0.63671875 0.4421875 0.0265625 0.025
0 0.6578125 0.5203125 0.03125 0.03125
0 0.7109375 0.89609375 0.04375 0.0359375
0 0.978125 0.84609375 0.025 0.0296875
