0 0.20546875 0.80390625 0.0484375 0.0453125
0 0.090625 0.68984375 0.05 0.0453125
0 0.4078125 0.96171875 0.04375 0.0421875
0 0.1796875 0.9453125 0.040625 0.040625
0 0.18125 0.1484375 0.046875 0.046875
0 0.18125 0.55546875 0.04375 0.0421875
0 0.11328125 0.81328125 0.0453125 0.0421875
0 0.95 0.50390625 0.04375 0.0453125
0 0.37421875 0.765625 0.0578125 0.05
0 0.08359375 0.56640625 0.0484375 0.0421875
0 0.38984375 0.81328125 0.0546875 0.0453125
0 0.88828125 0.5671875 0.0421875 0.040625
0 0.3765625 0.52109375 0.053125 0.0484375
0 0.86640625 0.14296875 0.0453125 0.0421875
0 0.37734375 0.85546875 0.0484375 0.0484375
0 0.3859375 0.59921875 0.05 0.0546875
0 0.2765625 0.41484375 0.04375 0.0421875
0 0.8875 0.6546875 0.05 0.046875
0 0.1109375 0.759375 0.04375 0.04375
0 0.32109375 0.86484375 0.0515625 0.0546875
0 0.08828125 0.8546875 0.0515625 0.04375
0 0.27578125 0.465625 0.0515625 0.05
0 0.09609375 0.9 0.0421875 0.040625
0 0.15546875 0.0703125 0.0453125 0.040625
0 0.18046875 0.67421875 0.0390625 0.0390625
0 0.94765625 0.553125 0.0515625 0.05
0 0.09453125 0.47109375 0.0453125 0.0421875
0 0.375 0.39453125 0.04375 0.0421875
0 0.29375 0.94453125 0.046875 0.0421875
0 0.10078125 0.6421875 0.0640625 0.053125
0 0.928125 0.1421875 0.046875 0.046875
0 0.3140625 0.54375 0.046875 0.04375
0 0.88125 0.51953125 0.04375 0.0390625
0 0.70078125 0.93203125 0.0421875 0.0390625
0 0.1046875 0.15078125 0.040625 0.0390625
0 0.30703125 0.6078125 0.0484375 0.04375
0 0.9625 0.68359375 0.0375 0.0359375
0 0.10390625 0.9546875 0.0421875 0.040625
0 0.871875 0.38828125 0.05 0.0515625
0 0.07890625 0.17421875 0.0453125 0.0359375
0 0.2796875 0.11328125 0.040625 0.0390625
0 0.76875 0.80703125 0.034375 0.0390625
0 0.77265625 0.86796875 0.0421875 0.0359375
0 0.86875 0.21328125 0.040625 0.0421875
0 0.67890625 0.08046875 0.0453125 0.0421875
0 0.37265625 0.34609375 0.0453125 0.0453125
0 0.9109375 0.76171875 0.040625 0.0390625
0 0.16796875 0.6109375 0.0328125 0.0375
0 0.084375 0.35 0.034375 0.034375
0 0.85546875 0.10390625 0.0390625 0.0390625
0 0.2984375 0.78125 0.065625 0.0625
0 0.38203125 0.69609375 0.0390625 0.0421875
0 0.09296875 0.42890625 0.0359375 0.0359375
0 0.18515625 0.75234375 0.0421875 0.0453125
0 0.39609375 0.92421875 0.0453125 0.0421875
0 0.328125 0.92890625 0.0375 0.0359375
0 0.603125 0.85390625 0.034375 0.0359375
0 0.278125 0.57890625 0.04375 0.0390625
0 0.8859375 0.48359375 0.040625 0.0328125
0 0.89140625 0.6078125 0.0390625 0.0375
0 0.09296875 0.978125 0.0390625 0.03125
0 0.29296875 0.35234375 0.0515625 0.0453125
0 0.7921875 0.9828125 0.040625 0.025
0 0.303125 0.64765625 0.0375 0.0359375
0 0.18671875 0.86484375 0.0484375 0.0546875
0 0.1609375 0.35234375 0.05 0.0265625
0 0.19609375 0.38515625 0.0484375 0.0484375
0 0.24765625 0.28359375 0.0328125 0.0265625
0 0.3171875 0.2203125 0.0375 0.03125
0 0.0796875 0.0265625 0.03125 0.03125
0 0.19140625 0.9875 0.0390625 0.021875
0 0.296875 0.98828125 0.040625 0.0234375
0 0.5078125 0.659375 0.03125 0.040625
0 0.7875 0.59765625 0.04375 0.0296875
0 0.7859375 0.5328125 0.03125 0.03125
0 0.78359375 0.4875 0.0296875 0.028125
0 0.70078125 0.45859375 0.0390625 0.0328125
0 0.68359375 0.39375 0.0296875 0.03125
0 0.778125 0.6359375 0.034375 0.025
0 0.76953125 0.765625 0.0328125 0.03125
0 0.7171875 0.753125 0.025 0.028125
0 0.7234375 0.78671875 0.025 0.0296875
0 0.7109375 0.84140625 0.03125 0.0390625
0 0.7109375 0.9 0.025 0.021875
0 0.77734375 0.91796875 0.0328125 0.0203125
0 0.9109375 0.94453125 0.0375 0.0296875
0 0.91953125 0.9078125 0.0421875 0.025
0 0.9203125 0.8578125 0.03125 0.03125
0 0.8984375 0.79921875 0.03125 0.0296875
0 0.98359375 0.834375 0.0265625 0.01875
0 0.9859375 0.7828125 0.028125 0.04375
0 0.9671875 0.7484375 0.03125 0.028125
0 0.96328125 0.709375 0.0296875 0.021875
0 0.9765625 0.596875 0.04375 0.028125
0 0.953125 0.64140625 0.028125 0.0234375
0 0.95859375 0.415625 0.0359375 0.034375
0 0.86875 0.42890625 0.028125 0.0203125
0 0.77265625 0.4515625 0.0328125 0.025
0 0.9546875 0.2 0.03125 0.034375
0 0.734375 0.15703125 0.028125 0.0265625
0 0.75234375 0.1890625 0.0359375 0.0375
0 0.746875 0.121875 0.040625 0.040625
0 0.7390625 0.0765625 0.028125 0.01875
0 0.178125 0.428125 0.028125 0.03125
0 0.98828125 0.98125 0.0234375 0.028125
0 0.96875 0.9203125 0.040625 0.03125
0 0.690625 0.86484375 0.034375 0.0265625
0 0.28984375 0.53671875 0.0296875 0.0265625
