0 0.7484375 0.3828125 0.053125 0.046875
0 0.784375 0.8859375 0.046875 0.04375
0 0.075 0.12109375 0.05625 0.0484375
0 0.20625 0.5234375 0.05 0.046875
0 0.58828125 0.80390625 0.0390625 0.0390625
0 0.76171875 0.65 0.0453125 0.040625
0 0.8890625 0.6671875 0.05 0.04375
0 0.36875 0.14921875 0.053125 0.0515625
0 0.1234375 0.79765625 0.05625 0.0515625
0 0.57890625 0.52578125 0.0484375 0.0421875
0 0.16796875 0.18125 0.0453125 0.04375
0 0.58515625 0.88203125 0.0421875 0.0390625
0 0.8890625 0.61953125 0.04375 0.0390625
0 0.6828125 0.0328125 0.05 0.04375
0 0.51171875 0.83671875 0.0546875 0.0515625
0 0.75078125 0.165625 0.0421875 0.040625
0 0.21015625 0.8921875 0.0484375 0.04375
0 0.89921875 0.81171875 0.0484375 0.0484375
0 0.69140625 0.875 0.0484375 0.04375
0 0.9 0.95 0.05 0.046875
0 0.78046875 0.846875 0.0453125 0.0375
0 0.121875 0.9421875 0.05 0.05
0 0.7296875 0.3359375 0.046875 0.046875
0 0.784375 0.946875 0.05 0.05625
0 0.5796875 0.64609375 0.04375 0.0421875
0 0.74609375 0.43203125 0.0484375 0.0453125
0 0.69453125 0.4515625 0.0453125 0.04375
0 0.50625 0.78359375 0.046875 0.0421875
0 0.1921875 0.815625 0.053125 0.053125
0 0.22109375 0.93828125 0.0421875 0.0421875
0 0.496875 0.62265625 0.059375 0.0578125
0 0.06484375 0.06484375 0.0421875 0.0421875
0 0.68125 0.57421875 0.046875 0.0390625
0 0.65859375 0.22578125 0.0453125 0.0421875
0 0.69453125 0.5375 0.0453125 0.040625
0 0.1375 0.71484375 0.05 0.0484375
0 0.5734375 0.6046875 0.040625 0.040625
0 0.76484375 0.48125 0.0421875 0.0375
0 0.8953125 0.7703125 0.04375 0.0375
0 0.6890625 0.76171875 0.04375 0.0390625
0 0.78984375 0.7109375 0.0578125 0.05625
0 0.08671875 0.4453125 0.0390625 0.040625
0 0.50390625 0.67421875 0.0421875 0.0421875
0 0.68359375 0.93125 0.0578125 0.053125
0 0.6796875 0.31328125 0.040625 0.0390625
0 0.971875 0.74375 0.040625 0.04375
0 0.66796875 0.11796875 0.0453125 0.0421875
0 0.9640625 0.521875 0.0375 0.040625
0 0.778125 0.80625 0.04375 0.0375
0 0.08125 0.559375 0.05 0.04375
0 0.8515625 0.5859375 0.040625 0.040625
0 0.77109375 0.52578125 0.0515625 0.0421875
0 0.865625 0.43125 0.05625 0.053125
0 0.59296875 0.5640625 0.0390625 0.0375
0 0.58515625 0.92734375 0.0484375 0.0453125
0 0.8828125 0.90625 0.0375 0.0375
0 0.921875 0.48515625 0.040625 0.0390625
0 0.9640625 0.95078125 0.046875 0.0390625
0 0.371875 0.09453125 0.040625 0.0390625
0 0.9515625 0.67109375 0.046875 0.0421875
0 0.94921875 0.43203125 0.0390625 0.0421875
0 0.35625 0.03828125 0.046875 0.0421875
0 0.19296875 0.6078125 0.0390625 0.0375
0 0.57421875 0.41796875 0.0390625 0.0421875
0 0.65625 0.61171875 0.040625 0.0390625
0 0.50078125 0.8921875 0.0390625 0.040625
0 0.19296875 0.14140625 0.0359375 0.0328125
0 0.659375 0.6484375 0.0375 0.034375
0 0.87265625 0.07421875 0.0421875 0.0390625
0 0.56015625 0.3375 0.0390625 0.040625
0 0.95078125 0.384375 0.0359375 0.0375
0 0.94609375 0.03671875 0.0390625 0.0390625
0 0.49453125 0.509375 0.0328125 0.034375
0 0.66953125 0.06171875 0.0390625 0.0359375
0 0.58984375 0.71796875 0.0421875 0.0390625
0 0.88046875 0.71171875 0.0390625 0.0390625
0 0.88046875 0.85703125 0.0484375 0.0453125
0 0.090625 0.3953125 0.040625 0.040625
0 0.1640625 0.11875 0.05625 0.053125
0 0.16875 0.2234375 0.0375 0.0375
0 0.7140625 0.840625 0.040625 0.0375
0 0.95703125 0.18046875 0.0484375 0.0515625
0 0.4609375 0.03203125 0.046875 0.0359375
0 0.7703125 0.0203125 0.040625 0.034375
0 0.68671875 0.70390625 0.0515625 0.0515625
0 0.49921875 0.146875 0.0296875 0.0375
0 0.4734375 0.10625 0.03125 0.034375
0 0.61875 0.159375 0.021875 0.028125
0 0.884375 0.12265625 0.034375 0.0390625
0 0.95546875 0.11640625 0.0359375 0.0328125
0 0.87734375 0.17578125 0.0265625 0.0328125
0 0.4796875 0.37578125 0.04375 0.0359375
0 0.509375 0.396875 0.034375 0.040625
0 0.571875 0.465625 0.034375 0.04375
0 0.49609375 0.54921875 0.0234375 0.0296875
0 0.5 0.46875 0.028125 0.03125
0 0.51875 0.73203125 0.0375 0.0359375
0 0.66640625 0.35625 0.0328125 0.046875
0 0.65078125 0.4109375 0.0296875 0.04375
0 0.734375 0.60625 0.046875 0.040625
0 0.84375 0.50234375 0.034375 0.0421875
0 0.95625 0.5875 0.040625 0.053125
0 0.87109375 0.375 0.0328125 0.040625
0 0.9703125 0.71171875 0.0375 0.0453125
0 0.98671875 0.7953125 0.0265625 0.034375
0 0.9875 0.8484375 0.025 0.03125
0 0.990625 0.92578125 0.01875 0.0421875
0 0.9078125 0.98515625 0.05 0.0296875
0 0.7015625 0.8078125 0.034375 0.034375
0 0.5921875 0.76171875 0.0375 0.0421875
0 0.590625 0.6859375 0.046875 0.040625
0 0.5046875 0.9390625 0.04375 0.04375
0 0.11875 0.86171875 0.034375 0.0359375
0 0.19609375 0.98359375 0.0484375 0.0328125
0 0.14375 0.62265625 0.040625 0.0359375
0 0.146875 0.5671875 0.028125 0.028125
0 0.22109375 0.6765625 0.0390625 0.0375
0 0.178125 0.72890625 0.028125 0.0359375
0 0.21640625 0.73671875 0.0359375 0.0359375
0 0.1078125 0.5109375 0.04375 0.040625
0 0.2953125 0.03984375 0.0375 0.0359375
0 0.5234375 0.0796875 0.025 0.025
0 0.17578125 0.0609375 0.0359375 0.0375
0 0.175 0.01796875 0.0375 0.0265625
0 0.703125 0.496875 0.0375 0.034375
0 0.9421875 0.3234375 0.03125 0.040625
