0 0.30546875 0.903125 0.0484375 0.04375
0 0.071875 0.8078125 0.046875 0.046875
0 0.03984375 0.065625 0.0453125 0.040625
0 0.28125 0.2484375 0.046875 0.046875
0 0.190625 0.78984375 0.05 0.0453125
0 0.28125 0.6546875 0.04375 0.04375
0 0.4859375 0.7 0.05 0.053125
0 0.4765625 0.62109375 0.053125 0.0484375
0 0.47421875 0.86640625 0.0578125 0.0515625
0 0.2140625 0.91328125 0.046875 0.0421875
0 0.184375 0.66640625 0.046875 0.0421875
0 0.47734375 0.95546875 0.0515625 0.0484375
0 0.42109375 0.96328125 0.0515625 0.0484375
0 0.37578125 0.565625 0.0515625 0.05
0 0.06875 0.5921875 0.053125 0.05
0 0.9671875 0.24296875 0.04375 0.0421875
0 0.1609375 0.02421875 0.046875 0.0421875
0 0.3765625 0.51484375 0.04375 0.0421875
0 0.0421875 0.10234375 0.046875 0.0390625
0 0.48984375 0.91328125 0.0546875 0.0453125
0 0.2109375 0.859375 0.04375 0.04375
0 0.25546875 0.1703125 0.0453125 0.040625
0 0.28046875 0.77421875 0.0390625 0.0390625
0 0.0390625 0.2328125 0.04375 0.040625
0 0.475 0.49453125 0.04375 0.0421875
0 0.1875 0.95546875 0.053125 0.0453125
0 0.1953125 0.57109375 0.046875 0.0421875
0 0.05 0.14765625 0.04375 0.0390625
0 0.20078125 0.7421875 0.0640625 0.053125
0 0.4140625 0.64375 0.046875 0.04375
0 0.3796875 0.21328125 0.040625 0.0390625
0 0.40703125 0.7078125 0.0484375 0.04375
0 0.96953125 0.48828125 0.0421875 0.0515625
0 0.87265625 0.96640625 0.0421875 0.0359375
0 0.2046875 0.25078125 0.040625 0.0390625
0 0.04140625 0.275 0.0421875 0.0375
0 0.059375 0.7453125 0.05 0.046875
0 0.77890625 0.18046875 0.0453125 0.0421875
0 0.96640625 0.3140625 0.0390625 0.04375
0 0.17890625 0.27421875 0.0453125 0.0359375
0 0.26796875 0.7109375 0.0328125 0.0375
0 0.97578125 0.61796875 0.0359375 0.0390625
0 0.47265625 0.44609375 0.0453125 0.0453125
0 0.06640625 0.65859375 0.0453125 0.0484375
0 0.453125 0.0765625 0.040625 0.0375
0 0.76640625 0.04921875 0.0484375 0.0359375
0 0.86875 0.9078125 0.034375 0.0375
0 0.2875 0.9609375 0.04375 0.046875
0 0.378125 0.6796875 0.04375 0.0375
0 0.70390625 0.95390625 0.0359375 0.0359375
0 0.28515625 0.85234375 0.0421875 0.0453125
0 0.87890625 0.69375 0.0359375 0.034375
0 0.403125 0.74765625 0.0375 0.0359375
0 0.19296875 0.52890625 0.0359375 0.0359375
0 0.3921875 0.45234375 0.053125 0.0453125
0 0.39921875 0.88125 0.0671875 0.0625
0 0.184375 0.45703125 0.0375 0.0296875
0 0.265625 0.45390625 0.046875 0.0359375
0 0.31171875 0.4984375 0.0390625 0.0375
0 0.396875 0.81171875 0.046875 0.0453125
0 0.48125 0.803125 0.046875 0.040625
0 0.815625 0.94375 0.0375 0.040625
0 0.98515625 0.58828125 0.0296875 0.0328125
0 0.9703125 0.17734375 0.034375 0.0265625
0 0.95703125 0.12734375 0.0265625 0.0328125
0 0.959375 0.0921875 0.028125 0.01875
0 0.8421875 0.2140625 0.0375 0.028125
0 0.83828125 0.17109375 0.0359375 0.0265625
0 0.8390625 0.2609375 0.03125 0.01875
0 0.8546875 0.3125 0.028125 0.028125
0 0.82578125 0.0171875 0.0296875 0.03125
0 0.840625 0.04921875 0.028125 0.0296875
0 0.7765625 0.09296875 0.034375 0.0328125
0 0.8421875 0.09609375 0.03125 0.0234375
