0 0.8890625 0.41015625 0.05 0.0484375
0 0.90390625 0.65703125 0.0453125 0.0390625
0 0.08984375 0.02421875 0.0484375 0.0453125
0 0.8125 0.53203125 0.04375 0.0421875
0 0.3 0.03046875 0.046875 0.0484375
0 0.82734375 0.67578125 0.0484375 0.0453125
0 0.4859375 0.0640625 0.046875 0.04375
0 0.415625 0.1796875 0.04375 0.04375
0 0.30234375 0.215625 0.0453125 0.046875
0 0.90390625 0.603125 0.0515625 0.053125
0 0.0421875 0.7359375 0.04375 0.04375
0 0.81796875 0.4046875 0.0390625 0.040625
0 0.6828125 0.1359375 0.040625 0.04375
0 0.4859375 0.1109375 0.04375 0.040625
0 0.29375 0.15546875 0.04375 0.0453125
0 0.2421875 0.53828125 0.05 0.0453125
0 0.703125 0.42890625 0.040625 0.0390625
0 0.8046875 0.13046875 0.040625 0.0359375
0 0.91796875 0.9734375 0.0421875 0.034375
0 0.8265625 0.584375 0.04375 0.0375
0 0.88671875 0.49375 0.0515625 0.046875
0 0.10859375 0.6390625 0.0515625 0.046875
0 0.9171875 0.909375 0.046875 0.04375
0 0.909375 0.73359375 0.04375 0.0390625
0 0.82109375 0.6265625 0.0453125 0.040625
0 0.1046875 0.103125 0.040625 0.040625
0 0.828125 0.71953125 0.040625 0.0359375
0 0.321875 0.62578125 0.04375 0.0390625
0 0.8671875 0.07890625 0.046875 0.0515625
0 0.61171875 0.48515625 0.0515625 0.0515625
0 0.6890625 0.384375 0.040625 0.04375
0 0.8046875 0.05703125 0.04375 0.0390625
0 0.80078125 0.46015625 0.0515625 0.0484375
0 0.2515625 0.75234375 0.04375 0.0421875
0 0.909375 0.8234375 0.0375 0.034375
0 0.81640625 0.2265625 0.0453125 0.04375
0 0.9109375 0.5296875 0.0375 0.040625
0 0.24609375 0.89609375 0.0484375 0.0390625
0 0.9171875 0.859375 0.040625 0.0375
0 0.721875 0.6703125 0.046875 0.0375
0 0.64765625 0.84453125 0.0453125 0.0453125
0 0.87265625 0.1671875 0.0421875 0.040625
0 0.69140625 0.209375 0.0421875 0.04375
0 0.8265625 0.80625 0.05 0.05625
0 0.82421875 0.49140625 0.0421875 0.0359375
0 0.6890625 0.50546875 0.05 0.0421875
0 0.6921875 0.59140625 0.046875 0.0390625
0 0.8890625 0.1140625 0.034375 0.0375
0 0.24765625 0.82265625 0.0359375 0.0328125
0 0.59453125 0.028125 0.0359375 0.0375
0 0.41953125 0.03515625 0.0390625 0.0390625
0 0.63203125 0.603125 0.0390625 0.040625
0 0.7234375 0.63515625 0.046875 0.0421875
0 0.03046875 0.44375 0.0421875 0.0375
0 0.3125 0.40546875 0.046875 0.0390625
0 0.90703125 0.78046875 0.0359375 0.0328125
0 0.02265625 0.02734375 0.0359375 0.0359375
0 0.10703125 0.59375 0.0453125 0.040625
0 0.0953125 0.5109375 0.04375 0.040625
0 0.88828125 0.3484375 0.0421875 0.040625
0 0.89296875 0.459375 0.0453125 0.034375
0 0.0390625 0.2015625 0.040625 0.034375
0 0.84140625 0.9109375 0.0421875 0.03125
0 0.2109375 0.16171875 0.03125 0.0328125
0 0.04921875 0.86171875 0.0390625 0.0359375
0 0.84453125 0.9625 0.0390625 0.040625
0 0.63515625 0.55 0.0421875 0.040625
0 0.1265625 0.9 0.040625 0.040625
0 0.8015625 0.09921875 0.046875 0.0390625
0 0.6578125 0.9375 0.040625 0.0375
0 0.71484375 0.7484375 0.0359375 0.034375
0 0.7 0.46953125 0.034375 0.0328125
0 0.6671875 0.97890625 0.0375 0.0296875
0 0.71171875 0.5390625 0.0390625 0.0375
0 0.3140625 0.48203125 0.034375 0.0359375
0 0.23359375 0.3890625 0.0390625 0.034375
0 0.21640625 0.4703125 0.0359375 0.040625
0 0.23671875 0.4890625 0.0359375 0.01875
0 0.31640625 0.52421875 0.0328125 0.0265625
0 0.23046875 0.6171875 0.0328125 0.0375
0 0.30390625 0.6796875 0.0265625 0.021875
0 0.315625 0.7109375 0.03125 0.028125
0 0.6359375 0.6484375 0.03125 0.025
0 0.653125 0.6953125 0.034375 0.0375
0 0.6453125 0.7328125 0.028125 0.03125
0 0.828125 0.7515625 0.034375 0.03125
0 0.64296875 0.79609375 0.0265625 0.0296875
0 0.71875 0.8421875 0.028125 0.025
0 0.728125 0.78828125 0.028125 0.0234375
0 0.6546875 0.884375 0.021875 0.03125
0 0.728125 0.88359375 0.03125 0.0296875
0 0.7328125 0.93515625 0.025 0.0328125
0 0.8375 0.88125 0.034375 0.028125
0 0.91328125 0.70078125 0.0328125 0.0265625
0 0.8765625 0.2140625 0.03125 0.04375
0 0.7875 0.1703125 0.040625 0.03125
0 0.68359375 0.09140625 0.0328125 0.0265625
0 0.61640625 0.075 0.0296875 0.034375
0 0.68125 0.01015625 0.034375 0.0140625
0 0.63359375 0.23203125 0.0328125 0.0359375
0 0.5 0.2296875 0.040625 0.0375
0 0.40234375 0.234375 0.0390625 0.028125
0 0.228125 0.209375 0.034375 0.034375
0 0.103125 0.2546875 0.034375 0.0375
0 0.0296875 0.2609375 0.028125 0.040625
0 0.0921875 0.1515625 0.03125 0.028125
0 0.09765625 0.20859375 0.0328125 0.0234375
0 0.0296875 0.1578125 0.0375 0.034375
0 0.03203125 0.1234375 0.0234375 0.0375
0 0.015625 0.0796875 0.028125 0.03125
0 0.20546875 0.0625 0.0421875 0.034375
0 0.209375 0.0328125 0.025 0.025
0 0.3 0.11171875 0.028125 0.0328125
0 0.41328125 0.09296875 0.0328125 0.0359375
0 0.48515625 0.03359375 0.0359375 0.0265625
0 0.48125 0.0078125 0.028125 0.0125
0 0.653125 0.05234375 0.028125 0.0234375
0 0.7953125 0.01015625 0.03125 0.0140625
0 0.86640625 0.0125 0.0359375 0.021875
0 0.628125 0.4015625 0.034375 0.025
0 0.63203125 0.43046875 0.0265625 0.0328125
0 0.3109375 0.83203125 0.03125 0.0296875
0 0.3375 0.85859375 0.028125 0.0234375
0 0.33125 0.9171875 0.021875 0.021875
0 0.371875 0.7953125 0.028125 0.025
0 0.3421875 0.8890625 0.01875 0.01875
0 0.04140625 0.8109375 0.0265625 0.0375
0 0.046875 0.77421875 0.028125 0.0203125
0 0.1140625 0.76328125 0.0375 0.0203125
0 0.1109375 0.71484375 0.01875 0.0328125
0 0.0359375 0.60546875 0.03125 0.0296875
0 0.0328125 0.5765625 0.03125 0.01875
0 0.04140625 0.53359375 0.0328125 0.0296875
0 0.0546875 0.409375 0.034375 0.03125
0 0.11796875 0.553125 0.0328125 0.021875
0 0.1140625 0.4265625 0.034375 0.021875
0 0.071875 0.96640625 0.040625 0.0296875
0 0.06015625 0.91875 0.0265625 0.01875
0 0.253125 0.9328125 0.021875 0.01875
0 0.25 0.9765625 0.021875 0.0375
0 0.33984375 0.5875 0.0390625 0.03125
0 0.8109375 0.36484375 0.03125 0.0265625
0 0.7078125 0.721875 0.03125 0.021875
0 0.728125 0.97265625 0.028125 0.0453125
0 0.6140625 0.15390625 0.025 0.0203125
0 0.24375 0.69375 0.021875 0.025
0 0.2140625 0.74609375 0.025 0.0296875
0 0.128125 0.1734375 0.021875 0.021875
0 0.5328125 0.4953125 0.040625 0.025
0 0.46015625 0.3546875 0.0296875 0.03125
0 0.48828125 0.43828125 0.0328125 0.0265625
0 0.98515625 0.51953125 0.0296875 0.0234375
0 0.98515625 0.42578125 0.0296875 0.0296875
0 0.13125 0.934375 0.034375 0.03125
