0 0.2328125 0.82421875 0.05 0.0453125
0 0.20234375 0.2859375 0.0484375 0.04375
0 0.11875 0.28984375 0.04375 0.0421875
0 0.2125 0.64609375 0.046875 0.0421875
0 0.14375 0.7921875 0.04375 0.040625
0 0.18984375 0.16171875 0.0484375 0.0421875
0 0.17890625 0.04609375 0.0390625 0.0390625
0 0.02890625 0.9671875 0.0515625 0.046875
0 0.40703125 0.0625 0.0421875 0.040625
0 0.73828125 0.82578125 0.0515625 0.0515625
0 0.41875 0.25078125 0.046875 0.0421875
0 0.13984375 0.62421875 0.0515625 0.0453125
0 0.4328125 0.86328125 0.05625 0.0484375
0 0.02890625 0.67421875 0.0484375 0.0453125
0 0.225 0.33984375 0.046875 0.0453125
0 0.4015625 0.20703125 0.053125 0.0484375
0 0.22265625 0.57265625 0.0421875 0.0421875
0 0.34296875 0.79609375 0.0515625 0.0453125
0 0.76484375 0.64453125 0.0421875 0.0421875
0 0.7546875 0.91015625 0.04375 0.0390625
0 0.35390625 0.48671875 0.0546875 0.0484375
0 0.8203125 0.553125 0.04375 0.040625
0 0.128125 0.74296875 0.05625 0.0515625
0 0.3484375 0.57265625 0.05 0.0484375
0 0.125 0.24609375 0.04375 0.0390625
0 0.13046875 0.3734375 0.0515625 0.053125
0 0.18515625 0.2046875 0.0390625 0.040625
0 0.77265625 0.865625 0.0421875 0.04375
0 0.21953125 0.86171875 0.0515625 0.0421875
0 0.21875 0.746875 0.04375 0.040625
0 0.934375 0.31796875 0.05625 0.0515625
0 0.24765625 0.6140625 0.0515625 0.053125
0 0.22265625 0.69140625 0.0421875 0.0421875
0 0.353125 0.90546875 0.05 0.0421875
0 0.31875 0.21328125 0.05625 0.0515625
0 0.771875 0.95546875 0.05 0.0453125
0 0.79609375 0.0921875 0.0515625 0.046875
0 0.09140625 0.0828125 0.0453125 0.040625
0 0.3234375 0.1265625 0.053125 0.053125
0 0.3390625 0.34296875 0.05625 0.0453125
0 0.2421875 0.96640625 0.053125 0.0453125
0 0.028125 0.87734375 0.053125 0.0546875
0 0.2296875 0.784375 0.0375 0.034375
0 0.4234375 0.6078125 0.046875 0.040625
0 0.2265625 0.4796875 0.04375 0.04375
0 0.43203125 0.71484375 0.0515625 0.0515625
0 0.625 0.62578125 0.040625 0.0390625
0 0.028125 0.59765625 0.053125 0.0265625
0 0.36640625 0.75625 0.0515625 0.04375
0 0.35859375 0.95546875 0.0546875 0.0515625
0 0.1328125 0.66328125 0.05625 0.0484375
0 0.32734375 0.52109375 0.0546875 0.0484375
0 0.83984375 0.83046875 0.0421875 0.0453125
0 0.29375 0.04296875 0.046875 0.0390625
0 0.7640625 0.70078125 0.040625 0.0390625
0 0.421875 0.909375 0.05 0.040625
0 0.02421875 0.7890625 0.0453125 0.059375
0 0.4015625 0.1140625 0.05625 0.046875
0 0.2171875 0.24375 0.040625 0.0375
0 0.328125 0.6296875 0.053125 0.046875
0 0.13046875 0.53828125 0.0484375 0.0453125
0 0.63984375 0.91953125 0.0390625 0.0390625
0 0.6984375 0.0328125 0.04375 0.0375
0 0.4609375 0.81953125 0.05 0.0484375
0 0.42109375 0.82578125 0.0453125 0.0390625
0 0.021875 0.728125 0.040625 0.04375
0 0.296875 0.084375 0.04375 0.04375
0 0.353125 0.665625 0.046875 0.04375
0 0.14296875 0.8640625 0.0515625 0.04375
0 0.36796875 0.37578125 0.0578125 0.0421875
0 0.1546875 0.94140625 0.05 0.0484375
0 0.81015625 0.51171875 0.0390625 0.0390625
0 0.9453125 0.51328125 0.046875 0.0421875
0 0.1046875 0.0546875 0.040625 0.0375
0 0.92734375 0.2109375 0.0484375 0.05
0 0.31328125 0.29140625 0.0515625 0.0265625
0 0.43828125 0.57734375 0.0453125 0.0390625
0 0.33828125 0.72265625 0.0484375 0.0453125
0 0.39921875 0.15 0.0515625 0.0375
0 0.01953125 0.32265625 0.0359375 0.0421875
0 0.028125 0.63046875 0.040625 0.0359375
0 0.33203125 0.1625 0.0421875 0.0375
0 0.16171875 0.978125 0.0390625 0.03125
0 0.415625 0.6828125 0.046875 0.040625
0 0.1296875 0.70234375 0.040625 0.0328125
0 0.1296875 0.33671875 0.04375 0.0390625
0 0.01953125 0.23984375 0.0359375 0.0484375
0 0.8296875 0.86015625 0.04375 0.0421875
0 0.540625 0.69453125 0.0375 0.0390625
0 0.41875 0.95 0.0625 0.05625
0 0.140625 0.4953125 0.05 0.04375
0 0.32265625 0.74375 0.0484375 0.046875
0 0.23515625 0.89296875 0.0453125 0.0359375
0 0.85234375 0.9046875 0.0359375 0.034375
0 0.94375 0.621875 0.04375 0.040625
0 0.21484375 0.38203125 0.0421875 0.0390625
0 0.228125 0.93515625 0.04375 0.0390625
0 0.421875 0.51015625 0.0625 0.0640625
0 0.128125 0.121875 0.046875 0.03125
0 0.34453125 0.85859375 0.0671875 0.0609375
0 0.334375 0.26328125 0.040625 0.0296875
0 0.41640625 0.30390625 0.0390625 0.0359375
0 0.18828125 0.0953125 0.0484375 0.04375
0 0.10078125 0.0171875 0.0390625 0.03125
0 0.01796875 0.165625 0.0328125 0.053125
0 0.015625 0.5265625 0.025 0.059375
0 0.025 0.5703125 0.040625 0.03125
0 0.0453125 0.92734375 0.04375 0.0328125
0 0.5703125 0.86328125 0.025 0.0203125
0 0.57734375 0.90078125 0.0328125 0.0296875
0 0.54609375 0.95546875 0.0453125 0.0265625
0 0.63984375 0.96484375 0.0296875 0.0171875
0 0.66015625 0.9828125 0.0390625 0.034375
0 0.64609375 0.86171875 0.0359375 0.0390625
0 0.64765625 0.7984375 0.0296875 0.03125
0 0.5421875 0.778125 0.0375 0.034375
0 0.53828125 0.7328125 0.0359375 0.025
0 0.53515625 0.64140625 0.0390625 0.0421875
0 0.53515625 0.60859375 0.0203125 0.0265625
0 0.5453125 0.565625 0.028125 0.034375
0 0.759375 0.496875 0.040625 0.046875
0 0.8125 0.4671875 0.040625 0.028125
0 0.75546875 0.53984375 0.0359375 0.0359375
0 0.746875 0.58515625 0.0375 0.0328125
0 0.8109375 0.62265625 0.03125 0.0328125
0 0.82578125 0.690625 0.0234375 0.028125
0 0.8421875 0.73125 0.0375 0.046875
0 0.8421875 0.775 0.021875 0.028125
0 0.7703125 0.7375 0.03125 0.028125
0 0.7625 0.78125 0.025 0.03125
0 0.803125 0.35546875 0.028125 0.0265625
0 0.7234375 0.296875 0.04375 0.028125
0 0.71015625 0.26328125 0.0328125 0.0359375
0 0.70546875 0.20078125 0.0359375 0.0328125
0 0.80625 0.20703125 0.040625 0.0359375
0 0.8015625 0.15234375 0.021875 0.0203125
0 0.90625 0.1625 0.034375 0.040625
0 0.89453125 0.1203125 0.0234375 0.0375
0 0.98359375 0.090625 0.0328125 0.034375
0 0.90234375 0.04375 0.0265625 0.0375
0 0.98984375 0.23046875 0.0203125 0.0390625
0 0.3984375 0.0203125 0.04375 0.03125
0 0.3265625 0.02421875 0.0375 0.0390625
0 0.121875 0.15 0.046875 0.028125
0 0.1265625 0.1765625 0.0375 0.03125
