0 0.2109375 0.6234375 0.05 0.046875
0 0.7953125 0.2296875 0.04375 0.040625
0 0.90625 0.1640625 0.046875 0.040625
0 0.703125 0.115625 0.053125 0.046875
0 0.89375 0.53828125 0.046875 0.0453125
0 0.89921875 0.6265625 0.0390625 0.0375
0 0.81484375 0.85390625 0.0515625 0.0453125
0 0.7328125 0.95859375 0.05 0.0515625
0 0.12109375 0.040625 0.0484375 0.046875
0 0.72890625 0.865625 0.0484375 0.04375
0 0.72734375 0.5234375 0.0484375 0.040625
0 0.58125 0.1046875 0.040625 0.040625
0 0.21953125 0.0359375 0.0421875 0.04375
0 0.6921875 0.16640625 0.046875 0.0421875
0 0.91953125 0.584375 0.0421875 0.040625
0 0.70078125 0.56875 0.0515625 0.040625
0 0.02265625 0.26015625 0.0390625 0.0390625
0 0.721875 0.77578125 0.05 0.0421875
0 0.5984375 0.27265625 0.046875 0.0453125
0 0.7046875 0.24453125 0.04375 0.0390625
0 0.7046875 0.2859375 0.04375 0.040625
0 0.78359375 0.04765625 0.0484375 0.0484375
0 0.9 0.0484375 0.046875 0.040625
0 0.8984375 0.11796875 0.046875 0.0390625
0 0.2265625 0.83359375 0.05625 0.0515625
0 0.80234375 0.55078125 0.0546875 0.0515625
0 0.89140625 0.67421875 0.0453125 0.0453125
0 0.71484375 0.6078125 0.0578125 0.053125
0 0.21171875 0.53359375 0.0484375 0.0484375
0 0.15 0.253125 0.04375 0.040625
0 0.96171875 0.54375 0.0453125 0.04375
0 0.92109375 0.90859375 0.0390625 0.0359375
0 0.68359375 0.03203125 0.0578125 0.0515625
0 0.79921875 0.76796875 0.0609375 0.0578125
0 0.89140625 0.4765625 0.0421875 0.04375
0 0.21171875 0.21796875 0.0421875 0.0390625
0 0.0625 0.87109375 0.040625 0.0390625
0 0.5859375 0.15 0.0375 0.0375
0 0.725 0.696875 0.046875 0.04375
0 0.58203125 0.0265625 0.0515625 0.04375
0 0.6078125 0.68515625 0.046875 0.0421875
0 0.20390625 0.15859375 0.0484375 0.0421875
0 0.7953125 0.325 0.04375 0.0375
0 0.78515625 0.1015625 0.0390625 0.0375
0 0.2140625 0.72734375 0.06875 0.0671875
0 0.70390625 0.90703125 0.0515625 0.0453125
0 0.13984375 0.9640625 0.0453125 0.04375
0 0.8 0.15859375 0.040625 0.0390625
0 0.8 0.690625 0.059375 0.05625
0 0.50390625 0.203125 0.0359375 0.0375
0 0.7984375 0.27734375 0.034375 0.0359375
0 0.9734375 0.1546875 0.0375 0.040625
0 0.0375 0.73046875 0.0375 0.0359375
0 0.5921875 0.328125 0.046875 0.040625
0 0.79296875 0.5171875 0.0421875 0.0375
0 0.80859375 0.97734375 0.0421875 0.0328125
0 0.0375 0.58203125 0.034375 0.0390625
0 0.81796875 0.9328125 0.0640625 0.053125
0 0.97734375 0.62265625 0.0359375 0.0421875
0 0.9640625 0.0515625 0.046875 0.0375
0 0.7109375 0.3234375 0.040625 0.0375
0 0.24453125 0.79140625 0.0390625 0.0390625
0 0.134375 0.56796875 0.04375 0.0390625
0 0.721875 0.74453125 0.046875 0.0390625
0 0.19140625 0.0859375 0.0390625 0.0375
0 0.14609375 0.72421875 0.0390625 0.0421875
0 0.5859375 0.3734375 0.046875 0.04375
0 0.503125 0.24296875 0.040625 0.0390625
0 0.59375 0.23203125 0.0375 0.0328125
0 0.01953125 0.3109375 0.0359375 0.0375
0 0.88984375 0.21171875 0.0453125 0.0359375
0 0.9703125 0.79453125 0.040625 0.0453125
0 0.61328125 0.9625 0.0359375 0.034375
0 0.90078125 0.08203125 0.0484375 0.0359375
0 0.81171875 0.88984375 0.0390625 0.0328125
0 0.8890625 0.2578125 0.0375 0.034375
0 0.80390625 0.6515625 0.0390625 0.03125
0 0.95390625 0.9484375 0.0328125 0.03125
0 0.57109375 0.6109375 0.0296875 0.03125
0 0.153125 0.60625 0.034375 0.034375
0 0.13515625 0.6703125 0.0453125 0.0375
0 0.02109375 0.64140625 0.0296875 0.0359375
0 0.02890625 0.8328125 0.0296875 0.0375
0 0.128125 0.8390625 0.028125 0.040625
0 0.15625 0.7625 0.046875 0.034375
0 0.1453125 0.89375 0.0375 0.040625
0 0.21796875 0.90546875 0.0390625 0.0390625
0 0.03828125 0.9140625 0.0265625 0.05
0 0.03984375 0.97734375 0.0359375 0.0390625
0 0.61875 0.7625 0.028125 0.034375
0 0.915625 0.765625 0.034375 0.034375
0 0.98515625 0.7359375 0.0140625 0.0375
0 0.84609375 0.68671875 0.0453125 0.0515625
0 0.915625 0.83828125 0.034375 0.0359375
0 0.91953125 0.871875 0.0359375 0.03125
0 0.9828125 0.9453125 0.03125 0.04375
0 0.89921875 0.9875 0.0421875 0.025
0 0.621875 0.490625 0.04375 0.034375
0 0.9875 0.4890625 0.021875 0.04375
0 0.125 0.15078125 0.046875 0.0328125
0 0.05703125 0.18671875 0.0421875 0.0359375
0 0.040625 0.35 0.059375 0.0375
