0 0.09453125 0.96484375 0.0421875 0.0421875
0 0.6515625 0.2625 0.05 0.04375
0 0.90859375 0.0296875 0.0421875 0.040625
0 0.15078125 0.871875 0.0484375 0.04375
0 0.040625 0.08125 0.05 0.04375
0 0.1859375 0.928125 0.046875 0.04375
0 0.646875 0.14140625 0.05 0.0515625
0 0.0890625 0.8859375 0.04375 0.040625
0 0.453125 0.7234375 0.04375 0.04375
0 0.0796875 0.84140625 0.05 0.0453125
0 0.05625 0.6609375 0.053125 0.05
0 0.47734375 0.9078125 0.0578125 0.05
0 0.04609375 0.16015625 0.0453125 0.0390625
0 0.73828125 0.5078125 0.0546875 0.046875
0 0.1515625 0.78203125 0.05 0.0453125
0 0.07421875 0.79296875 0.0453125 0.0421875
0 0.478125 0.81875 0.05625 0.053125
0 0.12734375 0.16328125 0.0546875 0.0484375
0 0.74296875 0.709375 0.0453125 0.040625
0 0.0484375 0.45390625 0.053125 0.0484375
0 0.16328125 0.9703125 0.0484375 0.0375
0 0.13984375 0.2859375 0.0390625 0.0375
0 0.0703125 0.6234375 0.046875 0.04375
0 0.4546875 0.22890625 0.046875 0.0421875
0 0.06328125 0.21328125 0.0484375 0.0421875
0 0.278125 0.8515625 0.04375 0.040625
0 0.7421875 0.24296875 0.04375 0.0390625
0 0.1578125 0.57890625 0.046875 0.0421875
0 0.0609375 0.2984375 0.05 0.04375
0 0.73828125 0.584375 0.0359375 0.040625
0 0.1625 0.83203125 0.040625 0.0390625
0 0.1453125 0.33046875 0.04375 0.0390625
0 0.4640625 0.56015625 0.046875 0.0421875
0 0.27890625 0.753125 0.0390625 0.0375
0 0.54140625 0.190625 0.0390625 0.040625
0 0.27578125 0.28515625 0.0421875 0.0390625
0 0.15546875 0.73984375 0.0421875 0.0390625
0 0.80703125 0.09375 0.0453125 0.040625
0 0.259375 0.43828125 0.0375 0.0359375
0 0.27734375 0.90859375 0.0390625 0.0359375
0 0.153125 0.23671875 0.046875 0.0421875
0 0.1421875 0.6203125 0.0375 0.034375
0 0.05859375 0.49765625 0.0421875 0.0390625
0 0.2609375 0.678125 0.04375 0.040625
0 0.54140625 0.73359375 0.0453125 0.0421875
0 0.27109375 0.95 0.0390625 0.034375
0 0.9015625 0.12421875 0.04375 0.0453125
0 0.8296875 0.1703125 0.040625 0.040625
0 0.16328125 0.653125 0.0390625 0.0375
0 0.43125 0.06796875 0.0625 0.0578125
0 0.45390625 0.32421875 0.0671875 0.0640625
0 0.4578125 0.27109375 0.040625 0.0390625
0 0.04296875 0.25234375 0.0421875 0.0390625
0 0.7953125 0.03359375 0.04375 0.0421875
0 0.53203125 0.06875 0.0453125 0.04375
0 0.9109375 0.246875 0.05 0.053125
0 0.265625 0.55 0.040625 0.0375
0 0.84140625 0.25625 0.0390625 0.0375
0 0.4765625 0.9734375 0.040625 0.0375
0 0.14609375 0.45546875 0.0328125 0.0328125
0 0.15625 0.68828125 0.0375 0.0390625
0 0.128125 0.0796875 0.040625 0.0375
0 0.075 0.725 0.04375 0.040625
0 0.075 0.746875 0.04375 0.0375
0 0.5296875 0.27421875 0.04375 0.0453125
0 0.059375 0.5546875 0.034375 0.034375
0 0.353125 0.79140625 0.0375 0.0359375
0 0.13828125 0.50234375 0.0359375 0.0328125
0 0.84765625 0.6015625 0.0328125 0.0375
0 0.6515625 0.09140625 0.040625 0.0359375
0 0.471875 0.78203125 0.034375 0.0296875
0 0.6515625 0.20625 0.040625 0.040625
0 0.2421875 0.1703125 0.04375 0.040625
0 0.9078125 0.0765625 0.040625 0.040625
0 0.32578125 0.16953125 0.0296875 0.0265625
0 0.34765625 0.2390625 0.0328125 0.025
0 0.35703125 0.26875 0.0390625 0.028125
0 0.36875 0.303125 0.040625 0.03125
0 0.26328125 0.22734375 0.0421875 0.0421875
0 0.31875 0.078125 0.034375 0.04375
0 0.265625 0.040625 0.034375 0.034375
0 0.215625 0.04921875 0.046875 0.0421875
0 0.0609375 0.02890625 0.0625 0.0328125
0 0.24140625 0.328125 0.0453125 0.034375
0 0.73984375 0.140625 0.0546875 0.046875
0 0.71484375 0.19609375 0.0359375 0.0421875
0 0.921875 0.18203125 0.059375 0.0359375
0 0.69765625 0.03046875 0.0421875 0.0359375
0 0.4453125 0.0109375 0.05 0.01875
0 0.64375 0.034375 0.053125 0.034375
0 0.3546875 0.465625 0.0375 0.028125
0 0.33203125 0.6328125 0.0296875 0.0375
0 0.36328125 0.67421875 0.0421875 0.0296875
0 0.3765625 0.70703125 0.03125 0.0296875
0 0.33671875 0.7453125 0.0359375 0.0375
0 0.34453125 0.84375 0.0359375 0.028125
0 0.353125 0.91171875 0.028125 0.0296875
0 0.26953125 0.81484375 0.0390625 0.0328125
0 0.55546875 0.78671875 0.0453125 0.0265625
0 0.25 0.590625 0.028125 0.028125
0 0.2609375 0.71953125 0.05 0.0296875
0 0.73203125 0.7765625 0.0234375 0.025
0 0.7609375 0.9015625 0.04375 0.03125
0 0.96171875 0.62578125 0.0296875 0.0328125
0 0.96953125 0.584375 0.0359375 0.028125
0 0.92578125 0.48515625 0.0296875 0.0296875
0 0.80390625 0.4875 0.0296875 0.034375
0 0.86171875 0.4375 0.0421875 0.034375
0 0.9453125 0.9859375 0.0375 0.025
