0 0.678125 0.08203125 0.05 0.0484375
0 0.1671875 0.90859375 0.05 0.0453125
0 0.23515625 0.72109375 0.0453125 0.0390625
0 0.315625 0.14296875 0.04375 0.0421875
0 0.15390625 0.58359375 0.0453125 0.0421875
0 0.9140625 0.6390625 0.05 0.05
0 0.63125 0.76640625 0.04375 0.0421875
0 0.36484375 0.84375 0.0421875 0.04375
0 0.37421875 0.0203125 0.0515625 0.0375
0 0.13984375 0.4625 0.0359375 0.0375
0 0.6953125 0.01953125 0.05 0.0359375
0 0.97890625 0.74296875 0.0359375 0.0421875
0 0.04140625 0.82265625 0.0453125 0.0453125
0 0.16953125 0.86015625 0.0421875 0.0390625
0 0.25078125 0.9484375 0.0390625 0.040625
0 0.54296875 0.58828125 0.0421875 0.0390625
0 0.153125 0.6828125 0.0375 0.0375
0 0.19453125 0.37109375 0.0421875 0.0359375
0 0.9265625 0.49453125 0.0375 0.0390625
0 0.2 0.4109375 0.034375 0.0375
0 0.5796875 0.96875 0.04375 0.040625
0 0.6828125 0.14453125 0.0375 0.0390625
0 0.51015625 0.38359375 0.0515625 0.0390625
0 0.91796875 0.57109375 0.0359375 0.0359375
0 0.14765625 0.51171875 0.0359375 0.0359375
0 0.75859375 0.94453125 0.0359375 0.0390625
0 0.2546875 0.77265625 0.03125 0.0328125
0 0.05 0.89375 0.040625 0.040625
0 0.01640625 0.10703125 0.0296875 0.0359375
0 0.04296875 0.77421875 0.0328125 0.0359375
0 0.8015625 0.60703125 0.04375 0.0484375
0 0.60390625 0.60390625 0.0421875 0.0421875
0 0.3265625 0.4890625 0.03125 0.034375
0 0.36953125 0.43203125 0.0390625 0.0328125
0 0.32421875 0.44140625 0.0359375 0.0296875
0 0.31796875 0.36171875 0.0359375 0.0328125
0 0.21875 0.528125 0.040625 0.040625
0 0.18984375 0.13046875 0.0296875 0.0328125
0 0.19453125 0.04140625 0.0296875 0.0140625
0 0.2015625 0.06953125 0.025 0.0265625
0 0.2984375 0.0625 0.03125 0.028125
0 0.29765625 0.02109375 0.0390625 0.0234375
0 0.29609375 0.10859375 0.0328125 0.0203125
0 0.12109375 0.39140625 0.0359375 0.0390625
0 0.15625 0.640625 0.046875 0.04375
0 0.2203125 0.63125 0.034375 0.028125
0 0.20703125 0.66796875 0.0390625 0.0328125
0 0.2375 0.81171875 0.034375 0.0390625
0 0.2453125 0.88125 0.03125 0.028125
0 0.175 0.97109375 0.034375 0.0359375
0 0.03671875 0.95703125 0.0328125 0.0515625
0 0.0625 0.98515625 0.028125 0.0296875
0 0.021875 0.70546875 0.034375 0.0421875
0 0.03671875 0.5375 0.0421875 0.03125
0 0.0328125 0.56875 0.025 0.028125
0 0.02109375 0.60703125 0.0234375 0.0234375
0 0.34921875 0.5203125 0.0328125 0.0375
0 0.4125 0.51796875 0.040625 0.0390625
0 0.39765625 0.61328125 0.0296875 0.0359375
0 0.36171875 0.80546875 0.0515625 0.0453125
0 0.4375 0.840625 0.0375 0.040625
0 0.36328125 0.88671875 0.0390625 0.0296875
0 0.440625 0.928125 0.03125 0.0375
0 0.38984375 0.98671875 0.0453125 0.0265625
0 0.26171875 0.98828125 0.0328125 0.0234375
0 0.56796875 0.87734375 0.0390625 0.0390625
0 0.5734375 0.82421875 0.0375 0.0328125
0 0.57734375 0.790625 0.0328125 0.021875
0 0.634375 0.825 0.040625 0.028125
0 0.78203125 0.875 0.0390625 0.028125
0 0.55546875 0.74921875 0.0328125 0.0234375
0 0.5625 0.70859375 0.034375 0.0265625
0 0.61640625 0.715625 0.0328125 0.028125
0 0.603125 0.6703125 0.040625 0.03125
0 0.78671875 0.55 0.0328125 0.028125
0 0.79140625 0.49609375 0.0328125 0.0328125
0 0.7296875 0.49296875 0.04375 0.0328125
0 0.7265625 0.40703125 0.03125 0.0359375
0 0.71953125 0.44921875 0.0421875 0.0359375
0 0.5984375 0.41953125 0.025 0.0328125
0 0.5875 0.3875 0.028125 0.028125
0 0.5921875 0.50390625 0.0375 0.0328125
0 0.60625 0.540625 0.034375 0.028125
0 0.5484375 0.55 0.0375 0.028125
0 0.2703125 0.71953125 0.0375 0.0328125
0 0.37421875 0.725 0.0296875 0.028125
0 0.36328125 0.75625 0.0359375 0.028125
0 0.98125 0.83359375 0.034375 0.0328125
0 0.98515625 0.859375 0.0296875 0.03125
0 0.98515625 0.94609375 0.0296875 0.0296875
0 0.98203125 0.98046875 0.0359375 0.0390625
0 0.89609375 0.85078125 0.0359375 0.0421875
0 0.77890625 0.43203125 0.0328125 0.0234375
0 0.71875 0.59609375 0.040625 0.0296875
0 0.72109375 0.628125 0.0359375 0.034375
0 0.7859375 0.66875 0.03125 0.025
0 0.8859375 0.09296875 0.0375 0.0359375
0 0.89375 0.05078125 0.028125 0.0265625
0 0.9640625 0.0953125 0.0375 0.0375
0 0.96953125 0.03984375 0.0390625 0.0328125
0 0.86875 0.18125 0.04375 0.040625
0 0.725 0.15390625 0.034375 0.0359375
0 0.5765625 0.125 0.03125 0.034375
0 0.49453125 0.13125 0.0328125 0.034375
0 0.21171875 0.45859375 0.0359375 0.0296875
0 0.40625 0.3765625 0.034375 0.03125
0 0.3734375 0.47578125 0.04375 0.0265625
0 0.165625 0.75234375 0.040625 0.0453125
0 0.15390625 0.82265625 0.0453125 0.0359375
0 0.36796875 0.67578125 0.0421875 0.0390625
0 0.5734375 0.065625 0.0375 0.034375
0 0.5640625 0.025 0.0375 0.028125
