0 0.61640625 0.028125 0.0484375 0.05
0 0.52578125 0.10625 0.0484375 0.05
0 0.95859375 0.7109375 0.0515625 0.046875
0 0.04140625 0.50390625 0.0453125 0.0390625
0 0.6265625 0.51640625 0.04375 0.0453125
0 0.053125 0.46484375 0.040625 0.0390625
0 0.80390625 0.234375 0.0515625 0.05
0 0.928125 0.52578125 0.05625 0.0484375
0 0.834375 0.7671875 0.046875 0.040625
0 0.45546875 0.88671875 0.0421875 0.0421875
0 0.81640625 0.4203125 0.0484375 0.046875
0 0.5265625 0.053125 0.05 0.04375
0 0.9296875 0.6203125 0.05625 0.046875
0 0.5546875 0.68515625 0.05625 0.0546875
0 0.63046875 0.571875 0.0484375 0.05
0 0.75078125 0.7828125 0.0609375 0.046875
0 0.821875 0.546875 0.053125 0.046875
0 0.928125 0.66328125 0.059375 0.0515625
0 0.9484375 0.8265625 0.053125 0.05
0 0.64453125 0.8015625 0.0515625 0.053125
0 0.93359375 0.575 0.0546875 0.046875
0 0.2125 0.11484375 0.04375 0.0421875
0 0.54921875 0.478125 0.0421875 0.040625
0 0.740625 0.4703125 0.040625 0.040625
0 0.61328125 0.40546875 0.0390625 0.0421875
0 0.75 0.73671875 0.053125 0.0453125
0 0.82578125 0.67421875 0.0546875 0.0546875
0 0.73671875 0.6421875 0.0484375 0.04375
0 0.82109375 0.60234375 0.0515625 0.0421875
0 0.43828125 0.51640625 0.0546875 0.0515625
0 0.35625 0.4296875 0.046875 0.04375
0 0.9328125 0.95859375 0.053125 0.0484375
0 0.54765625 0.52109375 0.0453125 0.0453125
0 0.53359375 0.1734375 0.0453125 0.046875
0 0.725 0.20625 0.046875 0.046875
0 0.52421875 0.21640625 0.0421875 0.0421875
0 0.42890625 0.44296875 0.0421875 0.0515625
0 0.059375 0.5390625 0.04375 0.040625
0 0.7546875 0.525 0.05 0.046875
0 0.63984375 0.71953125 0.0359375 0.0390625
0 0.9296875 0.4625 0.05625 0.059375
0 0.92578125 0.27578125 0.0765625 0.0640625
0 0.6578125 0.884375 0.05625 0.053125
0 0.7515625 0.6828125 0.04375 0.0375
0 0.61796875 0.125 0.0640625 0.05625
0 0.55703125 0.63359375 0.0421875 0.0421875
0 0.73671875 0.58984375 0.0453125 0.0421875
0 0.415625 0.21953125 0.04375 0.0421875
0 0.4390625 0.8390625 0.04375 0.04375
0 0.32890625 0.0625 0.0453125 0.046875
0 0.75234375 0.93671875 0.0453125 0.0390625
0 0.33984375 0.2421875 0.0390625 0.040625
0 0.83515625 0.81171875 0.0453125 0.0453125
0 0.36796875 0.63203125 0.0484375 0.0421875
0 0.425 0.29453125 0.0625 0.0609375
0 0.07578125 0.75859375 0.0390625 0.0359375
0 0.22421875 0.07578125 0.0421875 0.0359375
0 0.37578125 0.83125 0.0453125 0.0375
0 0.77265625 0.8921875 0.0484375 0.040625
0 0.94140625 0.8984375 0.0578125 0.05
0 0.03515625 0.17890625 0.0421875 0.0390625
0 0.225 0.25859375 0.0375 0.0359375
0 0.321875 0.18203125 0.05 0.0421875
0 0.23203125 0.803125 0.0453125 0.0375
0 0.6421875 0.96015625 0.046875 0.0484375
0 0.1859375 0.69375 0.04375 0.040625
0 0.01640625 0.02265625 0.0296875 0.0296875
0 0.06796875 0.6796875 0.0390625 0.034375
0 0.73984375 0.425 0.0421875 0.040625
0 0.13125 0.115625 0.040625 0.0375
0 0.8296875 0.47265625 0.053125 0.0453125
0 0.6453125 0.76875 0.0375 0.034375
0 0.921875 0.09453125 0.0625 0.0609375
0 0.72109375 0.0421875 0.0390625 0.0375
0 0.3546875 0.45625 0.0375 0.034375
0 0.64140625 0.66640625 0.0359375 0.0390625
0 0.45703125 0.9359375 0.0515625 0.04375
0 0.9453125 0.8796875 0.05625 0.053125
0 0.95859375 0.7671875 0.0578125 0.059375
0 0.32890625 0.3015625 0.0546875 0.0375
0 0.225 0.0296875 0.040625 0.025
0 0.04921875 0.1375 0.0359375 0.028125
0 0.03046875 0.10078125 0.0359375 0.0328125
0 0.165625 0.5703125 0.034375 0.03125
0 0.16953125 0.60234375 0.0328125 0.0359375
0 0.2328125 0.59453125 0.03125 0.0328125
0 0.23828125 0.6359375 0.0390625 0.03125
0 0.1609375 0.5171875 0.0375 0.03125
0 0.16015625 0.48671875 0.0296875 0.0265625
0 0.1734375 0.43203125 0.0375 0.0421875
0 0.23984375 0.4765625 0.0296875 0.03125
0 0.0515625 0.61171875 0.0375 0.0421875
0 0.07109375 0.83984375 0.0296875 0.0328125
0 0.08671875 0.87734375 0.0296875 0.0328125
0 0.08828125 0.92578125 0.0265625 0.0390625
0 0.046875 0.9734375 0.053125 0.0375
0 0.2828125 0.8484375 0.03125 0.03125
0 0.26640625 0.8703125 0.0328125 0.03125
0 0.2625 0.9171875 0.028125 0.0375
0 0.17890625 0.80625 0.0328125 0.028125
0 0.3703125 0.97421875 0.034375 0.0421875
0 0.44765625 0.78828125 0.0421875 0.0234375
0 0.39375 0.79296875 0.04375 0.0234375
0 0.4515625 0.7640625 0.040625 0.03125
0 0.4515625 0.7234375 0.034375 0.034375
0 0.43359375 0.678125 0.0390625 0.034375
0 0.36640625 0.59453125 0.0265625 0.0234375
0 0.3484375 0.55703125 0.03125 0.0390625
0 0.3625 0.50859375 0.03125 0.0265625
0 0.4375 0.578125 0.034375 0.040625
0 0.36875 0.69140625 0.028125 0.0296875
0 0.34609375 0.7203125 0.0203125 0.021875
0 0.56953125 0.859375 0.0265625 0.028125
0 0.9046875 0.02578125 0.0375 0.0328125
0 0.43203125 0.09140625 0.0359375 0.0296875
0 0.403125 0.14765625 0.034375 0.0265625
0 0.39921875 0.17890625 0.0359375 0.0265625
0 0.409375 0.05234375 0.0375 0.0296875
0 0.4359375 0.0109375 0.03125 0.01875
0 0.34609375 0.1390625 0.0546875 0.03125
0 0.240625 0.3140625 0.040625 0.0375
0 0.81953125 0.09453125 0.0453125 0.0265625
0 0.80390625 0.1328125 0.0515625 0.04375
