0 0.19296875 0.34453125 0.0515625 0.0453125
0 0.59296875 0.21953125 0.0484375 0.0484375
0 0.5015625 0.81484375 0.046875 0.0421875
0 0.26796875 0.56484375 0.0484375 0.0453125
0 0.85234375 0.159375 0.0453125 0.04375
0 0.2 0.1234375 0.046875 0.046875
0 0.21171875 0.65078125 0.0515625 0.0484375
0 0.671875 0.33046875 0.04375 0.0453125
0 0.27578125 0.12578125 0.0453125 0.0421875
0 0.48515625 0.72109375 0.0453125 0.0390625
0 0.275 0.2890625 0.046875 0.046875
0 0.27890625 0.61171875 0.0515625 0.0515625
0 0.19921875 0.5703125 0.0453125 0.040625
0 0.20546875 0.78203125 0.0453125 0.0421875
0 0.4734375 0.671875 0.05625 0.05
0 0.190625 0.51640625 0.05 0.0484375
0 0.30859375 0.8953125 0.0546875 0.046875
0 0.409375 0.87578125 0.053125 0.0453125
0 0.66796875 0.08125 0.0546875 0.053125
0 0.2875 0.9734375 0.046875 0.040625
0 0.2109375 0.903125 0.053125 0.05
0 0.56953125 0.0546875 0.0453125 0.04375
0 0.78984375 0.31875 0.0515625 0.04375
0 0.40546875 0.7578125 0.0453125 0.040625
0 0.021875 0.584375 0.040625 0.040625
0 0.3 0.80390625 0.046875 0.0484375
0 0.47265625 0.60390625 0.0484375 0.0546875
0 0.6609375 0.27265625 0.040625 0.0421875
0 0.3953125 0.58203125 0.046875 0.0453125
0 0.3703125 0.10625 0.040625 0.04375
0 0.19609375 0.18515625 0.0421875 0.0453125
0 0.38828125 0.653125 0.0484375 0.05
0 0.46171875 0.54765625 0.0390625 0.0390625
0 0.478125 0.7640625 0.04375 0.040625
0 0.6640625 0.725 0.04375 0.040625
0 0.27421875 0.759375 0.0515625 0.05
0 0.97578125 0.8421875 0.0421875 0.05
0 0.2078125 0.06328125 0.046875 0.0484375
0 0.09453125 0.7296875 0.0390625 0.040625
0 0.290625 0.71796875 0.04375 0.0421875
0 0.6609375 0.2125 0.046875 0.04375
0 0.103125 0.88515625 0.04375 0.0421875
0 0.02265625 0.90859375 0.0359375 0.0359375
0 0.7609375 0.0296875 0.046875 0.040625
0 0.08125 0.62109375 0.05 0.0453125
0 0.49453125 0.94609375 0.0515625 0.0484375
0 0.20390625 0.6046875 0.0421875 0.0375
0 0.20859375 0.971875 0.0484375 0.0375
0 0.06171875 0.54375 0.0453125 0.04375
0 0.9625 0.19296875 0.046875 0.0421875
0 0.2046875 0.29921875 0.04375 0.0421875
0 0.96171875 0.159375 0.0515625 0.040625
0 0.27109375 0.19375 0.0484375 0.046875
0 0.5734375 0.01640625 0.046875 0.0296875
0 0.85859375 0.209375 0.0515625 0.05
0 0.075 0.1546875 0.04375 0.040625
0 0.18515625 0.246875 0.0421875 0.040625
0 0.41484375 0.93046875 0.0421875 0.0390625
0 0.68671875 0.66953125 0.0515625 0.0453125
0 0.08515625 0.66171875 0.0421875 0.0390625
0 0.1109375 0.85703125 0.046875 0.0421875
0 0.6140625 0.80703125 0.05 0.0578125
0 0.60078125 0.62578125 0.0609375 0.0546875
0 0.29609375 0.08671875 0.0421875 0.0390625
0 0.1 0.93515625 0.04375 0.0390625
0 0.2078125 0.70625 0.053125 0.046875
0 0.6828125 0.4078125 0.040625 0.0375
0 0.3640625 0.3203125 0.05 0.04375
0 0.28125 0.93671875 0.04375 0.0390625
0 0.125 0.68984375 0.040625 0.0359375
0 0.39453125 0.96953125 0.0453125 0.0359375
0 0.26796875 0.059375 0.0390625 0.034375
0 0.0734375 0.79453125 0.046875 0.0453125
0 0.971875 0.25078125 0.0375 0.0421875
0 0.28203125 0.34765625 0.0359375 0.0390625
0 0.0546875 0.94765625 0.034375 0.0328125
0 0.38671875 0.46015625 0.0421875 0.0453125
0 0.684375 0.17578125 0.040625 0.0359375
0 0.25078125 0.85703125 0.0453125 0.0421875
0 0.48515625 0.0796875 0.0359375 0.0375
0 0.065625 0.05 0.05 0.040625
0 0.45 0.5125 0.04375 0.0375
0 0.3046875 0.85703125 0.046875 0.0359375
0 0.2140625 0.7265625 0.053125 0.046875
0 0.0859375 0.31796875 0.04375 0.0421875
0 0.85546875 0.103125 0.0453125 0.040625
0 0.2140625 0.81796875 0.040625 0.0359375
0 0.69765625 0.75078125 0.0515625 0.0421875
0 0.95390625 0.025 0.0453125 0.0375
0 0.4765625 0.32890625 0.040625 0.0390625
0 0.390625 0.52109375 0.05 0.0421875
0 0.384375 0.1703125 0.0375 0.01875
0 0.3953125 0.19609375 0.025 0.0265625
0 0.4796875 0.2125 0.04375 0.025
0 0.36796875 0.7125 0.0328125 0.03125
0 0.403125 0.7171875 0.034375 0.025
0 0.690625 0.503125 0.0375 0.03125
0 0.9734375 0.515625 0.03125 0.034375
0 0.984375 0.559375 0.025 0.0375
0 0.9734375 0.65703125 0.034375 0.0265625
0 0.9828125 0.709375 0.03125 0.040625
0 0.99140625 0.76015625 0.0171875 0.0296875
0 0.26484375 0.509375 0.0328125 0.028125
0 0.09609375 0.48203125 0.0265625 0.0359375
0 0.96328125 0.29765625 0.0296875 0.0328125
0 0.875 0.296875 0.034375 0.028125
0 0.79609375 0.1453125 0.0296875 0.0375
0 0.4734375 0.1328125 0.0375 0.03125
0 0.50078125 0.18046875 0.0265625 0.0234375
0 0.0203125 0.8453125 0.0375 0.03125
0 0.4921875 0.8796875 0.04375 0.03125
0 0.4671875 0.0359375 0.0375 0.03125
0 0.390625 0.0125 0.040625 0.021875
0 0.10546875 0.21171875 0.0515625 0.0484375
0 0.015625 0.0640625 0.028125 0.03125
0 0.01796875 0.75703125 0.0328125 0.0234375
0 0.97109375 0.08515625 0.0328125 0.0296875
0 0.965625 0.125 0.0375 0.021875
0 0.9875 0.3359375 0.025 0.0375
0 0.9109375 0.7875 0.025 0.028125
0 0.1875 0.0203125 0.053125 0.03125
0 0.27890625 0.0125 0.0328125 0.021875
0 0.34140625 0.065625 0.0328125 0.021875
0 0.79140625 0.2734375 0.0421875 0.03125
0 0.0109375 0.628125 0.01875 0.03125
0 0.828125 0.98515625 0.046875 0.0234375
