0 0.30546875 0.80390625 0.0484375 0.0453125
0 0.190625 0.68984375 0.05 0.0453125
0 0.07109375 0.7078125 0.0484375 0.046875
0 0.5078125 0.96171875 0.04375 0.0421875
0 0.2796875 0.9453125 0.040625 0.040625
0 0.28203125 0.1484375 0.0484375 0.046875
0 0.4765625 0.52109375 0.053125 0.0484375
0 0.28125 0.5546875 0.04375 0.04375
0 0.184375 0.56640625 0.046875 0.0421875
0 0.47734375 0.85546875 0.0484375 0.0484375
0 0.0875 0.9078125 0.04375 0.040625
0 0.21328125 0.81328125 0.0453125 0.0421875
0 0.47421875 0.765625 0.0578125 0.05
0 0.4859375 0.59921875 0.05 0.0546875
0 0.0859375 0.9578125 0.05625 0.05
0 0.48984375 0.81328125 0.0546875 0.0453125
0 0.0703125 0.49296875 0.053125 0.0515625
0 0.3765625 0.415625 0.04375 0.040625
0 0.37578125 0.465625 0.0515625 0.05
0 0.9671875 0.1421875 0.04375 0.040625
0 0.2109375 0.759375 0.04375 0.04375
0 0.42109375 0.86484375 0.0515625 0.0546875
0 0.25546875 0.0703125 0.0453125 0.040625
0 0.28046875 0.67421875 0.0390625 0.0390625
0 0.1875 0.8546875 0.05 0.04375
0 0.19609375 0.9 0.0421875 0.040625
0 0.0390625 0.13359375 0.04375 0.0421875
0 0.19453125 0.47109375 0.0453125 0.0421875
0 0.475 0.39453125 0.04375 0.0421875
0 0.39375 0.94453125 0.046875 0.0421875
0 0.20078125 0.6421875 0.0640625 0.053125
0 0.40703125 0.6078125 0.0484375 0.04375
0 0.4140625 0.54453125 0.046875 0.0421875
0 0.80078125 0.93203125 0.0421875 0.0390625
0 0.2046875 0.15078125 0.040625 0.0390625
0 0.20390625 0.9546875 0.0421875 0.040625
0 0.3796875 0.11328125 0.040625 0.0390625
0 0.96953125 0.38828125 0.0421875 0.0515625
0 0.04140625 0.175 0.0421875 0.0375
0 0.96640625 0.21328125 0.0390625 0.0421875
0 0.77890625 0.08046875 0.0453125 0.0421875
0 0.17890625 0.17421875 0.0453125 0.0359375
0 0.06015625 0.6453125 0.0484375 0.046875
0 0.8734375 0.86796875 0.040625 0.0359375
0 0.05 0.0484375 0.04375 0.0375
0 0.86875 0.80703125 0.034375 0.0390625
0 0.40234375 0.64609375 0.0390625 0.0359375
0 0.26796875 0.6109375 0.0328125 0.0375
0 0.47265625 0.34609375 0.0453125 0.0453125
0 0.1921875 0.978125 0.040625 0.03125
0 0.06640625 0.55859375 0.0453125 0.0484375
0 0.97578125 0.51796875 0.0359375 0.0390625
0 0.28515625 0.75234375 0.0421875 0.0453125
0 0.49453125 0.92421875 0.0453125 0.0421875
0 0.184375 0.35 0.034375 0.034375
0 0.48203125 0.69609375 0.0390625 0.0421875
0 0.9484375 0.02265625 0.040625 0.0359375
0 0.428125 0.92890625 0.0375 0.0359375
0 0.378125 0.57890625 0.04375 0.0390625
0 0.8921875 0.9828125 0.040625 0.025
0 0.19296875 0.42890625 0.0359375 0.0359375
0 0.703125 0.85390625 0.034375 0.0359375
0 0.39296875 0.35234375 0.0515625 0.0453125
0 0.39921875 0.78125 0.0671875 0.0625
0 0.81328125 0.84765625 0.0359375 0.0390625
0 0.81484375 0.76015625 0.0296875 0.0296875
0 0.8796875 0.5921875 0.03125 0.03125
0 0.98515625 0.5734375 0.0296875 0.04375
0 0.98203125 0.61875 0.0359375 0.046875
0 0.48984375 0.4796875 0.0265625 0.03125
0 0.29453125 0.89140625 0.0328125 0.0328125
0 0.103125 0.79453125 0.0375 0.0421875
0 0.096875 0.84609375 0.03125 0.0421875
0 0.39140625 0.98671875 0.0515625 0.0265625
0 0.2953125 0.99140625 0.04375 0.0171875
0 0.015625 0.94921875 0.028125 0.0390625
0 0.0203125 0.86171875 0.034375 0.0421875
0 0.83125 0.15859375 0.034375 0.0234375
0 0.859375 0.18125 0.034375 0.021875
0 0.853125 0.21640625 0.034375 0.0265625
0 0.84453125 0.1171875 0.0359375 0.04375
0 0.834375 0.075 0.053125 0.028125
0 0.9609375 0.0734375 0.040625 0.0375
0 0.959375 0.10859375 0.0375 0.0296875
0 0.8390625 0.025 0.034375 0.0375
