0 0.91171875 0.53203125 0.0453125 0.0421875
0 0.18984375 0.02421875 0.0484375 0.0453125
0 0.9265625 0.675 0.05 0.04375
0 0.5859375 0.0640625 0.046875 0.04375
0 0.14140625 0.73515625 0.0421875 0.0421875
0 0.40234375 0.215625 0.0453125 0.046875
0 0.04453125 0.74375 0.0484375 0.04375
0 0.39921875 0.03046875 0.0484375 0.0484375
0 0.803125 0.42890625 0.040625 0.0390625
0 0.9046875 0.13046875 0.040625 0.0359375
0 0.34296875 0.53828125 0.0484375 0.0453125
0 0.2046875 0.10390625 0.040625 0.0390625
0 0.20859375 0.6390625 0.0515625 0.046875
0 0.51640625 0.1796875 0.0453125 0.04375
0 0.9203125 0.6265625 0.04375 0.040625
0 0.92734375 0.584375 0.0421875 0.0375
0 0.78359375 0.1359375 0.0421875 0.04375
0 0.965625 0.08046875 0.04375 0.0484375
0 0.39375 0.15546875 0.04375 0.0453125
0 0.421875 0.62578125 0.04375 0.0390625
0 0.91796875 0.4046875 0.0390625 0.040625
0 0.01875 0.1859375 0.034375 0.0375
0 0.9046875 0.05703125 0.04375 0.0390625
0 0.5859375 0.1109375 0.04375 0.040625
0 0.90078125 0.46015625 0.0515625 0.0484375
0 0.915625 0.2265625 0.046875 0.04375
0 0.0265625 0.66328125 0.040625 0.0390625
0 0.71171875 0.48515625 0.0515625 0.0515625
0 0.928125 0.71875 0.040625 0.0375
0 0.02265625 0.23828125 0.0359375 0.0390625
0 0.3515625 0.75234375 0.04375 0.0421875
0 0.34453125 0.89609375 0.0484375 0.0390625
0 0.7890625 0.38515625 0.040625 0.0421875
0 0.034375 0.95 0.04375 0.04375
0 0.41328125 0.40546875 0.0453125 0.0390625
0 0.81953125 0.66953125 0.0421875 0.0359375
0 0.1375 0.203125 0.04375 0.0375
0 0.7890625 0.50546875 0.05 0.0421875
0 0.7921875 0.59140625 0.046875 0.0390625
0 0.9234375 0.4921875 0.040625 0.034375
0 0.79140625 0.209375 0.0421875 0.04375
0 0.74765625 0.84453125 0.0453125 0.0453125
0 0.9265625 0.80703125 0.05 0.0546875
0 0.0125 0.5046875 0.021875 0.0375
0 0.69453125 0.028125 0.0359375 0.0375
0 0.34765625 0.82265625 0.0359375 0.0328125
0 0.73203125 0.603125 0.0390625 0.040625
0 0.1953125 0.5109375 0.04375 0.040625
0 0.128125 0.44453125 0.04375 0.0421875
0 0.8234375 0.63515625 0.046875 0.0421875
0 0.20703125 0.59375 0.0453125 0.040625
0 0.1203125 0.028125 0.0375 0.0375
0 0.9796875 0.4921875 0.034375 0.04375
0 0.028125 0.7875 0.0375 0.0375
0 0.51953125 0.03515625 0.0390625 0.0390625
0 0.14765625 0.86171875 0.0390625 0.0359375
0 0.971875 0.16875 0.0375 0.040625
0 0.81484375 0.7484375 0.0359375 0.034375
0 0.9015625 0.09921875 0.046875 0.0390625
0 0.8 0.46875 0.034375 0.034375
0 0.2265625 0.9 0.040625 0.040625
0 0.3109375 0.1625 0.03125 0.034375
0 0.81015625 0.5375 0.0359375 0.034375
0 0.0375 0.89609375 0.0375 0.0359375
0 0.73359375 0.64765625 0.0296875 0.0328125
0 0.7578125 0.9375 0.040625 0.0375
0 0.2203125 0.55 0.034375 0.034375
0 0.76796875 0.97890625 0.0390625 0.0296875
0 0.20546875 0.2515625 0.0421875 0.040625
0 0.32421875 0.37265625 0.0546875 0.0640625
0 0.321875 0.47578125 0.053125 0.0390625
0 0.41328125 0.4828125 0.0421875 0.03125
0 0.33125 0.62890625 0.034375 0.0546875
0 0.13125 0.60859375 0.028125 0.0328125
0 0.13125 0.11953125 0.034375 0.0390625
0 0.11171875 0.0734375 0.0328125 0.025
0 0.1921875 0.14921875 0.025 0.0234375
0 0.228125 0.1703125 0.028125 0.025
0 0.19609375 0.20625 0.0296875 0.028125
0 0.125 0.2609375 0.034375 0.04375
0 0.30859375 0.0625 0.0265625 0.025
0 0.40625 0.10859375 0.03125 0.0390625
0 0.01640625 0.096875 0.0296875 0.040625
0 0.5078125 0.23515625 0.03125 0.0390625
0 0.734375 0.23125 0.03125 0.034375
0 0.8828125 0.171875 0.028125 0.03125
0 0.9890625 0.11796875 0.021875 0.0328125
0 0.7140625 0.0703125 0.028125 0.04375
0 0.7796875 0.08828125 0.03125 0.0265625
0 0.784375 0.009375 0.0375 0.015625
0 0.73203125 0.42265625 0.0234375 0.0515625
0 0.90625 0.3671875 0.028125 0.03125
0 0.9875 0.35234375 0.021875 0.0390625
0 0.98671875 0.41484375 0.0265625 0.0453125
0 0.9859375 0.58515625 0.025 0.0390625
0 0.95 0.9234375 0.034375 0.03125
0 0.92109375 0.88515625 0.0359375 0.0296875
0 0.9328125 0.75625 0.04375 0.028125
0 0.95078125 0.9671875 0.0328125 0.040625
0 0.81484375 0.8421875 0.0171875 0.021875
0 0.8328125 0.88359375 0.040625 0.0296875
0 0.8390625 0.93515625 0.0375 0.0234375
0 0.8234375 0.7859375 0.0375 0.028125
0 0.74765625 0.7578125 0.0203125 0.0375
0 0.74453125 0.69453125 0.0359375 0.0234375
0 0.7453125 0.79453125 0.040625 0.0234375
0 0.76015625 0.88359375 0.0234375 0.0296875
0 0.740625 0.5578125 0.034375 0.0375
0 0.7359375 0.52734375 0.025 0.0265625
0 0.4078125 0.82890625 0.0375 0.0296875
0 0.44296875 0.8625 0.0265625 0.028125
0 0.46875 0.8015625 0.028125 0.03125
0 0.43046875 0.9171875 0.0265625 0.025
0 0.15078125 0.77265625 0.0328125 0.0265625
0 0.14375 0.81171875 0.025 0.0359375
0 0.053125 0.828125 0.034375 0.028125
0 0.0453125 0.8578125 0.040625 0.01875
0 0.13984375 0.57109375 0.0390625 0.0234375
0 0.221875 0.42578125 0.040625 0.0234375
0 0.1453125 0.5328125 0.0375 0.046875
0 0.0296875 0.4203125 0.03125 0.04375
0 0.0390625 0.51875 0.03125 0.034375
0 0.0125 0.6125 0.021875 0.034375
0 0.13203125 0.1578125 0.0359375 0.03125
0 0.0140625 0.0546875 0.025 0.028125
0 0.590625 0.23125 0.046875 0.040625
0 0.509375 0.0875 0.028125 0.034375
0 0.77734375 0.05234375 0.0203125 0.0328125
