0 0.6921875 0.459375 0.05 0.04375
0 0.9328125 0.3859375 0.053125 0.05
0 0.4296875 0.825 0.04375 0.040625
0 0.33125 0.7765625 0.046875 0.04375
0 0.31953125 0.52578125 0.0546875 0.0484375
0 0.153125 0.940625 0.05 0.046875
0 0.7640625 0.04921875 0.05625 0.0484375
0 0.96640625 0.07421875 0.0453125 0.0484375
0 0.40546875 0.65390625 0.0421875 0.0421875
0 0.7859375 0.8453125 0.046875 0.040625
0 0.12734375 0.58828125 0.0453125 0.0390625
0 0.8078125 0.89140625 0.05 0.0515625
0 0.50703125 0.6640625 0.0453125 0.040625
0 0.3203125 0.7296875 0.046875 0.040625
0 0.41015625 0.7640625 0.0546875 0.053125
0 0.928125 0.95390625 0.05 0.0453125
0 0.7109375 0.08828125 0.04375 0.0421875
0 0.5703125 0.54921875 0.04375 0.0390625
0 0.7125 0.965625 0.04375 0.040625
0 0.89375 0.0578125 0.046875 0.0375
0 0.17890625 0.46796875 0.0453125 0.0421875
0 0.03203125 0.82421875 0.0453125 0.0390625
0 0.97421875 0.125 0.0359375 0.0375
0 0.53125 0.88046875 0.0375 0.0359375
0 0.59296875 0.6359375 0.0484375 0.04375
0 0.78515625 0.51015625 0.0484375 0.0421875
0 0.6734375 0.41796875 0.04375 0.0390625
0 0.3390625 0.86328125 0.0375 0.0390625
0 0.98046875 0.19921875 0.0296875 0.0390625
0 0.50078125 0.578125 0.0578125 0.059375
0 0.8828125 0.12734375 0.040625 0.0359375
0 0.03203125 0.6515625 0.0390625 0.0375
0 0.7234375 0.83125 0.040625 0.040625
0 0.97578125 0.40859375 0.0359375 0.0390625
0 0.38203125 0.621875 0.0421875 0.040625
0 0.3328125 0.57890625 0.0375 0.0359375
0 0.390625 0.07734375 0.040625 0.0359375
0 0.61875 0.83828125 0.0375 0.0390625
0 0.71875 0.496875 0.0375 0.0375
0 0.9015625 0.18203125 0.04375 0.0390625
0 0.77734375 0.40703125 0.0453125 0.0421875
0 0.1109375 0.49375 0.04375 0.04375
0 0.3328125 0.61875 0.0375 0.034375
0 0.59296875 0.4796875 0.0453125 0.0375
0 0.60234375 0.7703125 0.0359375 0.034375
0 0.02578125 0.60234375 0.0421875 0.0359375
0 0.53671875 0.97265625 0.0390625 0.0328125
0 0.80390625 0.95703125 0.0421875 0.0390625
0 0.7109375 0.8859375 0.040625 0.0375
0 0.128125 0.62265625 0.03125 0.0296875
0 0.39453125 0.4390625 0.0390625 0.040625
0 0.3328125 0.4515625 0.0375 0.034375
0 0.16328125 0.69453125 0.0421875 0.0390625
0 0.0296875 0.91328125 0.040625 0.0359375
0 0.51640625 0.1234375 0.0421875 0.040625
0 0.3921875 0.1578125 0.046875 0.04375
0 0.78828125 0.56328125 0.0359375 0.0359375
0 0.63046875 0.95234375 0.0359375 0.0390625
0 0.19375 0.55 0.034375 0.034375
0 0.1296875 0.11875 0.034375 0.034375
0 0.20859375 0.0875 0.0234375 0.021875
0 0.290625 0.09609375 0.034375 0.0359375
0 0.31953125 0.134375 0.0265625 0.03125
0 0.28671875 0.16875 0.0296875 0.034375
0 0.19453125 0.18203125 0.0296875 0.0328125
0 0.1921875 0.140625 0.03125 0.028125
0 0.11796875 0.2015625 0.0296875 0.028125
0 0.1234375 0.240625 0.025 0.021875
0 0.11875 0.04140625 0.028125 0.0296875
0 0.32109375 0.02421875 0.0359375 0.0390625
0 0.3921875 0.0171875 0.025 0.025
0 0.57734375 0.06640625 0.0296875 0.0328125
0 0.596875 0.11328125 0.040625 0.0421875
0 0.69453125 0.01640625 0.0296875 0.0234375
0 0.77109375 0.01328125 0.0421875 0.0234375
0 0.94375 0.0125 0.0375 0.021875
0 0.759375 0.1296875 0.040625 0.040625
0 0.846875 0.16484375 0.034375 0.0296875
0 0.5828125 0.1609375 0.03125 0.0375
0 0.5203125 0.17265625 0.03125 0.0265625
0 0.1890625 0.590625 0.03125 0.034375
0 0.20078125 0.4203125 0.0359375 0.04375
0 0.12109375 0.4328125 0.0265625 0.025
0 0.02890625 0.70625 0.0265625 0.040625
0 0.1421875 0.75546875 0.034375 0.0265625
0 0.3546875 0.8140625 0.04375 0.0375
0 0.34609375 0.90234375 0.0265625 0.0296875
0 0.44375 0.9375 0.028125 0.028125
0 0.4109375 0.9046875 0.025 0.025
0 0.50390625 0.778125 0.0328125 0.046875
0 0.55 0.7046875 0.028125 0.028125
0 0.5875 0.6921875 0.034375 0.0375
0 0.62734375 0.7046875 0.0234375 0.040625
0 0.690625 0.68984375 0.021875 0.0265625
0 0.7078125 0.72578125 0.028125 0.0203125
0 0.7265625 0.7578125 0.025 0.028125
0 0.73203125 0.796875 0.0171875 0.03125
0 0.80546875 0.60390625 0.0328125 0.0421875
0 0.6328125 0.5265625 0.04375 0.0375
0 0.53984375 0.40390625 0.0640625 0.0421875
0 0.60390625 0.4015625 0.0640625 0.0375
0 0.61875 0.9015625 0.034375 0.03125
0 0.4203125 0.56953125 0.028125 0.0390625
0 0.784375 0.478125 0.04375 0.040625
0 0.50703125 0.696875 0.0234375 0.021875
0 0.55625 0.80859375 0.040625 0.0484375
0 0.6875 0.16015625 0.028125 0.0265625
0 0.725 0.1828125 0.034375 0.025
0 0.22265625 0.26015625 0.0421875 0.0296875
0 0.32109375 0.22109375 0.0390625 0.0359375
0 0.22734375 0.66875 0.0296875 0.021875
0 0.2296875 0.7 0.034375 0.025
0 0.175 0.81171875 0.046875 0.0359375
0 0.2515625 0.75625 0.0375 0.028125
0 0.13671875 0.871875 0.0296875 0.028125
0 0.15390625 0.903125 0.0296875 0.028125
0 0.43984375 0.96640625 0.0328125 0.0234375
0 0.35703125 0.98359375 0.0359375 0.0234375
0 0.7015625 0.5984375 0.03125 0.03125
0 0.7140625 0.559375 0.0375 0.034375
0 0.6953125 0.6359375 0.03125 0.025
0 0.603125 0.80390625 0.040625 0.0359375
0 0.41171875 0.69453125 0.0359375 0.0328125
0 0.4140625 0.5125 0.03125 0.034375
0 0.759375 0.19375 0.034375 0.028125
0 0.95625 0.253125 0.0375 0.028125
