0 0.20390625 0.88359375 0.0484375 0.0453125
0 0.7265625 0.66796875 0.053125 0.0484375
0 0.1734375 0.70390625 0.046875 0.0421875
0 0.77265625 0.78203125 0.0515625 0.0484375
0 0.834375 0.32578125 0.046875 0.0421875
0 0.309375 0.8390625 0.053125 0.05
0 0.91875 0.18984375 0.046875 0.0421875
0 0.68671875 0.58671875 0.0484375 0.0484375
0 0.14375 0.0625 0.04375 0.0375
0 0.10390625 0.865625 0.0453125 0.040625
0 0.071875 0.3625 0.040625 0.0375
0 0.67421875 0.7625 0.0484375 0.05
0 0.84921875 0.196875 0.0453125 0.04375
0 0.11875 0.9328125 0.05 0.046875
0 0.1046875 0.8203125 0.05 0.046875
0 0.91015625 0.26796875 0.0453125 0.0421875
0 0.3515625 0.67734375 0.053125 0.0484375
0 0.0984375 0.69765625 0.053125 0.0484375
0 0.29296875 0.890625 0.0515625 0.04375
0 0.1015625 0.6140625 0.0375 0.0375
0 0.28203125 0.9484375 0.0515625 0.040625
0 0.17265625 0.096875 0.0390625 0.0375
0 0.2015625 0.83671875 0.046875 0.0421875
0 0.36640625 0.890625 0.0453125 0.046875
0 0.1671875 0.63984375 0.046875 0.0453125
0 0.37734375 0.75390625 0.0484375 0.0421875
0 0.82578125 0.01953125 0.0484375 0.0359375
0 0.2859375 0.61875 0.04375 0.040625
0 0.17734375 0.77265625 0.0421875 0.0453125
0 0.91328125 0.13671875 0.0328125 0.0265625
0 0.25859375 0.046875 0.0546875 0.05
0 0.90546875 0.034375 0.0515625 0.046875
0 0.8328125 0.15078125 0.040625 0.0359375
0 0.72421875 0.2296875 0.0421875 0.040625
0 0.10078125 0.5578125 0.0390625 0.040625
0 0.8328125 0.26015625 0.040625 0.0390625
0 0.290625 0.9734375 0.05 0.034375
0 0.09140625 0.653125 0.0390625 0.0375
0 0.8703125 0.76953125 0.040625 0.0421875
0 0.32109375 0.6671875 0.0421875 0.04375
0 0.91953125 0.33125 0.0421875 0.0375
0 0.6953125 0.93125 0.04375 0.0375
0 0.06875 0.03203125 0.0375 0.0328125
0 0.828125 0.0890625 0.059375 0.05625
0 0.36640625 0.60078125 0.0359375 0.0359375
0 0.078125 0.16328125 0.040625 0.0359375
0 0.284375 0.7765625 0.046875 0.046875
0 0.878125 0.678125 0.040625 0.040625
0 0.1 0.9796875 0.046875 0.03125
0 0.91875 0.23125 0.0375 0.034375
0 0.1828125 0.975 0.04375 0.034375
0 0.1140625 0.78515625 0.034375 0.0296875
0 0.02109375 0.83125 0.0390625 0.05
0 0.84921875 0.371875 0.0515625 0.028125
0 0.8546875 0.39375 0.034375 0.028125
0 0.95390625 0.58828125 0.0453125 0.0359375
0 0.95 0.6328125 0.034375 0.03125
0 0.921875 0.68671875 0.0375 0.0453125
0 0.95546875 0.71171875 0.0390625 0.0296875
0 0.9546875 0.75859375 0.05 0.0390625
0 0.97578125 0.8765625 0.0359375 0.0375
0 0.93515625 0.81484375 0.0453125 0.0390625
0 0.98203125 0.97734375 0.0359375 0.0296875
0 0.846875 0.553125 0.034375 0.034375
0 0.87109375 0.57734375 0.0328125 0.0265625
0 0.73046875 0.534375 0.0234375 0.021875
0 0.7109375 0.73046875 0.025 0.0296875
0 0.76015625 0.60546875 0.0328125 0.0453125
0 0.77265625 0.9015625 0.0328125 0.0375
0 0.7671875 0.92890625 0.01875 0.0171875
0 0.49765625 0.80390625 0.0359375 0.0296875
0 0.50546875 0.83671875 0.0359375 0.0296875
0 0.58515625 0.853125 0.0203125 0.034375
0 0.5890625 0.76953125 0.01875 0.0265625
0 0.57109375 0.73671875 0.0265625 0.0203125
0 0.503125 0.75625 0.021875 0.028125
0 0.571875 0.6125 0.028125 0.028125
0 0.49921875 0.6125 0.0265625 0.021875
0 0.3609375 0.8015625 0.0375 0.0375
0 0.3796875 0.98515625 0.0375 0.0296875
0 0.10859375 0.7515625 0.0453125 0.0375
0 0.16328125 0.553125 0.0296875 0.021875
0 0.18828125 0.3515625 0.0296875 0.028125
0 0.16015625 0.3171875 0.0328125 0.025
0 0.1625 0.2953125 0.034375 0.025
0 0.33359375 0.0640625 0.0390625 0.034375
0 0.38984375 0.1828125 0.0203125 0.025
0 0.7203125 0.03828125 0.03125 0.0359375
0 0.68671875 0.36171875 0.0328125 0.0265625
0 0.73984375 0.384375 0.0328125 0.034375
0 0.934375 0.36953125 0.0375 0.0328125
0 0.92265625 0.075 0.0390625 0.028125
0 0.9421875 0.1203125 0.025 0.0375
0 0.0625 0.08046875 0.034375 0.0296875
0 0.09375 0.115625 0.040625 0.028125
0 0.1421875 0.028125 0.0375 0.025
