0 0.396875 0.36640625 0.046875 0.0421875
0 0.92734375 0.86328125 0.0421875 0.0421875
0 0.40234375 0.42109375 0.0515625 0.0453125
0 0.39453125 0.24375 0.0453125 0.04375
0 0.19609375 0.31875 0.0515625 0.046875
0 0.021875 0.8765625 0.040625 0.040625
0 0.82265625 0.765625 0.0515625 0.05
0 0.928125 0.62265625 0.05 0.0453125
0 0.7203125 0.69921875 0.04375 0.0390625
0 0.60234375 0.48359375 0.0453125 0.0421875
0 0.52890625 0.621875 0.0421875 0.0375
0 0.76875 0.0640625 0.040625 0.040625
0 0.54453125 0.87109375 0.0515625 0.0515625
0 0.15078125 0.95703125 0.0453125 0.0453125
0 0.81171875 0.6421875 0.0546875 0.05
0 0.9265625 0.56484375 0.040625 0.0390625
0 0.9234375 0.81953125 0.05 0.0421875
0 0.79765625 0.4671875 0.0421875 0.040625
0 0.18515625 0.26328125 0.0484375 0.0484375
0 0.40078125 0.575 0.0453125 0.040625
0 0.31328125 0.26171875 0.0578125 0.0515625
0 0.40546875 0.72734375 0.0484375 0.0421875
0 0.72734375 0.48203125 0.0484375 0.0453125
0 0.73125 0.59765625 0.053125 0.0484375
0 0.79921875 0.5546875 0.0515625 0.046875
0 0.2046875 0.36328125 0.0375 0.0390625
0 0.2015625 0.44921875 0.04375 0.0421875
0 0.14453125 0.6640625 0.0421875 0.040625
0 0.1109375 0.38359375 0.05 0.0484375
0 0.8015625 0.4296875 0.040625 0.040625
0 0.334375 0.65078125 0.053125 0.0484375
0 0.73515625 0.65078125 0.0578125 0.0515625
0 0.41796875 0.89921875 0.0546875 0.0484375
0 0.73046875 0.90546875 0.0578125 0.0484375
0 0.62421875 0.8890625 0.0421875 0.04375
0 0.91640625 0.9203125 0.0484375 0.046875
0 0.52265625 0.8203125 0.0453125 0.040625
0 0.75078125 0.978125 0.0484375 0.034375
0 0.73828125 0.81875 0.0609375 0.053125
0 0.3296875 0.578125 0.05 0.04375
0 0.02265625 0.809375 0.0421875 0.040625
0 0.58125 0.3890625 0.040625 0.0375
0 0.11484375 0.290625 0.0484375 0.04375
0 0.3609375 0.83046875 0.04375 0.0421875
0 0.74375 0.86640625 0.046875 0.0359375
0 0.4 0.771875 0.04375 0.04375
0 0.103125 0.33828125 0.04375 0.0390625
0 0.40078125 0.50546875 0.0421875 0.0359375
0 0.21953125 0.52734375 0.0484375 0.0546875
0 0.3453125 0.8859375 0.05 0.046875
0 0.53828125 0.78125 0.0453125 0.04375
0 0.40234375 0.953125 0.0484375 0.04375
0 0.2140625 0.93046875 0.05625 0.0578125
0 0.5296875 0.7125 0.046875 0.046875
0 0.128125 0.77890625 0.046875 0.0421875
0 0.83203125 0.8015625 0.0421875 0.0375
0 0.3453125 0.784375 0.0375 0.040625
0 0.7359375 0.3953125 0.040625 0.05
0 0.8046875 0.721875 0.05 0.046875
0 0.53046875 0.4125 0.0421875 0.04375
0 0.7953125 0.509375 0.040625 0.0375
0 0.80390625 0.6046875 0.0390625 0.034375
0 0.33984375 0.509375 0.0359375 0.034375
0 0.821875 0.93359375 0.05625 0.0546875
0 0.2234375 0.75 0.046875 0.046875
0 0.54140625 0.946875 0.0515625 0.05
0 0.53203125 0.55390625 0.0484375 0.0390625
0 0.81796875 0.853125 0.0703125 0.0625
0 0.41171875 0.6328125 0.0421875 0.05
0 0.71953125 0.36796875 0.0453125 0.0421875
0 0.32421875 0.4578125 0.0390625 0.0375
0 0.2359375 0.67578125 0.0375 0.0390625
0 0.63671875 0.6453125 0.0359375 0.0375
0 0.12890625 0.51953125 0.0421875 0.0390625
0 0.7265625 0.5484375 0.040625 0.0375
0 0.79921875 0.36015625 0.0421875 0.0390625
0 0.028125 0.9453125 0.040625 0.034375
0 0.41171875 0.8484375 0.0453125 0.04375
0 0.925 0.42578125 0.040625 0.0390625
0 0.7484375 0.76875 0.046875 0.0375
0 0.63203125 0.73828125 0.0359375 0.0359375
0 0.90625 0.471875 0.053125 0.04375
0 0.72421875 0.4453125 0.0484375 0.040625
0 0.7171875 0.3140625 0.0375 0.040625
0 0.33515625 0.7015625 0.0390625 0.0375
0 0.01640625 0.42734375 0.0296875 0.0421875
0 0.821875 0.6796875 0.040625 0.034375
0 0.01640625 0.50859375 0.0296875 0.0390625
0 0.3921875 0.30390625 0.053125 0.0515625
0 0.51015625 0.33984375 0.0359375 0.0359375
0 0.0203125 0.759375 0.034375 0.034375
0 0.10546875 0.56171875 0.0453125 0.0421875
0 0.3140625 0.375 0.040625 0.0375
0 0.92578125 0.66640625 0.0359375 0.0390625
0 0.13046875 0.70390625 0.0390625 0.0328125
0 0.3828125 0.1453125 0.0625 0.065625
0 0.32578125 0.328125 0.0578125 0.046875
0 0.60625 0.32890625 0.0375 0.0359375
0 0.09921875 0.1453125 0.0328125 0.03125
0 0.1109375 0.07734375 0.025 0.0296875
0 0.17734375 0.04140625 0.0359375 0.0265625
0 0.184375 0.134375 0.028125 0.028125
0 0.37734375 0.0359375 0.0453125 0.034375
0 0.31484375 0.1359375 0.0296875 0.0375
0 0.3171875 0.06171875 0.040625 0.0421875
0 0.58046875 0.09765625 0.0296875 0.0234375
0 0.58359375 0.13359375 0.0234375 0.0296875
0 0.5046875 0.065625 0.03125 0.028125
0 0.5015625 0.01484375 0.0375 0.0234375
0 0.5796875 0.0140625 0.028125 0.01875
0 0.30859375 0.01015625 0.0390625 0.0171875
0 0.7078125 0.1 0.0375 0.028125
0 0.8953125 0.07734375 0.03125 0.0265625
0 0.903125 0.025 0.046875 0.028125
0 0.971875 0.059375 0.034375 0.021875
0 0.96484375 0.1046875 0.0265625 0.025
0 0.93515625 0.31875 0.0265625 0.028125
0 0.9796875 0.3328125 0.021875 0.025
0 0.99296875 0.3703125 0.0140625 0.03125
0 0.9859375 0.47109375 0.028125 0.0515625
0 0.98515625 0.53828125 0.0296875 0.0359375
0 0.93359375 0.715625 0.0265625 0.025
0 0.9484375 0.75546875 0.025 0.0328125
0 0.91796875 0.76640625 0.0359375 0.0484375
0 0.940625 0.98203125 0.028125 0.0359375
0 0.846875 0.9828125 0.040625 0.034375
0 0.8296875 0.8875 0.046875 0.034375
0 0.81640625 0.60078125 0.0390625 0.0265625
0 0.80078125 0.3171875 0.0421875 0.0375
0 0.7921875 0.275 0.03125 0.0375
0 0.72109375 0.2765625 0.0265625 0.03125
0 0.628125 0.28046875 0.0375 0.0265625
0 0.609375 0.4484375 0.034375 0.025
0 0.52109375 0.4578125 0.0328125 0.03125
0 0.490625 0.5046875 0.046875 0.025
0 0.6015625 0.5484375 0.0375 0.021875
0 0.59453125 0.56875 0.0234375 0.021875
0 0.6109375 0.78984375 0.03125 0.0328125
0 0.60078125 0.7359375 0.0265625 0.03125
0 0.61640625 0.94453125 0.0265625 0.0265625
0 0.55 0.9875 0.028125 0.025
0 0.6140625 0.984375 0.03125 0.028125
0 0.34296875 0.94921875 0.0359375 0.0203125
0 0.3484375 0.98359375 0.04375 0.0328125
0 0.2109375 0.98359375 0.0375 0.0328125
0 0.2171875 0.8453125 0.03125 0.01875
0 0.228125 0.79140625 0.034375 0.0296875
0 0.146875 0.828125 0.034375 0.028125
0 0.13515625 0.87890625 0.0390625 0.0265625
0 0.1484375 0.91875 0.028125 0.03125
0 0.078125 0.98984375 0.034375 0.0203125
0 0.02890625 0.98515625 0.0390625 0.0296875
0 0.01484375 0.68515625 0.0265625 0.0421875
0 0.01640625 0.7234375 0.0265625 0.040625
0 0.01640625 0.64140625 0.0296875 0.0328125
0 0.01953125 0.60546875 0.0328125 0.0359375
0 0.01796875 0.559375 0.0265625 0.0375
0 0.11328125 0.4640625 0.0390625 0.04375
0 0.08203125 0.4171875 0.0359375 0.034375
0 0.01640625 0.3640625 0.0265625 0.025
0 0.38671875 0.08203125 0.0546875 0.0421875
0 0.51328125 0.1109375 0.0390625 0.03125
0 0.915625 0.3828125 0.040625 0.0375
0 0.21328125 0.4015625 0.0390625 0.0375
0 0.228125 0.61875 0.034375 0.034375
0 0.146875 0.634375 0.040625 0.03125
