0 0.10234375 0.365625 0.0484375 0.053125
0 0.3828125 0.24375 0.046875 0.04375
0 0.853125 0.05078125 0.053125 0.0515625
0 0.9140625 0.73046875 0.053125 0.0484375
0 0.89296875 0.68359375 0.0484375 0.0421875
0 0.40625 0.58359375 0.05 0.0453125
0 0.49375 0.84375 0.05 0.046875
0 0.69375 0.7234375 0.046875 0.040625
0 0.2703125 0.30625 0.05 0.04375
0 0.61328125 0.528125 0.0515625 0.04375
0 0.41875 0.6640625 0.059375 0.05
0 0.025 0.84140625 0.04375 0.0390625
0 0.853125 0.21953125 0.053125 0.0515625
0 0.80546875 0.6875 0.0453125 0.04375
0 0.178125 0.03984375 0.05625 0.0515625
0 0.30234375 0.60390625 0.0484375 0.0421875
0 0.79140625 0.56328125 0.0578125 0.0515625
0 0.07265625 0.07265625 0.0421875 0.0390625
0 0.49296875 0.53046875 0.0546875 0.0484375
0 0.203125 0.32421875 0.046875 0.0453125
0 0.8859375 0.92109375 0.053125 0.0484375
0 0.87734375 0.4703125 0.0484375 0.040625
0 0.671875 0.665625 0.05625 0.05
0 0.28515625 0.5515625 0.0453125 0.040625
0 0.87734375 0.96796875 0.0515625 0.0453125
0 0.01875 0.62421875 0.034375 0.0359375
0 0.7859375 0.61015625 0.05 0.0421875
0 0.575 0.64765625 0.05625 0.0484375
0 0.89375 0.559375 0.053125 0.05
0 0.42265625 0.96640625 0.0546875 0.0484375
0 0.61640625 0.83125 0.0453125 0.04375
0 0.22890625 0.78359375 0.0390625 0.0421875
0 0.7 0.81015625 0.046875 0.0453125
0 0.68984375 0.55078125 0.0546875 0.0484375
0 0.090625 0.48203125 0.04375 0.0390625
0 0.50546875 0.66640625 0.0453125 0.0390625
0 0.7 0.89921875 0.053125 0.0484375
0 0.43828125 0.70625 0.0484375 0.04375
0 0.0828125 0.12578125 0.046875 0.0453125
0 0.40234375 0.46484375 0.0421875 0.0453125
0 0.07578125 0.259375 0.0453125 0.04375
0 0.50625 0.7484375 0.046875 0.040625
0 0.11171875 0.915625 0.0421875 0.04375
0 0.96953125 0.26328125 0.0390625 0.0390625
0 0.2171875 0.7015625 0.05 0.04375
0 0.26953125 0.25625 0.0484375 0.046875
0 0.50078125 0.58359375 0.0453125 0.0359375
0 0.81328125 0.7328125 0.0484375 0.04375
0 0.03984375 0.8890625 0.0453125 0.040625
0 0.17578125 0.09453125 0.0484375 0.0453125
0 0.859375 0.6015625 0.053125 0.053125
0 0.59140625 0.56796875 0.0453125 0.0421875
0 0.1171875 0.81328125 0.040625 0.0390625
0 0.22734375 0.65625 0.0484375 0.04375
0 0.49296875 0.61640625 0.0421875 0.0359375
0 0.20234375 0.484375 0.0453125 0.04375
0 0.48125 0.2921875 0.04375 0.040625
0 0.3234375 0.88828125 0.040625 0.0390625
0 0.1984375 0.36875 0.05 0.046875
0 0.31171875 0.93671875 0.0453125 0.0484375
0 0.40234375 0.29609375 0.0546875 0.0390625
0 0.1 0.76171875 0.0375 0.0359375
0 0.70234375 0.93671875 0.0515625 0.0421875
0 0.62421875 0.771875 0.0546875 0.053125
0 0.425 0.79765625 0.046875 0.0296875
0 0.08203125 0.31875 0.0453125 0.040625
0 0.07421875 0.5703125 0.0359375 0.0375
0 0.121875 0.86484375 0.034375 0.0359375
0 0.6984375 0.615625 0.046875 0.04375
0 0.1875 0.2359375 0.04375 0.04375
0 0.50546875 0.8796875 0.0453125 0.0375
0 0.09140625 0.20234375 0.0421875 0.0359375
0 0.13359375 0.97265625 0.0421875 0.0328125
0 0.2234375 0.5796875 0.05 0.04375
0 0.81328125 0.87734375 0.0671875 0.0703125
0 0.2890625 0.37109375 0.053125 0.0609375
0 0.778125 0.46484375 0.034375 0.0359375
0 0.290625 0.47265625 0.040625 0.0390625
0 0.30546875 0.7703125 0.0421875 0.04375
0 0.50703125 0.9265625 0.0421875 0.0375
0 0.4 0.528125 0.06875 0.071875
0 0.19453125 0.16171875 0.0421875 0.0390625
0 0.4203125 0.621875 0.0375 0.034375
0 0.5015625 0.7125 0.040625 0.034375
0 0.60859375 0.7484375 0.0453125 0.04375
0 0.26171875 0.1703125 0.0359375 0.0375
0 0.43828125 0.76953125 0.0484375 0.0390625
0 0.61640625 0.90546875 0.0390625 0.0359375
0 0.8203125 0.78984375 0.053125 0.0546875
0 0.39375 0.3703125 0.075 0.0625
0 0.81328125 0.9609375 0.0453125 0.04375
0 0.240625 0.8171875 0.03125 0.03125
0 0.23203125 0.85625 0.0296875 0.021875
0 0.23984375 0.90703125 0.0265625 0.0234375
0 0.23515625 0.934375 0.0296875 0.025
0 0.3109375 0.8484375 0.03125 0.01875
0 0.3125 0.98359375 0.0375 0.0265625
0 0.43125 0.8890625 0.028125 0.028125
0 0.4375 0.92890625 0.034375 0.0265625
0 0.42265625 0.8390625 0.0328125 0.04375
0 0.484375 0.8046875 0.025 0.025
0 0.29921875 0.69765625 0.0328125 0.0328125
0 0.3171875 0.64453125 0.03125 0.0296875
0 0.3046875 0.73671875 0.028125 0.0234375
0 0.11171875 0.728125 0.0328125 0.034375
0 0.053125 0.75859375 0.034375 0.0296875
0 0.04140625 0.7921875 0.0296875 0.025
0 0.03515625 0.7078125 0.0328125 0.03125
0 0.01640625 0.66171875 0.0296875 0.0359375
0 0.09609375 0.62890625 0.0359375 0.0359375
0 0.02109375 0.57109375 0.0328125 0.0359375
0 0.09921875 0.5296875 0.0359375 0.03125
0 0.01640625 0.5015625 0.0203125 0.021875
0 0.271875 0.2125 0.028125 0.028125
0 0.5859375 0.19609375 0.025 0.0296875
0 0.596875 0.2421875 0.040625 0.03125
0 0.58203125 0.159375 0.0234375 0.028125
0 0.55859375 0.07578125 0.0234375 0.0265625
0 0.571875 0.0140625 0.034375 0.025
0 0.41015625 0.3296875 0.0546875 0.0375
0 0.975 0.06953125 0.034375 0.0328125
