0 0.4484375 0.5640625 0.046875 0.04375
0 0.05 0.50234375 0.046875 0.0453125
0 0.6453125 0.49609375 0.05 0.0484375
0 0.65234375 0.30625 0.0578125 0.05
0 0.76875 0.82578125 0.05 0.0453125
0 0.0484375 0.55234375 0.053125 0.0484375
0 0.84453125 0.58125 0.0515625 0.046875
0 0.76171875 0.421875 0.0515625 0.046875
0 0.36640625 0.4171875 0.0453125 0.040625
0 0.46953125 0.68515625 0.0453125 0.0421875
0 0.44375 0.64296875 0.04375 0.0390625
0 0.82734375 0.0234375 0.0609375 0.04375
0 0.390625 0.79609375 0.04375 0.0453125
0 0.44375 0.440625 0.04375 0.040625
0 0.02890625 0.14296875 0.0484375 0.0484375
0 0.7484375 0.0578125 0.046875 0.04375
0 0.5671875 0.4234375 0.04375 0.0375
0 0.85078125 0.45859375 0.0578125 0.0546875
0 0.36953125 0.60390625 0.0421875 0.0453125
0 0.76875 0.759375 0.05 0.04375
0 0.2390625 0.34765625 0.05 0.0484375
0 0.3453125 0.046875 0.05 0.04375
0 0.4359375 0.1109375 0.05 0.046875
0 0.64453125 0.36953125 0.0453125 0.0453125
0 0.3625 0.52890625 0.040625 0.0359375
0 0.85703125 0.534375 0.0453125 0.040625
0 0.77734375 0.46953125 0.0546875 0.0546875
0 0.8546875 0.359375 0.053125 0.05625
0 0.3828125 0.86328125 0.04375 0.0390625
0 0.44296875 0.40234375 0.0390625 0.0359375
0 0.77734375 0.63515625 0.0484375 0.0484375
0 0.2265625 0.09609375 0.046875 0.0453125
0 0.759375 0.353125 0.053125 0.05
0 0.659375 0.54765625 0.04375 0.0421875
0 0.0640625 0.68359375 0.040625 0.0359375
0 0.65625 0.4453125 0.0375 0.0375
0 0.8390625 0.1515625 0.05 0.046875
0 0.46015625 0.47890625 0.0390625 0.0421875
0 0.97421875 0.96171875 0.0359375 0.0390625
0 0.390625 0.7359375 0.04375 0.04375
0 0.3734375 0.29375 0.04375 0.05
0 0.57421875 0.371875 0.0515625 0.046875
0 0.85546875 0.5046875 0.0453125 0.034375
0 0.77265625 0.5484375 0.0421875 0.0375
0 0.8296875 0.10234375 0.065625 0.0515625
0 0.80703125 0.971875 0.0515625 0.040625
0 0.58515625 0.6640625 0.0484375 0.05
0 0.44296875 0.321875 0.0359375 0.034375
0 0.96953125 0.796875 0.0453125 0.05
0 0.66484375 0.71484375 0.0421875 0.0359375
0 0.85 0.42578125 0.040625 0.0328125
0 0.5703125 0.03203125 0.0375 0.0390625
0 0.18828125 0.6796875 0.0390625 0.0375
0 0.65390625 0.4 0.0390625 0.034375
0 0.5640625 0.57421875 0.04375 0.0453125
0 0.1875 0.60703125 0.03125 0.0359375
0 0.3453125 0.13203125 0.04375 0.0359375
0 0.46484375 0.778125 0.0359375 0.034375
0 0.77578125 0.68828125 0.0421875 0.0359375
0 0.78203125 0.596875 0.0421875 0.034375
0 0.83203125 0.06640625 0.0390625 0.0328125
0 0.4484375 0.52265625 0.034375 0.0328125
0 0.665625 0.8984375 0.046875 0.04375
0 0.45859375 0.9484375 0.0484375 0.025
0 0.66171875 0.5875 0.0328125 0.034375
0 0.3546875 0.0984375 0.04375 0.0375
0 0.0359375 0.02890625 0.046875 0.0421875
0 0.6578125 0.8453125 0.034375 0.034375
0 0.2359375 0.01796875 0.040625 0.0328125
0 0.24921875 0.15234375 0.0359375 0.0390625
0 0.0734375 0.759375 0.040625 0.040625
0 0.42578125 0.0578125 0.0515625 0.053125
0 0.25 0.4359375 0.040625 0.0375
0 0.16328125 0.41171875 0.0328125 0.0296875
0 0.13671875 0.471875 0.0390625 0.025
0 0.165625 0.503125 0.028125 0.03125
0 0.2375 0.55234375 0.0375 0.0359375
0 0.19609375 0.5546875 0.0484375 0.025
0 0.26328125 0.6625 0.0390625 0.034375
0 0.37734375 0.6546875 0.0328125 0.03125
0 0.3875 0.6875 0.028125 0.034375
0 0.4859375 0.85625 0.03125 0.034375
0 0.4171875 0.8578125 0.025 0.03125
0 0.4 0.9359375 0.028125 0.04375
0 0.409375 0.9890625 0.053125 0.021875
0 0.4625 0.984375 0.034375 0.03125
0 0.5484375 0.97265625 0.021875 0.0203125
0 0.6625 0.98671875 0.028125 0.0265625
0 0.5953125 0.8421875 0.03125 0.034375
0 0.596875 0.79609375 0.028125 0.0328125
0 0.59921875 0.7671875 0.0328125 0.028125
0 0.584375 0.73515625 0.034375 0.0265625
0 0.67109375 0.67734375 0.0515625 0.0359375
0 0.6609375 0.63671875 0.03125 0.0359375
0 0.58984375 0.6234375 0.0421875 0.03125
0 0.5921875 0.7015625 0.03125 0.03125
0 0.6484375 0.8078125 0.03125 0.03125
0 0.6015625 0.89921875 0.0375 0.0296875
0 0.98359375 0.92109375 0.0328125 0.0421875
0 0.9765625 0.8625 0.025 0.034375
0 0.96875 0.7171875 0.028125 0.0375
0 0.97578125 0.62734375 0.0359375 0.0359375
0 0.9640625 0.54609375 0.03125 0.0390625
0 0.91640625 0.5546875 0.0140625 0.025
0 0.9671875 0.334375 0.04375 0.040625
0 0.97265625 0.28671875 0.0421875 0.0328125
0 0.97421875 0.43515625 0.0296875 0.0296875
0 0.24609375 0.7828125 0.0328125 0.028125
0 0.29375 0.80390625 0.034375 0.0421875
0 0.19375 0.72890625 0.040625 0.0265625
0 0.19140625 0.8703125 0.0328125 0.03125
0 0.090625 0.8359375 0.028125 0.03125
0 0.021875 0.85625 0.040625 0.034375
0 0.0875 0.98515625 0.0375 0.0296875
0 0.175 0.97734375 0.028125 0.0328125
0 0.0703125 0.921875 0.0375 0.028125
0 0.0703125 0.59453125 0.0375 0.0234375
0 0.0515625 0.465625 0.04375 0.025
0 0.0546875 0.3765625 0.028125 0.028125
0 0.353125 0.1734375 0.040625 0.03125
0 0.1421875 0.16875 0.05 0.034375
0 0.16953125 0.090625 0.0328125 0.028125
0 0.17109375 0.05703125 0.0265625 0.0265625
0 0.21640625 0.0453125 0.0390625 0.034375
0 0.13125 0.053125 0.040625 0.040625
0 0.04375 0.07109375 0.053125 0.0265625
0 0.03125 0.1046875 0.040625 0.021875
0 0.55546875 0.12578125 0.0453125 0.0265625
0 0.559375 0.0890625 0.028125 0.03125
0 0.6328125 0.07578125 0.0375 0.0421875
0 0.62734375 0.03359375 0.0421875 0.0296875
0 0.6328125 0.12734375 0.03125 0.0359375
0 0.64296875 0.17109375 0.0328125 0.0390625
0 0.54453125 0.16796875 0.0296875 0.0234375
0 0.72578125 0.12421875 0.0421875 0.0421875
0 0.7640625 0.14296875 0.0375 0.0296875
0 0.94375 0.03046875 0.034375 0.0203125
0 0.95859375 0.0578125 0.0390625 0.028125
0 0.96953125 0.0875 0.0265625 0.03125
0 0.853125 0.62109375 0.0375 0.0296875
0 0.853125 0.6625 0.028125 0.034375
0 0.79765625 0.9296875 0.0390625 0.040625
0 0.74140625 0.8765625 0.0515625 0.0375
0 0.85859375 0.90625 0.0390625 0.040625
