0 0.8484375 0.3828125 0.053125 0.046875
0 0.884375 0.8859375 0.046875 0.04375
0 0.68828125 0.80390625 0.0390625 0.0390625
0 0.175 0.12109375 0.053125 0.0484375
0 0.08671875 0.19921875 0.0453125 0.0421875
0 0.03671875 0.3859375 0.0515625 0.046875
0 0.30625 0.5234375 0.05 0.046875
0 0.86171875 0.65 0.0453125 0.040625
0 0.2234375 0.79765625 0.05625 0.0515625
0 0.68515625 0.88203125 0.0421875 0.0390625
0 0.67890625 0.52578125 0.0484375 0.0421875
0 0.075 0.125 0.04375 0.040625
0 0.61171875 0.83671875 0.0546875 0.0515625
0 0.85078125 0.165625 0.0421875 0.040625
0 0.46875 0.14921875 0.053125 0.0515625
0 0.7828125 0.03203125 0.05 0.0421875
0 0.26796875 0.18125 0.0453125 0.04375
0 0.02890625 0.95390625 0.0484375 0.0453125
0 0.1015625 0.4515625 0.053125 0.046875
0 0.88046875 0.846875 0.0453125 0.0375
0 0.309375 0.8921875 0.046875 0.04375
0 0.221875 0.9421875 0.05 0.05
0 0.06875 0.07421875 0.05 0.0484375
0 0.884375 0.94609375 0.05 0.0546875
0 0.790625 0.875 0.046875 0.04375
0 0.8453125 0.43203125 0.05 0.0453125
0 0.6796875 0.646875 0.04375 0.040625
0 0.8296875 0.3359375 0.046875 0.046875
0 0.79453125 0.4515625 0.0453125 0.04375
0 0.32109375 0.93828125 0.0421875 0.0421875
0 0.2921875 0.815625 0.053125 0.053125
0 0.60625 0.78359375 0.046875 0.0421875
0 0.78125 0.57421875 0.046875 0.0390625
0 0.75859375 0.22578125 0.0453125 0.0421875
0 0.1640625 0.06484375 0.04375 0.0421875
0 0.79453125 0.5375 0.0453125 0.040625
0 0.59609375 0.62265625 0.0609375 0.0578125
0 0.9703125 0.075 0.040625 0.040625
0 0.88984375 0.7109375 0.0578125 0.05625
0 0.7796875 0.31328125 0.040625 0.0390625
0 0.76796875 0.11796875 0.0453125 0.0421875
0 0.2375 0.71484375 0.05 0.0484375
0 0.87734375 0.80625 0.0421875 0.0375
0 0.7890625 0.76171875 0.04375 0.0390625
0 0.86484375 0.48125 0.0421875 0.0375
0 0.18203125 0.559375 0.0484375 0.04375
0 0.18671875 0.44609375 0.0390625 0.0390625
0 0.60390625 0.6734375 0.0421875 0.040625
0 0.6734375 0.60546875 0.040625 0.0390625
0 0.78359375 0.93203125 0.0578125 0.0546875
0 0.1015625 0.9484375 0.05 0.04375
0 0.96171875 0.4328125 0.0546875 0.05625
0 0.08046875 0.4078125 0.0421875 0.040625
0 0.68515625 0.92734375 0.0484375 0.0453125
0 0.78671875 0.70703125 0.0484375 0.0453125
0 0.69296875 0.5640625 0.0390625 0.0375
0 0.871875 0.52578125 0.053125 0.0421875
0 0.45625 0.03828125 0.046875 0.0421875
0 0.29296875 0.6078125 0.0390625 0.0375
0 0.47265625 0.09453125 0.0421875 0.0390625
0 0.6890625 0.71796875 0.040625 0.0390625
0 0.29375 0.14140625 0.034375 0.0328125
0 0.75625 0.61171875 0.040625 0.0390625
0 0.95078125 0.5859375 0.0421875 0.04375
0 0.759375 0.6484375 0.0375 0.034375
0 0.6015625 0.8921875 0.040625 0.040625
0 0.7703125 0.06171875 0.040625 0.0359375
0 0.675 0.41796875 0.040625 0.0421875
0 0.18984375 0.3953125 0.0390625 0.040625
0 0.66015625 0.33671875 0.0390625 0.0421875
0 0.2640625 0.11796875 0.05625 0.0546875
0 0.56796875 0.040625 0.0515625 0.040625
0 0.59375 0.51015625 0.034375 0.0359375
0 0.8140625 0.840625 0.040625 0.0375
0 0.8703125 0.0203125 0.040625 0.034375
0 0.01640625 0.05625 0.0296875 0.034375
0 0.01796875 0.09296875 0.0296875 0.0265625
0 0.21796875 0.8640625 0.0296875 0.03125
0 0.3 0.98515625 0.046875 0.0234375
0 0.2203125 0.9890625 0.0375 0.021875
0 0.2390625 0.6234375 0.03125 0.03125
0 0.2578125 0.56796875 0.0375 0.0328125
0 0.32109375 0.68125 0.0421875 0.046875
0 0.3203125 0.74375 0.0375 0.040625
0 0.2796875 0.7296875 0.034375 0.0375
0 0.29375 0.471875 0.03125 0.028125
0 0.2703125 0.2296875 0.0375 0.03125
0 0.2765625 0.0609375 0.04375 0.03125
0 0.27421875 0.01875 0.0390625 0.028125
0 0.39140625 0.040625 0.0359375 0.04375
0 0.5796875 0.1046875 0.05625 0.046875
0 0.59921875 0.14609375 0.0296875 0.0265625
0 0.571875 0.165625 0.021875 0.034375
0 0.71015625 0.16328125 0.0234375 0.0296875
0 0.7546875 0.1640625 0.028125 0.03125
0 0.796875 0.209375 0.034375 0.046875
0 0.97890625 0.1796875 0.0421875 0.04375
0 0.98515625 0.1203125 0.0234375 0.03125
0 0.9484375 0.50234375 0.03125 0.0328125
0 0.98671875 0.62578125 0.0265625 0.0390625
0 0.9828125 0.67578125 0.034375 0.0359375
0 0.98359375 0.71171875 0.0296875 0.0421875
0 0.98828125 0.77578125 0.0234375 0.0359375
0 0.9828125 0.79921875 0.03125 0.0390625
0 0.98828125 0.86328125 0.0234375 0.0390625
0 0.9765625 0.9125 0.034375 0.040625
0 0.80390625 0.8015625 0.0359375 0.0375
0 0.69453125 0.76484375 0.0421875 0.0390625
0 0.61953125 0.73359375 0.0359375 0.0359375
0 0.5953125 0.5515625 0.03125 0.0375
0 0.66796875 0.46015625 0.0484375 0.0453125
0 0.590625 0.3734375 0.0375 0.021875
0 0.615625 0.3984375 0.04375 0.03125
0 0.765625 0.365625 0.034375 0.053125
0 0.8375 0.609375 0.034375 0.034375
0 0.878125 0.56484375 0.034375 0.0296875
0 0.4078125 0.15859375 0.03125 0.0234375
0 0.41875 0.18046875 0.040625 0.0265625
