0 0.7171875 0.028125 0.05 0.05
0 0.62578125 0.10625 0.0484375 0.05
0 0.7265625 0.51640625 0.04375 0.0453125
0 0.05 0.50859375 0.040625 0.0390625
0 0.13984375 0.50390625 0.0453125 0.0390625
0 0.55546875 0.88671875 0.0421875 0.0421875
0 0.91640625 0.4203125 0.0484375 0.046875
0 0.8515625 0.7828125 0.059375 0.046875
0 0.6265625 0.053125 0.05 0.04375
0 0.7296875 0.57109375 0.046875 0.0484375
0 0.92109375 0.546875 0.0546875 0.046875
0 0.15234375 0.46484375 0.0390625 0.0390625
0 0.71328125 0.40546875 0.0390625 0.0421875
0 0.93359375 0.7671875 0.0484375 0.040625
0 0.90390625 0.234375 0.0515625 0.05
0 0.840625 0.4703125 0.040625 0.040625
0 0.83671875 0.64140625 0.0484375 0.0453125
0 0.3125 0.1140625 0.04375 0.04375
0 0.92578125 0.67421875 0.0546875 0.0546875
0 0.825 0.20546875 0.046875 0.0453125
0 0.74453125 0.8015625 0.0515625 0.053125
0 0.85 0.73671875 0.053125 0.0453125
0 0.634375 0.1734375 0.046875 0.046875
0 0.64921875 0.478125 0.0421875 0.040625
0 0.9203125 0.6015625 0.053125 0.04375
0 0.62421875 0.21640625 0.0421875 0.0421875
0 0.52890625 0.4421875 0.0421875 0.05
0 0.45625 0.428125 0.046875 0.04375
0 0.53828125 0.51640625 0.0546875 0.0515625
0 0.64765625 0.52109375 0.0453125 0.0453125
0 0.15859375 0.5390625 0.0421875 0.040625
0 0.8546875 0.525 0.05 0.046875
0 0.73984375 0.71953125 0.0359375 0.0390625
0 0.71875 0.125 0.0625 0.05625
0 0.65703125 0.6328125 0.0421875 0.040625
0 0.0765625 0.8890625 0.0375 0.034375
0 0.8515625 0.6828125 0.04375 0.0375
0 0.7578125 0.884375 0.05625 0.053125
0 0.42890625 0.0625 0.0453125 0.046875
0 0.51484375 0.21953125 0.0421875 0.0421875
0 0.83671875 0.58984375 0.0453125 0.0421875
0 0.85234375 0.93671875 0.0453125 0.0390625
0 0.13359375 0.18046875 0.0421875 0.0390625
0 0.525 0.29453125 0.0625 0.0609375
0 0.5390625 0.8390625 0.04375 0.04375
0 0.44140625 0.24296875 0.0390625 0.0421875
0 0.32421875 0.07578125 0.0421875 0.0359375
0 0.175 0.75859375 0.0375 0.0359375
0 0.46875 0.63203125 0.05 0.0421875
0 0.87265625 0.8921875 0.0484375 0.040625
0 0.059375 0.55625 0.040625 0.04375
0 0.475 0.83203125 0.046875 0.0390625
0 0.1671875 0.6796875 0.0375 0.034375
0 0.3328125 0.803125 0.04375 0.0375
0 0.325 0.25859375 0.0375 0.0359375
0 0.9296875 0.4734375 0.053125 0.04375
0 0.421875 0.18203125 0.05 0.0421875
0 0.93515625 0.8125 0.0453125 0.04375
0 0.7421875 0.96015625 0.046875 0.0484375
0 0.82109375 0.0421875 0.0390625 0.0375
0 0.2859375 0.69375 0.04375 0.040625
0 0.45546875 0.45625 0.0359375 0.034375
0 0.7453125 0.76875 0.0375 0.034375
0 0.23203125 0.11640625 0.0421875 0.0390625
0 0.74140625 0.665625 0.0359375 0.0375
0 0.73046875 0.46875 0.0359375 0.0375
0 0.5609375 0.93203125 0.046875 0.0390625
0 0.4734375 0.95703125 0.046875 0.0484375
0 0.65625 0.6859375 0.05625 0.059375
0 0.27734375 0.43671875 0.0453125 0.0359375
0 0.26796875 0.4859375 0.0328125 0.03125
0 0.2609375 0.51328125 0.0375 0.0203125
0 0.26484375 0.5703125 0.0421875 0.028125
0 0.33359375 0.59296875 0.0359375 0.0359375
0 0.346875 0.56171875 0.028125 0.0296875
0 0.3390625 0.46953125 0.03125 0.0296875
0 0.34453125 0.72421875 0.0296875 0.0328125
0 0.3625 0.6703125 0.034375 0.025
0 0.38671875 0.8484375 0.0328125 0.03125
0 0.36875 0.8671875 0.028125 0.0375
0 0.3625 0.9109375 0.034375 0.0375
0 0.278125 0.92734375 0.0375 0.0265625
0 0.19296875 0.92734375 0.0359375 0.0359375
0 0.175 0.8421875 0.028125 0.01875
0 0.16953125 0.809375 0.0203125 0.015625
0 0.18515625 0.87578125 0.0171875 0.0203125
0 0.06640625 0.609375 0.0484375 0.028125
0 0.434375 0.1296875 0.034375 0.021875
0 0.49375 0.1765625 0.034375 0.01875
0 0.49765625 0.14453125 0.0328125 0.0296875
0 0.528125 0.08984375 0.028125 0.0265625
0 0.509375 0.05 0.034375 0.028125
0 0.52890625 0.01328125 0.0328125 0.0203125
0 0.31875 0.03203125 0.034375 0.0359375
0 0.23359375 0.0578125 0.0265625 0.028125
0 0.115625 0.021875 0.028125 0.021875
0 0.134375 0.0875 0.028125 0.021875
0 0.146875 0.14140625 0.025 0.0265625
0 0.03125 0.06640625 0.028125 0.0203125
0 0.046875 0.0328125 0.028125 0.025
0 0.05234375 0.20703125 0.0390625 0.0390625
0 0.9109375 0.1359375 0.03125 0.025
0 0.91484375 0.096875 0.0328125 0.028125
0 0.8234375 0.140625 0.025 0.025
0 0.94609375 0.940625 0.0421875 0.04375
0 0.93515625 0.88515625 0.0359375 0.0296875
0 0.9421875 0.853125 0.04375 0.028125
0 0.53359375 0.67578125 0.0359375 0.0234375
0 0.55390625 0.71484375 0.0359375 0.0203125
0 0.55 0.76015625 0.034375 0.0234375
0 0.546875 0.7890625 0.034375 0.021875
0 0.56796875 0.9859375 0.0359375 0.028125
0 0.36796875 0.7609375 0.0265625 0.025
0 0.53203125 0.6203125 0.0296875 0.03125
0 0.5328125 0.57734375 0.03125 0.0296875
0 0.4515625 0.55390625 0.0375 0.0328125
0 0.46328125 0.5953125 0.0296875 0.03125
0 0.4609375 0.50703125 0.03125 0.0359375
0 0.8421875 0.4296875 0.03125 0.034375
0 0.3265625 0.2265625 0.0375 0.03125
0 0.334375 0.31328125 0.028125 0.0390625
0 0.28203125 0.81171875 0.0296875 0.0359375
0 0.28671875 0.85625 0.0390625 0.028125
0 0.171875 0.96484375 0.034375 0.0296875
0 0.13515625 0.975 0.0296875 0.021875
0 0.09375 0.91953125 0.021875 0.0203125
0 0.07265625 0.84375 0.0203125 0.028125
0 0.0734375 0.7453125 0.028125 0.0375
0 0.065625 0.64609375 0.040625 0.0328125
0 0.15703125 0.634375 0.0390625 0.028125
0 0.1515625 0.6046875 0.03125 0.03125
0 0.1265625 0.2609375 0.03125 0.03125
0 0.2609375 0.2703125 0.028125 0.028125
0 0.64453125 0.58046875 0.0421875 0.0359375
0 0.66484375 0.85625 0.0421875 0.040625
0 0.678125 0.8140625 0.028125 0.021875
0 0.4921875 0.8 0.025 0.021875
0 0.33828125 0.63671875 0.0390625 0.0265625
