0 0.3328125 0.82421875 0.05 0.0453125
0 0.303125 0.2859375 0.046875 0.04375
0 0.03125 0.76328125 0.05625 0.0515625
0 0.24375 0.7921875 0.04375 0.040625
0 0.21875 0.2890625 0.04375 0.040625
0 0.27890625 0.04609375 0.0390625 0.0390625
0 0.3125 0.646875 0.046875 0.04375
0 0.51875 0.25078125 0.046875 0.0421875
0 0.28984375 0.16171875 0.0484375 0.0421875
0 0.83828125 0.82578125 0.0515625 0.0515625
0 0.059375 0.81015625 0.05 0.0453125
0 0.5328125 0.8640625 0.05625 0.046875
0 0.50703125 0.06171875 0.0421875 0.0390625
0 0.03359375 0.7203125 0.0515625 0.04375
0 0.32421875 0.33984375 0.0453125 0.0453125
0 0.05 0.9265625 0.053125 0.05
0 0.86484375 0.64453125 0.0421875 0.0421875
0 0.23984375 0.62421875 0.0515625 0.0453125
0 0.03125 0.6265625 0.053125 0.046875
0 0.9203125 0.553125 0.04375 0.040625
0 0.32265625 0.57265625 0.0421875 0.0421875
0 0.5015625 0.20703125 0.053125 0.0484375
0 0.44296875 0.79609375 0.0515625 0.0453125
0 0.45390625 0.48671875 0.0546875 0.0484375
0 0.228125 0.74296875 0.05625 0.0515625
0 0.8546875 0.91015625 0.04375 0.0390625
0 0.87265625 0.865625 0.0421875 0.04375
0 0.225 0.24609375 0.04375 0.0390625
0 0.28515625 0.2046875 0.0390625 0.040625
0 0.12734375 0.96796875 0.0546875 0.0453125
0 0.453125 0.90546875 0.05 0.0421875
0 0.4484375 0.57265625 0.05 0.0484375
0 0.31953125 0.86171875 0.0515625 0.0421875
0 0.41875 0.21328125 0.05625 0.0515625
0 0.1265625 0.6734375 0.053125 0.046875
0 0.32265625 0.69140625 0.0421875 0.0421875
0 0.31875 0.746875 0.04375 0.040625
0 0.23046875 0.3734375 0.0515625 0.053125
0 0.725 0.62578125 0.040625 0.0390625
0 0.871875 0.95546875 0.05 0.0453125
0 0.34765625 0.6140625 0.0515625 0.053125
0 0.8953125 0.0921875 0.05 0.046875
0 0.3265625 0.4796875 0.04375 0.04375
0 0.0984375 0.515625 0.053125 0.046875
0 0.43828125 0.34375 0.0546875 0.046875
0 0.12578125 0.87734375 0.0578125 0.0546875
0 0.3296875 0.784375 0.0375 0.034375
0 0.08515625 0.059375 0.0578125 0.05
0 0.4234375 0.12578125 0.053125 0.0515625
0 0.19140625 0.0828125 0.0453125 0.040625
0 0.53203125 0.71484375 0.0515625 0.0515625
0 0.10625 0.31875 0.059375 0.05
0 0.42734375 0.52109375 0.0546875 0.0484375
0 0.3421875 0.96640625 0.053125 0.0453125
0 0.5234375 0.6078125 0.046875 0.040625
0 0.46640625 0.75625 0.0515625 0.04375
0 0.45859375 0.95546875 0.0546875 0.0515625
0 0.03671875 0.67421875 0.0515625 0.0453125
0 0.3171875 0.24453125 0.040625 0.0390625
0 0.39375 0.04296875 0.046875 0.0390625
0 0.2328125 0.66328125 0.05625 0.0484375
0 0.521875 0.909375 0.05 0.040625
0 0.03125 0.37265625 0.05625 0.0515625
0 0.1 0.1671875 0.04375 0.046875
0 0.8640625 0.70078125 0.04375 0.0390625
0 0.23046875 0.53828125 0.0484375 0.0453125
0 0.428125 0.6296875 0.053125 0.046875
0 0.5015625 0.1140625 0.05625 0.046875
0 0.5609375 0.81953125 0.05 0.0484375
0 0.05078125 0.96875 0.0484375 0.040625
0 0.7984375 0.0328125 0.04375 0.0375
0 0.03046875 0.5625 0.0515625 0.053125
0 0.096875 0.3859375 0.05625 0.05
0 0.73984375 0.91953125 0.0390625 0.0390625
0 0.52109375 0.82578125 0.0453125 0.0390625
0 0.396875 0.084375 0.04375 0.04375
0 0.11875 0.7890625 0.05625 0.05625
0 0.24296875 0.86328125 0.0515625 0.0453125
0 0.91015625 0.51171875 0.0390625 0.0390625
0 0.4640625 0.37890625 0.05 0.0484375
0 0.453125 0.665625 0.046875 0.04375
0 0.2546875 0.94140625 0.05 0.0484375
0 0.0609375 0.86953125 0.053125 0.0515625
0 0.2046875 0.0546875 0.040625 0.0375
0 0.42109375 0.275 0.0671875 0.059375
0 0.53828125 0.57734375 0.0453125 0.0390625
0 0.26171875 0.978125 0.0390625 0.03125
0 0.43828125 0.72265625 0.0484375 0.0453125
0 0.4453125 0.859375 0.065625 0.059375
0 0.11640625 0.70859375 0.0421875 0.0234375
0 0.9390625 0.83046875 0.04375 0.0453125
0 0.10234375 0.2375 0.0671875 0.065625
0 0.23046875 0.33671875 0.0453125 0.0390625
0 0.240625 0.4953125 0.05 0.04375
0 0.51953125 0.95 0.0609375 0.05625
0 0.328125 0.93515625 0.04375 0.0390625
0 0.521875 0.51015625 0.0625 0.0640625
0 0.02734375 0.1953125 0.0515625 0.0625
0 0.21796875 0.13671875 0.0703125 0.0609375
0 0.10859375 0.56875 0.0609375 0.046875
0 0.3140625 0.3890625 0.0375 0.03125
0 0.290625 0.0921875 0.034375 0.0375
0 0.2 0.0140625 0.0375 0.025
0 0.08671875 0.0171875 0.0359375 0.03125
0 0.01640625 0.0578125 0.0265625 0.025
0 0.0140625 0.115625 0.025 0.0375
0 0.03125 0.290625 0.028125 0.040625
0 0.0359375 0.525 0.0375 0.034375
0 0.675 0.3203125 0.034375 0.025
0 0.80625 0.2015625 0.034375 0.025
0 0.809375 0.2625 0.040625 0.021875
0 0.8171875 0.3 0.0375 0.03125
0 0.91015625 0.353125 0.0421875 0.034375
0 0.9078125 0.20234375 0.0375 0.0390625
0 0.90625 0.15859375 0.034375 0.0296875
0 0.9859375 0.1234375 0.025 0.03125
0 0.51484375 0.29765625 0.0421875 0.0421875
0 0.51640625 0.35234375 0.0359375 0.0421875
0 0.6375 0.6109375 0.034375 0.03125
0 0.63046875 0.64140625 0.0359375 0.0328125
0 0.64375 0.6984375 0.040625 0.03125
0 0.64140625 0.7328125 0.0328125 0.025
0 0.63828125 0.77421875 0.0296875 0.0328125
0 0.671875 0.79921875 0.025 0.0296875
0 0.67109375 0.86796875 0.0296875 0.0234375
0 0.671875 0.89765625 0.028125 0.0328125
0 0.7453125 0.85625 0.034375 0.034375
0 0.74375 0.79609375 0.021875 0.0234375
0 0.73828125 0.67734375 0.0234375 0.0234375
0 0.73359375 0.7234375 0.0296875 0.021875
0 0.65859375 0.96171875 0.0296875 0.0296875
0 0.73125 0.96640625 0.028125 0.0234375
0 0.76484375 0.9828125 0.0328125 0.03125
0 0.934375 0.7359375 0.028125 0.03125
0 0.871875 0.73671875 0.040625 0.0296875
0 0.86953125 0.78046875 0.0359375 0.0328125
0 0.93046875 0.69375 0.0265625 0.03125
0 0.9171875 0.62734375 0.03125 0.0359375
0 0.8484375 0.5859375 0.04375 0.03125
0 0.8578125 0.5484375 0.0375 0.03125
0 0.8484375 0.49453125 0.03125 0.0203125
0 0.9171875 0.4609375 0.028125 0.01875
0 0.64921875 0.559375 0.0328125 0.025
0 0.721875 0.55625 0.034375 0.021875
0 0.63046875 0.2 0.0296875 0.021875
0 0.6984375 0.02890625 0.0375 0.0234375
0 0.22265625 0.17890625 0.0359375 0.0296875
0 0.23359375 0.215625 0.0296875 0.034375
0 0.85703125 0.1234375 0.0265625 0.025
0 0.12734375 0.603125 0.0515625 0.03125
0 0.125 0.63671875 0.04375 0.0390625
0 0.09765625 0.740625 0.0390625 0.028125
0 0.1296875 0.73984375 0.034375 0.0265625
0 0.125 0.83828125 0.0375 0.0328125
0 0.14140625 0.921875 0.0234375 0.021875
0 0.940625 0.86875 0.025 0.034375
0 0.94921875 0.9140625 0.0265625 0.0375
0 0.96328125 0.9453125 0.0296875 0.0375
0 0.8734375 0.98671875 0.034375 0.0265625
