0 0.6265625 0.20625 0.05 0.05
0 0.72578125 0.61640625 0.0421875 0.0453125
0 0.7171875 0.12578125 0.05 0.0546875
0 0.6265625 0.153125 0.05 0.04375
0 0.13984375 0.60390625 0.0453125 0.0390625
0 0.05 0.6078125 0.040625 0.040625
0 0.15234375 0.56484375 0.0390625 0.0390625
0 0.85078125 0.8828125 0.0609375 0.046875
0 0.69609375 0.03359375 0.0484375 0.0484375
0 0.91640625 0.5203125 0.0484375 0.046875
0 0.92109375 0.646875 0.0546875 0.046875
0 0.90390625 0.334375 0.0515625 0.05
0 0.93359375 0.8671875 0.0484375 0.040625
0 0.7296875 0.67109375 0.046875 0.0484375
0 0.61484375 0.06484375 0.0484375 0.0390625
0 0.3125 0.2140625 0.04375 0.04375
0 0.65546875 0.7859375 0.0546875 0.05625
0 0.92578125 0.77421875 0.0546875 0.0546875
0 0.84140625 0.5703125 0.0421875 0.040625
0 0.64921875 0.578125 0.0421875 0.040625
0 0.9203125 0.7015625 0.053125 0.04375
0 0.8359375 0.7421875 0.046875 0.04375
0 0.825 0.30546875 0.046875 0.0453125
0 0.30703125 0.08046875 0.0515625 0.0453125
0 0.71328125 0.50546875 0.0390625 0.0421875
0 0.85 0.83671875 0.053125 0.0453125
0 0.634375 0.2734375 0.046875 0.046875
0 0.53828125 0.6171875 0.0546875 0.053125
0 0.74453125 0.9015625 0.0515625 0.053125
0 0.45703125 0.52890625 0.0484375 0.0453125
0 0.528125 0.54296875 0.04375 0.0515625
0 0.646875 0.6203125 0.04375 0.04375
0 0.625 0.31640625 0.04375 0.0421875
0 0.8546875 0.62421875 0.05 0.0453125
0 0.159375 0.6390625 0.04375 0.040625
0 0.73984375 0.81953125 0.0359375 0.0390625
0 0.74140625 0.76484375 0.0359375 0.0390625
0 0.42890625 0.16171875 0.0421875 0.0484375
0 0.8515625 0.7828125 0.04375 0.0375
0 0.65703125 0.73359375 0.0421875 0.0390625
0 0.52578125 0.39453125 0.0609375 0.0609375
0 0.83671875 0.68984375 0.0453125 0.0421875
0 0.51484375 0.31953125 0.0421875 0.0421875
0 0.71875 0.225 0.0625 0.05625
0 0.440625 0.3421875 0.0375 0.040625
0 0.13359375 0.28046875 0.0421875 0.0390625
0 0.3234375 0.17578125 0.040625 0.0359375
0 0.61875 0.10859375 0.046875 0.0421875
0 0.9296875 0.57265625 0.053125 0.0453125
0 0.46875 0.73203125 0.05 0.0421875
0 0.05859375 0.65625 0.0390625 0.04375
0 0.77109375 0.96953125 0.0390625 0.0359375
0 0.1671875 0.7796875 0.0375 0.034375
0 0.175 0.85859375 0.0375 0.0359375
0 0.5390625 0.93984375 0.04375 0.0453125
0 0.47578125 0.93125 0.0453125 0.0375
0 0.325 0.35859375 0.0375 0.0359375
0 0.2359375 0.090625 0.046875 0.040625
0 0.83984375 0.525 0.0421875 0.040625
0 0.93515625 0.9125 0.0453125 0.04375
0 0.2859375 0.79375 0.04375 0.040625
0 0.4546875 0.55625 0.0375 0.034375
0 0.55625 0.9796875 0.0375 0.03125
0 0.421875 0.28203125 0.05 0.0421875
0 0.66640625 0.959375 0.0390625 0.040625
0 0.72890625 0.56796875 0.0359375 0.0390625
0 0.3328125 0.903125 0.04375 0.0375
0 0.23125 0.215625 0.040625 0.0375
0 0.821875 0.14296875 0.0375 0.0390625
0 0.5171875 0.0171875 0.0375 0.03125
0 0.5265625 0.1015625 0.040625 0.0375
0 0.7453125 0.86875 0.0375 0.034375
0 0.15546875 0.7234375 0.0359375 0.0375
0 0.2421875 0.1390625 0.0375 0.0375
0 0.3125 0.04375 0.04375 0.034375
0 0.33125 0.409375 0.028125 0.034375
0 0.44375 0.3890625 0.05 0.0375
0 0.8234375 0.2359375 0.0375 0.0375
0 0.903125 0.19609375 0.05 0.0328125
0 0.90546875 0.2375 0.0328125 0.028125
0 0.321875 0.13515625 0.03125 0.0390625
0 0.09140625 0.08984375 0.0359375 0.0359375
0 0.1140625 0.128125 0.03125 0.034375
0 0.1375 0.190625 0.034375 0.034375
0 0.0484375 0.13828125 0.028125 0.0328125
0 0.03125 0.0890625 0.03125 0.03125
0 0.21328125 0.0125 0.0390625 0.021875
0 0.215625 0.05078125 0.0375 0.0296875
0 0.05859375 0.30625 0.0390625 0.034375
0 0.2578125 0.61875 0.03125 0.034375
0 0.26875 0.58359375 0.040625 0.0296875
0 0.2765625 0.52890625 0.040625 0.0421875
0 0.3375 0.57578125 0.034375 0.0484375
0 0.35546875 0.62890625 0.0328125 0.0265625
0 0.34765625 0.6578125 0.0296875 0.03125
0 0.2609375 0.66875 0.059375 0.028125
0 0.2609375 0.6984375 0.03125 0.028125
0 0.33046875 0.69453125 0.0328125 0.0328125
0 0.33984375 0.73359375 0.0359375 0.0203125
0 0.34921875 0.75078125 0.0265625 0.0203125
0 0.3640625 0.7734375 0.0375 0.03125
0 0.3359375 0.834375 0.0375 0.034375
0 0.38125 0.90234375 0.040625 0.0234375
0 0.38515625 0.940625 0.0296875 0.028125
0 0.36875 0.96875 0.028125 0.0375
0 0.4484375 0.66171875 0.03125 0.0359375
0 0.46171875 0.60859375 0.0265625 0.0203125
0 0.47890625 0.6828125 0.0265625 0.0375
0 0.534375 0.7796875 0.040625 0.03125
0 0.53203125 0.6734375 0.0359375 0.03125
0 0.53984375 0.71875 0.0296875 0.03125
0 0.5484375 0.81875 0.03125 0.034375
0 0.54609375 0.859375 0.0265625 0.025
0 0.5484375 0.89453125 0.03125 0.0296875
0 0.47421875 0.88984375 0.0203125 0.0296875
0 0.6828125 0.8359375 0.0375 0.028125
0 0.68125 0.9125 0.028125 0.0375
0 0.94375 0.96484375 0.034375 0.0421875
0 0.27890625 0.90390625 0.0328125 0.0390625
0 0.1734375 0.93828125 0.0375 0.0390625
0 0.184375 0.975 0.028125 0.028125
0 0.07734375 0.9875 0.0484375 0.025
0 0.078125 0.9375 0.01875 0.034375
0 0.07578125 0.8453125 0.0203125 0.025
0 0.05546875 0.7078125 0.0234375 0.028125
0 0.075 0.71875 0.028125 0.034375
0 0.06171875 0.5390625 0.0390625 0.025
0 0.03203125 0.03203125 0.0390625 0.0234375
0 0.3328125 0.31953125 0.04375 0.0296875
0 0.51015625 0.15 0.0484375 0.028125
0 0.5265625 0.1859375 0.03125 0.0375
0 0.5015625 0.246875 0.03125 0.025
0 0.49453125 0.27578125 0.0328125 0.0265625
0 0.44140625 0.23515625 0.0484375 0.0359375
0 0.4265625 0.06015625 0.015625 0.0234375
0 0.46953125 0.790625 0.0359375 0.03125
