0 0.03671875 0.21796875 0.0546875 0.0515625
0 0.778125 0.08203125 0.05 0.0484375
0 0.2671875 0.90859375 0.05 0.0453125
0 0.33515625 0.72109375 0.0453125 0.0390625
0 0.41640625 0.14296875 0.0421875 0.0421875
0 0.46484375 0.84375 0.0421875 0.04375
0 0.73046875 0.76640625 0.0421875 0.0421875
0 0.25390625 0.58359375 0.0453125 0.0421875
0 0.23984375 0.4625 0.0359375 0.0375
0 0.0578125 0.96015625 0.0625 0.0546875
0 0.4734375 0.0203125 0.053125 0.0375
0 0.04765625 0.4125 0.0453125 0.040625
0 0.0453125 0.521875 0.04375 0.040625
0 0.26953125 0.86015625 0.0421875 0.0390625
0 0.14140625 0.82265625 0.0453125 0.0453125
0 0.25234375 0.68203125 0.0359375 0.0359375
0 0.6796875 0.96875 0.04375 0.040625
0 0.35078125 0.9484375 0.0390625 0.040625
0 0.9015625 0.60859375 0.04375 0.0484375
0 0.29453125 0.37109375 0.0421875 0.0359375
0 0.02734375 0.109375 0.0453125 0.046875
0 0.06953125 0.6203125 0.0453125 0.04375
0 0.6109375 0.38359375 0.05 0.0390625
0 0.3 0.4109375 0.034375 0.0375
0 0.78203125 0.14453125 0.0390625 0.0390625
0 0.10546875 0.69140625 0.0515625 0.0421875
0 0.24765625 0.51171875 0.0359375 0.0359375
0 0.65390625 0.709375 0.0359375 0.0375
0 0.85859375 0.94453125 0.0359375 0.0390625
0 0.1109375 0.103125 0.034375 0.034375
0 0.3546875 0.77265625 0.03125 0.0328125
0 0.1484375 0.8953125 0.04375 0.04375
0 0.31484375 0.63046875 0.0328125 0.0328125
0 0.14296875 0.775 0.0328125 0.0375
0 0.09453125 0.13125 0.0328125 0.0375
0 0.79453125 0.01875 0.0515625 0.034375
0 0.31015625 0.45859375 0.0390625 0.0296875
0 0.11796875 0.42109375 0.0421875 0.0296875
0 0.13203125 0.53984375 0.0484375 0.0390625
0 0.12890625 0.57265625 0.0390625 0.0265625
0 0.1546875 0.68203125 0.03125 0.0296875
0 0.82109375 0.63515625 0.0390625 0.0328125
0 0.8828125 0.671875 0.028125 0.03125
0 0.82890625 0.7484375 0.0328125 0.03125
0 0.73984375 0.846875 0.0421875 0.040625
0 0.73203125 0.91640625 0.0265625 0.0359375
0 0.66796875 0.87890625 0.0359375 0.0359375
0 0.671875 0.825 0.0375 0.034375
0 0.675 0.79453125 0.028125 0.0234375
0 0.6515625 0.74296875 0.04375 0.0328125
0 0.7046875 0.665625 0.05 0.028125
0 0.71171875 0.7140625 0.0296875 0.03125
0 0.70390625 0.61484375 0.0328125 0.0296875
0 0.64375 0.59140625 0.034375 0.0234375
0 0.64453125 0.621875 0.0296875 0.028125
0 0.65 0.546875 0.040625 0.034375
0 0.7140625 0.54140625 0.03125 0.0328125
0 0.6875 0.50234375 0.03125 0.0296875
0 0.69296875 0.428125 0.0328125 0.034375
0 0.68984375 0.390625 0.0265625 0.021875
0 0.890625 0.5015625 0.034375 0.0375
0 0.8796875 0.5515625 0.0375 0.03125
0 0.81875 0.596875 0.034375 0.034375
0 0.8296875 0.49296875 0.03125 0.0296875
0 0.84296875 0.5234375 0.0328125 0.03125
0 0.82265625 0.44453125 0.0359375 0.0265625
0 0.8203125 0.40234375 0.040625 0.0359375
0 0.884375 0.35859375 0.040625 0.0296875
0 0.98671875 0.0546875 0.0265625 0.034375
0 0.98515625 0.09140625 0.0296875 0.0359375
0 0.671875 0.06484375 0.034375 0.0328125
0 0.65859375 0.03125 0.0484375 0.034375
0 0.67734375 0.12890625 0.0390625 0.0390625
0 0.5921875 0.11875 0.0375 0.028125
0 0.2953125 0.05 0.0375 0.028125
0 0.30234375 0.0671875 0.0328125 0.028125
0 0.29140625 0.13046875 0.0328125 0.0296875
0 0.17265625 0.0265625 0.0390625 0.025
0 0.19140625 0.05546875 0.0265625 0.0171875
0 0.0171875 0.04921875 0.03125 0.0390625
0 0.10234375 0.17734375 0.0359375 0.0328125
0 0.3171875 0.528125 0.0375 0.034375
0 0.22890625 0.54765625 0.0328125 0.0359375
0 0.13203125 0.94765625 0.0328125 0.0328125
0 0.34296875 0.88046875 0.0328125 0.0359375
0 0.28125 0.9671875 0.034375 0.03125
0 0.25 0.8203125 0.034375 0.03125
0 0.26171875 0.753125 0.0421875 0.034375
0 0.2421875 0.63359375 0.0375 0.0296875
0 0.22265625 0.3921875 0.0453125 0.040625
0 0.4765625 0.4265625 0.03125 0.03125
0 0.42578125 0.484375 0.0265625 0.03125
0 0.51875 0.515625 0.034375 0.028125
0 0.4421875 0.5171875 0.03125 0.03125
0 0.49296875 0.6078125 0.0234375 0.025
0 0.459375 0.8078125 0.028125 0.00625
0 0.4734375 0.73203125 0.021875 0.0265625
0 0.53203125 0.8390625 0.0234375 0.025
0 0.53046875 0.8171875 0.0234375 0.03125
0 0.53203125 0.88671875 0.0265625 0.0296875
