0 0.36796875 0.85546875 0.0484375 0.0453125
0 0.47265625 0.74296875 0.0421875 0.0390625
0 0.15078125 0.58359375 0.0421875 0.0421875
0 0.84296875 0.77890625 0.0515625 0.0453125
0 0.55390625 0.88671875 0.0484375 0.0453125
0 0.1734375 0.8875 0.05 0.046875
0 0.55078125 0.96015625 0.0515625 0.0515625
0 0.1515625 0.6390625 0.05 0.04375
0 0.3625 0.78125 0.05 0.05
0 0.16953125 0.7234375 0.0453125 0.040625
0 0.5484375 0.62578125 0.040625 0.0421875
0 0.16875 0.9609375 0.046875 0.04375
0 0.35390625 0.56640625 0.0453125 0.0484375
0 0.53046875 0.5140625 0.0421875 0.040625
0 0.9125 0.50703125 0.046875 0.0453125
0 0.7359375 0.86328125 0.046875 0.0421875
0 0.66640625 0.7984375 0.0421875 0.040625
0 0.0671875 0.61796875 0.046875 0.0390625
0 0.47109375 0.684375 0.0390625 0.04375
0 0.9234375 0.6609375 0.040625 0.040625
0 0.46328125 0.80625 0.0453125 0.04375
0 0.0765625 0.6546875 0.04375 0.040625
0 0.446875 0.59453125 0.05 0.0484375
0 0.28515625 0.7859375 0.0453125 0.04375
0 0.0953125 0.51484375 0.04375 0.0390625
0 0.06484375 0.1140625 0.0515625 0.046875
0 0.54296875 0.77578125 0.0390625 0.0390625
0 0.4609375 0.55234375 0.04375 0.0421875
0 0.82265625 0.01875 0.0453125 0.034375
0 0.93984375 0.74375 0.0515625 0.04375
0 0.15234375 0.4140625 0.0453125 0.046875
0 0.153125 0.24453125 0.05 0.0390625
0 0.35625 0.62890625 0.04375 0.0390625
0 0.82734375 0.053125 0.0421875 0.034375
0 0.8390625 0.53984375 0.040625 0.0390625
0 0.16171875 0.77890625 0.0421875 0.0453125
0 0.83046875 0.6078125 0.0453125 0.04375
0 0.4515625 0.42734375 0.0375 0.0359375
0 0.925 0.78671875 0.0375 0.0390625
0 0.93359375 0.95 0.0421875 0.04375
0 0.14765625 0.18671875 0.0421875 0.0390625
0 0.1015625 0.7953125 0.046875 0.0375
0 0.903125 0.08203125 0.04375 0.0484375
0 0.9203125 0.23828125 0.0375 0.0390625
0 0.91484375 0.1859375 0.0359375 0.0375
0 0.6625 0.95 0.034375 0.034375
0 0.16796875 0.53046875 0.0453125 0.0421875
0 0.85078125 0.86640625 0.0390625 0.0359375
0 0.85234375 0.821875 0.0390625 0.034375
0 0.346875 0.7109375 0.040625 0.034375
0 0.73359375 0.765625 0.0421875 0.040625
0 0.28828125 0.7328125 0.0359375 0.034375
0 0.17265625 0.2828125 0.0421875 0.0375
0 0.56875 0.675 0.0375 0.0375
0 0.265625 0.046875 0.0375 0.0375
0 0.8453125 0.7296875 0.0375 0.0375
0 0.7296875 0.49375 0.040625 0.040625
0 0.09609375 0.8390625 0.0578125 0.046875
0 0.2671875 0.93125 0.053125 0.05
0 0.84453125 0.4953125 0.0453125 0.0375
0 0.46328125 0.50546875 0.0328125 0.0359375
0 0.90078125 0.06796875 0.0421875 0.0421875
0 0.65859375 0.63203125 0.0421875 0.0359375
0 0.09453125 0.75390625 0.0390625 0.0390625
0 0.75078125 0.6 0.0609375 0.053125
0 0.15546875 0.1578125 0.0421875 0.034375
0 0.1046875 0.878125 0.04375 0.0375
0 0.26875 0.6296875 0.034375 0.034375
0 0.8578125 0.90859375 0.0375 0.0359375
0 0.7515625 0.91484375 0.0375 0.0390625
0 0.0859375 0.5546875 0.0375 0.034375
0 0.4640625 0.6390625 0.034375 0.034375
0 0.35078125 0.484375 0.0265625 0.03125
0 0.2671875 0.25078125 0.0375 0.0359375
0 0.2578125 0.2140625 0.025 0.025
0 0.2859375 0.20625 0.025 0.028125
0 0.271875 0.128125 0.028125 0.040625
0 0.153125 0.071875 0.040625 0.034375
0 0.1328125 0.02109375 0.04375 0.0359375
0 0.05390625 0.0390625 0.0421875 0.0375
0 0.159375 0.10703125 0.040625 0.0328125
0 0.1671875 0.46171875 0.03125 0.0515625
0 0.08125 0.4390625 0.040625 0.0375
0 0.10625 0.7046875 0.04375 0.0375
0 0.1625 0.80625 0.034375 0.040625
0 0.25078125 0.83984375 0.0265625 0.0328125
0 0.27109375 0.5578125 0.0359375 0.05
0 0.38828125 0.39375 0.0390625 0.028125
0 0.540625 0.55078125 0.028125 0.0203125
0 0.5453125 0.58984375 0.025 0.0234375
0 0.6203125 0.571875 0.040625 0.028125
0 0.54140625 0.81015625 0.0328125 0.0296875
0 0.48515625 0.903125 0.0328125 0.028125
0 0.6703125 0.8515625 0.03125 0.0375
0 0.6640625 0.98046875 0.025 0.0328125
0 0.7609375 0.97890625 0.03125 0.0296875
0 0.85625 0.95703125 0.034375 0.0390625
0 0.95390625 0.99140625 0.0296875 0.0171875
0 0.94140625 0.90625 0.0390625 0.04375
0 0.95 0.8265625 0.040625 0.03125
0 0.92734375 0.69375 0.0390625 0.028125
0 0.9125 0.53984375 0.04375 0.0234375
0 0.8234375 0.4453125 0.0375 0.03125
0 0.9390625 0.42265625 0.03125 0.0296875
0 0.5046875 0.465625 0.05 0.028125
0 0.54765625 0.2140625 0.0328125 0.03125
0 0.4796875 0.2109375 0.0375 0.0375
0 0.4671875 0.128125 0.03125 0.025
0 0.3578125 0.15234375 0.025 0.0265625
0 0.3671875 0.20703125 0.03125 0.0265625
0 0.365625 0.06171875 0.034375 0.0234375
0 0.53125 0.0140625 0.034375 0.021875
0 0.81875 0.10625 0.046875 0.046875
0 0.7203125 0.1203125 0.034375 0.025
0 0.6484375 0.0578125 0.03125 0.025
0 0.68828125 0.20078125 0.0265625 0.0203125
0 0.64453125 0.20625 0.0203125 0.028125
0 0.8375 0.18515625 0.028125 0.0234375
0 0.84375 0.21484375 0.021875 0.0234375
