0 0.09296875 0.34453125 0.0515625 0.0453125
0 0.4015625 0.81484375 0.046875 0.0421875
0 0.49296875 0.21953125 0.0484375 0.0484375
0 0.96953125 0.80859375 0.0421875 0.0484375
0 0.1 0.1234375 0.046875 0.046875
0 0.16796875 0.56484375 0.0484375 0.0453125
0 0.75234375 0.159375 0.0453125 0.04375
0 0.93828125 0.06640625 0.0453125 0.0421875
0 0.571875 0.33125 0.04375 0.04375
0 0.11171875 0.65078125 0.0515625 0.0484375
0 0.17578125 0.12578125 0.0453125 0.0421875
0 0.96796875 0.59375 0.0421875 0.05
0 0.17421875 0.2890625 0.0484375 0.046875
0 0.38515625 0.72109375 0.0453125 0.0390625
0 0.88203125 0.84140625 0.0546875 0.0515625
0 0.56796875 0.08125 0.0546875 0.053125
0 0.10546875 0.78203125 0.0453125 0.0421875
0 0.20859375 0.8953125 0.0546875 0.046875
0 0.3734375 0.67109375 0.05625 0.0484375
0 0.1 0.5703125 0.046875 0.040625
0 0.17890625 0.6125 0.0515625 0.05
0 0.5609375 0.271875 0.040625 0.040625
0 0.090625 0.51640625 0.05 0.0484375
0 0.30859375 0.875 0.0515625 0.046875
0 0.36171875 0.54765625 0.0390625 0.0390625
0 0.30546875 0.7578125 0.0453125 0.040625
0 0.2 0.80390625 0.046875 0.0484375
0 0.6890625 0.31875 0.05 0.04375
0 0.09609375 0.18515625 0.0421875 0.0453125
0 0.1109375 0.903125 0.053125 0.05
0 0.1875 0.97265625 0.046875 0.0390625
0 0.28828125 0.653125 0.0484375 0.05
0 0.2953125 0.58203125 0.046875 0.0453125
0 0.46953125 0.0546875 0.0453125 0.04375
0 0.5640625 0.725 0.04375 0.040625
0 0.378125 0.7640625 0.04375 0.040625
0 0.17421875 0.759375 0.0515625 0.05
0 0.5015625 0.62578125 0.059375 0.0515625
0 0.10703125 0.0640625 0.0484375 0.05
0 0.37265625 0.60390625 0.0484375 0.0546875
0 0.5609375 0.2125 0.046875 0.04375
0 0.2703125 0.10625 0.040625 0.04375
0 0.66015625 0.0296875 0.0484375 0.040625
0 0.190625 0.71796875 0.04375 0.0421875
0 0.8921875 0.74453125 0.04375 0.0390625
0 0.39453125 0.94609375 0.0515625 0.0484375
0 0.1046875 0.29921875 0.04375 0.0421875
0 0.10390625 0.6046875 0.0421875 0.0375
0 0.10859375 0.97265625 0.0484375 0.0359375
0 0.8640625 0.159375 0.05 0.040625
0 0.1703125 0.19375 0.05 0.046875
0 0.025 0.69296875 0.040625 0.0390625
0 0.08515625 0.246875 0.0421875 0.040625
0 0.865625 0.1921875 0.046875 0.040625
0 0.940625 0.1015625 0.046875 0.040625
0 0.75859375 0.209375 0.0515625 0.05
0 0.31484375 0.93046875 0.0421875 0.0390625
0 0.9375 0.2328125 0.04375 0.040625
0 0.4734375 0.01640625 0.046875 0.0296875
0 0.5875 0.66953125 0.05 0.0453125
0 0.5140625 0.81328125 0.046875 0.0421875
0 0.29453125 0.96953125 0.0453125 0.0359375
0 0.16796875 0.059375 0.0390625 0.034375
0 0.94921875 0.14765625 0.0421875 0.0390625
0 0.19609375 0.08671875 0.0421875 0.0390625
0 0.18125 0.93671875 0.04375 0.0390625
0 0.1078125 0.70703125 0.053125 0.0484375
0 0.8828125 0.56171875 0.034375 0.0390625
0 0.18125 0.34765625 0.034375 0.0390625
0 0.28671875 0.46015625 0.0421875 0.0453125
0 0.2640625 0.3203125 0.05 0.04375
0 0.58359375 0.17578125 0.0390625 0.0359375
0 0.15078125 0.85703125 0.0453125 0.0421875
0 0.35 0.5125 0.04375 0.0375
0 0.38515625 0.0796875 0.0359375 0.0375
0 0.87421875 0.253125 0.0390625 0.040625
0 0.01796875 0.85859375 0.0328125 0.0421875
0 0.85390625 0.02578125 0.0421875 0.0359375
0 0.8625 0.115625 0.04375 0.040625
0 0.2046875 0.85703125 0.046875 0.0359375
0 0.1140625 0.7265625 0.053125 0.046875
0 0.9390625 0.27578125 0.040625 0.0359375
0 0.58203125 0.40703125 0.0421875 0.0390625
0 0.95625 0.7453125 0.040625 0.04375
0 0.59140625 0.7546875 0.0390625 0.0375
0 0.1140625 0.81796875 0.040625 0.0359375
0 0.86953125 0.0765625 0.0390625 0.034375
0 0.38125 0.21015625 0.040625 0.0328125
0 0.36328125 0.03828125 0.0390625 0.0328125
0 0.2390625 0.06484375 0.03125 0.0390625
0 0.090625 0.01953125 0.034375 0.0296875
0 0.18125 0.0125 0.03125 0.021875
0 0.1640625 0.509375 0.03125 0.034375
0 0.290625 0.52421875 0.034375 0.0359375
0 0.26484375 0.7125 0.0296875 0.034375
0 0.3015625 0.7203125 0.03125 0.01875
0 0.01328125 0.9375 0.0234375 0.034375
0 0.4 0.91875 0.04375 0.0375
0 0.396875 0.884375 0.040625 0.034375
0 0.015625 0.65078125 0.028125 0.0296875
0 0.88984375 0.775 0.0234375 0.021875
0 0.98828125 0.90078125 0.0234375 0.0421875
0 0.88984375 0.975 0.0296875 0.028125
0 0.96484375 0.678125 0.0328125 0.034375
0 0.8890625 0.7140625 0.0375 0.028125
0 0.9453125 0.01796875 0.0375 0.0328125
0 0.69453125 0.14765625 0.0390625 0.0296875
0 0.28359375 0.17421875 0.0328125 0.0234375
0 0.37421875 0.1328125 0.0328125 0.03125
0 0.54765625 0.01640625 0.0359375 0.0265625
0 0.7625 0.11015625 0.040625 0.0328125
0 0.72265625 0.98671875 0.0546875 0.0203125
