0 0.92890625 0.103125 0.0453125 0.040625
0 0.5453125 0.59609375 0.05 0.0484375
0 0.553125 0.40625 0.05625 0.05
0 0.1125 0.0296875 0.05625 0.05
0 0.3484375 0.6640625 0.046875 0.04375
0 0.72109375 0.034375 0.0546875 0.05
0 0.74453125 0.68125 0.0515625 0.046875
0 0.66171875 0.521875 0.0515625 0.046875
0 0.26640625 0.5171875 0.0453125 0.040625
0 0.65 0.0828125 0.05625 0.05
0 0.66953125 0.92578125 0.0515625 0.0453125
0 0.34375 0.74296875 0.04375 0.0390625
0 0.65 0.15859375 0.04375 0.0453125
0 0.36875 0.7859375 0.04375 0.04375
0 0.290625 0.89609375 0.04375 0.0453125
0 0.81640625 0.02265625 0.0515625 0.0421875
0 0.2484375 0.090625 0.046875 0.046875
0 0.4671875 0.52421875 0.04375 0.0390625
0 0.7546875 0.459375 0.053125 0.05625
0 0.88984375 0.21640625 0.0515625 0.0515625
0 0.75078125 0.55859375 0.0578125 0.0546875
0 0.75703125 0.634375 0.0453125 0.040625
0 0.6765625 0.56953125 0.05625 0.0546875
0 0.66875 0.85859375 0.05 0.0421875
0 0.34375 0.540625 0.04375 0.040625
0 0.24609375 0.146875 0.0484375 0.04375
0 0.3359375 0.2109375 0.05 0.046875
0 0.05 0.05546875 0.04375 0.0421875
0 0.26953125 0.70390625 0.0421875 0.0453125
0 0.28359375 0.9625 0.0453125 0.040625
0 0.1390625 0.44765625 0.05 0.0484375
0 0.54375 0.46953125 0.046875 0.0453125
0 0.2734375 0.39375 0.04375 0.046875
0 0.1265625 0.19609375 0.046875 0.0453125
0 0.55859375 0.64765625 0.0453125 0.0421875
0 0.2625 0.62890625 0.040625 0.0359375
0 0.7390625 0.25078125 0.05 0.0453125
0 0.871875 0.896875 0.05 0.05
0 0.6765625 0.73515625 0.05 0.0484375
0 0.55546875 0.54609375 0.0390625 0.0390625
0 0.36015625 0.57890625 0.0390625 0.0421875
0 0.659375 0.453125 0.053125 0.05
0 0.67265625 0.6484375 0.0421875 0.0375
0 0.44140625 0.03984375 0.0484375 0.0390625
0 0.30234375 0.0515625 0.0484375 0.040625
0 0.34296875 0.50234375 0.0390625 0.0359375
0 0.87265625 0.72890625 0.0421875 0.0453125
0 0.47421875 0.471875 0.0515625 0.046875
0 0.75625 0.60546875 0.04375 0.0359375
0 0.45078125 0.08359375 0.0453125 0.0390625
0 0.7296875 0.2015625 0.065625 0.053125
0 0.29140625 0.8359375 0.0421875 0.04375
0 0.48515625 0.7640625 0.0484375 0.05
0 0.56484375 0.81484375 0.0421875 0.0359375
0 0.75 0.52578125 0.0375 0.0328125
0 0.63125 0.0203125 0.059375 0.0375
0 0.36484375 0.87734375 0.0359375 0.0359375
0 0.9046875 0.06640625 0.046875 0.0421875
0 0.5625 0.6875 0.034375 0.034375
0 0.47109375 0.13125 0.0390625 0.040625
0 0.73203125 0.16640625 0.0390625 0.0328125
0 0.7296875 0.11015625 0.065625 0.0671875
0 0.08828125 0.7796875 0.0359375 0.0375
0 0.12890625 0.09765625 0.0390625 0.0390625
0 0.4640625 0.6734375 0.04375 0.046875
0 0.67578125 0.78828125 0.0421875 0.0359375
0 0.68203125 0.696875 0.0421875 0.034375
0 0.3140625 0.09609375 0.046875 0.0421875
0 0.3484375 0.621875 0.034375 0.034375
0 0.8375 0.0890625 0.04375 0.04375
0 0.32578125 0.15703125 0.0484375 0.0546875
0 0.08828125 0.70703125 0.0328125 0.0359375
0 0.65390625 0.96640625 0.0390625 0.0390625
0 0.2453125 0.23203125 0.04375 0.0359375
0 0.2546875 0.19765625 0.04375 0.0390625
0 0.34296875 0.421875 0.0359375 0.034375
0 0.95390625 0.7328125 0.0390625 0.040625
0 0.090625 0.965625 0.034375 0.03125
0 0.884375 0.9640625 0.034375 0.0375
0 0.5671875 0.77109375 0.040625 0.0359375
0 0.11640625 0.15234375 0.0421875 0.0359375
0 0.1484375 0.25234375 0.0375 0.0390625
0 0.06171875 0.509375 0.0390625 0.028125
0 0.153125 0.53828125 0.034375 0.0359375
0 0.0671875 0.6171875 0.0375 0.0375
0 0.05703125 0.57421875 0.0328125 0.0265625
0 0.13984375 0.6515625 0.0421875 0.0375
0 0.09609375 0.65703125 0.0328125 0.0359375
0 0.19453125 0.9015625 0.0296875 0.04375
0 0.14765625 0.78828125 0.0265625 0.0296875
0 0.153125 0.74296875 0.040625 0.0296875
0 0.2828125 0.76484375 0.0375 0.0265625
0 0.28671875 0.790625 0.0359375 0.034375
0 0.2734375 0.5609375 0.04375 0.03125
0 0.27109375 0.59765625 0.0453125 0.0328125
0 0.26328125 0.45625 0.0265625 0.040625
0 0.54921875 0.91171875 0.0296875 0.0265625
0 0.5578125 0.95078125 0.03125 0.0296875
0 0.559375 0.85859375 0.034375 0.0390625
0 0.50078125 0.87109375 0.0421875 0.0390625
0 0.48671875 0.834375 0.0359375 0.028125
0 0.49921875 0.89609375 0.0296875 0.0296875
0 0.54765625 0.978125 0.0359375 0.025
0 0.86796875 0.815625 0.0296875 0.028125
0 0.94375 0.809375 0.040625 0.034375
0 0.95625 0.9390625 0.046875 0.03125
0 0.9390625 0.6828125 0.025 0.028125
0 0.871875 0.63046875 0.034375 0.0234375
0 0.92265625 0.3984375 0.0359375 0.0375
0 0.925 0.43828125 0.034375 0.0328125
0 0.8546875 0.15078125 0.040625 0.0359375
0 0.62734375 0.221875 0.0265625 0.021875
0 0.67578125 0.2484375 0.0515625 0.03125
0 0.5328125 0.22890625 0.0375 0.0234375
0 0.5390625 0.2671875 0.034375 0.0375
0 0.45546875 0.2265625 0.0359375 0.028125
0 0.45859375 0.18046875 0.0296875 0.0265625
0 0.53046875 0.178125 0.0328125 0.053125
0 0.53203125 0.134375 0.0328125 0.03125
0 0.51875 0.0859375 0.034375 0.028125
0 0.5171875 0.04921875 0.03125 0.0296875
0 0.53203125 0.0109375 0.0265625 0.01875
0 0.44375 0.015625 0.028125 0.028125
0 0.45546875 0.26640625 0.0390625 0.0328125
0 0.3375 0.2640625 0.04375 0.03125
0 0.271875 0.28125 0.028125 0.028125
0 0.2421875 0.046875 0.04375 0.028125
0 0.31328125 0.0125 0.0421875 0.021875
0 0.06796875 0.16328125 0.0328125 0.0328125
0 0.07421875 0.19375 0.0296875 0.025
0 0.15703125 0.59375 0.0265625 0.028125
0 0.159375 0.90078125 0.034375 0.0390625
0 0.86875 0.3890625 0.021875 0.025
0 0.87578125 0.53359375 0.0296875 0.0234375
0 0.95546875 0.63203125 0.0203125 0.0359375
