0 0.6921875 0.559375 0.05 0.04375
0 0.74609375 0.021875 0.0515625 0.040625
0 0.4296875 0.925 0.04375 0.040625
0 0.9328125 0.4859375 0.053125 0.05
0 0.95703125 0.0671875 0.0484375 0.04375
0 0.31953125 0.62578125 0.0546875 0.0484375
0 0.33125 0.8765625 0.046875 0.04375
0 0.7640625 0.14921875 0.05625 0.0484375
0 0.96640625 0.17421875 0.0453125 0.0484375
0 0.75390625 0.06171875 0.0484375 0.0390625
0 0.12734375 0.68828125 0.0453125 0.0390625
0 0.40625 0.75390625 0.04375 0.0421875
0 0.3203125 0.8296875 0.046875 0.040625
0 0.41015625 0.8640625 0.0546875 0.053125
0 0.76484375 0.1046875 0.0421875 0.0375
0 0.5703125 0.64921875 0.04375 0.0390625
0 0.7859375 0.946875 0.05 0.04375
0 0.50703125 0.7640625 0.0453125 0.040625
0 0.17890625 0.56796875 0.0453125 0.0421875
0 0.7109375 0.18828125 0.04375 0.0421875
0 0.89453125 0.15703125 0.0453125 0.0390625
0 0.03125 0.92421875 0.046875 0.0390625
0 0.97421875 0.225 0.0359375 0.0375
0 0.33984375 0.9625 0.0390625 0.040625
0 0.78515625 0.609375 0.0484375 0.04375
0 0.59296875 0.7359375 0.0484375 0.04375
0 0.38984375 0.17734375 0.0390625 0.0359375
0 0.53203125 0.9765625 0.0390625 0.03125
0 0.29140625 0.02109375 0.0453125 0.0390625
0 0.6734375 0.51796875 0.04375 0.0390625
0 0.98046875 0.29921875 0.0296875 0.0390625
0 0.03203125 0.7515625 0.0359375 0.0375
0 0.50078125 0.678125 0.0578125 0.059375
0 0.8828125 0.22734375 0.040625 0.0359375
0 0.38203125 0.721875 0.0421875 0.040625
0 0.3328125 0.67890625 0.0375 0.0359375
0 0.871875 0.02578125 0.0375 0.0328125
0 0.7234375 0.93125 0.040625 0.040625
0 0.97578125 0.509375 0.0359375 0.040625
0 0.6203125 0.9390625 0.0375 0.040625
0 0.9015625 0.28203125 0.04375 0.0390625
0 0.1109375 0.59375 0.04375 0.04375
0 0.71875 0.59765625 0.0375 0.0359375
0 0.08125 0.01484375 0.040625 0.0265625
0 0.59375 0.58046875 0.04375 0.0359375
0 0.3328125 0.71875 0.0375 0.034375
0 0.02578125 0.70234375 0.0421875 0.0359375
0 0.60234375 0.86953125 0.0359375 0.0359375
0 0.77734375 0.50703125 0.0453125 0.0421875
0 0.16328125 0.79453125 0.0421875 0.0390625
0 0.51640625 0.2234375 0.0421875 0.040625
0 0.03828125 0.85 0.0421875 0.04375
0 0.78828125 0.66328125 0.0359375 0.0359375
0 0.3921875 0.25703125 0.046875 0.0453125
0 0.128125 0.72265625 0.03125 0.0296875
0 0.19453125 0.65 0.0328125 0.034375
0 0.16953125 0.9140625 0.0390625 0.0375
0 0.7078125 0.83203125 0.040625 0.0328125
0 0.17734375 0.0828125 0.0328125 0.028125
0 0.09375 0.0578125 0.034375 0.0375
0 0.11875 0.10703125 0.03125 0.0296875
0 0.21484375 0.190625 0.0359375 0.028125
0 0.11796875 0.14453125 0.0328125 0.0296875
0 0.13046875 0.215625 0.0265625 0.03125
0 0.121875 0.29609375 0.03125 0.0296875
0 0.19375 0.27890625 0.025 0.0171875
0 0.225 0.8078125 0.028125 0.03125
0 0.22578125 0.771875 0.0234375 0.021875
0 0.14609375 0.8625 0.0359375 0.028125
0 0.63046875 0.80390625 0.0328125 0.0421875
0 0.5109375 0.8625 0.03125 0.046875
0 0.68359375 0.796875 0.0265625 0.028125
0 0.6890625 0.73671875 0.021875 0.0234375
0 0.7078125 0.9765625 0.03125 0.03125
0 0.559375 0.9296875 0.028125 0.025
0 0.5359375 0.50234375 0.05 0.0328125
0 0.58515625 0.496875 0.0390625 0.034375
0 0.6921875 0.475 0.03125 0.028125
0 0.746875 0.22421875 0.034375 0.0328125
0 0.72578125 0.2828125 0.0390625 0.025
0 0.4953125 0.0171875 0.0375 0.0125
0 0.58828125 0.04296875 0.0578125 0.0328125
0 0.65234375 0.14140625 0.0453125 0.0328125
0 0.571875 0.16796875 0.028125 0.0265625
0 0.5953125 0.20859375 0.0375 0.0296875
0 0.509375 0.14296875 0.028125 0.0265625
0 0.5171875 0.1015625 0.01875 0.03125
0 0.4984375 0.0484375 0.0125 0.0125
0 0.396875 0.1140625 0.028125 0.025
0 0.38359375 0.06875 0.0234375 0.028125
0 0.29140625 0.196875 0.0296875 0.028125
0 0.2890625 0.2671875 0.025 0.03125
0 0.1796875 0.040625 0.03125 0.028125
0 0.31640625 0.115625 0.0359375 0.021875
0 0.321875 0.071875 0.028125 0.034375
0 0.85234375 0.265625 0.0359375 0.034375
0 0.86953125 0.0921875 0.0453125 0.03125
0 0.9203125 0.0421875 0.021875 0.03125
0 0.97890625 0.0171875 0.0265625 0.021875
0 0.8046875 0.6953125 0.04375 0.04375
0 0.634375 0.621875 0.040625 0.040625
0 0.41171875 0.61328125 0.0359375 0.0390625
0 0.39609375 0.5484375 0.0328125 0.03125
0 0.3390625 0.55546875 0.05 0.0328125
0 0.29453125 0.54921875 0.0296875 0.0234375
0 0.7296875 0.86171875 0.0375 0.0390625
0 0.7265625 0.89375 0.034375 0.028125
0 0.59296875 0.79375 0.0421875 0.046875
0 0.5140625 0.79765625 0.034375 0.0296875
0 0.41796875 0.79765625 0.0296875 0.0265625
0 0.334375 0.7515625 0.040625 0.03125
0 0.190625 0.6921875 0.040625 0.0375
0 0.14140625 0.75 0.0421875 0.028125
0 0.04140625 0.66640625 0.0453125 0.0265625
0 0.59375 0.546875 0.046875 0.034375
0 0.784375 0.58125 0.034375 0.034375
0 0.7171875 0.66484375 0.025 0.0296875
0 0.740625 0.64609375 0.028125 0.0265625
0 0.81171875 0.98359375 0.0578125 0.0328125
0 0.425 0.98671875 0.040625 0.0265625
0 0.51875 0.27109375 0.021875 0.0265625
0 0.58125 0.2546875 0.028125 0.03125
0 0.9421875 0.10234375 0.04375 0.0296875
0 0.403125 0.0140625 0.03125 0.025
0 0.3125 0.153125 0.025 0.028125
0 0.3203125 0.2421875 0.028125 0.03125
0 0.03828125 0.57109375 0.0328125 0.0234375
