0 0.04140625 0.62578125 0.0421875 0.0421875
0 0.8953125 0.2296875 0.04375 0.040625
0 0.0453125 0.5828125 0.04375 0.040625
0 0.3109375 0.6234375 0.05 0.046875
0 0.803125 0.115625 0.053125 0.046875
0 0.07421875 0.83984375 0.0421875 0.0390625
0 0.8328125 0.95859375 0.05 0.0515625
0 0.91484375 0.8546875 0.0515625 0.046875
0 0.68125 0.1046875 0.040625 0.040625
0 0.221875 0.040625 0.046875 0.046875
0 0.82890625 0.865625 0.0484375 0.04375
0 0.82734375 0.5234375 0.0484375 0.040625
0 0.7921875 0.16640625 0.046875 0.0421875
0 0.88359375 0.04765625 0.0484375 0.0484375
0 0.05859375 0.9578125 0.0515625 0.05
0 0.31953125 0.03671875 0.0421875 0.0421875
0 0.6984375 0.27265625 0.046875 0.0453125
0 0.80078125 0.56875 0.0515625 0.040625
0 0.821875 0.77578125 0.05 0.0421875
0 0.8046875 0.24453125 0.04375 0.0390625
0 0.0296875 0.0546875 0.046875 0.04375
0 0.8046875 0.2859375 0.04375 0.040625
0 0.1203125 0.2609375 0.040625 0.040625
0 0.81484375 0.6078125 0.0578125 0.053125
0 0.78359375 0.03203125 0.0578125 0.0515625
0 0.90234375 0.55078125 0.0546875 0.0515625
0 0.25 0.253125 0.04375 0.040625
0 0.3109375 0.53359375 0.046875 0.0484375
0 0.68203125 0.0265625 0.0515625 0.04375
0 0.31171875 0.21796875 0.0421875 0.0390625
0 0.6859375 0.14921875 0.0375 0.0390625
0 0.9 0.76796875 0.0625 0.0578125
0 0.825 0.696875 0.046875 0.04375
0 0.88515625 0.1015625 0.0390625 0.0375
0 0.8953125 0.325 0.04375 0.0375
0 0.3140625 0.72734375 0.06875 0.0671875
0 0.1 0.0484375 0.05 0.04375
0 0.16171875 0.87109375 0.0421875 0.0390625
0 0.0453125 0.1875 0.04375 0.0375
0 0.2390625 0.9640625 0.04375 0.04375
0 0.9 0.15859375 0.040625 0.0390625
0 0.30390625 0.15859375 0.0484375 0.0421875
0 0.80390625 0.90703125 0.0515625 0.0453125
0 0.1125 0.31171875 0.04375 0.0390625
0 0.7078125 0.68515625 0.046875 0.0421875
0 0.1359375 0.5828125 0.034375 0.040625
0 0.8984375 0.27734375 0.034375 0.0359375
0 0.9 0.690625 0.059375 0.05625
0 0.89296875 0.5171875 0.0421875 0.0375
0 0.60390625 0.203125 0.0359375 0.0375
0 0.6921875 0.328125 0.046875 0.040625
0 0.1375 0.73125 0.0375 0.0375
0 0.81015625 0.3234375 0.0390625 0.0375
0 0.9171875 0.9328125 0.0625 0.053125
0 0.821875 0.74453125 0.046875 0.0390625
0 0.90859375 0.97734375 0.0421875 0.0328125
0 0.68671875 0.37421875 0.0453125 0.0453125
0 0.34453125 0.79140625 0.0390625 0.0390625
0 0.69375 0.23203125 0.0375 0.0328125
0 0.29140625 0.0859375 0.0421875 0.0375
0 0.234375 0.56796875 0.04375 0.0390625
0 0.6046875 0.24296875 0.040625 0.0390625
0 0.68984375 0.18984375 0.0359375 0.0359375
0 0.90390625 0.6515625 0.0390625 0.03125
0 0.9109375 0.88984375 0.0375 0.0328125
0 0.05234375 0.2296875 0.0421875 0.0375
0 0.27265625 0.12734375 0.0390625 0.0359375
0 0.71328125 0.9625 0.0359375 0.034375
0 0.13203125 0.82734375 0.0359375 0.0328125
0 0.328125 0.83359375 0.05625 0.0546875
0 0.6046875 0.121875 0.03125 0.028125
0 0.60625 0.0375 0.040625 0.040625
0 0.60078125 0.2796875 0.0359375 0.03125
0 0.15703125 0.1875 0.0421875 0.034375
0 0.034375 0.10078125 0.034375 0.0390625
0 0.3140625 0.2625 0.0375 0.034375
0 0.11875 0.63125 0.040625 0.028125
0 0.1234375 0.6796875 0.025 0.03125
0 0.03203125 0.6921875 0.0265625 0.028125
0 0.05703125 0.753125 0.0265625 0.028125
0 0.2421875 0.6703125 0.04375 0.03125
0 0.246875 0.60859375 0.03125 0.0265625
0 0.3078125 0.57578125 0.05 0.0265625
0 0.23125 0.83359375 0.040625 0.0328125
0 0.24453125 0.7296875 0.0296875 0.03125
0 0.25859375 0.7609375 0.0328125 0.0375
0 0.32890625 0.9078125 0.0484375 0.04375
0 0.24140625 0.884375 0.0359375 0.028125
0 0.1421875 0.909375 0.040625 0.034375
0 0.140625 0.9734375 0.034375 0.0375
0 0.09765625 0.90859375 0.0359375 0.0296875
0 0.72109375 0.7640625 0.0328125 0.03125
0 0.95390625 0.684375 0.0359375 0.0375
0 0.98671875 0.68125 0.0265625 0.034375
0 0.98515625 0.54375 0.0296875 0.040625
0 0.9859375 0.46796875 0.025 0.0328125
0 0.978125 0.259375 0.0375 0.034375
0 0.98359375 0.2203125 0.0296875 0.025
0 0.971875 0.0171875 0.040625 0.025
0 0.8140625 0.20078125 0.034375 0.0328125
0 0.615625 0.33515625 0.046875 0.0390625
0 0.22265625 0.15703125 0.0390625 0.0328125
0 0.221875 0.09140625 0.034375 0.0328125
0 0.25625 0.3375 0.040625 0.040625
0 0.809375 0.38203125 0.04375 0.0296875
0 0.9109375 0.36484375 0.05 0.0296875
0 0.640625 0.121875 0.028125 0.03125
0 0.0953125 0.01796875 0.05 0.0234375
