0 0.10390625 0.884375 0.0484375 0.04375
0 0.07421875 0.70390625 0.0453125 0.0421875
0 0.6265625 0.66796875 0.053125 0.0484375
0 0.734375 0.32578125 0.046875 0.0421875
0 0.67265625 0.78203125 0.0515625 0.0484375
0 0.209375 0.8390625 0.053125 0.05
0 0.58203125 0.58359375 0.0484375 0.0484375
0 0.81875 0.18984375 0.046875 0.0421875
0 0.04453125 0.0625 0.0453125 0.0375
0 0.57421875 0.7625 0.0484375 0.05
0 0.74921875 0.196875 0.0453125 0.04375
0 0.81015625 0.26796875 0.0453125 0.0421875
0 0.94921875 0.6078125 0.0390625 0.040625
0 0.2515625 0.67734375 0.053125 0.0484375
0 0.19296875 0.890625 0.0515625 0.04375
0 0.1015625 0.83671875 0.046875 0.0421875
0 0.071875 0.096875 0.040625 0.0375
0 0.0671875 0.63984375 0.046875 0.0453125
0 0.825 0.125 0.05625 0.05
0 0.72578125 0.01953125 0.0484375 0.0359375
0 0.18515625 0.61875 0.0453125 0.040625
0 0.18203125 0.9484375 0.0515625 0.040625
0 0.27734375 0.75390625 0.0484375 0.0421875
0 0.07734375 0.77265625 0.0421875 0.0453125
0 0.26640625 0.890625 0.0453125 0.046875
0 0.80625 0.034375 0.053125 0.046875
0 0.72890625 0.08984375 0.0578125 0.0546875
0 0.7328125 0.15078125 0.040625 0.0359375
0 0.15859375 0.046875 0.0546875 0.05
0 0.7703125 0.76953125 0.040625 0.0421875
0 0.85625 0.7640625 0.040625 0.040625
0 0.015625 0.82109375 0.028125 0.0390625
0 0.7328125 0.26015625 0.040625 0.0390625
0 0.5953125 0.93125 0.04375 0.0375
0 0.83828125 0.5796875 0.0421875 0.0375
0 0.22109375 0.6671875 0.0421875 0.04375
0 0.8203125 0.33203125 0.040625 0.0390625
0 0.190625 0.9734375 0.05 0.034375
0 0.18359375 0.7765625 0.0484375 0.046875
0 0.9578125 0.65703125 0.040625 0.0421875
0 0.62890625 0.23125 0.0421875 0.04375
0 0.0828125 0.975 0.04375 0.034375
0 0.83828125 0.82109375 0.0484375 0.0453125
0 0.26640625 0.60078125 0.0359375 0.0359375
0 0.25390625 0.08515625 0.0515625 0.0515625
0 0.0171875 0.78515625 0.03125 0.0296875
0 0.84765625 0.71328125 0.0453125 0.0421875
0 0.81875 0.23125 0.0375 0.034375
0 0.57734375 0.35546875 0.0453125 0.0453125
0 0.77890625 0.67578125 0.0390625 0.0421875
0 0.021875 0.93203125 0.040625 0.0421875
0 0.84453125 0.6328125 0.0296875 0.0375
0 0.8328125 0.37109375 0.05 0.0328125
0 0.7421875 0.3734375 0.0375 0.028125
0 0.76015625 0.39609375 0.0359375 0.0234375
0 0.9515625 0.2953125 0.03125 0.0375
0 0.934375 0.09609375 0.040625 0.0328125
0 0.98203125 0.08984375 0.0359375 0.0328125
0 0.940625 0.140625 0.03125 0.028125
0 0.92734375 0.16484375 0.0296875 0.0171875
0 0.95078125 0.2640625 0.0234375 0.025
0 0.96015625 0.5453125 0.0265625 0.03125
0 0.78046875 0.5796875 0.0484375 0.04375
0 0.63515625 0.53828125 0.0265625 0.0359375
0 0.95 0.70703125 0.015625 0.0265625
0 0.97734375 0.7109375 0.0296875 0.025
0 0.26171875 0.8015625 0.0390625 0.0375
0 0.27578125 0.846875 0.0359375 0.034375
0 0.27734375 0.93046875 0.0359375 0.0359375
0 0.1875 0.71484375 0.040625 0.0296875
0 0.06875 0.59921875 0.034375 0.0296875
0 0.0578125 0.553125 0.03125 0.021875
0 0.0125 0.61875 0.021875 0.034375
0 0.01171875 0.75078125 0.0203125 0.0328125
0 0.059375 0.2890625 0.028125 0.01875
0 0.0609375 0.3171875 0.03125 0.025
0 0.08515625 0.34296875 0.0359375 0.0265625
0 0.05703125 0.3859375 0.0328125 0.01875
0 0.05703125 0.4203125 0.0203125 0.025
0 0.55625 0.184375 0.028125 0.028125
0 0.6046875 0.05703125 0.0375 0.0296875
0 0.621875 0.03359375 0.021875 0.0265625
0 0.6015625 0.13984375 0.03125 0.0203125
