0 0.2125 0.0296875 0.05625 0.05
0 0.6453125 0.59609375 0.05 0.0484375
0 0.05 0.60234375 0.046875 0.0453125
0 0.4484375 0.6640625 0.046875 0.04375
0 0.84453125 0.68125 0.0515625 0.046875
0 0.82109375 0.034375 0.0546875 0.05
0 0.0484375 0.65234375 0.053125 0.0484375
0 0.76171875 0.52109375 0.0515625 0.0484375
0 0.653125 0.40625 0.05625 0.05
0 0.36640625 0.5171875 0.0453125 0.040625
0 0.76953125 0.92578125 0.0515625 0.0453125
0 0.75 0.0828125 0.05625 0.05
0 0.44375 0.74296875 0.04375 0.0390625
0 0.390625 0.89609375 0.04375 0.0453125
0 0.75 0.15859375 0.046875 0.0453125
0 0.91640625 0.02265625 0.0515625 0.0421875
0 0.02890625 0.24296875 0.0484375 0.0484375
0 0.3484375 0.090625 0.046875 0.046875
0 0.15 0.05546875 0.04375 0.0421875
0 0.46875 0.7859375 0.04375 0.04375
0 0.85 0.55859375 0.059375 0.0546875
0 0.44296875 0.540625 0.0421875 0.040625
0 0.5671875 0.52421875 0.04375 0.0390625
0 0.76875 0.85859375 0.05 0.0421875
0 0.64375 0.46953125 0.046875 0.0453125
0 0.2390625 0.44765625 0.05 0.0484375
0 0.36953125 0.70390625 0.0421875 0.0453125
0 0.384375 0.96953125 0.04375 0.0390625
0 0.34609375 0.146875 0.0484375 0.04375
0 0.85703125 0.634375 0.0453125 0.040625
0 0.4359375 0.21171875 0.05 0.0484375
0 0.77734375 0.56953125 0.0546875 0.0546875
0 0.8546875 0.459375 0.053125 0.05625
0 0.2265625 0.19609375 0.046875 0.0453125
0 0.4015625 0.0515625 0.05 0.040625
0 0.44296875 0.50234375 0.0390625 0.0359375
0 0.3734375 0.39296875 0.04375 0.0484375
0 0.759375 0.453125 0.053125 0.05
0 0.65859375 0.6484375 0.0453125 0.040625
0 0.65625 0.5453125 0.0375 0.0375
0 0.06328125 0.78359375 0.0390625 0.0359375
0 0.77734375 0.73515625 0.0484375 0.0484375
0 0.8390625 0.2515625 0.05 0.046875
0 0.3625 0.62890625 0.040625 0.0359375
0 0.57421875 0.471875 0.0515625 0.046875
0 0.46015625 0.57890625 0.0390625 0.0421875
0 0.54140625 0.03984375 0.0484375 0.0390625
0 0.7734375 0.6484375 0.040625 0.0375
0 0.55078125 0.08359375 0.0453125 0.0390625
0 0.8296875 0.2015625 0.065625 0.053125
0 0.390625 0.8359375 0.04375 0.04375
0 0.58515625 0.76328125 0.0484375 0.0484375
0 0.8546875 0.60546875 0.04375 0.0359375
0 0.85 0.5265625 0.0375 0.03125
0 0.73125 0.0203125 0.059375 0.0375
0 0.18828125 0.78046875 0.0390625 0.0390625
0 0.66484375 0.81484375 0.0421875 0.0359375
0 0.96953125 0.89609375 0.0453125 0.0484375
0 0.44296875 0.42265625 0.0359375 0.0359375
0 0.22890625 0.09765625 0.0390625 0.0390625
0 0.46484375 0.87734375 0.0359375 0.0359375
0 0.83203125 0.16640625 0.0390625 0.0328125
0 0.0265625 0.0421875 0.0375 0.028125
0 0.0390625 0.1578125 0.040625 0.040625
0 0.03359375 0.071875 0.0484375 0.046875
0 0.78203125 0.696875 0.0421875 0.034375
0 0.41328125 0.09609375 0.0484375 0.0421875
0 0.5640625 0.67421875 0.04375 0.0453125
0 0.8296875 0.11015625 0.065625 0.0671875
0 0.3453125 0.23203125 0.04375 0.0359375
0 0.66171875 0.6875 0.0328125 0.034375
0 0.77578125 0.78828125 0.0421875 0.0359375
0 0.4484375 0.62265625 0.034375 0.0328125
0 0.1875 0.70703125 0.03125 0.0359375
0 0.571875 0.13125 0.0375 0.040625
0 0.42578125 0.15703125 0.0484375 0.0546875
0 0.35390625 0.19765625 0.0421875 0.0390625
0 0.75390625 0.96640625 0.0390625 0.0390625
0 0.21640625 0.15234375 0.0421875 0.0359375
0 0.0734375 0.859375 0.040625 0.040625
0 0.16484375 0.509375 0.0265625 0.03125
0 0.14453125 0.5703125 0.0328125 0.03125
0 0.16796875 0.60703125 0.0296875 0.0328125
0 0.25234375 0.5375 0.0328125 0.028125
0 0.2359375 0.653125 0.04375 0.034375
0 0.07265625 0.70078125 0.0359375 0.0296875
0 0.0140625 0.7265625 0.025 0.0375
0 0.0140625 0.86953125 0.025 0.0515625
0 0.0171875 0.953125 0.03125 0.0375
0 0.29140625 0.8984375 0.0203125 0.0375
0 0.975 0.72421875 0.034375 0.0296875
0 0.959375 0.646875 0.028125 0.034375
0 0.97734375 0.53515625 0.0296875 0.0328125
0 0.95625 0.15546875 0.040625 0.0265625
0 0.971875 0.19375 0.028125 0.028125
0 0.9421875 0.13125 0.04375 0.021875
0 0.94140625 0.09375 0.0421875 0.040625
0 0.6359375 0.17890625 0.025 0.0453125
0 0.63125 0.128125 0.034375 0.028125
0 0.625 0.08984375 0.03125 0.0296875
0 0.61875 0.0484375 0.028125 0.025
0 0.63125 0.00859375 0.028125 0.0140625
0 0.54375 0.01171875 0.034375 0.0171875
0 0.5609375 0.18359375 0.03125 0.0328125
0 0.553125 0.2203125 0.053125 0.03125
0 0.6296875 0.2265625 0.03125 0.03125
0 0.6375 0.27109375 0.03125 0.0421875
0 0.7296875 0.22265625 0.0375 0.0328125
0 0.76875 0.2453125 0.040625 0.03125
0 0.16640625 0.16328125 0.0265625 0.0296875
0 0.1703125 0.0921875 0.040625 0.03125
0 0.96875 0.8140625 0.028125 0.0375
0 0.97734375 0.846875 0.0265625 0.034375
0 0.98828125 0.9703125 0.0234375 0.04375
0 0.9765625 0.76484375 0.03125 0.0328125
0 0.853125 0.72421875 0.040625 0.0359375
0 0.3734375 0.55625 0.04375 0.034375
0 0.3703125 0.58984375 0.0375 0.0328125
0 0.19609375 0.9671875 0.0328125 0.025
0 0.08046875 0.9421875 0.0328125 0.03125
0 0.09375 0.88828125 0.028125 0.0265625
