0 0.021875 0.243750 0.021875 0.246875 0.031250 0.253125 0.037500 0.256250 0.043750 0.257812 0.046875 0.259375 0.050000 0.262500 0.053125 0.264062 0.062500 0.267188 0.067187 0.267188 0.068750 0.264062 0.068750 0.254688 0.064062 0.250000 0.060937 0.250000 0.057813 0.246875 0.057813 0.243750 0.060937 0.242188 0.060937 0.235937 0.056250 0.231250 0.051562 0.229687 0.045312 0.228125 0.040625 0.228125 0.037500 0.229687 0.034375 0.232813 0.034375 0.239063 0.029687 0.243750
0 0.062500 0.240625 0.065625 0.246875 0.070312 0.251563 0.081250 0.260937 0.087500 0.260937 0.090625 0.259375 0.098437 0.253125 0.103125 0.253125 0.109375 0.248438 0.110937 0.243750 0.106250 0.239063 0.106250 0.234375 0.103125 0.231250 0.100000 0.229687 0.096875 0.229687 0.095312 0.231250 0.092188 0.231250 0.084375 0.225000 0.076563 0.226562 0.075000 0.232813 0.067187 0.234375
0 0.095312 0.221875 0.095312 0.226562 0.098437 0.229687 0.101562 0.229687 0.110937 0.239063 0.115625 0.239063 0.117188 0.237500 0.120313 0.237500 0.128125 0.243750 0.132812 0.243750 0.139063 0.240625 0.140625 0.235937 0.135937 0.234375 0.132812 0.232813 0.123438 0.225000 0.118750 0.220312 0.118750 0.218750 0.115625 0.215625 0.101562 0.215625
0 0.096875 0.260937 0.096875 0.267188 0.106250 0.276562 0.112500 0.281250 0.115625 0.282813 0.125000 0.282813 0.135937 0.281250 0.142187 0.278125 0.143750 0.275000 0.142187 0.271875 0.137500 0.267188 0.137500 0.254688 0.132812 0.250000 0.129688 0.250000 0.126562 0.248438 0.125000 0.245312 0.118750 0.243750 0.106250 0.250000 0.103125 0.253125 0.103125 0.254688 0.098437 0.257812
0 0.254688 0.281250 0.237500 0.281250 0.234375 0.282813 0.231250 0.289062 0.231250 0.296875 0.223438 0.303125 0.221875 0.304688 0.221875 0.306250 0.220312 0.309375 0.223438 0.312500 0.226562 0.314063 0.231250 0.314063 0.234375 0.315625 0.235937 0.318750 0.240625 0.320312 0.243750 0.318750 0.250000 0.312500 0.251563 0.309375 0.253125 0.304688 0.254688 0.298438
0 0.237500 0.242188 0.237500 0.246875 0.245312 0.254688 0.245312 0.259375 0.262500 0.259375 0.264062 0.256250 0.264062 0.245312 0.260937 0.242188 0.254688 0.239063 0.246875 0.239063
0 0.317188 0.257812 0.310937 0.259375 0.306250 0.262500 0.298438 0.260937 0.293750 0.264062 0.290625 0.264062 0.285938 0.260937 0.284375 0.264062 0.282813 0.270313 0.282813 0.278125 0.284375 0.281250 0.290625 0.285938 0.295312 0.285938 0.301563 0.279687 0.307812 0.278125 0.312500 0.276562 0.314063 0.273438 0.314063 0.270313 0.312500 0.268750 0.312500 0.265625 0.314063 0.262500
0 0.298438 0.228125 0.295312 0.229687 0.290625 0.234375 0.289062 0.237500 0.285938 0.250000 0.287500 0.257812 0.293750 0.256250 0.296875 0.259375 0.296875 0.260937 0.303125 0.264062 0.307812 0.264062 0.309375 0.265625 0.312500 0.265625 0.318750 0.259375 0.320312 0.256250 0.320312 0.235937 0.318750 0.232813 0.312500 0.226562 0.306250 0.226562
0 0.304688 0.303125 0.295312 0.312500 0.290625 0.312500 0.285938 0.314063 0.282813 0.317188 0.282813 0.326562 0.285938 0.331250 0.285938 0.339062 0.290625 0.343750 0.293750 0.345313 0.306250 0.346875 0.310937 0.350000 0.317188 0.350000 0.321875 0.345313 0.321875 0.342187 0.323437 0.339062 0.328125 0.334375 0.329688 0.329688 0.329688 0.312500 0.328125 0.309375 0.326562 0.307812 0.323437 0.306250 0.314063 0.303125
0 0.307812 0.279687 0.304688 0.282813 0.304688 0.290625 0.306250 0.295312 0.309375 0.298438 0.309375 0.300000 0.310937 0.301563 0.314063 0.303125 0.320312 0.304688 0.329688 0.306250 0.331250 0.303125 0.331250 0.284375 0.329688 0.279687 0.317188 0.281250
0 0.310937 0.185938 0.304688 0.192188 0.301563 0.193750 0.293750 0.193750 0.290625 0.196875 0.290625 0.203125 0.292187 0.209375 0.290625 0.217188 0.293750 0.220312 0.303125 0.220312 0.310937 0.218750 0.314063 0.215625 0.315625 0.209375 0.320312 0.207813 0.321875 0.203125 0.317188 0.196875 0.314063 0.196875 0.309375 0.192188
0 0.364063 0.215625 0.356250 0.215625 0.353125 0.212500 0.351562 0.206250 0.348438 0.203125 0.340625 0.203125 0.337500 0.204687 0.332813 0.209375 0.326562 0.207813 0.323437 0.207813 0.318750 0.212500 0.315625 0.218750 0.315625 0.221875 0.317188 0.226562 0.320312 0.229687 0.321875 0.232813 0.321875 0.237500 0.320312 0.239063 0.320312 0.243750 0.321875 0.246875 0.331250 0.248438 0.332813 0.246875 0.342187 0.248438 0.345313 0.248438 0.348438 0.246875 0.356250 0.239063 0.360938 0.237500 0.362500 0.235937 0.362500 0.234375 0.364063 0.231250 0.362500 0.226562 0.365625 0.220312
0 0.356250 0.246875 0.356250 0.254688 0.359375 0.259375 0.356250 0.264062 0.357812 0.268750 0.384375 0.282813 0.389062 0.281250 0.395313 0.276562 0.400000 0.276562 0.404687 0.275000 0.410938 0.268750 0.410938 0.262500 0.404687 0.257812 0.404687 0.243750 0.403125 0.240625 0.400000 0.237500 0.392188 0.237500 0.384375 0.240625 0.379688 0.237500 0.370312 0.237500 0.360938 0.242188
0 0.385937 0.178125 0.381250 0.178125 0.376563 0.176563 0.373437 0.173437 0.367188 0.173437 0.362500 0.178125 0.360938 0.184375 0.356250 0.187500 0.345313 0.185938 0.345313 0.193750 0.350000 0.198437 0.354687 0.200000 0.371875 0.200000 0.378125 0.196875 0.382812 0.193750 0.387500 0.189062 0.387500 0.182812 0.385937 0.181250
0 0.371875 0.200000 0.371875 0.207813 0.373437 0.210938 0.384375 0.221875 0.387500 0.223438 0.396875 0.223438 0.403125 0.220312 0.410938 0.218750 0.412500 0.214062 0.412500 0.207813 0.409375 0.203125 0.404687 0.198437 0.398438 0.193750 0.393750 0.190625 0.385937 0.190625 0.378125 0.198437 0.375000 0.198437
0 0.387500 0.176563 0.387500 0.179688 0.389062 0.181250 0.389062 0.185938 0.390625 0.189062 0.393750 0.189062 0.401562 0.193750 0.407813 0.200000 0.414062 0.204687 0.418750 0.204687 0.423438 0.200000 0.426563 0.198437 0.443750 0.193750 0.445312 0.190625 0.445312 0.179688 0.442188 0.176563 0.434375 0.176563 0.432812 0.178125 0.425000 0.178125 0.421875 0.175000 0.421875 0.173437 0.418750 0.170313 0.412500 0.170313 0.406250 0.175000 0.401562 0.171875 0.393750 0.171875 0.392188 0.173437 0.389062 0.173437
0 0.450000 0.198437 0.446875 0.195312 0.442188 0.195312 0.437500 0.198437 0.428125 0.198437 0.425000 0.200000 0.420312 0.204687 0.417187 0.204687 0.417187 0.217188 0.418750 0.220312 0.423438 0.221875 0.428125 0.220312 0.431250 0.217188 0.434375 0.215625 0.440625 0.215625 0.448437 0.207813 0.450000 0.204687
0 0.454688 0.015625 0.450000 0.015625 0.443750 0.018750 0.434375 0.018750 0.431250 0.020313 0.429688 0.021875 0.428125 0.025000 0.426563 0.034375 0.426563 0.043750 0.428125 0.046875 0.434375 0.053125 0.435937 0.053125 0.443750 0.060937 0.446875 0.062500 0.451562 0.064062 0.459375 0.060937 0.460938 0.056250 0.464062 0.053125 0.468750 0.051562 0.471875 0.048438 0.471875 0.037500 0.468750 0.031250 0.468750 0.026562 0.460938 0.018750
0 0.478125 0.000000 0.473438 0.003125 0.471875 0.006250 0.470313 0.010937 0.468750 0.017188 0.468750 0.023438 0.470313 0.026562 0.478125 0.034375 0.487500 0.042188 0.490625 0.043750 0.495312 0.043750 0.500000 0.039062 0.503125 0.034375 0.501563 0.023438 0.493750 0.017188 0.493750 0.012500 0.492188 0.009375 0.489063 0.006250
0 0.535937 0.165625 0.528125 0.167187 0.525000 0.173437 0.525000 0.181250 0.521875 0.184375 0.517188 0.185938 0.514062 0.187500 0.512500 0.192188 0.515625 0.193750 0.518750 0.193750 0.521875 0.198437 0.521875 0.206250 0.523438 0.209375 0.525000 0.210938 0.531250 0.214062 0.536422 0.212828 0.540844 0.207813 0.546328 0.204828 0.551328 0.201391 0.557250 0.194875 0.556250 0.189062 0.553125 0.184375 0.553125 0.181250 0.556250 0.173437 0.554688 0.170313 0.551562 0.167187 0.540625 0.167187
0 0.568891 0.208141 0.565766 0.209703 0.562641 0.209703 0.557953 0.212828 0.553609 0.220859 0.543891 0.228453 0.539203 0.236266 0.537641 0.240953 0.539203 0.245641 0.542328 0.248766 0.547016 0.250328 0.556391 0.251891 0.556391 0.253453 0.559516 0.256578 0.562641 0.256578 0.565766 0.258141 0.572016 0.255016 0.575141 0.248766 0.576703 0.242516 0.578266 0.214391 0.576703 0.211266
0 0.532281 0.214516 0.532281 0.216266 0.527031 0.221219 0.526594 0.228375 0.527313 0.233766 0.530094 0.236969 0.538687 0.232313 0.541609 0.228219 0.543359 0.226766 0.547594 0.223266 0.551672 0.217875 0.555469 0.215391 0.563047 0.209563 0.566984 0.205906 0.569031 0.202844 0.569172 0.199203 0.565813 0.196578 0.562031 0.194687 0.557797 0.196141 0.553562 0.198328 0.547297 0.202562 0.542047 0.207656 0.537234 0.213500
0 0.570312 0.192188 0.571875 0.195312 0.578125 0.201563 0.578125 0.206250 0.603125 0.206250 0.607812 0.209375 0.609375 0.206250 0.609375 0.203125 0.607812 0.201563 0.609375 0.196875 0.600000 0.189062 0.596875 0.184375 0.596875 0.182812 0.590625 0.179688 0.578125 0.181250
0 0.570312 0.160938 0.570312 0.165625 0.573438 0.171875 0.579688 0.178125 0.600000 0.176563 0.600000 0.162500 0.596875 0.159375 0.587500 0.156250 0.582812 0.156250 0.578125 0.159375
0 0.610938 0.195312 0.610938 0.206250 0.615625 0.210938 0.621875 0.214062 0.628125 0.214062 0.629687 0.215625 0.634375 0.215625 0.653125 0.214062 0.656250 0.210938 0.656250 0.207813 0.654687 0.204687 0.651563 0.201563 0.651563 0.198437 0.653125 0.190625 0.650000 0.187500 0.634375 0.187500 0.631250 0.184375 0.628125 0.182812 0.620313 0.182812 0.617188 0.185938 0.617188 0.190625
0 0.600000 0.206250 0.590625 0.206250 0.589063 0.207813 0.579688 0.207813 0.578125 0.210938 0.578125 0.250000 0.582812 0.254688 0.585938 0.256250 0.590625 0.256250 0.593750 0.253125 0.593750 0.251563 0.598437 0.246875 0.603125 0.246875 0.607812 0.250000 0.614062 0.248438 0.618750 0.243750 0.618750 0.237500 0.614062 0.229687 0.614062 0.223438 0.609375 0.218750 0.607812 0.215625 0.606250 0.209375
0 0.446875 0.215625 0.446875 0.218750 0.456250 0.228125 0.460938 0.231250 0.468750 0.231250 0.473438 0.229687 0.479687 0.226562 0.481250 0.220312 0.478125 0.214062 0.475000 0.210938 0.462500 0.210938 0.459375 0.207813 0.453125 0.207813 0.448437 0.212500
0 0.518750 0.276562 0.512500 0.270313 0.504687 0.270313 0.501563 0.273438 0.496875 0.273438 0.495312 0.271875 0.492188 0.271875 0.489063 0.273438 0.485938 0.276562 0.485938 0.281250 0.496875 0.292187 0.504687 0.292187 0.514062 0.287500 0.517188 0.284375 0.518750 0.281250
0 0.564063 0.276562 0.557813 0.273438 0.548438 0.271875 0.534375 0.276562 0.531250 0.276562 0.526563 0.279687 0.525000 0.282813 0.525000 0.295312 0.526563 0.300000 0.529687 0.303125 0.535937 0.304688 0.543750 0.304688 0.550000 0.301563 0.556250 0.295312 0.556250 0.292187 0.557813 0.289062 0.564063 0.282813 0.565625 0.279687
0 0.497938 0.327875 0.496375 0.340375 0.493250 0.343500 0.493250 0.349750 0.494812 0.352875 0.496375 0.354438 0.499500 0.356000 0.504188 0.357563 0.512000 0.357563 0.515125 0.356000 0.518250 0.352875 0.521375 0.352875 0.524500 0.351313 0.527625 0.348187 0.527625 0.345062 0.515125 0.332562 0.508875 0.327875 0.505750 0.326313 0.501062 0.326313
1 0.529687 0.306250 0.531250 0.317188 0.537500 0.317188 0.542188 0.312500 0.542188 0.309375 0.539062 0.306250 0.534375 0.304688
1 0.557813 0.298438 0.554688 0.301563 0.553125 0.304688 0.553125 0.312500 0.565625 0.312500 0.565625 0.301563 0.562500 0.298438
1 0.554688 0.325000 0.551562 0.325000 0.548438 0.328125 0.546875 0.331250 0.546875 0.334375 0.548438 0.337500 0.551562 0.339062 0.554688 0.337500 0.557813 0.334375 0.559375 0.329688 0.557813 0.326562
0 0.494953 0.292313 0.485922 0.293781 0.476687 0.298187 0.473750 0.304484 0.473109 0.306375 0.471859 0.311203 0.470812 0.314781 0.471219 0.319406 0.476469 0.324437 0.483828 0.327375 0.493063 0.327594 0.501891 0.321703 0.508188 0.318562 0.514906 0.315203 0.519313 0.311625 0.519109 0.306375 0.511969 0.301344 0.504406 0.301547 0.501469 0.301766
0 0.862500 0.126562 0.845313 0.125000 0.842187 0.128125 0.835938 0.135937 0.834375 0.140625 0.829688 0.145313 0.829688 0.150000 0.834375 0.154688 0.842187 0.154688 0.846875 0.151562 0.854688 0.146875 0.859375 0.142187 0.859375 0.139063 0.864062 0.135937 0.864062 0.129688
0 0.903125 0.100000 0.900000 0.101562 0.898438 0.103125 0.898438 0.104688 0.885938 0.107813 0.881250 0.112500 0.878125 0.112500 0.876563 0.110937 0.870313 0.112500 0.870313 0.120313 0.871875 0.125000 0.875000 0.131250 0.878125 0.131250 0.885938 0.126562 0.896875 0.123438 0.903125 0.118750 0.904687 0.118750 0.907813 0.117188 0.909375 0.112500
0 0.907813 0.132812 0.900000 0.132812 0.890625 0.137500 0.876563 0.145313 0.871875 0.148438 0.862500 0.157812 0.867188 0.164062 0.870313 0.164062 0.875000 0.168750 0.879687 0.170313 0.892188 0.170313 0.898438 0.165625 0.901563 0.164062 0.906250 0.162500 0.907813 0.157812 0.909375 0.142187
0 0.903125 0.103125 0.900000 0.103125 0.895312 0.107813 0.889062 0.107813 0.884375 0.112500 0.876563 0.110937 0.873437 0.110937 0.870313 0.115625 0.871875 0.123438 0.875000 0.129688 0.879687 0.129688 0.892188 0.121875 0.898438 0.120313 0.903125 0.118750 0.907813 0.112500
0 0.917188 0.128125 0.914062 0.129688 0.910937 0.135937 0.910937 0.139063 0.912500 0.150000 0.909375 0.154688 0.909375 0.160938 0.917188 0.168750 0.923438 0.168750 0.926562 0.171875 0.926562 0.173437 0.931250 0.178125 0.935937 0.179688 0.940625 0.179688 0.946875 0.176563 0.946875 0.168750 0.950000 0.165625 0.959375 0.162500 0.959375 0.159375 0.960938 0.157812 0.960938 0.154688 0.957812 0.148438 0.953125 0.146875 0.950000 0.143750 0.948438 0.129688 0.945312 0.126562 0.942187 0.125000 0.937500 0.125000 0.934375 0.126562 0.929688 0.131250 0.925000 0.131250 0.921875 0.126562
0 0.964063 0.148438 0.964063 0.165625 0.960938 0.168750 0.960938 0.179688 0.964063 0.182812 0.967187 0.182812 0.971875 0.187500 0.979688 0.196875 0.989062 0.196875 0.992188 0.195312 0.993750 0.190625 0.996875 0.189062 0.996875 0.164062 0.998437 0.157812 0.995313 0.151562 0.989062 0.145313 0.985938 0.143750 0.981250 0.143750 0.976562 0.146875
0 0.923438 0.196875 0.923438 0.203125 0.925000 0.204687 0.925000 0.209375 0.929688 0.215625 0.939063 0.229687 0.945312 0.229687 0.948438 0.228125 0.951562 0.225000 0.954688 0.223438 0.967187 0.223438 0.968750 0.220312 0.968750 0.215625 0.970313 0.212500 0.971875 0.210938 0.973437 0.210938 0.975000 0.209375 0.976562 0.206250 0.976562 0.200000 0.971875 0.195312 0.970313 0.195312 0.965625 0.190625 0.965625 0.187500 0.964063 0.184375 0.959375 0.179688 0.942187 0.179688 0.939063 0.181250 0.939063 0.185938 0.937500 0.189062 0.935937 0.190625 0.932813 0.192188 0.926562 0.193750
0 0.918750 0.195312 0.917188 0.198437 0.915625 0.200000 0.910937 0.201563 0.906250 0.206250 0.903125 0.210938 0.900000 0.217188 0.900000 0.220312 0.903125 0.226562 0.906250 0.231250 0.910937 0.237500 0.915625 0.242188 0.923438 0.245312 0.926562 0.243750 0.929688 0.240625 0.929688 0.237500 0.934375 0.232813 0.939063 0.231250 0.939063 0.228125 0.935937 0.220312 0.932813 0.214062 0.926562 0.207813 0.923438 0.203125 0.923438 0.200000 0.921875 0.196875
0 0.910937 0.179688 0.904687 0.179688 0.895312 0.182812 0.892188 0.184375 0.887500 0.189062 0.884375 0.190625 0.881250 0.190625 0.878125 0.192188 0.876563 0.201563 0.873437 0.204687 0.873437 0.210938 0.875000 0.214062 0.879687 0.218750 0.884375 0.221875 0.887500 0.223438 0.895312 0.225000 0.900000 0.223438 0.900000 0.218750 0.901563 0.215625 0.909375 0.207813 0.914062 0.207813 0.917188 0.204687 0.923438 0.203125 0.923438 0.200000 0.920312 0.193750
0 0.904687 0.159375 0.900000 0.159375 0.889062 0.168750 0.881250 0.168750 0.871875 0.165625 0.868750 0.168750 0.867188 0.171875 0.865625 0.178125 0.865625 0.185938 0.870313 0.190625 0.876563 0.193750 0.912500 0.178125 0.915625 0.171875 0.914062 0.168750
0 0.834375 0.187500 0.829688 0.189062 0.825000 0.192188 0.820312 0.196875 0.821875 0.206250 0.823438 0.206250 0.826562 0.209375 0.826562 0.210938 0.832812 0.212500 0.839063 0.207813 0.843750 0.204687 0.848437 0.200000 0.848437 0.196875 0.843750 0.195312 0.842187 0.190625
0 0.642188 0.403125 0.640625 0.409375 0.643750 0.414062 0.643750 0.421875 0.660937 0.439063 0.664062 0.440625 0.667188 0.440625 0.670312 0.439063 0.670312 0.434375 0.678125 0.428125 0.679688 0.423438 0.676562 0.420312 0.671875 0.418750 0.668750 0.417187 0.667188 0.409375 0.665625 0.404687 0.662500 0.401562 0.657813 0.401562 0.651563 0.404687
0 0.648438 0.442188 0.648438 0.456250 0.651563 0.468750 0.659375 0.476562 0.662500 0.478125 0.667188 0.478125 0.676562 0.476562 0.682813 0.475000 0.685937 0.473438 0.685937 0.465625 0.681250 0.457813 0.682813 0.454688 0.685937 0.451562 0.685937 0.445312 0.681250 0.440625 0.678125 0.439063 0.670312 0.439063 0.665625 0.442188 0.660937 0.440625 0.656250 0.437500 0.653125 0.437500
0 0.635938 0.410938 0.628125 0.410938 0.621875 0.404687 0.618750 0.403125 0.612500 0.401562 0.609375 0.403125 0.607812 0.403125 0.606250 0.404687 0.603125 0.410938 0.603125 0.414062 0.606250 0.418750 0.606250 0.425000 0.601562 0.429688 0.596875 0.439063 0.595313 0.446875 0.598437 0.451562 0.600000 0.456250 0.603125 0.457813 0.606250 0.456250 0.612500 0.450000 0.637500 0.450000 0.639062 0.445312 0.642188 0.442188 0.642188 0.439063 0.637500 0.431250 0.637500 0.426563 0.640625 0.423438 0.640625 0.418750 0.639062 0.415625
0 0.600000 0.453125 0.598437 0.456250 0.596875 0.462500 0.596875 0.473438 0.601562 0.485938 0.601562 0.493750 0.604688 0.496875 0.607812 0.498437 0.617188 0.498437 0.621875 0.501563 0.631250 0.501563 0.634375 0.498437 0.635938 0.495312 0.635938 0.490625 0.645312 0.482812 0.646875 0.479687 0.646875 0.473438 0.640625 0.467187 0.642188 0.457813 0.640625 0.454688 0.637500 0.450000 0.629687 0.448437 0.614062 0.448437 0.607812 0.451562
0 0.598437 0.415625 0.593750 0.415625 0.592187 0.423438 0.578125 0.425000 0.576562 0.429688 0.571875 0.434375 0.567187 0.435937 0.559375 0.437500 0.559375 0.445312 0.564063 0.451562 0.564063 0.457813 0.559375 0.465625 0.573438 0.467187 0.579688 0.464062 0.587500 0.456250 0.587500 0.451562 0.590625 0.446875 0.590625 0.442188 0.596875 0.431250 0.598437 0.426563 0.596875 0.421875 0.600000 0.418750
0 0.529687 0.435937 0.528125 0.439063 0.528125 0.446875 0.526563 0.448437 0.526563 0.454688 0.528125 0.457813 0.532813 0.462500 0.535937 0.464062 0.557813 0.462500 0.554688 0.456250 0.554688 0.453125 0.556250 0.451562 0.556250 0.446875 0.553125 0.442188 0.550000 0.440625 0.540625 0.437500 0.534375 0.435937
0 0.479687 0.425000 0.479687 0.431250 0.482812 0.434375 0.484375 0.434375 0.489063 0.439063 0.489063 0.443750 0.487500 0.445312 0.487500 0.451562 0.481250 0.457813 0.479687 0.464062 0.481250 0.470313 0.485938 0.470313 0.489063 0.473438 0.490625 0.476562 0.490625 0.479687 0.492188 0.482812 0.495312 0.485938 0.506250 0.485938 0.507812 0.481250 0.509375 0.479687 0.512500 0.478125 0.520312 0.478125 0.526563 0.475000 0.526563 0.467187 0.521875 0.459375 0.521875 0.454688 0.525000 0.442188 0.525000 0.435937 0.521875 0.432812 0.518750 0.431250 0.514062 0.429688 0.503125 0.429688 0.500000 0.428125 0.496875 0.425000 0.490625 0.423438
0 0.456250 0.418750 0.453125 0.417187 0.450000 0.417187 0.442188 0.409375 0.434375 0.409375 0.431250 0.410938 0.417187 0.418750 0.414062 0.421875 0.414062 0.426563 0.415625 0.429688 0.420312 0.434375 0.425000 0.437500 0.428125 0.439063 0.434375 0.439063 0.440625 0.432812 0.450000 0.428125 0.454688 0.423438
0 0.368750 0.556250 0.365625 0.562500 0.365625 0.568750 0.371875 0.579688 0.371875 0.585938 0.375000 0.592187 0.381250 0.595313 0.387500 0.595313 0.392188 0.590625 0.398438 0.590625 0.401562 0.587500 0.401562 0.578125 0.398438 0.575000 0.390625 0.568750 0.389062 0.557813 0.378125 0.557813 0.373437 0.554688
0 0.360938 0.565625 0.354687 0.570312 0.348438 0.571875 0.342187 0.575000 0.339062 0.578125 0.337500 0.581250 0.337500 0.589063 0.342187 0.598437 0.343750 0.600000 0.346875 0.601562 0.359375 0.601562 0.364063 0.600000 0.370312 0.596875 0.371875 0.579688 0.364063 0.567187
0 0.323437 0.556250 0.325000 0.560937 0.328125 0.565625 0.334375 0.571875 0.337500 0.573438 0.348438 0.573438 0.356250 0.568750 0.360938 0.567187 0.362500 0.559375 0.372344 0.550672 0.356250 0.546875 0.350000 0.543750 0.342187 0.543750 0.340625 0.542188 0.334375 0.542188 0.328125 0.548438 0.323437 0.550000
0 0.331250 0.525000 0.331250 0.535937 0.335938 0.540625 0.339062 0.542188 0.345313 0.543750 0.353125 0.545312 0.368750 0.545312 0.371875 0.548438 0.375000 0.545312 0.376563 0.540625 0.375000 0.525000 0.370312 0.526563 0.359375 0.523438 0.356250 0.523438 0.346875 0.525000
0 0.346875 0.504687 0.345313 0.507812 0.343750 0.515625 0.343750 0.525000 0.348438 0.525000 0.356031 0.521953 0.364672 0.523031 0.369922 0.524984 0.376563 0.528125 0.376563 0.521875 0.375000 0.517188 0.373437 0.514062 0.368750 0.509375 0.365625 0.507812 0.356250 0.506250 0.353125 0.503125 0.350000 0.503125
1 0.481250 0.437500 0.476562 0.439063 0.473438 0.440625 0.471875 0.448437 0.473438 0.451562 0.475000 0.453125 0.478125 0.454688 0.481250 0.454688 0.485938 0.450000 0.484375 0.439063
1 0.460938 0.445312 0.462500 0.453125 0.470313 0.453125 0.468750 0.443750
1 0.414062 0.465625 0.414062 0.470313 0.417187 0.473438 0.420312 0.475000 0.426563 0.475000 0.431250 0.470313 0.431250 0.465625 0.428125 0.462500 0.415625 0.462500
1 0.440625 0.446875 0.435937 0.446875 0.431250 0.451562 0.429688 0.454688 0.429688 0.459375 0.432812 0.462500 0.439063 0.462500 0.442188 0.460938 0.445312 0.457813 0.445312 0.451562
1 0.460938 0.442188 0.459375 0.439063 0.456250 0.437500 0.451562 0.437500 0.446875 0.439063 0.442188 0.442188 0.440625 0.446875 0.446875 0.450000 0.454688 0.450000 0.459375 0.445312
1 0.473438 0.423438 0.470313 0.423438 0.467187 0.425000 0.460938 0.431250 0.462500 0.439063 0.467187 0.440625 0.470313 0.440625 0.473438 0.439063 0.476562 0.435937 0.476562 0.429688
1 0.295312 0.560937 0.292187 0.564063 0.290625 0.567187 0.292187 0.570312 0.295312 0.573438 0.304688 0.573438 0.307812 0.570312 0.307812 0.567187 0.306250 0.564063 0.303125 0.560937 0.298438 0.559375
0 0.225000 0.409375 0.220312 0.410938 0.217188 0.412500 0.215625 0.414062 0.214062 0.417187 0.214062 0.426563 0.207813 0.432812 0.207813 0.442188 0.212500 0.446875 0.215625 0.446875 0.218750 0.448437 0.220312 0.453125 0.221875 0.456250 0.231250 0.457813 0.235937 0.453125 0.237500 0.448437 0.240625 0.445312 0.250000 0.445312 0.253125 0.443750 0.254688 0.442188 0.256250 0.439063 0.256250 0.434375 0.253125 0.429688 0.253125 0.420312 0.251563 0.415625 0.248438 0.412500 0.242188 0.412500 0.237500 0.414062 0.234375 0.415625
0 0.218750 0.365625 0.215625 0.367188 0.207813 0.371875 0.206250 0.375000 0.206250 0.389062 0.203125 0.392188 0.201563 0.392188 0.198437 0.396875 0.203125 0.401562 0.217188 0.401562 0.223438 0.404687 0.226562 0.404687 0.231250 0.403125 0.234375 0.401562 0.235937 0.400000 0.237500 0.396875 0.239063 0.392188 0.246875 0.384375 0.245312 0.378125 0.242188 0.378125 0.235937 0.375000 0.228125 0.367188 0.223438 0.365625
0 0.200000 0.395313 0.195312 0.393750 0.189062 0.396875 0.181250 0.403125 0.168750 0.403125 0.165625 0.406250 0.165625 0.409375 0.167187 0.412500 0.164062 0.415625 0.164062 0.423438 0.170313 0.423438 0.173437 0.426563 0.176563 0.428125 0.181250 0.428125 0.185938 0.423438 0.189062 0.421875 0.195312 0.421875 0.201563 0.418750 0.204687 0.415625 0.207813 0.415625 0.203125 0.414062 0.201563 0.409375 0.203125 0.401562
0 0.178125 0.534375 0.173437 0.539062 0.171875 0.542188 0.168750 0.551562 0.167187 0.565625 0.167187 0.568750 0.168750 0.571875 0.175000 0.575000 0.201563 0.575000 0.204687 0.573438 0.206250 0.562500 0.195312 0.540625 0.190625 0.535937 0.187500 0.534375
0 0.217188 0.581250 0.212500 0.581250 0.207813 0.582812 0.204687 0.584375 0.196875 0.592187 0.192188 0.593750 0.190625 0.595313 0.190625 0.596875 0.189062 0.600000 0.190625 0.609375 0.192188 0.615625 0.196875 0.625000 0.200000 0.628125 0.207813 0.628125 0.210938 0.625000 0.212500 0.617188 0.218750 0.617188 0.223438 0.615625 0.226562 0.614062 0.228125 0.612500 0.229687 0.609375 0.229687 0.601562 0.228125 0.598437 0.221875 0.593750 0.220312 0.590625 0.221875 0.587500 0.220312 0.582812
0 0.123438 0.535937 0.115625 0.545312 0.114062 0.548438 0.114062 0.554688 0.117188 0.560937 0.118750 0.562500 0.120313 0.562500 0.123438 0.565625 0.135937 0.565625 0.140625 0.562500 0.145313 0.557813 0.146875 0.554688 0.148438 0.548438 0.148438 0.543750 0.146875 0.540625 0.139063 0.539062 0.132812 0.534375
0 0.217188 0.507812 0.217188 0.517188 0.218750 0.520312 0.220312 0.521875 0.226562 0.525000 0.235937 0.525000 0.242188 0.523438 0.245312 0.521875 0.248438 0.518750 0.248438 0.515625 0.243750 0.510938 0.242188 0.506250 0.234375 0.498437 0.229687 0.496875 0.223438 0.498437 0.218750 0.504687
0 0.317188 0.504687 0.310937 0.507812 0.303125 0.507812 0.290625 0.506250 0.287500 0.507812 0.285938 0.510938 0.284375 0.515625 0.284375 0.518750 0.285938 0.531250 0.289062 0.537500 0.293750 0.542188 0.298438 0.545312 0.309375 0.545312 0.315625 0.543750 0.321875 0.540625 0.323437 0.537500 0.321875 0.526563 0.325000 0.520312 0.325000 0.515625 0.323437 0.510938 0.321875 0.507812
0 0.196875 0.443750 0.192188 0.448437 0.190625 0.451562 0.190625 0.456250 0.192188 0.459375 0.195312 0.460938 0.200000 0.460938 0.204687 0.457813 0.204687 0.454688 0.206250 0.453125 0.206250 0.450000 0.204687 0.446875 0.203125 0.445312 0.200000 0.443750
1 0.164062 0.426563 0.162500 0.429688 0.160938 0.434375 0.162500 0.439063 0.164062 0.442188 0.165625 0.443750 0.171875 0.446875 0.176563 0.446875 0.179688 0.443750 0.181250 0.439063 0.179688 0.432812 0.178125 0.428125 0.175000 0.425000
1 0.167187 0.478125 0.164062 0.481250 0.164062 0.490625 0.165625 0.493750 0.167187 0.495312 0.170313 0.496875 0.178125 0.496875 0.181250 0.495312 0.182812 0.485938 0.181250 0.482812 0.176563 0.478125
1 0.129688 0.500000 0.129688 0.503125 0.128125 0.504687 0.128125 0.507812 0.129688 0.509375 0.129688 0.514062 0.131250 0.517188 0.137500 0.520312 0.145313 0.521875 0.148438 0.518750 0.151562 0.512500 0.151562 0.507812 0.150000 0.501563 0.145313 0.496875 0.135937 0.496875
1 0.139063 0.592187 0.135937 0.593750 0.134375 0.604688 0.137500 0.607812 0.143750 0.607812 0.146875 0.606250 0.148438 0.598437 0.146875 0.595313 0.145313 0.593750 0.142187 0.592187
1 0.170313 0.575000 0.167187 0.578125 0.167187 0.584375 0.170313 0.587500 0.176563 0.587500 0.179688 0.584375 0.178125 0.576562 0.173437 0.575000
1 0.232813 0.543750 0.232813 0.551562 0.235937 0.554688 0.248438 0.553125 0.248438 0.546875 0.246875 0.543750 0.245312 0.542188 0.242188 0.540625 0.235937 0.540625
1 0.251563 0.559375 0.251563 0.565625 0.254688 0.568750 0.264062 0.567187 0.264062 0.560937 0.260937 0.557813
1 0.259375 0.515625 0.256250 0.515625 0.253125 0.517188 0.251563 0.526563 0.253125 0.529687 0.257812 0.531250 0.264062 0.528125 0.265625 0.523438 0.264062 0.520312
1 0.353125 0.485938 0.351562 0.489063 0.356250 0.496875 0.359375 0.500000 0.365625 0.500000 0.368750 0.496875 0.370312 0.493750 0.370312 0.489063 0.368750 0.485938 0.365625 0.484375 0.357812 0.484375 0.356250 0.485938
0 0.277375 0.493391 0.276156 0.486609 0.275047 0.481234 0.273625 0.475969 0.272922 0.474141 0.270094 0.472828 0.261781 0.476172 0.259563 0.478203 0.257828 0.483672 0.258031 0.488422 0.261781 0.492781 0.264922 0.496328 0.266031 0.498141 0.263609 0.500484 0.259859 0.502094 0.256625 0.504219 0.255000 0.506750 0.259953 0.507875 0.264828 0.508578 0.267250 0.509594 0.266641 0.512734 0.263813 0.515156 0.263297 0.516687 0.268875 0.518609 0.274953 0.518203 0.271203 0.524891 0.271609 0.526500 0.280516 0.527016 0.283656 0.524281 0.283859 0.517078 0.286187 0.507359 0.284469 0.496219 0.282344 0.492172 0.280422 0.491266
0 0.295312 0.470313 0.295312 0.473438 0.298438 0.476562 0.301563 0.475000 0.307812 0.478125 0.312500 0.482812 0.312500 0.484375 0.315625 0.487500 0.318750 0.487500 0.339062 0.485938 0.345313 0.479687 0.348438 0.478125 0.356250 0.478125 0.354687 0.465625 0.343750 0.464062 0.337500 0.465625 0.334375 0.462500 0.334375 0.454688 0.332813 0.451562 0.329688 0.450000 0.320312 0.451562 0.318750 0.453125 0.315625 0.453125 0.314063 0.464062 0.306250 0.462500 0.301563 0.464062
0 0.067187 0.000000 0.068750 0.004687 0.071875 0.007812 0.073438 0.007812 0.078125 0.012500 0.078125 0.015625 0.082812 0.020313 0.087500 0.021875 0.090625 0.020313 0.096875 0.012500 0.103125 0.012500 0.106250 0.010937 0.107813 0.009375 0.109375 0.006250 0.109375 0.003125 0.107813 0.000000
0 0.043750 0.000000 0.043750 0.003125 0.042188 0.004687 0.042188 0.007812 0.043750 0.010937 0.048438 0.015625 0.051562 0.017188 0.059375 0.017188 0.062500 0.015625 0.065625 0.012500 0.067187 0.003125 0.067187 0.000000
0 0.855891 0.190188 0.855891 0.190062 0.856984 0.186906 0.857953 0.183141 0.859047 0.179984 0.861000 0.178891 0.863312 0.177187 0.866594 0.175484 0.866594 0.175359 0.861969 0.170625 0.858078 0.164547 0.855656 0.162234 0.846047 0.163453 0.841187 0.167453 0.838391 0.169641 0.835000 0.175719 0.834266 0.180703 0.836328 0.183859 0.838766 0.187516 0.843625 0.188609 0.850547 0.188000 0.853469 0.188125
0 0.512500 0.400000 0.507812 0.393750 0.507812 0.389062 0.504687 0.382812 0.496875 0.382812 0.489063 0.390625 0.482812 0.385937 0.471875 0.387500 0.470313 0.390625 0.471875 0.396875 0.475000 0.398438 0.492188 0.398438 0.498437 0.395313 0.501563 0.398438