0 0.190625 0.006250 0.189062 0.012500 0.189062 0.021875 0.192188 0.028125 0.203125 0.039062 0.204687 0.046875 0.207813 0.050000 0.207813 0.051562 0.209375 0.053125 0.215625 0.056250 0.235937 0.056250 0.251563 0.054688 0.271875 0.051562 0.281250 0.048438 0.284375 0.046875 0.284375 0.042188 0.282813 0.037500 0.276562 0.029687 0.268750 0.012500 0.268750 0.007812 0.267188 0.004687 0.264062 0.000000 0.196875 0.000000 0.192188 0.003125
0 0.273438 0.006250 0.271875 0.009375 0.271875 0.014063 0.273438 0.018750 0.276562 0.026562 0.278125 0.029687 0.287500 0.045312 0.292187 0.045312 0.296875 0.042188 0.303125 0.040625 0.314063 0.040625 0.323437 0.045312 0.332813 0.043750 0.332813 0.039062 0.328125 0.034375 0.325000 0.034375 0.321875 0.032813 0.320312 0.031250 0.318750 0.028125 0.317188 0.018750 0.315625 0.015625 0.314063 0.014063 0.307812 0.009375 0.303125 0.007812 0.298438 0.001563 0.278125 0.000000
0 0.292187 0.046875 0.289062 0.050000 0.287500 0.067187 0.289062 0.071875 0.290625 0.075000 0.296875 0.084375 0.300000 0.085938 0.312500 0.085938 0.321875 0.084375 0.337500 0.068750 0.337500 0.059375 0.335938 0.054688 0.331250 0.050000 0.320312 0.042188 0.317188 0.040625 0.306250 0.040625 0.300000 0.042188
0 0.290625 0.092188 0.289062 0.096875 0.285938 0.100000 0.285938 0.104688 0.289062 0.110937 0.300000 0.121875 0.307812 0.126562 0.315625 0.128125 0.328125 0.128125 0.329688 0.126562 0.331250 0.123438 0.334375 0.114062 0.334375 0.104688 0.332813 0.101562 0.328125 0.093750 0.326562 0.090625 0.325000 0.089063 0.323437 0.089063 0.320312 0.085938 0.314063 0.084375 0.300000 0.085938 0.296875 0.087500
0 0.243750 0.101562 0.243750 0.112500 0.246875 0.117188 0.251563 0.121875 0.259375 0.126562 0.265625 0.128125 0.271875 0.128125 0.278125 0.125000 0.284375 0.125000 0.289062 0.121875 0.293750 0.120313 0.293750 0.109375 0.289062 0.104688 0.287500 0.100000 0.273438 0.101562 0.265625 0.101562 0.260937 0.098437 0.256250 0.096875 0.250000 0.096875 0.246875 0.098437
0 0.270313 0.128125 0.265625 0.134375 0.264062 0.137500 0.264062 0.143750 0.265625 0.150000 0.268750 0.156250 0.271875 0.159375 0.278125 0.162500 0.285938 0.165625 0.290625 0.165625 0.293750 0.167187 0.298438 0.171875 0.301563 0.173437 0.306250 0.167187 0.309375 0.168750 0.314063 0.171875 0.320312 0.171875 0.325000 0.167187 0.328125 0.160938 0.328125 0.153125 0.326562 0.123438 0.320312 0.123438 0.318750 0.121875 0.300000 0.121875 0.293750 0.118750 0.290625 0.118750 0.275000 0.126562
0 0.157812 0.095312 0.165625 0.110937 0.168750 0.114062 0.173437 0.117188 0.185938 0.120313 0.196875 0.120313 0.200000 0.117188 0.201563 0.117188 0.203125 0.107813 0.201563 0.103125 0.200000 0.096875 0.192188 0.089063 0.185938 0.085938 0.173437 0.085938
1 0.214062 0.132812 0.204687 0.132812 0.200000 0.137500 0.196875 0.142187 0.193750 0.148438 0.193750 0.157812 0.195312 0.160938 0.196875 0.162500 0.203125 0.165625 0.209375 0.165625 0.214062 0.164062 0.223438 0.159375 0.225000 0.157812 0.226562 0.154688 0.226562 0.145313 0.225000 0.142187 0.218750 0.135937
0 0.279687 0.178125 0.278125 0.175000 0.275000 0.171875 0.270313 0.168750 0.262500 0.167187 0.259375 0.164062 0.257812 0.160938 0.257812 0.154688 0.254688 0.151562 0.248438 0.151562 0.246875 0.153125 0.239063 0.153125 0.234375 0.156250 0.228125 0.156250 0.220312 0.159375 0.207813 0.165625 0.196875 0.165625 0.193750 0.168750 0.192188 0.181250 0.193750 0.185938 0.198437 0.187500 0.204687 0.185938 0.207813 0.185938 0.214062 0.189062 0.215625 0.190625 0.220312 0.196875 0.225000 0.200000 0.228125 0.201563 0.234375 0.201563 0.239063 0.198437 0.243750 0.193750 0.250000 0.192188 0.259375 0.192188 0.260937 0.193750 0.270313 0.193750 0.279687 0.184375
0 0.948438 0.139063 0.945312 0.140625 0.939063 0.146875 0.935937 0.146875 0.932813 0.148438 0.929688 0.151562 0.926562 0.157812 0.925000 0.171875 0.926562 0.178125 0.935937 0.187500 0.942187 0.190625 0.946875 0.192188 0.953125 0.192188 0.957812 0.195312 0.962500 0.196875 0.970313 0.196875 0.973437 0.195312 0.975000 0.193750 0.979688 0.184375 0.979688 0.176563 0.982812 0.171875 0.982812 0.165625 0.981250 0.160938 0.976562 0.156250 0.971875 0.153125 0.970313 0.153125 0.968750 0.151562 0.967187 0.148438 0.967187 0.145313 0.962500 0.140625 0.959375 0.139063
0 0.884375 0.225000 0.884375 0.231250 0.887500 0.234375 0.892188 0.235937 0.896875 0.235937 0.900000 0.239063 0.904687 0.240625 0.910937 0.240625 0.914062 0.243750 0.920312 0.245312 0.928125 0.246875 0.934375 0.246875 0.934375 0.239063 0.937500 0.235937 0.942187 0.234375 0.946875 0.231250 0.946875 0.223438 0.935937 0.212500 0.932813 0.210938 0.928125 0.210938 0.923438 0.207813 0.915625 0.207813 0.900000 0.209375 0.893750 0.212500 0.892188 0.215625 0.890625 0.220312
1 0.626563 0.234375 0.618750 0.242188 0.617188 0.245312 0.615625 0.250000 0.615625 0.259375 0.617188 0.262500 0.621875 0.267188 0.621875 0.268750 0.625000 0.271875 0.628125 0.273438 0.635938 0.273438 0.639062 0.271875 0.645312 0.267188 0.651563 0.260937 0.651563 0.253125 0.645312 0.240625 0.642188 0.237500 0.639062 0.235937 0.634375 0.234375
0 0.681250 0.231250 0.675000 0.229687 0.665625 0.229687 0.659375 0.231250 0.653125 0.234375 0.651563 0.235937 0.650000 0.239063 0.650000 0.246875 0.651563 0.260937 0.650000 0.264062 0.646875 0.267188 0.639062 0.273438 0.634375 0.275000 0.634375 0.281250 0.635938 0.284375 0.642188 0.289062 0.650000 0.281250 0.654687 0.278125 0.660937 0.278125 0.665625 0.276562 0.670312 0.271875 0.670312 0.270313 0.676562 0.264062 0.679688 0.257812 0.679688 0.243750 0.684375 0.237500 0.684375 0.234375
0 0.517188 0.234375 0.514062 0.237500 0.514062 0.245312 0.518750 0.251563 0.523438 0.265625 0.525000 0.268750 0.529687 0.273438 0.534375 0.275000 0.545312 0.275000 0.550000 0.273438 0.553125 0.270313 0.554688 0.267188 0.554688 0.264062 0.553125 0.254688 0.551562 0.250000 0.548438 0.243750 0.542188 0.237500 0.539062 0.237500 0.535937 0.234375 0.532813 0.232813 0.520312 0.232813
0 0.543750 0.187500 0.540625 0.190625 0.539062 0.195312 0.539062 0.204687 0.540625 0.207813 0.546875 0.214062 0.548438 0.217188 0.548438 0.232813 0.551562 0.239063 0.553125 0.240625 0.554688 0.240625 0.557813 0.243750 0.562500 0.245312 0.568750 0.245312 0.570312 0.243750 0.576562 0.243750 0.587500 0.250000 0.592187 0.250000 0.598437 0.246875 0.600000 0.239063 0.595313 0.234375 0.592187 0.232813 0.585938 0.232813 0.581250 0.228125 0.581250 0.218750 0.584375 0.214062 0.584375 0.204687 0.576562 0.196875 0.573438 0.195312 0.565625 0.195312 0.564063 0.206250 0.560937 0.203125 0.559375 0.200000 0.559375 0.193750 0.557813 0.190625 0.550000 0.187500
0 0.000000 0.139063 0.000000 0.190625 0.003125 0.192188 0.006250 0.192188 0.009375 0.193750 0.017188 0.200000 0.020313 0.201563 0.021875 0.198437 0.025000 0.195312 0.032813 0.195312 0.035937 0.193750 0.037500 0.190625 0.039062 0.185938 0.039062 0.176563 0.043156 0.176844 0.045188 0.175875 0.047969 0.176828 0.051562 0.176563 0.050000 0.173437 0.045312 0.171875 0.042188 0.168750 0.037500 0.168750 0.034375 0.167187 0.029687 0.162500 0.029687 0.153125 0.028125 0.150000 0.020313 0.142187 0.014063 0.139063
0 0.042188 0.179688 0.039062 0.182812 0.039062 0.189062 0.037500 0.192188 0.032813 0.196875 0.028125 0.196875 0.025000 0.198437 0.023438 0.201563 0.025000 0.204687 0.034375 0.214062 0.039062 0.220312 0.046875 0.232813 0.051562 0.235937 0.060937 0.235937 0.064062 0.232813 0.067187 0.226562 0.071875 0.221875 0.078125 0.220312 0.082812 0.215625 0.082812 0.207813 0.081250 0.204687 0.075000 0.198437 0.067187 0.195312 0.051562 0.178125
0 0.028125 0.220312 0.025000 0.221875 0.015625 0.231250 0.014063 0.235937 0.012500 0.242188 0.012500 0.253125 0.014063 0.256250 0.029687 0.270313 0.031250 0.265625 0.046875 0.264062 0.053125 0.260937 0.053125 0.253125 0.056250 0.248438 0.056250 0.243750 0.054688 0.240625 0.051562 0.237500 0.045312 0.234375 0.042188 0.231250 0.042188 0.229687 0.037500 0.225000 0.032813 0.221875
0 0.029687 0.268750 0.029687 0.271875 0.031250 0.275000 0.040625 0.285938 0.051562 0.296875 0.056250 0.298438 0.070312 0.298438 0.076563 0.295312 0.079687 0.285938 0.079687 0.278125 0.078125 0.270313 0.076563 0.267188 0.071875 0.262500 0.050000 0.262500 0.040625 0.264062 0.035937 0.265625
0 0.071875 0.254688 0.070312 0.262500 0.075000 0.265625 0.078125 0.273438 0.078125 0.290625 0.079687 0.293750 0.095312 0.296875 0.100000 0.295312 0.101562 0.284375 0.101562 0.275000 0.100000 0.271875 0.093750 0.268750 0.090625 0.268750 0.084375 0.265625 0.079687 0.260937 0.079687 0.256250 0.076563 0.253125
0 0.084375 0.296875 0.084375 0.306250 0.085938 0.309375 0.096875 0.320312 0.103125 0.323437 0.121875 0.326562 0.123438 0.320312 0.117188 0.312500 0.117188 0.310937 0.115625 0.309375 0.103125 0.301563 0.098437 0.298438 0.092188 0.296875
0 0.053125 0.317188 0.053125 0.329688 0.054688 0.335938 0.056250 0.339062 0.059375 0.343750 0.064062 0.348438 0.067187 0.350000 0.071875 0.350000 0.079687 0.345313 0.087500 0.343750 0.090625 0.340625 0.100000 0.340625 0.098437 0.337500 0.095312 0.335938 0.093750 0.332813 0.093750 0.329688 0.095312 0.320312 0.093750 0.317188 0.089063 0.312500 0.085938 0.312500 0.082812 0.309375 0.075000 0.306250 0.065625 0.306250 0.062500 0.307812
0 0.103125 0.340625 0.100000 0.337500 0.093750 0.334375 0.090625 0.335938 0.085938 0.340625 0.075000 0.345313 0.068750 0.351562 0.068750 0.354687 0.067187 0.357812 0.068750 0.371875 0.076563 0.370312 0.090625 0.371875 0.100000 0.368750 0.104688 0.359375 0.106250 0.353125 0.106250 0.348438 0.104688 0.343750
0 0.066469 0.373844 0.065609 0.378656 0.064047 0.380219 0.064047 0.388031 0.065609 0.391156 0.079672 0.405219 0.082797 0.406781 0.092172 0.406781 0.096859 0.405219 0.101547 0.402094 0.103109 0.398969 0.103109 0.388031 0.101547 0.375531 0.099984 0.372406 0.096516 0.373656 0.093063 0.373688 0.085781 0.373344 0.081078 0.374922 0.073797 0.374391
0 0.028125 0.376563 0.028125 0.392188 0.026562 0.400000 0.028125 0.404687 0.034375 0.410938 0.042188 0.414062 0.050000 0.421875 0.054688 0.423438 0.062500 0.423438 0.065625 0.421875 0.070312 0.417187 0.070312 0.410938 0.068750 0.407813 0.053125 0.390625 0.045312 0.385937 0.035937 0.376563 0.032813 0.375000
1 0.325000 0.439063 0.323437 0.443750 0.325000 0.451562 0.326562 0.454688 0.331250 0.459375 0.337500 0.459375 0.342187 0.454688 0.342187 0.446875 0.335938 0.440625 0.332813 0.439063
1 0.348438 0.450000 0.346875 0.453125 0.346875 0.459375 0.348438 0.462500 0.350000 0.464062 0.353125 0.465625 0.357812 0.465625 0.360938 0.462500 0.360938 0.456250 0.359375 0.453125 0.356250 0.450000
1 0.340625 0.481250 0.337500 0.484375 0.335938 0.487500 0.335938 0.492188 0.342187 0.498437 0.348438 0.498437 0.351562 0.496875 0.353125 0.489063 0.350000 0.482812 0.346875 0.481250
1 0.334375 0.503125 0.332813 0.506250 0.332813 0.514062 0.334375 0.517188 0.337500 0.520312 0.340625 0.521875 0.351562 0.520312 0.353125 0.517188 0.353125 0.512500 0.351562 0.507812 0.350000 0.504687 0.348438 0.503125 0.345313 0.501563
1 0.384375 0.481250 0.385937 0.493750 0.389062 0.495312 0.396875 0.493750 0.395313 0.482812 0.389062 0.479687
1 0.390625 0.517188 0.387500 0.518750 0.385937 0.520312 0.384375 0.523438 0.384375 0.526563 0.390625 0.539062 0.393750 0.540625 0.398438 0.540625 0.401562 0.539062 0.404687 0.535937 0.404687 0.531250 0.403125 0.526563 0.400000 0.521875 0.396875 0.518750 0.393750 0.517188
1 0.382812 0.498437 0.382812 0.506250 0.387500 0.510938 0.393750 0.510938 0.396875 0.507812 0.396875 0.503125 0.395313 0.500000 0.393750 0.498437 0.390625 0.496875
1 0.376563 0.492188 0.371875 0.492188 0.368750 0.496875 0.367188 0.501563 0.367188 0.506250 0.370312 0.507812 0.373437 0.507812 0.376563 0.506250 0.378125 0.496875 0.376563 0.495312
1 0.371875 0.525000 0.368750 0.528125 0.368750 0.535937 0.371875 0.540625 0.378125 0.545312 0.384375 0.545312 0.387500 0.543750 0.389062 0.540625 0.389062 0.537500 0.387500 0.532813 0.385937 0.529687 0.379688 0.523438 0.375000 0.523438
1 0.443750 0.525000 0.440625 0.526563 0.439063 0.529687 0.437500 0.534375 0.437500 0.540625 0.439063 0.543750 0.440625 0.545312 0.448437 0.548438 0.454688 0.545312 0.456250 0.543750 0.457813 0.540625 0.457813 0.535937 0.456250 0.531250 0.454688 0.528125 0.448437 0.525000
1 0.470313 0.503125 0.467187 0.504687 0.465625 0.504687 0.464062 0.506250 0.462500 0.509375 0.462500 0.514062 0.464062 0.517188 0.471875 0.518750 0.475000 0.515625 0.475000 0.507812 0.473438 0.504687
1 0.460938 0.528125 0.462500 0.539062 0.468750 0.539062 0.471875 0.535937 0.471875 0.529687 0.468750 0.526563
0 0.442188 0.504687 0.437500 0.509375 0.437500 0.514062 0.439063 0.518750 0.440625 0.521875 0.446875 0.525000 0.451562 0.525000 0.454688 0.523438 0.457813 0.520312 0.457813 0.512500 0.456250 0.509375 0.454688 0.507812 0.448437 0.504687
0 0.365625 0.757812 0.360938 0.759375 0.360938 0.760938 0.357812 0.765625 0.354687 0.768750 0.351562 0.768750 0.345313 0.765625 0.337500 0.771875 0.334375 0.775000 0.334375 0.779687 0.335938 0.785937 0.339062 0.790625 0.339062 0.798438 0.340625 0.803125 0.351562 0.814063 0.360938 0.820312 0.367188 0.817187 0.370312 0.814063 0.375000 0.812500 0.378125 0.810937 0.379688 0.804688 0.381250 0.801562 0.385937 0.798438 0.387500 0.795312 0.389062 0.785937 0.387500 0.779687 0.384375 0.776563 0.381250 0.775000 0.379688 0.771875 0.376563 0.764062 0.373437 0.762500 0.370312 0.762500
0 0.384375 0.831250 0.381250 0.832812 0.376563 0.837500 0.371875 0.850000 0.364063 0.857812 0.364063 0.865625 0.365625 0.868750 0.370312 0.873437 0.371875 0.878125 0.376563 0.882812 0.382812 0.885938 0.390625 0.887500 0.395313 0.890625 0.400000 0.895312 0.403125 0.895312 0.410938 0.893750 0.417187 0.890625 0.425000 0.882812 0.426563 0.879687 0.426563 0.867188 0.425000 0.860938 0.421875 0.857812 0.421875 0.846875 0.420312 0.843750 0.415625 0.842187 0.412500 0.839063 0.410938 0.834375 0.409375 0.832812 0.406250 0.831250 0.403125 0.831250 0.390625 0.832812
0 0.479687 0.782813 0.478125 0.785937 0.476562 0.790625 0.476562 0.803125 0.475000 0.812500 0.471875 0.818750 0.471875 0.829688 0.473438 0.834375 0.476562 0.840625 0.481250 0.846875 0.487500 0.853125 0.492188 0.864062 0.496875 0.868750 0.498437 0.873437 0.503125 0.878125 0.507812 0.879687 0.512500 0.879687 0.515625 0.878125 0.515625 0.868750 0.512500 0.862500 0.509375 0.842187 0.509375 0.837500 0.510938 0.817187 0.509375 0.810937 0.506250 0.804688 0.504687 0.803125 0.498437 0.798438 0.498437 0.795312 0.485938 0.782813
0 0.482812 0.856250 0.478125 0.856250 0.475000 0.857812 0.470313 0.862500 0.465625 0.873437 0.460938 0.878125 0.459375 0.882812 0.456250 0.887500 0.443750 0.900000 0.440625 0.909375 0.440625 0.914062 0.439063 0.918750 0.432812 0.931250 0.432812 0.937500 0.434375 0.940625 0.437500 0.942187 0.442188 0.942187 0.446875 0.943750 0.450000 0.946875 0.451562 0.951562 0.454688 0.954688 0.457813 0.954688 0.460938 0.953125 0.465625 0.948438 0.476562 0.940625 0.481250 0.942187 0.485938 0.942187 0.489063 0.940625 0.495312 0.932813 0.496875 0.929688 0.498437 0.921875 0.501563 0.915625 0.507812 0.909375 0.512500 0.907813 0.514062 0.904687 0.514062 0.901563 0.512500 0.890625 0.510938 0.885938 0.509375 0.882812 0.504687 0.881250 0.496875 0.876563 0.495312 0.875000 0.492188 0.868750 0.492188 0.864062 0.490625 0.860938 0.487500 0.857812
0 0.431250 0.946875 0.425000 0.946875 0.412500 0.950000 0.400000 0.948438 0.395313 0.948438 0.390625 0.950000 0.385937 0.953125 0.375000 0.964063 0.375000 0.968750 0.381250 0.987500 0.382812 0.990625 0.385937 0.993750 0.389062 0.995313 0.392188 0.995313 0.395313 0.998437 0.414062 0.998437 0.418750 0.993750 0.423438 0.992188 0.425000 0.985938 0.429688 0.981250 0.429688 0.976562 0.432812 0.971875 0.432812 0.951562
0 0.290625 0.837500 0.282813 0.837500 0.279687 0.839063 0.273438 0.843750 0.260937 0.843750 0.257812 0.846875 0.257812 0.850000 0.262500 0.857812 0.265625 0.867188 0.265625 0.881250 0.260937 0.885938 0.260937 0.892188 0.262500 0.896875 0.264062 0.900000 0.259375 0.906250 0.259375 0.915625 0.260937 0.918750 0.267188 0.926562 0.271875 0.929688 0.275000 0.931250 0.279687 0.926562 0.292187 0.920312 0.296875 0.917188 0.303125 0.910937 0.312500 0.906250 0.315625 0.903125 0.318750 0.898438 0.321875 0.892188 0.323437 0.884375 0.321875 0.879687 0.318750 0.876563 0.317188 0.871875 0.312500 0.870313 0.309375 0.867188 0.307812 0.854688 0.306250 0.851562 0.295312 0.839063 0.292187 0.839063
0 0.128125 0.953125 0.123438 0.953125 0.120313 0.954688 0.112500 0.959375 0.109375 0.962500 0.107813 0.962500 0.106250 0.981250 0.104688 0.982812 0.104688 0.998437 0.139063 0.998437 0.139063 0.992188 0.140625 0.990625 0.140625 0.984375 0.139063 0.964063
0 0.209375 0.929688 0.203125 0.929688 0.200000 0.931250 0.198437 0.932813 0.196875 0.935937 0.196875 0.943750 0.200000 0.950000 0.196875 0.954688 0.185938 0.940625 0.179688 0.935937 0.176563 0.934375 0.171875 0.934375 0.165625 0.937500 0.159375 0.943750 0.157812 0.950000 0.157812 0.954688 0.159375 0.956250 0.160938 0.964063 0.160938 0.970313 0.157812 0.973437 0.154688 0.975000 0.150000 0.975000 0.148438 0.976562 0.145313 0.976562 0.145313 0.979688 0.156250 0.990625 0.165625 0.998437 0.189062 0.998437 0.192188 0.993750 0.195312 0.993750 0.200000 0.990625 0.204687 0.984375 0.209375 0.981250 0.210938 0.981250 0.212500 0.979688 0.215625 0.973437 0.217188 0.965625 0.217188 0.953125 0.215625 0.943750 0.214062 0.937500
0 0.198437 0.898438 0.198437 0.901563 0.200000 0.904687 0.206250 0.912500 0.207813 0.915625 0.207813 0.926562 0.206250 0.928125 0.201563 0.929688 0.198437 0.932813 0.196875 0.935937 0.196875 0.946875 0.200000 0.956250 0.203125 0.957812 0.209375 0.957812 0.214062 0.959375 0.217188 0.962500 0.218750 0.965625 0.218750 0.968750 0.221875 0.975000 0.225000 0.979688 0.229687 0.984375 0.235937 0.984375 0.239063 0.982812 0.240625 0.979688 0.242188 0.973437 0.243750 0.962500 0.243750 0.948438 0.239063 0.937500 0.239063 0.931250 0.232813 0.910937 0.231250 0.907813 0.226562 0.903125 0.223438 0.906250 0.220312 0.904687 0.215625 0.900000 0.210938 0.898438 0.204687 0.896875
0 0.324813 0.905656 0.311469 0.908438 0.299875 0.913719 0.293063 0.918266 0.282734 0.922297 0.276187 0.929859 0.275422 0.936406 0.279719 0.939422 0.281469 0.941953 0.282484 0.945984 0.284250 0.948000 0.299109 0.951266 0.307172 0.947750 0.314984 0.945219 0.323047 0.940438 0.332875 0.935141 0.336406 0.931109 0.336656 0.922547 0.337922 0.913219 0.334641 0.907922
0 0.325000 0.935937 0.323437 0.940625 0.317188 0.951562 0.317188 0.954688 0.320312 0.959375 0.328125 0.975000 0.332813 0.982812 0.335938 0.987500 0.339062 0.989062 0.342187 0.989062 0.348438 0.985938 0.357812 0.984375 0.357812 0.973437 0.360938 0.967187 0.360938 0.959375 0.356250 0.951562 0.353125 0.946875 0.350000 0.943750 0.339062 0.939063 0.334375 0.934375 0.328125 0.934375
0 0.260937 0.946875 0.259375 0.950000 0.257812 0.959375 0.257812 0.971875 0.254688 0.975000 0.253125 0.978125 0.253125 0.992188 0.254688 0.993750 0.254688 0.998437 0.337500 0.998437 0.337500 0.993750 0.334375 0.990625 0.334375 0.987500 0.326562 0.971875 0.318750 0.960938 0.318750 0.957812 0.314063 0.953125 0.310937 0.951562 0.304688 0.950000 0.298438 0.950000 0.285938 0.951562 0.270313 0.946875
1 0.071875 0.800000 0.068750 0.803125 0.067187 0.806250 0.067187 0.809375 0.071875 0.818750 0.073438 0.820312 0.076563 0.821875 0.085938 0.820312 0.087500 0.817187 0.087500 0.807813 0.085938 0.804688 0.081250 0.800000
1 0.043750 0.767188 0.040625 0.770312 0.039062 0.775000 0.040625 0.781250 0.042188 0.784375 0.046875 0.789062 0.051562 0.790625 0.054688 0.787500 0.056250 0.787500 0.057813 0.785937 0.059375 0.782813 0.059375 0.778125 0.057813 0.771875 0.053125 0.767188
1 0.095312 0.812500 0.090625 0.817187 0.090625 0.823438 0.092188 0.826562 0.095312 0.829688 0.098437 0.831250 0.101562 0.831250 0.104688 0.829688 0.106250 0.826562 0.106250 0.818750 0.104688 0.815625 0.103125 0.814063 0.100000 0.812500