0 0.012500 0.018750 0.006250 0.021875 0.000000 0.021875 0.000000 0.068750 0.004687 0.073438 0.004687 0.078125 0.006250 0.081250 0.009375 0.084375 0.014063 0.085938 0.018750 0.085938 0.025000 0.084375 0.028125 0.082812 0.034375 0.076563 0.039062 0.073438 0.040625 0.073438 0.042188 0.059375 0.046875 0.050000 0.046875 0.046875 0.045312 0.043750 0.040625 0.040625 0.037500 0.035937 0.035937 0.031250 0.035937 0.023438 0.032813 0.021875 0.023438 0.021875 0.018750 0.018750
0 0.043750 0.068750 0.040625 0.067187 0.034375 0.075000 0.029687 0.078125 0.026562 0.079687 0.015625 0.081250 0.012500 0.084375 0.009375 0.081250 0.000000 0.082812 0.000000 0.112500 0.020313 0.114062 0.025000 0.110937 0.029687 0.110937 0.035937 0.107813 0.042188 0.101562 0.043750 0.098437 0.045312 0.093750 0.045312 0.071875
0 0.000000 0.114062 0.000000 0.150000 0.004687 0.150000 0.009375 0.154688 0.012500 0.154688 0.020313 0.150000 0.023438 0.151562 0.028125 0.154688 0.032813 0.154688 0.035937 0.151562 0.037500 0.145313 0.043750 0.140625 0.045312 0.132812 0.042188 0.128125 0.035937 0.123438 0.020313 0.115625 0.014063 0.114062
0 0.071875 0.004687 0.071875 0.012500 0.076563 0.023438 0.076563 0.026562 0.071875 0.032813 0.070312 0.035937 0.070312 0.045312 0.078125 0.054688 0.087500 0.054688 0.095312 0.057813 0.098437 0.056250 0.106250 0.059375 0.112500 0.059375 0.120313 0.050000 0.118750 0.042188 0.118750 0.039062 0.121875 0.035937 0.125000 0.034375 0.122531 0.032438 0.121969 0.030828 0.120438 0.027000 0.119156 0.022625 0.118953 0.019250 0.118750 0.017188 0.115625 0.015625 0.114062 0.014063 0.110937 0.007812 0.109375 0.000000 0.104688 0.000000 0.098437 0.006250 0.093750 0.006250 0.085938 0.000000 0.075000 0.000000
0 0.127781 0.001109 0.124656 0.007359 0.121531 0.008922 0.121531 0.015172 0.118406 0.021422 0.121531 0.024547 0.121531 0.029234 0.124656 0.035484 0.130906 0.037047 0.134031 0.040172 0.138719 0.040172 0.140281 0.035484 0.143406 0.032359 0.144969 0.032359 0.148094 0.029234 0.148094 0.018297 0.144969 0.013609 0.146531 0.007359 0.146531 0.004234 0.143406 0.001109
0 0.079687 0.053125 0.073438 0.057813 0.071875 0.087500 0.073438 0.092188 0.079687 0.098437 0.082812 0.100000 0.092188 0.098437 0.089063 0.092188 0.089063 0.079687 0.093750 0.075000 0.095312 0.068750 0.093750 0.056250 0.090625 0.054688 0.084375 0.053125
0 0.148438 0.043750 0.142187 0.040625 0.137500 0.042188 0.131250 0.048438 0.120313 0.054688 0.112500 0.062500 0.109375 0.062500 0.106250 0.065625 0.104688 0.065625 0.103125 0.067187 0.100000 0.073438 0.100000 0.084375 0.103125 0.090625 0.109375 0.096875 0.112500 0.098437 0.120313 0.100000 0.142187 0.100000 0.145313 0.098437 0.151562 0.092188 0.157812 0.078125 0.159375 0.067187 0.159375 0.057813 0.157812 0.054688 0.150000 0.053125 0.146875 0.050000
0 0.092188 0.112500 0.092188 0.117188 0.093750 0.120313 0.100000 0.126562 0.101562 0.139063 0.106250 0.143750 0.120313 0.143750 0.125000 0.142187 0.134375 0.137500 0.142187 0.129688 0.148438 0.129688 0.151562 0.126562 0.153125 0.126562 0.154688 0.121875 0.153125 0.120313 0.153125 0.117188 0.157812 0.112500 0.159375 0.107813 0.157812 0.104688 0.153125 0.098437 0.150000 0.096875 0.142187 0.101562 0.121875 0.101562 0.106250 0.096875 0.100000 0.096875 0.098437 0.100000 0.098437 0.103125 0.096875 0.106250 0.093750 0.109375
0 0.051562 0.100000 0.048438 0.106250 0.046875 0.114062 0.046875 0.120313 0.048438 0.123438 0.056250 0.131250 0.065625 0.137500 0.068750 0.139063 0.076563 0.139063 0.087500 0.134375 0.090625 0.131250 0.092188 0.131250 0.093750 0.125000 0.084375 0.107813 0.081250 0.104688 0.081250 0.103125 0.079687 0.101562 0.076563 0.100000 0.065625 0.098437
0 0.101562 0.168750 0.093750 0.165625 0.084375 0.165625 0.068750 0.167187 0.057813 0.168750 0.045312 0.171875 0.039062 0.175000 0.034375 0.179688 0.034375 0.184375 0.039062 0.189062 0.064062 0.190625 0.082812 0.190625 0.090625 0.189062 0.093750 0.189062 0.098437 0.192188 0.101562 0.192188 0.101562 0.182812 0.100000 0.179688 0.096875 0.176563 0.095312 0.173437
0 0.150000 0.360938 0.140625 0.359375 0.137500 0.356250 0.129688 0.356250 0.123438 0.364063 0.121875 0.365625 0.120313 0.365625 0.117188 0.367188 0.109375 0.364063 0.106250 0.364063 0.104688 0.365625 0.100000 0.365625 0.096875 0.368750 0.096875 0.375000 0.093750 0.378125 0.093750 0.382812 0.096875 0.387500 0.096875 0.390625 0.093750 0.393750 0.090625 0.395313 0.093750 0.396875 0.101562 0.398438 0.107813 0.398438 0.109375 0.396875 0.117188 0.396875 0.123438 0.395313 0.126562 0.393750 0.132812 0.389062 0.135937 0.387500 0.143750 0.385937 0.146875 0.382812 0.148438 0.379688 0.148438 0.370312 0.151562 0.364063
0 0.159375 0.360938 0.159375 0.371875 0.160938 0.376563 0.170313 0.385937 0.179688 0.390625 0.189062 0.398438 0.198437 0.398438 0.201563 0.396875 0.201563 0.378125 0.198437 0.376563 0.189062 0.376563 0.185938 0.375000 0.184375 0.373437 0.176563 0.364063 0.173437 0.362500 0.168750 0.362500 0.164062 0.360938
0 0.185938 0.393750 0.181250 0.390625 0.173437 0.387500 0.164062 0.378125 0.156250 0.378125 0.148438 0.385937 0.145313 0.387500 0.137500 0.387500 0.132812 0.389062 0.128125 0.393750 0.128125 0.395313 0.125000 0.398438 0.120313 0.400000 0.118750 0.403125 0.118750 0.412500 0.120313 0.417187 0.121875 0.420312 0.125000 0.425000 0.129688 0.428125 0.132812 0.429688 0.139063 0.429688 0.143750 0.428125 0.160938 0.420312 0.164062 0.417187 0.178125 0.412500 0.185938 0.407813 0.189062 0.404687 0.189062 0.400000
0 0.173437 0.503125 0.171875 0.501563 0.165625 0.498437 0.162500 0.498437 0.159375 0.496875 0.154688 0.492188 0.148438 0.489063 0.143750 0.489063 0.142187 0.487500 0.139063 0.487500 0.137500 0.489063 0.132812 0.489063 0.126562 0.492188 0.120313 0.496875 0.109375 0.506250 0.107813 0.510938 0.112500 0.517188 0.112500 0.525000 0.114062 0.528125 0.115625 0.529687 0.118750 0.531250 0.120313 0.531250 0.126562 0.535937 0.134375 0.535937 0.140625 0.534375 0.153125 0.528125 0.159375 0.521875 0.164062 0.521875 0.167187 0.520312 0.171875 0.517188 0.175000 0.514062 0.175000 0.506250
0 0.206250 0.426563 0.198437 0.426563 0.192188 0.429688 0.189062 0.432812 0.182812 0.435937 0.175000 0.437500 0.168750 0.440625 0.167187 0.451562 0.171875 0.465625 0.173437 0.471875 0.175000 0.475000 0.182812 0.482812 0.187500 0.482812 0.193750 0.478125 0.196875 0.476562 0.201563 0.475000 0.207813 0.475000 0.212500 0.473438 0.217188 0.470313 0.221875 0.464062 0.223438 0.464062 0.229687 0.457813 0.229687 0.451562 0.225000 0.450000 0.220312 0.450000 0.215625 0.448437 0.212500 0.446875 0.207813 0.442188 0.209375 0.435937 0.207813 0.429688
0 0.210938 0.431250 0.210938 0.437500 0.214062 0.443750 0.217188 0.446875 0.220312 0.448437 0.231250 0.450000 0.254688 0.450000 0.270313 0.448437 0.276562 0.443750 0.285938 0.434375 0.275000 0.434375 0.271875 0.431250 0.270313 0.428125 0.268750 0.421875 0.265625 0.418750 0.250000 0.418750 0.245312 0.415625 0.235937 0.415625 0.225000 0.417187 0.215625 0.420312 0.214062 0.423438 0.214062 0.428125
0 0.345313 0.634375 0.340625 0.634375 0.337500 0.635938 0.335938 0.639062 0.331250 0.640625 0.323437 0.635938 0.318750 0.635938 0.315625 0.637500 0.312500 0.643750 0.310937 0.648438 0.312500 0.653125 0.310937 0.656250 0.307812 0.659375 0.303125 0.659375 0.300000 0.660937 0.300000 0.665625 0.303125 0.668750 0.307812 0.670312 0.312500 0.675000 0.312500 0.676562 0.315625 0.679688 0.329688 0.679688 0.337500 0.671875 0.342187 0.670312 0.346875 0.665625 0.348438 0.660937 0.350000 0.654687 0.350000 0.639062
0 0.398438 0.650000 0.389062 0.648438 0.385937 0.645312 0.375000 0.645312 0.371875 0.646875 0.370312 0.648438 0.370312 0.650000 0.367188 0.654687 0.364063 0.657813 0.360938 0.659375 0.357812 0.659375 0.354687 0.660937 0.351562 0.664062 0.350000 0.667188 0.350000 0.673438 0.351562 0.676562 0.353125 0.678125 0.359375 0.681250 0.375000 0.681250 0.381250 0.679688 0.384375 0.678125 0.390625 0.671875 0.396875 0.662500 0.400000 0.656250 0.400000 0.653125
0 0.328375 0.679891 0.319000 0.679891 0.315875 0.681453 0.314312 0.684578 0.312750 0.700203 0.304937 0.703328 0.303375 0.706453 0.303375 0.711141 0.304937 0.717391 0.306500 0.720516 0.314312 0.728328 0.317437 0.729891 0.322125 0.729891 0.325250 0.728328 0.329937 0.725203 0.334625 0.720516 0.337750 0.715828 0.339313 0.712703 0.340875 0.706453 0.340875 0.695516 0.339313 0.690828
0 0.343750 0.762500 0.343750 0.768750 0.345313 0.776563 0.343750 0.781250 0.343750 0.785937 0.345313 0.789062 0.348438 0.792188 0.353125 0.793750 0.359375 0.793750 0.360938 0.792188 0.367188 0.792188 0.370312 0.793750 0.373437 0.796875 0.376563 0.798438 0.384375 0.800000 0.387500 0.800000 0.390625 0.798438 0.393750 0.795312 0.395313 0.792188 0.395313 0.789062 0.396875 0.785937 0.400000 0.782813 0.404687 0.781250 0.406250 0.775000 0.403125 0.770312 0.400000 0.767188 0.378125 0.756250 0.365625 0.756250 0.353125 0.757812
0 0.428125 0.821875 0.426563 0.823438 0.425000 0.826562 0.423438 0.831250 0.425000 0.840625 0.421875 0.842187 0.417187 0.839063 0.409375 0.839063 0.406250 0.842187 0.406250 0.850000 0.409375 0.859375 0.412500 0.864062 0.415625 0.873437 0.421875 0.876563 0.426563 0.878125 0.439063 0.876563 0.445312 0.879687 0.450000 0.879687 0.453125 0.878125 0.456250 0.873437 0.457813 0.870313 0.459375 0.862500 0.464062 0.854688 0.465625 0.850000 0.464062 0.843750 0.459375 0.834375 0.457813 0.832812 0.454688 0.831250 0.450000 0.829688 0.442188 0.823438 0.434375 0.821875
0 0.414062 0.921875 0.414062 0.926562 0.418750 0.928125 0.423438 0.932813 0.426563 0.934375 0.437500 0.934375 0.443750 0.937500 0.454688 0.943750 0.459375 0.945312 0.470313 0.943750 0.470313 0.939063 0.473438 0.934375 0.473438 0.931250 0.462500 0.920312 0.457813 0.918750 0.446875 0.918750 0.435937 0.915625 0.428125 0.915625 0.421875 0.917188 0.417187 0.918750
0 0.709375 0.657813 0.706250 0.656250 0.701562 0.654687 0.690625 0.654687 0.685937 0.656250 0.679688 0.659375 0.673438 0.664062 0.670312 0.665625 0.654687 0.671875 0.650000 0.676562 0.646875 0.682813 0.646875 0.687500 0.650000 0.701562 0.654687 0.701562 0.657813 0.704688 0.659375 0.709375 0.662500 0.712500 0.665625 0.714063 0.671875 0.714063 0.675000 0.712500 0.678125 0.709375 0.679688 0.706250 0.681250 0.696875 0.682813 0.693750 0.689063 0.692187 0.692187 0.690625 0.695312 0.687500 0.704688 0.684375 0.707812 0.681250 0.707812 0.675000 0.706250 0.670312 0.706250 0.667188 0.709375 0.664062 0.710938 0.660937
0 0.559375 0.648438 0.556250 0.651563 0.554688 0.656250 0.556250 0.659375 0.559375 0.662500 0.565625 0.662500 0.568750 0.665625 0.568750 0.675000 0.571875 0.678125 0.579688 0.682813 0.582812 0.682813 0.585938 0.684375 0.590625 0.682813 0.590625 0.668750 0.589063 0.664062 0.584375 0.654687 0.581250 0.651563 0.575000 0.648438 0.568750 0.646875 0.564063 0.646875
0 0.596875 0.664062 0.596875 0.668750 0.600000 0.679688 0.603125 0.689063 0.606250 0.695312 0.609375 0.698438 0.617188 0.698438 0.620313 0.695312 0.620313 0.687500 0.617188 0.681250 0.615625 0.676562 0.603125 0.664062 0.600000 0.662500
0 0.590625 0.557813 0.587500 0.559375 0.582812 0.564063 0.575000 0.567187 0.575000 0.582812 0.576562 0.592187 0.579688 0.604688 0.581250 0.609375 0.582812 0.612500 0.585938 0.615625 0.595313 0.618750 0.603125 0.618750 0.609375 0.626563 0.612500 0.628125 0.620313 0.629687 0.623437 0.629687 0.628125 0.625000 0.629687 0.625000 0.632812 0.621875 0.635938 0.615625 0.640625 0.610938 0.646875 0.607812 0.646875 0.606250 0.650000 0.603125 0.651563 0.598437 0.651563 0.595313 0.648438 0.585938 0.645312 0.581250 0.643750 0.576562 0.643750 0.570312 0.642188 0.565625 0.639062 0.559375 0.634375 0.554688 0.626563 0.554688 0.623437 0.557813 0.615625 0.559375 0.596875 0.557813
0 0.659375 0.567187 0.656250 0.570312 0.656250 0.576562 0.657813 0.578125 0.657813 0.584375 0.654687 0.587500 0.654687 0.595313 0.656250 0.598437 0.659375 0.603125 0.665625 0.609375 0.671875 0.612500 0.678125 0.614062 0.681250 0.615625 0.687500 0.620313 0.693750 0.623437 0.701562 0.623437 0.701562 0.618750 0.695312 0.604688 0.700000 0.603125 0.706250 0.596875 0.706250 0.582812 0.703125 0.579688 0.700000 0.579688 0.698438 0.581250 0.693750 0.579688 0.693750 0.576562 0.696875 0.570312 0.696875 0.567187 0.695312 0.564063 0.693750 0.562500 0.690625 0.560937 0.682813 0.560937 0.678125 0.562500 0.673438 0.565625 0.662500 0.565625
0 0.684375 0.437500 0.684375 0.440625 0.685937 0.442188 0.687500 0.465625 0.684375 0.470313 0.682813 0.475000 0.682813 0.478125 0.684375 0.482812 0.689063 0.487500 0.689063 0.498437 0.692187 0.501563 0.698438 0.504687 0.703125 0.506250 0.709375 0.506250 0.715625 0.503125 0.721875 0.503125 0.729688 0.507812 0.735938 0.507812 0.739062 0.504687 0.739062 0.503125 0.743750 0.498437 0.746875 0.490625 0.751563 0.485938 0.753125 0.482812 0.753125 0.478125 0.760938 0.470313 0.762500 0.467187 0.762500 0.459375 0.754687 0.451562 0.751563 0.443750 0.745313 0.437500 0.740625 0.435937 0.731250 0.435937 0.728125 0.434375 0.726562 0.432812 0.725000 0.429688 0.725000 0.426563 0.721875 0.423438 0.717187 0.423438 0.715625 0.426563 0.715625 0.429688 0.712500 0.432812 0.709375 0.432812 0.703125 0.437500 0.689063 0.440625
0 0.673438 0.390625 0.670312 0.392188 0.667188 0.395313 0.667188 0.404687 0.664062 0.410938 0.662500 0.417187 0.662500 0.425000 0.665625 0.431250 0.668750 0.432812 0.676562 0.434375 0.679688 0.435937 0.681250 0.437500 0.682813 0.442188 0.685937 0.445312 0.689063 0.445312 0.701562 0.439063 0.706250 0.434375 0.707812 0.431250 0.707812 0.420312 0.703125 0.412500 0.701562 0.404687 0.698438 0.396875 0.696875 0.393750 0.695312 0.392188 0.692187 0.390625
0 0.660937 0.364063 0.660937 0.373437 0.662500 0.378125 0.664062 0.381250 0.668750 0.385937 0.675000 0.390625 0.689063 0.389062 0.700000 0.392188 0.717187 0.392188 0.721875 0.396875 0.725000 0.398438 0.729688 0.400000 0.732812 0.400000 0.735938 0.398438 0.739062 0.395313 0.739062 0.376563 0.737500 0.373437 0.729688 0.364063 0.723437 0.360938 0.717187 0.360938 0.712500 0.359375 0.707812 0.354687 0.701562 0.346875 0.695312 0.343750 0.690625 0.345313 0.689063 0.348438 0.675000 0.348438 0.665625 0.356250 0.662500 0.360938
0 0.770312 0.279687 0.767188 0.279687 0.760938 0.285938 0.757812 0.287500 0.753125 0.287500 0.750000 0.289062 0.750000 0.293750 0.742188 0.301563 0.742188 0.307812 0.740625 0.309375 0.740625 0.314063 0.745313 0.317188 0.753125 0.321875 0.757812 0.323437 0.762500 0.323437 0.773438 0.320312 0.776563 0.317188 0.778125 0.312500 0.781250 0.301563 0.781250 0.293750 0.773438 0.282813
0 0.829688 0.317188 0.821875 0.320312 0.817187 0.323437 0.812500 0.328125 0.810937 0.331250 0.809375 0.339062 0.809375 0.350000 0.810937 0.353125 0.818750 0.360938 0.823438 0.364063 0.826562 0.365625 0.831250 0.367188 0.837500 0.368750 0.845313 0.368750 0.848437 0.367188 0.850000 0.359375 0.856250 0.353125 0.856250 0.346875 0.854688 0.343750 0.850000 0.339062 0.848437 0.335938 0.846875 0.331250 0.846875 0.325000 0.845313 0.321875 0.839063 0.318750 0.834375 0.317188
0 0.590625 0.428125 0.587500 0.432812 0.585938 0.435937 0.585938 0.439063 0.582812 0.442188 0.584375 0.446875 0.590625 0.450000 0.598437 0.451562 0.604688 0.454688 0.607812 0.457813 0.603125 0.460938 0.601562 0.465625 0.601562 0.471875 0.600000 0.473438 0.600000 0.478125 0.601562 0.481250 0.603125 0.482812 0.606250 0.484375 0.626563 0.482812 0.631250 0.487500 0.640625 0.485938 0.646875 0.482812 0.650000 0.479687 0.651563 0.475000 0.651563 0.460938 0.653125 0.457813 0.656250 0.454688 0.664062 0.454688 0.668750 0.450000 0.668750 0.440625 0.660937 0.432812 0.654687 0.429688 0.650000 0.429688 0.648438 0.431250 0.643750 0.431250 0.640625 0.429688 0.635938 0.425000 0.631250 0.423438 0.623437 0.421875 0.606250 0.425000 0.603125 0.423438 0.595313 0.425000
0 0.545312 0.426563 0.551562 0.432812 0.567187 0.443750 0.573438 0.445312 0.584375 0.445312 0.587500 0.439063 0.589063 0.431250 0.593750 0.426563 0.598437 0.425000 0.614062 0.425000 0.623437 0.421875 0.623437 0.418750 0.621875 0.415625 0.618750 0.412500 0.604688 0.406250 0.600000 0.404687 0.600000 0.390625 0.598437 0.381250 0.596875 0.378125 0.593750 0.376563 0.582812 0.382812 0.579688 0.382812 0.571875 0.376563 0.567187 0.376563 0.564063 0.379688 0.567187 0.382812 0.567187 0.384375 0.571875 0.389062 0.571875 0.393750 0.568750 0.396875 0.564063 0.398438 0.545312 0.418750
0 0.629687 0.482812 0.628125 0.485938 0.626563 0.493750 0.625000 0.496875 0.621875 0.500000 0.618750 0.500000 0.615625 0.501563 0.614062 0.503125 0.612500 0.506250 0.612500 0.509375 0.614062 0.514062 0.618750 0.521875 0.621875 0.525000 0.631250 0.526563 0.635938 0.531250 0.640625 0.532813 0.656250 0.532813 0.659375 0.531250 0.668750 0.525000 0.670312 0.521875 0.670312 0.509375 0.668750 0.506250 0.662500 0.498437 0.660937 0.495312 0.660937 0.490625 0.659375 0.485938 0.657813 0.482812 0.651563 0.479687 0.646875 0.479687 0.642188 0.481250 0.637500 0.484375
0 0.692187 0.548438 0.676562 0.532813 0.670312 0.532813 0.668750 0.531250 0.664062 0.531250 0.654687 0.535937 0.642188 0.535937 0.639062 0.537500 0.637500 0.542188 0.639062 0.550000 0.642188 0.554688 0.642188 0.559375 0.643750 0.562500 0.650000 0.568750 0.656250 0.568750 0.660937 0.565625 0.665625 0.564063 0.668750 0.565625 0.671875 0.564063 0.676562 0.562500 0.685937 0.557813 0.692187 0.551562
0 0.629687 0.531250 0.625000 0.531250 0.617188 0.526563 0.612500 0.526563 0.610938 0.528125 0.604688 0.528125 0.600000 0.529687 0.598437 0.532813 0.582812 0.535937 0.582812 0.539062 0.578125 0.543750 0.576562 0.543750 0.570312 0.550000 0.570312 0.559375 0.573438 0.565625 0.581250 0.565625 0.587500 0.562500 0.592187 0.557813 0.596875 0.557813 0.612500 0.559375 0.621875 0.557813 0.629687 0.551562 0.631250 0.551562 0.632812 0.546875 0.631250 0.537500 0.629687 0.535937
1 0.198437 0.026562 0.195312 0.028125 0.192188 0.031250 0.190625 0.035937 0.192188 0.042188 0.193750 0.045312 0.206250 0.046875 0.209375 0.045312 0.210938 0.042188 0.210938 0.034375 0.207813 0.028125 0.204687 0.026562
0 0.693750 0.118750 0.687500 0.118750 0.684375 0.120313 0.675000 0.129688 0.675000 0.134375 0.671875 0.140625 0.673438 0.143750 0.676562 0.146875 0.676562 0.150000 0.678125 0.153125 0.675000 0.165625 0.673438 0.168750 0.665625 0.176563 0.667188 0.182812 0.679688 0.182812 0.682813 0.181250 0.690625 0.176563 0.696875 0.170313 0.698438 0.167187 0.703125 0.153125 0.703125 0.128125 0.701562 0.125000 0.696875 0.120313
0 0.781250 0.123438 0.775000 0.128125 0.768750 0.129688 0.760938 0.137500 0.756250 0.140625 0.754687 0.140625 0.753125 0.142187 0.751563 0.145313 0.753125 0.148438 0.757812 0.154688 0.754687 0.159375 0.753125 0.165625 0.753125 0.173437 0.754687 0.178125 0.757812 0.181250 0.760938 0.182812 0.779687 0.182812 0.782813 0.185938 0.782813 0.187500 0.785937 0.190625 0.789062 0.192188 0.800000 0.192188 0.803125 0.190625 0.806250 0.187500 0.809375 0.182812 0.810937 0.179688 0.812500 0.173437 0.815625 0.170313 0.817187 0.170313 0.818750 0.159375 0.817187 0.156250 0.804688 0.145313 0.804688 0.142187 0.796875 0.134375 0.792188 0.123438
0 0.817187 0.095312 0.810937 0.098437 0.809375 0.100000 0.807813 0.103125 0.807813 0.106250 0.804688 0.109375 0.801562 0.109375 0.798438 0.110937 0.795312 0.114062 0.793750 0.121875 0.800000 0.134375 0.804688 0.139063 0.804688 0.142187 0.806250 0.145313 0.812500 0.151562 0.817187 0.154688 0.831250 0.154688 0.837500 0.153125 0.840625 0.151562 0.850000 0.142187 0.851562 0.137500 0.851562 0.110937 0.848437 0.103125 0.843750 0.103125 0.840625 0.101562 0.834375 0.096875 0.831250 0.095312
0 0.787500 0.043750 0.789062 0.048438 0.792188 0.054688 0.792188 0.062500 0.790625 0.076563 0.792188 0.079687 0.795312 0.082812 0.798438 0.084375 0.812500 0.085938 0.818750 0.089063 0.825000 0.090625 0.832812 0.090625 0.840625 0.089063 0.843750 0.087500 0.848437 0.082812 0.850000 0.078125 0.854688 0.075000 0.857812 0.076563 0.860938 0.079687 0.867188 0.081250 0.873437 0.081250 0.879687 0.079687 0.884375 0.067187 0.887500 0.070312 0.882812 0.065625 0.879687 0.059375 0.871875 0.051562 0.862500 0.048438 0.853125 0.048438 0.851562 0.050000 0.840625 0.050000 0.837500 0.046875 0.835938 0.039062 0.834375 0.035937 0.832812 0.034375 0.829688 0.032813 0.825000 0.031250 0.818750 0.029687 0.809375 0.029687 0.804688 0.031250 0.796875 0.037500 0.789062 0.040625
0 0.754687 0.015625 0.754687 0.021875 0.757812 0.026562 0.764062 0.032813 0.768750 0.035937 0.776563 0.040625 0.779687 0.042188 0.787500 0.042188 0.793750 0.037500 0.796875 0.037500 0.800000 0.035937 0.803125 0.032813 0.809375 0.029687 0.821875 0.028125 0.821875 0.025000 0.823438 0.023438 0.823438 0.020313 0.815625 0.021875 0.812500 0.021875 0.809375 0.018750 0.807813 0.014063 0.796875 0.012500 0.782813 0.006250 0.778125 0.006250 0.776563 0.004687 0.773438 0.004687 0.768750 0.006250 0.764062 0.012500
0 0.775000 0.062500 0.765625 0.062500 0.759375 0.067187 0.756250 0.067187 0.750000 0.060937 0.745313 0.060937 0.740625 0.062500 0.734375 0.065625 0.731250 0.071875 0.731250 0.075000 0.732812 0.092188 0.734375 0.095312 0.735938 0.096875 0.739062 0.098437 0.743750 0.098437 0.748437 0.103125 0.745313 0.106250 0.743750 0.106250 0.739062 0.110937 0.739062 0.117188 0.740625 0.121875 0.743750 0.126562 0.750000 0.129688 0.751563 0.132812 0.754687 0.134375 0.762500 0.129688 0.770312 0.128125 0.773438 0.126562 0.776563 0.123438 0.778125 0.120313 0.779687 0.114062 0.782813 0.110937 0.782813 0.104688 0.776563 0.092188 0.776563 0.085938 0.781250 0.081250 0.781250 0.070312 0.779687 0.067187
0 0.910937 0.139063 0.907813 0.137500 0.890625 0.137500 0.881250 0.142187 0.879687 0.143750 0.878125 0.146875 0.878125 0.150000 0.876563 0.153125 0.871875 0.157812 0.868750 0.165625 0.864062 0.170313 0.862500 0.173437 0.860938 0.189062 0.857812 0.193750 0.857812 0.200000 0.864062 0.206250 0.867188 0.207813 0.870313 0.207813 0.876563 0.204687 0.882812 0.198437 0.887500 0.196875 0.895312 0.189062 0.895312 0.187500 0.904687 0.178125 0.907813 0.171875 0.910937 0.162500 0.915625 0.156250 0.917188 0.153125 0.917188 0.148438 0.915625 0.143750
0 0.857812 0.095312 0.854688 0.096875 0.851562 0.100000 0.850000 0.103125 0.848437 0.107813 0.848437 0.135937 0.851562 0.153125 0.854688 0.156250 0.857812 0.157812 0.862500 0.159375 0.865625 0.159375 0.870313 0.157812 0.881250 0.145313 0.885938 0.140625 0.887500 0.140625 0.890625 0.137500 0.889062 0.128125 0.893750 0.120313 0.893750 0.109375 0.890625 0.103125 0.889062 0.101562 0.885938 0.100000 0.870313 0.100000 0.867188 0.096875 0.864062 0.095312
0 0.906250 0.081250 0.903125 0.082812 0.901563 0.084375 0.898438 0.090625 0.895312 0.100000 0.895312 0.103125 0.896875 0.104688 0.898438 0.110937 0.896875 0.126562 0.898438 0.137500 0.907813 0.137500 0.912500 0.140625 0.917188 0.140625 0.920312 0.137500 0.925000 0.128125 0.925000 0.125000 0.926562 0.121875 0.925000 0.118750 0.918750 0.110937 0.917188 0.107813 0.917188 0.103125 0.918750 0.092188 0.917188 0.085938 0.914062 0.082812 0.909375 0.081250
0 0.800000 0.214062 0.803125 0.218750 0.810937 0.217188 0.821875 0.221875 0.831250 0.221875 0.840625 0.225000 0.850000 0.225000 0.859375 0.226562 0.864062 0.229687 0.871875 0.228125 0.871875 0.223438 0.870313 0.220312 0.864062 0.212500 0.856250 0.204687 0.850000 0.201563 0.845313 0.200000 0.831250 0.200000 0.818750 0.201563 0.814063 0.203125 0.804688 0.207813 0.801562 0.210938
0 0.935937 0.318750 0.926562 0.318750 0.923438 0.321875 0.920312 0.323437 0.914062 0.323437 0.901563 0.321875 0.898438 0.325000 0.898438 0.339062 0.893750 0.350000 0.890625 0.371875 0.895312 0.376563 0.901563 0.378125 0.906250 0.381250 0.912500 0.387500 0.915625 0.387500 0.921875 0.384375 0.928125 0.384375 0.942187 0.385937 0.946875 0.384375 0.950000 0.382812 0.954688 0.379688 0.959375 0.375000 0.960938 0.370312 0.957812 0.331250 0.953125 0.329688 0.948438 0.329688 0.945312 0.328125
0 0.989062 0.318750 0.981250 0.323437 0.973437 0.326562 0.962500 0.326562 0.960938 0.329688 0.960938 0.356250 0.964063 0.365625 0.964063 0.375000 0.965625 0.379688 0.970313 0.385937 0.982812 0.398438 0.985938 0.400000 0.992188 0.401562 0.998437 0.401562 0.998437 0.326562 0.996875 0.321875 0.993750 0.318750
0 0.965625 0.400000 0.960938 0.403125 0.951562 0.412500 0.950000 0.415625 0.943750 0.434375 0.943750 0.439063 0.945312 0.457813 0.946875 0.460938 0.951562 0.460938 0.960938 0.465625 0.968750 0.473438 0.976562 0.473438 0.979688 0.471875 0.985938 0.465625 0.990625 0.464062 0.993750 0.467187 0.998437 0.468750 0.998437 0.403125 0.992188 0.403125 0.990625 0.401562 0.976562 0.401562 0.971875 0.398438 0.968750 0.400000
0 0.790625 0.731250 0.787500 0.734375 0.785937 0.737500 0.781250 0.750000 0.781250 0.754687 0.779687 0.756250 0.779687 0.759375 0.781250 0.764062 0.785937 0.768750 0.785937 0.775000 0.787500 0.778125 0.796875 0.778125 0.806250 0.773438 0.817187 0.762500 0.818750 0.757812 0.820312 0.750000 0.817187 0.746875 0.815625 0.739062 0.810937 0.734375 0.807813 0.732812 0.801562 0.731250
0 0.882812 0.668750 0.878125 0.668750 0.868750 0.670312 0.865625 0.671875 0.864062 0.673438 0.862500 0.676562 0.862500 0.689063 0.865625 0.696875 0.864062 0.704688 0.865625 0.710938 0.868750 0.715625 0.871875 0.717187 0.879687 0.717187 0.884375 0.715625 0.887500 0.714063 0.892188 0.709375 0.900000 0.704688 0.907813 0.701562 0.912500 0.696875 0.914062 0.692187 0.912500 0.689063 0.907813 0.684375 0.896875 0.679688 0.890625 0.673438 0.885938 0.670312
0 0.826016 0.700578 0.822891 0.702141 0.821328 0.705266 0.822891 0.711516 0.815078 0.711516 0.811953 0.713078 0.804141 0.720891 0.804141 0.727141 0.805703 0.730266 0.807266 0.731828 0.813516 0.736516 0.816641 0.742766 0.818203 0.747453 0.819766 0.753703 0.827578 0.753703 0.836953 0.749016 0.838516 0.745891 0.835391 0.719328 0.833828 0.711516 0.832266 0.705266 0.830703 0.702141
0 0.848437 0.810937 0.850000 0.814063 0.862500 0.826562 0.876563 0.829688 0.887500 0.829688 0.893750 0.834375 0.904687 0.832812 0.907813 0.828125 0.912500 0.828125 0.917188 0.823438 0.918750 0.818750 0.918750 0.810937 0.917188 0.807813 0.915625 0.806250 0.909375 0.801562 0.903125 0.798438 0.889062 0.795312 0.878125 0.793750 0.873437 0.793750 0.862500 0.795312 0.856250 0.798438 0.851562 0.803125
0 0.900000 0.601562 0.896875 0.604688 0.895312 0.610938 0.892188 0.614062 0.887500 0.614062 0.881250 0.617188 0.879687 0.621875 0.881250 0.625000 0.884375 0.628125 0.885938 0.628125 0.890625 0.632812 0.892188 0.632812 0.895312 0.635938 0.893750 0.640625 0.890625 0.642188 0.887500 0.642188 0.882812 0.646875 0.879687 0.651563 0.879687 0.656250 0.878125 0.657813 0.878125 0.660937 0.879687 0.664062 0.884375 0.667188 0.890625 0.670312 0.898438 0.670312 0.901563 0.668750 0.904687 0.665625 0.906250 0.665625 0.907813 0.660937 0.915625 0.659375 0.917188 0.660937 0.917188 0.662500 0.932813 0.676562 0.937500 0.678125 0.942187 0.678125 0.946875 0.681250 0.950000 0.681250 0.954688 0.676562 0.954688 0.675000 0.960938 0.670312 0.957812 0.664062 0.964063 0.653125 0.964063 0.643750 0.957812 0.637500 0.953125 0.635938 0.943750 0.625000 0.942187 0.621875 0.942187 0.610938 0.937500 0.606250 0.932813 0.606250 0.928125 0.609375 0.925000 0.609375 0.921875 0.607812 0.917188 0.603125 0.910937 0.600000 0.903125 0.600000
0 0.959375 0.676562 0.951562 0.684375 0.950000 0.687500 0.950000 0.704688 0.951562 0.707812 0.954688 0.710938 0.957812 0.712500 0.962500 0.714063 0.967187 0.714063 0.975000 0.717187 0.987500 0.725000 0.992188 0.726562 0.998437 0.726562 0.998437 0.696875 0.990625 0.689063 0.987500 0.689063 0.984375 0.687500 0.981250 0.684375 0.981250 0.681250 0.979688 0.678125 0.976562 0.675000 0.962500 0.675000
0 0.953125 0.714063 0.943750 0.717187 0.942187 0.720313 0.940625 0.725000 0.940625 0.729688 0.937500 0.735938 0.934375 0.737500 0.931250 0.737500 0.928125 0.740625 0.928125 0.753125 0.929688 0.756250 0.934375 0.760938 0.935937 0.764062 0.935937 0.771875 0.937500 0.779687 0.939063 0.782813 0.942187 0.785937 0.943750 0.785937 0.946875 0.789062 0.948438 0.796875 0.950000 0.800000 0.954688 0.806250 0.957812 0.806250 0.959375 0.803125 0.959375 0.800000 0.962500 0.795312 0.962500 0.785937 0.964063 0.781250 0.965625 0.778125 0.968750 0.775000 0.970313 0.775000 0.975000 0.770312 0.979688 0.768750 0.990625 0.759375 0.992188 0.756250 0.992188 0.751563 0.987500 0.743750 0.987500 0.739062 0.985938 0.734375 0.982812 0.728125 0.976562 0.721875 0.971875 0.720313 0.962500 0.720313 0.957812 0.715625
0 0.373437 0.726562 0.365625 0.726562 0.356250 0.728125 0.354687 0.729688 0.351562 0.729688 0.351562 0.735938 0.356250 0.742188 0.356250 0.745313 0.353125 0.748437 0.353125 0.753125 0.356250 0.754687 0.367188 0.754687 0.376563 0.750000 0.378125 0.746875 0.375000 0.742188
0 0.379688 0.689063 0.376563 0.687500 0.371875 0.687500 0.367188 0.689063 0.362500 0.692187 0.360938 0.700000 0.342187 0.701562 0.343750 0.707812 0.350000 0.710938 0.370312 0.710938 0.373437 0.709375 0.376563 0.704688 0.378125 0.704688 0.381250 0.701562
0 0.535937 0.562500 0.534375 0.565625 0.534375 0.571875 0.535937 0.575000 0.539062 0.578125 0.540625 0.578125 0.545312 0.582812 0.545312 0.584375 0.548438 0.587500 0.565625 0.585938 0.565625 0.579688 0.564063 0.571875 0.562500 0.565625 0.560937 0.562500 0.559375 0.560937 0.556250 0.559375 0.545312 0.559375
1 0.167187 0.021875 0.165625 0.025000 0.165625 0.028125 0.167187 0.031250 0.175000 0.031250 0.176563 0.029687 0.178125 0.026562 0.178125 0.023438 0.175000 0.020313
1 0.209375 0.023438 0.209375 0.028125 0.210938 0.031250 0.214062 0.034375 0.217188 0.034375 0.220312 0.032813 0.221875 0.029687 0.221875 0.026562 0.220312 0.023438
1 0.181250 0.001563 0.179688 0.009375 0.182812 0.012500 0.189062 0.012500 0.190625 0.014063 0.201563 0.014063 0.201563 0.009375 0.196875 0.004687 0.187500 0.004687
0 0.684375 0.085938 0.687500 0.090625 0.690625 0.092188 0.700000 0.095312 0.709375 0.095312 0.712500 0.093750 0.712500 0.078125 0.709375 0.076563 0.698438 0.076563 0.695312 0.078125 0.689063 0.084375
0 0.915625 0.834375 0.907813 0.835938 0.898438 0.839063 0.895312 0.842187 0.895312 0.850000 0.896875 0.857812 0.898438 0.864062 0.904687 0.865625 0.907813 0.865625 0.915625 0.862500 0.918750 0.860938 0.920312 0.840625 0.918750 0.839063 0.918750 0.835938