0 0.035937 0.645312 0.029687 0.648438 0.025000 0.653125 0.023438 0.657813 0.023438 0.673438 0.025000 0.676562 0.031250 0.682813 0.039062 0.689063 0.043750 0.690625 0.048438 0.690625 0.057813 0.685937 0.060937 0.682813 0.062500 0.679688 0.064062 0.675000 0.064062 0.664062 0.062500 0.659375 0.057813 0.653125 0.056250 0.651563 0.054688 0.651563 0.051562 0.648438 0.045312 0.645312
0 0.098437 0.639062 0.093750 0.643750 0.092188 0.646875 0.090625 0.653125 0.090625 0.659375 0.092188 0.664062 0.096875 0.668750 0.103125 0.673438 0.106250 0.675000 0.110937 0.676562 0.114062 0.676562 0.118750 0.675000 0.121875 0.673438 0.123438 0.671875 0.128125 0.665625 0.129688 0.662500 0.131250 0.657813 0.131250 0.645312 0.129688 0.642188 0.128125 0.640625 0.125000 0.639062 0.115625 0.637500 0.103125 0.637500
0 0.156250 0.692187 0.154688 0.690625 0.148438 0.687500 0.143750 0.685937 0.134375 0.684375 0.131250 0.684375 0.126562 0.685937 0.123438 0.687500 0.118750 0.692187 0.115625 0.698438 0.115625 0.703125 0.114062 0.704688 0.114062 0.707812 0.115625 0.712500 0.118750 0.717187 0.123438 0.720313 0.134375 0.720313 0.140625 0.717187 0.148438 0.709375 0.156250 0.706250 0.157812 0.703125 0.157812 0.695312
0 0.037500 0.818750 0.032813 0.817187 0.026562 0.818750 0.021875 0.820312 0.017188 0.823438 0.014063 0.826562 0.012500 0.829688 0.010937 0.835938 0.010937 0.850000 0.012500 0.856250 0.015625 0.859375 0.018750 0.860938 0.026562 0.860938 0.029687 0.859375 0.037500 0.854688 0.046875 0.845313 0.048438 0.840625 0.048438 0.828125 0.045312 0.823438 0.040625 0.820312
0 0.140625 0.760938 0.137500 0.762500 0.131250 0.768750 0.128125 0.773438 0.128125 0.787500 0.134375 0.793750 0.150000 0.793750 0.153125 0.792188 0.164062 0.781250 0.165625 0.778125 0.165625 0.775000 0.164062 0.770312 0.157812 0.764062 0.154688 0.762500 0.150000 0.760938
0 0.064062 0.745313 0.056250 0.743750 0.042188 0.743750 0.039062 0.745313 0.032813 0.751563 0.032813 0.760938 0.035937 0.764062 0.035937 0.771875 0.037500 0.775000 0.043750 0.778125 0.048438 0.778125 0.054688 0.775000 0.059375 0.771875 0.064062 0.767188 0.065625 0.764062
1 0.095312 0.668750 0.090625 0.670312 0.087500 0.673438 0.085938 0.676562 0.085938 0.687500 0.087500 0.690625 0.096875 0.690625 0.100000 0.689063 0.101562 0.685937 0.103125 0.681250 0.103125 0.676562 0.101562 0.673438 0.098437 0.670312
1 0.118750 0.768750 0.114062 0.770312 0.104688 0.778125 0.106250 0.782813 0.109375 0.785937 0.114062 0.785937 0.117188 0.784375 0.118750 0.782813 0.120313 0.779687 0.120313 0.771875
1 0.107813 0.750000 0.104688 0.750000 0.098437 0.753125 0.096875 0.754687 0.093750 0.760938 0.093750 0.771875 0.095312 0.775000 0.098437 0.778125 0.104688 0.778125 0.107813 0.776563 0.112500 0.773438 0.115625 0.770312 0.117188 0.767188 0.117188 0.760938 0.115625 0.756250 0.114062 0.753125
1 0.057813 0.789062 0.053125 0.790625 0.048438 0.795312 0.046875 0.798438 0.046875 0.806250 0.048438 0.810937 0.050000 0.814063 0.051562 0.815625 0.054688 0.817187 0.059375 0.818750 0.064062 0.818750 0.067187 0.817187 0.068750 0.812500 0.071875 0.807813 0.071875 0.801562 0.068750 0.792188 0.065625 0.789062
1 0.073438 0.789062 0.070312 0.793750 0.070312 0.798438 0.071875 0.803125 0.076563 0.806250 0.079687 0.804688 0.082812 0.801562 0.084375 0.798438 0.084375 0.793750 0.082812 0.790625
1 0.059375 0.723437 0.056250 0.721875 0.051562 0.721875 0.048438 0.723437 0.043750 0.726562 0.040625 0.729688 0.039062 0.732812 0.039062 0.742188 0.042188 0.745313 0.057813 0.745313 0.060937 0.743750 0.062500 0.726562
1 0.098437 0.812500 0.095312 0.814063 0.092188 0.817187 0.090625 0.820312 0.090625 0.825000 0.092188 0.828125 0.101562 0.829688 0.106250 0.825000 0.107813 0.821875 0.107813 0.817187 0.106250 0.814063 0.103125 0.812500
1 0.148438 0.798438 0.145313 0.796875 0.135937 0.796875 0.132812 0.798438 0.125000 0.806250 0.123438 0.815625 0.123438 0.817187 0.125000 0.818750 0.128125 0.820312 0.135937 0.820312 0.142187 0.817187 0.146875 0.814063 0.150000 0.809375
1 0.104688 0.804688 0.106250 0.810937 0.114062 0.809375 0.115625 0.806250 0.114062 0.801562 0.107813 0.801562
1 0.076563 0.781250 0.076563 0.787500 0.079687 0.787500 0.082812 0.789062 0.084375 0.785937 0.084375 0.779687