0 0.768750 0.020313 0.767188 0.023438 0.767188 0.029687 0.768750 0.032813 0.773438 0.034375 0.776563 0.035937 0.779687 0.040625 0.778125 0.048438 0.781250 0.054688 0.785937 0.059375 0.795312 0.064062 0.801562 0.064062 0.807813 0.062500 0.815625 0.059375 0.815625 0.053125 0.814063 0.051562 0.814063 0.043750 0.810937 0.034375 0.809375 0.031250 0.801562 0.023438 0.793750 0.018750 0.790625 0.017188 0.775000 0.017188
1 0.885938 0.032813 0.885938 0.042188 0.887500 0.045312 0.890625 0.046875 0.900000 0.046875 0.906250 0.040625 0.906250 0.035937 0.901563 0.031250
1 0.828125 0.056250 0.826562 0.059375 0.826562 0.065625 0.831250 0.070312 0.837500 0.073438 0.846875 0.071875 0.846875 0.054688 0.845313 0.051562 0.842187 0.050000 0.837500 0.050000 0.834375 0.051562 0.831250 0.054688 0.829688 0.054688
1 0.946875 0.112500 0.945312 0.115625 0.945312 0.121875 0.946875 0.125000 0.951562 0.129688 0.957812 0.131250 0.964063 0.131250 0.970313 0.128125 0.971875 0.125000 0.971875 0.121875 0.970313 0.117188 0.968750 0.114062 0.965625 0.110937 0.959375 0.107813 0.953125 0.107813 0.950000 0.109375
1 0.960938 0.075000 0.960938 0.081250 0.962500 0.085938 0.964063 0.089063 0.967187 0.092188 0.970313 0.093750 0.979688 0.092188 0.979688 0.089063 0.981250 0.085938 0.979688 0.082812 0.973437 0.076563 0.970313 0.075000
1 0.943750 0.000000 0.943750 0.004687 0.945312 0.007812 0.946875 0.009375 0.953125 0.012500 0.959375 0.012500 0.962500 0.010937 0.964063 0.000000
1 0.903125 0.078125 0.898438 0.079687 0.895312 0.082812 0.896875 0.089063 0.900000 0.090625 0.904687 0.090625 0.907813 0.089063 0.909375 0.085938 0.909375 0.082812 0.906250 0.079687
0 0.815625 0.010937 0.817187 0.014063 0.818750 0.015625 0.821875 0.017188 0.828125 0.017188 0.829688 0.018750 0.834375 0.018750 0.843750 0.017188 0.850000 0.014063 0.854688 0.009375 0.859375 0.007812 0.862500 0.004687 0.864062 0.000000 0.821875 0.000000 0.817187 0.004687 0.815625 0.007812
0 0.765625 0.081250 0.762500 0.084375 0.760938 0.089063 0.760938 0.098437 0.762500 0.101562 0.768750 0.106250 0.770312 0.114062 0.773438 0.117188 0.789062 0.125000 0.793750 0.126562 0.803125 0.126562 0.806250 0.125000 0.809375 0.121875 0.810937 0.117188 0.810937 0.109375 0.809375 0.103125 0.807813 0.100000 0.803125 0.092188 0.800000 0.089063 0.795312 0.085938 0.792188 0.084375 0.784375 0.081250
0 0.843313 0.116312 0.843313 0.119438 0.844875 0.124125 0.852688 0.131937 0.857375 0.135063 0.860500 0.136625 0.865187 0.138187 0.869875 0.138187 0.874563 0.141313 0.879250 0.142875 0.888625 0.142875 0.893313 0.139750 0.899563 0.138187 0.899563 0.135063 0.898000 0.130375 0.894875 0.122562 0.894875 0.114750 0.893313 0.111625 0.890188 0.108500 0.885500 0.106937 0.869875 0.105375 0.860500 0.105375 0.854250 0.106937 0.848000 0.110062 0.844875 0.113187
0 0.875000 0.000000 0.875000 0.012500 0.876563 0.017188 0.878125 0.020313 0.882812 0.026562 0.887500 0.029687 0.892188 0.031250 0.903125 0.031250 0.912500 0.026562 0.917188 0.021875 0.920312 0.017188 0.921875 0.012500 0.921875 0.007812 0.923438 0.006250 0.923438 0.003125 0.921875 0.000000
0 0.971875 0.029687 0.964063 0.031250 0.959375 0.032813 0.953125 0.039062 0.950000 0.045312 0.950000 0.051562 0.953125 0.057813 0.964063 0.068750 0.967187 0.070312 0.975000 0.070312 0.981250 0.067187 0.981250 0.062500 0.984375 0.056250 0.982812 0.051562 0.984375 0.039062 0.981250 0.035937 0.981250 0.032813 0.978125 0.031250
0 0.998437 0.012500 0.995313 0.014063 0.992188 0.014063 0.989062 0.015625 0.985938 0.018750 0.985938 0.023438 0.984375 0.026562 0.979688 0.031250 0.979688 0.034375 0.981250 0.035937 0.981250 0.039062 0.984109 0.048188 0.984984 0.061672 0.981250 0.062500 0.981250 0.067187 0.984375 0.070312 0.989062 0.071875 0.998437 0.071875