1 0.762500 0.037500 0.754687 0.037500 0.751563 0.039062 0.748437 0.042188 0.746875 0.045312 0.746875 0.051562 0.750000 0.056250 0.759375 0.056250 0.762500 0.053125 0.764062 0.053125 0.765625 0.040625
1 0.853125 0.026562 0.850000 0.025000 0.845313 0.023438 0.839063 0.025000 0.832812 0.028125 0.831250 0.029687 0.828125 0.037500 0.829688 0.040625 0.834375 0.045312 0.837500 0.046875 0.845313 0.046875 0.851562 0.043750 0.854688 0.040625 0.856250 0.037500 0.856250 0.031250 0.854688 0.028125
1 0.820312 0.039062 0.817187 0.037500 0.812500 0.035937 0.806250 0.037500 0.796875 0.042188 0.795312 0.043750 0.793750 0.046875 0.793750 0.053125 0.800000 0.062500 0.803125 0.064062 0.810937 0.064062 0.817187 0.060937 0.821875 0.056250 0.823438 0.053125 0.823438 0.042188
1 0.812500 0.067187 0.809375 0.070312 0.809375 0.076563 0.812500 0.085938 0.817187 0.085938 0.821875 0.084375 0.825000 0.082812 0.828125 0.079687 0.829688 0.076563 0.829688 0.073438 0.828125 0.070312 0.823438 0.067187
1 0.790625 0.053125 0.785937 0.053125 0.782813 0.054688 0.778125 0.059375 0.778125 0.064062 0.779687 0.067187 0.784375 0.068750 0.787500 0.070312 0.795312 0.067187 0.795312 0.057813
1 0.756250 0.062500 0.753125 0.060937 0.750000 0.060937 0.745313 0.062500 0.742188 0.064062 0.737500 0.068750 0.735938 0.076563 0.735938 0.079687 0.739062 0.082812 0.743750 0.084375 0.753125 0.082812 0.756250 0.081250 0.757812 0.079687 0.759375 0.076563 0.759375 0.068750
1 0.740625 0.087500 0.740625 0.101562 0.745313 0.106250 0.754687 0.106250 0.760938 0.100000 0.760938 0.089063 0.759375 0.085938 0.756250 0.084375 0.746875 0.084375
1 0.767188 0.096875 0.764062 0.098437 0.762500 0.100000 0.760938 0.103125 0.760938 0.114062 0.765625 0.118750 0.775000 0.118750 0.778125 0.117188 0.779687 0.115625 0.779687 0.114062 0.782813 0.110937 0.782813 0.104688 0.781250 0.101562 0.776563 0.096875
1 0.793750 0.070312 0.790625 0.071875 0.789062 0.075000 0.789062 0.078125 0.785937 0.081250 0.785937 0.092188 0.789062 0.095312 0.793750 0.096875 0.804688 0.096875 0.809375 0.092188 0.810937 0.087500 0.810937 0.082812 0.809375 0.076563 0.804688 0.071875 0.801562 0.070312
1 0.778125 0.035937 0.776563 0.040625 0.776563 0.045312 0.779687 0.048438 0.787500 0.048438 0.790625 0.045312 0.792188 0.040625 0.790625 0.037500 0.787500 0.034375
1 0.792188 0.014063 0.781250 0.015625 0.779687 0.018750 0.779687 0.026562 0.782813 0.028125 0.789062 0.025000 0.792188 0.021875 0.793750 0.017188
0 0.987500 0.000000 0.982812 0.006250 0.979688 0.007812 0.976562 0.007812 0.973437 0.009375 0.968750 0.012500 0.965625 0.018750 0.965625 0.029687 0.971875 0.035937 0.976562 0.039062 0.982812 0.042188 0.987500 0.043750 0.995313 0.043750 0.998437 0.042188 0.998437 0.000000
1 0.375000 0.281250 0.371875 0.282813 0.368750 0.285938 0.367188 0.289062 0.367188 0.293750 0.371875 0.298438 0.375000 0.300000 0.381250 0.300000 0.384375 0.298438 0.385937 0.295312 0.384375 0.284375 0.378125 0.281250
1 0.393750 0.250000 0.390625 0.251563 0.385937 0.256250 0.385937 0.264062 0.389062 0.267188 0.393750 0.268750 0.398438 0.268750 0.404687 0.265625 0.406250 0.262500 0.404687 0.256250 0.403125 0.253125 0.396875 0.250000
1 0.335938 0.254688 0.332813 0.257812 0.332813 0.267188 0.335938 0.270313 0.343750 0.270313 0.348438 0.265625 0.350000 0.262500 0.348438 0.257812 0.345313 0.254688 0.342187 0.253125 0.339062 0.254688
1 0.337500 0.281250 0.334375 0.282813 0.332813 0.285938 0.332813 0.290625 0.334375 0.292187 0.334375 0.295312 0.337500 0.296875 0.342187 0.296875 0.345313 0.295312 0.346875 0.293750 0.348438 0.290625 0.348438 0.285938 0.346875 0.282813
1 0.009375 0.187500 0.006250 0.189062 0.006250 0.203125 0.009375 0.206250 0.012500 0.207813 0.015625 0.207813 0.017188 0.201563 0.018750 0.196875 0.018750 0.193750 0.014063 0.189062
1 0.017188 0.195312 0.017188 0.201563 0.014063 0.204687 0.015625 0.207813 0.020313 0.212500 0.023438 0.214062 0.029687 0.214062 0.032813 0.210938 0.032813 0.203125 0.029687 0.196875 0.026562 0.195312
1 0.028125 0.220312 0.026562 0.223438 0.026562 0.228125 0.028125 0.231250 0.039062 0.231250 0.040625 0.228125 0.040625 0.221875 0.037500 0.218750
1 0.048438 0.192188 0.043750 0.192188 0.039062 0.193750 0.035937 0.195312 0.034375 0.196875 0.034375 0.198437 0.032813 0.201563 0.035937 0.210938 0.039062 0.212500 0.042188 0.212500 0.045312 0.210938 0.048438 0.207813 0.051562 0.201563 0.051562 0.195312
1 0.057813 0.184375 0.054688 0.187500 0.053125 0.190625 0.053125 0.193750 0.054688 0.196875 0.064062 0.198437 0.067187 0.195312 0.068750 0.192188 0.067187 0.187500 0.062500 0.184375
1 0.068750 0.193750 0.065625 0.196875 0.065625 0.206250 0.067187 0.209375 0.071875 0.210938 0.075000 0.207813 0.076563 0.207813 0.078125 0.203125 0.078125 0.196875 0.076563 0.195312 0.073438 0.193750
1 0.093750 0.207813 0.090625 0.206250 0.081250 0.206250 0.075000 0.209375 0.073438 0.210938 0.071875 0.214062 0.071875 0.218750 0.073438 0.221875 0.076563 0.223438 0.082812 0.223438 0.087500 0.221875 0.090625 0.220312 0.093750 0.217188 0.095312 0.214062 0.095312 0.210938
1 0.067187 0.231250 0.064062 0.229687 0.060937 0.229687 0.057813 0.231250 0.053125 0.237500 0.054688 0.243750 0.065625 0.243750 0.068750 0.240625
1 0.767188 0.718750 0.762500 0.723437 0.760938 0.726562 0.760938 0.734375 0.762500 0.737500 0.767188 0.742188 0.778125 0.742188 0.784375 0.735938 0.784375 0.725000 0.778125 0.718750
1 0.795312 0.732812 0.792188 0.739062 0.792188 0.743750 0.793750 0.748437 0.795312 0.751563 0.798438 0.753125 0.812500 0.753125 0.818750 0.750000 0.821875 0.746875 0.823438 0.742188 0.823438 0.735938 0.821875 0.732812 0.820312 0.731250 0.817187 0.729688 0.812500 0.728125 0.803125 0.728125 0.796875 0.731250
1 0.825000 0.681250 0.810937 0.681250 0.807813 0.682813 0.803125 0.687500 0.803125 0.693750 0.807813 0.696875 0.809375 0.704688 0.817187 0.704688 0.820312 0.703125 0.823438 0.700000 0.823438 0.696875 0.829688 0.690625 0.828125 0.682813
1 0.757812 0.762500 0.756250 0.767188 0.757812 0.771875 0.764062 0.778125 0.767188 0.779687 0.773438 0.779687 0.778125 0.778125 0.781250 0.776563 0.782813 0.773438 0.782813 0.762500 0.781250 0.759375 0.775000 0.756250 0.765625 0.756250 0.762500 0.757812
1 0.778125 0.798438 0.773438 0.803125 0.771875 0.806250 0.771875 0.814063 0.773438 0.817187 0.778125 0.820312 0.781250 0.821875 0.785937 0.823438 0.789062 0.823438 0.793750 0.821875 0.800000 0.815625 0.801562 0.812500 0.801562 0.806250 0.800000 0.803125 0.796875 0.800000 0.790625 0.796875 0.781250 0.796875
1 0.834375 0.893750 0.831250 0.896875 0.831250 0.907813 0.832812 0.910937 0.834375 0.912500 0.837500 0.914062 0.848437 0.914062 0.853125 0.909375 0.853125 0.898438 0.848437 0.893750
1 0.798438 0.903125 0.792188 0.906250 0.787500 0.910937 0.785937 0.915625 0.785937 0.918750 0.787500 0.923438 0.789062 0.926562 0.792188 0.929688 0.796875 0.932813 0.801562 0.934375 0.809375 0.934375 0.815625 0.931250 0.818750 0.925000 0.818750 0.915625 0.817187 0.910937 0.815625 0.907813 0.812500 0.904687 0.809375 0.903125
1 0.793750 0.950000 0.793750 0.954688 0.795312 0.957812 0.796875 0.959375 0.798438 0.959375 0.801562 0.962500 0.807813 0.965625 0.817187 0.965625 0.820312 0.962500 0.820312 0.954688 0.818750 0.951562 0.814063 0.946875 0.810937 0.945312 0.804688 0.943750 0.801562 0.945312 0.798438 0.945312
1 0.673438 0.851562 0.673438 0.859375 0.675000 0.862500 0.678125 0.865625 0.684375 0.867188 0.690625 0.864062 0.689063 0.850000 0.685937 0.848437 0.676562 0.848437
1 0.709375 0.862500 0.706250 0.865625 0.706250 0.868750 0.704688 0.871875 0.706250 0.875000 0.709375 0.878125 0.712500 0.879687 0.718750 0.879687 0.721875 0.878125 0.723437 0.876563 0.725000 0.873437 0.725000 0.867188 0.720313 0.862500
1 0.628125 0.975000 0.623437 0.979688 0.621875 0.984375 0.623437 0.989062 0.629687 0.995313 0.640625 0.995313 0.646875 0.989062 0.646875 0.981250 0.645312 0.978125 0.639062 0.975000
1 0.664062 0.992188 0.664062 0.998437 0.685937 0.998437 0.684375 0.995313 0.684375 0.992188 0.679688 0.987500 0.675000 0.985938 0.671875 0.985938 0.668750 0.987500
1 0.473438 0.898438 0.468750 0.896875 0.462500 0.898438 0.459375 0.900000 0.456250 0.903125 0.454688 0.906250 0.454688 0.909375 0.456250 0.918750 0.459375 0.921875 0.462500 0.923438 0.467187 0.923438 0.476562 0.920312 0.479687 0.918750 0.479687 0.915625 0.481250 0.914062 0.481250 0.907813 0.479687 0.904687
0 0.381250 0.762500 0.376563 0.760938 0.368750 0.762500 0.364063 0.767188 0.360938 0.767188 0.356250 0.764062 0.350000 0.762500 0.343750 0.762500 0.337500 0.764062 0.334375 0.767188 0.332813 0.770312 0.331250 0.784375 0.320312 0.784375 0.320312 0.789062 0.329688 0.798438 0.339062 0.803125 0.345313 0.804688 0.356250 0.804688 0.360938 0.803125 0.364063 0.801562 0.368750 0.796875 0.373437 0.790625 0.375000 0.787500 0.375000 0.773438 0.376563 0.770312 0.381250 0.765625
0 0.428125 0.753125 0.425000 0.751563 0.410938 0.751563 0.401562 0.756250 0.396875 0.759375 0.390625 0.765625 0.381250 0.767188 0.381250 0.768750 0.378125 0.771875 0.376563 0.775000 0.375000 0.779687 0.375000 0.785937 0.376563 0.790625 0.382812 0.796875 0.392188 0.801562 0.406250 0.801562 0.412500 0.800000 0.421875 0.793750 0.423438 0.790625 0.426563 0.785937 0.428125 0.782813 0.432812 0.767188 0.432812 0.759375 0.431250 0.756250
0 0.423438 0.793750 0.428125 0.798438 0.432812 0.801562 0.435937 0.803125 0.442188 0.804688 0.448437 0.804688 0.468750 0.800000 0.473438 0.798438 0.476562 0.796875 0.479687 0.793750 0.479687 0.787500 0.478125 0.784375 0.475000 0.781250 0.470313 0.779687 0.457813 0.778125 0.454688 0.776563 0.450000 0.771875 0.448437 0.767188 0.445312 0.764062 0.442188 0.762500 0.434375 0.765625 0.434375 0.767188 0.431250 0.770312 0.429688 0.775000 0.429688 0.779687
0 0.479687 0.806250 0.471875 0.806250 0.467187 0.810937 0.467187 0.814063 0.462500 0.818750 0.457813 0.818750 0.451562 0.815625 0.443750 0.815625 0.440625 0.817187 0.437500 0.820312 0.434375 0.825000 0.434375 0.840625 0.435937 0.843750 0.442188 0.850000 0.445312 0.851562 0.453125 0.851562 0.454688 0.850000 0.462500 0.850000 0.465625 0.853125 0.470313 0.854688 0.473438 0.854688 0.478125 0.853125 0.485938 0.845313 0.487500 0.842187 0.487500 0.835938 0.484375 0.832812 0.482812 0.829688 0.484375 0.826562 0.489063 0.820312 0.485938 0.817187 0.485938 0.814063 0.484375 0.810937
0 0.496875 0.785937 0.487500 0.795312 0.485938 0.798438 0.484375 0.804688 0.484375 0.809375 0.485938 0.812500 0.490625 0.817187 0.490625 0.820312 0.493750 0.826562 0.487500 0.831250 0.487500 0.835938 0.500000 0.848437 0.503125 0.850000 0.512500 0.853125 0.523438 0.856250 0.537500 0.856250 0.537500 0.846875 0.532813 0.840625 0.532813 0.837500 0.537500 0.832812 0.540625 0.826562 0.540625 0.817187 0.537500 0.810937 0.535937 0.804688 0.526563 0.803125 0.525000 0.798438 0.521875 0.796875 0.518750 0.796875 0.514062 0.792188 0.514062 0.790625 0.509375 0.785937 0.506250 0.784375 0.501563 0.784375
0 0.379688 0.843750 0.378125 0.848437 0.378125 0.853125 0.375000 0.856250 0.373437 0.856250 0.371875 0.857812 0.370312 0.860938 0.370312 0.870313 0.373437 0.876563 0.368750 0.884375 0.368750 0.892188 0.371875 0.898438 0.376563 0.903125 0.384375 0.901563 0.390625 0.903125 0.392188 0.904687 0.395313 0.904687 0.401562 0.898438 0.407813 0.896875 0.426563 0.900000 0.429688 0.900000 0.435937 0.896875 0.443750 0.895312 0.443750 0.893750 0.446875 0.890625 0.448437 0.884375 0.448437 0.876563 0.446875 0.875000 0.446875 0.871875 0.442188 0.868750 0.423438 0.870313 0.418750 0.870313 0.417187 0.868750 0.410938 0.868750 0.409375 0.862500 0.414062 0.860938 0.417187 0.853125 0.417187 0.845313 0.415625 0.840625 0.414062 0.837500 0.409375 0.832812 0.403125 0.831250 0.398438 0.831250 0.392188 0.832812 0.389062 0.834375
0 0.393750 0.904687 0.393750 0.910937 0.396875 0.917188 0.398438 0.918750 0.404687 0.921875 0.417187 0.921875 0.423438 0.918750 0.439063 0.934375 0.448437 0.934375 0.453125 0.929688 0.454688 0.921875 0.454688 0.909375 0.451562 0.903125 0.446875 0.900000 0.442188 0.898438 0.434375 0.901563 0.423438 0.901563 0.420312 0.898438 0.403125 0.898438 0.396875 0.901563
0 0.246875 0.917188 0.243750 0.915625 0.240625 0.915625 0.229687 0.917188 0.220312 0.917188 0.215625 0.921875 0.210938 0.923438 0.207813 0.929688 0.206250 0.937500 0.204687 0.937500 0.201563 0.940625 0.201563 0.943750 0.204687 0.950000 0.207813 0.953125 0.212500 0.956250 0.215625 0.957812 0.220312 0.959375 0.229687 0.959375 0.234375 0.957812 0.235937 0.954688 0.235937 0.950000 0.239063 0.946875 0.242188 0.945312 0.248438 0.943750 0.251563 0.940625 0.253125 0.935937 0.253125 0.926562 0.251563 0.923438
0 0.229687 0.964063 0.229687 0.967187 0.232813 0.973437 0.237500 0.978125 0.243750 0.981250 0.256250 0.981250 0.268750 0.976562 0.271875 0.975000 0.273438 0.973437 0.275000 0.970313 0.275000 0.960938 0.273438 0.954688 0.270313 0.950000 0.267188 0.946875 0.257812 0.946875 0.254688 0.943750 0.246875 0.943750 0.240625 0.946875 0.235937 0.953125 0.234375 0.956250 0.234375 0.959375
0 0.278125 0.934375 0.271875 0.937500 0.268750 0.940625 0.267188 0.943750 0.267188 0.948438 0.270313 0.951562 0.270313 0.954688 0.275000 0.960938 0.276562 0.968750 0.279687 0.970313 0.290625 0.970313 0.296875 0.967187 0.300000 0.964063 0.301563 0.960938 0.303125 0.956250 0.303125 0.946875 0.300000 0.943750 0.285938 0.935937 0.282813 0.934375
0 0.646875 0.839063 0.643750 0.837500 0.639062 0.835938 0.623437 0.835938 0.610938 0.837500 0.606250 0.839063 0.603125 0.840625 0.596875 0.846875 0.596875 0.856250 0.592187 0.860938 0.593750 0.865625 0.604688 0.876563 0.610938 0.879687 0.618750 0.881250 0.621875 0.881250 0.629687 0.879687 0.634375 0.878125 0.637500 0.876563 0.646875 0.867188 0.651563 0.857812 0.651563 0.845313 0.650000 0.842187
0 0.571875 0.956250 0.571875 0.962500 0.576562 0.970313 0.582812 0.976562 0.589063 0.979688 0.600000 0.979688 0.604688 0.978125 0.614062 0.973437 0.615625 0.971875 0.617188 0.968750 0.617188 0.954688 0.615625 0.951562 0.609375 0.945312 0.606250 0.943750 0.601562 0.942187 0.590625 0.942187 0.585938 0.943750 0.581250 0.946875 0.573438 0.953125
0 0.560937 0.998437 0.604688 0.998437 0.600000 0.989062 0.595313 0.984375 0.592187 0.982812 0.587500 0.981250 0.581250 0.979688 0.575000 0.979688 0.570312 0.981250 0.567187 0.982812 0.564063 0.985938 0.562500 0.990625
0 0.771875 0.906250 0.771875 0.896875 0.770312 0.893750 0.764062 0.887500 0.762500 0.882812 0.762500 0.876563 0.756250 0.870313 0.751563 0.868750 0.748437 0.868750 0.739062 0.871875 0.734375 0.876563 0.723437 0.881250 0.718750 0.881250 0.715625 0.878125 0.707812 0.878125 0.704688 0.876563 0.701562 0.873437 0.698438 0.871875 0.687500 0.871875 0.679688 0.875000 0.659375 0.871875 0.654687 0.873437 0.654687 0.879687 0.656250 0.887500 0.650000 0.887500 0.643750 0.892188 0.645312 0.895312 0.651563 0.895312 0.653125 0.896875 0.660937 0.896875 0.668750 0.898438 0.671875 0.900000 0.673438 0.921875 0.675000 0.925000 0.676562 0.926562 0.678125 0.926562 0.681250 0.929688 0.689063 0.932813 0.696875 0.940625 0.710938 0.940625 0.717187 0.934375 0.717187 0.929688 0.720313 0.923438 0.731250 0.923438 0.739062 0.928125 0.743750 0.929688 0.746875 0.929688 0.748437 0.928125 0.753125 0.928125 0.756250 0.926562 0.770312 0.910937
0 0.787500 0.928125 0.776563 0.926562 0.767188 0.929688 0.754687 0.934375 0.748437 0.940625 0.743750 0.946875 0.742188 0.950000 0.740625 0.954688 0.739062 0.965625 0.739062 0.978125 0.748437 0.987500 0.751563 0.989062 0.760938 0.992188 0.770312 0.992188 0.773438 0.990625 0.776563 0.987500 0.778125 0.984375 0.778125 0.973437 0.782813 0.968750 0.784375 0.968750 0.789062 0.964063 0.789062 0.956250 0.787500 0.954688 0.787500 0.948438 0.789062 0.940625 0.790625 0.939063 0.790625 0.934375
0 0.839063 0.881250 0.840625 0.884375 0.845313 0.889062 0.850000 0.890625 0.859375 0.898438 0.864062 0.901563 0.868750 0.903125 0.876563 0.903125 0.884375 0.900000 0.892188 0.900000 0.898438 0.896875 0.901563 0.890625 0.903125 0.885938 0.904687 0.876563 0.917188 0.876563 0.920312 0.875000 0.923438 0.871875 0.923438 0.859375 0.918750 0.854688 0.915625 0.853125 0.904687 0.853125 0.901563 0.856250 0.898438 0.856250 0.890625 0.851562 0.878125 0.851562 0.875000 0.848437 0.875000 0.846875 0.870313 0.842187 0.867188 0.840625 0.862500 0.840625 0.857812 0.842187 0.851562 0.845313 0.848437 0.850000 0.848437 0.856250 0.845313 0.859375 0.843750 0.859375 0.839063 0.864062
0 0.885938 0.901563 0.881250 0.901563 0.876563 0.903125 0.873437 0.904687 0.870313 0.907813 0.868750 0.912500 0.868750 0.918750 0.871875 0.925000 0.876563 0.929688 0.879687 0.931250 0.882812 0.931250 0.889062 0.928125 0.895312 0.920312 0.895312 0.909375 0.889062 0.903125
0 0.717187 0.006250 0.720313 0.009375 0.726562 0.012500 0.735938 0.014063 0.746875 0.014063 0.751563 0.009375 0.759375 0.006250 0.762500 0.003125 0.764062 0.000000 0.717187 0.000000
0 0.778125 0.007812 0.779687 0.009375 0.779687 0.012500 0.798438 0.012500 0.806250 0.009375 0.817187 0.010937 0.820312 0.009375 0.828125 0.000000 0.778125 0.000000
0 0.317188 0.989062 0.315625 0.985938 0.310937 0.981250 0.309375 0.975000 0.303125 0.975000 0.296875 0.976562 0.290625 0.981250 0.289062 0.982812 0.285938 0.987500 0.284375 0.987500 0.281250 0.990625 0.279687 0.993750 0.279687 0.998437 0.310937 0.998437 0.314063 0.995313
1 0.928125 0.070312 0.931250 0.070312 0.934375 0.067187 0.931250 0.064062
1 0.935937 0.075000 0.931250 0.075000 0.928125 0.076563 0.926562 0.084375 0.929688 0.085938 0.934375 0.084375 0.935937 0.081250
1 0.944422 0.086219 0.943703 0.087281 0.943422 0.088750 0.943844 0.091000 0.945609 0.091563 0.949266 0.087484 0.948641 0.086500 0.946109 0.085656