0 0.246875 0.017188 0.240625 0.014063 0.235937 0.014063 0.229687 0.017188 0.220312 0.017188 0.212500 0.023438 0.210938 0.023438 0.209375 0.025000 0.207813 0.028125 0.207813 0.034375 0.203125 0.037500 0.201563 0.045312 0.203125 0.048438 0.209375 0.054688 0.218750 0.059375 0.223438 0.059375 0.225000 0.060937 0.228125 0.060937 0.234375 0.057813 0.235937 0.053125 0.242188 0.046875 0.248438 0.045312 0.251563 0.042188 0.253125 0.037500 0.253125 0.026562 0.251563 0.023438
0 0.248438 0.043750 0.239063 0.048438 0.237500 0.050000 0.235937 0.053125 0.234375 0.060937 0.231250 0.064062 0.229687 0.067187 0.232813 0.073438 0.237500 0.078125 0.243750 0.081250 0.248438 0.082812 0.253125 0.082812 0.264062 0.078125 0.268750 0.076563 0.275000 0.070312 0.276562 0.067187 0.275000 0.057813 0.271875 0.051562 0.267188 0.046875 0.257812 0.046875 0.254688 0.043750
0 0.276562 0.034375 0.271875 0.037500 0.268750 0.040625 0.267188 0.045312 0.268750 0.048438 0.273438 0.054688 0.275000 0.057813 0.276562 0.067187 0.279687 0.070312 0.289062 0.070312 0.293750 0.068750 0.296875 0.067187 0.300000 0.064062 0.300000 0.059375 0.303125 0.056250 0.303125 0.046875 0.300000 0.043750 0.289062 0.039062 0.282813 0.032813
0 0.226562 0.096875 0.225000 0.100000 0.225000 0.106250 0.226562 0.109375 0.231250 0.115625 0.231250 0.120313 0.232813 0.125000 0.239063 0.131250 0.245312 0.134375 0.250000 0.135937 0.257812 0.135937 0.262500 0.134375 0.265625 0.132812 0.270313 0.129688 0.273438 0.125000 0.275000 0.121875 0.276562 0.117188 0.276562 0.104688 0.275000 0.101562 0.270313 0.096875 0.267188 0.095312 0.260937 0.093750 0.250000 0.095312 0.243750 0.095312 0.239063 0.092188 0.235937 0.092188 0.231250 0.093750 0.228125 0.095312
0 0.309375 0.076563 0.298438 0.076563 0.295312 0.078125 0.281250 0.090625 0.278125 0.098437 0.276562 0.103125 0.276562 0.126562 0.278125 0.129688 0.282813 0.128125 0.303125 0.107813 0.312500 0.096875 0.312500 0.095312 0.317188 0.090625 0.315625 0.087500 0.312500 0.084375 0.309375 0.082812
0 0.393750 0.000000 0.393750 0.010937 0.395313 0.015625 0.400000 0.020313 0.403125 0.021875 0.418750 0.020313 0.425000 0.020313 0.432812 0.029687 0.437500 0.034375 0.448437 0.034375 0.451562 0.032813 0.453125 0.029687 0.454688 0.023438 0.454688 0.010937 0.453125 0.006250 0.448437 0.000000
0 0.593750 0.042188 0.587500 0.043750 0.581250 0.046875 0.571875 0.056250 0.571875 0.062500 0.575000 0.067187 0.579688 0.071875 0.579688 0.073438 0.582812 0.076563 0.585938 0.078125 0.590625 0.079687 0.598437 0.079687 0.604688 0.078125 0.610938 0.075000 0.615625 0.070312 0.617188 0.067187 0.617188 0.060937 0.615625 0.053125 0.614062 0.050000 0.609375 0.045312 0.606250 0.043750 0.600000 0.042188
0 0.567187 0.082812 0.562500 0.087500 0.560937 0.096875 0.560937 0.107813 0.564063 0.110937 0.575000 0.115625 0.581250 0.123438 0.587500 0.125000 0.592187 0.123438 0.603125 0.112500 0.604688 0.109375 0.606250 0.104688 0.606250 0.101562 0.604688 0.096875 0.598437 0.089063 0.598437 0.087500 0.596875 0.085938 0.590625 0.082812 0.585938 0.081250 0.570312 0.081250
1 0.400000 0.143750 0.393750 0.143750 0.392188 0.145313 0.384375 0.145313 0.381250 0.146875 0.379688 0.148438 0.378125 0.151562 0.378125 0.162500 0.379688 0.165625 0.384375 0.170313 0.387500 0.171875 0.393750 0.173437 0.401562 0.171875 0.401562 0.170313 0.404687 0.167187 0.407813 0.160938 0.407813 0.150000 0.406250 0.146875
1 0.423438 0.179688 0.415625 0.187500 0.414062 0.192188 0.414062 0.195312 0.415625 0.196875 0.415625 0.201563 0.417187 0.204687 0.418750 0.206250 0.420312 0.206250 0.423438 0.209375 0.426563 0.210938 0.432812 0.210938 0.439063 0.207813 0.442188 0.203125 0.443750 0.200000 0.443750 0.187500 0.440625 0.184375 0.432812 0.179688
1 0.334375 0.173437 0.331250 0.175000 0.328125 0.178125 0.328125 0.190625 0.329688 0.193750 0.332813 0.195312 0.342187 0.195312 0.345313 0.193750 0.346875 0.192188 0.346875 0.190625 0.350000 0.187500 0.350000 0.179688 0.348438 0.176563 0.346875 0.175000 0.343750 0.173437
1 0.321875 0.204687 0.317188 0.209375 0.314063 0.214062 0.312500 0.217188 0.312500 0.225000 0.314063 0.228125 0.320312 0.234375 0.323437 0.235937 0.328125 0.237500 0.334375 0.237500 0.337500 0.235937 0.345313 0.228125 0.345313 0.215625 0.343750 0.212500 0.337500 0.206250 0.334375 0.204687
1 0.365625 0.203125 0.360938 0.207813 0.359375 0.210938 0.359375 0.214062 0.360938 0.223438 0.365625 0.228125 0.368750 0.229687 0.376563 0.229687 0.382812 0.226562 0.384375 0.225000 0.387500 0.218750 0.387500 0.212500 0.384375 0.206250 0.381250 0.203125 0.376563 0.201563 0.371875 0.201563
1 0.395313 0.256250 0.390625 0.257812 0.387500 0.259375 0.385937 0.260937 0.382812 0.267188 0.382812 0.281250 0.384375 0.284375 0.390625 0.290625 0.403125 0.290625 0.407813 0.289062 0.410938 0.287500 0.420312 0.278125 0.420312 0.268750 0.418750 0.265625 0.412500 0.259375 0.409375 0.257812 0.404687 0.256250
1 0.628125 0.075000 0.623437 0.079687 0.623437 0.089063 0.628125 0.093750 0.631250 0.095312 0.640625 0.095312 0.645312 0.090625 0.646875 0.087500 0.646875 0.081250 0.645312 0.078125 0.643750 0.076563 0.640625 0.075000 0.634375 0.073438 0.631250 0.075000
1 0.607812 0.117188 0.603125 0.120313 0.600000 0.123438 0.600000 0.132812 0.606250 0.139063 0.609375 0.140625 0.617188 0.140625 0.620313 0.139063 0.623437 0.135937 0.625000 0.132812 0.625000 0.125000 0.623437 0.121875 0.620313 0.118750 0.617188 0.117188
1 0.668750 0.087500 0.664062 0.092188 0.664062 0.101562 0.667188 0.104688 0.671875 0.106250 0.675000 0.106250 0.681250 0.103125 0.684375 0.100000 0.684375 0.092188 0.679688 0.087500
1 0.673438 0.107813 0.668750 0.118750 0.668750 0.121875 0.670312 0.125000 0.676562 0.131250 0.679688 0.132812 0.695312 0.132812 0.698438 0.131250 0.704688 0.125000 0.706250 0.121875 0.706250 0.115625 0.704688 0.112500 0.701562 0.109375 0.696875 0.106250 0.693750 0.104688 0.689063 0.103125 0.682813 0.103125
1 0.656250 0.139063 0.653125 0.142187 0.651563 0.145313 0.651563 0.153125 0.653125 0.156250 0.657813 0.160938 0.662500 0.162500 0.665625 0.162500 0.670312 0.160938 0.673438 0.159375 0.675000 0.157812 0.676562 0.154688 0.676562 0.143750 0.675000 0.140625 0.668750 0.137500 0.659375 0.137500
1 0.798438 0.003125 0.795312 0.004687 0.792188 0.007812 0.790625 0.007812 0.789062 0.009375 0.787500 0.018750 0.787500 0.021875 0.789062 0.025000 0.795312 0.031250 0.801562 0.034375 0.809375 0.034375 0.815625 0.031250 0.817187 0.028125 0.817187 0.021875 0.818750 0.020313 0.818750 0.015625 0.817187 0.010937 0.815625 0.007812 0.812500 0.004687 0.809375 0.003125
1 0.793750 0.050000 0.793750 0.054688 0.795312 0.057813 0.801562 0.064062 0.804688 0.065625 0.809375 0.067187 0.814063 0.067187 0.820312 0.064062 0.820312 0.054688 0.818750 0.051562 0.814063 0.046875 0.810937 0.045312 0.800000 0.045312 0.796875 0.046875
1 0.881250 0.001563 0.876563 0.003125 0.873437 0.004687 0.870313 0.007812 0.868750 0.010937 0.868750 0.017188 0.870313 0.021875 0.871875 0.025000 0.876563 0.029687 0.881250 0.031250 0.884375 0.031250 0.895312 0.020313 0.896875 0.017188 0.896875 0.014063 0.895312 0.009375 0.889062 0.003125 0.884375 0.001563
1 0.831250 0.000000 0.831250 0.007812 0.837500 0.014063 0.848437 0.014063 0.853125 0.009375 0.854688 0.006250 0.854688 0.000000
0 0.673438 0.021875 0.675000 0.025000 0.676562 0.026562 0.679688 0.028125 0.684375 0.029687 0.689063 0.032813 0.692187 0.037500 0.696875 0.040625 0.709375 0.040625 0.712500 0.039062 0.717187 0.034375 0.717187 0.026562 0.720313 0.023438 0.731250 0.023438 0.734375 0.025000 0.737500 0.028125 0.742188 0.029687 0.746875 0.029687 0.756250 0.026562 0.760938 0.021875 0.770312 0.010937 0.771875 0.007812 0.771875 0.000000 0.673438 0.001563
0 0.785937 0.028125 0.782813 0.026562 0.778125 0.026562 0.760938 0.032813 0.754687 0.035937 0.743750 0.046875 0.740625 0.056250 0.739062 0.065625 0.739062 0.078125 0.743750 0.084375 0.748437 0.087500 0.751563 0.089063 0.756250 0.090625 0.762500 0.092188 0.770312 0.092188 0.775000 0.089063 0.778125 0.084375 0.778125 0.075000 0.779687 0.071875 0.781250 0.070312 0.789062 0.064062 0.789062 0.057813 0.785937 0.053125 0.785937 0.050000 0.787500 0.042188 0.790625 0.035937 0.787500 0.029687
0 0.712500 0.535937 0.712500 0.543750 0.714063 0.546875 0.717187 0.551562 0.721875 0.553125 0.726562 0.556250 0.735938 0.557813 0.740625 0.559375 0.743750 0.562500 0.746875 0.564063 0.751563 0.565625 0.771875 0.565625 0.775000 0.564063 0.779687 0.560937 0.782813 0.556250 0.784375 0.553125 0.784375 0.548438 0.782813 0.542188 0.778125 0.535937 0.778125 0.532813 0.782813 0.528125 0.782813 0.523438 0.781250 0.520312 0.776563 0.515625 0.770312 0.512500 0.764062 0.510938 0.734375 0.510938 0.731250 0.512500 0.726562 0.517188 0.715625 0.529687
1 0.717187 0.454688 0.715625 0.460938 0.707812 0.467187 0.706250 0.470313 0.706250 0.473438 0.707812 0.481250 0.709375 0.484375 0.717187 0.492188 0.721875 0.493750 0.731250 0.493750 0.735938 0.492188 0.742188 0.485938 0.748437 0.478125 0.750000 0.473438 0.748437 0.468750 0.745313 0.464062 0.739062 0.457813 0.732812 0.454688 0.728125 0.454688 0.723437 0.453125
1 0.654687 0.500000 0.650000 0.504687 0.648438 0.507812 0.650000 0.517188 0.648438 0.523438 0.650000 0.526563 0.651563 0.528125 0.660937 0.532813 0.667188 0.534375 0.676562 0.534375 0.679688 0.531250 0.682813 0.526563 0.684375 0.521875 0.684375 0.512500 0.682813 0.507812 0.681250 0.504687 0.678125 0.501563 0.675000 0.500000 0.670312 0.498437 0.662500 0.496875 0.657813 0.498437
1 0.654687 0.570312 0.651563 0.571875 0.648438 0.575000 0.646875 0.579688 0.646875 0.595313 0.648438 0.600000 0.654687 0.606250 0.659375 0.607812 0.664062 0.607812 0.667188 0.606250 0.678125 0.595313 0.679688 0.592187 0.679688 0.579688 0.678125 0.576562 0.673438 0.571875 0.670312 0.570312
1 0.737500 0.576562 0.735938 0.579688 0.735938 0.589063 0.737500 0.592187 0.740625 0.595313 0.746875 0.598437 0.756250 0.600000 0.764062 0.598437 0.767188 0.596875 0.770312 0.593750 0.771875 0.590625 0.771875 0.585938 0.770312 0.581250 0.760938 0.571875 0.757812 0.570312 0.751563 0.568750 0.743750 0.570312
1 0.854688 0.579688 0.853125 0.581250 0.851562 0.584375 0.850000 0.589063 0.850000 0.598437 0.853125 0.603125 0.857812 0.607812 0.860938 0.609375 0.865625 0.610938 0.879687 0.610938 0.882812 0.607812 0.882812 0.606250 0.887500 0.601562 0.889062 0.596875 0.887500 0.590625 0.885938 0.587500 0.882812 0.584375 0.882812 0.582812 0.881250 0.581250 0.879687 0.581250 0.876563 0.578125 0.873437 0.576562 0.868750 0.575000 0.865625 0.575000 0.860938 0.576562
1 0.887500 0.637500 0.884375 0.637500 0.882812 0.639062 0.878125 0.639062 0.873437 0.643750 0.870313 0.650000 0.870313 0.654687 0.873437 0.660937 0.875000 0.665625 0.878125 0.668750 0.881250 0.670312 0.893750 0.667188 0.896875 0.665625 0.900000 0.662500 0.901563 0.653125 0.901563 0.648438 0.900000 0.645312 0.895312 0.640625 0.892188 0.639062
1 0.893750 0.623437 0.890625 0.626563 0.890625 0.635938 0.895312 0.639062 0.904687 0.639062 0.907813 0.635938 0.909375 0.629687 0.907813 0.626563 0.906250 0.625000 0.903125 0.623437
1 0.904687 0.651563 0.903125 0.654687 0.903125 0.664062 0.904687 0.667188 0.918750 0.665625 0.918750 0.657813 0.915625 0.651563 0.912500 0.650000
1 0.879687 0.695312 0.873437 0.701562 0.871875 0.704688 0.870313 0.709375 0.870313 0.715625 0.871875 0.718750 0.879687 0.725000 0.889062 0.729688 0.893750 0.731250 0.896875 0.731250 0.901563 0.729688 0.909375 0.721875 0.910937 0.718750 0.910937 0.709375 0.907813 0.703125 0.906250 0.701562 0.904687 0.701562 0.901563 0.698438 0.895312 0.695312
1 0.698438 0.748437 0.693750 0.753125 0.692187 0.759375 0.693750 0.764062 0.700000 0.770312 0.703125 0.771875 0.707812 0.771875 0.712500 0.770312 0.720313 0.762500 0.720313 0.754687 0.714063 0.748437 0.710938 0.746875 0.701562 0.746875
1 0.668750 0.790625 0.664062 0.795312 0.662500 0.798438 0.662500 0.803125 0.664062 0.809375 0.667188 0.814063 0.671875 0.818750 0.676562 0.818750 0.678125 0.820312 0.681250 0.820312 0.690625 0.817187 0.692187 0.814063 0.692187 0.800000 0.690625 0.796875 0.685937 0.792188 0.681250 0.789062 0.671875 0.789062
1 0.773438 0.807813 0.768750 0.812500 0.768750 0.826562 0.773438 0.831250 0.779687 0.834375 0.793750 0.834375 0.798438 0.829688 0.801562 0.823438 0.801562 0.812500 0.800000 0.809375 0.798438 0.807813 0.795312 0.806250 0.790625 0.804688 0.781250 0.804688 0.776563 0.806250
1 0.818750 0.912500 0.810937 0.920312 0.810937 0.925000 0.814063 0.931250 0.817187 0.934375 0.823438 0.937500 0.829688 0.937500 0.834375 0.932813 0.839063 0.923438 0.837500 0.918750 0.834375 0.914062 0.831250 0.912500
1 0.843750 0.923438 0.840625 0.925000 0.837500 0.928125 0.834375 0.932813 0.832812 0.935937 0.832812 0.942187 0.834375 0.945312 0.840625 0.951562 0.845313 0.953125 0.853125 0.953125 0.856250 0.951562 0.862500 0.945312 0.862500 0.932813 0.860938 0.929688 0.857812 0.926562 0.853125 0.925000 0.848437 0.925000 0.846875 0.923438
1 0.757812 0.935937 0.753125 0.940625 0.751563 0.946875 0.753125 0.951562 0.756250 0.957812 0.757812 0.959375 0.760938 0.960938 0.773438 0.960938 0.776563 0.957812 0.778125 0.954688 0.778125 0.945312 0.776563 0.942187 0.771875 0.937500 0.765625 0.934375 0.760938 0.934375
1 0.375000 0.660937 0.370312 0.665625 0.370312 0.675000 0.371875 0.678125 0.375000 0.681250 0.387500 0.681250 0.390625 0.679688 0.392188 0.678125 0.393750 0.675000 0.393750 0.667188 0.387500 0.660937 0.384375 0.659375 0.379688 0.659375
1 0.409375 0.635938 0.407813 0.639062 0.407813 0.645312 0.409375 0.648438 0.410938 0.650000 0.414062 0.651563 0.423438 0.651563 0.426563 0.650000 0.428125 0.648438 0.429688 0.645312 0.429688 0.640625 0.428125 0.637500 0.423438 0.632812 0.415625 0.632812
1 0.298438 0.532813 0.295312 0.535937 0.293750 0.540625 0.293750 0.543750 0.295312 0.546875 0.300000 0.551562 0.303125 0.553125 0.310937 0.553125 0.314063 0.551562 0.315625 0.550000 0.317188 0.546875 0.317188 0.537500 0.310937 0.531250 0.303125 0.531250
1 0.353125 0.525000 0.351562 0.523438 0.348438 0.521875 0.343750 0.520312 0.337500 0.518750 0.334375 0.520312 0.326562 0.528125 0.326562 0.539062 0.328125 0.542188 0.331250 0.545312 0.340625 0.545312 0.346875 0.542188 0.353125 0.535937 0.354687 0.532813 0.354687 0.528125
1 0.235937 0.515625 0.235937 0.523438 0.239063 0.529687 0.242188 0.532813 0.246875 0.535937 0.254688 0.537500 0.260937 0.534375 0.262500 0.532813 0.264062 0.529687 0.264062 0.521875 0.262500 0.518750 0.256250 0.512500 0.253125 0.510938 0.242188 0.510938 0.239063 0.512500
1 0.226562 0.489063 0.225000 0.492188 0.225000 0.501563 0.231250 0.507812 0.234375 0.509375 0.242188 0.509375 0.248438 0.506250 0.251563 0.503125 0.251563 0.493750 0.245312 0.487500 0.239063 0.485938 0.231250 0.485938 0.228125 0.487500
1 0.214062 0.510938 0.212500 0.514062 0.212500 0.526563 0.214062 0.529687 0.215625 0.531250 0.217188 0.531250 0.220312 0.534375 0.231250 0.534375 0.234375 0.531250 0.235937 0.528125 0.235937 0.517188 0.234375 0.514062 0.232813 0.512500 0.226562 0.509375 0.217188 0.509375
1 0.148438 0.550000 0.146875 0.553125 0.146875 0.557813 0.148438 0.560937 0.151562 0.564063 0.156250 0.565625 0.160938 0.564063 0.162500 0.560937 0.162500 0.553125 0.159375 0.550000
1 0.098437 0.551562 0.093750 0.556250 0.093750 0.567187 0.095312 0.571875 0.096875 0.575000 0.101562 0.579688 0.104688 0.581250 0.112500 0.581250 0.115625 0.579688 0.121875 0.573438 0.123438 0.570312 0.123438 0.562500 0.120313 0.556250 0.115625 0.556250 0.109375 0.551562
1 0.053125 0.764062 0.048438 0.768750 0.046875 0.771875 0.046875 0.778125 0.048438 0.781250 0.054688 0.781250 0.060937 0.784375 0.065625 0.779687 0.067187 0.776563 0.067187 0.770312 0.065625 0.767188 0.062500 0.764062
1 0.046875 0.779687 0.042188 0.784375 0.042188 0.795312 0.045312 0.798438 0.050000 0.800000 0.054688 0.800000 0.057813 0.798438 0.060937 0.795312 0.062500 0.792188 0.060937 0.781250 0.054688 0.779687
1 0.143750 0.767188 0.140625 0.768750 0.135937 0.773438 0.134375 0.776563 0.134375 0.781250 0.137500 0.787500 0.143750 0.790625 0.148438 0.790625 0.153125 0.789062 0.156250 0.785937 0.157812 0.781250 0.157812 0.775000 0.151562 0.768750 0.148438 0.767188
1 0.134375 0.812500 0.128125 0.818750 0.128125 0.823438 0.129688 0.828125 0.134375 0.832812 0.145313 0.832812 0.148438 0.829688 0.148438 0.820312 0.146875 0.817187 0.145313 0.815625 0.142187 0.814063 0.137500 0.812500
1 0.120313 0.718750 0.118750 0.721875 0.120313 0.735938 0.123438 0.737500 0.135937 0.737500 0.137500 0.734375 0.139063 0.729688 0.139063 0.723437 0.135937 0.718750 0.132812 0.717187
1 0.148438 0.676562 0.145313 0.678125 0.142187 0.681250 0.140625 0.684375 0.140625 0.692187 0.142187 0.695312 0.145313 0.698438 0.148438 0.700000 0.154688 0.700000 0.160938 0.693750 0.162500 0.690625 0.162500 0.681250 0.159375 0.678125 0.154688 0.676562
1 0.082812 0.618750 0.079687 0.620313 0.078125 0.621875 0.076563 0.625000 0.076563 0.637500 0.082812 0.643750 0.092188 0.643750 0.098437 0.637500 0.100000 0.634375 0.100000 0.631250 0.098437 0.629687 0.098437 0.625000 0.096875 0.621875 0.093750 0.618750
1 0.184375 0.589063 0.181250 0.592187 0.181250 0.606250 0.184375 0.610938 0.190625 0.614062 0.196875 0.614062 0.201563 0.609375 0.204687 0.603125 0.204687 0.598437 0.201563 0.593750 0.196875 0.590625 0.192188 0.589063
1 0.229687 0.584375 0.226562 0.587500 0.226562 0.590625 0.228125 0.593750 0.231250 0.596875 0.234375 0.596875 0.237500 0.595313 0.237500 0.584375
0 0.168750 0.562500 0.168750 0.568750 0.171875 0.573438 0.176563 0.578125 0.176563 0.582812 0.182812 0.589063 0.196875 0.590625 0.203125 0.590625 0.207813 0.587500 0.210938 0.587500 0.221875 0.589063 0.225000 0.587500 0.229687 0.582812 0.231250 0.579688 0.231250 0.576562 0.229687 0.571875 0.223438 0.565625 0.220312 0.565625 0.217188 0.562500 0.215625 0.559375 0.215625 0.554688 0.214062 0.551562 0.203125 0.551562 0.201563 0.550000 0.189062 0.550000 0.185938 0.551562 0.182812 0.554688 0.182812 0.556250 0.179688 0.559375 0.175000 0.559375
0 0.260937 0.543750 0.256250 0.548438 0.254688 0.551562 0.254688 0.559375 0.256250 0.567187 0.257812 0.570312 0.268750 0.581250 0.276562 0.581250 0.284375 0.573438 0.287500 0.568750 0.287500 0.564063 0.285938 0.560937 0.278125 0.548438 0.273438 0.543750
0 0.282813 0.590625 0.279687 0.592187 0.273438 0.598437 0.273438 0.607812 0.275000 0.610938 0.285938 0.621875 0.290625 0.623437 0.293750 0.623437 0.300000 0.620313 0.303125 0.617188 0.304688 0.610938 0.304688 0.603125 0.303125 0.598437 0.296875 0.592187 0.293750 0.590625
0 0.103125 0.598437 0.103125 0.610938 0.106250 0.617188 0.107813 0.618750 0.109375 0.618750 0.112500 0.621875 0.128125 0.629687 0.146875 0.629687 0.150000 0.631250 0.153125 0.634375 0.157812 0.635938 0.162500 0.635938 0.168750 0.632812 0.170313 0.620313 0.165625 0.615625 0.159375 0.614062 0.153125 0.614062 0.150000 0.612500 0.148438 0.609375 0.150000 0.606250 0.153125 0.603125 0.154688 0.600000 0.154688 0.592187 0.153125 0.590625 0.153125 0.581250 0.150000 0.575000 0.148438 0.575000 0.145313 0.571875 0.129688 0.571875 0.128125 0.576562 0.125000 0.579688 0.120313 0.579688 0.117188 0.581250 0.112500 0.585938 0.110937 0.589063 0.110937 0.592187 0.109375 0.595313 0.107813 0.596875
0 0.040625 0.643750 0.040625 0.653125 0.045312 0.657813 0.045312 0.673438 0.046875 0.676562 0.051562 0.681250 0.056250 0.682813 0.064062 0.682813 0.070312 0.685937 0.076563 0.685937 0.079687 0.684375 0.081250 0.682813 0.082812 0.679688 0.085938 0.671875 0.087500 0.667188 0.089063 0.660937 0.087500 0.654687 0.084375 0.650000 0.081250 0.646875 0.073438 0.640625 0.068750 0.637500 0.056250 0.637500 0.051562 0.642188
0 0.210938 0.598437 0.209375 0.603125 0.206250 0.604688 0.203125 0.607812 0.203125 0.615625 0.204687 0.618750 0.206250 0.620313 0.209375 0.621875 0.214062 0.623437 0.221875 0.623437 0.225000 0.626563 0.225000 0.628125 0.229687 0.631250 0.235937 0.628125 0.240625 0.623437 0.243750 0.618750 0.243750 0.614062 0.240625 0.614062 0.239063 0.612500 0.232813 0.610938 0.232813 0.606250 0.231250 0.603125 0.229687 0.601562 0.228125 0.601562 0.225000 0.598437 0.220312 0.596875 0.214062 0.596875
0 0.071875 0.567187 0.059375 0.567187 0.053125 0.570312 0.046875 0.575000 0.043750 0.579688 0.042188 0.582812 0.042188 0.589063 0.043750 0.592187 0.046875 0.596875 0.051562 0.601562 0.054688 0.603125 0.064062 0.603125 0.067187 0.601562 0.075000 0.593750 0.076563 0.590625 0.076563 0.571875
0 0.203125 0.667188 0.187500 0.682813 0.184375 0.687500 0.182812 0.690625 0.182812 0.696875 0.184375 0.700000 0.187500 0.701562 0.193750 0.703125 0.201563 0.703125 0.207813 0.706250 0.210938 0.706250 0.212500 0.704688 0.217188 0.704688 0.220312 0.701562 0.221875 0.698438 0.223438 0.693750 0.223438 0.682813 0.220312 0.675000 0.214062 0.668750 0.209375 0.667188
0 0.176563 0.903125 0.173437 0.904687 0.168750 0.909375 0.168750 0.918750 0.165625 0.921875 0.165625 0.931250 0.167187 0.934375 0.170313 0.937500 0.171875 0.937500 0.176563 0.942187 0.178125 0.946875 0.182812 0.948438 0.185938 0.950000 0.192188 0.948438 0.196875 0.945312 0.200000 0.940625 0.203125 0.934375 0.206250 0.925000 0.206250 0.918750 0.204687 0.914062 0.203125 0.910937 0.200000 0.906250 0.195312 0.903125
0 0.753125 0.762500 0.746875 0.760938 0.739062 0.762500 0.734375 0.765625 0.720313 0.765625 0.717187 0.767188 0.712500 0.771875 0.710938 0.778125 0.712500 0.784375 0.714063 0.787500 0.717187 0.792188 0.721875 0.798438 0.731250 0.807813 0.734375 0.809375 0.746875 0.809375 0.751563 0.807813 0.760938 0.798438 0.765625 0.784375 0.765625 0.773438 0.764062 0.770312 0.759375 0.765625
0 0.753125 0.846875 0.750000 0.848437 0.745313 0.854688 0.742188 0.854688 0.739062 0.856250 0.735938 0.859375 0.732812 0.865625 0.732812 0.876563 0.734375 0.879687 0.735938 0.881250 0.743750 0.887500 0.746875 0.895312 0.753125 0.900000 0.757812 0.901563 0.765625 0.901563 0.768750 0.900000 0.773438 0.895312 0.781250 0.890625 0.784375 0.889062 0.787500 0.889062 0.790625 0.885938 0.792188 0.885938 0.793750 0.884375 0.795312 0.881250 0.796875 0.876563 0.795312 0.868750 0.793750 0.864062 0.787500 0.856250 0.785937 0.854688 0.784375 0.854688 0.776563 0.848437 0.773438 0.846875
0 0.670312 0.842187 0.668750 0.845313 0.668750 0.853125 0.673438 0.862500 0.676562 0.865625 0.679688 0.867188 0.684375 0.868750 0.701562 0.868750 0.706250 0.865625 0.710938 0.860938 0.710938 0.850000 0.709375 0.846875 0.706250 0.843750 0.701562 0.840625 0.695312 0.837500 0.690625 0.835938 0.681250 0.835938 0.676562 0.839063
0 0.792188 0.759375 0.789062 0.762500 0.785937 0.762500 0.781250 0.767188 0.781250 0.770312 0.778125 0.773438 0.776563 0.773438 0.773438 0.776563 0.773438 0.790625 0.784375 0.801562 0.798438 0.806250 0.809375 0.806250 0.815625 0.803125 0.817187 0.801562 0.818750 0.798438 0.820312 0.793750 0.820312 0.781250 0.818750 0.778125 0.815625 0.775000 0.812500 0.773438 0.803125 0.770312 0.801562 0.767188 0.800000 0.762500 0.796875 0.759375
1 0.926562 0.681250 0.921875 0.684375 0.918750 0.687500 0.917188 0.698438 0.917188 0.704688 0.918750 0.709375 0.921875 0.712500 0.926562 0.715625 0.932813 0.717187 0.946875 0.717187 0.953125 0.710938 0.954688 0.707812 0.954688 0.698438 0.953125 0.693750 0.951562 0.690625 0.940625 0.679688 0.937500 0.678125 0.934375 0.678125 0.929688 0.679688
1 0.940625 0.642188 0.935937 0.646875 0.934375 0.650000 0.932813 0.654687 0.932813 0.662500 0.934375 0.667188 0.940625 0.673438 0.950000 0.678125 0.959375 0.678125 0.962500 0.676562 0.968750 0.670312 0.970313 0.667188 0.971875 0.662500 0.971875 0.659375 0.970313 0.657813 0.968750 0.646875 0.967187 0.643750 0.957812 0.640625 0.948438 0.640625
1 0.975000 0.587500 0.967187 0.587500 0.954688 0.590625 0.951562 0.592187 0.945312 0.598437 0.943750 0.601562 0.943750 0.607812 0.942187 0.609375 0.942187 0.614062 0.943750 0.617188 0.945312 0.618750 0.953125 0.625000 0.959375 0.628125 0.964063 0.629687 0.967187 0.629687 0.975000 0.628125 0.979688 0.625000 0.985938 0.618750 0.987500 0.615625 0.987500 0.600000 0.984375 0.593750 0.981250 0.590625
1 0.973437 0.635938 0.970313 0.639062 0.968750 0.643750 0.971875 0.651563 0.971875 0.657813 0.973437 0.660937 0.975000 0.662500 0.981250 0.665625 0.993750 0.665625 0.998437 0.662500 0.998437 0.642188 0.995313 0.639062 0.989062 0.635938 0.984375 0.634375 0.979688 0.634375
1 0.785937 0.951562 0.784375 0.954688 0.784375 0.964063 0.785937 0.967187 0.789062 0.970313 0.793750 0.973437 0.801562 0.973437 0.806250 0.970313 0.809375 0.965625 0.810937 0.962500 0.810937 0.957812 0.809375 0.954688 0.806250 0.951562 0.803125 0.950000 0.798438 0.948438 0.792188 0.948438
1 0.782813 0.978125 0.779687 0.981250 0.778125 0.984375 0.778125 0.990625 0.779687 0.993750 0.781250 0.995313 0.782813 0.995313 0.785937 0.998437 0.796875 0.998437 0.801562 0.993750 0.801562 0.985938 0.800000 0.982812 0.793750 0.976562 0.785937 0.976562
1 0.454688 0.004687 0.454688 0.007812 0.456250 0.018750 0.459375 0.021875 0.464062 0.023438 0.467187 0.023438 0.476562 0.020313 0.479687 0.017188 0.481250 0.012500 0.481250 0.007812 0.479687 0.004687 0.476562 0.000000 0.457813 0.000000
1 0.470313 0.923438 0.467187 0.925000 0.464062 0.925000 0.460938 0.928125 0.460938 0.935937 0.464062 0.939063 0.470313 0.942187 0.475000 0.940625 0.478125 0.934375 0.478125 0.929688 0.476562 0.926562
1 0.500000 0.881250 0.496875 0.882812 0.495312 0.884375 0.493750 0.887500 0.493750 0.893750 0.495312 0.896875 0.501563 0.900000 0.506250 0.900000 0.509375 0.898438 0.512500 0.893750 0.512500 0.887500 0.510938 0.884375 0.509375 0.882812 0.506250 0.881250
0 0.251563 0.985938 0.251563 0.990625 0.253125 0.998437 0.290625 0.998437 0.290625 0.993750 0.284375 0.987500 0.278125 0.984375 0.271875 0.978125 0.260937 0.978125 0.256250 0.979688 0.253125 0.982812
1 0.342187 0.776563 0.342187 0.781250 0.345313 0.784375 0.350000 0.784375 0.353125 0.782813 0.353125 0.776563 0.350000 0.775000 0.345313 0.775000
1 0.365625 0.754687 0.362500 0.754687 0.359375 0.756250 0.359375 0.760938 0.362500 0.764062 0.367188 0.762500
1 0.175000 0.795312 0.175000 0.798438 0.176563 0.801562 0.181250 0.803125 0.184375 0.801562 0.184375 0.796875 0.179688 0.792188
1 0.190625 0.789062 0.189062 0.793750 0.189062 0.796875 0.195312 0.798438 0.195312 0.793750 0.193750 0.790625
1 0.189062 0.771875 0.189062 0.776563 0.192188 0.779687 0.198437 0.778125 0.198437 0.775000 0.195312 0.771875