0 0.334375 0.045312 0.332813 0.057813 0.329688 0.059375 0.320312 0.060937 0.318750 0.071875 0.320312 0.084375 0.321875 0.087500 0.326562 0.092188 0.331250 0.095312 0.337500 0.098437 0.343750 0.098437 0.346875 0.101562 0.346875 0.110937 0.348438 0.114062 0.357812 0.115625 0.360938 0.114062 0.364063 0.110937 0.367188 0.109375 0.371875 0.109375 0.376563 0.107813 0.379688 0.104688 0.381250 0.101562 0.381250 0.098437 0.379688 0.093750 0.376563 0.089063 0.371875 0.084375 0.370312 0.081250 0.368750 0.076563 0.368750 0.068750 0.365625 0.064062 0.348438 0.046875 0.342187 0.043750
0 0.492188 0.046875 0.489063 0.048438 0.478125 0.059375 0.476562 0.062500 0.476562 0.065625 0.475000 0.068750 0.471875 0.071875 0.470313 0.075000 0.470313 0.079687 0.468750 0.081250 0.468750 0.084375 0.470313 0.089063 0.475000 0.098437 0.481250 0.104688 0.484375 0.109375 0.484375 0.110937 0.485938 0.112500 0.489063 0.114062 0.506250 0.114062 0.510938 0.109375 0.514062 0.101562 0.515625 0.082812 0.515625 0.076563 0.512500 0.067187 0.512500 0.051562 0.506250 0.048438 0.500000 0.046875
0 0.492188 0.000000 0.490625 0.003125 0.487500 0.012500 0.487500 0.017188 0.492188 0.031250 0.495312 0.035937 0.500000 0.039062 0.507812 0.042188 0.523438 0.042188 0.528125 0.039062 0.532813 0.034375 0.534375 0.031250 0.534375 0.018750 0.532813 0.015625 0.517188 0.000000
0 0.384375 0.000000 0.392188 0.009375 0.393750 0.014063 0.393750 0.021875 0.398438 0.026562 0.404687 0.029687 0.412500 0.032813 0.428125 0.037500 0.434375 0.037500 0.437500 0.035937 0.442188 0.032813 0.442188 0.029687 0.443750 0.028125 0.443750 0.023438 0.446875 0.020313 0.451562 0.020313 0.454688 0.018750 0.457813 0.015625 0.459375 0.012500 0.459375 0.004687 0.457813 0.003125 0.457813 0.000000
0 0.326562 0.001563 0.323437 0.009375 0.325000 0.015625 0.328125 0.021875 0.326562 0.029687 0.331250 0.034375 0.334375 0.035937 0.343750 0.039062 0.376563 0.039062 0.384375 0.035937 0.384375 0.031250 0.387500 0.025000 0.387500 0.018750 0.385937 0.015625 0.381250 0.009375 0.381250 0.004687 0.379688 0.003125 0.379688 0.000000
0 0.135937 0.070312 0.135937 0.079687 0.137500 0.084375 0.140625 0.089063 0.148438 0.096875 0.153125 0.100000 0.156250 0.101562 0.165625 0.104688 0.175000 0.104688 0.184375 0.100000 0.185938 0.098437 0.187500 0.095312 0.187500 0.078125 0.185938 0.075000 0.182812 0.071875 0.173437 0.065625 0.146875 0.065625 0.139063 0.067187
0 0.193750 0.089063 0.193750 0.095312 0.196875 0.103125 0.195312 0.110937 0.192188 0.115625 0.192188 0.118750 0.193750 0.123438 0.200000 0.129688 0.200000 0.134375 0.204687 0.139063 0.209375 0.142187 0.215625 0.145313 0.223438 0.146875 0.226562 0.145313 0.231250 0.140625 0.232813 0.137500 0.229687 0.131250 0.229687 0.125000 0.228125 0.121875 0.218750 0.112500 0.214062 0.106250 0.212500 0.101562 0.206250 0.095312 0.206250 0.093750 0.201563 0.089063 0.198437 0.087500
0 0.185938 0.142187 0.181250 0.145313 0.175000 0.145313 0.171875 0.148438 0.171875 0.150000 0.167187 0.154688 0.165625 0.157812 0.162500 0.171875 0.162500 0.181250 0.165625 0.190625 0.165625 0.198437 0.168750 0.201563 0.170313 0.201563 0.173437 0.204687 0.173437 0.207813 0.178125 0.214062 0.178125 0.215625 0.179688 0.218750 0.181250 0.220312 0.184375 0.221875 0.192188 0.221875 0.195312 0.218750 0.196875 0.215625 0.198437 0.207813 0.200000 0.203125 0.212500 0.190625 0.214062 0.185938 0.215625 0.178125 0.215625 0.168750 0.214062 0.164062 0.210938 0.160938 0.209375 0.156250 0.210938 0.151562 0.209375 0.148438 0.207813 0.146875 0.204687 0.145313 0.190625 0.142187
0 0.192188 0.229687 0.187500 0.226562 0.184375 0.225000 0.170313 0.223438 0.164062 0.225000 0.160938 0.226562 0.159375 0.228125 0.157812 0.231250 0.157812 0.235937 0.153125 0.240625 0.148438 0.240625 0.145313 0.242188 0.142187 0.245312 0.140625 0.253125 0.145313 0.262500 0.148438 0.265625 0.151562 0.265625 0.156250 0.262500 0.173437 0.262500 0.179688 0.254688 0.179688 0.253125 0.184375 0.248438 0.187500 0.248438 0.193750 0.242188 0.195312 0.239063 0.195312 0.234375
1 0.064062 0.435937 0.062500 0.439063 0.062500 0.443750 0.064062 0.448437 0.065625 0.451562 0.068750 0.454688 0.071875 0.456250 0.082812 0.456250 0.085938 0.453125 0.085938 0.443750 0.084375 0.440625 0.079687 0.435937 0.076563 0.434375 0.071875 0.432812
1 0.075000 0.403125 0.073438 0.406250 0.073438 0.409375 0.071875 0.412500 0.073438 0.418750 0.076563 0.421875 0.079687 0.423438 0.087500 0.423438 0.093750 0.420312 0.095312 0.417187 0.095312 0.410938 0.092188 0.406250 0.087500 0.403125 0.082812 0.401562 0.078125 0.401562
1 0.114062 0.401562 0.110937 0.407813 0.110937 0.412500 0.114062 0.418750 0.115625 0.420312 0.117188 0.420312 0.120313 0.423438 0.123438 0.425000 0.139063 0.423438 0.139063 0.410938 0.137500 0.407813 0.131250 0.401562 0.126562 0.400000 0.117188 0.400000
1 0.134375 0.446875 0.132812 0.450000 0.132812 0.462500 0.134375 0.465625 0.142187 0.473438 0.148438 0.476562 0.157812 0.476562 0.167187 0.473438 0.167187 0.459375 0.165625 0.454688 0.164062 0.451562 0.156250 0.443750 0.153125 0.442188 0.140625 0.442188 0.137500 0.443750
0 0.096875 0.456250 0.096875 0.460938 0.100000 0.467187 0.103125 0.471875 0.110937 0.478125 0.117188 0.479687 0.121875 0.484375 0.125000 0.485938 0.135937 0.489063 0.156250 0.489063 0.160938 0.487500 0.164062 0.485938 0.165625 0.476562 0.159375 0.478125 0.148438 0.476562 0.142187 0.473438 0.134375 0.465625 0.132812 0.460938 0.129688 0.457813 0.126562 0.456250 0.115625 0.456250 0.106250 0.451562 0.101562 0.451562 0.098437 0.453125
0 0.170313 0.510938 0.168750 0.514062 0.168750 0.520312 0.167187 0.521875 0.165625 0.529687 0.165625 0.545312 0.168750 0.545312 0.175000 0.550000 0.181250 0.553125 0.189062 0.553125 0.192188 0.551562 0.195312 0.548438 0.196875 0.548438 0.198437 0.546875 0.201563 0.540625 0.204687 0.532813 0.204687 0.523438 0.201563 0.518750 0.196875 0.515625 0.190625 0.512500 0.184375 0.512500 0.181250 0.515625 0.176563 0.515625 0.173437 0.510938
0 0.165625 0.542188 0.162500 0.548438 0.162500 0.557813 0.164062 0.582812 0.165625 0.589063 0.168750 0.595313 0.171875 0.600000 0.175000 0.603125 0.181250 0.606250 0.187500 0.607812 0.196875 0.607812 0.198437 0.604688 0.198437 0.595313 0.193750 0.587500 0.193750 0.581250 0.195312 0.579688 0.195312 0.573438 0.190625 0.567187 0.190625 0.564063 0.193750 0.559375 0.190625 0.556250 0.192188 0.548438 0.176563 0.545312 0.170313 0.542188
0 0.060937 0.675000 0.062500 0.678125 0.065625 0.679688 0.070312 0.681250 0.076563 0.681250 0.081250 0.685937 0.084375 0.687500 0.092188 0.687500 0.110937 0.682813 0.120313 0.682813 0.125000 0.685937 0.131250 0.685937 0.134375 0.684375 0.142187 0.676562 0.146875 0.675000 0.148438 0.671875 0.150000 0.667188 0.150000 0.662500 0.148438 0.659375 0.143750 0.657813 0.140625 0.656250 0.139063 0.654687 0.139063 0.653125 0.134375 0.651563 0.123438 0.645312 0.112500 0.643750 0.093750 0.643750 0.089063 0.640625 0.082812 0.639062 0.071875 0.639062 0.071875 0.645312 0.075000 0.648438 0.076563 0.648438 0.078125 0.650000 0.079687 0.653125 0.076563 0.656250 0.067187 0.662500 0.065625 0.662500 0.064062 0.664062 0.062500 0.667188 0.060937 0.671875
0 0.189062 0.609375 0.185938 0.607812 0.181250 0.606250 0.168750 0.606250 0.162500 0.609375 0.157812 0.621875 0.139063 0.640625 0.137500 0.643750 0.137500 0.656250 0.143750 0.667188 0.142187 0.673438 0.146875 0.673438 0.150000 0.670312 0.151562 0.664062 0.153125 0.660937 0.157812 0.656250 0.157812 0.654687 0.160938 0.651563 0.167187 0.650000 0.171875 0.646875 0.175000 0.643750 0.175000 0.642188 0.179688 0.637500 0.185938 0.625000 0.189062 0.617188
0 0.190625 0.906250 0.189062 0.912500 0.189062 0.921875 0.192188 0.928125 0.203125 0.939063 0.203125 0.943750 0.206250 0.950000 0.207813 0.951562 0.209375 0.951562 0.212500 0.954688 0.215625 0.956250 0.220312 0.957812 0.231250 0.957812 0.232813 0.956250 0.245312 0.956250 0.275000 0.951562 0.281250 0.948438 0.282813 0.940625 0.281250 0.935937 0.279687 0.932813 0.276562 0.929688 0.275000 0.921875 0.270313 0.915625 0.268750 0.907813 0.267188 0.904687 0.264062 0.901563 0.264062 0.900000 0.262500 0.898438 0.259375 0.896875 0.253125 0.896875 0.250000 0.895312 0.243750 0.890625 0.240625 0.889062 0.231250 0.887500 0.212500 0.889062 0.207813 0.890625 0.204687 0.892188 0.192188 0.903125
0 0.273438 0.906250 0.271875 0.909375 0.271875 0.915625 0.276562 0.928125 0.281250 0.934375 0.282813 0.937500 0.284375 0.942187 0.282813 0.945312 0.285938 0.948438 0.292187 0.948438 0.298438 0.946875 0.303125 0.943750 0.310937 0.943750 0.318750 0.946875 0.329688 0.946875 0.332813 0.943750 0.332813 0.937500 0.329688 0.934375 0.325000 0.934375 0.321875 0.932813 0.320312 0.931250 0.318750 0.928125 0.318750 0.923438 0.317188 0.918750 0.315625 0.915625 0.312500 0.912500 0.307812 0.909375 0.303125 0.907813 0.298438 0.903125 0.298438 0.901563 0.293750 0.896875 0.284375 0.896875 0.281250 0.898438
0 0.300000 0.943750 0.296875 0.945312 0.292187 0.948438 0.289062 0.951562 0.287500 0.954688 0.287500 0.964063 0.289062 0.971875 0.290625 0.975000 0.296875 0.982812 0.296875 0.984375 0.318750 0.985938 0.325000 0.982812 0.337500 0.968750 0.337500 0.959375 0.334375 0.953125 0.332813 0.951562 0.331250 0.951562 0.328125 0.948438 0.317188 0.943750 0.312500 0.942187 0.304688 0.942187
0 0.918750 0.700000 0.915625 0.700000 0.914062 0.698438 0.903125 0.698438 0.898438 0.703125 0.893750 0.712500 0.893750 0.717187 0.892188 0.720313 0.887500 0.721875 0.881250 0.725000 0.878125 0.728125 0.878125 0.734375 0.879687 0.739062 0.881250 0.742188 0.882812 0.743750 0.885938 0.745313 0.895312 0.745313 0.900000 0.743750 0.907813 0.740625 0.920312 0.729688 0.920312 0.728125 0.923438 0.725000 0.925000 0.720313 0.925000 0.717187 0.923438 0.712500 0.920312 0.707812 0.920312 0.703125
0 0.968750 0.682813 0.962500 0.679688 0.957812 0.678125 0.953125 0.678125 0.950000 0.679688 0.945312 0.684375 0.942187 0.685937 0.934375 0.685937 0.929688 0.689063 0.923438 0.689063 0.920312 0.692187 0.918750 0.695312 0.917188 0.700000 0.918750 0.704688 0.923438 0.714063 0.926562 0.715625 0.932813 0.717187 0.954688 0.718750 0.960938 0.718750 0.970313 0.709375 0.971875 0.706250 0.971875 0.689063
0 0.987500 0.670312 0.982812 0.671875 0.979688 0.673438 0.975000 0.676562 0.971875 0.679688 0.970313 0.682813 0.970313 0.707812 0.971875 0.710938 0.976562 0.715625 0.982812 0.720313 0.989062 0.723437 0.993750 0.725000 0.998437 0.725000 0.996875 0.671875 0.992188 0.671875 0.990625 0.670312
0 0.975000 0.420312 0.971875 0.420312 0.965625 0.421875 0.962500 0.418750 0.956250 0.423438 0.946875 0.425000 0.945312 0.428125 0.943750 0.434375 0.940625 0.435937 0.934375 0.435937 0.934375 0.442188 0.943750 0.456250 0.951562 0.464062 0.956250 0.465625 0.959375 0.465625 0.964063 0.464062 0.967187 0.462500 0.971875 0.456250 0.975000 0.451562 0.976562 0.446875 0.978125 0.440625 0.978125 0.429688 0.976562 0.423438
0 0.960938 0.492188 0.960938 0.496875 0.962500 0.500000 0.968750 0.506250 0.970313 0.509375 0.968750 0.514062 0.971875 0.520312 0.973437 0.521875 0.976562 0.523438 0.981250 0.525000 0.993750 0.525000 0.995313 0.523438 0.998437 0.523438 0.998437 0.493750 0.995313 0.495312 0.985938 0.498437 0.978125 0.496875 0.965625 0.492188
0 0.957812 0.478125 0.956250 0.484375 0.960938 0.490625 0.968750 0.493750 0.978125 0.496875 0.989062 0.496875 0.992188 0.493750 0.998437 0.492188 0.998437 0.473438 0.985938 0.471875 0.979688 0.465625 0.978125 0.460938 0.975000 0.460938 0.971875 0.464062 0.968750 0.471875 0.965625 0.475000 0.960938 0.476562
0 0.979688 0.450000 0.975000 0.456250 0.970313 0.464062 0.975000 0.465625 0.979688 0.470313 0.989062 0.475000 0.998437 0.475000 0.998437 0.448437 0.982812 0.448437