0 0.101562 0.017188 0.098437 0.020313 0.096875 0.029687 0.092188 0.039062 0.090625 0.043750 0.089063 0.051562 0.089063 0.054688 0.090625 0.068750 0.093750 0.078125 0.096875 0.084375 0.100000 0.087500 0.103125 0.089063 0.107813 0.090625 0.112500 0.090625 0.115625 0.089063 0.118750 0.085938 0.123438 0.084375 0.123438 0.081250 0.121875 0.079687 0.121875 0.075000 0.120313 0.071875 0.117188 0.068750 0.117188 0.065625 0.115625 0.062500 0.117188 0.059375 0.120313 0.054688 0.120313 0.045312 0.118750 0.043750 0.112500 0.039062 0.104688 0.028125 0.106250 0.017188
0 0.132812 0.085938 0.120313 0.085938 0.115625 0.087500 0.109375 0.090625 0.107813 0.092188 0.107813 0.093750 0.104688 0.096875 0.103125 0.104688 0.100000 0.110937 0.092188 0.118750 0.090625 0.121875 0.093750 0.126562 0.093750 0.135937 0.095312 0.140625 0.101562 0.139063 0.103125 0.139063 0.104688 0.140625 0.107813 0.146875 0.117188 0.145313 0.117188 0.143750 0.120313 0.140625 0.121875 0.140625 0.125000 0.137500 0.125000 0.131250 0.129688 0.126562 0.134375 0.125000 0.135937 0.123438 0.137500 0.120313 0.140625 0.110937 0.137500 0.106250 0.137500 0.103125 0.140625 0.098437 0.139063 0.093750 0.135937 0.089063
0 0.084375 0.067187 0.081250 0.067187 0.064062 0.073438 0.060937 0.075000 0.053125 0.082812 0.051562 0.085938 0.050000 0.092188 0.048438 0.100000 0.048438 0.103125 0.051562 0.110937 0.050000 0.114062 0.051562 0.121875 0.059375 0.129688 0.062500 0.135937 0.068750 0.142187 0.071875 0.142187 0.073438 0.139063 0.073438 0.131250 0.076563 0.125000 0.079687 0.121875 0.090625 0.121875 0.095312 0.117188 0.100000 0.115625 0.101562 0.112500 0.101562 0.107813 0.104688 0.104688 0.104688 0.100000 0.106250 0.098437 0.104688 0.093750 0.098437 0.093750 0.095312 0.092188 0.092188 0.089063 0.085938 0.087500 0.082812 0.085938 0.081250 0.082812 0.085938 0.076563
0 0.020313 0.029687 0.015625 0.034375 0.014063 0.040625 0.007812 0.048438 0.006250 0.053125 0.004687 0.056250 0.000000 0.057813 0.000000 0.092188 0.010937 0.095312 0.028125 0.096875 0.034375 0.100000 0.040625 0.100000 0.046875 0.096875 0.048438 0.093750 0.048438 0.089063 0.051562 0.082812 0.056250 0.078125 0.059375 0.073438 0.059375 0.060937 0.057813 0.057813 0.053125 0.053125 0.051562 0.050000 0.050000 0.045312 0.048438 0.035937 0.045312 0.032813 0.034375 0.032813 0.029687 0.029687
0 0.000000 0.094125 0.007328 0.092563 0.017250 0.095688 0.026672 0.096219 0.032422 0.096219 0.038703 0.097266 0.043922 0.100406 0.045500 0.104578 0.043922 0.110859 0.039750 0.114000 0.033984 0.118703 0.028766 0.123406 0.028766 0.125500 0.037125 0.128641 0.047063 0.130734 0.052297 0.133875 0.058047 0.137531 0.062750 0.141187 0.063281 0.146937 0.060656 0.151641 0.057516 0.151641 0.052812 0.151641 0.048109 0.150609 0.050203 0.155828 0.049672 0.155828 0.040781 0.155313 0.037125 0.152172 0.032937 0.149031 0.027719 0.144328 0.021438 0.142766 0.018828 0.142234 0.016734 0.145891 0.016734 0.145891 0.016734 0.146422 0.017781 0.149031 0.019344 0.152172 0.019875 0.156875 0.019875 0.162625 0.019875 0.165766 0.019344 0.170469 0.017781 0.176750 0.012031 0.183031 0.006797 0.186156 0.000000 0.188781
0 0.052547 0.158938 0.058828 0.163109 0.073469 0.172000 0.072938 0.177750 0.069812 0.179844 0.066672 0.182984 0.063531 0.187172 0.064062 0.188219 0.066672 0.187688 0.069281 0.188219 0.072938 0.190312 0.075031 0.191875 0.075563 0.195016 0.073984 0.197625 0.069281 0.200766 0.062484 0.206000 0.053594 0.212266 0.046797 0.214891 0.038437 0.214891 0.032672 0.214891 0.032672 0.209656 0.033719 0.204422 0.036344 0.200766 0.033719 0.198156 0.024313 0.196578 0.025359 0.202328 0.030594 0.209656 0.034250 0.215937 0.030594 0.231625 0.021172 0.244688 0.009672 0.250437 0.004437 0.255156 0.002344 0.255156 0.000781 0.196578 0.001297 0.196063 0.003391 0.190312 0.006531 0.185594 0.007062 0.181938 0.009672 0.179328 0.015422 0.174094 0.015953 0.173047 0.022219 0.169391 0.024313 0.166250 0.024313 0.165203 0.024313 0.160500 0.024828 0.157359 0.024828 0.155797 0.024828 0.153703 0.023266 0.150047 0.022219 0.146906 0.023266 0.145344 0.026922 0.142719 0.023953 0.149000 0.036422 0.155141 0.046594 0.157187 0.050219 0.158344
0 0.543750 0.326562 0.551562 0.340625 0.554688 0.343750 0.559375 0.346875 0.562500 0.348438 0.567187 0.350000 0.576562 0.350000 0.579688 0.348438 0.585938 0.342187 0.589063 0.337500 0.589063 0.335938 0.590625 0.334375 0.603125 0.325000 0.607812 0.325000 0.618750 0.317188 0.621875 0.312500 0.621875 0.309375 0.607812 0.307812 0.603125 0.314063 0.600000 0.309375 0.598437 0.304688 0.593750 0.300000 0.590625 0.298438 0.570312 0.298438 0.564063 0.300000 0.560937 0.301563 0.559375 0.303125 0.559375 0.304688 0.556250 0.307812 0.551562 0.309375 0.545312 0.315625 0.543750 0.318750
0 0.637500 0.320312 0.631250 0.321875 0.623437 0.326562 0.614062 0.326562 0.610938 0.328125 0.607812 0.331250 0.604688 0.332813 0.600000 0.332813 0.595313 0.334375 0.592187 0.335938 0.590625 0.337500 0.589063 0.340625 0.589063 0.348438 0.590625 0.354687 0.593750 0.364063 0.598437 0.370312 0.604688 0.376563 0.606250 0.379688 0.606250 0.384375 0.614062 0.384375 0.617188 0.387500 0.618750 0.390625 0.618750 0.393750 0.632812 0.407813 0.642188 0.407813 0.653125 0.406250 0.660937 0.398438 0.662500 0.395313 0.662500 0.392188 0.660937 0.387500 0.651563 0.368750 0.664062 0.356250 0.664062 0.350000 0.657813 0.337500 0.645312 0.323437 0.642188 0.321875
0 0.720313 0.325000 0.714063 0.326562 0.712500 0.329688 0.709375 0.340625 0.709375 0.348438 0.703125 0.354687 0.703125 0.370312 0.704688 0.390625 0.706250 0.403125 0.707812 0.407813 0.709375 0.410938 0.712500 0.414062 0.712500 0.415625 0.714063 0.417187 0.720313 0.420312 0.725000 0.418750 0.729688 0.415625 0.740625 0.415625 0.751563 0.412500 0.754687 0.410938 0.754687 0.404687 0.748437 0.400000 0.748437 0.396875 0.760938 0.385937 0.765625 0.381250 0.767188 0.378125 0.767188 0.370312 0.765625 0.365625 0.762500 0.364063 0.760938 0.364063 0.757812 0.362500 0.756250 0.356250 0.757812 0.345313 0.756250 0.342187 0.753125 0.339062 0.748437 0.337500 0.735938 0.339062 0.728125 0.339062 0.725000 0.335938 0.725000 0.329688
0 0.506250 0.360938 0.501563 0.362500 0.498437 0.365625 0.498437 0.367188 0.495312 0.370312 0.487500 0.370312 0.484375 0.371875 0.481250 0.375000 0.481250 0.376563 0.476562 0.381250 0.473438 0.385937 0.470313 0.392188 0.470313 0.395313 0.471875 0.407813 0.468750 0.410938 0.459375 0.415625 0.454688 0.420312 0.453125 0.423438 0.454688 0.428125 0.456250 0.431250 0.457813 0.432812 0.459375 0.432812 0.464062 0.435937 0.467187 0.439063 0.460938 0.445312 0.457813 0.451562 0.460938 0.454688 0.464062 0.454688 0.467187 0.450000 0.476562 0.450000 0.487500 0.446875 0.492188 0.443750 0.498437 0.437500 0.504687 0.423438 0.507812 0.420312 0.514062 0.420312 0.517188 0.417187 0.517188 0.403125 0.521875 0.393750 0.523438 0.385937 0.521875 0.378125 0.520312 0.378125 0.515625 0.375000 0.514062 0.373437 0.514062 0.371875 0.510938 0.368750 0.510938 0.365625
0 0.751563 0.453125 0.746875 0.451562 0.737500 0.451562 0.731250 0.448437 0.723437 0.450000 0.721875 0.454688 0.721875 0.465625 0.720313 0.470313 0.714063 0.476562 0.701562 0.481250 0.692187 0.490625 0.689063 0.495312 0.685937 0.501563 0.685937 0.507812 0.692187 0.514062 0.700000 0.520312 0.704688 0.523438 0.712500 0.523438 0.714063 0.521875 0.715625 0.518750 0.715625 0.515625 0.717187 0.512500 0.720313 0.509375 0.729688 0.509375 0.735938 0.507812 0.739062 0.506250 0.739062 0.498437 0.729688 0.496875 0.732812 0.492188 0.732812 0.484375 0.734375 0.481250 0.742188 0.473438 0.745313 0.471875 0.753125 0.470313 0.756250 0.467187 0.756250 0.460938 0.754687 0.456250
0 0.634375 0.476562 0.631250 0.475000 0.626563 0.471875 0.620313 0.468750 0.615625 0.467187 0.604688 0.467187 0.598437 0.468750 0.595313 0.470313 0.592187 0.473438 0.590625 0.481250 0.582812 0.489063 0.581250 0.492188 0.581250 0.503125 0.584375 0.507812 0.584375 0.512500 0.581250 0.517188 0.582812 0.520312 0.590625 0.528125 0.593750 0.529687 0.600000 0.529687 0.606250 0.528125 0.610938 0.526563 0.614062 0.525000 0.620313 0.518750 0.621875 0.515625 0.621875 0.512500 0.626563 0.507812 0.635938 0.500000 0.639062 0.495312 0.640625 0.490625 0.639062 0.487500 0.637500 0.482812
0 0.715625 0.539062 0.714063 0.535937 0.706250 0.528125 0.706250 0.525000 0.700000 0.521875 0.678125 0.506250 0.676562 0.495312 0.673438 0.493750 0.665625 0.493750 0.656250 0.496875 0.640625 0.504687 0.637500 0.509375 0.626563 0.518750 0.621875 0.526563 0.621875 0.531250 0.618750 0.535937 0.617188 0.542188 0.617188 0.551562 0.618750 0.553125 0.618750 0.556250 0.623437 0.557813 0.629687 0.556250 0.634375 0.553125 0.643750 0.564063 0.646875 0.565625 0.654687 0.567187 0.668750 0.567187 0.675000 0.564063 0.689063 0.564063 0.693750 0.562500 0.696875 0.560937 0.703125 0.553125 0.706250 0.551562 0.712500 0.551562 0.715625 0.546875
0 0.778125 0.532813 0.773438 0.537500 0.770312 0.539062 0.762500 0.540625 0.762500 0.545312 0.759375 0.551562 0.759375 0.564063 0.760938 0.571875 0.762500 0.576562 0.765625 0.581250 0.765625 0.585938 0.770312 0.595313 0.773438 0.598437 0.775000 0.603125 0.776563 0.606250 0.781250 0.607812 0.784375 0.610938 0.787500 0.612500 0.790625 0.612500 0.793750 0.615625 0.800000 0.617188 0.807813 0.617188 0.810937 0.615625 0.817187 0.610938 0.823438 0.603125 0.821875 0.600000 0.817187 0.598437 0.815625 0.592187 0.814063 0.589063 0.807813 0.582812 0.803125 0.571875 0.803125 0.564063 0.807813 0.559375 0.807813 0.554688 0.804688 0.551562 0.798438 0.551562 0.795312 0.550000 0.793750 0.543750 0.795312 0.542188 0.793750 0.534375 0.790625 0.532813
0 0.642188 0.579688 0.637500 0.578125 0.632812 0.573438 0.629687 0.571875 0.617188 0.571875 0.610938 0.576562 0.607812 0.578125 0.590625 0.579688 0.585938 0.582812 0.567187 0.601562 0.562500 0.603125 0.557813 0.607812 0.553125 0.609375 0.551562 0.614062 0.557813 0.623437 0.564063 0.629687 0.570312 0.632812 0.575000 0.634375 0.581250 0.634375 0.598437 0.629687 0.603125 0.625000 0.606250 0.623437 0.609375 0.623437 0.626563 0.614062 0.631250 0.609375 0.635938 0.603125 0.642188 0.593750 0.643750 0.587500
1 0.567187 0.384375 0.560937 0.384375 0.557813 0.385937 0.553125 0.390625 0.551562 0.390625 0.548438 0.393750 0.543750 0.403125 0.540625 0.410938 0.540625 0.414062 0.542188 0.417187 0.545312 0.420312 0.548438 0.421875 0.554688 0.421875 0.559375 0.418750 0.565625 0.414062 0.570312 0.409375 0.571875 0.404687 0.571875 0.390625 0.570312 0.387500
0 0.389062 0.487500 0.398438 0.496875 0.410938 0.496875 0.420312 0.495312 0.426563 0.493750 0.435937 0.489063 0.450000 0.475000 0.450000 0.467187 0.442188 0.465625 0.435937 0.467187 0.429688 0.470313 0.426563 0.468750 0.421875 0.465625 0.412500 0.464062 0.407813 0.465625 0.403125 0.470313 0.403125 0.471875 0.398438 0.476562 0.395313 0.476562 0.392188 0.478125 0.389062 0.481250
0 0.470313 0.473438 0.464062 0.471875 0.451562 0.475000 0.445312 0.479687 0.443750 0.481250 0.440625 0.485938 0.426563 0.500000 0.421875 0.501563 0.425000 0.509375 0.420312 0.514062 0.415625 0.517188 0.418750 0.518750 0.426563 0.520312 0.437500 0.520312 0.442188 0.518750 0.445312 0.517188 0.450000 0.512500 0.453125 0.510938 0.456250 0.510938 0.459375 0.509375 0.464062 0.506250 0.471875 0.498437 0.475000 0.492188 0.475000 0.489063 0.473438 0.487500 0.471875 0.476562
0 0.501641 0.491500 0.501641 0.497750 0.504766 0.500875 0.511016 0.500875 0.515703 0.504000 0.525078 0.513375 0.528203 0.514938 0.531328 0.514938 0.537578 0.521188 0.540703 0.522750 0.546953 0.522750 0.561016 0.508687 0.562578 0.505563 0.562578 0.500875 0.561016 0.497750 0.554766 0.496188 0.545391 0.491500 0.539141 0.485250 0.515703 0.483687 0.509453 0.483687
0 0.526563 0.437203 0.521875 0.437203 0.518750 0.438766 0.512500 0.445016 0.496875 0.445016 0.493750 0.446578 0.485938 0.452828 0.476562 0.452828 0.473438 0.454391 0.467187 0.460641 0.467187 0.466891 0.468750 0.470016 0.471875 0.473141 0.475000 0.479391 0.476562 0.487203 0.476562 0.504391 0.481250 0.509078 0.481250 0.510641 0.484375 0.513766 0.487500 0.513766 0.490625 0.512203 0.495312 0.509078 0.500000 0.502828 0.501563 0.501266 0.500234 0.491328 0.506281 0.485766 0.512875 0.482750 0.525000 0.485641 0.528125 0.484078 0.535937 0.482516 0.540625 0.473141 0.540625 0.454391 0.539062 0.451266 0.537500 0.449703 0.531250 0.445016 0.531250 0.441891
0 0.390625 0.517188 0.385937 0.517188 0.382812 0.520312 0.379688 0.520312 0.376563 0.523438 0.375000 0.523438 0.373437 0.525000 0.371875 0.528125 0.370312 0.532813 0.368750 0.543750 0.365625 0.545312 0.362500 0.545312 0.359375 0.546875 0.357812 0.548438 0.356250 0.551562 0.356250 0.557813 0.357812 0.560937 0.365625 0.564063 0.368750 0.567187 0.371875 0.568750 0.378125 0.568750 0.384375 0.565625 0.395313 0.554688 0.396875 0.550000 0.401562 0.545312 0.401562 0.542188 0.400000 0.534375 0.396875 0.525000 0.395313 0.521875
0 0.317188 0.559375 0.314063 0.560937 0.312500 0.562500 0.310937 0.565625 0.310937 0.576562 0.312500 0.581250 0.312500 0.587500 0.310937 0.589063 0.306250 0.590625 0.300000 0.596875 0.298438 0.600000 0.296875 0.606250 0.298438 0.609375 0.306250 0.615625 0.309375 0.618750 0.309375 0.625000 0.307812 0.626563 0.312500 0.631250 0.315625 0.631250 0.321875 0.628125 0.335938 0.614062 0.337500 0.610938 0.339062 0.595313 0.343750 0.585938 0.343750 0.573438 0.342187 0.570312 0.332813 0.568750 0.326562 0.560937
0 0.354687 0.590625 0.346875 0.590625 0.343750 0.592187 0.342187 0.593750 0.340625 0.596875 0.340625 0.607812 0.339062 0.612500 0.331250 0.620313 0.328125 0.625000 0.326562 0.632812 0.325000 0.645312 0.325000 0.648438 0.328125 0.651563 0.329688 0.651563 0.334375 0.657813 0.332813 0.662500 0.335938 0.662500 0.337500 0.664062 0.345313 0.665625 0.348438 0.664062 0.353125 0.659375 0.353125 0.656250 0.360938 0.646875 0.362500 0.643750 0.365625 0.629687 0.365625 0.621875 0.368750 0.617188 0.368750 0.607812 0.367188 0.603125
0 0.378125 0.570312 0.373437 0.571875 0.371875 0.576562 0.371875 0.581250 0.368750 0.589063 0.365625 0.590625 0.362500 0.590625 0.360938 0.595313 0.362500 0.598437 0.367188 0.603125 0.368750 0.609375 0.368750 0.620313 0.371875 0.621875 0.378125 0.623437 0.376563 0.629687 0.381250 0.634375 0.382812 0.639062 0.389062 0.639062 0.393750 0.632812 0.396875 0.628125 0.401562 0.618750 0.401562 0.603125 0.398438 0.595313 0.392188 0.582812 0.382812 0.573438
0 0.740625 0.704688 0.740625 0.714063 0.742188 0.718750 0.743750 0.721875 0.750000 0.725000 0.754687 0.725000 0.762500 0.731250 0.765625 0.732812 0.770312 0.734375 0.775000 0.734375 0.787500 0.732812 0.792188 0.731250 0.795312 0.729688 0.795312 0.723437 0.789062 0.715625 0.785937 0.712500 0.779687 0.712500 0.776563 0.710938 0.773438 0.707812 0.773438 0.704688 0.770312 0.701562 0.765625 0.701562 0.764062 0.703125 0.760938 0.703125 0.756250 0.700000 0.750000 0.700000 0.743750 0.701562
0 0.740625 0.653125 0.737500 0.653125 0.729688 0.650000 0.710938 0.640625 0.707812 0.640625 0.703125 0.642188 0.682813 0.650000 0.679688 0.653125 0.678125 0.656250 0.678125 0.660937 0.679688 0.665625 0.682813 0.668750 0.684375 0.671875 0.684375 0.679688 0.685937 0.682813 0.696875 0.684375 0.704688 0.682813 0.710938 0.678125 0.725000 0.678125 0.732812 0.676562 0.735938 0.675000 0.739062 0.671875 0.742188 0.662500
0 0.776563 0.642188 0.771875 0.640625 0.764062 0.640625 0.757812 0.642188 0.754687 0.643750 0.746875 0.648438 0.742188 0.653125 0.740625 0.656250 0.740625 0.659375 0.743750 0.665625 0.742188 0.671875 0.743750 0.675000 0.746875 0.678125 0.759375 0.678125 0.760938 0.673438 0.765625 0.668750 0.767188 0.664062 0.773438 0.656250 0.771875 0.650000 0.775000 0.646875
0 0.742188 0.675000 0.740625 0.675000 0.737500 0.673438 0.726562 0.673438 0.710938 0.675000 0.707812 0.676562 0.700000 0.682813 0.695312 0.682813 0.693750 0.684375 0.690625 0.684375 0.690625 0.700000 0.692187 0.706250 0.695312 0.709375 0.698438 0.707812 0.706250 0.703125 0.712500 0.701562 0.725000 0.701562 0.731250 0.698438 0.735938 0.693750 0.737500 0.690625 0.739062 0.684375 0.743750 0.679688
0 0.089063 0.481250 0.085938 0.478125 0.076563 0.478125 0.070312 0.482812 0.067187 0.484375 0.062500 0.484375 0.054688 0.492188 0.039062 0.493750 0.039062 0.500000 0.040625 0.504687 0.046875 0.510938 0.051562 0.512500 0.056250 0.512500 0.057813 0.514062 0.060937 0.514062 0.064062 0.510938 0.067187 0.509375 0.075000 0.507812 0.078125 0.504687 0.078125 0.501563 0.084375 0.493750 0.085938 0.490625 0.085938 0.487500
0 0.110937 0.475000 0.110937 0.482812 0.112500 0.490625 0.114062 0.493750 0.123438 0.503125 0.126562 0.504687 0.135937 0.506250 0.139063 0.507812 0.146875 0.514062 0.151562 0.514062 0.171875 0.510938 0.171875 0.500000 0.168750 0.496875 0.162500 0.496875 0.159375 0.495312 0.154688 0.490625 0.153125 0.484375 0.148438 0.481250 0.118750 0.482812 0.115625 0.479687 0.115625 0.478125
0 0.134375 0.518750 0.125000 0.520312 0.120313 0.528125 0.115625 0.532813 0.109375 0.535937 0.109375 0.545312 0.110937 0.556250 0.112500 0.560937 0.114062 0.564063 0.126562 0.576562 0.129688 0.576562 0.134375 0.581250 0.139063 0.581250 0.143750 0.576562 0.148438 0.575000 0.151562 0.571875 0.153125 0.568750 0.153125 0.560937 0.154688 0.557813 0.159375 0.551562 0.157812 0.537500 0.150000 0.535937 0.146875 0.534375 0.140625 0.528125 0.139063 0.523438
0 0.121875 0.514062 0.118750 0.512500 0.112500 0.517188 0.106250 0.517188 0.103125 0.518750 0.101562 0.526563 0.100000 0.529687 0.093750 0.531250 0.092188 0.529687 0.087500 0.529687 0.082812 0.531250 0.079687 0.532813 0.079687 0.542188 0.082812 0.542188 0.085938 0.545312 0.087500 0.550000 0.092188 0.554688 0.098437 0.554688 0.107813 0.551562 0.107813 0.537500 0.112500 0.532813 0.114062 0.532813 0.118750 0.528125 0.120313 0.525000 0.120313 0.521875 0.125000 0.517188
0 0.142187 0.518750 0.142187 0.523438 0.143750 0.528125 0.148438 0.532813 0.151562 0.534375 0.156250 0.535937 0.165625 0.535937 0.168750 0.534375 0.178125 0.525000 0.179688 0.521875 0.175000 0.514062 0.170313 0.509375 0.150000 0.510938 0.146875 0.512500
0 0.143750 0.642188 0.145313 0.656250 0.135937 0.656250 0.131250 0.659375 0.128125 0.662500 0.125000 0.667188 0.125000 0.671875 0.126562 0.675000 0.129688 0.678125 0.129688 0.684375 0.128125 0.685937 0.128125 0.692187 0.129688 0.695312 0.135937 0.701562 0.139063 0.703125 0.151562 0.703125 0.157812 0.700000 0.167187 0.703125 0.168750 0.703125 0.178125 0.692187 0.182812 0.682813 0.184375 0.678125 0.184375 0.670312 0.181250 0.656250 0.179688 0.653125 0.175000 0.651563 0.168750 0.651563 0.162500 0.645312 0.153125 0.640625
0 0.157812 0.585938 0.153125 0.584375 0.145313 0.584375 0.139063 0.585938 0.129688 0.590625 0.125000 0.593750 0.118750 0.600000 0.118750 0.603125 0.117188 0.606250 0.114062 0.609375 0.110937 0.609375 0.107813 0.612500 0.107813 0.615625 0.109375 0.620313 0.112500 0.623437 0.110937 0.635938 0.110937 0.643750 0.112500 0.646875 0.115625 0.651563 0.120313 0.656250 0.123438 0.657813 0.128125 0.657813 0.131250 0.656250 0.134375 0.653125 0.135937 0.650000 0.137500 0.643750 0.140625 0.637500 0.142187 0.635938 0.143750 0.635938 0.146875 0.634375 0.154688 0.637500 0.162500 0.635938 0.164062 0.631250 0.164062 0.626563 0.159375 0.615625 0.162500 0.612500 0.164062 0.607812 0.164062 0.592187
0 0.134375 0.729688 0.134375 0.734375 0.128125 0.740625 0.126562 0.743750 0.126562 0.746875 0.129688 0.750000 0.145313 0.756250 0.148438 0.757812 0.156250 0.764062 0.159375 0.767188 0.160938 0.773438 0.164062 0.776563 0.168750 0.776563 0.176563 0.771875 0.181250 0.771875 0.185938 0.773438 0.190625 0.773438 0.192188 0.768750 0.192188 0.765625 0.190625 0.762500 0.184375 0.754687 0.181250 0.751563 0.178125 0.750000 0.171875 0.748437 0.168750 0.746875 0.164062 0.742188 0.156250 0.739062 0.151562 0.734375 0.142187 0.729688
0 0.240625 0.704688 0.235937 0.703125 0.226562 0.704688 0.218750 0.714063 0.214062 0.718750 0.206250 0.720313 0.193750 0.726562 0.192188 0.732812 0.195312 0.737500 0.193750 0.746875 0.193750 0.751563 0.195312 0.756250 0.198437 0.759375 0.203125 0.759375 0.206250 0.757812 0.210938 0.753125 0.215625 0.753125 0.218750 0.751563 0.226562 0.746875 0.226562 0.743750 0.232813 0.739062 0.235937 0.732812 0.235937 0.728125 0.240625 0.725000 0.240625 0.718750 0.242188 0.717187 0.242188 0.707812
0 0.275000 0.729688 0.250000 0.729688 0.246875 0.726562 0.242188 0.725000 0.239344 0.730406 0.237891 0.733750 0.232813 0.737500 0.232813 0.740625 0.220312 0.753125 0.220312 0.756250 0.218750 0.759375 0.220312 0.762500 0.223438 0.764062 0.234375 0.764062 0.240625 0.762500 0.250000 0.753125 0.253125 0.751563 0.257812 0.751563 0.265625 0.748437 0.265625 0.746875 0.268750 0.743750 0.270313 0.739062 0.275000 0.734375
0 0.217188 0.562500 0.214062 0.564063 0.210938 0.575000 0.210938 0.584375 0.207813 0.589063 0.204687 0.592187 0.198437 0.590625 0.200000 0.587500 0.195312 0.589063 0.195312 0.595313 0.190625 0.601562 0.189062 0.604688 0.189062 0.614062 0.185938 0.617188 0.193750 0.618750 0.196875 0.620313 0.200000 0.623437 0.201563 0.628125 0.204687 0.629687 0.209375 0.629687 0.214062 0.626563 0.218750 0.625000 0.228125 0.625000 0.232813 0.626563 0.235937 0.629687 0.243750 0.628125 0.243750 0.595313 0.237500 0.584375 0.237500 0.576562 0.228125 0.567187 0.223438 0.567187 0.220312 0.564063
0 0.176563 0.559375 0.173437 0.562500 0.171875 0.567187 0.170313 0.601562 0.170313 0.606250 0.171875 0.612500 0.173437 0.615625 0.179688 0.620313 0.189062 0.617188 0.187500 0.612500 0.190625 0.609375 0.190625 0.601562 0.198437 0.593750 0.203125 0.587500 0.204687 0.590625 0.204687 0.585938 0.210938 0.579688 0.212500 0.575000 0.196875 0.575000 0.195312 0.576562 0.192188 0.576562 0.189062 0.573438 0.187500 0.570312 0.185938 0.564063 0.179688 0.559375
0 0.300000 0.665625 0.292187 0.665625 0.284375 0.668750 0.275000 0.675000 0.267188 0.682813 0.262500 0.689063 0.260937 0.693750 0.260937 0.707812 0.264062 0.717187 0.267188 0.723437 0.271875 0.723437 0.273438 0.720313 0.273438 0.715625 0.276562 0.712500 0.282813 0.709375 0.284375 0.706250 0.285938 0.696875 0.292187 0.690625 0.296875 0.689063 0.295312 0.684375 0.301563 0.678125 0.303125 0.675000 0.303125 0.668750
0 0.007812 0.570312 0.004687 0.581250 0.000000 0.581250 0.000000 0.623437 0.004687 0.626563 0.014063 0.626563 0.015625 0.625000 0.025000 0.625000 0.028125 0.628125 0.032813 0.629687 0.032813 0.626563 0.034375 0.621875 0.039062 0.617188 0.040625 0.614062 0.040625 0.595313 0.039062 0.590625 0.035937 0.585938 0.031250 0.579688 0.026562 0.575000 0.021875 0.571875 0.018750 0.570312 0.012500 0.568750 0.009375 0.570312
0 0.000000 0.760938 0.000000 0.781250 0.004687 0.782813 0.009375 0.781250 0.012500 0.782813 0.017188 0.787500 0.021875 0.790625 0.029687 0.790625 0.035937 0.787500 0.039062 0.784375 0.042188 0.782813 0.054688 0.781250 0.051562 0.775000 0.042188 0.765625 0.035937 0.762500 0.031250 0.760938
0 0.029687 0.860938 0.032813 0.867188 0.039062 0.865625 0.048438 0.876563 0.051562 0.879687 0.054688 0.881250 0.060937 0.882812 0.067187 0.882812 0.071875 0.881250 0.076563 0.878125 0.082812 0.878125 0.089063 0.876563 0.095312 0.873437 0.098437 0.870313 0.098437 0.862500 0.096875 0.853125 0.093750 0.850000 0.087500 0.850000 0.082812 0.853125 0.064062 0.848437 0.060937 0.846875 0.054688 0.840625 0.051562 0.839063 0.048438 0.840625 0.048438 0.845313 0.046875 0.848437 0.037500 0.850000 0.034375 0.853125
0 0.034375 0.873437 0.029687 0.868750 0.026562 0.867188 0.020313 0.865625 0.009375 0.870313 0.000000 0.870313 0.000000 0.892188 0.004687 0.892188 0.012500 0.889062 0.023438 0.882812 0.028125 0.882812 0.031250 0.881250 0.034375 0.878125
0 0.075000 0.900000 0.071875 0.904687 0.071875 0.912500 0.076563 0.921875 0.076563 0.926562 0.071875 0.932813 0.070312 0.935937 0.070312 0.945312 0.076563 0.951562 0.079687 0.953125 0.089063 0.953125 0.095312 0.956250 0.103125 0.956250 0.106250 0.959375 0.110937 0.959375 0.114062 0.957812 0.115625 0.954688 0.118750 0.950000 0.120313 0.945312 0.118750 0.939063 0.121875 0.935937 0.121875 0.928125 0.120313 0.926562 0.120313 0.918750 0.117188 0.917188 0.112500 0.915625 0.112500 0.907813 0.110937 0.903125 0.109375 0.900000 0.106250 0.898438 0.101562 0.904687 0.100000 0.906250 0.098437 0.906250 0.095312 0.907813 0.090625 0.903125 0.087500 0.901563 0.082812 0.900000
0 0.132812 0.898438 0.126562 0.900000 0.120313 0.907813 0.118750 0.910937 0.118750 0.915625 0.114062 0.918750 0.114062 0.921875 0.115625 0.923438 0.115625 0.926562 0.118750 0.928125 0.118750 0.935937 0.126562 0.934375 0.132812 0.939063 0.137500 0.939063 0.139063 0.934375 0.142187 0.931250 0.143750 0.931250 0.146875 0.928125 0.146875 0.917188 0.143750 0.912500 0.145313 0.906250 0.145313 0.903125 0.142187 0.900000
0 0.146875 0.942187 0.143750 0.940625 0.137500 0.940625 0.129688 0.948438 0.125000 0.950000 0.120313 0.953125 0.110937 0.962500 0.106250 0.964063 0.101562 0.968750 0.100000 0.971875 0.100000 0.985938 0.104688 0.992188 0.103125 0.996875 0.098437 0.998437 0.153125 0.998437 0.153125 0.987500 0.157812 0.979688 0.159375 0.973437 0.159375 0.957812 0.157812 0.954688 0.153125 0.953125 0.150000 0.951562 0.148438 0.945312
0 0.078125 0.953125 0.071875 0.957812 0.071875 0.987500 0.075000 0.993750 0.079687 0.998437 0.092188 0.998437 0.089063 0.992188 0.089063 0.981250 0.090625 0.978125 0.093750 0.975000 0.095312 0.971875 0.096875 0.962500 0.095312 0.956250 0.092188 0.954688 0.087500 0.953125
0 0.000000 0.921875 0.000000 0.968750 0.003125 0.970313 0.003125 0.975000 0.004687 0.978125 0.007812 0.981250 0.007812 0.982812 0.009375 0.984375 0.012500 0.985938 0.023438 0.985938 0.026562 0.984375 0.040625 0.971875 0.042188 0.959375 0.046875 0.950000 0.046875 0.946875 0.043750 0.942187 0.037500 0.935937 0.035937 0.932813 0.035937 0.923438 0.032813 0.921875 0.023438 0.921875 0.018750 0.918750 0.012500 0.918750 0.006250 0.921875
0 0.043750 0.967187 0.040625 0.968750 0.039062 0.970313 0.039062 0.971875 0.029687 0.981250 0.025000 0.984375 0.018750 0.985938 0.010937 0.985938 0.004687 0.984375 0.003125 0.982812 0.000000 0.982812 0.000000 0.998437 0.043750 0.998437 0.045312 0.995313
0 0.460938 0.760938 0.451562 0.754687 0.448437 0.753125 0.435937 0.753125 0.426563 0.756250 0.420312 0.759375 0.412500 0.767188 0.409375 0.773438 0.407813 0.778125 0.407813 0.785937 0.409375 0.792188 0.410938 0.796875 0.412500 0.800000 0.417187 0.806250 0.418750 0.807813 0.421875 0.809375 0.439063 0.809375 0.443750 0.807813 0.446875 0.806250 0.451562 0.801562 0.453125 0.796875 0.451562 0.789062 0.451562 0.784375 0.454688 0.781250 0.459375 0.779687 0.465625 0.773438 0.465625 0.768750 0.464062 0.764062
0 0.496875 0.721875 0.489063 0.721875 0.484375 0.723437 0.475000 0.731250 0.471875 0.734375 0.470313 0.737500 0.465625 0.751563 0.465625 0.767188 0.468750 0.776563 0.471875 0.784375 0.473438 0.787500 0.482812 0.796875 0.485938 0.798438 0.489063 0.798438 0.492188 0.796875 0.493750 0.793750 0.492188 0.781250 0.492188 0.778125 0.498437 0.771875 0.503125 0.762500 0.503125 0.754687 0.501563 0.751563 0.492188 0.742188 0.490625 0.734375 0.492188 0.731250 0.496875 0.725000
0 0.334375 0.662500 0.325000 0.670312 0.321875 0.676562 0.321875 0.685937 0.323437 0.693750 0.325000 0.696875 0.331250 0.703125 0.334375 0.707812 0.335938 0.710938 0.334375 0.720313 0.334375 0.723437 0.335938 0.726562 0.340625 0.731250 0.353125 0.731250 0.356250 0.729688 0.362500 0.725000 0.368750 0.718750 0.371875 0.718750 0.376563 0.706250 0.376563 0.703125 0.375000 0.700000 0.370312 0.693750 0.367188 0.685937 0.365625 0.676562 0.362500 0.671875 0.357812 0.667188 0.353125 0.665625 0.348438 0.667188
0 0.292187 0.692187 0.290625 0.695312 0.292187 0.701562 0.295312 0.703125 0.300000 0.703125 0.304688 0.704688 0.310937 0.710938 0.317188 0.714063 0.328125 0.714063 0.331250 0.709375 0.329688 0.706250 0.317188 0.692187 0.310937 0.687500 0.307812 0.685937 0.304688 0.685937
0 0.396875 0.665625 0.395313 0.668750 0.393750 0.673438 0.409375 0.673438 0.412500 0.675000 0.414062 0.676562 0.417187 0.682813 0.417187 0.687500 0.421875 0.692187 0.432812 0.698438 0.442188 0.700000 0.448437 0.703125 0.451562 0.707812 0.454688 0.709375 0.467187 0.707812 0.465625 0.704688 0.462500 0.701562 0.460938 0.696875 0.464062 0.692187 0.464062 0.687500 0.467187 0.684375 0.471875 0.682813 0.471875 0.679688 0.475000 0.676562 0.481250 0.676562 0.481250 0.673438 0.476562 0.668750 0.476562 0.662500 0.475000 0.660937 0.475000 0.657813 0.471875 0.656250 0.464062 0.656250 0.459375 0.654687 0.456250 0.653125 0.450000 0.646875 0.448437 0.642188 0.445312 0.639062 0.437500 0.637500 0.434375 0.637500 0.432812 0.639062 0.421875 0.640625 0.418750 0.642188 0.415625 0.646875 0.415625 0.651563 0.414062 0.654687 0.410938 0.657813 0.407813 0.659375 0.401562 0.660937
0 0.379688 0.676562 0.375000 0.681250 0.371875 0.689063 0.371875 0.693750 0.375000 0.701562 0.375000 0.707812 0.371875 0.712500 0.371875 0.720313 0.373437 0.723437 0.376563 0.725000 0.381250 0.725000 0.385937 0.728125 0.407813 0.734375 0.414062 0.734375 0.418750 0.732812 0.428125 0.728125 0.439063 0.720313 0.443750 0.710938 0.442188 0.706250 0.442188 0.701562 0.439063 0.700000 0.429688 0.696875 0.426563 0.695312 0.421875 0.692187 0.415625 0.685937 0.410938 0.678125 0.409375 0.673438 0.400000 0.673438 0.395313 0.670312 0.389062 0.676562
0 0.773438 0.865625 0.773438 0.867188 0.770312 0.871875 0.764062 0.878125 0.764062 0.884375 0.770312 0.896875 0.773438 0.901563 0.779687 0.904687 0.782813 0.904687 0.790625 0.909375 0.795312 0.910937 0.807813 0.910937 0.810937 0.907813 0.812500 0.904687 0.812500 0.896875 0.809375 0.890625 0.806250 0.887500 0.803125 0.881250 0.803125 0.876563 0.804688 0.875000 0.804688 0.871875 0.795312 0.864062 0.792188 0.862500 0.779687 0.862500
0 0.754687 0.915625 0.754687 0.921875 0.756250 0.925000 0.764062 0.932813 0.776563 0.940625 0.779687 0.942187 0.787500 0.942187 0.796875 0.937500 0.800000 0.934375 0.806250 0.931250 0.812500 0.929688 0.821875 0.928125 0.823438 0.925000 0.823438 0.920312 0.812500 0.920312 0.809375 0.917188 0.809375 0.915625 0.806250 0.912500 0.798438 0.912500 0.793750 0.910937 0.784375 0.906250 0.776563 0.904687 0.773438 0.904687 0.767188 0.907813 0.764062 0.912500 0.757812 0.915625
0 0.790625 0.940625 0.789062 0.948438 0.792188 0.954688 0.792188 0.962500 0.789062 0.970313 0.790625 0.976562 0.792188 0.979688 0.795312 0.982812 0.800000 0.984375 0.806250 0.985938 0.812500 0.985938 0.818750 0.989062 0.825000 0.990625 0.832812 0.990625 0.840625 0.989062 0.848437 0.981250 0.850000 0.976562 0.848437 0.953125 0.845313 0.950000 0.840625 0.950000 0.837500 0.946875 0.835938 0.939063 0.834375 0.935937 0.828125 0.932813 0.821875 0.931250 0.809375 0.931250 0.804688 0.932813 0.801562 0.934375 0.795312 0.939063 0.793750 0.939063
0 0.850000 0.950000 0.850000 0.953125 0.848437 0.954688 0.848437 0.965625 0.850000 0.970313 0.854688 0.975000 0.860938 0.979688 0.864062 0.981250 0.878125 0.981250 0.882812 0.979688 0.889062 0.973437 0.890625 0.968750 0.889062 0.965625 0.887500 0.964063 0.882812 0.962500 0.879687 0.959375 0.876563 0.953125 0.871875 0.950000 0.868750 0.948438 0.859375 0.946875 0.854688 0.946875
0 0.732812 0.967187 0.731250 0.970313 0.731250 0.976562 0.734375 0.995313 0.735938 0.995313 0.739062 0.998437 0.779687 0.998437 0.779687 0.995313 0.778125 0.984375 0.781250 0.981250 0.781250 0.970313 0.779687 0.967187 0.775000 0.962500 0.765625 0.962500 0.760938 0.965625 0.754687 0.965625 0.750000 0.960938 0.743750 0.960938 0.734375 0.965625
1 0.454688 0.596875 0.451562 0.595313 0.442188 0.595313 0.439063 0.596875 0.431250 0.604688 0.429688 0.607812 0.429688 0.620313 0.432812 0.623437 0.443750 0.623437 0.450000 0.621875 0.453125 0.618750 0.454688 0.618750 0.456250 0.617188 0.459375 0.609375 0.457813 0.601562 0.456250 0.598437
0 0.471875 0.520312 0.467187 0.525000 0.465625 0.528125 0.464062 0.535937 0.459375 0.540625 0.454688 0.542188 0.451562 0.545312 0.451562 0.554688 0.454688 0.559375 0.460938 0.565625 0.464062 0.576562 0.465625 0.579688 0.468750 0.582812 0.471875 0.584375 0.482812 0.584375 0.489063 0.581250 0.496875 0.581250 0.517188 0.582812 0.520312 0.579688 0.521875 0.576562 0.523438 0.567187 0.520312 0.557813 0.520312 0.554688 0.528125 0.546875 0.532813 0.545312 0.535937 0.539062 0.535937 0.529687 0.534375 0.523438 0.532813 0.520312 0.518750 0.518750 0.509375 0.523438 0.504687 0.520312 0.492188 0.518750 0.475000 0.518750
0 0.623437 0.746875 0.618750 0.750000 0.604688 0.750000 0.601562 0.751563 0.584375 0.770312 0.579688 0.775000 0.575000 0.775000 0.573438 0.776563 0.570312 0.778125 0.576562 0.781250 0.585938 0.792188 0.592187 0.793750 0.595313 0.790625 0.604688 0.789062 0.607812 0.787500 0.612500 0.782813 0.618750 0.782813 0.623437 0.781250 0.626563 0.778125 0.625000 0.775000 0.629687 0.768750 0.626563 0.764062 0.626563 0.753125
0 0.623437 0.740625 0.621875 0.737500 0.620313 0.735938 0.617188 0.734375 0.600000 0.729688 0.593750 0.729688 0.575000 0.732812 0.570312 0.740625 0.564063 0.746875 0.560937 0.748437 0.554688 0.750000 0.548438 0.748437 0.545312 0.750000 0.537500 0.757812 0.535937 0.760938 0.535937 0.765625 0.539062 0.767188 0.543750 0.768750 0.550000 0.768750 0.553125 0.770312 0.557813 0.775000 0.564063 0.778125 0.575000 0.779687 0.578125 0.778125 0.584375 0.771875 0.589063 0.770312 0.593750 0.765625 0.601562 0.762500 0.603125 0.757812 0.606250 0.756250 0.615625 0.753125 0.618750 0.748437 0.623437 0.746875
0 0.531984 0.713375 0.531984 0.716500 0.535109 0.719625 0.549859 0.726234 0.546625 0.746859 0.554609 0.748406 0.564375 0.744500 0.578000 0.732031 0.571047 0.716500 0.569484 0.711812 0.567922 0.708688 0.560109 0.696187 0.558547 0.694625 0.555422 0.693063 0.552297 0.693063 0.549172 0.694625 0.546047 0.697750 0.546047 0.700875 0.542922 0.704000 0.538234 0.707125 0.536672 0.707125 0.535109 0.708688 0.535109 0.710250
0 0.571875 0.650000 0.568750 0.648438 0.565625 0.648438 0.562500 0.651563 0.557813 0.653125 0.546875 0.654687 0.537500 0.654687 0.528125 0.656250 0.525000 0.659375 0.525000 0.660937 0.520312 0.665625 0.517188 0.670312 0.515625 0.673438 0.514062 0.678125 0.514062 0.700000 0.515625 0.704688 0.517188 0.707812 0.523438 0.707812 0.528125 0.704688 0.532813 0.704688 0.534375 0.706250 0.537500 0.706250 0.539062 0.704688 0.543750 0.704688 0.548438 0.700000 0.556250 0.695312 0.559375 0.695312 0.562500 0.690625 0.567187 0.689063 0.568750 0.687500 0.570312 0.684375 0.570312 0.675000 0.571875 0.671875 0.576562 0.667188 0.576562 0.657813 0.575000 0.654687
0 0.518750 0.626563 0.512500 0.626563 0.506250 0.628125 0.492188 0.632812 0.485938 0.635938 0.476562 0.645312 0.475000 0.653125 0.475000 0.656250 0.478125 0.665625 0.476562 0.670312 0.473438 0.671875 0.473438 0.676562 0.484375 0.676562 0.489063 0.673438 0.495312 0.667188 0.504687 0.667188 0.507812 0.665625 0.510938 0.662500 0.510938 0.656250 0.512500 0.651563 0.514062 0.648438 0.518750 0.643750 0.523438 0.642188 0.523438 0.632812 0.521875 0.629687
0 0.487500 0.584375 0.481250 0.587500 0.481250 0.590625 0.479687 0.592187 0.479687 0.604688 0.481250 0.612500 0.484375 0.621875 0.487500 0.628125 0.490625 0.631250 0.495312 0.631250 0.501563 0.628125 0.512500 0.623437 0.515625 0.620313 0.517188 0.620313 0.520312 0.614062 0.520312 0.607812 0.518750 0.604688 0.514062 0.600000 0.507812 0.596875 0.496875 0.585938 0.493750 0.584375
0 0.560937 0.540625 0.550000 0.539062 0.546875 0.540625 0.540625 0.545312 0.539062 0.546875 0.534375 0.556250 0.531250 0.557813 0.528125 0.562500 0.526563 0.567187 0.526563 0.571875 0.525000 0.576562 0.521875 0.579688 0.520312 0.582812 0.520312 0.587500 0.523438 0.593750 0.525000 0.600000 0.528125 0.596875 0.545312 0.596875 0.550000 0.598437 0.553125 0.601562 0.557813 0.601562 0.562500 0.600000 0.568750 0.596875 0.568750 0.595313 0.571875 0.592187 0.571875 0.579688 0.570312 0.573438 0.568750 0.568750 0.564063 0.564063 0.562500 0.560937 0.562500 0.543750
0 0.523438 0.593750 0.523438 0.596875 0.521875 0.598437 0.523438 0.612500 0.521875 0.623437 0.523438 0.628125 0.528125 0.634375 0.528125 0.650000 0.529687 0.646875 0.530375 0.653234 0.537578 0.652609 0.544234 0.651531 0.554641 0.651344 0.567891 0.645016 0.556250 0.635938 0.556250 0.632812 0.554688 0.629687 0.556250 0.621875 0.551562 0.617188 0.548438 0.610938 0.550578 0.602469 0.534375 0.600000 0.531250 0.600000 0.528125 0.596875 0.528125 0.593750
1 0.082812 0.617188 0.082812 0.625000 0.085938 0.628125 0.089063 0.629687 0.103125 0.628125 0.103125 0.625000 0.101562 0.623437 0.101562 0.618750 0.100000 0.615625 0.096875 0.612500 0.092188 0.610938 0.087500 0.612500
1 0.087500 0.643750 0.085938 0.645312 0.084375 0.648438 0.084375 0.651563 0.085938 0.654687 0.089063 0.657813 0.098437 0.657813 0.103125 0.653125 0.101562 0.648438 0.095312 0.642188 0.090625 0.642188
1 0.192188 0.929688 0.190625 0.932813 0.190625 0.937500 0.192188 0.942187 0.193750 0.945312 0.206250 0.946875 0.209375 0.945312 0.210938 0.942187 0.210938 0.934375 0.209375 0.931250 0.204687 0.926562 0.198437 0.926562
0 0.407813 0.781250 0.401562 0.781250 0.396875 0.784375 0.389062 0.784375 0.385937 0.787500 0.379688 0.795312 0.378125 0.803125 0.378125 0.809375 0.379688 0.812500 0.382812 0.810937 0.387500 0.809375 0.410938 0.807813 0.410938 0.789062
1 0.168750 0.920312 0.165625 0.923438 0.165625 0.928125 0.167187 0.931250 0.170313 0.932813 0.173437 0.932813 0.178125 0.928125 0.178125 0.923438 0.175000 0.920312
1 0.210938 0.921875 0.209375 0.925000 0.209375 0.928125 0.210938 0.931250 0.214062 0.934375 0.217188 0.934375 0.220312 0.932813 0.221875 0.929688 0.221875 0.926562 0.220312 0.923438
0 0.015625 0.635938 0.009375 0.635938 0.007812 0.634375 0.000000 0.634375 0.000000 0.692187 0.006250 0.689063 0.009375 0.689063 0.012500 0.687500 0.014063 0.682813 0.010937 0.679688 0.014063 0.676562 0.018750 0.675000 0.020313 0.673438 0.021875 0.670312 0.020313 0.664062 0.014063 0.660937 0.020313 0.657813 0.021875 0.650000 0.018750 0.646875 0.017188 0.639062
0 0.070312 0.575000 0.067187 0.573438 0.059375 0.575000 0.054688 0.576562 0.051562 0.578125 0.050000 0.579688 0.046875 0.585938 0.046875 0.590625 0.043750 0.593750 0.042188 0.601562 0.043750 0.604688 0.046875 0.607812 0.054688 0.607812 0.057813 0.606250 0.065625 0.600000 0.068750 0.596875 0.071875 0.592187 0.073438 0.589063 0.073438 0.585938 0.071875 0.584375 0.071875 0.579688 0.070312 0.578125
0 0.035937 0.682813 0.029687 0.682813 0.028125 0.684375 0.025000 0.684375 0.025000 0.690625 0.028125 0.700000 0.031250 0.703125 0.031250 0.710938 0.029687 0.714063 0.023438 0.721875 0.023438 0.726562 0.026562 0.726562 0.029687 0.725000 0.035937 0.718750 0.039062 0.712500 0.045312 0.706250 0.048438 0.700000 0.048438 0.692187 0.046875 0.689063 0.040625 0.685937
0 0.051562 0.693750 0.053125 0.700000 0.060937 0.700000 0.062500 0.701562 0.070312 0.700000 0.070312 0.693750 0.068750 0.690625 0.065625 0.689063 0.053125 0.690625
0 0.009375 0.401562 0.000000 0.401562 0.000000 0.439063 0.006250 0.437500 0.007812 0.434375 0.007812 0.417187 0.017188 0.409375 0.017188 0.404687 0.014063 0.403125