0 0.048438 0.139063 0.045312 0.140625 0.039062 0.146875 0.035937 0.146875 0.032813 0.148438 0.031250 0.150000 0.031250 0.151562 0.028125 0.154688 0.026562 0.157812 0.026562 0.176563 0.028125 0.179688 0.035937 0.187500 0.040625 0.190625 0.045312 0.192188 0.053125 0.192188 0.060937 0.196875 0.070312 0.196875 0.073438 0.195312 0.075000 0.193750 0.078125 0.187500 0.079687 0.182812 0.081250 0.171875 0.082812 0.170313 0.082812 0.167187 0.081250 0.162500 0.079687 0.159375 0.076563 0.156250 0.071875 0.153125 0.070312 0.153125 0.068750 0.151562 0.067187 0.148438 0.067187 0.145313 0.065625 0.142187 0.059375 0.139063
0 0.000000 0.209375 0.000000 0.240625 0.006250 0.240625 0.012500 0.242188 0.017188 0.245312 0.021875 0.246875 0.035937 0.246875 0.037500 0.243750 0.039062 0.235937 0.043750 0.234375 0.046875 0.231250 0.048438 0.228125 0.046875 0.223438 0.039062 0.215625 0.034375 0.212500 0.031250 0.210938 0.026562 0.209375 0.020313 0.207813
0 0.417187 0.307812 0.414062 0.310937 0.412500 0.314063 0.412500 0.329688 0.414062 0.335938 0.415625 0.340625 0.417187 0.343750 0.420312 0.346875 0.425000 0.348438 0.429688 0.353125 0.432812 0.360938 0.439063 0.367188 0.443750 0.370312 0.448437 0.371875 0.454688 0.373437 0.462500 0.373437 0.465625 0.371875 0.465625 0.360938 0.462500 0.353125 0.462500 0.345313 0.460938 0.340625 0.454688 0.334375 0.450000 0.332813 0.445312 0.328125 0.443750 0.321875 0.439063 0.317188 0.432812 0.314063 0.425000 0.306250 0.420312 0.306250
0 0.454688 0.400000 0.451562 0.400000 0.446875 0.401562 0.443750 0.403125 0.435937 0.410938 0.432812 0.415625 0.432812 0.417187 0.431250 0.418750 0.429688 0.418750 0.426563 0.421875 0.418750 0.425000 0.415625 0.426563 0.414062 0.434375 0.410938 0.437500 0.410938 0.443750 0.414062 0.445312 0.421875 0.448437 0.425000 0.451562 0.431250 0.459375 0.435937 0.460938 0.443750 0.457813 0.445312 0.454688 0.459375 0.448437 0.464062 0.445312 0.467187 0.442188 0.470313 0.434375 0.467187 0.431250 0.465625 0.431250 0.460938 0.426563 0.460938 0.420312 0.457813 0.414062 0.457813 0.409375 0.459375 0.407813 0.457813 0.401562
0 0.385937 0.454688 0.385937 0.460938 0.387500 0.465625 0.392188 0.470313 0.403125 0.473438 0.412500 0.471875 0.417187 0.471875 0.426563 0.473438 0.434375 0.470313 0.434375 0.467187 0.432812 0.464062 0.425000 0.456250 0.425000 0.454688 0.418750 0.448437 0.415625 0.446875 0.406250 0.446875 0.400000 0.450000 0.390625 0.450000
0 0.328125 0.460938 0.328125 0.464062 0.331250 0.467187 0.345313 0.478125 0.354687 0.484375 0.357812 0.485938 0.365625 0.485938 0.373437 0.481250 0.382812 0.482812 0.387500 0.482812 0.390625 0.481250 0.390625 0.475000 0.389062 0.471875 0.379688 0.462500 0.376563 0.460938 0.367188 0.457813 0.345313 0.456250 0.335938 0.456250 0.331250 0.457813
0 0.292187 0.476562 0.292187 0.481250 0.298438 0.487500 0.301563 0.489063 0.312500 0.490625 0.317188 0.492188 0.321875 0.495312 0.332813 0.506250 0.335938 0.507812 0.345313 0.507812 0.350000 0.503125 0.350000 0.500000 0.348438 0.496875 0.339062 0.487500 0.326562 0.478125 0.312500 0.468750 0.309375 0.467187 0.303125 0.467187 0.300000 0.468750
0 0.471875 0.434375 0.471875 0.439063 0.473438 0.443750 0.476562 0.448437 0.479687 0.451562 0.482812 0.453125 0.489063 0.453125 0.504687 0.459375 0.518750 0.459375 0.525000 0.456250 0.529687 0.451562 0.531250 0.448437 0.531250 0.445312 0.526563 0.443750 0.521875 0.445312 0.518750 0.443750 0.515625 0.440625 0.512500 0.439063 0.490625 0.429688 0.484375 0.429688 0.482812 0.431250 0.475000 0.431250
0 0.362500 0.550000 0.360938 0.553125 0.360938 0.559375 0.362500 0.562500 0.365625 0.567187 0.373437 0.575000 0.375000 0.587500 0.379688 0.598437 0.381250 0.610938 0.389062 0.610938 0.393750 0.609375 0.396875 0.607812 0.400000 0.604688 0.410938 0.600000 0.414062 0.600000 0.417187 0.603125 0.418750 0.607812 0.425000 0.607812 0.431250 0.603125 0.435937 0.598437 0.435937 0.595313 0.432812 0.590625 0.432812 0.578125 0.429688 0.571875 0.429688 0.565625 0.426563 0.559375 0.415625 0.551562 0.412500 0.550000 0.406250 0.550000 0.396875 0.556250 0.393750 0.556250 0.381250 0.548438 0.375000 0.546875 0.365625 0.546875
0 0.435937 0.575000 0.432812 0.579688 0.432812 0.592187 0.435937 0.596875 0.440625 0.600000 0.440625 0.603125 0.439063 0.614062 0.440625 0.618750 0.445312 0.623437 0.450000 0.626563 0.453125 0.628125 0.467187 0.626563 0.475000 0.626563 0.481250 0.629687 0.490625 0.629687 0.495312 0.626563 0.498437 0.623437 0.500000 0.620313 0.500000 0.610938 0.504687 0.600000 0.504687 0.595313 0.495312 0.585938 0.478125 0.573438 0.468750 0.567187 0.462500 0.564063 0.454688 0.565625 0.453125 0.570312 0.446875 0.573438 0.439063 0.573438
0 0.543750 0.626563 0.543750 0.634375 0.550000 0.640625 0.554688 0.642188 0.560937 0.640625 0.560937 0.635938 0.559375 0.632812 0.550000 0.626563
0 0.526563 0.590625 0.528125 0.593750 0.534375 0.600000 0.539062 0.603125 0.546875 0.607812 0.557813 0.612500 0.565625 0.618750 0.568750 0.620313 0.575000 0.618750 0.575000 0.614062 0.573438 0.610938 0.570312 0.607812 0.568750 0.604688 0.568750 0.587500 0.565625 0.578125 0.564063 0.575000 0.559375 0.570312 0.553125 0.570312 0.545312 0.579688 0.543750 0.581250 0.540625 0.582812 0.537500 0.582812 0.531250 0.585938
0 0.509375 0.598437 0.506250 0.601562 0.506250 0.615625 0.503125 0.621875 0.503125 0.625000 0.504687 0.626563 0.504687 0.631250 0.507812 0.635938 0.510938 0.639062 0.515625 0.642188 0.525000 0.645312 0.531250 0.645312 0.537500 0.648438 0.543750 0.648438 0.543750 0.642188 0.539062 0.637500 0.537500 0.634375 0.537500 0.623437 0.534375 0.617188 0.529687 0.612500 0.520312 0.604688 0.515625 0.601562
0 0.535937 0.462500 0.535937 0.471875 0.532813 0.479687 0.532813 0.484375 0.535937 0.490625 0.535937 0.496875 0.523438 0.509375 0.517188 0.512500 0.512500 0.517188 0.510938 0.520312 0.512500 0.525000 0.517188 0.529687 0.520312 0.537500 0.528125 0.545312 0.532813 0.548438 0.537500 0.550000 0.545312 0.550000 0.546875 0.551562 0.553125 0.551562 0.556250 0.550000 0.557813 0.548438 0.557813 0.546875 0.560937 0.543750 0.565625 0.543750 0.571875 0.546875 0.584375 0.546875 0.585938 0.543750 0.585938 0.540625 0.582812 0.534375 0.579688 0.531250 0.576562 0.525000 0.575000 0.517188 0.575000 0.514062 0.576562 0.504687 0.579688 0.500000 0.579688 0.493750 0.578125 0.490625 0.575000 0.487500 0.568750 0.487500 0.562500 0.485938 0.557813 0.481250 0.556250 0.478125 0.556250 0.475000 0.553125 0.470313 0.548438 0.465625 0.540625 0.460938
0 0.482812 0.454688 0.478125 0.464062 0.478125 0.476562 0.481250 0.482812 0.487500 0.489063 0.492188 0.490625 0.500000 0.492188 0.515625 0.492188 0.528125 0.485938 0.518750 0.479687 0.517188 0.464062 0.514062 0.460938 0.510938 0.459375 0.504687 0.457813 0.490625 0.453125
0 0.373437 0.651563 0.370312 0.660937 0.371875 0.667188 0.375000 0.673438 0.387500 0.685937 0.390625 0.692187 0.396875 0.692187 0.400000 0.689063 0.403125 0.687500 0.410938 0.685937 0.412500 0.682813 0.412500 0.673438 0.407813 0.664062 0.404687 0.659375 0.401562 0.656250 0.395313 0.653125 0.390625 0.653125 0.385937 0.650000 0.376563 0.650000
0 0.403125 0.639062 0.404687 0.646875 0.398438 0.651563 0.396875 0.656250 0.401562 0.660937 0.406250 0.662500 0.409375 0.665625 0.415625 0.679688 0.417187 0.681250 0.418750 0.681250 0.421875 0.684375 0.425000 0.685937 0.431250 0.687500 0.437500 0.685937 0.440625 0.682813 0.443750 0.681250 0.454688 0.681250 0.459375 0.678125 0.464062 0.673438 0.464062 0.664062 0.462500 0.659375 0.459375 0.654687 0.456250 0.651563 0.451562 0.648438 0.445312 0.645312 0.431250 0.640625 0.423438 0.640625 0.415625 0.637500
0 0.504687 0.659375 0.500000 0.654687 0.492188 0.654687 0.487500 0.656250 0.481250 0.659375 0.471875 0.667188 0.465625 0.675000 0.457813 0.679688 0.448437 0.689063 0.445312 0.703125 0.445312 0.707812 0.448437 0.710938 0.456250 0.714063 0.459375 0.714063 0.475000 0.704688 0.478125 0.703125 0.481250 0.703125 0.487500 0.700000 0.492188 0.696875 0.504687 0.687500 0.509375 0.682813 0.512500 0.678125 0.512500 0.675000 0.510938 0.671875 0.504687 0.665625
0 0.828125 0.332813 0.825000 0.334375 0.823438 0.335938 0.823438 0.337500 0.820312 0.340625 0.814063 0.340625 0.806250 0.343750 0.803125 0.345313 0.800000 0.348438 0.800000 0.356250 0.801562 0.359375 0.806250 0.365625 0.807813 0.368750 0.804688 0.373437 0.804688 0.381250 0.806250 0.384375 0.810937 0.389062 0.815625 0.389062 0.821875 0.392188 0.826562 0.396875 0.835938 0.396875 0.839063 0.393750 0.840625 0.393750 0.842187 0.392188 0.842187 0.390625 0.845313 0.385937 0.851562 0.379688 0.856250 0.378125 0.857812 0.376563 0.859375 0.373437 0.859375 0.357812 0.857812 0.354687 0.848437 0.346875 0.845313 0.339062 0.842187 0.335938 0.839063 0.334375 0.832812 0.332813
0 0.823438 0.410938 0.825000 0.415625 0.828125 0.418750 0.829688 0.423438 0.829688 0.431250 0.831250 0.434375 0.839063 0.442188 0.840625 0.446875 0.842187 0.450000 0.843750 0.451562 0.851562 0.456250 0.865625 0.456250 0.871875 0.453125 0.878125 0.451562 0.884375 0.451562 0.884375 0.434375 0.882812 0.425000 0.881250 0.420312 0.875000 0.412500 0.865625 0.403125 0.857812 0.400000 0.837500 0.400000 0.832812 0.406250 0.831250 0.407813
0 0.879687 0.320312 0.876563 0.325000 0.871875 0.334375 0.870313 0.353125 0.871875 0.356250 0.875000 0.359375 0.885938 0.364063 0.895312 0.371875 0.898438 0.373437 0.901563 0.373437 0.907813 0.370312 0.917188 0.370312 0.920312 0.368750 0.926562 0.362500 0.928125 0.359375 0.929688 0.353125 0.929688 0.342187 0.928125 0.339062 0.918750 0.329688 0.917188 0.325000 0.912500 0.320312 0.909375 0.318750 0.893750 0.318750 0.892188 0.320312
0 0.845313 0.289062 0.845313 0.301563 0.851562 0.314063 0.853125 0.315625 0.854688 0.315625 0.856250 0.317188 0.857812 0.320312 0.857812 0.326562 0.859375 0.329688 0.860938 0.331250 0.864062 0.332813 0.868750 0.331250 0.868750 0.329688 0.876563 0.323437 0.876563 0.321875 0.879687 0.318750 0.898438 0.318750 0.912500 0.315625 0.915625 0.309375 0.915625 0.300000 0.914062 0.296875 0.912500 0.295312 0.909375 0.293750 0.900000 0.295312 0.892188 0.287500 0.887500 0.285938 0.879687 0.284375 0.871875 0.284375 0.868750 0.285938 0.864062 0.290625 0.859375 0.290625 0.854688 0.287500
0 0.951562 0.317188 0.950000 0.332813 0.954688 0.340625 0.954688 0.345313 0.957812 0.351562 0.962500 0.356250 0.975000 0.367188 0.978125 0.368750 0.987500 0.370312 0.996875 0.368750 0.998437 0.364063 0.998437 0.351562 0.995313 0.348438 0.995313 0.345313 0.992188 0.340625 0.985938 0.334375 0.985938 0.326562 0.982812 0.323437 0.970313 0.317188 0.965625 0.315625 0.954688 0.315625
0 0.675000 0.751563 0.676562 0.762500 0.673438 0.765625 0.671875 0.765625 0.668750 0.781250 0.668750 0.793750 0.670312 0.798438 0.682813 0.810937 0.685937 0.817187 0.689063 0.820312 0.695312 0.823438 0.706250 0.825000 0.712500 0.825000 0.718750 0.820312 0.721875 0.818750 0.731250 0.818750 0.737500 0.817187 0.740625 0.814063 0.742188 0.795312 0.742188 0.773438 0.740625 0.767188 0.737500 0.762500 0.737500 0.757812 0.734375 0.754687 0.723437 0.751563 0.718750 0.751563 0.709375 0.756250 0.704688 0.754687 0.684375 0.750000
0 0.743750 0.743750 0.742188 0.745313 0.740625 0.748437 0.740625 0.762500 0.743750 0.773438 0.743750 0.790625 0.746875 0.793750 0.754687 0.793750 0.771875 0.798438 0.776563 0.803125 0.782813 0.806250 0.795312 0.806250 0.800000 0.804688 0.806250 0.801562 0.807813 0.800000 0.809375 0.796875 0.809375 0.789062 0.806250 0.784375 0.800000 0.778125 0.800000 0.773438 0.804688 0.764062 0.804688 0.759375 0.803125 0.750000 0.800000 0.746875 0.800000 0.739062 0.798438 0.735938 0.796875 0.734375 0.790625 0.731250 0.785937 0.731250 0.784375 0.729688 0.781250 0.729688 0.776563 0.731250 0.773438 0.732812 0.770312 0.739062 0.767188 0.742188 0.760938 0.742188 0.759375 0.740625 0.754687 0.740625 0.753125 0.742188 0.746875 0.742188
0 0.842187 0.703125 0.832812 0.701562 0.820312 0.703125 0.817187 0.704688 0.812500 0.709375 0.812500 0.710938 0.806250 0.717187 0.804688 0.721875 0.804688 0.726562 0.801562 0.729688 0.801562 0.748437 0.806250 0.757812 0.806250 0.762500 0.803125 0.767188 0.803125 0.779687 0.807813 0.784375 0.820312 0.784375 0.825000 0.782813 0.839063 0.775000 0.845313 0.775000 0.848437 0.773438 0.851562 0.770312 0.856250 0.760938 0.857812 0.756250 0.857812 0.735938 0.854688 0.728125 0.854688 0.720313 0.853125 0.715625 0.850000 0.709375 0.845313 0.704688
0 0.856250 0.700000 0.853125 0.703125 0.851562 0.706250 0.851562 0.712500 0.853125 0.714063 0.853125 0.721875 0.857812 0.734375 0.859375 0.743750 0.859375 0.753125 0.862500 0.757812 0.867188 0.760938 0.870313 0.760938 0.876563 0.765625 0.879687 0.767188 0.885938 0.768750 0.893750 0.768750 0.900000 0.771875 0.906250 0.771875 0.904687 0.759375 0.907813 0.753125 0.910937 0.750000 0.912500 0.746875 0.914062 0.742188 0.914062 0.732812 0.912500 0.729688 0.907813 0.723437 0.903125 0.718750 0.898438 0.717187 0.890625 0.715625 0.887500 0.714063 0.882812 0.710938 0.871875 0.700000 0.868750 0.698438 0.859375 0.698438
0 0.870313 0.779687 0.870313 0.789062 0.873437 0.795312 0.873437 0.810937 0.876563 0.817187 0.876563 0.825000 0.878125 0.831250 0.889062 0.842187 0.895312 0.845313 0.900000 0.845313 0.901563 0.846875 0.904687 0.846875 0.907813 0.845313 0.909375 0.842187 0.910937 0.835938 0.910937 0.829688 0.909375 0.826562 0.901563 0.818750 0.896875 0.812500 0.896875 0.806250 0.898438 0.790625 0.896875 0.787500 0.892188 0.782813 0.887500 0.781250 0.879687 0.778125
0 0.793750 0.809375 0.779687 0.823438 0.776563 0.829688 0.775000 0.834375 0.776563 0.843750 0.781250 0.848437 0.787500 0.851562 0.793750 0.853125 0.796875 0.854688 0.800000 0.859375 0.804688 0.862500 0.818750 0.862500 0.829688 0.860938 0.832812 0.857812 0.834375 0.854688 0.835938 0.848437 0.840625 0.842187 0.842187 0.839063 0.842187 0.828125 0.839063 0.825000 0.839063 0.821875 0.837500 0.818750 0.834375 0.815625 0.832812 0.815625 0.828125 0.810937 0.818750 0.806250 0.809375 0.806250 0.798438 0.807813
0 0.842187 0.846875 0.840625 0.850000 0.837500 0.860938 0.837500 0.868750 0.835938 0.873437 0.832812 0.876563 0.832812 0.887500 0.835938 0.893750 0.840625 0.893750 0.846875 0.890625 0.857812 0.884375 0.864062 0.882812 0.868750 0.882812 0.885938 0.895312 0.889062 0.896875 0.892188 0.896875 0.895312 0.895312 0.900000 0.890625 0.906250 0.879687 0.906250 0.870313 0.904687 0.865625 0.901563 0.860938 0.890625 0.854688 0.885938 0.850000 0.884375 0.843750 0.881250 0.839063 0.878125 0.835938 0.875000 0.834375 0.867188 0.834375 0.864062 0.835938 0.857812 0.842187 0.854688 0.843750 0.848437 0.843750
0 0.868750 0.884375 0.862500 0.884375 0.856250 0.885938 0.840625 0.893750 0.834375 0.898438 0.831250 0.903125 0.829688 0.907813 0.823438 0.914062 0.821875 0.917188 0.820312 0.921875 0.818750 0.932813 0.815625 0.937500 0.815625 0.943750 0.818750 0.948438 0.828125 0.957812 0.832812 0.957812 0.835938 0.954688 0.835938 0.953125 0.840625 0.948438 0.843750 0.942187 0.859375 0.926562 0.870313 0.923438 0.885938 0.923438 0.889062 0.921875 0.890625 0.918750 0.890625 0.914062 0.889062 0.910937 0.885938 0.907813 0.884375 0.904687 0.884375 0.900000 0.881250 0.893750 0.879687 0.892188
0 0.720313 0.882812 0.720313 0.892188 0.721875 0.896875 0.726562 0.903125 0.731250 0.907813 0.732812 0.907813 0.735938 0.910937 0.739062 0.917188 0.739062 0.921875 0.740625 0.925000 0.746875 0.931250 0.751563 0.934375 0.756250 0.935937 0.762500 0.935937 0.765625 0.934375 0.770312 0.931250 0.776563 0.925000 0.776563 0.923438 0.782813 0.917188 0.796875 0.915625 0.796875 0.910937 0.793750 0.900000 0.792188 0.896875 0.787500 0.890625 0.781250 0.884375 0.776563 0.881250 0.762500 0.873437 0.753125 0.870313 0.740625 0.870313 0.732812 0.871875 0.728125 0.873437 0.725000 0.875000 0.723437 0.876563
0 0.684375 0.853125 0.684375 0.859375 0.682813 0.862500 0.678125 0.867188 0.673438 0.878125 0.675000 0.885938 0.676562 0.885938 0.679688 0.889062 0.684375 0.890625 0.690625 0.896875 0.695312 0.900000 0.701562 0.903125 0.712500 0.904687 0.715625 0.904687 0.718750 0.903125 0.720313 0.900000 0.720313 0.871875 0.717187 0.865625 0.715625 0.864062 0.714063 0.864062 0.710938 0.860938 0.707812 0.859375 0.690625 0.853125
0 0.664062 0.931250 0.665625 0.934375 0.671875 0.940625 0.675000 0.945312 0.675000 0.946875 0.681250 0.950000 0.701562 0.950000 0.709375 0.948438 0.714063 0.945312 0.723437 0.943750 0.726562 0.945312 0.732812 0.950000 0.737500 0.950000 0.737500 0.946875 0.735938 0.943750 0.731250 0.937500 0.723437 0.929688 0.707812 0.921875 0.696875 0.918750 0.690625 0.917188 0.682813 0.917188 0.678125 0.918750 0.675000 0.920312
0 0.507812 0.548438 0.507812 0.559375 0.514062 0.567187 0.514062 0.570312 0.509375 0.573438 0.507812 0.578125 0.512500 0.582812 0.517188 0.585938 0.523438 0.589063 0.528125 0.589063 0.534375 0.582812 0.534375 0.573438 0.532813 0.568750 0.529687 0.562500 0.523438 0.551562 0.520312 0.548438 0.515625 0.546875