1 0.159375 0.262500 0.157812 0.265625 0.157812 0.273438 0.160938 0.282813 0.162500 0.285938 0.165625 0.289062 0.171875 0.292187 0.184375 0.292187 0.189062 0.290625 0.193750 0.287500 0.201563 0.285938 0.201563 0.278125 0.200000 0.275000 0.196875 0.270313 0.189062 0.262500 0.182812 0.259375 0.176563 0.257812 0.171875 0.257812 0.170313 0.259375 0.164062 0.259375 0.160938 0.260937
1 0.145313 0.375000 0.140625 0.376563 0.137500 0.378125 0.134375 0.387500 0.135937 0.392188 0.140625 0.396875 0.145313 0.396875 0.146875 0.398438 0.150000 0.398438 0.154688 0.396875 0.157812 0.395313 0.162500 0.390625 0.162500 0.382812 0.156250 0.376563 0.151562 0.375000
1 0.115625 0.398438 0.106250 0.398438 0.100000 0.401562 0.093750 0.406250 0.090625 0.412500 0.090625 0.418750 0.092188 0.421875 0.098437 0.428125 0.101562 0.429688 0.106250 0.431250 0.110937 0.431250 0.117188 0.429688 0.121875 0.426563 0.126562 0.421875 0.126562 0.412500 0.121875 0.403125 0.118750 0.400000
1 0.000000 0.379688 0.000000 0.403125 0.007812 0.403125 0.012500 0.401562 0.015625 0.400000 0.020313 0.396875 0.021875 0.393750 0.021875 0.385937 0.017188 0.381250 0.012500 0.379688
0 0.076563 0.351562 0.073438 0.350000 0.070312 0.350000 0.064062 0.353125 0.057813 0.353125 0.053125 0.356250 0.048438 0.357812 0.045312 0.357812 0.043750 0.356250 0.040625 0.356250 0.037500 0.359375 0.037500 0.364063 0.035937 0.368750 0.032813 0.373437 0.034375 0.376563 0.040625 0.382812 0.045312 0.384375 0.048438 0.387500 0.048438 0.392188 0.051562 0.395313 0.070312 0.395313 0.076563 0.393750 0.078125 0.392188 0.081250 0.392188 0.082812 0.387500 0.081250 0.384375 0.085938 0.379688 0.087500 0.368750 0.087500 0.364063 0.084375 0.360938 0.082812 0.360938 0.079687 0.357812 0.078125 0.353125
0 0.181250 0.314063 0.176563 0.314063 0.171875 0.317188 0.160938 0.326562 0.157812 0.329688 0.156250 0.332813 0.157812 0.346875 0.157812 0.351562 0.153125 0.354687 0.151562 0.360938 0.154688 0.364063 0.160938 0.367188 0.184375 0.367188 0.187500 0.365625 0.198437 0.354687 0.200000 0.351562 0.200000 0.342187 0.198437 0.328125 0.196875 0.325000 0.192188 0.320312 0.187500 0.317188
0 0.209375 0.331250 0.206250 0.332813 0.201563 0.337500 0.200000 0.342187 0.200000 0.348438 0.201563 0.353125 0.206250 0.357812 0.210938 0.359375 0.217188 0.360938 0.221875 0.360938 0.225000 0.359375 0.231250 0.353125 0.232813 0.350000 0.234375 0.345313 0.231250 0.339062 0.226562 0.334375 0.220312 0.331250
0 0.234375 0.350000 0.229687 0.357812 0.228125 0.362500 0.228125 0.375000 0.234375 0.381250 0.243750 0.385937 0.250000 0.387500 0.257812 0.387500 0.262500 0.385937 0.267188 0.381250 0.271875 0.379688 0.275000 0.375000 0.278125 0.368750 0.278125 0.364063 0.275000 0.357812 0.268750 0.351562 0.262500 0.348438 0.256250 0.346875 0.248438 0.346875 0.246875 0.345313 0.240625 0.345313 0.237500 0.346875
0 0.260937 0.323437 0.259375 0.326562 0.259375 0.334375 0.260937 0.340625 0.265625 0.346875 0.270313 0.351562 0.276562 0.354687 0.282813 0.360938 0.295312 0.359375 0.304688 0.360938 0.310937 0.360938 0.317188 0.359375 0.320312 0.357812 0.321875 0.356250 0.325000 0.350000 0.325000 0.331250 0.323437 0.326562 0.321875 0.323437 0.312500 0.314063 0.307812 0.312500 0.303125 0.306250 0.300000 0.304688 0.295312 0.304688 0.282813 0.310937 0.276562 0.317188 0.273438 0.318750 0.265625 0.318750
0 0.235937 0.257812 0.235937 0.268750 0.232813 0.278125 0.232813 0.289062 0.234375 0.293750 0.235937 0.296875 0.237500 0.298438 0.239063 0.298438 0.242188 0.301563 0.246875 0.303125 0.270313 0.303125 0.281250 0.306250 0.287500 0.304688 0.292187 0.303125 0.295312 0.301563 0.301563 0.295312 0.303125 0.292187 0.303125 0.287500 0.298438 0.279687 0.292187 0.273438 0.287500 0.270313 0.279687 0.268750 0.276562 0.265625 0.276562 0.260937 0.275000 0.257812 0.265625 0.251563 0.262500 0.250000 0.256250 0.248438 0.246875 0.248438 0.243750 0.250000
0 0.385937 0.232813 0.382812 0.235937 0.382812 0.243750 0.384375 0.250000 0.385937 0.254688 0.393750 0.262500 0.398438 0.265625 0.414062 0.265625 0.421875 0.257812 0.423438 0.254688 0.423438 0.237500 0.421875 0.234375 0.420312 0.232813 0.417187 0.231250 0.412500 0.229687 0.392188 0.229687
0 0.490625 0.206250 0.487500 0.204687 0.479687 0.203125 0.464062 0.203125 0.459375 0.200000 0.454688 0.198437 0.450000 0.198437 0.443750 0.200000 0.440625 0.203125 0.439063 0.206250 0.439063 0.210938 0.437500 0.215625 0.432812 0.220312 0.429688 0.220312 0.426563 0.221875 0.423438 0.225000 0.423438 0.232813 0.426563 0.240625 0.426563 0.243750 0.425000 0.256250 0.428125 0.259375 0.432812 0.260937 0.439063 0.262500 0.450000 0.262500 0.460938 0.257812 0.465625 0.256250 0.475000 0.246875 0.478125 0.245312 0.482812 0.245312 0.487500 0.243750 0.495312 0.237500 0.496875 0.237500 0.498437 0.235937 0.500000 0.232813 0.500000 0.229687 0.498437 0.226562 0.492188 0.223438 0.495312 0.212500 0.493750 0.209375
0 0.415625 0.271875 0.415625 0.282813 0.420312 0.287500 0.425000 0.287500 0.434375 0.285938 0.446875 0.282813 0.450000 0.281250 0.451562 0.275000 0.450000 0.270313 0.446875 0.267188 0.443750 0.265625 0.439063 0.264062 0.432812 0.262500 0.423438 0.262500 0.418750 0.265625
0 0.451562 0.279687 0.442188 0.279687 0.434375 0.281250 0.425000 0.284375 0.421875 0.285938 0.418750 0.289062 0.417187 0.289062 0.415625 0.290625 0.414062 0.293750 0.414062 0.301563 0.417187 0.309375 0.415625 0.312500 0.414062 0.314063 0.412500 0.314063 0.410938 0.315625 0.409375 0.318750 0.409375 0.328125 0.412500 0.334375 0.418750 0.339062 0.421875 0.340625 0.426563 0.342187 0.432812 0.343750 0.442188 0.345313 0.450000 0.343750 0.453125 0.342187 0.464062 0.334375 0.471875 0.326562 0.473438 0.323437 0.476562 0.314063 0.476562 0.306250 0.475000 0.303125 0.471875 0.300000 0.470313 0.296875 0.470313 0.293750 0.467187 0.287500 0.465625 0.285938 0.457813 0.281250
0 0.426563 0.368750 0.428125 0.381250 0.431250 0.382812 0.440625 0.385937 0.440625 0.392188 0.465625 0.392188 0.468750 0.390625 0.471875 0.387500 0.475000 0.381250 0.475000 0.373437 0.473438 0.368750 0.470313 0.365625 0.470313 0.364063 0.468750 0.362500 0.462500 0.359375 0.446875 0.357812 0.442188 0.357812 0.435937 0.359375
0 0.489063 0.270313 0.489063 0.282813 0.490625 0.295312 0.492188 0.303125 0.493750 0.306250 0.496875 0.309375 0.501563 0.312500 0.509375 0.314063 0.525000 0.312500 0.528125 0.312500 0.539062 0.314063 0.542188 0.310937 0.543750 0.306250 0.546875 0.304688 0.550000 0.301563 0.551562 0.298438 0.551562 0.292187 0.548438 0.284375 0.545312 0.281250 0.543750 0.281250 0.539062 0.276562 0.535937 0.270313 0.528125 0.262500 0.523438 0.259375 0.520312 0.257812 0.514062 0.257812 0.510938 0.259375 0.506250 0.262500 0.503125 0.265625 0.503125 0.267188 0.498437 0.268750 0.493750 0.268750
0 0.515625 0.220312 0.514062 0.223438 0.514062 0.232813 0.515625 0.234375 0.515625 0.245312 0.517188 0.250000 0.520312 0.253125 0.523438 0.254688 0.529687 0.254688 0.532813 0.250000 0.535937 0.248438 0.543750 0.246875 0.567187 0.248438 0.567187 0.240625 0.564063 0.234375 0.556250 0.226562 0.553125 0.225000 0.543750 0.223438 0.535937 0.215625 0.529687 0.214062 0.521875 0.215625 0.518750 0.218750 0.517188 0.218750
0 0.529687 0.253125 0.528125 0.256250 0.529687 0.262500 0.534375 0.264062 0.540625 0.268750 0.546875 0.275000 0.551562 0.285938 0.556250 0.290625 0.559375 0.298438 0.562500 0.300000 0.568750 0.300000 0.575000 0.298438 0.578125 0.296875 0.582812 0.292187 0.584375 0.285938 0.582812 0.270313 0.581250 0.267188 0.576562 0.262500 0.576562 0.259375 0.575000 0.256250 0.567187 0.248438 0.562500 0.246875 0.545312 0.246875 0.535937 0.248438 0.532813 0.250000
0 0.576562 0.303125 0.571875 0.301563 0.567187 0.301563 0.557813 0.306250 0.551562 0.312500 0.546875 0.314063 0.543750 0.315625 0.542188 0.337500 0.543750 0.342187 0.545312 0.345313 0.548438 0.346875 0.556250 0.346875 0.559375 0.345313 0.565625 0.339062 0.571875 0.335938 0.578125 0.334375 0.582812 0.331250 0.587500 0.325000 0.589063 0.320312 0.589063 0.317188 0.587500 0.314063 0.584375 0.309375
0 0.604688 0.339062 0.600000 0.335938 0.596875 0.334375 0.592187 0.332813 0.579688 0.332813 0.570312 0.335938 0.565625 0.339062 0.559375 0.343750 0.557813 0.346875 0.554688 0.348438 0.546875 0.350000 0.546875 0.354687 0.550000 0.357812 0.550000 0.359375 0.551562 0.360938 0.559375 0.367188 0.571875 0.373437 0.576562 0.375000 0.582812 0.375000 0.587500 0.370312 0.592187 0.370312 0.598437 0.367188 0.607812 0.357812 0.610938 0.351562 0.610938 0.346875 0.609375 0.343750
0 0.632812 0.414062 0.632812 0.418750 0.643750 0.429688 0.646875 0.431250 0.668750 0.431250 0.681250 0.429688 0.687500 0.425000 0.690625 0.425000 0.693750 0.423438 0.695312 0.418750 0.698438 0.415625 0.700000 0.412500 0.700000 0.406250 0.696875 0.400000 0.692187 0.395313 0.671875 0.392188 0.662500 0.392188 0.657813 0.393750 0.653125 0.398438 0.651563 0.403125 0.646875 0.407813 0.642188 0.407813 0.635938 0.410938
1 0.673438 0.426563 0.662500 0.428125 0.657813 0.432812 0.654687 0.437500 0.650000 0.451562 0.653125 0.457813 0.654687 0.459375 0.660937 0.464062 0.665625 0.465625 0.676562 0.465625 0.681250 0.464062 0.687500 0.460938 0.690625 0.457813 0.692187 0.457813 0.695312 0.451562 0.695312 0.442188 0.693750 0.439063 0.690625 0.435937 0.681250 0.429688 0.678125 0.428125
1 0.742188 0.454688 0.739062 0.453125 0.729688 0.453125 0.721875 0.456250 0.712500 0.460938 0.710938 0.462500 0.709375 0.465625 0.709375 0.471875 0.710938 0.475000 0.714063 0.479687 0.718750 0.484375 0.721875 0.485938 0.732812 0.485938 0.737500 0.484375 0.742188 0.481250 0.748437 0.475000 0.750000 0.471875 0.750000 0.467187 0.748437 0.460938
1 0.765625 0.467187 0.762500 0.470313 0.759375 0.475000 0.759375 0.478125 0.762500 0.484375 0.768750 0.490625 0.773438 0.492188 0.784375 0.492188 0.787500 0.490625 0.792188 0.487500 0.795312 0.481250 0.795312 0.473438 0.793750 0.470313 0.787500 0.464062 0.782813 0.462500 0.778125 0.462500 0.768750 0.465625
1 0.718750 0.501563 0.718750 0.517188 0.720313 0.520312 0.723437 0.523438 0.726562 0.525000 0.731250 0.526563 0.745313 0.526563 0.748437 0.525000 0.753125 0.520312 0.754687 0.517188 0.756250 0.512500 0.756250 0.503125 0.751563 0.498437 0.748437 0.496875 0.725000 0.496875 0.721875 0.498437
1 0.681250 0.504687 0.679688 0.507812 0.679688 0.515625 0.681250 0.520312 0.684375 0.526563 0.685937 0.528125 0.689063 0.529687 0.704688 0.529687 0.710938 0.526563 0.714063 0.523438 0.715625 0.520312 0.715625 0.510938 0.714063 0.506250 0.710938 0.503125 0.709375 0.503125 0.704688 0.498437 0.690625 0.498437 0.684375 0.501563
1 0.660937 0.539062 0.659375 0.542188 0.659375 0.553125 0.660937 0.556250 0.665625 0.560937 0.668750 0.562500 0.673438 0.564063 0.679688 0.564063 0.685937 0.560937 0.689063 0.557813 0.692187 0.551562 0.692187 0.546875 0.690625 0.543750 0.684375 0.537500 0.679688 0.534375 0.673438 0.534375 0.668750 0.537500
0 0.667188 0.496875 0.664062 0.496875 0.648438 0.498437 0.645312 0.500000 0.642188 0.503125 0.640625 0.506250 0.640625 0.517188 0.643750 0.523438 0.643750 0.529687 0.648438 0.534375 0.651563 0.535937 0.656250 0.537500 0.664062 0.537500 0.673438 0.534375 0.679688 0.531250 0.681250 0.528125 0.681250 0.518750 0.679688 0.510938 0.678125 0.506250 0.673438 0.500000
0 0.585938 0.584375 0.581250 0.589063 0.579688 0.592187 0.578125 0.596875 0.578125 0.603125 0.587500 0.621875 0.590625 0.626563 0.596875 0.632812 0.603125 0.635938 0.607812 0.637500 0.618750 0.637500 0.625000 0.634375 0.626563 0.632812 0.626563 0.631250 0.629687 0.628125 0.629687 0.615625 0.628125 0.610938 0.618750 0.592187 0.617188 0.590625 0.604688 0.584375 0.600000 0.582812 0.589063 0.582812
1 0.651563 0.634375 0.650000 0.637500 0.650000 0.648438 0.653125 0.654687 0.654687 0.656250 0.657813 0.657813 0.676562 0.657813 0.681250 0.656250 0.685937 0.651563 0.687500 0.648438 0.687500 0.639062 0.679688 0.631250 0.673438 0.628125 0.662500 0.628125 0.657813 0.629687 0.654687 0.631250
0 0.309375 0.481250 0.306250 0.484375 0.304688 0.487500 0.304688 0.490625 0.301563 0.493750 0.301563 0.504687 0.303125 0.507812 0.309375 0.514062 0.315625 0.517188 0.325000 0.517188 0.332813 0.515625 0.335938 0.514062 0.339062 0.510938 0.339062 0.509375 0.343750 0.504687 0.345313 0.501563 0.345313 0.490625 0.343750 0.487500 0.339062 0.482812 0.334375 0.479687 0.328125 0.478125 0.315625 0.478125
1 0.287500 0.578125 0.285938 0.582812 0.285938 0.585938 0.287500 0.593750 0.292187 0.598437 0.295312 0.600000 0.300000 0.601562 0.309375 0.601562 0.317188 0.598437 0.320312 0.596875 0.323437 0.593750 0.323437 0.584375 0.317188 0.578125 0.314063 0.576562 0.304688 0.573438 0.295312 0.573438 0.290625 0.575000
1 0.354687 0.568750 0.354687 0.578125 0.362500 0.585938 0.365625 0.587500 0.371875 0.589063 0.378125 0.589063 0.381250 0.587500 0.387500 0.581250 0.387500 0.578125 0.389062 0.575000 0.387500 0.571875 0.382812 0.567187 0.373437 0.562500 0.360938 0.562500
0 0.379688 0.510938 0.376563 0.512500 0.368750 0.517188 0.365625 0.520312 0.364063 0.523438 0.364063 0.528125 0.362500 0.529687 0.362500 0.532813 0.364063 0.535937 0.367188 0.540625 0.375000 0.548438 0.379688 0.551562 0.390625 0.551562 0.395313 0.550000 0.398438 0.548438 0.403125 0.543750 0.406250 0.539062 0.406250 0.529687 0.404687 0.526563 0.395313 0.520312 0.393750 0.517188 0.392188 0.515625 0.390625 0.515625 0.387500 0.512500 0.384375 0.510938
0 0.400000 0.615625 0.396875 0.618750 0.395313 0.621875 0.395313 0.634375 0.398438 0.640625 0.401562 0.643750 0.403125 0.646875 0.403125 0.651563 0.407813 0.656250 0.417187 0.660937 0.431250 0.660937 0.437500 0.657813 0.439063 0.656250 0.442188 0.650000 0.443750 0.642188 0.443750 0.628125 0.437500 0.621875 0.428125 0.615625 0.421875 0.612500 0.415625 0.610938 0.409375 0.610938 0.404687 0.612500
1 0.151562 0.632812 0.150000 0.635938 0.150000 0.639062 0.151562 0.642188 0.154688 0.645312 0.159375 0.646875 0.162500 0.646875 0.164062 0.645312 0.168750 0.645312 0.173437 0.640625 0.175000 0.637500 0.175000 0.632812 0.168750 0.629687 0.160938 0.628125 0.156250 0.629687
1 0.193750 0.629687 0.192188 0.634375 0.198437 0.640625 0.207813 0.639062 0.209375 0.635938 0.209375 0.628125 0.206250 0.626563 0.200000 0.626563
1 0.207813 0.650000 0.206250 0.653125 0.206250 0.662500 0.207813 0.665625 0.210938 0.668750 0.214062 0.670312 0.225000 0.670312 0.228125 0.668750 0.229687 0.667188 0.231250 0.664062 0.231250 0.656250 0.223438 0.648438
1 0.228125 0.673438 0.225000 0.676562 0.225000 0.685937 0.228125 0.689063 0.231250 0.690625 0.237500 0.690625 0.240625 0.689063 0.243750 0.685937 0.245312 0.682813 0.245312 0.678125 0.243750 0.675000 0.240625 0.673438