0 0.095312 0.722828 0.089063 0.721266 0.084375 0.722828 0.081250 0.725953 0.078125 0.725953 0.075000 0.722828 0.075000 0.721266 0.071875 0.718141 0.067187 0.716578 0.060937 0.718141 0.050000 0.729078 0.043750 0.732203 0.035937 0.730641 0.021875 0.730641 0.021875 0.729078 0.020313 0.727516 0.017188 0.725953 0.014063 0.733766 0.015625 0.738453 0.025000 0.747828 0.029687 0.750953 0.032813 0.752516 0.045312 0.755641 0.056250 0.755641 0.065625 0.754078 0.071875 0.752516 0.075000 0.750953 0.075000 0.746266 0.082812 0.736891 0.084375 0.732203 0.089063 0.727516 0.093750 0.725953
0 0.063266 0.762422 0.063266 0.763984 0.060141 0.767109 0.061703 0.771797 0.064828 0.784297 0.071078 0.790547 0.074203 0.792109 0.085141 0.796797 0.089828 0.798359 0.096078 0.799922 0.103891 0.799922 0.107016 0.798359 0.107016 0.785859 0.110141 0.782734 0.110141 0.774922 0.105453 0.765547 0.102328 0.762422 0.097641 0.759297 0.094516 0.757734 0.091391 0.757734 0.086703 0.760859 0.083578 0.760859 0.078891 0.756172 0.072641 0.756172 0.067953 0.757734
0 0.004687 0.764062 0.001563 0.765625 0.000000 0.804688 0.003125 0.807813 0.003125 0.810937 0.010937 0.820312 0.012500 0.823438 0.012500 0.826562 0.015625 0.832812 0.020313 0.837500 0.023438 0.839063 0.032813 0.839063 0.035937 0.835938 0.043750 0.835938 0.046875 0.834375 0.051562 0.829688 0.051562 0.826562 0.060937 0.817187 0.059375 0.801562 0.059375 0.798438 0.060937 0.790625 0.060937 0.787500 0.057813 0.782813 0.053125 0.779687 0.050000 0.779687 0.045312 0.776563 0.035937 0.767188 0.032813 0.767188 0.029687 0.764062 0.026562 0.762500 0.018750 0.762500 0.014063 0.764062
0 0.041125 0.757484 0.033859 0.755797 0.025344 0.755531 0.022469 0.761875 0.052281 0.777922 0.060547 0.775969 0.055063 0.767109 0.061313 0.762625 0.058281 0.758828
0 0.110937 0.825000 0.106250 0.825000 0.101562 0.828125 0.093750 0.834375 0.089063 0.835938 0.082812 0.831250 0.068750 0.831250 0.062500 0.834375 0.057813 0.837500 0.050000 0.848437 0.043750 0.860938 0.042188 0.865625 0.040625 0.876563 0.042188 0.879687 0.051562 0.890625 0.056250 0.895312 0.060937 0.896875 0.067187 0.895312 0.067187 0.892188 0.065625 0.890625 0.067187 0.885938 0.073438 0.890625 0.076563 0.892188 0.087500 0.892188 0.095312 0.898438 0.101562 0.901563 0.110937 0.901563 0.121875 0.898438 0.131250 0.889062 0.131250 0.873437 0.134375 0.871875 0.135937 0.868750 0.135937 0.859375 0.134375 0.856250 0.132812 0.854688 0.131250 0.854688 0.123438 0.848437 0.120313 0.848437 0.117188 0.846875 0.115625 0.845313 0.115625 0.843750 0.112500 0.840625
0 0.079687 0.901563 0.079687 0.907813 0.082812 0.917188 0.087500 0.921875 0.090625 0.921875 0.093750 0.923438 0.098437 0.929688 0.109375 0.929688 0.115625 0.926562 0.120313 0.923438 0.126562 0.915625 0.128125 0.912500 0.128125 0.903125 0.126562 0.900000 0.123438 0.898438 0.120313 0.898438 0.118750 0.900000 0.107813 0.901563 0.106250 0.903125 0.103125 0.903125 0.100000 0.901563 0.093750 0.896875 0.090625 0.895312 0.087500 0.895312 0.081250 0.898438
0 0.089063 0.942187 0.085938 0.940625 0.082812 0.940625 0.075000 0.935937 0.068750 0.935937 0.067187 0.934375 0.062500 0.934375 0.057813 0.935937 0.046875 0.942187 0.039062 0.943750 0.034375 0.945312 0.021875 0.953125 0.017188 0.957812 0.014063 0.962500 0.012500 0.965625 0.010937 0.970313 0.012500 0.975000 0.015625 0.975000 0.018750 0.973437 0.021875 0.970313 0.025000 0.968750 0.029687 0.968750 0.035937 0.971875 0.050000 0.973437 0.053125 0.973437 0.057813 0.971875 0.060937 0.970313 0.064062 0.962500 0.073438 0.953125 0.075000 0.953125 0.079687 0.948438 0.082812 0.946875 0.090625 0.946875
0 0.185938 0.787500 0.179688 0.793750 0.176563 0.803125 0.176563 0.810937 0.178125 0.815625 0.179688 0.818750 0.185938 0.825000 0.190625 0.828125 0.209375 0.828125 0.214062 0.826562 0.217188 0.825000 0.221875 0.820312 0.223438 0.817187 0.223438 0.803125 0.221875 0.798438 0.220312 0.795312 0.217188 0.792188 0.214062 0.790625 0.207813 0.789062 0.200000 0.787500
0 0.239063 0.795312 0.237500 0.800000 0.235937 0.809375 0.235937 0.825000 0.237500 0.828125 0.243750 0.834375 0.245312 0.839063 0.250000 0.843750 0.256250 0.846875 0.260937 0.846875 0.262500 0.848437 0.265625 0.848437 0.275000 0.845313 0.279687 0.840625 0.276562 0.840625 0.273438 0.837500 0.273438 0.834375 0.279687 0.828125 0.281250 0.825000 0.281250 0.820312 0.276562 0.810937 0.275000 0.809375 0.273438 0.809375 0.270313 0.806250 0.253125 0.804688 0.251563 0.795312 0.245312 0.793750
0 0.253125 0.887500 0.250000 0.885938 0.246875 0.885938 0.232813 0.892188 0.228125 0.895312 0.218750 0.903125 0.215625 0.907813 0.215625 0.915625 0.218750 0.918750 0.220312 0.929688 0.223438 0.931250 0.240625 0.931250 0.240625 0.917188 0.243750 0.915625 0.253125 0.914062 0.254688 0.910937 0.253125 0.898438
0 0.385937 0.871875 0.379688 0.867188 0.371875 0.867188 0.370312 0.871875 0.367188 0.875000 0.356250 0.879687 0.348438 0.879687 0.345313 0.881250 0.343750 0.882812 0.339062 0.889062 0.332813 0.890625 0.331250 0.893750 0.331250 0.900000 0.335938 0.904687 0.340625 0.907813 0.346875 0.909375 0.364063 0.909375 0.367188 0.907813 0.371875 0.903125 0.371875 0.898438 0.370312 0.879687 0.373437 0.875000 0.378125 0.871875
0 0.370312 0.887500 0.370312 0.895312 0.373437 0.901563 0.376563 0.904687 0.390625 0.910937 0.407813 0.910937 0.417187 0.907813 0.420312 0.906250 0.421875 0.901563 0.420312 0.893750 0.417187 0.885938 0.410938 0.881250 0.406250 0.879687 0.403125 0.876563 0.390625 0.873437 0.384969 0.873734 0.381000 0.873266 0.378344 0.874406 0.375125 0.876734 0.372891 0.880828 0.371875 0.884375
0 0.389062 0.871875 0.392188 0.875000 0.396875 0.875000 0.400000 0.878125 0.403125 0.878125 0.406250 0.881250 0.415625 0.884375 0.415625 0.887500 0.420312 0.892188 0.420312 0.895312 0.423438 0.901563 0.423438 0.904687 0.442188 0.903125 0.451562 0.900000 0.454688 0.895312 0.450000 0.893750 0.446875 0.890625 0.446875 0.884375 0.435937 0.884375 0.428125 0.881250 0.425000 0.878125 0.423438 0.873437 0.418750 0.871875 0.415625 0.868750 0.414062 0.864062 0.410938 0.860938 0.403125 0.860938 0.400000 0.864062 0.400000 0.865625 0.396875 0.868750 0.390625 0.868750
0 0.003125 0.890625 0.000000 0.890625 0.000000 0.928125 0.003125 0.926562 0.010937 0.920312 0.020313 0.910937 0.021875 0.907813 0.021875 0.903125 0.014063 0.896875 0.007812 0.892188