1 0.682813 0.153125 0.682813 0.160938 0.684375 0.164062 0.689063 0.167187 0.700000 0.165625 0.700000 0.157812 0.698438 0.154688 0.693750 0.150000 0.685937 0.150000
1 0.673438 0.187500 0.673438 0.196875 0.676562 0.200000 0.684375 0.198437 0.685937 0.193750 0.685937 0.190625 0.684375 0.187500
1 0.696875 0.190625 0.695312 0.193750 0.695312 0.198437 0.700000 0.203125 0.704688 0.204687 0.707812 0.201563 0.707812 0.193750 0.703125 0.189062
1 0.723437 0.200000 0.720313 0.201563 0.717187 0.204687 0.717187 0.210938 0.720313 0.217188 0.721875 0.218750 0.725000 0.220312 0.729688 0.220312 0.732812 0.218750 0.734375 0.217188 0.735938 0.214062 0.735938 0.210938 0.734375 0.206250 0.729688 0.201563 0.726562 0.200000
1 0.676562 0.210938 0.673438 0.217188 0.673438 0.221875 0.675000 0.228125 0.679688 0.232813 0.682813 0.234375 0.687500 0.234375 0.692187 0.232813 0.695312 0.229687 0.696875 0.226562 0.696875 0.220312 0.695312 0.215625 0.693750 0.212500 0.692187 0.210938 0.689063 0.209375 0.679688 0.209375
1 0.682813 0.282813 0.679688 0.285938 0.679688 0.290625 0.682813 0.296875 0.684375 0.298438 0.687500 0.300000 0.695312 0.300000 0.698438 0.296875 0.698438 0.289062 0.692187 0.282813
1 0.667188 0.287500 0.667188 0.300000 0.679688 0.298438 0.679688 0.292187 0.678125 0.289062 0.673438 0.287500
1 0.653125 0.301563 0.651563 0.314063 0.656250 0.318750 0.660937 0.320312 0.665625 0.318750 0.667188 0.315625 0.667188 0.310937 0.665625 0.306250 0.660937 0.301563 0.657813 0.300000 0.654687 0.301563
1 0.632812 0.289062 0.628125 0.293750 0.628125 0.300000 0.629687 0.304688 0.632812 0.307812 0.642188 0.306250 0.642188 0.293750 0.637500 0.289062
1 0.643750 0.314063 0.637500 0.317188 0.635938 0.326562 0.637500 0.331250 0.640625 0.334375 0.645312 0.335938 0.650000 0.335938 0.653125 0.334375 0.654687 0.331250 0.656250 0.326562 0.656250 0.323437 0.654687 0.320312 0.650000 0.315625 0.646875 0.314063
1 0.671875 0.321875 0.667188 0.326562 0.667188 0.334375 0.668750 0.337500 0.673438 0.340625 0.679688 0.340625 0.682813 0.339062 0.685937 0.335938 0.685937 0.329688 0.682813 0.326562 0.682813 0.325000 0.681250 0.323437 0.678125 0.321875
1 0.792188 0.442188 0.793750 0.446875 0.796875 0.450000 0.800000 0.450000 0.803125 0.451562 0.806250 0.450000 0.809375 0.446875 0.810937 0.443750 0.810937 0.439063 0.807813 0.435937 0.793750 0.437500
1 0.804688 0.404687 0.804688 0.410938 0.806250 0.414062 0.812500 0.420312 0.818750 0.418750 0.818750 0.410938 0.814063 0.406250 0.807813 0.403125
1 0.825000 0.382812 0.821875 0.385937 0.821875 0.398438 0.826562 0.403125 0.834375 0.403125 0.837500 0.400000 0.837500 0.392188 0.835938 0.389062 0.832812 0.385937 0.829688 0.384375
1 0.828125 0.412500 0.826562 0.415625 0.826562 0.423438 0.828125 0.426563 0.832812 0.428125 0.835938 0.429688 0.839063 0.426563 0.840625 0.423438 0.840625 0.418750 0.837500 0.412500 0.834375 0.410938
1 0.865625 0.425000 0.864062 0.432812 0.865625 0.435937 0.868750 0.439063 0.871875 0.440625 0.876563 0.440625 0.879687 0.437500 0.879687 0.429688 0.878125 0.426563 0.875000 0.423438 0.868750 0.423438
1 0.901563 0.446875 0.896875 0.451562 0.896875 0.457813 0.898438 0.460938 0.903125 0.465625 0.906250 0.467187 0.910937 0.467187 0.914062 0.464062 0.915625 0.460938 0.915625 0.456250 0.914062 0.453125 0.907813 0.446875
1 0.887500 0.484375 0.882812 0.489063 0.882812 0.496875 0.884375 0.500000 0.890625 0.506250 0.893750 0.507812 0.900000 0.507812 0.903125 0.506250 0.907813 0.501563 0.907813 0.493750 0.906250 0.490625 0.900000 0.484375
1 0.837500 0.476562 0.835938 0.479687 0.835938 0.489063 0.839063 0.493750 0.842187 0.496875 0.851562 0.495312 0.853125 0.492188 0.853125 0.485938 0.851562 0.481250 0.850000 0.478125 0.848437 0.476562 0.845313 0.475000 0.842187 0.475000 0.840625 0.476562
1 0.954688 0.607812 0.950000 0.612500 0.948438 0.615625 0.948438 0.625000 0.950000 0.628125 0.953125 0.631250 0.962500 0.635938 0.970313 0.635938 0.973437 0.634375 0.976562 0.628125 0.976562 0.617188 0.973437 0.610938 0.970313 0.607812
1 0.978125 0.582812 0.975000 0.585938 0.975000 0.596875 0.976562 0.600000 0.982812 0.603125 0.992188 0.603125 0.995313 0.600000 0.995313 0.590625 0.993750 0.587500 0.989062 0.582812 0.985938 0.581250 0.982812 0.581250
1 0.981250 0.603125 0.978125 0.606250 0.978125 0.614062 0.979688 0.618750 0.984375 0.623437 0.992188 0.623437 0.995313 0.620313 0.995313 0.607812 0.993750 0.604688 0.985938 0.601562
1 0.962500 0.646875 0.960938 0.657813 0.964063 0.664062 0.968750 0.668750 0.971875 0.670312 0.975000 0.670312 0.978125 0.671875 0.985938 0.668750 0.985938 0.660937 0.984375 0.654687 0.982812 0.651563 0.976562 0.645312 0.973437 0.643750 0.965625 0.645312
1 0.251563 0.979688 0.250000 0.982812 0.250000 0.990625 0.251563 0.992188 0.251563 0.995313 0.257812 0.998437 0.260937 0.996875 0.264062 0.993750 0.264062 0.984375 0.260937 0.981250 0.257812 0.979688
1 0.204687 0.954688 0.203125 0.957812 0.203125 0.965625 0.204687 0.968750 0.209375 0.973437 0.215625 0.971875 0.215625 0.962500 0.214062 0.956250 0.210938 0.953125
1 0.253125 0.946875 0.250000 0.950000 0.250000 0.957812 0.251563 0.960938 0.262500 0.962500 0.262500 0.953125 0.260937 0.950000 0.259375 0.948438 0.256250 0.946875
1 0.270313 0.940625 0.267188 0.943750 0.267188 0.956250 0.268750 0.959375 0.270313 0.960938 0.273438 0.962500 0.284375 0.960938 0.285938 0.957812 0.285938 0.948438 0.284375 0.943750 0.281250 0.940625 0.278125 0.939063 0.273438 0.939063