0 0.409375 0.157641 0.404687 0.156078 0.398438 0.149828 0.395313 0.148266 0.392188 0.148266 0.389062 0.145141 0.389062 0.140453 0.376563 0.140453 0.368750 0.145141 0.359375 0.148266 0.353125 0.148266 0.346875 0.154516 0.343750 0.160766 0.343750 0.165453 0.343266 0.170328 0.343750 0.173266 0.345313 0.177953 0.345313 0.184203 0.346875 0.188891 0.351562 0.193578 0.354687 0.195141 0.357812 0.195141 0.360938 0.193578 0.364063 0.190453 0.367188 0.188891 0.378125 0.190453 0.384375 0.188891 0.390625 0.185766 0.404687 0.173266 0.409375 0.168578 0.410938 0.165453 0.410938 0.160766
0 0.140625 0.134375 0.137500 0.132812 0.132812 0.131250 0.129688 0.131250 0.126562 0.134375 0.125000 0.137500 0.123438 0.142187 0.123438 0.148438 0.120313 0.154688 0.103125 0.171875 0.096875 0.175000 0.092188 0.175000 0.089063 0.176563 0.090625 0.184375 0.101437 0.185406 0.094781 0.196531 0.110937 0.195312 0.128125 0.189062 0.131250 0.185938 0.134375 0.184375 0.138172 0.184031 0.139063 0.173437 0.143750 0.167187 0.145313 0.162500 0.145313 0.145313 0.143750 0.140625
0 0.317188 0.092188 0.317188 0.095312 0.318750 0.100000 0.320312 0.103125 0.321875 0.104688 0.323437 0.104688 0.331250 0.110937 0.339062 0.112500 0.342187 0.115625 0.342187 0.121875 0.348438 0.121875 0.353125 0.118750 0.364063 0.118750 0.370312 0.117188 0.373437 0.115625 0.375000 0.110937 0.376563 0.109375 0.384375 0.106250 0.384375 0.098437 0.385937 0.090625 0.381250 0.087500 0.381250 0.085938 0.376563 0.081250 0.371875 0.079687 0.365625 0.075000 0.357812 0.065625 0.354687 0.064062 0.345313 0.064062 0.342187 0.065625 0.340625 0.067187 0.339062 0.070312 0.339062 0.075000 0.340625 0.076563 0.340625 0.081250 0.326562 0.084375 0.323437 0.085938
0 0.258234 0.068844 0.257734 0.051953 0.261016 0.042109 0.280422 0.036312 0.290016 0.045391 0.295312 0.038328 0.314969 0.035813 0.318250 0.054219 0.323547 0.059016 0.311437 0.078172 0.299094 0.087766 0.267813 0.091547 0.242344 0.086500 0.237812 0.075406 0.244875 0.069344
0 0.282703 0.089016 0.267563 0.100109 0.266813 0.109953 0.241594 0.108438 0.237094 0.114984 0.236297 0.122313 0.236797 0.137187 0.249406 0.140469 0.249406 0.151313 0.265547 0.160891 0.284719 0.159625 0.295312 0.167203 0.313203 0.162656 0.313469 0.139203 0.330609 0.126094 0.328844 0.114750 0.325313 0.112219 0.304125 0.112984 0.301109 0.092547 0.292281 0.088266
0 0.181609 0.092641 0.174422 0.099125 0.176531 0.108750 0.185812 0.116453 0.160422 0.119266 0.161984 0.126609 0.169516 0.133453 0.209453 0.120141 0.226781 0.108750 0.237297 0.106125 0.250250 0.088969 0.244125 0.087391 0.231344 0.092812 0.236078 0.066719 0.226609 0.075828 0.218734 0.075484 0.217500 0.083359 0.206828 0.080203 0.206469 0.088797 0.199125 0.089484 0.199297 0.097188 0.192281 0.094219
0 0.309938 0.193172 0.291516 0.202750 0.270844 0.208297 0.269328 0.229984 0.256719 0.247641 0.270594 0.264547 0.291969 0.260031 0.324688 0.260594 0.323219 0.250078 0.333297 0.246297 0.334562 0.224656 0.325313 0.213516 0.322578 0.196281
0 0.092188 0.212500 0.090625 0.215625 0.089063 0.220312 0.093141 0.225391 0.089063 0.239063 0.092188 0.245312 0.095312 0.245312 0.096875 0.246875 0.100000 0.246875 0.104688 0.245312 0.109375 0.242188 0.121875 0.240625 0.128125 0.237500 0.134375 0.237500 0.134375 0.232813 0.132812 0.229687 0.128125 0.225000 0.126562 0.225000 0.123438 0.221875 0.118750 0.210938 0.115625 0.207813 0.110937 0.206250 0.104688 0.206250 0.095312 0.209375
0 0.299281 0.278875 0.292813 0.284906 0.293031 0.292609 0.289906 0.298859 0.285219 0.317609 0.285219 0.322297 0.289906 0.326984 0.300844 0.331672 0.308656 0.331672 0.316469 0.337922 0.322719 0.341047 0.328969 0.337922 0.330531 0.334797 0.332094 0.325422 0.339906 0.322297 0.343031 0.316047 0.343031 0.312922 0.344594 0.309797 0.341469 0.301984 0.344203 0.283234 0.338344 0.281672 0.327406 0.280109 0.322719 0.276984
0 0.203125 0.362500 0.195312 0.370312 0.193750 0.373437 0.193750 0.379688 0.195312 0.387500 0.200000 0.396875 0.201563 0.398438 0.207813 0.401562 0.214062 0.401562 0.218750 0.400000 0.223438 0.396875 0.229687 0.390625 0.232813 0.384375 0.232813 0.375000 0.228125 0.370312 0.223438 0.367188 0.220312 0.365625 0.209375 0.362500
0 0.096047 0.247984 0.090781 0.255328 0.098766 0.256172 0.079234 0.269828 0.089938 0.278656 0.100031 0.276766 0.127562 0.265219 0.122734 0.241672
0 0.125875 0.267313 0.098766 0.278234 0.096453 0.289594 0.113516 0.307172 0.141594 0.308078 0.155516 0.290844 0.146891 0.275719 0.131344 0.275094
0 0.155516 0.291687 0.143328 0.310188 0.115797 0.308719 0.109484 0.321109 0.109484 0.343172 0.112641 0.350109 0.144797 0.342750 0.154047 0.341922 0.161391 0.342344 0.171063 0.302625 0.167484 0.291906
0 0.324266 0.261422 0.330156 0.263953 0.326359 0.279297 0.296531 0.276766 0.286859 0.285594 0.252609 0.270047 0.269828 0.266469 0.270891 0.261422
0 0.171453 0.304891 0.192641 0.295969 0.215578 0.301047 0.198422 0.333797 0.169000 0.349547 0.162734 0.344203 0.168781 0.320906
0 0.223359 0.301844 0.216422 0.302266 0.206766 0.316969 0.199750 0.333906 0.170187 0.351016 0.173969 0.366984 0.191422 0.371094 0.202219 0.361031 0.240797 0.350813 0.238281 0.317391
0 0.237156 0.383703 0.230672 0.371734 0.208781 0.361094 0.239687 0.348031 0.253406 0.360406 0.255859 0.385625
0 0.241531 0.342719 0.240797 0.349406 0.253938 0.362781 0.263781 0.361078 0.269984 0.354625 0.269375 0.344781 0.256609 0.336625
0 0.224625 0.298078 0.233625 0.282750 0.254172 0.272781 0.270844 0.281172 0.287750 0.288234 0.280656 0.324719 0.292641 0.334047 0.291844 0.348578 0.276625 0.350172 0.256688 0.333562 0.242031 0.340719 0.242953 0.313906
1 0.482812 0.764062 0.471875 0.764062 0.468750 0.765625 0.465625 0.768750 0.464062 0.771875 0.464062 0.785937 0.465625 0.789062 0.467187 0.790625 0.470313 0.792188 0.475000 0.792188 0.479687 0.790625 0.485938 0.787500 0.487500 0.785937 0.489063 0.782813 0.489063 0.778125 0.487500 0.773438
1 0.473859 0.739187 0.463938 0.746188 0.462766 0.754938 0.470219 0.761219 0.483203 0.761078 0.482328 0.746766 0.480875 0.737422
0 0.582812 0.718750 0.584375 0.723437 0.584375 0.726562 0.582812 0.735938 0.584375 0.739062 0.589063 0.743750 0.589063 0.745313 0.592187 0.748437 0.596875 0.751563 0.600000 0.753125 0.604688 0.753125 0.614062 0.751563 0.623437 0.746875 0.629687 0.746875 0.632812 0.743750 0.632812 0.740625 0.631250 0.729688 0.628125 0.723437 0.625000 0.720313 0.620313 0.718750 0.609375 0.707812 0.601562 0.707812 0.598437 0.709375 0.595313 0.712500 0.592187 0.714063 0.587500 0.712500
0 0.539062 0.668750 0.535937 0.667188 0.529687 0.668750 0.525000 0.670312 0.521875 0.671875 0.518750 0.675000 0.515625 0.676562 0.510938 0.676562 0.503125 0.679688 0.503125 0.685937 0.504687 0.687500 0.504687 0.698438 0.509375 0.700000 0.514062 0.704688 0.521875 0.704688 0.526563 0.703125 0.529687 0.701562 0.531250 0.698438 0.532813 0.698438 0.535937 0.695312 0.537500 0.695312 0.540625 0.678125
0 0.532672 0.736844 0.525531 0.744875 0.522172 0.753344 0.511813 0.764719 0.499250 0.773328 0.498969 0.784125 0.506109 0.789969 0.516047 0.787047 0.519688 0.793906 0.541000 0.793328 0.552375 0.784281 0.564484 0.783109 0.571641 0.776828 0.568141 0.769391 0.567406 0.759609 0.567703 0.751875 0.577047 0.753922 0.575141 0.749109 0.564484 0.742828 0.545953 0.744578 0.538656 0.739187
0 0.564781 0.790844 0.549312 0.792156 0.542594 0.797266 0.540125 0.810391 0.556031 0.809812 0.560984 0.815656 0.570469 0.814344 0.571500 0.833172 0.578500 0.835797 0.599656 0.828063 0.613234 0.836672 0.631922 0.826313 0.631047 0.810984 0.621844 0.798281 0.617172 0.809953 0.611484 0.816375 0.614109 0.798000 0.599953 0.808641 0.585500 0.798875 0.580844 0.795219
0 0.499250 0.797703 0.488891 0.799156 0.478672 0.804125 0.464078 0.825875 0.469625 0.828203 0.483203 0.820172 0.482188 0.830969 0.496625 0.827328 0.497500 0.836516 0.504219 0.839875 0.510641 0.840469 0.515891 0.834047 0.521578 0.829516 0.522609 0.814625 0.512094 0.802375
1 0.524516 0.795047 0.518750 0.792188 0.518750 0.793750 0.515625 0.796875 0.514062 0.800000 0.514062 0.803125 0.515625 0.806250 0.523438 0.814063 0.531250 0.814063 0.534375 0.812500 0.539062 0.807813 0.540625 0.803125 0.540625 0.798438 0.539062 0.793750 0.535641 0.794562 0.532375 0.794312
0 0.514125 0.554563 0.504906 0.565312 0.494172 0.567031 0.494875 0.581125 0.501266 0.592063 0.499734 0.598859 0.504406 0.604531 0.511297 0.601891 0.523047 0.601078 0.532781 0.605141 0.541906 0.609187 0.551328 0.608578 0.551937 0.598859 0.562063 0.590547 0.561250 0.587703 0.551625 0.587297 0.550719 0.576250 0.542906 0.576156 0.541094 0.564187 0.523047 0.564594 0.519406 0.554766
0 0.493750 0.623437 0.493750 0.629687 0.501563 0.637500 0.506250 0.639062 0.515625 0.639062 0.520312 0.642188 0.528125 0.642188 0.542188 0.637500 0.550000 0.631250 0.553125 0.629687 0.556250 0.629687 0.557813 0.628125 0.560937 0.626563 0.557813 0.625000 0.556250 0.623437 0.551562 0.623437 0.548438 0.620313 0.546875 0.617188 0.543750 0.609375 0.543187 0.612234 0.540531 0.609609 0.536125 0.608422 0.527016 0.604641 0.520359 0.602516 0.514750 0.602859 0.511391 0.604156 0.507609 0.604047 0.502656 0.606938 0.500000 0.606250 0.498437 0.610938 0.498437 0.615625
0 0.482812 0.592187 0.476562 0.592187 0.470313 0.595313 0.465625 0.600000 0.462500 0.601562 0.454688 0.601562 0.445312 0.606250 0.442188 0.609375 0.442188 0.612500 0.440625 0.615625 0.437500 0.617188 0.434375 0.620313 0.434375 0.623437 0.431250 0.626563 0.429688 0.629687 0.429688 0.635938 0.432812 0.642188 0.435937 0.645312 0.440625 0.648438 0.440625 0.660937 0.443750 0.660937 0.448437 0.657813 0.453125 0.653125 0.457813 0.653125 0.462500 0.650000 0.467187 0.650000 0.468750 0.651563 0.478125 0.653125 0.487500 0.650000 0.487500 0.645312 0.485938 0.632812 0.487500 0.626563 0.489063 0.623437 0.492188 0.620313 0.495312 0.614062 0.493750 0.601562 0.489063 0.600000 0.485938 0.596875 0.485938 0.595313
0 0.442188 0.693750 0.448437 0.696875 0.456250 0.696875 0.457813 0.695312 0.467187 0.695312 0.475000 0.693750 0.478125 0.692187 0.482812 0.689063 0.485938 0.685937 0.496875 0.673438 0.501563 0.671875 0.503125 0.670312 0.504687 0.667188 0.506250 0.662500 0.506250 0.656250 0.503125 0.653125 0.476562 0.651563 0.457813 0.651563 0.448437 0.656250 0.440625 0.662500 0.440625 0.665625 0.439063 0.667188 0.439063 0.670312 0.440625 0.671875 0.440625 0.675000 0.439063 0.682813 0.440625 0.689063 0.442188 0.690625
0 0.429375 0.613234 0.427266 0.614141 0.424844 0.611750 0.422172 0.611250 0.412797 0.612812 0.408109 0.614375 0.403422 0.620625 0.406547 0.625312 0.406547 0.630000 0.409672 0.634687 0.409672 0.639375 0.406547 0.645625 0.408109 0.651875 0.412797 0.661250 0.415922 0.664375 0.419047 0.664375 0.425297 0.661250 0.436234 0.650312 0.437797 0.647188 0.430281 0.641781 0.427328 0.631219 0.434672 0.623750 0.436234 0.620625 0.434484 0.620078 0.430828 0.619250 0.435219 0.619109 0.430531 0.618328 0.430453 0.615250
0 0.435937 0.600000 0.426563 0.606250 0.425000 0.610938 0.429688 0.615625 0.435937 0.618750 0.439063 0.617188 0.440625 0.614062 0.440625 0.607812 0.439063 0.603125
0 0.429688 0.668750 0.407813 0.668750 0.406250 0.673438 0.407813 0.676562 0.404687 0.681250 0.400000 0.689063 0.400000 0.700000 0.401562 0.703125 0.404687 0.707812 0.407813 0.710938 0.412500 0.709375 0.415625 0.706250 0.421875 0.704688 0.426563 0.700000 0.431250 0.696875 0.437500 0.695312 0.437500 0.685937 0.435937 0.676562 0.434375 0.673438
0 0.435937 0.700000 0.428125 0.700000 0.418750 0.704688 0.410938 0.710938 0.403125 0.712500 0.400000 0.714063 0.398438 0.715625 0.396875 0.718750 0.396875 0.721875 0.403125 0.725000 0.400000 0.729688 0.398438 0.735938 0.401562 0.753125 0.404687 0.753125 0.407813 0.754687 0.426563 0.750000 0.429688 0.746875 0.428125 0.732812 0.428125 0.725000 0.429688 0.721875 0.435937 0.715625 0.439063 0.709375 0.439063 0.703125
0 0.428125 0.753125 0.425000 0.751563 0.415625 0.751563 0.409375 0.753125 0.401562 0.757812 0.400000 0.759375 0.400000 0.760938 0.398438 0.764062 0.403125 0.768750 0.409375 0.768750 0.421875 0.762500 0.428125 0.756250
0 0.457813 0.696875 0.454688 0.700000 0.453125 0.703125 0.453125 0.721875 0.454688 0.725000 0.459375 0.729688 0.470313 0.729688 0.475000 0.728125 0.481250 0.721875 0.482812 0.717187 0.482812 0.707812 0.481250 0.704688 0.478125 0.701562 0.471875 0.698438 0.467187 0.696875