0 0.079687 0.340625 0.076563 0.346875 0.075000 0.353125 0.075000 0.362500 0.076563 0.370312 0.079687 0.376563 0.079687 0.384375 0.081250 0.387500 0.087500 0.390625 0.101562 0.395313 0.110937 0.396875 0.115625 0.396875 0.117188 0.395313 0.123438 0.395313 0.128125 0.393750 0.131250 0.392188 0.134375 0.387500 0.135937 0.384375 0.135937 0.376563 0.134375 0.373437 0.132812 0.371875 0.129688 0.370312 0.123438 0.368750 0.120313 0.364063 0.125000 0.357812 0.125000 0.350000 0.123438 0.346875 0.120313 0.343750 0.115625 0.342187 0.104688 0.340625 0.085938 0.339062 0.082812 0.339062
0 0.009375 0.385937 0.003125 0.389062 0.000000 0.389062 0.000000 0.454688 0.014063 0.454688 0.020313 0.459375 0.025000 0.460938 0.028125 0.460938 0.043750 0.445312 0.045312 0.435937 0.043750 0.432812 0.039062 0.426563 0.045312 0.420312 0.045312 0.415625 0.046875 0.414062 0.045312 0.392188 0.042188 0.387500 0.035937 0.384375 0.018750 0.384375
0 0.071875 0.432812 0.067187 0.434375 0.046875 0.445312 0.042188 0.448437 0.037500 0.453125 0.034375 0.457813 0.032813 0.467187 0.032813 0.470313 0.035937 0.473438 0.037500 0.476562 0.037500 0.489063 0.039062 0.492188 0.043750 0.498437 0.048438 0.501563 0.056250 0.501563 0.057813 0.500000 0.065625 0.501563 0.067187 0.504687 0.067187 0.510938 0.068750 0.514062 0.073438 0.518750 0.082812 0.518750 0.089063 0.512500 0.089063 0.510938 0.093750 0.506250 0.096875 0.506250 0.109375 0.507812 0.114062 0.506250 0.126562 0.495312 0.126562 0.482812 0.125000 0.478125 0.121875 0.473438 0.126562 0.468750 0.131250 0.467187 0.131250 0.459375 0.129688 0.457813 0.126562 0.456250 0.120313 0.454688 0.107813 0.454688 0.103125 0.453125 0.092188 0.443750 0.090625 0.440625 0.090625 0.439063 0.089063 0.435937 0.087500 0.434375 0.084375 0.432812
0 0.035937 0.556250 0.029687 0.556250 0.023438 0.564063 0.018750 0.565625 0.006250 0.571875 0.003125 0.575000 0.003125 0.579688 0.004687 0.589063 0.007812 0.595313 0.007812 0.598437 0.004687 0.601562 0.000000 0.603125 0.000000 0.632812 0.023438 0.632812 0.029687 0.629687 0.034375 0.626563 0.037500 0.623437 0.039062 0.620313 0.039062 0.615625 0.045312 0.604688 0.046875 0.587500 0.046875 0.570312 0.045312 0.565625
0 0.134375 0.565625 0.131250 0.567187 0.126562 0.571875 0.123438 0.579688 0.120313 0.582812 0.115625 0.584375 0.112500 0.587500 0.110937 0.592187 0.104688 0.600000 0.103125 0.603125 0.103125 0.614062 0.107813 0.629687 0.115625 0.637500 0.123438 0.642188 0.128125 0.643750 0.134375 0.643750 0.140625 0.640625 0.157812 0.640625 0.160938 0.639062 0.164062 0.635938 0.165625 0.635938 0.167187 0.634375 0.167187 0.632812 0.170313 0.629687 0.171875 0.626563 0.173437 0.621875 0.173437 0.618750 0.170313 0.612500 0.170313 0.607812 0.175000 0.598437 0.176563 0.593750 0.176563 0.585938 0.175000 0.582812 0.170313 0.578125 0.167187 0.576562 0.156250 0.576562 0.153125 0.573438 0.153125 0.570312 0.150000 0.567187 0.145313 0.565625
0 0.053125 0.625000 0.039062 0.625000 0.031250 0.629687 0.023438 0.629687 0.020313 0.632812 0.020313 0.639062 0.023438 0.639062 0.026562 0.642188 0.025000 0.645312 0.023438 0.646875 0.020313 0.648438 0.017188 0.648438 0.014063 0.650000 0.010937 0.653125 0.009375 0.653125 0.007812 0.654687 0.006250 0.657813 0.006250 0.670312 0.009375 0.676562 0.012500 0.679688 0.017188 0.681250 0.021875 0.685937 0.021875 0.692187 0.023438 0.696875 0.025000 0.700000 0.029687 0.704688 0.040625 0.707812 0.043750 0.707812 0.050000 0.704688 0.056250 0.700000 0.064062 0.701562 0.071875 0.700000 0.081250 0.692187 0.082812 0.689063 0.084375 0.684375 0.084375 0.681250 0.082812 0.667188 0.087500 0.659375 0.087500 0.648438 0.082812 0.639062 0.081250 0.637500 0.075000 0.634375 0.062500 0.634375
0 0.112500 0.682813 0.107813 0.687500 0.104688 0.693750 0.104688 0.696875 0.107813 0.700000 0.109375 0.704688 0.106250 0.707812 0.106250 0.717187 0.109375 0.723437 0.112500 0.726562 0.115625 0.728125 0.120313 0.729688 0.132812 0.728125 0.140625 0.728125 0.146875 0.732812 0.151562 0.734375 0.157812 0.734375 0.160938 0.732812 0.167187 0.726562 0.170313 0.720313 0.170313 0.712500 0.171875 0.709375 0.181250 0.706250 0.184375 0.704688 0.187500 0.701562 0.189062 0.698438 0.189062 0.685937 0.187500 0.681250 0.184375 0.678125 0.181250 0.676562 0.168750 0.676562 0.165625 0.673438 0.165625 0.671875 0.157812 0.668750 0.143750 0.670312 0.139063 0.671875 0.132812 0.678125 0.129688 0.679688 0.121875 0.679688
0 0.160938 0.778125 0.156250 0.776563 0.150000 0.776563 0.142187 0.781250 0.132812 0.784375 0.118750 0.784375 0.106250 0.787500 0.103125 0.789062 0.098437 0.793750 0.093750 0.795312 0.090625 0.796875 0.089063 0.798438 0.087500 0.801562 0.087500 0.804688 0.089063 0.807813 0.096875 0.815625 0.098437 0.815625 0.107813 0.825000 0.110937 0.825000 0.114062 0.828125 0.114062 0.832812 0.118750 0.840625 0.120313 0.842187 0.121875 0.842187 0.125000 0.845313 0.140625 0.845313 0.143750 0.843750 0.151562 0.835938 0.154688 0.834375 0.162500 0.834375 0.165625 0.832812 0.171875 0.826562 0.173437 0.823438 0.175000 0.817187 0.175000 0.809375 0.173437 0.787500 0.170313 0.784375
0 0.057813 0.712500 0.054688 0.717187 0.054688 0.731250 0.053125 0.735938 0.050000 0.739062 0.048438 0.746875 0.048438 0.753125 0.050000 0.759375 0.059375 0.767188 0.060937 0.770312 0.057813 0.776563 0.057813 0.779687 0.060937 0.785937 0.062500 0.787500 0.073438 0.792188 0.082812 0.792188 0.092188 0.787500 0.103125 0.787500 0.107813 0.785937 0.110937 0.782813 0.126562 0.779687 0.135937 0.779687 0.135937 0.770312 0.132812 0.767188 0.131250 0.767188 0.128125 0.762500 0.132812 0.757812 0.135937 0.751563 0.135937 0.743750 0.134375 0.740625 0.131250 0.737500 0.123438 0.734375 0.110937 0.732812 0.109375 0.729688 0.107813 0.723437 0.106250 0.720313 0.101562 0.715625 0.098437 0.714063 0.082812 0.714063 0.078125 0.712500 0.075000 0.709375 0.070312 0.709375 0.068750 0.707812 0.065625 0.707812 0.060937 0.709375
0 0.048438 0.714063 0.037500 0.714063 0.031250 0.715625 0.025000 0.718750 0.021875 0.721875 0.021875 0.725000 0.018750 0.728125 0.014063 0.731250 0.012500 0.731250 0.010937 0.732812 0.009375 0.737500 0.006250 0.740625 0.000000 0.740625 0.001563 0.801562 0.006250 0.801562 0.007812 0.800000 0.015625 0.798438 0.026562 0.798438 0.031250 0.796875 0.034375 0.795312 0.046875 0.782813 0.048438 0.779687 0.051562 0.770312 0.051562 0.760938 0.048438 0.748437 0.048438 0.743750 0.053125 0.735938 0.053125 0.728125 0.054688 0.726562 0.054688 0.720313
0 0.051562 0.790625 0.048438 0.792188 0.046875 0.793750 0.046875 0.795312 0.043750 0.798438 0.040625 0.804688 0.040625 0.809375 0.039062 0.810937 0.039062 0.814063 0.042188 0.820312 0.042188 0.831250 0.045312 0.837500 0.045312 0.850000 0.046875 0.857812 0.051562 0.868750 0.051562 0.871875 0.059375 0.870313 0.064062 0.871875 0.073438 0.876563 0.082812 0.876563 0.087500 0.873437 0.092188 0.868750 0.095312 0.864062 0.095312 0.853125 0.090625 0.843750 0.093750 0.840625 0.098437 0.839063 0.103125 0.834375 0.101562 0.826562 0.093750 0.821875 0.089063 0.817187 0.081250 0.807813 0.079687 0.803125 0.076563 0.798438 0.071875 0.793750 0.065625 0.790625
0 0.032813 0.809375 0.029687 0.812500 0.004687 0.812500 0.003125 0.814063 0.000000 0.814063 0.000000 0.907813 0.004687 0.910937 0.010937 0.914062 0.015625 0.915625 0.018750 0.915625 0.023438 0.914062 0.026562 0.912500 0.035937 0.906250 0.035937 0.903125 0.037500 0.901563 0.037500 0.892188 0.034375 0.885938 0.034375 0.879687 0.037500 0.876563 0.040625 0.875000 0.046875 0.875000 0.050000 0.873437 0.053125 0.870313 0.053125 0.865625 0.051562 0.860938 0.048438 0.856250 0.046875 0.846875 0.042188 0.839063 0.037500 0.821875 0.037500 0.815625 0.035937 0.812500
0 0.320312 0.832812 0.317188 0.835938 0.315625 0.839063 0.312500 0.848437 0.310937 0.857812 0.309375 0.860938 0.306250 0.864062 0.304688 0.867188 0.304688 0.871875 0.301563 0.875000 0.301563 0.879687 0.303125 0.885938 0.304688 0.889062 0.306250 0.890625 0.312500 0.895312 0.317188 0.898438 0.320312 0.900000 0.325000 0.901563 0.334375 0.901563 0.337500 0.900000 0.340625 0.896875 0.342187 0.892188 0.342187 0.889062 0.340625 0.887500 0.339062 0.881250 0.339062 0.870313 0.340625 0.853125 0.337500 0.843750 0.335938 0.840625 0.332813 0.837500 0.325000 0.832812
0 0.157812 0.942187 0.157812 0.946875 0.162500 0.953125 0.162500 0.962500 0.164062 0.965625 0.170313 0.971875 0.173437 0.973437 0.178125 0.975000 0.184375 0.975000 0.189062 0.973437 0.193750 0.970313 0.201563 0.970313 0.218750 0.971875 0.221875 0.970313 0.225000 0.965625 0.226562 0.957812 0.226562 0.950000 0.223438 0.943750 0.220312 0.939063 0.217188 0.935937 0.210938 0.932813 0.203125 0.932813 0.200000 0.931250 0.198437 0.928125 0.192188 0.925000 0.182812 0.925000 0.179688 0.926562 0.173437 0.934375 0.165625 0.934375 0.162500 0.935937 0.159375 0.939063
0 0.275000 0.795312 0.271875 0.796875 0.268750 0.800000 0.267188 0.803125 0.265625 0.809375 0.264062 0.817187 0.265625 0.829688 0.285938 0.829688 0.289062 0.828125 0.298438 0.818750 0.300000 0.814063 0.300000 0.807813 0.298438 0.803125 0.293750 0.798438 0.290625 0.796875 0.285938 0.795312
1 0.175000 0.790625 0.173437 0.795312 0.173437 0.804688 0.175000 0.807813 0.182812 0.807813 0.185938 0.806250 0.190625 0.801562 0.190625 0.795312 0.189062 0.790625 0.185938 0.789062
1 0.054688 0.875000 0.048438 0.878125 0.045312 0.881250 0.043750 0.884375 0.043750 0.896875 0.046875 0.903125 0.050000 0.906250 0.053125 0.907813 0.065625 0.907813 0.075000 0.898438 0.078125 0.892188 0.078125 0.882812 0.076563 0.879687 0.071875 0.878125 0.067187 0.875000
1 0.034375 0.923438 0.031250 0.926562 0.028125 0.932813 0.028125 0.935937 0.031250 0.942187 0.037500 0.945312 0.050000 0.943750 0.054688 0.935937 0.054688 0.928125 0.050000 0.923438 0.046875 0.921875 0.037500 0.921875
1 0.265625 0.906250 0.265625 0.917188 0.268750 0.920312 0.273438 0.921875 0.276562 0.921875 0.282813 0.918750 0.284375 0.915625 0.284375 0.909375 0.282813 0.906250 0.281250 0.904687 0.278125 0.903125 0.268750 0.903125
1 0.248438 0.951562 0.248438 0.960938 0.254688 0.967187 0.259375 0.968750 0.267188 0.965625 0.268750 0.962500 0.268750 0.953125 0.267188 0.950000 0.265625 0.948438 0.262500 0.946875 0.254688 0.946875 0.251563 0.948438
1 0.218750 0.910937 0.212500 0.914062 0.210938 0.917188 0.210938 0.925000 0.212500 0.929688 0.215625 0.931250 0.223438 0.931250 0.229687 0.925000 0.229687 0.917188 0.223438 0.910937
0 0.140625 0.859375 0.139063 0.864062 0.142187 0.867188 0.143750 0.871875 0.142187 0.879687 0.143750 0.895312 0.154688 0.907813 0.159375 0.914062 0.160938 0.917188 0.160938 0.920312 0.162500 0.923438 0.168750 0.923438 0.175000 0.917188 0.179688 0.917188 0.185938 0.920312 0.189062 0.918750 0.196875 0.910937 0.198437 0.907813 0.200000 0.901563 0.200000 0.885938 0.198437 0.882812 0.195312 0.878125 0.181250 0.864062 0.173437 0.860938 0.162500 0.857812 0.143750 0.857812
0 0.087672 0.892641 0.088891 0.889141 0.095203 0.879703 0.097641 0.876906 0.101672 0.872703 0.106578 0.868156 0.107266 0.867797 0.109016 0.867797 0.109891 0.869375 0.112172 0.873750 0.114625 0.882500 0.116016 0.890016 0.117078 0.895797 0.120219 0.900000 0.126000 0.901578 0.132641 0.899828 0.144016 0.897375 0.153641 0.897891 0.158375 0.904375 0.162219 0.914344 0.163969 0.924672 0.161875 0.935344 0.151547 0.937969 0.140172 0.937266 0.136328 0.935000 0.134750 0.937797 0.137203 0.944625 0.140172 0.954078 0.141219 0.959672 0.136141 0.958453 0.133703 0.956875 0.129500 0.961766 0.116203 0.968422 0.099922 0.972094 0.093625 0.970172 0.092219 0.962641 0.093625 0.950047 0.093453 0.948469 0.078219 0.949875 0.070172 0.948828 0.065969 0.942875 0.063875 0.935516 0.065266 0.924500 0.067891 0.916094 0.071922 0.909797 0.077875 0.904375 0.083641 0.902266 0.085578 0.901391 0.088016 0.899828
0 0.107094 0.865703 0.109203 0.872875 0.110953 0.879344 0.111297 0.887750 0.110953 0.893172 0.120578 0.898953 0.127047 0.902797 0.133703 0.901922 0.152953 0.895797 0.154000 0.889141 0.154000 0.883906 0.151203 0.873047 0.145953 0.864125 0.140875 0.859406 0.136328 0.855203 0.125828 0.853094 0.114094 0.855203 0.112344 0.856250
0 0.701562 0.725000 0.698438 0.721875 0.693750 0.720313 0.689063 0.720313 0.679688 0.723437 0.673438 0.726562 0.668750 0.731250 0.660937 0.734375 0.656250 0.739062 0.654687 0.742188 0.653125 0.750000 0.653125 0.753125 0.654687 0.756250 0.657813 0.759375 0.662500 0.760938 0.667188 0.760938 0.670312 0.764062 0.673438 0.765625 0.678125 0.765625 0.681250 0.764062 0.689063 0.757812 0.692187 0.756250 0.698438 0.756250 0.703125 0.754687 0.709375 0.748437 0.710938 0.745313 0.709375 0.739062 0.704688 0.737500 0.704688 0.731250
0 0.718750 0.778125 0.718750 0.781250 0.720313 0.782813 0.721875 0.789062 0.720313 0.801562 0.720313 0.804688 0.723437 0.810937 0.726562 0.814063 0.731250 0.815625 0.739062 0.817187 0.742188 0.818750 0.746875 0.823438 0.746875 0.825000 0.751563 0.829688 0.756250 0.832812 0.760938 0.834375 0.771875 0.834375 0.776563 0.832812 0.779687 0.829688 0.778125 0.817187 0.778125 0.812500 0.784375 0.801562 0.784375 0.793750 0.779687 0.789062 0.775000 0.787500 0.759375 0.787500 0.753125 0.781250 0.750000 0.779687 0.737500 0.781250 0.734375 0.781250 0.728125 0.776563
0 0.598437 0.828125 0.592187 0.826562 0.590625 0.820312 0.585938 0.815625 0.582812 0.814063 0.573438 0.812500 0.560937 0.814063 0.554688 0.821875 0.550000 0.829688 0.550000 0.834375 0.548438 0.837500 0.543750 0.842187 0.542188 0.845313 0.542188 0.851562 0.543750 0.859375 0.545312 0.862500 0.548438 0.865625 0.565625 0.865625 0.571875 0.862500 0.573438 0.860938 0.573438 0.859375 0.576562 0.854688 0.584375 0.846875 0.587500 0.840625 0.590625 0.837500 0.595313 0.835938 0.598437 0.832812
0 0.650000 0.787500 0.646875 0.789062 0.642188 0.793750 0.634375 0.803125 0.625000 0.809375 0.618750 0.815625 0.618750 0.832812 0.621875 0.839063 0.628125 0.843750 0.629687 0.846875 0.629687 0.850000 0.632812 0.854688 0.639062 0.860938 0.651563 0.860938 0.657813 0.857812 0.668750 0.856250 0.679688 0.856250 0.682813 0.854688 0.685937 0.851562 0.687500 0.848437 0.687500 0.842187 0.692187 0.832812 0.692187 0.823438 0.695312 0.818750 0.695312 0.806250 0.690625 0.801562 0.684375 0.800000 0.679688 0.800000 0.678125 0.801562 0.673438 0.801562 0.670312 0.800000 0.668750 0.798438 0.667188 0.793750 0.660937 0.787500
0 0.553125 0.934375 0.551562 0.942187 0.559375 0.953125 0.559375 0.956250 0.556250 0.959375 0.554688 0.959375 0.554688 0.967187 0.560937 0.971875 0.567187 0.975000 0.578125 0.978125 0.582812 0.978125 0.587500 0.975000 0.592187 0.970313 0.595313 0.970313 0.598437 0.967187 0.601562 0.965625 0.612500 0.964063 0.617188 0.960938 0.620313 0.960938 0.623437 0.959375 0.626563 0.954688 0.626563 0.946875 0.623437 0.942187 0.618750 0.937500 0.617188 0.932813 0.614062 0.929688 0.607812 0.929688 0.604688 0.926562 0.598437 0.925000 0.578125 0.925000 0.570312 0.929688 0.565625 0.931250 0.560937 0.931250 0.556250 0.932813
0 0.655438 0.954594 0.655438 0.957719 0.660125 0.965531 0.661687 0.973344 0.658563 0.976469 0.652313 0.978031 0.646062 0.984281 0.644500 0.987406 0.644500 0.990531 0.646062 0.995219 0.647625 0.998344 0.728875 0.998344 0.732000 0.993656 0.733563 0.990531 0.733563 0.982719 0.730438 0.976469 0.725750 0.974906 0.721063 0.970219 0.721063 0.957719 0.719500 0.954594 0.705438 0.953031 0.702313 0.956156 0.699188 0.957719 0.696063 0.956156 0.689813 0.949906 0.686688 0.948344 0.675750 0.948344 0.671063 0.951469 0.664813 0.953031
0 0.790625 0.890625 0.787500 0.889062 0.784375 0.889062 0.778125 0.884375 0.773438 0.884375 0.770312 0.885938 0.767188 0.889062 0.764062 0.890625 0.760938 0.890625 0.754687 0.893750 0.751563 0.898438 0.750000 0.901563 0.748437 0.907813 0.746875 0.910937 0.735938 0.921875 0.731250 0.937500 0.732812 0.937500 0.734375 0.939063 0.735938 0.942187 0.735938 0.945312 0.737500 0.948438 0.743750 0.951562 0.753125 0.951562 0.760938 0.950000 0.764062 0.948438 0.767188 0.942187 0.768750 0.940625 0.771875 0.939063 0.778125 0.939063 0.784375 0.934375 0.790625 0.928125 0.790625 0.923438 0.787500 0.918750 0.787500 0.906250 0.782813 0.900000 0.785937 0.896875 0.790625 0.895312
0 0.818750 0.837500 0.812500 0.837500 0.809375 0.839063 0.803125 0.845313 0.803125 0.846875 0.798438 0.851562 0.789062 0.853125 0.789062 0.857812 0.793750 0.862500 0.795312 0.868750 0.801562 0.876563 0.801562 0.882812 0.807813 0.884375 0.812500 0.882812 0.818750 0.882812 0.825000 0.879687 0.829688 0.873437 0.829688 0.865625 0.828125 0.850000 0.826562 0.845313
0 0.803125 0.876563 0.803125 0.892188 0.806250 0.900000 0.810937 0.904687 0.812500 0.909375 0.817187 0.914062 0.821875 0.917188 0.825000 0.917188 0.826562 0.915625 0.837500 0.914062 0.840625 0.912500 0.843750 0.906250 0.850000 0.900000 0.851562 0.896875 0.851562 0.892188 0.850000 0.889062 0.845313 0.884375 0.845313 0.882812 0.842187 0.879687 0.839063 0.878125 0.829688 0.875000 0.825000 0.875000 0.817187 0.876563 0.815625 0.879687 0.810937 0.879687
0 0.837500 0.915625 0.828125 0.915625 0.823438 0.917188 0.820312 0.918750 0.815625 0.923438 0.814063 0.932813 0.810937 0.934375 0.804688 0.935937 0.801562 0.937500 0.803125 0.943750 0.803125 0.946875 0.796875 0.954688 0.796875 0.960938 0.801562 0.960938 0.804688 0.959375 0.810937 0.954688 0.817187 0.948438 0.829688 0.942187 0.835938 0.935937 0.837500 0.932813 0.839063 0.926562 0.839063 0.920312 0.837500 0.918750
0 0.792188 0.943750 0.779687 0.943750 0.767188 0.950000 0.762500 0.954688 0.760938 0.957812 0.759375 0.964063 0.759375 0.968750 0.760938 0.970313 0.760938 0.976562 0.762500 0.979688 0.767188 0.978125 0.767188 0.975000 0.770312 0.971875 0.789062 0.954688 0.793750 0.953125 0.796875 0.950000 0.795312 0.946875
0 0.590625 0.857812 0.585938 0.862500 0.584375 0.867188 0.581250 0.870313 0.579688 0.870313 0.578125 0.879687 0.581250 0.889062 0.579688 0.898438 0.581250 0.903125 0.584375 0.907813 0.589063 0.910937 0.593750 0.912500 0.595313 0.914062 0.598437 0.921875 0.603125 0.923438 0.607812 0.923438 0.614062 0.926562 0.623437 0.932813 0.626563 0.932813 0.632812 0.926562 0.635938 0.921875 0.640625 0.910937 0.640625 0.903125 0.643750 0.900000 0.645312 0.896875 0.645312 0.881250 0.639062 0.875000 0.639062 0.867188 0.635938 0.860938 0.632812 0.857812 0.623437 0.853125 0.614062 0.853125 0.607812 0.856250 0.595313 0.856250
0 0.654687 0.859375 0.648438 0.865625 0.646875 0.871875 0.646875 0.878125 0.643750 0.882812 0.643750 0.896875 0.640625 0.903125 0.640625 0.907813 0.642188 0.910937 0.654687 0.921875 0.657813 0.923438 0.665625 0.923438 0.668750 0.925000 0.675000 0.931250 0.678125 0.932813 0.682813 0.932813 0.693750 0.929688 0.696875 0.928125 0.706250 0.917188 0.709375 0.917188 0.714063 0.914062 0.715625 0.910937 0.717187 0.906250 0.717187 0.903125 0.710938 0.896875 0.710938 0.895312 0.706250 0.890625 0.704688 0.890625 0.701562 0.887500 0.701562 0.884375 0.704688 0.878125 0.704688 0.873437 0.703125 0.868750 0.698438 0.864062 0.692187 0.860938 0.681250 0.862500 0.675000 0.862500 0.671875 0.859375 0.668750 0.857812 0.664062 0.857812
0 0.642188 0.907813 0.642188 0.910937 0.639062 0.915625 0.626563 0.928125 0.625000 0.931250 0.625000 0.942187 0.626563 0.946875 0.629687 0.953125 0.637500 0.956250 0.643750 0.950000 0.650000 0.948438 0.662500 0.950000 0.667188 0.950000 0.670312 0.948438 0.671875 0.945312 0.673438 0.940625 0.675000 0.934375 0.675000 0.929688 0.671875 0.926562 0.671875 0.925000 0.670312 0.923438 0.667188 0.921875 0.657813 0.920312 0.653125 0.915625 0.648438 0.914062 0.645312 0.910937 0.645312 0.907813
0 0.000000 0.501563 0.000000 0.539062 0.003125 0.543750 0.012500 0.551562 0.020313 0.550000 0.021875 0.545312 0.021875 0.523438 0.015625 0.514062 0.010937 0.509375 0.010937 0.507812 0.007812 0.504687
0 0.170313 0.998437 0.160938 0.987500 0.154688 0.984375 0.150000 0.982812 0.140625 0.982812 0.131250 0.987500 0.120313 0.987500 0.115625 0.989062 0.104688 0.993750 0.101562 0.995313 0.096875 0.998437
0 0.714063 0.904687 0.715625 0.915625 0.718750 0.917188 0.732812 0.917188 0.735938 0.914062 0.737500 0.914062 0.739062 0.909375 0.735938 0.906250 0.731250 0.904687 0.729688 0.900000 0.718750 0.900000 0.715625 0.901563
0 0.734375 0.978125 0.737500 0.982812 0.737500 0.989062 0.739062 0.992188 0.748437 0.992188 0.753125 0.987500 0.753125 0.981250 0.746875 0.978125 0.740625 0.976562
0 0.017188 0.343750 0.012500 0.345313 0.009375 0.348438 0.007812 0.353125 0.004687 0.357812 0.000000 0.360938 0.000000 0.376563 0.003125 0.376563 0.007812 0.373437 0.014063 0.367188 0.017188 0.362500 0.018750 0.359375 0.020313 0.351562