0 0.464062 0.285938 0.459375 0.290625 0.457813 0.293750 0.457813 0.298438 0.453125 0.301563 0.453125 0.304688 0.451562 0.306250 0.451562 0.310937 0.448437 0.315625 0.448437 0.321875 0.446875 0.323437 0.446875 0.328125 0.448437 0.331250 0.451562 0.334375 0.453125 0.337500 0.453125 0.343750 0.454688 0.346875 0.457813 0.350000 0.460938 0.351562 0.465625 0.353125 0.479687 0.353125 0.484375 0.350000 0.492188 0.350000 0.498437 0.348438 0.501563 0.345313 0.504687 0.339062 0.512500 0.331250 0.517188 0.328125 0.518750 0.328125 0.520312 0.326562 0.521875 0.323437 0.521875 0.315625 0.520312 0.307812 0.518750 0.303125 0.512500 0.296875 0.503125 0.293750 0.495312 0.293750 0.492188 0.292187 0.490625 0.290625 0.490625 0.289062 0.489063 0.287500 0.487500 0.287500 0.484375 0.284375 0.481250 0.282813 0.471875 0.282813 0.467187 0.284375
0 0.510938 0.259375 0.507812 0.262500 0.506250 0.265625 0.506250 0.270313 0.507812 0.275000 0.510938 0.281250 0.515625 0.287500 0.517188 0.290625 0.517188 0.293750 0.520312 0.296875 0.528125 0.300000 0.532813 0.303125 0.540625 0.310937 0.550000 0.318750 0.554688 0.320312 0.560937 0.320312 0.564063 0.318750 0.565625 0.312500 0.562500 0.306250 0.556250 0.295312 0.556250 0.292187 0.560937 0.282813 0.559375 0.278125 0.554688 0.273438 0.550000 0.270313 0.532813 0.271875 0.529687 0.270313 0.520312 0.259375 0.514062 0.257812
0 0.556250 0.328125 0.551562 0.329688 0.548438 0.331250 0.542188 0.337500 0.540625 0.356250 0.540625 0.364063 0.543750 0.373437 0.550000 0.376563 0.562500 0.379688 0.570312 0.371875 0.573438 0.371875 0.576562 0.370312 0.578125 0.362500 0.582812 0.354687 0.582812 0.350000 0.570312 0.337500 0.568750 0.332813 0.567187 0.331250 0.564063 0.329688
0 0.428125 0.271875 0.418750 0.271875 0.415625 0.273438 0.414062 0.276562 0.412500 0.281250 0.412500 0.287500 0.409375 0.290625 0.401562 0.292187 0.398438 0.293750 0.393750 0.298438 0.392188 0.301563 0.392188 0.309375 0.393750 0.312500 0.412500 0.331250 0.415625 0.335938 0.415625 0.339062 0.420312 0.342187 0.426563 0.340625 0.435937 0.335938 0.443750 0.328125 0.445312 0.325000 0.446875 0.320312 0.453125 0.296875 0.453125 0.290625 0.446875 0.284375 0.442188 0.284375 0.431250 0.273438
0 0.350000 0.332813 0.350000 0.337500 0.351562 0.340625 0.354687 0.345313 0.359375 0.350000 0.368750 0.354687 0.378125 0.357812 0.395313 0.359375 0.410938 0.359375 0.414062 0.357812 0.420312 0.351562 0.420312 0.348438 0.418750 0.345313 0.410938 0.332813 0.401562 0.323437 0.396875 0.321875 0.390625 0.315625 0.381250 0.309375 0.376563 0.307812 0.368750 0.317188 0.368750 0.320312 0.365625 0.323437 0.357812 0.323437 0.354687 0.325000 0.353125 0.326562
0 0.459375 0.398438 0.456250 0.401562 0.454688 0.404687 0.454688 0.409375 0.453125 0.412500 0.450000 0.415625 0.448437 0.421875 0.445312 0.425000 0.443750 0.428125 0.443750 0.435937 0.445312 0.439063 0.448437 0.442188 0.450000 0.450000 0.457813 0.457813 0.460938 0.459375 0.473438 0.460938 0.481250 0.460938 0.485938 0.459375 0.489063 0.456250 0.490625 0.450000 0.489063 0.439063 0.490625 0.435937 0.493750 0.432812 0.495312 0.429688 0.495312 0.421875 0.493750 0.412500 0.492188 0.409375 0.484375 0.401562 0.478125 0.398438 0.473438 0.396875 0.465625 0.396875
0 0.485938 0.373437 0.482812 0.370312 0.479687 0.368750 0.473438 0.368750 0.468750 0.370312 0.462500 0.376563 0.460938 0.379688 0.457813 0.387500 0.457813 0.395313 0.467187 0.393750 0.479687 0.398438 0.485938 0.396875 0.487500 0.390625 0.487500 0.379688
0 0.564063 0.467187 0.554688 0.467187 0.548438 0.470313 0.542188 0.470313 0.537500 0.471875 0.526563 0.481250 0.523438 0.484375 0.521875 0.489063 0.521875 0.495312 0.518750 0.501563 0.518750 0.512500 0.523438 0.517188 0.526563 0.518750 0.534375 0.520312 0.537500 0.521875 0.540625 0.525000 0.551562 0.529687 0.557813 0.529687 0.565625 0.521875 0.567187 0.515625 0.571875 0.510938 0.579688 0.509375 0.582812 0.506250 0.584375 0.506250 0.585938 0.504687 0.587500 0.501563 0.587500 0.495312 0.581250 0.484375 0.581250 0.478125 0.576562 0.473438 0.571875 0.470313 0.568750 0.468750
0 0.618750 0.423438 0.615625 0.425000 0.604688 0.435937 0.601562 0.440625 0.598437 0.446875 0.598437 0.454688 0.600000 0.460938 0.604688 0.473438 0.606250 0.476562 0.617188 0.487500 0.620313 0.489063 0.623437 0.489063 0.623437 0.479687 0.629687 0.471875 0.631250 0.468750 0.631250 0.457813 0.628125 0.456250 0.626563 0.454688 0.626563 0.453125 0.625000 0.450000 0.632812 0.442188 0.634375 0.437500 0.631250 0.431250 0.625000 0.425000 0.621875 0.423438
0 0.453125 0.467187 0.446875 0.467187 0.435937 0.473438 0.432812 0.476562 0.428125 0.484375 0.423438 0.493750 0.423438 0.498437 0.428125 0.506250 0.428125 0.528125 0.429688 0.531250 0.431250 0.532813 0.437500 0.535937 0.442188 0.535937 0.445312 0.534375 0.450000 0.529687 0.456250 0.526563 0.465625 0.526563 0.471875 0.523438 0.476562 0.518750 0.481250 0.518750 0.484375 0.515625 0.484375 0.492188 0.479687 0.487500 0.475000 0.485938 0.462500 0.473438 0.456250 0.468750
0 0.398438 0.421875 0.392188 0.425000 0.390625 0.426563 0.389062 0.431250 0.384375 0.435937 0.375000 0.439063 0.371875 0.442188 0.370312 0.445312 0.370312 0.462500 0.373437 0.482812 0.375000 0.482812 0.378125 0.485938 0.381250 0.487500 0.401562 0.487500 0.409375 0.492188 0.420312 0.492188 0.423438 0.490625 0.426563 0.485938 0.432812 0.471875 0.435937 0.468750 0.437500 0.468750 0.442188 0.464062 0.442188 0.453125 0.440625 0.450000 0.434375 0.443750 0.428125 0.440625 0.425000 0.437500 0.421875 0.431250 0.415625 0.425000 0.409375 0.421875
0 0.321875 0.420312 0.312500 0.428125 0.309375 0.437500 0.304688 0.445312 0.304688 0.453125 0.306250 0.457813 0.309375 0.464062 0.317188 0.468750 0.318750 0.470313 0.321875 0.476562 0.323437 0.482812 0.329688 0.489063 0.332813 0.490625 0.337500 0.492188 0.340625 0.492188 0.345313 0.490625 0.348438 0.489063 0.351562 0.485938 0.356250 0.484375 0.362500 0.484375 0.365625 0.482812 0.368750 0.479687 0.370312 0.475000 0.370312 0.464062 0.367188 0.454688 0.367188 0.450000 0.368750 0.439063 0.365625 0.435937 0.365625 0.434375 0.364063 0.432812 0.353125 0.425000 0.345313 0.421875 0.326562 0.418750
0 0.320312 0.389062 0.317188 0.395313 0.317188 0.406250 0.318750 0.409375 0.325000 0.417187 0.328125 0.418750 0.332813 0.420312 0.342187 0.420312 0.346875 0.421875 0.356250 0.426563 0.360938 0.431250 0.364063 0.432812 0.373437 0.432812 0.376563 0.431250 0.382812 0.425000 0.384375 0.421875 0.384375 0.418750 0.382812 0.409375 0.381250 0.404687 0.370312 0.387500 0.365625 0.382812 0.362500 0.381250 0.351562 0.381250 0.343750 0.385937 0.335938 0.387500 0.325000 0.385937 0.321875 0.387500
0 0.656250 0.629687 0.656250 0.634375 0.657813 0.643750 0.660937 0.650000 0.657813 0.657813 0.657813 0.662500 0.660937 0.668750 0.665625 0.671875 0.668750 0.673438 0.676562 0.675000 0.696875 0.678125 0.701562 0.675000 0.704688 0.671875 0.704688 0.667188 0.706250 0.664062 0.710938 0.659375 0.714063 0.653125 0.714063 0.646875 0.710938 0.640625 0.706250 0.635938 0.696875 0.628125 0.696875 0.626563 0.689063 0.618750 0.678125 0.618750 0.673438 0.625000 0.671875 0.626563 0.668750 0.628125 0.659375 0.628125
0 0.668750 0.675000 0.667188 0.678125 0.667188 0.685937 0.660937 0.692187 0.659375 0.695312 0.659375 0.701562 0.660937 0.704688 0.668750 0.710938 0.670312 0.712500 0.673438 0.720313 0.679688 0.723437 0.689063 0.721875 0.700000 0.710938 0.701562 0.707812 0.703125 0.703125 0.703125 0.687500 0.701562 0.682813 0.698438 0.679688 0.693750 0.678125 0.687500 0.676562 0.679688 0.675000
0 0.767188 0.643750 0.765625 0.646875 0.764062 0.651563 0.764062 0.671875 0.765625 0.675000 0.767188 0.676562 0.776563 0.681250 0.781250 0.685937 0.790625 0.692187 0.796875 0.693750 0.801562 0.693750 0.804688 0.692187 0.804688 0.689063 0.801562 0.684375 0.804688 0.681250 0.807813 0.681250 0.812500 0.676562 0.812500 0.668750 0.810937 0.664062 0.809375 0.660937 0.804688 0.656250 0.803125 0.656250 0.796875 0.650000 0.796875 0.645312 0.795312 0.642188 0.792188 0.639062 0.789062 0.637500 0.779687 0.637500 0.773438 0.642188 0.770312 0.642188
0 0.800000 0.704688 0.793750 0.706250 0.789062 0.709375 0.779687 0.718750 0.778125 0.721875 0.778125 0.729688 0.779687 0.731250 0.779687 0.740625 0.781250 0.743750 0.784375 0.746875 0.792188 0.748437 0.800000 0.748437 0.801562 0.750000 0.807813 0.750000 0.810937 0.748437 0.821875 0.737500 0.823438 0.734375 0.823438 0.728125 0.821875 0.723437 0.817187 0.714063 0.815625 0.709375 0.812500 0.706250 0.809375 0.704688
0 0.692187 0.762500 0.690625 0.781250 0.690625 0.784375 0.695312 0.789062 0.700000 0.790625 0.710938 0.790625 0.715625 0.795312 0.721875 0.798438 0.725000 0.798438 0.728125 0.796875 0.729688 0.795312 0.732812 0.790625 0.735938 0.789062 0.745313 0.789062 0.746875 0.785937 0.746875 0.778125 0.742188 0.770312 0.740625 0.760938 0.739062 0.757812 0.735938 0.754687 0.732812 0.753125 0.728125 0.751563 0.712500 0.751563 0.704688 0.753125 0.701562 0.754687 0.696875 0.757812
1 0.721875 0.696875 0.721875 0.706250 0.726562 0.710938 0.729688 0.712500 0.740625 0.710938 0.740625 0.704688 0.737500 0.698438 0.735938 0.698438 0.732812 0.695312
0 0.000000 0.879687 0.000000 0.939063 0.003125 0.940625 0.007812 0.942187 0.020313 0.942187 0.040625 0.939063 0.045312 0.937500 0.048438 0.934375 0.046875 0.917188 0.046875 0.914062 0.048438 0.901563 0.035937 0.889062 0.025000 0.882812 0.018750 0.879687 0.012500 0.878125 0.003125 0.878125
0 0.075000 0.909375 0.071875 0.910937 0.059375 0.923438 0.057813 0.926562 0.056250 0.934375 0.056250 0.937500 0.060937 0.951562 0.062500 0.954688 0.070312 0.965625 0.079687 0.975000 0.087500 0.978125 0.101562 0.978125 0.104688 0.976562 0.104688 0.960938 0.109375 0.956250 0.112500 0.950000 0.112500 0.940625 0.110937 0.937500 0.104688 0.931250 0.100000 0.928125 0.096875 0.926562 0.093750 0.926562 0.090625 0.923438 0.087500 0.914062 0.081250 0.909375
0 0.012500 0.975000 0.012500 0.982812 0.014063 0.987500 0.018750 0.998437 0.067187 0.998437 0.073438 0.992188 0.075000 0.989062 0.075000 0.976562 0.073438 0.971875 0.060937 0.957812 0.057813 0.954688 0.040625 0.954688 0.037500 0.956250 0.032813 0.960938 0.029687 0.962500 0.025000 0.962500 0.021875 0.964063 0.014063 0.971875
0 0.650000 0.989062 0.650000 0.995313 0.651563 0.998437 0.750000 0.998437 0.750000 0.989062 0.748437 0.987500 0.748437 0.976562 0.746875 0.973437 0.745313 0.971875 0.735938 0.967187 0.729688 0.967187 0.723437 0.965625 0.718750 0.962500 0.714063 0.957812 0.709375 0.956250 0.696875 0.957812 0.690625 0.957812 0.687500 0.956250 0.684375 0.953125 0.681250 0.951562 0.676562 0.950000 0.664062 0.951562 0.662500 0.954688 0.660937 0.970313 0.660937 0.975000 0.662500 0.976562 0.662500 0.981250 0.659375 0.984375 0.654687 0.985938
0 0.548438 0.400000 0.542188 0.398438 0.535937 0.401562 0.535937 0.412500 0.534375 0.415625 0.528125 0.423438 0.528125 0.428125 0.535937 0.435937 0.540625 0.435937 0.543750 0.434375 0.553125 0.428125 0.554688 0.425000 0.554688 0.415625 0.550000 0.409375 0.550000 0.403125
0 0.750000 0.970313 0.748437 0.976562 0.750000 0.981250 0.750000 0.990625 0.751563 0.992188 0.751563 0.998437 0.789062 0.998437 0.787500 0.995313 0.787500 0.993750 0.785937 0.992188 0.782813 0.990625 0.782813 0.989062 0.779687 0.985938 0.779687 0.982812 0.776563 0.978125 0.770312 0.971875 0.767188 0.970313 0.760938 0.968750 0.753125 0.968750