0 0.676562 0.245312 0.670312 0.245312 0.667188 0.246875 0.660937 0.253125 0.657813 0.253125 0.654687 0.254688 0.650000 0.259375 0.648438 0.262500 0.648438 0.271875 0.653125 0.281250 0.653125 0.289062 0.651563 0.303125 0.653125 0.306250 0.656250 0.307812 0.664062 0.307812 0.667188 0.306250 0.671875 0.303125 0.676562 0.298438 0.678125 0.298438 0.681250 0.295312 0.689063 0.285938 0.692187 0.278125 0.690625 0.267188 0.689063 0.259375 0.685937 0.253125 0.679688 0.246875
0 0.806250 0.268750 0.803125 0.267188 0.793750 0.267188 0.790625 0.268750 0.787500 0.271875 0.770312 0.271875 0.767188 0.275000 0.767188 0.289062 0.768750 0.303125 0.770312 0.306250 0.773438 0.309375 0.781250 0.309375 0.790625 0.312500 0.793750 0.312500 0.803125 0.309375 0.806250 0.307812 0.812500 0.303125 0.817187 0.298438 0.817187 0.285938 0.815625 0.282813
0 0.817187 0.075000 0.812500 0.079687 0.810937 0.082812 0.809375 0.087500 0.809375 0.103125 0.810937 0.107813 0.814063 0.112500 0.820312 0.115625 0.826562 0.115625 0.834375 0.114062 0.837500 0.112500 0.840625 0.109375 0.843750 0.103125 0.845313 0.098437 0.845313 0.093750 0.843750 0.092188 0.843750 0.085938 0.839063 0.081250 0.832812 0.076563 0.829688 0.075000
0 0.779687 0.993750 0.778125 0.989062 0.775000 0.982812 0.771875 0.978125 0.767188 0.971875 0.762500 0.967187 0.759375 0.965625 0.753125 0.964063 0.748437 0.964063 0.743750 0.965625 0.735938 0.971875 0.731250 0.973437 0.725000 0.973437 0.718750 0.979688 0.717187 0.982812 0.715625 0.987500 0.714063 0.998437 0.779687 0.998437
0 0.784375 0.934375 0.778125 0.937500 0.775000 0.943750 0.775000 0.950000 0.778125 0.953125 0.779687 0.957812 0.779687 0.962500 0.778125 0.975000 0.779687 0.979688 0.784375 0.989062 0.789062 0.993750 0.795312 0.998437 0.798438 0.998437 0.800000 0.993750 0.806250 0.992188 0.809375 0.990625 0.815625 0.984375 0.817187 0.981250 0.817187 0.970313 0.809375 0.960938 0.810937 0.946875 0.809375 0.942187 0.806250 0.939063 0.792188 0.934375
0 0.732812 0.893750 0.731250 0.900000 0.731250 0.910937 0.732812 0.915625 0.737500 0.926562 0.740625 0.932813 0.745313 0.937500 0.750000 0.939063 0.756250 0.940625 0.770312 0.940625 0.773438 0.939063 0.781250 0.932813 0.784375 0.932813 0.787500 0.929688 0.787500 0.918750 0.784375 0.906250 0.782813 0.903125 0.779687 0.900000 0.773438 0.896875 0.759375 0.889062 0.753125 0.887500 0.739062 0.887500
0 0.759375 0.814063 0.750000 0.817187 0.746875 0.818750 0.745313 0.820312 0.743750 0.823438 0.743750 0.826562 0.739062 0.831250 0.731250 0.837500 0.728125 0.843750 0.726562 0.848437 0.731250 0.873437 0.734375 0.879687 0.740625 0.885938 0.746875 0.887500 0.754687 0.887500 0.760938 0.889062 0.768750 0.893750 0.773438 0.895312 0.778125 0.895312 0.784375 0.892188 0.787500 0.889062 0.789062 0.889062 0.790625 0.887500 0.792188 0.884375 0.793750 0.879687 0.793750 0.875000 0.792188 0.873437 0.793750 0.867188 0.795312 0.867188 0.798438 0.864062 0.800000 0.860938 0.801562 0.856250 0.803125 0.848437 0.803125 0.845313 0.801562 0.840625 0.785937 0.823438 0.778125 0.815625 0.773438 0.814063
0 0.731250 0.796875 0.731250 0.806250 0.732812 0.809375 0.735938 0.812500 0.740625 0.815625 0.743750 0.817187 0.748437 0.817187 0.754687 0.815625 0.759375 0.812500 0.773438 0.814063 0.778125 0.814063 0.782813 0.809375 0.782813 0.806250 0.785937 0.803125 0.787500 0.800000 0.787500 0.795312 0.778125 0.785937 0.773438 0.782813 0.762500 0.781250 0.746875 0.781250 0.746875 0.789062 0.743750 0.792188 0.739062 0.790625 0.732812 0.793750
0 0.795312 0.751563 0.789062 0.745313 0.785937 0.743750 0.779687 0.743750 0.776563 0.745313 0.768750 0.748437 0.764062 0.746875 0.754687 0.746875 0.751563 0.748437 0.750000 0.750000 0.750000 0.751563 0.746875 0.754687 0.746875 0.760938 0.743750 0.767188 0.743750 0.778125 0.745313 0.781250 0.757812 0.782813 0.764062 0.785937 0.771875 0.787500 0.782813 0.787500 0.787500 0.790625 0.790625 0.790625 0.789062 0.784375 0.789062 0.781250 0.793750 0.773438 0.795312 0.767188
0 0.796875 0.793750 0.787500 0.803125 0.785937 0.806250 0.784375 0.810937 0.784375 0.817187 0.787500 0.821875 0.796875 0.831250 0.806250 0.831250 0.810937 0.828125 0.818750 0.820312 0.818750 0.803125 0.817187 0.800000 0.812500 0.795312 0.809375 0.793750
0 0.818750 0.834375 0.815625 0.835938 0.810937 0.840625 0.809375 0.845313 0.809375 0.851562 0.810937 0.854688 0.815625 0.860938 0.815625 0.868750 0.817187 0.875000 0.818750 0.878125 0.821875 0.882812 0.826562 0.887500 0.828125 0.892188 0.834375 0.898438 0.842187 0.898438 0.845313 0.895312 0.845313 0.890625 0.846875 0.885938 0.850000 0.882812 0.850000 0.878125 0.848437 0.875000 0.843750 0.871875 0.837500 0.860938 0.834375 0.854688 0.834375 0.848437 0.832812 0.843750 0.829688 0.837500 0.826562 0.834375
0 0.856250 0.815625 0.851562 0.817187 0.848437 0.818750 0.840625 0.826562 0.839063 0.831250 0.839063 0.859375 0.840625 0.865625 0.843750 0.870313 0.850000 0.878125 0.850000 0.879687 0.853125 0.881250 0.856250 0.879687 0.862500 0.871875 0.862500 0.857812 0.865625 0.850000 0.865625 0.831250 0.862500 0.825000
0 0.873437 0.807813 0.865625 0.809375 0.860938 0.810937 0.857812 0.812500 0.856250 0.815625 0.856250 0.818750 0.857812 0.821875 0.860938 0.825000 0.862500 0.834375 0.860938 0.862500 0.860938 0.867188 0.862500 0.868750 0.862500 0.871875 0.879687 0.871875 0.884375 0.867188 0.885938 0.857812 0.885938 0.854688 0.892188 0.848437 0.895312 0.843750 0.895312 0.826562 0.890625 0.821875 0.887500 0.820312 0.884375 0.820312 0.881250 0.818750 0.879687 0.812500 0.876563 0.809375
0 0.815625 0.728125 0.814063 0.729688 0.812500 0.732812 0.812500 0.745313 0.815625 0.754687 0.818750 0.760938 0.826562 0.768750 0.831250 0.770312 0.835938 0.775000 0.835938 0.776563 0.840625 0.781250 0.845313 0.782813 0.856250 0.782813 0.860938 0.778125 0.862500 0.775000 0.862500 0.754687 0.859375 0.734375 0.851562 0.726562 0.846875 0.725000 0.834375 0.723437 0.825000 0.726562 0.818750 0.726562
0 0.903125 0.725000 0.898438 0.729688 0.895312 0.735938 0.892188 0.739062 0.885938 0.739062 0.882812 0.740625 0.879687 0.746875 0.879687 0.756250 0.881250 0.760938 0.884375 0.767188 0.889062 0.767188 0.890625 0.770312 0.895312 0.770312 0.904687 0.771875 0.915625 0.776563 0.923438 0.778125 0.929688 0.775000 0.931250 0.768750 0.932813 0.765625 0.935937 0.762500 0.937500 0.759375 0.937500 0.753125 0.935937 0.746875 0.934375 0.743750 0.931250 0.740625 0.921875 0.732812 0.920312 0.728125 0.914062 0.725000
0 0.879687 0.779687 0.876563 0.785937 0.876563 0.804688 0.879687 0.810937 0.882812 0.814063 0.901563 0.823438 0.909375 0.823438 0.912500 0.821875 0.914062 0.820312 0.918750 0.810937 0.917188 0.795312 0.918750 0.789062 0.918750 0.785937 0.914062 0.781250 0.910937 0.779687 0.904687 0.778125 0.904687 0.776563 0.896875 0.773438 0.890625 0.775000 0.885938 0.779687
0 0.931250 0.776563 0.921875 0.785937 0.920312 0.790625 0.920312 0.809375 0.921875 0.812500 0.926562 0.817187 0.929688 0.818750 0.935937 0.820312 0.940625 0.820312 0.943750 0.818750 0.948438 0.814063 0.951562 0.804688 0.951562 0.796875 0.950000 0.790625 0.948438 0.785937 0.945312 0.779687 0.942187 0.778125 0.934375 0.776563
0 0.901563 0.679688 0.900000 0.685937 0.900000 0.693750 0.898438 0.696875 0.895312 0.698438 0.893750 0.706250 0.895312 0.709375 0.898438 0.714063 0.903125 0.717187 0.918750 0.725000 0.931250 0.726562 0.935937 0.726562 0.948438 0.718750 0.954688 0.714063 0.954688 0.710938 0.953125 0.707812 0.946875 0.700000 0.946875 0.687500 0.943750 0.681250 0.940625 0.679688 0.934375 0.679688 0.925000 0.684375 0.921875 0.682813 0.915625 0.676562 0.912500 0.675000 0.906250 0.675000
0 0.957812 0.718750 0.953125 0.718750 0.943750 0.723437 0.937500 0.729688 0.937500 0.745313 0.939063 0.751563 0.942187 0.756250 0.946875 0.760938 0.954688 0.760938 0.964063 0.754687 0.973437 0.751563 0.976562 0.748437 0.976562 0.743750 0.979688 0.739062 0.979688 0.734375 0.978125 0.731250 0.973437 0.729688 0.965625 0.726562
0 0.989062 0.753125 0.985938 0.751563 0.981250 0.750000 0.975000 0.750000 0.970313 0.751563 0.964063 0.754687 0.960938 0.757812 0.959375 0.757812 0.957812 0.759375 0.957812 0.760938 0.954688 0.764062 0.953125 0.767188 0.951562 0.773438 0.951562 0.782813 0.954688 0.790625 0.954688 0.804688 0.965625 0.801562 0.975000 0.801562 0.979688 0.798438 0.984375 0.796875 0.985938 0.792188 0.987500 0.792188 0.992188 0.789062 0.992188 0.785937 0.993750 0.784375 0.992188 0.778125 0.993750 0.773438 0.996875 0.768750 0.996875 0.762500 0.995313 0.759375
0 0.998437 0.793750 0.993750 0.792188 0.989062 0.796875 0.985938 0.798438 0.970313 0.801562 0.967187 0.798438 0.960938 0.798438 0.957812 0.800000 0.956250 0.801562 0.954688 0.804688 0.954688 0.809375 0.956250 0.814063 0.962500 0.825000 0.964063 0.832812 0.965625 0.835938 0.973437 0.843750 0.992188 0.843750 0.998437 0.839063
0 0.942187 0.823438 0.932813 0.823438 0.923438 0.818750 0.918750 0.820312 0.912500 0.826562 0.910937 0.826562 0.906250 0.831250 0.904687 0.835938 0.904687 0.850000 0.906250 0.856250 0.907813 0.860938 0.909375 0.864062 0.912500 0.865625 0.921875 0.865625 0.923438 0.864062 0.934375 0.864062 0.937500 0.862500 0.943750 0.856250 0.946875 0.850000 0.948438 0.834375 0.948438 0.831250 0.946875 0.828125
1 0.876563 0.662500 0.871875 0.664062 0.865625 0.670312 0.864062 0.676562 0.864062 0.684375 0.865625 0.692187 0.867188 0.696875 0.870313 0.701562 0.875000 0.707812 0.882812 0.707812 0.889062 0.700000 0.893750 0.689063 0.893750 0.675000 0.892188 0.671875 0.884375 0.664062 0.879687 0.662500
1 0.704688 0.334375 0.701562 0.335938 0.700000 0.337500 0.698438 0.340625 0.696875 0.345313 0.696875 0.350000 0.698438 0.354687 0.700000 0.357812 0.704688 0.360938 0.710938 0.360938 0.714063 0.359375 0.718750 0.354687 0.720313 0.351562 0.720313 0.340625 0.718750 0.337500 0.717187 0.335938 0.714063 0.334375
1 0.762500 0.350000 0.759375 0.351562 0.756250 0.357812 0.756250 0.368750 0.757812 0.371875 0.760938 0.375000 0.764062 0.376563 0.768750 0.376563 0.771875 0.375000 0.776563 0.370312 0.778125 0.365625 0.778125 0.360938 0.776563 0.354687 0.773438 0.351562 0.770312 0.350000
1 0.809375 0.382812 0.803125 0.389062 0.803125 0.400000 0.804688 0.403125 0.806250 0.404687 0.807813 0.404687 0.810937 0.407813 0.817187 0.407813 0.820312 0.401562 0.821875 0.396875 0.821875 0.392188 0.820312 0.387500 0.815625 0.382812
1 0.845313 0.314063 0.835938 0.314063 0.832812 0.315625 0.829688 0.318750 0.828125 0.323437 0.828125 0.332813 0.829688 0.335938 0.831250 0.337500 0.837500 0.340625 0.840625 0.340625 0.845313 0.339062 0.850000 0.334375 0.853125 0.328125 0.853125 0.321875 0.851562 0.318750 0.848437 0.315625
1 0.868750 0.356250 0.865625 0.359375 0.864062 0.362500 0.864062 0.371875 0.865625 0.375000 0.867188 0.376563 0.873437 0.379688 0.878125 0.379688 0.884375 0.373437 0.884375 0.364063 0.882812 0.360938 0.879687 0.357812 0.876563 0.356250
0 0.928125 0.312000 0.920312 0.312000 0.917188 0.315125 0.914062 0.315125 0.910937 0.318250 0.912500 0.333875 0.915625 0.335437 0.920312 0.335437 0.925000 0.333875 0.928125 0.332313 0.929688 0.330750 0.931250 0.327625 0.932813 0.321375 0.931250 0.315125
0 0.907813 0.282562 0.904687 0.284125 0.903125 0.285687 0.900000 0.291938 0.900000 0.304438 0.901563 0.309125 0.904687 0.312250 0.907813 0.313812 0.914062 0.313812 0.920312 0.310688 0.921875 0.309125 0.923438 0.306000 0.925000 0.301312 0.925000 0.290375 0.923438 0.287250 0.920312 0.284125 0.910937 0.282562
0 0.928125 0.242094 0.925000 0.245219 0.923438 0.245219 0.921875 0.246781 0.918750 0.253031 0.918750 0.262406 0.920312 0.273344 0.921875 0.276469 0.925000 0.279594 0.928125 0.281156 0.934375 0.282719 0.940625 0.282719 0.948438 0.274906 0.950000 0.271781 0.950000 0.257719 0.948438 0.253031 0.939063 0.243656 0.935937 0.242094
1 0.860938 0.110937 0.857812 0.112500 0.854688 0.118750 0.854688 0.129688 0.856250 0.132812 0.859375 0.134375 0.865625 0.134375 0.871875 0.131250 0.873437 0.128125 0.873437 0.117188 0.868750 0.112500 0.865625 0.110937
1 0.900000 0.131250 0.896875 0.134375 0.895312 0.139063 0.895312 0.145313 0.898438 0.151562 0.901563 0.153125 0.907813 0.153125 0.910937 0.151562 0.912500 0.148438 0.912500 0.135937 0.907813 0.131250
1 0.865625 0.154688 0.859375 0.160938 0.856250 0.165625 0.857812 0.173437 0.864062 0.175000 0.873437 0.175000 0.876563 0.173437 0.878125 0.170313 0.878125 0.160938 0.876563 0.157812 0.875000 0.156250 0.871875 0.154688
1 0.743750 0.231250 0.740625 0.232813 0.737500 0.235937 0.735938 0.239063 0.735938 0.248438 0.739062 0.254688 0.742188 0.256250 0.751563 0.256250 0.756250 0.251563 0.756250 0.239063 0.753125 0.234375 0.746875 0.231250
1 0.920312 0.228125 0.921875 0.237500 0.937500 0.239063 0.943750 0.237500 0.943750 0.226562 0.940625 0.223438 0.937500 0.221875 0.931250 0.221875 0.926562 0.223438 0.923438 0.225000
0 0.825000 0.131250 0.818750 0.131250 0.815625 0.132812 0.815625 0.135937 0.814063 0.137500 0.814063 0.140625 0.815625 0.165625 0.820312 0.175000 0.825000 0.173437 0.826562 0.168750 0.826562 0.154688 0.832812 0.148438 0.834375 0.145313 0.834375 0.139063 0.832812 0.135937 0.829688 0.132812