0 0.134375 0.023438 0.143750 0.032813 0.143750 0.035937 0.142187 0.037500 0.143750 0.042188 0.145313 0.042188 0.146875 0.048438 0.150000 0.050000 0.159375 0.056250 0.162500 0.056250 0.165625 0.059375 0.168750 0.060937 0.175000 0.060937 0.176563 0.059375 0.192188 0.059375 0.195312 0.057813 0.196875 0.056250 0.198437 0.053125 0.200000 0.042188 0.203125 0.039062 0.212500 0.035937 0.228125 0.035937 0.229687 0.032813 0.231250 0.028125 0.231250 0.020313 0.234375 0.015625 0.234375 0.012500 0.235937 0.009375 0.232813 0.007812 0.228125 0.006250 0.209375 0.006250 0.206250 0.009375 0.196875 0.009375 0.192188 0.007812 0.189062 0.004687 0.187500 0.000000 0.150000 0.000000 0.137500 0.012500 0.137500 0.014063 0.134375 0.017188
0 0.000000 0.037500 0.000000 0.073438 0.012500 0.075000 0.017188 0.075000 0.018750 0.073438 0.025000 0.073438 0.032813 0.078125 0.039062 0.078125 0.042188 0.076563 0.046875 0.071875 0.046875 0.068750 0.045312 0.064062 0.031250 0.050000 0.023438 0.048438 0.017188 0.045312 0.012500 0.040625 0.006250 0.037500
0 0.035937 0.043750 0.037500 0.050000 0.042188 0.053125 0.042188 0.059375 0.046875 0.065625 0.060937 0.067187 0.067187 0.064062 0.073438 0.062500 0.076563 0.056250 0.078125 0.050000 0.082812 0.050000 0.093750 0.051562 0.109375 0.043750 0.118750 0.043750 0.121875 0.046875 0.129688 0.046875 0.132812 0.043750 0.134375 0.043750 0.135937 0.039062 0.132812 0.035937 0.109375 0.028125 0.096875 0.025000 0.084375 0.023438 0.070312 0.026562 0.070312 0.029687 0.073438 0.032813 0.071875 0.039062 0.056250 0.037500 0.045312 0.037500 0.039062 0.040625
0 0.167187 0.064062 0.162500 0.060937 0.157812 0.059375 0.150000 0.053125 0.148438 0.051562 0.148438 0.050000 0.146875 0.048438 0.139063 0.042188 0.134375 0.045312 0.131250 0.046875 0.125000 0.048438 0.115625 0.057813 0.115625 0.059375 0.107813 0.067187 0.103125 0.068750 0.101562 0.075000 0.106250 0.076563 0.109375 0.079687 0.112500 0.081250 0.117188 0.082812 0.123438 0.084375 0.135937 0.084375 0.139063 0.082812 0.142187 0.079687 0.148438 0.071875 0.160938 0.071875 0.167187 0.068750
0 0.364063 0.154688 0.357812 0.151562 0.353125 0.151562 0.350000 0.153125 0.340625 0.162500 0.337500 0.162500 0.332813 0.159375 0.320312 0.160938 0.318750 0.164062 0.318750 0.171875 0.310937 0.185938 0.304688 0.192188 0.303125 0.195312 0.303125 0.201563 0.306250 0.207813 0.314063 0.215625 0.317188 0.217188 0.331250 0.217188 0.335938 0.215625 0.339062 0.214062 0.342187 0.210938 0.345313 0.209375 0.353125 0.206250 0.357812 0.206250 0.360938 0.203125 0.362500 0.200000 0.364063 0.193750 0.365625 0.193750 0.368750 0.190625 0.370312 0.190625 0.371875 0.182812 0.365625 0.175000 0.370312 0.165625 0.370312 0.162500 0.368750 0.159375
0 0.357812 0.209375 0.354687 0.210938 0.348438 0.217188 0.345313 0.217188 0.342187 0.218750 0.340625 0.220312 0.335938 0.229687 0.334375 0.234375 0.334375 0.265625 0.340625 0.278125 0.345313 0.282813 0.354687 0.290625 0.357812 0.292187 0.367188 0.293750 0.392188 0.293750 0.395313 0.292187 0.401562 0.287500 0.403125 0.281250 0.407813 0.276562 0.415625 0.271875 0.421875 0.265625 0.420312 0.256250 0.420312 0.251563 0.421875 0.235937 0.420312 0.232813 0.415625 0.228125 0.392188 0.214062 0.379688 0.214062 0.373437 0.210938 0.367188 0.209375
0 0.325000 0.220312 0.315625 0.220312 0.312500 0.221875 0.310937 0.225000 0.304688 0.226562 0.303125 0.225000 0.296875 0.225000 0.289062 0.229687 0.282813 0.229687 0.279687 0.231250 0.278125 0.237500 0.273438 0.242188 0.271875 0.242188 0.267188 0.246875 0.267188 0.260937 0.268750 0.267188 0.271875 0.276562 0.273438 0.279687 0.278125 0.285938 0.279687 0.289062 0.279687 0.293750 0.281250 0.298438 0.284375 0.301563 0.287500 0.303125 0.290625 0.303125 0.293750 0.307812 0.292187 0.317188 0.295312 0.320312 0.309375 0.320312 0.315625 0.318750 0.321875 0.312500 0.323437 0.309375 0.328125 0.293750 0.328125 0.284375 0.332813 0.276562 0.334375 0.271875 0.334375 0.237500 0.332813 0.231250 0.331250 0.226562 0.329688 0.223438 0.328125 0.221875
0 0.298438 0.325000 0.298438 0.329688 0.295312 0.332813 0.293750 0.337500 0.295312 0.340625 0.303125 0.348438 0.303125 0.356250 0.307812 0.365625 0.310937 0.370312 0.314063 0.371875 0.318750 0.371875 0.323437 0.373437 0.328125 0.378125 0.331250 0.382812 0.331250 0.384375 0.332813 0.385937 0.335938 0.387500 0.345313 0.387500 0.357812 0.375000 0.360938 0.375000 0.364063 0.373437 0.367188 0.370312 0.367188 0.359375 0.365625 0.356250 0.360938 0.351562 0.359375 0.348438 0.357812 0.342187 0.346875 0.331250 0.342187 0.329688 0.334375 0.321875 0.329688 0.318750 0.326562 0.317188 0.318750 0.317188 0.314063 0.321875 0.310937 0.323437 0.301563 0.323437
0 0.395313 0.184375 0.395313 0.189062 0.398438 0.193750 0.404687 0.200000 0.417187 0.204687 0.420312 0.207813 0.420312 0.209375 0.423438 0.212500 0.429688 0.215625 0.448437 0.218750 0.457813 0.218750 0.459375 0.217188 0.470313 0.217188 0.479687 0.214062 0.482812 0.212500 0.484375 0.209375 0.484375 0.198437 0.481250 0.196875 0.475000 0.195312 0.468750 0.190625 0.462500 0.187500 0.454688 0.187500 0.450000 0.182812 0.448437 0.178125 0.445312 0.175000 0.440625 0.176563 0.439063 0.182812 0.434375 0.187500 0.431250 0.187500 0.421875 0.176563 0.417187 0.171875 0.414062 0.170313 0.409375 0.170313 0.406250 0.173437 0.404687 0.181250 0.398438 0.181250
0 0.481250 0.210938 0.478125 0.214062 0.470313 0.215625 0.462500 0.215625 0.456250 0.217188 0.450000 0.221875 0.448437 0.223438 0.446875 0.226562 0.446875 0.234375 0.451562 0.242188 0.456250 0.254688 0.456250 0.268750 0.457813 0.271875 0.462500 0.275000 0.465625 0.275000 0.468750 0.276562 0.481250 0.287500 0.484375 0.289062 0.490625 0.287500 0.493750 0.282813 0.501563 0.282813 0.504687 0.281250 0.506250 0.278125 0.506250 0.265625 0.509375 0.256250 0.509375 0.248438 0.507812 0.235937 0.506250 0.232813 0.498437 0.221875 0.493750 0.218750 0.489063 0.217188 0.484375 0.212500
0 0.351562 0.332813 0.353125 0.335938 0.357812 0.340625 0.357812 0.345313 0.359375 0.348438 0.365625 0.354687 0.367188 0.362500 0.367188 0.373437 0.368750 0.378125 0.370312 0.381250 0.375000 0.385937 0.379688 0.389062 0.384375 0.390625 0.389062 0.390625 0.395313 0.387500 0.400000 0.376563 0.406250 0.375000 0.410938 0.371875 0.415625 0.371875 0.421875 0.375000 0.429688 0.371875 0.426563 0.368750 0.429688 0.365625 0.432812 0.365625 0.435937 0.364063 0.437500 0.362500 0.439063 0.359375 0.439063 0.353125 0.437500 0.350000 0.434375 0.346875 0.431250 0.346875 0.428125 0.343750 0.428125 0.340625 0.429688 0.335938 0.429688 0.329688 0.428125 0.328125 0.425000 0.326562 0.421875 0.326562 0.415625 0.329688 0.404687 0.329688 0.400000 0.326562 0.395313 0.325000 0.384375 0.325000 0.376563 0.317188 0.373437 0.315625 0.368750 0.317188 0.365625 0.320312 0.362500 0.321875 0.359375 0.321875 0.356250 0.325000
0 0.006250 0.320312 0.000000 0.323437 0.000000 0.390625 0.004687 0.392188 0.012500 0.389062 0.017188 0.389062 0.028125 0.395313 0.034375 0.395313 0.037500 0.393750 0.040625 0.390625 0.042188 0.384375 0.042188 0.371875 0.048438 0.360938 0.046875 0.353125 0.045312 0.348438 0.040625 0.340625 0.039062 0.332813 0.034375 0.328125 0.020313 0.321875 0.015625 0.320312
0 0.068750 0.468750 0.064062 0.465625 0.059375 0.464062 0.051562 0.464062 0.046875 0.465625 0.043750 0.468750 0.040625 0.470313 0.037500 0.470313 0.035937 0.468750 0.031250 0.468750 0.028125 0.470313 0.026562 0.475000 0.023438 0.481250 0.012500 0.492188 0.012500 0.503125 0.014063 0.506250 0.031250 0.506250 0.035937 0.500000 0.040625 0.498437 0.050000 0.489063 0.053125 0.484375 0.053125 0.482812 0.057813 0.481250 0.065625 0.479687 0.070312 0.478125 0.070312 0.471875
0 0.000000 0.504687 0.000000 0.548438 0.003125 0.548438 0.004687 0.550000 0.012500 0.551562 0.025000 0.545312 0.029687 0.545312 0.032813 0.543750 0.035937 0.537500 0.035937 0.528125 0.039062 0.525000 0.039062 0.521875 0.035937 0.518750 0.028125 0.515625 0.020313 0.507812 0.017188 0.506250 0.012500 0.504687
0 0.229687 0.476562 0.232813 0.481250 0.232813 0.489063 0.228125 0.496875 0.228125 0.501563 0.231250 0.506250 0.235937 0.510938 0.239063 0.518750 0.243750 0.523438 0.243750 0.534375 0.246875 0.539062 0.251563 0.543750 0.254688 0.545312 0.267188 0.546875 0.275000 0.546875 0.279687 0.542188 0.282813 0.542188 0.285938 0.540625 0.287500 0.526563 0.285938 0.518750 0.282813 0.512500 0.282813 0.503125 0.279687 0.493750 0.268750 0.471875 0.264062 0.468750 0.254688 0.468750 0.246875 0.470313 0.243750 0.473438
0 0.314063 0.404687 0.312500 0.406250 0.309375 0.412500 0.309375 0.423438 0.310937 0.426563 0.314063 0.429688 0.314063 0.442188 0.317188 0.450000 0.326562 0.459375 0.328125 0.464062 0.331250 0.467187 0.339062 0.471875 0.367188 0.471875 0.373437 0.475000 0.379688 0.476562 0.384375 0.476562 0.389062 0.473438 0.393750 0.471875 0.395313 0.464062 0.395313 0.457813 0.396875 0.454688 0.401562 0.450000 0.403125 0.450000 0.407813 0.445312 0.407813 0.435937 0.406250 0.420312 0.404687 0.414062 0.400000 0.409375 0.396875 0.401562 0.390625 0.395313 0.385937 0.393750 0.381250 0.393750 0.378125 0.392188 0.373437 0.387500 0.364063 0.382812 0.356250 0.382812 0.350000 0.385937 0.346875 0.389062 0.345313 0.392188 0.345313 0.398438 0.343750 0.404687 0.340625 0.407813 0.335938 0.406250 0.332813 0.403125 0.317188 0.403125
0 0.426563 0.440625 0.420312 0.442188 0.414062 0.445312 0.410938 0.448437 0.400000 0.453125 0.396875 0.460938 0.396875 0.464062 0.398438 0.471875 0.395313 0.478125 0.392188 0.481250 0.390625 0.484375 0.390625 0.496875 0.385937 0.504687 0.385937 0.515625 0.387500 0.518750 0.395313 0.526563 0.403125 0.529687 0.412500 0.534375 0.420312 0.537500 0.434375 0.537500 0.437500 0.535937 0.440625 0.532813 0.440625 0.531250 0.445312 0.526563 0.446875 0.521875 0.460938 0.518750 0.467187 0.512500 0.468750 0.484375 0.467187 0.482812 0.467187 0.478125 0.465625 0.473438 0.462500 0.467187 0.453125 0.459375 0.448437 0.454688 0.446875 0.450000 0.442188 0.445312 0.435937 0.442188
0 0.304688 0.567187 0.307812 0.568750 0.309375 0.570312 0.315625 0.571875 0.317188 0.575000 0.312500 0.582812 0.314063 0.589063 0.317188 0.590625 0.328125 0.590625 0.340625 0.584375 0.346875 0.590625 0.350000 0.592187 0.357812 0.593750 0.364063 0.596875 0.368750 0.601562 0.371875 0.609375 0.375000 0.612500 0.379688 0.612500 0.382812 0.609375 0.382812 0.607812 0.385937 0.604688 0.390625 0.603125 0.390625 0.595313 0.389062 0.592187 0.384375 0.587500 0.382812 0.587500 0.378125 0.582812 0.376563 0.578125 0.371875 0.573438 0.362500 0.568750 0.351562 0.565625 0.345313 0.565625 0.339062 0.564063 0.328125 0.559375 0.317188 0.559375 0.312500 0.560937 0.306250 0.564063
0 0.551562 0.071875 0.546875 0.076563 0.545312 0.079687 0.545312 0.092188 0.546875 0.095312 0.551562 0.101562 0.550000 0.106250 0.539062 0.110937 0.537500 0.114062 0.542188 0.118750 0.551562 0.123438 0.556250 0.125000 0.560937 0.125000 0.570312 0.129688 0.579688 0.139063 0.585938 0.142187 0.607812 0.142187 0.610938 0.139063 0.610938 0.131250 0.612500 0.126562 0.615625 0.123438 0.626563 0.115625 0.631250 0.114062 0.634375 0.110937 0.635938 0.104688 0.635938 0.100000 0.634375 0.096875 0.629687 0.093750 0.628125 0.090625 0.628125 0.084375 0.629687 0.082812 0.629687 0.078125 0.626563 0.071875 0.620313 0.068750 0.615625 0.067187 0.604688 0.067187 0.601562 0.065625 0.598437 0.062500 0.590625 0.059375 0.581250 0.059375 0.578125 0.060937 0.575000 0.064062 0.575000 0.065625 0.570312 0.070312 0.554688 0.070312
0 0.532813 0.139063 0.526563 0.139063 0.523438 0.140625 0.520312 0.143750 0.517188 0.145313 0.510938 0.146875 0.504687 0.146875 0.498437 0.150000 0.495312 0.153125 0.493750 0.156250 0.493750 0.173437 0.487500 0.179688 0.485938 0.182812 0.484375 0.192188 0.487500 0.200000 0.487500 0.209375 0.489063 0.212500 0.496875 0.218750 0.500000 0.221875 0.507812 0.231250 0.510938 0.232813 0.523438 0.232813 0.523438 0.228125 0.528125 0.223438 0.529687 0.209375 0.529687 0.192188 0.532813 0.185938 0.535937 0.181250 0.545312 0.171875 0.546875 0.168750 0.548438 0.164062 0.548438 0.160938 0.545312 0.151562 0.542188 0.145313 0.539062 0.142187
0 0.539062 0.181250 0.539062 0.184375 0.535937 0.189062 0.534375 0.201563 0.535937 0.212500 0.534375 0.228125 0.531250 0.234375 0.531250 0.239063 0.534375 0.242188 0.534375 0.248438 0.537500 0.254688 0.543750 0.257812 0.551562 0.259375 0.554688 0.260937 0.560937 0.267188 0.564063 0.268750 0.568750 0.268750 0.571875 0.265625 0.576562 0.264062 0.581250 0.264062 0.587500 0.260937 0.596875 0.251563 0.600000 0.251563 0.603125 0.250000 0.607812 0.245312 0.609375 0.242188 0.609375 0.225000 0.604688 0.218750 0.604688 0.210938 0.607812 0.206250 0.607812 0.203125 0.606250 0.198437 0.604688 0.195312 0.596875 0.187500 0.593750 0.185938 0.587500 0.184375 0.571875 0.184375 0.556250 0.182812 0.551562 0.179688
0 0.528125 0.310937 0.528125 0.318750 0.531250 0.328125 0.535937 0.332813 0.540625 0.334375 0.545312 0.334375 0.550000 0.335938 0.553125 0.337500 0.559375 0.342187 0.562500 0.343750 0.568750 0.345313 0.578125 0.345313 0.582812 0.343750 0.590625 0.337500 0.598437 0.334375 0.609375 0.332813 0.620313 0.332813 0.626563 0.329688 0.628125 0.328125 0.632812 0.320312 0.646875 0.317188 0.648438 0.314063 0.648438 0.310937 0.646875 0.309375 0.646875 0.306250 0.648438 0.296875 0.646875 0.293750 0.640625 0.287500 0.639062 0.282813 0.631250 0.275000 0.625000 0.271875 0.615625 0.268750 0.607812 0.267188 0.592187 0.265625 0.581250 0.265625 0.570312 0.268750 0.567187 0.271875 0.564063 0.273438 0.551562 0.273438 0.546875 0.278125 0.542188 0.287500 0.540625 0.292187 0.542188 0.298438 0.537500 0.303125 0.532813 0.304688 0.529687 0.307812
0 0.693750 0.150000 0.690625 0.150000 0.685937 0.151562 0.682813 0.153125 0.679688 0.156250 0.664062 0.162500 0.653125 0.162500 0.646875 0.164062 0.642188 0.167187 0.634375 0.175000 0.632812 0.178125 0.632812 0.187500 0.634375 0.190625 0.639062 0.195312 0.639062 0.201563 0.635938 0.207813 0.635938 0.220312 0.639062 0.226562 0.648438 0.235937 0.657813 0.239063 0.664062 0.239063 0.668750 0.240625 0.681250 0.250000 0.689063 0.253125 0.692187 0.251563 0.698438 0.245312 0.704688 0.242188 0.710938 0.242188 0.714063 0.240625 0.715625 0.235937 0.718750 0.231250 0.720313 0.225000 0.720313 0.198437 0.721875 0.190625 0.723437 0.189062 0.723437 0.184375 0.715625 0.175000 0.714063 0.171875 0.714063 0.165625 0.712500 0.162500 0.704688 0.154688 0.698438 0.151562
0 0.728125 0.121875 0.725000 0.123438 0.723437 0.129688 0.721875 0.134375 0.720313 0.137500 0.717187 0.139063 0.714063 0.142187 0.714063 0.148438 0.715625 0.154688 0.718750 0.159375 0.720313 0.165625 0.720313 0.173437 0.721875 0.178125 0.728125 0.184375 0.731250 0.185938 0.734375 0.185938 0.742188 0.184375 0.746875 0.182812 0.753125 0.179688 0.754687 0.159375 0.759375 0.159375 0.762500 0.156250 0.760938 0.153125 0.754687 0.148438 0.751563 0.145313 0.751563 0.140625 0.754687 0.137500 0.753125 0.129688 0.751563 0.129688 0.748437 0.126562 0.740625 0.125000
0 0.696875 0.257812 0.692187 0.260937 0.692187 0.264062 0.690625 0.267188 0.687500 0.270313 0.684375 0.276562 0.684375 0.281250 0.681250 0.284375 0.676562 0.284375 0.673438 0.287500 0.673438 0.292187 0.676562 0.298438 0.676562 0.307812 0.678125 0.310937 0.681250 0.314063 0.685937 0.317188 0.689063 0.317188 0.692187 0.315625 0.693750 0.314063 0.698438 0.304688 0.698438 0.301563 0.701562 0.295312 0.704688 0.290625 0.714953 0.285812 0.717328 0.275016 0.737047 0.267719 0.724766 0.249891 0.703984 0.247922
0 0.726562 0.185938 0.725000 0.203125 0.726562 0.223438 0.725000 0.229687 0.721875 0.234375 0.717187 0.239063 0.714063 0.243750 0.714063 0.246875 0.725000 0.250000 0.726562 0.254688 0.731250 0.256250 0.732812 0.262500 0.745313 0.262500 0.750000 0.267188 0.757812 0.267188 0.760938 0.265625 0.765625 0.260937 0.770312 0.259375 0.773438 0.254688 0.773438 0.251563 0.771875 0.248438 0.768750 0.245312 0.765625 0.239063 0.764062 0.234375 0.764062 0.226562 0.767188 0.220312 0.770312 0.217188 0.773438 0.210938 0.773438 0.203125 0.770312 0.200000 0.768750 0.196875 0.768750 0.189062 0.767188 0.185938 0.762500 0.184375 0.757812 0.181250 0.746875 0.181250
0 0.517188 0.298438 0.509375 0.300000 0.506250 0.300000 0.504687 0.298438 0.501563 0.298438 0.496875 0.300000 0.490625 0.301563 0.484375 0.304688 0.478125 0.310937 0.476562 0.314063 0.476562 0.317188 0.473438 0.321875 0.468750 0.325000 0.467187 0.328125 0.468750 0.334375 0.476562 0.339062 0.481250 0.343750 0.482812 0.348438 0.484375 0.351562 0.485938 0.353125 0.489063 0.354687 0.495312 0.356250 0.501563 0.356250 0.510938 0.348438 0.517188 0.345313 0.523438 0.343750 0.526563 0.331250 0.526563 0.325000 0.521875 0.317188 0.520312 0.310937 0.520312 0.304688
0 0.512500 0.434375 0.503125 0.431250 0.490625 0.429688 0.484375 0.431250 0.476562 0.434375 0.473438 0.437500 0.471875 0.464062 0.471875 0.478125 0.475000 0.484375 0.479687 0.489063 0.484375 0.492188 0.487500 0.493750 0.490625 0.493750 0.492188 0.482812 0.498437 0.478125 0.500000 0.473438 0.496875 0.467187 0.500000 0.464062 0.503125 0.462500 0.507812 0.462500 0.510938 0.460938 0.520312 0.451562 0.520312 0.445312 0.518750 0.442188
1 0.545188 0.433531 0.540500 0.438219 0.538938 0.441344 0.538938 0.453844 0.545188 0.460094 0.548312 0.461656 0.554563 0.463219 0.559250 0.463219 0.562375 0.461656 0.570188 0.456969 0.571750 0.453844 0.573313 0.446031 0.571750 0.442906 0.568625 0.439781 0.568625 0.438219 0.567063 0.436656 0.565500 0.436656 0.562375 0.433531 0.559250 0.431969 0.556125 0.431969
1 0.564063 0.415625 0.560937 0.418750 0.560937 0.426563 0.562500 0.432812 0.570312 0.442188 0.571875 0.443750 0.575000 0.445312 0.587500 0.445312 0.590625 0.443750 0.595313 0.439063 0.596875 0.435937 0.596875 0.426563 0.595313 0.420312 0.587500 0.412500 0.584375 0.410938 0.576562 0.410938 0.571875 0.414062 0.567187 0.414062
0 0.456531 0.403813 0.458422 0.402344 0.463031 0.399406 0.464922 0.398359 0.469125 0.395203 0.476469 0.392266 0.483406 0.386594 0.489500 0.381344 0.494953 0.376516 0.499781 0.372312 0.503562 0.369172 0.506500 0.366438 0.507969 0.363078 0.506500 0.359719 0.501047 0.356984 0.497266 0.354266 0.492641 0.351531 0.482562 0.345859 0.469750 0.340609 0.460094 0.338516 0.457156 0.342500 0.453797 0.347328 0.447703 0.355094 0.444766 0.360344 0.441406 0.364547 0.439313 0.367906 0.439313 0.372109 0.441406 0.375266 0.443500 0.379672 0.444141 0.386391 0.444984 0.393734 0.445609 0.397734 0.448547 0.400031
0 0.511969 0.366438 0.515531 0.366016 0.530234 0.367484 0.538422 0.372312 0.548078 0.380719 0.551031 0.387234 0.548719 0.390172 0.542000 0.389953 0.541781 0.389953 0.547656 0.397313 0.552703 0.405922 0.554172 0.412422 0.546609 0.414953 0.538641 0.413062 0.535906 0.412422 0.533172 0.411797 0.533172 0.412000 0.533172 0.414734 0.532125 0.417250 0.528766 0.423562 0.519531 0.430484 0.512391 0.430703 0.504609 0.424609 0.500625 0.418516 0.496422 0.412641 0.491391 0.409062 0.486969 0.403188 0.482781 0.398359 0.482359 0.393531 0.488453 0.387437 0.493906 0.383031 0.498109 0.378625
0 0.514062 0.432797 0.512391 0.432375 0.493687 0.429641 0.484875 0.430484 0.478359 0.431750 0.468281 0.433000 0.457578 0.429641 0.450641 0.421875 0.447078 0.415375 0.446234 0.409281 0.448344 0.407172 0.453172 0.406125 0.459672 0.404656 0.466188 0.404875 0.475844 0.405703 0.482781 0.406125 0.492219 0.407391 0.501891 0.412219 0.507344 0.419359 0.509656 0.423562
0 0.567187 0.746875 0.560937 0.750000 0.559375 0.751563 0.557813 0.754687 0.554688 0.767188 0.553125 0.770312 0.548438 0.776563 0.545312 0.782813 0.543750 0.787500 0.545312 0.793750 0.548438 0.798438 0.550000 0.803125 0.551562 0.803125 0.554688 0.806250 0.557813 0.807813 0.562500 0.809375 0.567187 0.807813 0.573438 0.810937 0.579688 0.820312 0.581250 0.821875 0.582812 0.821875 0.585938 0.825000 0.590625 0.826562 0.596875 0.825000 0.598437 0.815625 0.609375 0.815625 0.614062 0.814063 0.617188 0.812500 0.618750 0.809375 0.621875 0.798438 0.621875 0.793750 0.620313 0.781250 0.615625 0.771875 0.607812 0.762500 0.598437 0.753125 0.595313 0.751563 0.582812 0.753125 0.579688 0.751563 0.576562 0.748437 0.573438 0.746875
0 0.565625 0.746875 0.559375 0.750000 0.557813 0.751563 0.556250 0.754687 0.556250 0.759375 0.554688 0.764062 0.546875 0.776563 0.543750 0.784375 0.543750 0.790625 0.545312 0.795312 0.548438 0.801562 0.551562 0.804688 0.560937 0.809375 0.570312 0.809375 0.573438 0.810937 0.575000 0.812500 0.579688 0.820312 0.585938 0.825000 0.595313 0.825000 0.595313 0.820312 0.596875 0.817187 0.607812 0.815625 0.614062 0.814063 0.620313 0.807813 0.621875 0.801562 0.621875 0.785937 0.620313 0.779687 0.617188 0.773438 0.614062 0.768750 0.607812 0.760938 0.600000 0.753125 0.596875 0.751563 0.581250 0.751563 0.578125 0.748437 0.575000 0.746875
0 0.432812 0.706250 0.429688 0.706250 0.426563 0.707812 0.426563 0.710938 0.425000 0.712500 0.425000 0.726562 0.421875 0.728125 0.415625 0.728125 0.409375 0.729688 0.406250 0.732812 0.404687 0.735938 0.404687 0.743750 0.407813 0.750000 0.410938 0.753125 0.415625 0.754687 0.418750 0.762500 0.417187 0.767188 0.417187 0.771875 0.421875 0.781250 0.425000 0.784375 0.431250 0.784375 0.437500 0.781250 0.443750 0.771875 0.446875 0.768750 0.453125 0.765625 0.456250 0.760938 0.457813 0.760938 0.459375 0.754687 0.457813 0.750000 0.457813 0.739062 0.456250 0.734375 0.454688 0.731250 0.445312 0.721875 0.445312 0.718750 0.443750 0.715625 0.435937 0.707812
0 0.465625 0.807813 0.462500 0.814063 0.462500 0.825000 0.460938 0.828125 0.459375 0.829688 0.457813 0.829688 0.456250 0.831250 0.454688 0.834375 0.454688 0.845313 0.456250 0.850000 0.460938 0.857812 0.462500 0.859375 0.468750 0.862500 0.485938 0.862500 0.489063 0.865625 0.492188 0.875000 0.498437 0.879687 0.501563 0.881250 0.509375 0.881250 0.514062 0.879687 0.517188 0.878125 0.520312 0.875000 0.521875 0.870313 0.525000 0.865625 0.528125 0.862500 0.532813 0.860938 0.534375 0.859375 0.535937 0.856250 0.535937 0.851562 0.534375 0.845313 0.532813 0.842187 0.520312 0.831250 0.515625 0.826562 0.512500 0.818750 0.506250 0.812500 0.493750 0.806250 0.470313 0.806250
0 0.521875 0.882812 0.521875 0.887500 0.523438 0.890625 0.526563 0.895312 0.532813 0.903125 0.539062 0.909375 0.542188 0.910937 0.551562 0.910937 0.554688 0.909375 0.560937 0.904687 0.570312 0.904687 0.579688 0.907813 0.590625 0.915625 0.595313 0.915625 0.598437 0.914062 0.600000 0.910937 0.600000 0.904687 0.593750 0.892188 0.589063 0.887500 0.587500 0.882812 0.585938 0.881250 0.582812 0.879687 0.564063 0.881250 0.556250 0.878125 0.529687 0.875000 0.526563 0.876563 0.523438 0.879687
0 0.403125 0.767188 0.401562 0.773438 0.401562 0.779687 0.396875 0.784375 0.395313 0.784375 0.392188 0.787500 0.390625 0.790625 0.392188 0.796875 0.395313 0.800000 0.395313 0.801562 0.403125 0.809375 0.393750 0.818750 0.393750 0.826562 0.395313 0.829688 0.400000 0.834375 0.403125 0.835938 0.415625 0.840625 0.420312 0.840625 0.423438 0.837500 0.432812 0.839063 0.437500 0.839063 0.443750 0.835938 0.446875 0.835938 0.446875 0.829688 0.439063 0.817187 0.428125 0.806250 0.426563 0.803125 0.426563 0.800000 0.423438 0.796875 0.423438 0.787500 0.417187 0.775000 0.412500 0.770312 0.409375 0.770312 0.406250 0.767188
0 0.420312 0.840625 0.418750 0.843750 0.418750 0.853125 0.421875 0.857812 0.426563 0.859375 0.431250 0.864062 0.431250 0.868750 0.434375 0.871875 0.451562 0.871875 0.460938 0.868750 0.459375 0.860938 0.457813 0.856250 0.456250 0.853125 0.453125 0.850000 0.451562 0.843750 0.450000 0.840625 0.434375 0.837500 0.426563 0.837500
0 0.445312 0.879687 0.450000 0.885938 0.451562 0.889062 0.454688 0.898438 0.457813 0.900000 0.462500 0.901563 0.468750 0.903125 0.475000 0.903125 0.478125 0.906250 0.479687 0.910937 0.481250 0.925000 0.501563 0.925000 0.504687 0.921875 0.503125 0.909375 0.506250 0.906250 0.510938 0.906250 0.510938 0.901563 0.509375 0.898438 0.504687 0.892188 0.503125 0.890625 0.501563 0.890625 0.493750 0.884375 0.490625 0.882812 0.481250 0.881250 0.476562 0.879687 0.467187 0.873437 0.462500 0.871875 0.457813 0.875000 0.451562 0.875000 0.448437 0.876563
0 0.000000 0.875000 0.000000 0.906250 0.003125 0.910937 0.004687 0.917188 0.004687 0.928125 0.012500 0.943750 0.018750 0.951562 0.021875 0.954688 0.025000 0.956250 0.029687 0.956250 0.034375 0.951562 0.035937 0.948438 0.035937 0.935937 0.040625 0.931250 0.042188 0.928125 0.043750 0.923438 0.042188 0.918750 0.039062 0.915625 0.037500 0.909375 0.035937 0.896875 0.034375 0.892188 0.032813 0.889062 0.023438 0.889062 0.012500 0.878125 0.009375 0.876563 0.004687 0.875000
0 0.048438 0.362500 0.045312 0.365625 0.045312 0.375000 0.046875 0.379688 0.048438 0.382812 0.057813 0.395313 0.059375 0.400000 0.062500 0.403125 0.067187 0.403125 0.068750 0.404687 0.071875 0.404687 0.073438 0.403125 0.076563 0.403125 0.076563 0.398438 0.075000 0.395313 0.068750 0.390625 0.067187 0.385937 0.054688 0.373437