1 0.231250 0.037500 0.228125 0.035937 0.217188 0.035937 0.209375 0.043750 0.206250 0.050000 0.206250 0.060937 0.207813 0.064062 0.212500 0.068750 0.221875 0.068750 0.226562 0.067187 0.229687 0.065625 0.235937 0.059375 0.237500 0.053125 0.237500 0.046875 0.235937 0.042188
1 0.365625 0.039062 0.362500 0.037500 0.356250 0.037500 0.351562 0.039062 0.345313 0.042188 0.337500 0.050000 0.334375 0.056250 0.334375 0.076563 0.337500 0.078125 0.340625 0.078125 0.348438 0.076563 0.353125 0.075000 0.357812 0.071875 0.365625 0.064062 0.367188 0.059375 0.368750 0.053125 0.368750 0.045312
1 0.345313 0.129688 0.339062 0.129688 0.334375 0.131250 0.331250 0.132812 0.329688 0.134375 0.329688 0.135937 0.326562 0.139063 0.326562 0.150000 0.334375 0.157812 0.339062 0.157812 0.342187 0.156250 0.346875 0.153125 0.351562 0.148438 0.354687 0.142187 0.354687 0.139063 0.353125 0.135937 0.348438 0.131250
1 0.325000 0.198437 0.320312 0.200000 0.317188 0.201563 0.314063 0.204687 0.312500 0.207813 0.310937 0.217188 0.310937 0.220312 0.315625 0.225000 0.321875 0.226562 0.331250 0.226562 0.335938 0.221875 0.337500 0.217188 0.342187 0.212500 0.342187 0.206250 0.334375 0.198437
1 0.304688 0.165625 0.301563 0.167187 0.296875 0.171875 0.293750 0.178125 0.292187 0.182812 0.292187 0.189062 0.293750 0.192188 0.296875 0.195312 0.303125 0.198437 0.314063 0.198437 0.323437 0.193750 0.326562 0.190625 0.328125 0.185938 0.328125 0.178125 0.326562 0.173437 0.325000 0.170313 0.321875 0.167187 0.318750 0.165625
1 0.268750 0.215625 0.264062 0.214062 0.250000 0.214062 0.246875 0.215625 0.235937 0.226562 0.234375 0.231250 0.234375 0.237500 0.237500 0.243750 0.239063 0.245312 0.245312 0.248438 0.248438 0.248438 0.260937 0.246875 0.270313 0.242188 0.275000 0.237500 0.276562 0.234375 0.276562 0.225000 0.275000 0.221875
1 0.229687 0.107813 0.218750 0.107813 0.212500 0.110937 0.209375 0.114062 0.207813 0.117188 0.207813 0.126562 0.209375 0.129688 0.210938 0.131250 0.214062 0.132812 0.221875 0.132812 0.225000 0.131250 0.232813 0.123438 0.232813 0.110937
1 0.176563 0.157812 0.167187 0.157812 0.164062 0.159375 0.162500 0.160938 0.160938 0.164062 0.159375 0.168750 0.159375 0.176563 0.160938 0.181250 0.167187 0.182812 0.170313 0.182812 0.178125 0.179688 0.184375 0.173437 0.184375 0.165625 0.182812 0.162500 0.179688 0.159375
0 0.282813 0.393750 0.278125 0.393750 0.271875 0.395313 0.264062 0.401562 0.260937 0.403125 0.251563 0.403125 0.245312 0.406250 0.243750 0.407813 0.242188 0.410938 0.240625 0.420312 0.239063 0.432812 0.239063 0.445312 0.240625 0.450000 0.242188 0.453125 0.243750 0.454688 0.250000 0.457813 0.256250 0.457813 0.260937 0.459375 0.267188 0.464062 0.273438 0.465625 0.281250 0.465625 0.287500 0.464062 0.295312 0.456250 0.298438 0.451562 0.298438 0.450000 0.300000 0.448437 0.304688 0.446875 0.314063 0.437500 0.315625 0.434375 0.315625 0.426563 0.314063 0.421875 0.312500 0.418750 0.309375 0.415625 0.304688 0.414062 0.300000 0.409375 0.298438 0.406250 0.298438 0.403125 0.296875 0.400000 0.293750 0.396875 0.290625 0.395313 0.284375 0.395313
0 0.184375 0.409375 0.175000 0.407813 0.170313 0.407813 0.165625 0.409375 0.162500 0.410938 0.157812 0.414062 0.153125 0.420312 0.151562 0.425000 0.146875 0.426563 0.140625 0.429688 0.135937 0.432812 0.132812 0.435937 0.129688 0.442188 0.129688 0.451562 0.131250 0.454688 0.137500 0.462500 0.139063 0.467187 0.137500 0.473438 0.139063 0.479687 0.140625 0.482812 0.146875 0.489063 0.160938 0.489063 0.178125 0.485938 0.181250 0.484375 0.182812 0.479687 0.185938 0.473438 0.187500 0.471875 0.192188 0.470313 0.195312 0.467187 0.196875 0.467187 0.198437 0.465625 0.200000 0.462500 0.201563 0.456250 0.203125 0.439063 0.203125 0.429688 0.201563 0.428125 0.201563 0.425000 0.187500 0.410938
0 0.182812 0.520312 0.178125 0.517188 0.171875 0.515625 0.165625 0.515625 0.160938 0.517188 0.157812 0.518750 0.153125 0.523438 0.142187 0.528125 0.137500 0.531250 0.131250 0.537500 0.129688 0.540625 0.129688 0.548438 0.132812 0.554688 0.132812 0.557813 0.131250 0.560937 0.126562 0.567187 0.126562 0.573438 0.128125 0.576562 0.129688 0.578125 0.132812 0.579688 0.143750 0.578125 0.150000 0.578125 0.154688 0.581250 0.160938 0.582812 0.165625 0.582812 0.170313 0.581250 0.173437 0.579688 0.181250 0.570312 0.185938 0.567187 0.192188 0.559375 0.193750 0.556250 0.193750 0.545312 0.190625 0.540625 0.184375 0.534375 0.184375 0.523438
0 0.268750 0.484375 0.265625 0.482812 0.260937 0.481250 0.254688 0.481250 0.250000 0.482812 0.246875 0.484375 0.243750 0.487500 0.240625 0.489063 0.229687 0.489063 0.225000 0.490625 0.217188 0.498437 0.214062 0.503125 0.212500 0.506250 0.212500 0.517188 0.207813 0.525000 0.206250 0.529687 0.206250 0.535937 0.207813 0.540625 0.210938 0.546875 0.212500 0.548438 0.215625 0.550000 0.223438 0.551562 0.231250 0.551562 0.239063 0.557813 0.246875 0.559375 0.251563 0.557813 0.254688 0.556250 0.264062 0.543750 0.265625 0.542188 0.275000 0.537500 0.279687 0.534375 0.284375 0.529687 0.287500 0.520312 0.287500 0.512500 0.285938 0.509375 0.284375 0.507812 0.282813 0.507812 0.279687 0.504687 0.276562 0.500000 0.275000 0.492188 0.273438 0.489063
0 0.295312 0.537500 0.287500 0.537500 0.282813 0.539062 0.264062 0.548438 0.257812 0.554688 0.254688 0.559375 0.253125 0.564063 0.245312 0.573438 0.242188 0.579688 0.240625 0.585938 0.240625 0.590625 0.242188 0.593750 0.248438 0.600000 0.257812 0.600000 0.265625 0.606250 0.275000 0.610938 0.279687 0.610938 0.285938 0.609375 0.290625 0.606250 0.298438 0.598437 0.300000 0.595313 0.300000 0.592187 0.303125 0.589063 0.303125 0.587500 0.314063 0.578125 0.317188 0.573438 0.318750 0.570312 0.320312 0.564063 0.320312 0.559375 0.310937 0.551562 0.306250 0.545312 0.306250 0.543750 0.303125 0.540625 0.300000 0.539062
0 0.376563 0.476562 0.365625 0.476562 0.354687 0.478125 0.346875 0.485938 0.343750 0.492188 0.343750 0.498437 0.342187 0.501563 0.337500 0.506250 0.337500 0.515625 0.334375 0.521875 0.335938 0.542188 0.339062 0.542188 0.348438 0.537500 0.353125 0.540625 0.357812 0.540625 0.367188 0.539062 0.370312 0.537500 0.371875 0.535937 0.373437 0.532813 0.373437 0.523438 0.376563 0.515625 0.376563 0.509375 0.373437 0.504687 0.373437 0.498437 0.376563 0.493750 0.378125 0.487500
0 0.518750 0.426563 0.512500 0.426563 0.504687 0.431250 0.496875 0.432812 0.489063 0.432812 0.482812 0.435937 0.481250 0.450000 0.481250 0.457813 0.485938 0.464062 0.492188 0.467187 0.500000 0.470313 0.518750 0.470313 0.523438 0.468750 0.526563 0.465625 0.528125 0.460938 0.528125 0.451562 0.526563 0.443750 0.525000 0.439063 0.521875 0.435937 0.521875 0.429688
0 0.498437 0.471875 0.493750 0.475000 0.490625 0.481250 0.490625 0.487500 0.489063 0.490625 0.485938 0.493750 0.484375 0.496875 0.484375 0.506250 0.485938 0.509375 0.487500 0.510938 0.489063 0.510938 0.492188 0.514062 0.510938 0.514062 0.514062 0.515625 0.518750 0.520312 0.520312 0.525000 0.521875 0.528125 0.532813 0.529687 0.539062 0.523438 0.540625 0.518750 0.540625 0.514062 0.545312 0.509375 0.550000 0.507812 0.557813 0.500000 0.557813 0.492188 0.556250 0.489063 0.553125 0.485938 0.551562 0.485938 0.546875 0.481250 0.545312 0.476562 0.540625 0.471875 0.534375 0.470313 0.520312 0.470313
0 0.639062 0.450000 0.631250 0.450000 0.625000 0.451562 0.620313 0.453125 0.610938 0.459375 0.603125 0.467187 0.600000 0.471875 0.601562 0.481250 0.600000 0.484375 0.596875 0.487500 0.595313 0.487500 0.590625 0.492188 0.590625 0.504687 0.593750 0.507812 0.598437 0.507812 0.603125 0.504687 0.606250 0.504687 0.620313 0.506250 0.623437 0.504687 0.626563 0.501563 0.629687 0.496875 0.631250 0.493750 0.632812 0.487500 0.632812 0.476562 0.637500 0.471875 0.643750 0.468750 0.646875 0.465625 0.646875 0.460938 0.643750 0.454688
0 0.614062 0.371875 0.609375 0.376563 0.609375 0.382812 0.607812 0.384375 0.607812 0.389062 0.609375 0.395313 0.610938 0.400000 0.612500 0.403125 0.614062 0.404687 0.615625 0.404687 0.618750 0.407813 0.631250 0.414062 0.640625 0.414062 0.645312 0.409375 0.646875 0.406250 0.645312 0.400000 0.646875 0.387500 0.643750 0.384375 0.634375 0.378125 0.631250 0.375000 0.631250 0.373437 0.629687 0.371875 0.626563 0.370312 0.617188 0.370312
0 0.628125 0.418750 0.621875 0.421875 0.614062 0.429688 0.614062 0.440625 0.617188 0.446875 0.618750 0.448437 0.621875 0.450000 0.639062 0.450000 0.639062 0.445312 0.635938 0.440625 0.635938 0.437500 0.637500 0.434375 0.640625 0.431250 0.642188 0.428125 0.642188 0.421875 0.637500 0.418750
0 0.793750 0.393750 0.793750 0.403125 0.798438 0.407813 0.798438 0.410938 0.795312 0.414062 0.790625 0.414062 0.787500 0.415625 0.784375 0.418750 0.784375 0.421875 0.787500 0.425000 0.795312 0.429688 0.800000 0.431250 0.801562 0.432812 0.803125 0.435937 0.803125 0.439063 0.806250 0.442188 0.812500 0.443750 0.821875 0.445312 0.831250 0.440625 0.843750 0.442188 0.850000 0.439063 0.851562 0.435937 0.857812 0.432812 0.862500 0.426563 0.862500 0.421875 0.859375 0.418750 0.857812 0.418750 0.856250 0.415625 0.859375 0.410938 0.859375 0.403125 0.856250 0.401562 0.843750 0.396875 0.837500 0.398438 0.831250 0.393750 0.826562 0.389062 0.821875 0.385937 0.804688 0.385937 0.800000 0.387500
0 0.848437 0.478125 0.842187 0.475000 0.832812 0.475000 0.826562 0.476562 0.820312 0.479687 0.814063 0.487500 0.810937 0.489063 0.804688 0.489063 0.800000 0.490625 0.793750 0.493750 0.790625 0.498437 0.789062 0.504687 0.789062 0.517188 0.792188 0.521875 0.789062 0.526563 0.789062 0.537500 0.790625 0.540625 0.801562 0.548438 0.806250 0.550000 0.818750 0.550000 0.825000 0.553125 0.837500 0.553125 0.842187 0.548438 0.843750 0.543750 0.850000 0.537500 0.850000 0.532813 0.859375 0.525000 0.864062 0.520312 0.867188 0.510938 0.867188 0.503125 0.864062 0.496875 0.859375 0.492188 0.856250 0.492188 0.853125 0.490625 0.851562 0.482812
0 0.917188 0.457813 0.906250 0.457813 0.903125 0.459375 0.898438 0.464062 0.893750 0.467187 0.890625 0.467187 0.887500 0.468750 0.885938 0.470313 0.885938 0.471875 0.882812 0.476562 0.875000 0.484375 0.871875 0.496875 0.871875 0.506250 0.873437 0.510938 0.876563 0.514062 0.878125 0.517188 0.878125 0.528125 0.881250 0.535937 0.889062 0.535937 0.892188 0.532813 0.893750 0.532813 0.895312 0.531250 0.896875 0.528125 0.898438 0.521875 0.901563 0.520312 0.910937 0.520312 0.917188 0.518750 0.920312 0.517188 0.923438 0.514062 0.926562 0.509375 0.928125 0.504687 0.928125 0.501563 0.925000 0.496875 0.925000 0.492188 0.929688 0.484375 0.929688 0.476562 0.928125 0.473438 0.923438 0.470313 0.921875 0.470313 0.920312 0.462500
0 0.876563 0.550000 0.871875 0.548438 0.856250 0.548438 0.850000 0.550000 0.846875 0.551562 0.843750 0.554688 0.835938 0.556250 0.823438 0.564063 0.817187 0.570312 0.815625 0.570312 0.810937 0.575000 0.807813 0.581250 0.806250 0.587500 0.809375 0.596875 0.814063 0.601562 0.820312 0.601562 0.825000 0.604688 0.829688 0.606250 0.832812 0.606250 0.842187 0.596875 0.845313 0.592187 0.845313 0.589063 0.848437 0.585938 0.854688 0.589063 0.868750 0.589063 0.873437 0.587500 0.878125 0.584375 0.881250 0.581250 0.881250 0.575000 0.879687 0.570312 0.875000 0.568750 0.873437 0.562500 0.878125 0.557813
0 0.751563 0.537500 0.748437 0.539062 0.742188 0.545312 0.740625 0.548438 0.740625 0.551562 0.739062 0.554688 0.729688 0.557813 0.726562 0.559375 0.723437 0.562500 0.720313 0.573438 0.721875 0.579688 0.725000 0.581250 0.732812 0.579688 0.735938 0.582812 0.735938 0.590625 0.739062 0.596875 0.743750 0.601562 0.750000 0.604688 0.762500 0.604688 0.765625 0.603125 0.775000 0.593750 0.778125 0.592187 0.785937 0.590625 0.793750 0.584375 0.795312 0.584375 0.796875 0.582812 0.798438 0.579688 0.796875 0.568750 0.796875 0.564063 0.800000 0.559375 0.800000 0.551562 0.795312 0.546875 0.789062 0.543750 0.784375 0.542188 0.775000 0.542188 0.771875 0.539062 0.767188 0.537500
0 0.137500 0.848437 0.125000 0.848437 0.118750 0.853125 0.115625 0.853125 0.110937 0.848437 0.104688 0.845313 0.100000 0.843750 0.090625 0.843750 0.087500 0.845313 0.082812 0.850000 0.079687 0.859375 0.079687 0.864062 0.082812 0.870313 0.082812 0.873437 0.076563 0.879687 0.073438 0.884375 0.070312 0.890625 0.070312 0.896875 0.071875 0.900000 0.079687 0.903125 0.089063 0.912500 0.092188 0.914062 0.096875 0.915625 0.101562 0.915625 0.110937 0.910937 0.125000 0.901563 0.131250 0.895312 0.134375 0.889062 0.135937 0.884375 0.135937 0.876563 0.142187 0.860938 0.142187 0.856250 0.140625 0.851562
0 0.192188 0.834375 0.189062 0.835938 0.184375 0.839063 0.179688 0.843750 0.176563 0.850000 0.171875 0.854688 0.170313 0.854688 0.167187 0.857812 0.165625 0.860938 0.165625 0.871875 0.168750 0.878125 0.175000 0.884375 0.176563 0.889062 0.179688 0.893750 0.189062 0.901563 0.192188 0.903125 0.195312 0.903125 0.200000 0.901563 0.204687 0.898438 0.220312 0.898438 0.223438 0.896875 0.225000 0.895312 0.226562 0.892188 0.226562 0.884375 0.229687 0.879687 0.231250 0.873437 0.231250 0.867188 0.229687 0.864062 0.225000 0.857812 0.220312 0.853125 0.218750 0.853125 0.215625 0.850000 0.210938 0.848437 0.206250 0.848437 0.203125 0.846875 0.201563 0.839063 0.200000 0.835938
0 0.071875 0.954688 0.071875 0.964063 0.070312 0.967187 0.065625 0.971875 0.064062 0.975000 0.064062 0.981250 0.071875 0.989062 0.075000 0.990625 0.087500 0.992188 0.092188 0.998437 0.128125 0.998437 0.131250 0.995313 0.132812 0.985938 0.131250 0.981250 0.128125 0.976562 0.131250 0.971875 0.131250 0.965625 0.126562 0.962500 0.117188 0.957812 0.112500 0.956250 0.106250 0.956250 0.098437 0.951562 0.093750 0.950000 0.089063 0.950000 0.087500 0.948438 0.084375 0.948438 0.082812 0.950000 0.078125 0.950000 0.075000 0.951562
0 0.204687 0.935937 0.201563 0.932813 0.198437 0.931250 0.187500 0.931250 0.182812 0.932813 0.173437 0.937500 0.165625 0.934375 0.156250 0.934375 0.151562 0.935937 0.148438 0.937500 0.142187 0.943750 0.140625 0.948438 0.140625 0.953125 0.142187 0.962500 0.137500 0.967187 0.135937 0.970313 0.135937 0.978125 0.137500 0.982812 0.139063 0.985938 0.142187 0.987500 0.157812 0.987500 0.164062 0.992188 0.176563 0.992188 0.182812 0.990625 0.187500 0.985938 0.187500 0.984375 0.190625 0.981250 0.193750 0.979688 0.196875 0.979688 0.203125 0.976562 0.207813 0.971875 0.209375 0.967187 0.209375 0.951562 0.204687 0.946875
0 0.250000 0.907813 0.243750 0.907813 0.240625 0.910937 0.239063 0.915625 0.235937 0.918750 0.231250 0.920312 0.223438 0.928125 0.221875 0.931250 0.221875 0.937500 0.220312 0.940625 0.215625 0.945312 0.215625 0.950000 0.217188 0.957812 0.214062 0.960938 0.212500 0.965625 0.212500 0.968750 0.217188 0.973437 0.226562 0.973437 0.231250 0.971875 0.232813 0.968750 0.232813 0.965625 0.234375 0.962500 0.242188 0.953125 0.243750 0.950000 0.242188 0.937500 0.253125 0.926562 0.256250 0.921875 0.256250 0.917188 0.251563 0.912500
1 0.353125 0.864062 0.346875 0.870313 0.343750 0.875000 0.343750 0.879687 0.345313 0.882812 0.348438 0.884375 0.353125 0.884375 0.357812 0.882812 0.364063 0.876563 0.364063 0.871875 0.359375 0.867188 0.356250 0.867188
1 0.379688 0.867188 0.375000 0.871875 0.376563 0.881250 0.385937 0.881250 0.390625 0.876563 0.392188 0.871875 0.390625 0.868750
1 0.351562 0.925000 0.346875 0.925000 0.340625 0.928125 0.339062 0.931250 0.339062 0.935937 0.342187 0.943750 0.348438 0.943750 0.353125 0.942187 0.356250 0.939063 0.357812 0.934375 0.356250 0.929688
1 0.375000 0.895312 0.368750 0.895312 0.365625 0.896875 0.360938 0.901563 0.359375 0.904687 0.359375 0.909375 0.364063 0.914062 0.368750 0.915625 0.373437 0.914062 0.375000 0.910937 0.376563 0.906250 0.379688 0.906250 0.382812 0.903125 0.381250 0.900000 0.378125 0.896875
1 0.389062 0.904687 0.384375 0.903125 0.382812 0.907813 0.375000 0.914062 0.375000 0.920312 0.378125 0.921875 0.384375 0.921875 0.387500 0.920312 0.390625 0.917188 0.392188 0.914062 0.392188 0.907813
1 0.339062 0.904687 0.337500 0.910937 0.339062 0.914062 0.353125 0.914062 0.353125 0.904687 0.350000 0.901563 0.345313 0.900000 0.342187 0.901563