0 0.267188 0.018750 0.260937 0.025000 0.260937 0.032813 0.265625 0.040625 0.265625 0.046875 0.268750 0.053125 0.270313 0.054688 0.276562 0.057813 0.282813 0.057813 0.285938 0.060937 0.290625 0.062500 0.295312 0.060937 0.300000 0.056250 0.303125 0.050000 0.303125 0.040625 0.300000 0.031250 0.292187 0.023438 0.287500 0.020313 0.284375 0.018750
0 0.325000 0.003125 0.323437 0.006250 0.306250 0.006250 0.303125 0.007812 0.301563 0.009375 0.300000 0.012500 0.301563 0.025000 0.300000 0.032813 0.301563 0.043750 0.304688 0.050000 0.310937 0.050000 0.323437 0.054688 0.326562 0.054688 0.331250 0.051562 0.335938 0.046875 0.337500 0.043750 0.337500 0.023438 0.335938 0.018750 0.332813 0.010937 0.331250 0.007812
0 0.357812 0.004687 0.360938 0.010937 0.367188 0.014063 0.373437 0.015625 0.381250 0.015625 0.385937 0.014063 0.389062 0.012500 0.393750 0.007812 0.395313 0.000000 0.357812 0.000000
0 0.395313 0.000000 0.395313 0.009375 0.401562 0.020313 0.404687 0.023438 0.407813 0.025000 0.410938 0.025000 0.414062 0.028125 0.421875 0.028125 0.425000 0.025000 0.423438 0.015625 0.423438 0.012500 0.425000 0.009375 0.429688 0.004687 0.429688 0.000000
0 0.360938 0.014063 0.354687 0.020313 0.354687 0.025000 0.348438 0.035937 0.348438 0.046875 0.356250 0.054688 0.360938 0.057813 0.365625 0.059375 0.378125 0.059375 0.382812 0.057813 0.390625 0.054688 0.395313 0.050000 0.396875 0.046875 0.396875 0.026562 0.395313 0.021875 0.392188 0.018750 0.387500 0.017188 0.376563 0.017188 0.371875 0.014063 0.365625 0.012500
0 0.395313 0.104688 0.398438 0.110937 0.406250 0.110937 0.412500 0.109375 0.418750 0.106250 0.426563 0.098437 0.426563 0.093750 0.423438 0.087500 0.418750 0.084375 0.414062 0.082812 0.398438 0.084375 0.395313 0.093750
1 0.379688 0.081250 0.376563 0.082812 0.375000 0.085938 0.376563 0.101562 0.379688 0.103125 0.387500 0.103125 0.390625 0.101562 0.393750 0.098437 0.393750 0.085938 0.389062 0.081250
1 0.376563 0.104688 0.376563 0.112500 0.378125 0.117188 0.382812 0.118750 0.390625 0.118750 0.393750 0.117188 0.393750 0.107813 0.390625 0.104688 0.381250 0.103125
0 0.321875 0.087500 0.323437 0.096875 0.325000 0.100000 0.328125 0.103125 0.337500 0.103125 0.348438 0.107813 0.353125 0.107813 0.356250 0.106250 0.357812 0.101562 0.357812 0.095312 0.354687 0.089063 0.353125 0.089063 0.350000 0.085938 0.346875 0.084375 0.342187 0.082812 0.335938 0.082812 0.334375 0.084375 0.326562 0.084375 0.325000 0.085938
0 0.262500 0.079687 0.262500 0.082812 0.268750 0.090625 0.267188 0.100000 0.268750 0.106250 0.273438 0.110937 0.279687 0.110937 0.285938 0.114062 0.292187 0.107813 0.307812 0.100000 0.312500 0.100000 0.315625 0.098437 0.317188 0.085938 0.310937 0.079687 0.307812 0.078125 0.296875 0.073438 0.290625 0.071875 0.282813 0.070312 0.276562 0.070312 0.271875 0.071875 0.268750 0.073438
0 0.331250 0.107813 0.326562 0.103125 0.321875 0.101562 0.318750 0.101562 0.312500 0.104688 0.303125 0.104688 0.300000 0.106250 0.296875 0.109375 0.293750 0.109375 0.290625 0.112500 0.285938 0.114062 0.290625 0.120313 0.292187 0.125000 0.296875 0.129688 0.304688 0.129688 0.310937 0.126562 0.315625 0.126562 0.326562 0.128125 0.331250 0.123438 0.332813 0.117188 0.332813 0.112500
0 0.610938 0.479687 0.607812 0.482812 0.607812 0.485938 0.609375 0.490625 0.614062 0.496875 0.614062 0.501563 0.610938 0.506250 0.610938 0.514062 0.612500 0.517188 0.617188 0.521875 0.621875 0.523438 0.625000 0.526563 0.626563 0.526563 0.628125 0.528125 0.629687 0.532813 0.632812 0.535937 0.637500 0.537500 0.642188 0.537500 0.648438 0.543750 0.651563 0.545312 0.659375 0.545312 0.670312 0.535937 0.676562 0.528125 0.676562 0.521875 0.675000 0.510938 0.676562 0.509375 0.676562 0.500000 0.671875 0.493750 0.670312 0.490625 0.670312 0.487500 0.665625 0.478125 0.662500 0.475000 0.662500 0.473438 0.660937 0.471875 0.659375 0.471875 0.656250 0.468750 0.653125 0.467187 0.645312 0.465625 0.642188 0.467187 0.639062 0.467187 0.635938 0.470313 0.635938 0.471875 0.632812 0.475000 0.629687 0.476562 0.620313 0.476562 0.614062 0.478125
0 0.754687 0.432812 0.751563 0.429688 0.748437 0.428125 0.740625 0.428125 0.737500 0.426563 0.734375 0.423438 0.732812 0.414062 0.732812 0.404687 0.726562 0.398438 0.723437 0.396875 0.712500 0.396875 0.703125 0.400000 0.696875 0.407813 0.693750 0.410938 0.673438 0.412500 0.675000 0.423438 0.675000 0.428125 0.673438 0.440625 0.676562 0.446875 0.684375 0.456250 0.704688 0.453125 0.717187 0.454688 0.729187 0.456656 0.739859 0.463484 0.752859 0.462297 0.756250 0.445312
0 0.789062 0.435937 0.784375 0.435937 0.782813 0.437500 0.776563 0.437500 0.771875 0.439063 0.764062 0.445312 0.754687 0.445312 0.756250 0.450000 0.754687 0.476562 0.757812 0.492188 0.759375 0.492188 0.762500 0.495312 0.762500 0.496875 0.767188 0.501563 0.770312 0.501563 0.782813 0.496875 0.793750 0.496875 0.798438 0.495312 0.809375 0.490625 0.810937 0.489063 0.810937 0.487500 0.814063 0.484375 0.815625 0.479687 0.815625 0.476562 0.812500 0.470313 0.810937 0.468750 0.809375 0.468750 0.804688 0.465625 0.801562 0.462500 0.801562 0.454688 0.800000 0.448437 0.798438 0.443750 0.795312 0.440625 0.795312 0.439063
0 0.685937 0.460938 0.684375 0.467187 0.676562 0.478125 0.675000 0.481250 0.673438 0.485938 0.673438 0.489063 0.676562 0.495312 0.678125 0.496875 0.687500 0.501563 0.693750 0.501563 0.698438 0.506250 0.706250 0.515625 0.712500 0.520312 0.715625 0.521875 0.723437 0.521875 0.728125 0.520312 0.732812 0.517188 0.737500 0.512500 0.737500 0.509375 0.740625 0.504687 0.748437 0.496875 0.754687 0.493750 0.756250 0.490625 0.756250 0.479687 0.754687 0.476562 0.753125 0.475000 0.748437 0.473438 0.742188 0.467187 0.739062 0.465625 0.735938 0.465625 0.732812 0.460938 0.728125 0.459375 0.725000 0.456250 0.718750 0.454688 0.706250 0.454688 0.703125 0.456250 0.696875 0.460938 0.692187 0.460938 0.690625 0.462500
0 0.634375 0.671875 0.631250 0.676562 0.632812 0.681250 0.640625 0.689063 0.642188 0.692187 0.642188 0.709375 0.648438 0.715625 0.651563 0.720313 0.651563 0.721875 0.657813 0.725000 0.681250 0.723437 0.687500 0.723437 0.693750 0.728125 0.703125 0.728125 0.706250 0.726562 0.710938 0.721875 0.721875 0.709375 0.721875 0.700000 0.718750 0.696875 0.718750 0.692187 0.723437 0.682813 0.721875 0.673438 0.715625 0.671875 0.709375 0.671875 0.704688 0.670312 0.701562 0.668750 0.692187 0.657813 0.687500 0.653125 0.682813 0.651563 0.670312 0.651563 0.667188 0.653125 0.662500 0.659375 0.654687 0.660937 0.639062 0.668750
0 0.753125 0.651563 0.740625 0.657813 0.737500 0.660937 0.737500 0.668750 0.731250 0.679688 0.729688 0.685937 0.729688 0.696875 0.732812 0.700000 0.735938 0.701562 0.742188 0.701562 0.746875 0.706250 0.750000 0.712500 0.756250 0.718750 0.765625 0.718750 0.768750 0.717187 0.771875 0.714063 0.771875 0.709375 0.775000 0.703125 0.792188 0.703125 0.798438 0.700000 0.800000 0.698438 0.801562 0.695312 0.801562 0.685937 0.800000 0.679688 0.795312 0.671875 0.795312 0.665625 0.790625 0.657813 0.789062 0.656250 0.782813 0.653125 0.768750 0.651563
0 0.653125 0.571875 0.642188 0.571875 0.639062 0.575000 0.637500 0.578125 0.637500 0.589063 0.634375 0.592187 0.626563 0.592187 0.620313 0.593750 0.617188 0.595313 0.612500 0.600000 0.612500 0.607812 0.615625 0.626563 0.618750 0.629687 0.618750 0.643750 0.620313 0.646875 0.623437 0.650000 0.623437 0.651563 0.625000 0.653125 0.631250 0.656250 0.642188 0.656250 0.650000 0.653125 0.662500 0.653125 0.665625 0.651563 0.671875 0.646875 0.678125 0.640625 0.679688 0.637500 0.679688 0.628125 0.685937 0.621875 0.689063 0.615625 0.689063 0.606250 0.687500 0.601562 0.682813 0.596875 0.673438 0.592187 0.671875 0.590625 0.670312 0.585938 0.667188 0.582812 0.667188 0.581250 0.665625 0.579688 0.662500 0.578125 0.657813 0.576562
0 0.703125 0.528125 0.679688 0.528125 0.660937 0.546875 0.657813 0.553125 0.650000 0.560937 0.650000 0.565625 0.651563 0.568750 0.653125 0.570312 0.662500 0.575000 0.671875 0.584375 0.676562 0.592187 0.681250 0.593750 0.685937 0.596875 0.690625 0.596875 0.696875 0.593750 0.703125 0.587500 0.709375 0.584375 0.715625 0.578125 0.728125 0.570312 0.732812 0.568750 0.734375 0.554688 0.732812 0.551562 0.726562 0.542188 0.721875 0.537500 0.715625 0.534375 0.710938 0.534375 0.706250 0.529687
0 0.714063 0.581250 0.710938 0.584375 0.709375 0.587500 0.709375 0.593750 0.710938 0.598437 0.714063 0.603125 0.714063 0.609375 0.709375 0.620313 0.709375 0.628125 0.712500 0.634375 0.714063 0.635938 0.717187 0.637500 0.725000 0.637500 0.728125 0.639062 0.734375 0.643750 0.739062 0.645312 0.757812 0.650000 0.767188 0.650000 0.770312 0.648438 0.776563 0.640625 0.779687 0.634375 0.781250 0.629687 0.781250 0.626563 0.778125 0.606250 0.778125 0.601562 0.779687 0.600000 0.779687 0.595313 0.776563 0.590625 0.776563 0.585938 0.768750 0.578125 0.746875 0.568750 0.737500 0.568750 0.725000 0.575000
0 0.873437 0.512500 0.865625 0.520312 0.860938 0.520312 0.857812 0.521875 0.854688 0.525000 0.854688 0.532813 0.857812 0.542188 0.862500 0.551562 0.862500 0.557813 0.865625 0.562500 0.870313 0.567187 0.875000 0.567187 0.879687 0.564063 0.885938 0.571875 0.889062 0.575000 0.892188 0.576562 0.895312 0.575000 0.895312 0.571875 0.896875 0.568750 0.898438 0.567187 0.906250 0.560937 0.906250 0.556250 0.901563 0.550000 0.900000 0.546875 0.898438 0.542188 0.896875 0.532813 0.896875 0.523438 0.900000 0.517188 0.895312 0.515625 0.892188 0.514062 0.884375 0.517188 0.878125 0.512500
0 0.856250 0.607812 0.853125 0.610938 0.853125 0.612500 0.850000 0.615625 0.843750 0.617188 0.837500 0.617188 0.834375 0.618750 0.826562 0.626563 0.826562 0.634375 0.831250 0.642188 0.828125 0.648438 0.828125 0.656250 0.829688 0.659375 0.832812 0.662500 0.837500 0.664062 0.848437 0.664062 0.859375 0.675000 0.862500 0.676562 0.875000 0.676562 0.878125 0.675000 0.879687 0.665625 0.882812 0.659375 0.881250 0.650000 0.881250 0.646875 0.885938 0.640625 0.885938 0.637500 0.882812 0.631250 0.876563 0.623437 0.876563 0.618750 0.875000 0.614062 0.870313 0.609375 0.865625 0.607812
0 0.837500 0.575000 0.834375 0.573438 0.815625 0.573438 0.798438 0.575000 0.789062 0.576562 0.782813 0.578125 0.779687 0.579688 0.778125 0.590625 0.781250 0.620313 0.787500 0.628125 0.789062 0.631250 0.789062 0.642188 0.793750 0.651563 0.798438 0.651563 0.803125 0.650000 0.812500 0.645312 0.815625 0.642188 0.815625 0.628125 0.818750 0.626563 0.823438 0.626563 0.835938 0.615625 0.837500 0.612500 0.837500 0.607812 0.834375 0.601562 0.835938 0.596875 0.845313 0.595313 0.846875 0.590625 0.845313 0.585938 0.842187 0.579688
0 0.806250 0.512500 0.810937 0.517188 0.812500 0.523438 0.814063 0.526563 0.820312 0.532813 0.823438 0.540625 0.821875 0.550000 0.821875 0.553125 0.823438 0.554688 0.823438 0.557813 0.821875 0.559375 0.823438 0.565625 0.826562 0.567187 0.832812 0.567187 0.837500 0.565625 0.843750 0.562500 0.845313 0.560937 0.846875 0.556250 0.850000 0.553125 0.853125 0.551562 0.857812 0.551562 0.862500 0.546875 0.862500 0.542188 0.860938 0.532813 0.857812 0.529687 0.857812 0.526563 0.854688 0.521875 0.848437 0.515625 0.845313 0.514062 0.840625 0.514062 0.829688 0.507812 0.820312 0.507812 0.814063 0.510938
0 0.742188 0.515625 0.742188 0.528125 0.739062 0.531250 0.737500 0.531250 0.735938 0.532813 0.732812 0.539062 0.732812 0.543750 0.739062 0.560937 0.742188 0.564063 0.746875 0.567187 0.753125 0.568750 0.767188 0.570312 0.768750 0.571875 0.773438 0.571875 0.792188 0.568750 0.795312 0.567187 0.798438 0.564063 0.806250 0.562500 0.809375 0.560937 0.810937 0.556250 0.814063 0.551562 0.812500 0.548438 0.815625 0.545312 0.820312 0.543750 0.820312 0.535937 0.817187 0.526563 0.810937 0.518750 0.812500 0.512500 0.807813 0.509375 0.801562 0.507812 0.798438 0.509375 0.760938 0.507812 0.745313 0.512500
0 0.521875 0.796875 0.510938 0.798438 0.506250 0.798438 0.500000 0.795312 0.492188 0.795312 0.489063 0.796875 0.485938 0.800000 0.485938 0.806250 0.482812 0.812500 0.478125 0.812500 0.475000 0.814063 0.471875 0.817187 0.471875 0.826562 0.473438 0.832812 0.478125 0.840625 0.478125 0.843750 0.475000 0.846875 0.473438 0.846875 0.468750 0.853125 0.471875 0.856250 0.479687 0.859375 0.479687 0.875000 0.482812 0.876563 0.487500 0.878125 0.492188 0.878125 0.496875 0.876563 0.507812 0.870313 0.512500 0.868750 0.518750 0.868750 0.521875 0.867188 0.523438 0.865625 0.526563 0.859375 0.528125 0.854688 0.528125 0.850000 0.531250 0.843750 0.537500 0.837500 0.542188 0.831250 0.543750 0.828125 0.543750 0.818750 0.542188 0.815625 0.540625 0.814063 0.535937 0.812500 0.531250 0.807813 0.529687 0.803125 0.525000 0.798438
0 0.535937 0.865625 0.532813 0.867188 0.531250 0.889062 0.525000 0.895312 0.525000 0.903125 0.526563 0.906250 0.534375 0.914062 0.535937 0.923438 0.540625 0.928125 0.545312 0.931250 0.551562 0.932813 0.556250 0.932813 0.564063 0.929688 0.567187 0.928125 0.570312 0.925000 0.575000 0.915625 0.578125 0.906250 0.578125 0.903125 0.575000 0.896875 0.570312 0.892188 0.567187 0.884375 0.559375 0.876563 0.553125 0.871875 0.545312 0.867188 0.542188 0.865625
0 0.546875 0.946875 0.550000 0.950000 0.550000 0.957812 0.546875 0.965625 0.548438 0.971875 0.551562 0.978125 0.556250 0.982812 0.559375 0.984375 0.562500 0.984375 0.567187 0.982812 0.576562 0.978125 0.582812 0.978125 0.587500 0.981250 0.596875 0.981250 0.600000 0.979688 0.600000 0.976562 0.601562 0.975000 0.601562 0.971875 0.600000 0.967187 0.596875 0.964063 0.595313 0.960938 0.595313 0.954688 0.593750 0.951562 0.589063 0.948438 0.585938 0.948438 0.579688 0.943750 0.575000 0.942187 0.570312 0.942187 0.564063 0.945312
0 0.465625 0.885938 0.460938 0.890625 0.462500 0.903125 0.462500 0.906250 0.457813 0.914062 0.457813 0.918750 0.456250 0.920312 0.456250 0.923438 0.457813 0.926562 0.464062 0.931250 0.467187 0.932813 0.470313 0.932813 0.473438 0.934375 0.476562 0.937500 0.476562 0.943750 0.478125 0.946875 0.481250 0.950000 0.487500 0.953125 0.495312 0.953125 0.506250 0.942187 0.509375 0.937500 0.510938 0.934375 0.510938 0.921875 0.507812 0.917188 0.507812 0.903125 0.504687 0.896875 0.498437 0.890625 0.492188 0.887500 0.487500 0.885938
0 0.621875 0.982812 0.621875 0.993750 0.623437 0.996875 0.712500 0.998437 0.712500 0.990625 0.710938 0.984375 0.709375 0.981250 0.704688 0.978125 0.701562 0.976562 0.679688 0.975000 0.673438 0.971875 0.668750 0.967187 0.656250 0.968750 0.656250 0.970313 0.653125 0.973437 0.650000 0.981250 0.645312 0.985938 0.640625 0.984375 0.634375 0.981250
0 0.748437 0.993750 0.748437 0.998437 0.828125 0.998437 0.826562 0.995313 0.823438 0.993750 0.817187 0.993750 0.814063 0.990625 0.814063 0.989062 0.809375 0.984375 0.806250 0.982812 0.790625 0.982812 0.785937 0.981250 0.781250 0.976562 0.775000 0.973437 0.771875 0.975000 0.768750 0.975000 0.762500 0.978125 0.760938 0.982812 0.757812 0.985938 0.753125 0.987500 0.750000 0.990625
0 0.157812 0.910937 0.156250 0.915625 0.157812 0.918750 0.165625 0.926562 0.165625 0.932813 0.167187 0.935937 0.170313 0.937500 0.175000 0.939063 0.185938 0.939063 0.193750 0.935937 0.201563 0.937500 0.209375 0.935937 0.218750 0.926562 0.218750 0.918750 0.225000 0.912500 0.228125 0.906250 0.228125 0.903125 0.225000 0.901563 0.212500 0.901563 0.204687 0.906250 0.200000 0.903125 0.198437 0.900000 0.193750 0.896875 0.187500 0.893750 0.179688 0.893750 0.175000 0.898438 0.175000 0.906250 0.171875 0.909375 0.165625 0.907813 0.160938 0.909375
0 0.225000 0.921875 0.225000 0.926562 0.228125 0.934375 0.228125 0.940625 0.229687 0.946875 0.232813 0.950000 0.239063 0.953125 0.243750 0.954688 0.250000 0.956250 0.260937 0.956250 0.265625 0.954688 0.268750 0.953125 0.271875 0.948438 0.279687 0.942187 0.281250 0.939063 0.281250 0.929688 0.278125 0.926562 0.271875 0.925000 0.265625 0.925000 0.262500 0.921875 0.259375 0.914062 0.253125 0.907813 0.245312 0.907813 0.239063 0.910937 0.234375 0.914062 0.229687 0.918750 0.228125 0.918750
0 0.317188 0.881250 0.314063 0.884375 0.312500 0.887500 0.312500 0.892188 0.314063 0.895312 0.323437 0.904687 0.329688 0.907813 0.332813 0.910937 0.332813 0.915625 0.329688 0.918750 0.331250 0.928125 0.337500 0.931250 0.345313 0.931250 0.348438 0.928125 0.350000 0.925000 0.353125 0.917188 0.353125 0.901563 0.342187 0.889062 0.335938 0.882812 0.332813 0.881250 0.328125 0.879687 0.321875 0.879687
0 0.351562 0.932813 0.350000 0.934375 0.348438 0.937500 0.348438 0.946875 0.345313 0.951562 0.345313 0.954688 0.343750 0.957812 0.345313 0.960938 0.350000 0.965625 0.362500 0.970313 0.367188 0.975000 0.371875 0.975000 0.376563 0.970313 0.381250 0.970313 0.384375 0.968750 0.385937 0.967187 0.385937 0.965625 0.389062 0.962500 0.389062 0.946875 0.387500 0.940625 0.382812 0.935937 0.376563 0.934375 0.370312 0.934375 0.365625 0.931250 0.354687 0.931250
1 0.253125 0.959375 0.251563 0.962500 0.253125 0.968750 0.254688 0.971875 0.257812 0.975000 0.262500 0.978125 0.268750 0.978125 0.273438 0.976562 0.276562 0.975000 0.276562 0.965625 0.275000 0.960938 0.270313 0.956250 0.257812 0.956250 0.254688 0.957812
1 0.345313 0.973437 0.345313 0.976562 0.350000 0.981250 0.353125 0.982812 0.359375 0.982812 0.365625 0.979688 0.367188 0.975000 0.362500 0.971875 0.353125 0.967187 0.350000 0.968750 0.348438 0.968750 0.346875 0.970313
1 0.160938 0.945312 0.159375 0.946875 0.157812 0.950000 0.157812 0.954688 0.162500 0.959375 0.171875 0.959375 0.175000 0.956250 0.175000 0.948438 0.170313 0.943750 0.164062 0.943750
1 0.168750 0.976562 0.168750 0.982812 0.170313 0.985938 0.173437 0.989062 0.182812 0.989062 0.185938 0.987500 0.187500 0.976562 0.182812 0.971875 0.175000 0.971875 0.171875 0.973437
1 0.137500 0.965625 0.135937 0.973437 0.142187 0.979688 0.151562 0.978125 0.151562 0.973437 0.150000 0.970313 0.145313 0.965625 0.142187 0.964063 0.139063 0.965625
0 0.215625 0.998437 0.267188 0.998437 0.267188 0.992188 0.265625 0.989062 0.260937 0.984375 0.256250 0.981250 0.248438 0.979688 0.240625 0.975000 0.231250 0.975000 0.228125 0.976562 0.220312 0.984375 0.218750 0.987500 0.217188 0.995313