0 0.029687 0.000000 0.031250 0.006250 0.026562 0.010937 0.025000 0.010937 0.020313 0.015625 0.020313 0.018750 0.023438 0.023438 0.029687 0.029687 0.031250 0.029687 0.035937 0.034375 0.037500 0.037500 0.037500 0.043750 0.043750 0.050000 0.046875 0.051562 0.053125 0.051562 0.062500 0.046875 0.071875 0.045312 0.073438 0.040625 0.073438 0.026562 0.071875 0.021875 0.067187 0.014063 0.064062 0.010937 0.054688 0.003125 0.050000 0.003125 0.046875 0.000000
0 0.020313 0.170313 0.018750 0.176563 0.018750 0.181250 0.020313 0.184375 0.025000 0.189062 0.032813 0.190625 0.035937 0.189062 0.045312 0.192188 0.051562 0.192188 0.056250 0.190625 0.062500 0.189062 0.067187 0.184375 0.067187 0.173437 0.065625 0.168750 0.064062 0.165625 0.056250 0.157812 0.050000 0.154688 0.037500 0.154688 0.034375 0.156250 0.029687 0.159375 0.021875 0.167187
0 0.076563 0.107813 0.062500 0.106250 0.056250 0.106250 0.051562 0.107813 0.040625 0.112500 0.035937 0.117188 0.034375 0.120313 0.034375 0.125000 0.032813 0.126562 0.032813 0.129688 0.034375 0.134375 0.035937 0.137500 0.039062 0.140625 0.042188 0.142187 0.046875 0.143750 0.053125 0.143750 0.056250 0.139063 0.065625 0.132812 0.071875 0.131250 0.078125 0.128125 0.084375 0.121875 0.082812 0.115625 0.081250 0.112500
0 0.104688 0.131250 0.101562 0.128125 0.095312 0.125000 0.089063 0.125000 0.087500 0.123438 0.082812 0.123438 0.079687 0.125000 0.068750 0.131250 0.064062 0.135937 0.060937 0.135937 0.051562 0.142187 0.051562 0.148438 0.053125 0.154688 0.062500 0.164062 0.065625 0.165625 0.073438 0.165625 0.076563 0.164062 0.078125 0.162500 0.078125 0.160938 0.081250 0.156250 0.084375 0.153125 0.089063 0.151562 0.093750 0.151562 0.096875 0.150000 0.101562 0.143750 0.104688 0.139063
0 0.120313 0.215625 0.121875 0.220312 0.115625 0.226562 0.110937 0.228125 0.106250 0.232813 0.104688 0.235937 0.104688 0.243750 0.106250 0.248438 0.109375 0.251563 0.120313 0.260937 0.120313 0.264062 0.117188 0.267188 0.117188 0.275000 0.120313 0.281250 0.121875 0.282813 0.125000 0.284375 0.129688 0.284375 0.131250 0.285938 0.134375 0.285938 0.142187 0.279687 0.143750 0.278125 0.143750 0.276562 0.146875 0.273438 0.148438 0.270313 0.150000 0.262500 0.150000 0.243750 0.148438 0.237500 0.146875 0.232813 0.145313 0.229687 0.139063 0.223438 0.131250 0.218750 0.125000 0.215625
0 0.198437 0.193750 0.192188 0.200000 0.189062 0.206250 0.187500 0.210938 0.187500 0.237500 0.190625 0.243750 0.193750 0.246875 0.203125 0.253125 0.214062 0.257812 0.218750 0.259375 0.231250 0.259375 0.237500 0.256250 0.242188 0.251563 0.243750 0.248438 0.245312 0.240625 0.250000 0.235937 0.253125 0.226562 0.253125 0.214062 0.246875 0.207813 0.245312 0.204687 0.245312 0.200000 0.242188 0.196875 0.235937 0.193750 0.229687 0.192188 0.210938 0.192188
0 0.332813 0.087500 0.329688 0.093750 0.329688 0.100000 0.331250 0.103125 0.334375 0.107813 0.340625 0.115625 0.346875 0.121875 0.356250 0.126562 0.360938 0.126562 0.371875 0.125000 0.376563 0.123438 0.379688 0.121875 0.384375 0.118750 0.384375 0.115625 0.385937 0.114062 0.385937 0.106250 0.384375 0.098437 0.382812 0.093750 0.379688 0.087500 0.375000 0.082812 0.370312 0.079687 0.367188 0.078125 0.362500 0.076563 0.356250 0.076563 0.340625 0.081250 0.337500 0.082812
0 0.262500 0.084375 0.267188 0.092188 0.279687 0.104688 0.282813 0.112500 0.281250 0.118750 0.282813 0.121875 0.289062 0.125000 0.295312 0.125000 0.298438 0.123438 0.304688 0.117188 0.306250 0.114062 0.306250 0.100000 0.304688 0.095312 0.303125 0.092188 0.296875 0.085938 0.289062 0.079687 0.285938 0.078125 0.276562 0.078125 0.267188 0.081250 0.265625 0.082812
0 0.240625 0.095312 0.237500 0.101562 0.237500 0.115625 0.239063 0.129688 0.240625 0.132812 0.243750 0.137500 0.264062 0.159375 0.270313 0.162500 0.278125 0.162500 0.281250 0.160938 0.282813 0.159375 0.284375 0.156250 0.284375 0.131250 0.279687 0.123438 0.278125 0.107813 0.275000 0.103125 0.271875 0.100000 0.262500 0.095312 0.250000 0.095312 0.246875 0.098437 0.243750 0.093750
0 0.142187 0.046875 0.139063 0.046875 0.134375 0.050000 0.128125 0.050000 0.126562 0.048438 0.121875 0.048438 0.120313 0.050000 0.114062 0.050000 0.107813 0.053125 0.103125 0.057813 0.101562 0.057813 0.098437 0.060937 0.098437 0.071875 0.100000 0.076563 0.100000 0.081250 0.098437 0.081250 0.098437 0.089063 0.107813 0.096875 0.112500 0.098437 0.118750 0.104688 0.123438 0.107813 0.129688 0.109375 0.134375 0.109375 0.140625 0.107813 0.151562 0.100000 0.156250 0.092188 0.162500 0.085938 0.162500 0.073438 0.156250 0.067187 0.154688 0.064062 0.154688 0.057813 0.151562 0.053125 0.148438 0.050000
0 0.120313 0.004687 0.121875 0.012500 0.117188 0.025000 0.117188 0.035937 0.118750 0.040625 0.123438 0.045312 0.128125 0.046875 0.132812 0.046875 0.139063 0.043750 0.145313 0.043750 0.150000 0.039062 0.164062 0.039062 0.168750 0.034375 0.170313 0.031250 0.171875 0.026562 0.173437 0.015625 0.176563 0.010937 0.175000 0.004687 0.171875 0.003125 0.153125 0.003125 0.148438 0.000000 0.125000 0.000000
0 0.182812 0.014063 0.179688 0.017188 0.178125 0.021875 0.178125 0.031250 0.181250 0.035937 0.178125 0.043750 0.179688 0.046875 0.182812 0.048438 0.198437 0.048438 0.204687 0.053125 0.212500 0.056250 0.215625 0.056250 0.228125 0.048438 0.231250 0.043750 0.234375 0.037500 0.234375 0.031250 0.226562 0.023438 0.223438 0.018750 0.223438 0.017188 0.221875 0.015625 0.218750 0.014063 0.214062 0.012500 0.201563 0.012500
0 0.178125 0.048438 0.176563 0.053125 0.178125 0.065625 0.179688 0.071875 0.181250 0.076563 0.184375 0.081250 0.187500 0.084375 0.192188 0.085938 0.212500 0.085938 0.217188 0.084375 0.223438 0.081250 0.223438 0.070312 0.217188 0.065625 0.215625 0.064062 0.214062 0.060937 0.214062 0.057813 0.210938 0.054688 0.200000 0.048438 0.195312 0.046875 0.182812 0.046875 0.181250 0.048438
0 0.229687 0.101562 0.229687 0.093750 0.228125 0.085938 0.226562 0.082812 0.223438 0.078125 0.220312 0.081250 0.214062 0.081250 0.210938 0.082812 0.207813 0.085938 0.204687 0.087500 0.195312 0.087500 0.192188 0.090625 0.196875 0.095312 0.201563 0.095312 0.206250 0.098437 0.210938 0.103125 0.210938 0.104688 0.217188 0.110937 0.220312 0.110937 0.223438 0.109375 0.228125 0.104688
0 0.173437 0.084375 0.168750 0.085938 0.165625 0.087500 0.154688 0.098437 0.150000 0.107813 0.150000 0.112500 0.145313 0.120313 0.145313 0.126562 0.146875 0.129688 0.151562 0.134375 0.160938 0.142187 0.160938 0.143750 0.167187 0.150000 0.171875 0.151562 0.178125 0.151562 0.187500 0.143750 0.190625 0.142187 0.204687 0.140625 0.207813 0.139063 0.210938 0.135937 0.214062 0.129688 0.217188 0.118750 0.217188 0.114062 0.212500 0.104688 0.203125 0.095312 0.200000 0.093750 0.196875 0.093750 0.193750 0.092188 0.190625 0.089063 0.184375 0.085938 0.179688 0.084375
0 0.182812 0.151562 0.182812 0.159375 0.187500 0.168750 0.192188 0.173437 0.203125 0.173437 0.207813 0.168750 0.218750 0.167187 0.218750 0.156250 0.214062 0.146875 0.210938 0.143750 0.207813 0.142187 0.198437 0.142187 0.192188 0.143750 0.185938 0.146875 0.184375 0.148438
0 0.379688 0.290625 0.378125 0.293750 0.376563 0.298438 0.376563 0.301563 0.378125 0.303125 0.378125 0.306250 0.371875 0.310937 0.367188 0.317188 0.365625 0.320312 0.364063 0.325000 0.365625 0.331250 0.370312 0.343750 0.375000 0.348438 0.378125 0.350000 0.389062 0.351562 0.393750 0.353125 0.401562 0.357812 0.414062 0.362500 0.420312 0.362500 0.429688 0.353125 0.432812 0.348438 0.435937 0.342187 0.439063 0.337500 0.439063 0.326562 0.435937 0.317188 0.429688 0.310937 0.428125 0.307812 0.426563 0.301563 0.423438 0.296875 0.418750 0.292187 0.418750 0.290625 0.415625 0.287500 0.412500 0.285938 0.406250 0.285938 0.393750 0.289062 0.382812 0.289062
0 0.334375 0.329688 0.332813 0.332813 0.337500 0.340625 0.334375 0.343750 0.325000 0.343750 0.320312 0.348438 0.318750 0.353125 0.318750 0.357812 0.320312 0.359375 0.320312 0.365625 0.321875 0.368750 0.326562 0.373437 0.334375 0.376563 0.337500 0.379688 0.337500 0.390625 0.339062 0.398438 0.342187 0.401562 0.348438 0.403125 0.354687 0.401562 0.359375 0.398438 0.367188 0.398438 0.370312 0.395313 0.371875 0.390625 0.371875 0.385937 0.376563 0.376563 0.385937 0.368750 0.389062 0.362500 0.389062 0.356250 0.385937 0.353125 0.382812 0.351562 0.378125 0.350000 0.367188 0.350000 0.356250 0.343750 0.348438 0.335938 0.340625 0.331250
0 0.529687 0.371875 0.525000 0.371875 0.520312 0.373437 0.517188 0.376563 0.514062 0.378125 0.503125 0.379688 0.500000 0.381250 0.493750 0.385937 0.489063 0.387500 0.485938 0.387500 0.485938 0.395313 0.489063 0.409375 0.487500 0.418750 0.487500 0.423438 0.489063 0.428125 0.492188 0.432812 0.495312 0.435937 0.500000 0.439063 0.503125 0.440625 0.506250 0.440625 0.512500 0.437500 0.518750 0.423438 0.523438 0.418750 0.526563 0.417187 0.529687 0.417187 0.532813 0.415625 0.537500 0.410938 0.540625 0.404687 0.540625 0.400000 0.543750 0.396875 0.545312 0.389062 0.543750 0.382812 0.535937 0.375000
0 0.473438 0.426563 0.470313 0.423438 0.464062 0.421875 0.445312 0.423438 0.434375 0.428125 0.425000 0.428125 0.421875 0.429688 0.420312 0.431250 0.418750 0.434375 0.418750 0.454688 0.423438 0.459375 0.428125 0.462500 0.432812 0.462500 0.434375 0.464062 0.437500 0.464062 0.442188 0.462500 0.448437 0.454688 0.470313 0.453125 0.476562 0.450000 0.479687 0.446875 0.478125 0.440625 0.475000 0.437500 0.475000 0.434375
0 0.325000 0.414062 0.325000 0.418750 0.321875 0.423438 0.321875 0.426563 0.326562 0.431250 0.337500 0.434375 0.340625 0.437500 0.340625 0.453125 0.343750 0.459375 0.350000 0.464062 0.353125 0.465625 0.357812 0.467187 0.373437 0.468750 0.375000 0.473438 0.381250 0.473438 0.382812 0.470313 0.382812 0.459375 0.381250 0.451562 0.379688 0.446875 0.375000 0.440625 0.373437 0.439063 0.368750 0.437500 0.362500 0.431250 0.362500 0.428125 0.359375 0.423438 0.356250 0.420312 0.351562 0.418750 0.346875 0.418750 0.342187 0.417187 0.337500 0.414062 0.332813 0.412500 0.329688 0.412500 0.328125 0.414062
0 0.356250 0.407813 0.356250 0.418750 0.360938 0.429688 0.365625 0.439063 0.376563 0.450000 0.381250 0.459375 0.387500 0.465625 0.400000 0.465625 0.406250 0.462500 0.409375 0.459375 0.414062 0.457813 0.417187 0.456250 0.418750 0.445312 0.421875 0.439063 0.417187 0.432812 0.415625 0.425000 0.409375 0.421875 0.404687 0.421875 0.400000 0.420312 0.390625 0.415625 0.385937 0.410938 0.379688 0.407813 0.370312 0.404687 0.364063 0.403125 0.359375 0.404687
0 0.731250 0.681250 0.731250 0.684375 0.734375 0.687500 0.743750 0.685937 0.746875 0.687500 0.750000 0.690625 0.753125 0.692187 0.757812 0.693750 0.773438 0.693750 0.784375 0.687500 0.789062 0.687500 0.793750 0.689063 0.798438 0.692187 0.810937 0.690625 0.812500 0.685937 0.810937 0.681250 0.792188 0.662500 0.787500 0.659375 0.784375 0.657813 0.765625 0.657813 0.759375 0.659375 0.756250 0.660937 0.746875 0.668750 0.739062 0.676562 0.734375 0.678125
0 0.887500 0.570312 0.879687 0.570312 0.871875 0.575000 0.860938 0.582812 0.853125 0.590625 0.845313 0.607812 0.845313 0.615625 0.846875 0.617188 0.846875 0.626563 0.848437 0.631250 0.853125 0.635938 0.859375 0.639062 0.864062 0.640625 0.876563 0.640625 0.878125 0.620313 0.885938 0.612500 0.887500 0.609375 0.889062 0.604688 0.890625 0.598437 0.892188 0.585938 0.892188 0.575000 0.890625 0.571875
0 0.740625 0.617188 0.739062 0.621875 0.742188 0.626563 0.742188 0.632812 0.743750 0.635938 0.745313 0.637500 0.748437 0.639062 0.753125 0.640625 0.760938 0.648438 0.765625 0.650000 0.771875 0.653125 0.775000 0.650000 0.775000 0.648438 0.778125 0.645312 0.779687 0.645312 0.782813 0.642188 0.782813 0.634375 0.781250 0.629687 0.779687 0.626563 0.776563 0.621875 0.770312 0.615625 0.767188 0.614062 0.762500 0.612500 0.759375 0.612500 0.757812 0.614062 0.751563 0.615625 0.743750 0.615625
1 0.715625 0.656250 0.710938 0.656250 0.703125 0.659375 0.700000 0.660937 0.696875 0.664062 0.689063 0.667188 0.687500 0.670312 0.687500 0.673438 0.689063 0.678125 0.690625 0.681250 0.695312 0.685937 0.701562 0.689063 0.706250 0.690625 0.712500 0.690625 0.717187 0.689063 0.720313 0.687500 0.725000 0.682813 0.726562 0.678125 0.726562 0.670312 0.723437 0.664062
1 0.804688 0.589063 0.803125 0.598437 0.804688 0.601562 0.807813 0.606250 0.812500 0.610938 0.815625 0.612500 0.820312 0.614062 0.837500 0.614062 0.837500 0.607812 0.834375 0.603125 0.821875 0.590625 0.815625 0.587500 0.807813 0.587500
0 0.800000 0.035937 0.796875 0.034375 0.792188 0.032813 0.784375 0.032813 0.782813 0.031250 0.776563 0.031250 0.770312 0.032813 0.764062 0.035937 0.759375 0.039062 0.756250 0.043750 0.754687 0.048438 0.754687 0.064062 0.756250 0.068750 0.759375 0.073438 0.765625 0.078125 0.778125 0.078125 0.782813 0.075000 0.793750 0.073438 0.796875 0.071875 0.798438 0.070312 0.800000 0.067187 0.800000 0.064062 0.798438 0.059375 0.796875 0.053125 0.803125 0.048438 0.803125 0.039062
0 0.884375 0.034375 0.862500 0.034375 0.857812 0.035937 0.845313 0.042188 0.832812 0.050000 0.828125 0.054688 0.825000 0.060937 0.826562 0.070312 0.832812 0.070312 0.835938 0.068750 0.842187 0.064062 0.846875 0.062500 0.853125 0.064062 0.857812 0.067187 0.871875 0.067187 0.875000 0.065625 0.878125 0.062500 0.879687 0.059375 0.879687 0.053125 0.881250 0.046875 0.882812 0.043750 0.885938 0.040625
0 0.879687 0.082812 0.868750 0.082812 0.860938 0.084375 0.856250 0.085938 0.850000 0.089063 0.846875 0.095312 0.846875 0.098437 0.840625 0.109375 0.840625 0.123438 0.842187 0.126562 0.845313 0.128125 0.850000 0.128125 0.857812 0.123438 0.862500 0.121875 0.867188 0.121875 0.871875 0.120313 0.875000 0.118750 0.878125 0.115625 0.879687 0.110937 0.878125 0.100000 0.878125 0.093750 0.882812 0.085938
0 0.842187 0.010937 0.837500 0.012500 0.834375 0.015625 0.831250 0.020313 0.828125 0.026562 0.812500 0.040625 0.810937 0.043750 0.814063 0.046875 0.817187 0.048438 0.820312 0.048438 0.826562 0.053125 0.831250 0.053125 0.837500 0.046875 0.843750 0.045312 0.854688 0.039062 0.857812 0.035937 0.848437 0.017188
1 0.870313 0.231250 0.867188 0.234375 0.867188 0.246875 0.868750 0.250000 0.875000 0.253125 0.884375 0.253125 0.887500 0.251563 0.889062 0.250000 0.892188 0.243750 0.892188 0.237500 0.887500 0.232813 0.881250 0.229687 0.873437 0.229687
1 0.940625 0.237500 0.935937 0.242188 0.935937 0.250000 0.942187 0.256250 0.946875 0.259375 0.957812 0.259375 0.960938 0.256250 0.962500 0.251563 0.962500 0.246875 0.959375 0.240625 0.954688 0.237500 0.951562 0.235937 0.943750 0.235937
1 0.921875 0.296875 0.921875 0.306250 0.926562 0.310937 0.931250 0.312500 0.935937 0.312500 0.943750 0.309375 0.945312 0.304688 0.945312 0.301563 0.942187 0.295312 0.940625 0.295312 0.937500 0.292187 0.928125 0.292187 0.925000 0.293750
0 0.840625 0.481250 0.842187 0.484375 0.845313 0.487500 0.846875 0.487500 0.848437 0.489063 0.850000 0.492188 0.851562 0.500000 0.857812 0.506250 0.867188 0.509375 0.873437 0.509375 0.876563 0.512500 0.878125 0.520312 0.881250 0.523438 0.890625 0.523438 0.893750 0.520312 0.893750 0.504687 0.889062 0.495312 0.881250 0.487500 0.873437 0.481250 0.870313 0.479687 0.860938 0.476562 0.846875 0.476562 0.843750 0.478125
0 0.889062 0.489063 0.890625 0.493750 0.893750 0.495312 0.898438 0.495312 0.901563 0.496875 0.903125 0.498437 0.906250 0.504687 0.906250 0.507812 0.907813 0.510938 0.909375 0.512500 0.912500 0.514062 0.946875 0.514062 0.951562 0.509375 0.953125 0.506250 0.953125 0.492188 0.951562 0.489063 0.946875 0.484375 0.940625 0.479687 0.934375 0.476562 0.926562 0.473438 0.921875 0.471875 0.914062 0.470313 0.906250 0.470313 0.890625 0.485938
0 0.900000 0.518750 0.904687 0.523438 0.904687 0.529687 0.906250 0.534375 0.909375 0.537500 0.914062 0.539062 0.923438 0.539062 0.929688 0.542188 0.932813 0.545312 0.935937 0.546875 0.945312 0.546875 0.951562 0.543750 0.956250 0.537500 0.964063 0.535937 0.965625 0.532813 0.964063 0.520312 0.959375 0.517188 0.950000 0.514062 0.931250 0.512500 0.917188 0.512500 0.904687 0.514062 0.901563 0.515625
0 0.998437 0.500000 0.987500 0.500000 0.984375 0.501563 0.981250 0.504687 0.979688 0.509375 0.976562 0.512500 0.967187 0.520312 0.967187 0.534375 0.970313 0.539062 0.970313 0.543750 0.973437 0.546875 0.976562 0.546875 0.979688 0.545312 0.982812 0.542188 0.984375 0.537500 0.987500 0.534375 0.990625 0.534375 0.998437 0.535937
0 0.665625 0.925000 0.659375 0.931250 0.656250 0.937500 0.654687 0.942187 0.654687 0.970313 0.664062 0.979688 0.667188 0.981250 0.676562 0.984375 0.681250 0.984375 0.685937 0.981250 0.693750 0.981250 0.700000 0.979688 0.703125 0.976562 0.704688 0.973437 0.704688 0.970313 0.700000 0.956250 0.701562 0.951562 0.701562 0.939063 0.692187 0.929688 0.685937 0.928125 0.676562 0.928125 0.671875 0.925000
0 0.739062 0.959375 0.732812 0.956250 0.723437 0.956250 0.718750 0.957812 0.712500 0.960938 0.707812 0.965625 0.706250 0.971875 0.706250 0.987500 0.712500 0.993750 0.712500 0.998437 0.734375 0.998437 0.735938 0.995313 0.735938 0.979688 0.740625 0.973437 0.742188 0.970313 0.742188 0.964063 0.740625 0.960938
0 0.112500 0.987500 0.112500 0.998437 0.181250 0.998437 0.181250 0.993750 0.179688 0.989062 0.176563 0.984375 0.173437 0.981250 0.167187 0.978125 0.156250 0.978125 0.151562 0.981250 0.145313 0.979688 0.137500 0.970313 0.126562 0.970313 0.120313 0.973437 0.118750 0.975000 0.117188 0.978125 0.117188 0.982812
0 0.145313 0.039062 0.140625 0.045312 0.145313 0.046875 0.154688 0.056250 0.156250 0.059375 0.156250 0.065625 0.159375 0.068750 0.165625 0.068750 0.171875 0.065625 0.175000 0.062500 0.175000 0.053125 0.173437 0.048438 0.171875 0.045312 0.165625 0.039062 0.162500 0.037500 0.150000 0.037500
1 0.309375 0.034375 0.309375 0.040625 0.315625 0.045312 0.318750 0.046875 0.329688 0.045312 0.329688 0.035937 0.328125 0.032813 0.326562 0.031250 0.323437 0.029687 0.314063 0.029687
1 0.415625 0.076563 0.414062 0.079687 0.414062 0.085938 0.417187 0.089063 0.420312 0.090625 0.425000 0.092188 0.431250 0.092188 0.434375 0.090625 0.435937 0.087500 0.435937 0.081250 0.434375 0.078125 0.431250 0.075000 0.426563 0.073438 0.418750 0.073438
1 0.909375 0.000000 0.907813 0.003125 0.906250 0.007812 0.907813 0.010937 0.914062 0.017188 0.918750 0.018750 0.928125 0.017188 0.929688 0.014063 0.929688 0.006250 0.928125 0.003125 0.925000 0.000000
1 0.896875 0.009375 0.890625 0.015625 0.890625 0.023438 0.896875 0.029687 0.903125 0.032813 0.907813 0.032813 0.912500 0.028125 0.914062 0.025000 0.914062 0.020313 0.912500 0.017188 0.906250 0.010937 0.903125 0.009375