0 0.420312 0.023438 0.421875 0.026562 0.425000 0.029687 0.429688 0.032813 0.432812 0.034375 0.437500 0.035937 0.443750 0.035937 0.453125 0.031250 0.457813 0.035937 0.460938 0.042188 0.465625 0.046875 0.468750 0.048438 0.475000 0.048438 0.478125 0.046875 0.479687 0.045312 0.484375 0.035937 0.484375 0.029687 0.485938 0.026562 0.490625 0.025000 0.496875 0.018750 0.496875 0.012500 0.495312 0.009375 0.493750 0.007812 0.492188 0.007812 0.489063 0.004687 0.481250 0.000000 0.425000 0.000000 0.426563 0.004687 0.423438 0.009375 0.420312 0.018750
0 0.150000 0.275000 0.143750 0.273438 0.139063 0.275000 0.132812 0.278125 0.128125 0.281250 0.123438 0.276562 0.121875 0.270313 0.114062 0.262500 0.107813 0.264062 0.109375 0.275000 0.107813 0.281250 0.101562 0.281250 0.095312 0.282813 0.090625 0.285938 0.089063 0.289062 0.087500 0.293750 0.087500 0.303125 0.089063 0.307812 0.090625 0.310937 0.095312 0.314063 0.103125 0.315625 0.103125 0.318750 0.101562 0.321875 0.098437 0.325000 0.095312 0.331250 0.095312 0.335938 0.098437 0.337500 0.101562 0.335938 0.114062 0.323437 0.118750 0.321875 0.137500 0.304688 0.139063 0.300000 0.146875 0.292187 0.150000 0.287500 0.151562 0.282813 0.151562 0.278125
0 0.204687 0.281250 0.200000 0.281250 0.190625 0.284375 0.187500 0.285938 0.182812 0.289062 0.178125 0.293750 0.173437 0.303125 0.171875 0.307812 0.171875 0.312500 0.173437 0.315625 0.178125 0.320312 0.182812 0.321875 0.196875 0.321875 0.203125 0.315625 0.214062 0.303125 0.215625 0.298438 0.215625 0.293750 0.212500 0.289062
1 0.218750 0.379688 0.209375 0.379688 0.206250 0.381250 0.203125 0.384375 0.200000 0.390625 0.200000 0.393750 0.201563 0.398438 0.204687 0.401562 0.207813 0.403125 0.212500 0.403125 0.215625 0.401562 0.218750 0.398438 0.220312 0.398438 0.221875 0.396875 0.225000 0.390625 0.225000 0.387500 0.223438 0.384375
1 0.206250 0.337500 0.203125 0.335938 0.200000 0.335938 0.195312 0.337500 0.192188 0.339062 0.187500 0.343750 0.187500 0.354687 0.189062 0.359375 0.200000 0.359375 0.203125 0.357812 0.209375 0.351562 0.210938 0.348438 0.210938 0.343750 0.209375 0.340625
1 0.220312 0.310937 0.210938 0.310937 0.206250 0.315625 0.207813 0.328125 0.212500 0.328125 0.217188 0.326562 0.220312 0.325000 0.221875 0.323437 0.223438 0.320312 0.223438 0.314063
1 0.246875 0.321875 0.245312 0.325000 0.246875 0.332813 0.250000 0.334375 0.254688 0.334375 0.257812 0.332813 0.260937 0.326562 0.257812 0.320312 0.254688 0.318750
0 0.034375 0.621875 0.032813 0.623437 0.031250 0.626563 0.031250 0.639062 0.032813 0.642188 0.034375 0.643750 0.037500 0.645312 0.050000 0.645312 0.046875 0.648438 0.043750 0.653125 0.040625 0.659375 0.040625 0.671875 0.042188 0.676562 0.057813 0.676562 0.062500 0.673438 0.065625 0.673438 0.068750 0.671875 0.073438 0.676562 0.073438 0.679688 0.075000 0.682813 0.076563 0.684375 0.079687 0.685937 0.082812 0.685937 0.087500 0.684375 0.090625 0.682813 0.096875 0.676562 0.098437 0.671875 0.098437 0.665625 0.100000 0.662500 0.106250 0.659375 0.106250 0.650000 0.104688 0.645312 0.101562 0.639062 0.095312 0.631250 0.090625 0.620313 0.089063 0.614062 0.085938 0.610938 0.071875 0.610938 0.068750 0.612500 0.062500 0.618750 0.045312 0.618750 0.037500 0.620313
0 0.050000 0.540625 0.046875 0.545312 0.050000 0.548438 0.050000 0.551562 0.042188 0.559375 0.042188 0.567187 0.037500 0.575000 0.037500 0.584375 0.039062 0.587500 0.040625 0.589063 0.043750 0.590625 0.060937 0.590625 0.064062 0.595313 0.062500 0.601562 0.064062 0.606250 0.067187 0.609375 0.075000 0.607812 0.079687 0.606250 0.082812 0.604688 0.084375 0.603125 0.089063 0.596875 0.092188 0.590625 0.096875 0.582812 0.098437 0.578125 0.100000 0.568750 0.100000 0.560937 0.096875 0.553125 0.095312 0.550000 0.087500 0.548438 0.079687 0.545312 0.071875 0.543750 0.068750 0.543750 0.067187 0.545312 0.064062 0.545312 0.059375 0.543750 0.054688 0.540625
0 0.139063 0.503125 0.129688 0.503125 0.121875 0.510938 0.118750 0.510938 0.107813 0.507812 0.095312 0.507812 0.092188 0.509375 0.092188 0.517188 0.093750 0.521875 0.098437 0.529687 0.101562 0.531250 0.101562 0.535937 0.096875 0.540625 0.095312 0.543750 0.095312 0.548438 0.100000 0.556250 0.100000 0.559375 0.101562 0.562500 0.107813 0.565625 0.117188 0.567187 0.125000 0.567187 0.131250 0.560937 0.134375 0.559375 0.151562 0.559375 0.154688 0.556250 0.157812 0.550000 0.157812 0.546875 0.156250 0.542188 0.154688 0.540625 0.153125 0.531250 0.150000 0.528125 0.151562 0.517188 0.146875 0.510938
0 0.160938 0.490625 0.157812 0.492188 0.154688 0.495312 0.154688 0.512500 0.150000 0.515625 0.150000 0.529687 0.153125 0.537500 0.153125 0.545312 0.154688 0.550000 0.157812 0.553125 0.159375 0.556250 0.159375 0.559375 0.160938 0.562500 0.167187 0.565625 0.173437 0.565625 0.178125 0.564063 0.181250 0.562500 0.182812 0.560937 0.187500 0.553125 0.189062 0.548438 0.189062 0.532813 0.193750 0.521875 0.198437 0.512500 0.195312 0.510938 0.182812 0.512500 0.178125 0.507812 0.179688 0.501563 0.178125 0.496875 0.175000 0.493750 0.168750 0.490625
0 0.109375 0.568750 0.109375 0.575000 0.106250 0.578125 0.101562 0.578125 0.098437 0.579688 0.096875 0.584375 0.093750 0.589063 0.092188 0.593750 0.092188 0.601562 0.089063 0.606250 0.089063 0.610938 0.092188 0.617188 0.096875 0.629687 0.098437 0.632812 0.101562 0.635938 0.101562 0.637500 0.106250 0.639062 0.109375 0.642188 0.110937 0.646875 0.126562 0.646875 0.129688 0.645312 0.132812 0.642188 0.134375 0.639062 0.135937 0.632812 0.137500 0.623437 0.145313 0.621875 0.150000 0.617188 0.150000 0.606250 0.148438 0.601562 0.146875 0.598437 0.143750 0.595313 0.139063 0.593750 0.137500 0.592187 0.135937 0.589063 0.135937 0.582812 0.134375 0.579688 0.126562 0.568750 0.123438 0.567187
0 0.231250 0.600000 0.226562 0.598437 0.212500 0.596875 0.204687 0.600000 0.198437 0.600000 0.187500 0.598437 0.181250 0.601562 0.179688 0.603125 0.178125 0.606250 0.176563 0.610938 0.178125 0.617188 0.171875 0.623437 0.168750 0.628125 0.168750 0.646875 0.171875 0.650000 0.190625 0.648438 0.196875 0.648438 0.200000 0.650000 0.204687 0.654687 0.204687 0.659375 0.207813 0.660937 0.225000 0.660937 0.228125 0.659375 0.231250 0.656250 0.232813 0.653125 0.232813 0.646875 0.234375 0.643750 0.237500 0.640625 0.237500 0.634375 0.235937 0.629687 0.228125 0.620313 0.232813 0.610938
0 0.203125 0.651563 0.200000 0.650000 0.195312 0.648438 0.190625 0.648438 0.168750 0.650000 0.165625 0.653125 0.164062 0.656250 0.164062 0.660937 0.162500 0.664062 0.154688 0.667188 0.148438 0.667188 0.142187 0.673438 0.139063 0.678125 0.135937 0.684375 0.139063 0.690625 0.142187 0.692187 0.150000 0.692187 0.153125 0.695312 0.154688 0.701562 0.154688 0.707812 0.157812 0.717187 0.160938 0.720313 0.171875 0.718750 0.178125 0.704688 0.182812 0.704688 0.185938 0.714063 0.192188 0.714063 0.198437 0.707812 0.200000 0.704688 0.201563 0.698438 0.203125 0.681250 0.203125 0.676562 0.200000 0.673438 0.198437 0.668750 0.204687 0.662500 0.206250 0.659375 0.206250 0.656250 0.204687 0.653125
0 0.290625 0.590625 0.276562 0.592187 0.270313 0.592187 0.268750 0.590625 0.260937 0.590625 0.257812 0.592187 0.253125 0.596875 0.245312 0.606250 0.246875 0.614062 0.246875 0.617188 0.242188 0.621875 0.240625 0.625000 0.239063 0.629687 0.239063 0.642188 0.242188 0.645312 0.242188 0.654687 0.243750 0.659375 0.253125 0.668750 0.264062 0.667188 0.267188 0.660937 0.267188 0.653125 0.270313 0.646875 0.287500 0.645312 0.290625 0.643750 0.298438 0.635938 0.300000 0.632812 0.300000 0.629687 0.298438 0.625000 0.292187 0.620313 0.289062 0.617188 0.289062 0.614062 0.293750 0.606250 0.293750 0.593750
0 0.875000 0.853125 0.871875 0.853125 0.862500 0.854688 0.856250 0.857812 0.851562 0.862500 0.850000 0.870313 0.846875 0.873437 0.842187 0.873437 0.837500 0.875000 0.834375 0.878125 0.834375 0.893750 0.835938 0.896875 0.843750 0.904687 0.845313 0.909375 0.846875 0.921875 0.848437 0.928125 0.851562 0.935937 0.859375 0.934375 0.859375 0.932813 0.862500 0.929688 0.865625 0.921875 0.868750 0.918750 0.875000 0.918750 0.890625 0.920312 0.895312 0.915625 0.895312 0.904687 0.898438 0.900000 0.900000 0.890625 0.898438 0.873437 0.896875 0.870313 0.893750 0.867188 0.882812 0.867188 0.879687 0.864062 0.879687 0.857812 0.878125 0.854688
0 0.765625 0.896875 0.759375 0.903125 0.759375 0.907813 0.760938 0.912500 0.767188 0.920312 0.768750 0.925000 0.759375 0.934375 0.759375 0.946875 0.762500 0.953125 0.765625 0.953125 0.767188 0.954688 0.771875 0.954688 0.778125 0.959375 0.781250 0.960938 0.787500 0.960938 0.793750 0.968750 0.796875 0.970313 0.803125 0.970313 0.807813 0.965625 0.812500 0.956250 0.812500 0.950000 0.817187 0.945312 0.821875 0.943750 0.826562 0.939063 0.828125 0.935937 0.828125 0.925000 0.826562 0.920312 0.821875 0.914062 0.820312 0.910937 0.820312 0.906250 0.818750 0.903125 0.817187 0.901563 0.814063 0.900000 0.809375 0.900000 0.806250 0.898438 0.801562 0.893750 0.792188 0.892188 0.785937 0.892188
0 0.737500 0.945312 0.734375 0.942187 0.731250 0.940625 0.714063 0.940625 0.706250 0.945312 0.684375 0.943750 0.681250 0.945312 0.678125 0.950000 0.676562 0.954688 0.676562 0.968750 0.660937 0.982812 0.660937 0.987500 0.667188 0.998437 0.740625 0.996875 0.742188 0.992188 0.740625 0.975000 0.740625 0.965625 0.742188 0.960938 0.743750 0.957812
0 0.678125 0.862500 0.671875 0.862500 0.670312 0.865625 0.668750 0.878125 0.664062 0.878125 0.662500 0.876563 0.656250 0.876563 0.653125 0.878125 0.650000 0.881250 0.648438 0.884375 0.648438 0.887500 0.646875 0.890625 0.640625 0.898438 0.639062 0.903125 0.639062 0.906250 0.640625 0.907813 0.640625 0.910937 0.639062 0.912500 0.639062 0.915625 0.643750 0.920312 0.646875 0.921875 0.654687 0.923438 0.657813 0.926562 0.657813 0.939063 0.660937 0.940625 0.665625 0.939063 0.670312 0.934375 0.673438 0.929688 0.676562 0.921875 0.681250 0.917188 0.695312 0.918750 0.700000 0.917188 0.703125 0.914062 0.703125 0.910937 0.707812 0.906250 0.712500 0.904687 0.712500 0.900000 0.710938 0.895312 0.707812 0.889062 0.701562 0.879687 0.701562 0.871875 0.695312 0.873437 0.692187 0.873437 0.687500 0.868750 0.682813 0.867188
0 0.750000 0.825000 0.740625 0.825000 0.737500 0.826562 0.734375 0.829688 0.734375 0.832812 0.729688 0.837500 0.725000 0.839063 0.723437 0.840625 0.721875 0.845313 0.718750 0.848437 0.714063 0.850000 0.712500 0.853125 0.712500 0.864062 0.714063 0.867188 0.720313 0.873437 0.723437 0.875000 0.731250 0.875000 0.734375 0.879687 0.732812 0.882812 0.725000 0.889062 0.725000 0.890625 0.723437 0.893750 0.725000 0.896875 0.728125 0.900000 0.731250 0.901563 0.735938 0.903125 0.742188 0.901563 0.748437 0.898438 0.751563 0.895312 0.754687 0.893750 0.760938 0.892188 0.760938 0.884375 0.764062 0.871875 0.765625 0.868750 0.770312 0.862500 0.773438 0.859375 0.778125 0.853125 0.779687 0.850000 0.779687 0.843750 0.778125 0.840625 0.775000 0.837500 0.765625 0.832812 0.760938 0.832812 0.753125 0.826562
0 0.803125 0.840625 0.796875 0.840625 0.789062 0.843750 0.785937 0.845313 0.782813 0.848437 0.781250 0.848437 0.779687 0.850000 0.779687 0.851562 0.776563 0.856250 0.770312 0.862500 0.765625 0.871875 0.764062 0.876563 0.764062 0.887500 0.767188 0.893750 0.768750 0.893750 0.771875 0.895312 0.779687 0.892188 0.798438 0.892188 0.807813 0.896875 0.810937 0.895312 0.814063 0.889062 0.814063 0.879687 0.810937 0.873437 0.809375 0.871875 0.804688 0.870313 0.803125 0.862500 0.806250 0.856250 0.806250 0.843750
0 0.715625 0.906250 0.709375 0.906250 0.707812 0.907813 0.704688 0.907813 0.700000 0.914062 0.698438 0.917188 0.696875 0.921875 0.695312 0.942187 0.704688 0.946875 0.707812 0.945312 0.710938 0.942187 0.715625 0.942187 0.718750 0.939063 0.725000 0.937500 0.723437 0.929688 0.725000 0.921875 0.723437 0.917188 0.721875 0.914062 0.718750 0.909375
1 0.973437 0.012500 0.962500 0.012500 0.957812 0.014063 0.954688 0.017188 0.954688 0.032813 0.956250 0.035937 0.962500 0.039062 0.967187 0.039062 0.970313 0.037500 0.973437 0.032813 0.973437 0.029687 0.979688 0.021875 0.979688 0.017188 0.976562 0.014063
1 0.985938 0.020313 0.979688 0.023438 0.975000 0.028125 0.973437 0.032813 0.973437 0.039062 0.975000 0.042188 0.978125 0.045312 0.981250 0.046875 0.992188 0.046875 0.995313 0.045312 0.998437 0.042188 0.998437 0.021875 0.995313 0.020313
1 0.985938 0.054688 0.981250 0.060937 0.971875 0.068750 0.971875 0.071875 0.970313 0.075000 0.971875 0.078125 0.975000 0.081250 0.978125 0.081250 0.984375 0.085938 0.987500 0.087500 0.993750 0.087500 0.996875 0.085938 0.996875 0.057813 0.993750 0.057813 0.989062 0.054688
0 0.351562 0.017188 0.354687 0.020313 0.359375 0.021875 0.364063 0.021875 0.365625 0.020313 0.371875 0.020313 0.375000 0.018750 0.381250 0.014063 0.389062 0.012500 0.392188 0.009375 0.393750 0.009375 0.395313 0.007812 0.398438 0.000000 0.354687 0.001563 0.351562 0.007812
0 0.745313 0.000000 0.745313 0.004687 0.748437 0.009375 0.754687 0.012500 0.770312 0.012500 0.776563 0.009375 0.789062 0.007812 0.789062 0.000000
1 0.723437 0.001563 0.723437 0.012500 0.728125 0.017188 0.737500 0.017188 0.740625 0.015625 0.743750 0.012500 0.743750 0.003125 0.742188 0.000000
0 0.942187 0.004687 0.945312 0.009375 0.948438 0.010937 0.965625 0.010937 0.975000 0.006250 0.978125 0.000000 0.942187 0.000000