0 0.225000 0.560937 0.225000 0.579688 0.221875 0.582812 0.221875 0.590625 0.223438 0.593750 0.226562 0.596875 0.235937 0.600000 0.245312 0.600000 0.253125 0.604688 0.257812 0.604688 0.267188 0.600000 0.268750 0.598437 0.270313 0.595313 0.271875 0.590625 0.271875 0.573438 0.267188 0.564063 0.260937 0.557813 0.256250 0.554688 0.251563 0.554688 0.246875 0.560937 0.243750 0.560937 0.240625 0.557813 0.234375 0.557813 0.228125 0.560937
0 0.290625 0.579688 0.285938 0.578125 0.281250 0.578125 0.275000 0.579688 0.271875 0.582812 0.271875 0.593750 0.270313 0.596875 0.264062 0.604688 0.262500 0.606250 0.260937 0.606250 0.259375 0.607812 0.257812 0.610938 0.257812 0.618750 0.262500 0.623437 0.267188 0.625000 0.290625 0.621875 0.296875 0.618750 0.300000 0.615625 0.300000 0.612500 0.298438 0.589063 0.296875 0.585938
0 0.351562 0.679688 0.348438 0.681250 0.346875 0.682813 0.334375 0.700000 0.334375 0.709375 0.335938 0.714063 0.337500 0.717187 0.346875 0.726562 0.348438 0.731250 0.350000 0.734375 0.351562 0.735938 0.357812 0.739062 0.364063 0.739062 0.367188 0.735938 0.367188 0.728125 0.370312 0.725000 0.375000 0.723437 0.376563 0.721875 0.378125 0.718750 0.378125 0.704688 0.376563 0.698438 0.376563 0.693750 0.371875 0.689063 0.365625 0.687500 0.357812 0.681250 0.354687 0.679688
0 0.320312 0.706250 0.317188 0.709375 0.315625 0.712500 0.315625 0.717187 0.314063 0.720313 0.312500 0.721875 0.307812 0.723437 0.306250 0.728125 0.307812 0.731250 0.310937 0.734375 0.312500 0.739062 0.312500 0.745313 0.314063 0.748437 0.320312 0.751563 0.326562 0.757812 0.348438 0.757812 0.353125 0.756250 0.356250 0.753125 0.356250 0.750000 0.350000 0.739062 0.350000 0.734375 0.348438 0.729688 0.345313 0.725000 0.337500 0.718750 0.334375 0.715625 0.332813 0.710938 0.326562 0.704688 0.323437 0.704688
0 0.265625 0.718750 0.264062 0.721875 0.262500 0.726562 0.265625 0.734375 0.265625 0.739062 0.262500 0.742188 0.260937 0.746875 0.260937 0.757812 0.262500 0.760938 0.267188 0.765625 0.275000 0.781250 0.278125 0.784375 0.284375 0.785937 0.295312 0.785937 0.301563 0.789062 0.307812 0.787500 0.310937 0.785937 0.314063 0.782813 0.315625 0.779687 0.315625 0.775000 0.317188 0.771875 0.326562 0.768750 0.329688 0.767188 0.329688 0.764062 0.328125 0.759375 0.318750 0.750000 0.315625 0.750000 0.312500 0.746875 0.310937 0.742188 0.310937 0.735938 0.296875 0.720313 0.293750 0.718750 0.281250 0.717187 0.270313 0.717187 0.268750 0.718750
0 0.250000 0.654687 0.245312 0.659375 0.245312 0.678125 0.246875 0.690625 0.250000 0.703125 0.256250 0.709375 0.260937 0.712500 0.265625 0.714063 0.295312 0.714063 0.300000 0.709375 0.301563 0.706250 0.301563 0.700000 0.303125 0.698438 0.303125 0.693750 0.300000 0.684375 0.301563 0.667188 0.298438 0.664062 0.295312 0.662500 0.282813 0.662500 0.276562 0.660937 0.273438 0.659375 0.268750 0.654687 0.265625 0.653125 0.253125 0.653125
0 0.184375 0.662500 0.182812 0.673438 0.184375 0.676562 0.189062 0.684375 0.201563 0.698438 0.207813 0.704688 0.225000 0.704688 0.228125 0.701562 0.231250 0.701562 0.237500 0.704688 0.245312 0.704688 0.248438 0.703125 0.248438 0.700000 0.250000 0.698438 0.250000 0.675000 0.246875 0.667188 0.245312 0.659375 0.243750 0.659375 0.237500 0.651563 0.234375 0.650000 0.203125 0.650000 0.196875 0.653125 0.189062 0.660937
0 0.135937 0.606250 0.131250 0.610938 0.129688 0.614062 0.128125 0.632812 0.128125 0.646875 0.129688 0.650000 0.132812 0.654687 0.137500 0.657813 0.140625 0.659375 0.153125 0.664062 0.168750 0.667188 0.175000 0.667188 0.179688 0.665625 0.190625 0.654687 0.192188 0.645312 0.192188 0.642188 0.190625 0.631250 0.185938 0.614062 0.182812 0.609375 0.179688 0.609375 0.173437 0.604688 0.170313 0.603125 0.165625 0.601562 0.154688 0.601562 0.151562 0.604688 0.139063 0.604688
0 0.185938 0.598437 0.184375 0.610938 0.187500 0.615625 0.192188 0.634375 0.192188 0.650000 0.193750 0.653125 0.198437 0.653125 0.214062 0.650000 0.243750 0.650000 0.248438 0.645312 0.248438 0.642188 0.257812 0.634375 0.259375 0.631250 0.259375 0.626563 0.253125 0.609375 0.251563 0.606250 0.248438 0.603125 0.245312 0.601562 0.231250 0.600000 0.223438 0.595313 0.215625 0.593750 0.206250 0.593750 0.200000 0.596875 0.189062 0.596875
1 0.306250 0.662500 0.304688 0.667188 0.304688 0.673438 0.310937 0.679688 0.315625 0.681250 0.321875 0.681250 0.325000 0.679688 0.329688 0.675000 0.329688 0.670312 0.323437 0.664062 0.320312 0.662500 0.315625 0.660937
0 0.221875 0.790625 0.218750 0.796875 0.218750 0.804688 0.228125 0.814063 0.232813 0.815625 0.239063 0.821875 0.239063 0.823438 0.243750 0.828125 0.248438 0.831250 0.254688 0.834375 0.262500 0.834375 0.267188 0.829688 0.267188 0.820312 0.262500 0.815625 0.257812 0.806250 0.260937 0.803125 0.270313 0.801562 0.270313 0.796875 0.262500 0.789062 0.259375 0.787500 0.254688 0.785937 0.245312 0.785937 0.231250 0.787500 0.225000 0.789062
0 0.143750 0.798438 0.142187 0.804688 0.142187 0.809375 0.143750 0.814063 0.146875 0.817187 0.146875 0.829688 0.148438 0.834375 0.153125 0.839063 0.167187 0.845313 0.173437 0.846875 0.179688 0.846875 0.184375 0.845313 0.192188 0.839063 0.198437 0.837500 0.200000 0.834375 0.203125 0.825000 0.203125 0.821875 0.201563 0.820312 0.201563 0.815625 0.198437 0.806250 0.196875 0.803125 0.195312 0.801562 0.192188 0.800000 0.184375 0.800000 0.179688 0.798438 0.176563 0.795312 0.171875 0.793750 0.164062 0.792188 0.157812 0.792188 0.154688 0.795312 0.146875 0.795312
0 0.121875 0.760938 0.118750 0.760938 0.110937 0.762500 0.104688 0.764062 0.101562 0.765625 0.095312 0.771875 0.093750 0.776563 0.092188 0.778125 0.087500 0.779687 0.084375 0.782813 0.084375 0.790625 0.085938 0.793750 0.087500 0.795312 0.093750 0.800000 0.096875 0.807813 0.103125 0.815625 0.106250 0.817187 0.110937 0.817187 0.114062 0.814063 0.114062 0.812500 0.117188 0.809375 0.132812 0.809375 0.135937 0.806250 0.137500 0.803125 0.142187 0.789062 0.142187 0.785937 0.139063 0.776563 0.135937 0.773438 0.135937 0.771875 0.134375 0.770312
0 0.157812 0.745313 0.156250 0.748437 0.153125 0.759375 0.153125 0.764062 0.156250 0.770312 0.164062 0.776563 0.170313 0.779687 0.178125 0.781250 0.192188 0.782813 0.195312 0.782813 0.203125 0.781250 0.207813 0.782813 0.212500 0.785937 0.221875 0.784375 0.225000 0.778125 0.225000 0.775000 0.221875 0.770312 0.220312 0.759375 0.217188 0.753125 0.209375 0.745313 0.198437 0.737500 0.185938 0.731250 0.181250 0.731250 0.179688 0.729688 0.176563 0.729688 0.171875 0.731250 0.167187 0.734375 0.160938 0.740625
0 0.125000 0.687500 0.125000 0.692187 0.123438 0.693750 0.123438 0.701562 0.126562 0.707812 0.125000 0.714063 0.121875 0.715625 0.117188 0.715625 0.114062 0.717187 0.107813 0.723437 0.106250 0.726562 0.106250 0.734375 0.107813 0.737500 0.109375 0.739062 0.110937 0.739062 0.120313 0.746875 0.123438 0.746875 0.126562 0.748437 0.129688 0.751563 0.129688 0.756250 0.132812 0.759375 0.143750 0.759375 0.151562 0.751563 0.153125 0.745313 0.157812 0.740625 0.164062 0.726562 0.164062 0.721875 0.162500 0.718750 0.157812 0.715625 0.156250 0.712500 0.156250 0.703125 0.153125 0.698438 0.151562 0.693750 0.145313 0.689063 0.142187 0.687500 0.137500 0.685937
0 0.160938 0.682813 0.159375 0.684375 0.153125 0.692187 0.151562 0.704688 0.151562 0.707812 0.154688 0.709375 0.156250 0.714063 0.167187 0.725000 0.170313 0.726562 0.175000 0.728125 0.198437 0.728125 0.201563 0.726562 0.207813 0.720313 0.209375 0.715625 0.207813 0.710938 0.206250 0.707812 0.198437 0.696875 0.193750 0.692187 0.189062 0.689063 0.181250 0.684375 0.171875 0.681250 0.164062 0.681250
0 0.029687 0.642188 0.026562 0.645312 0.025000 0.654687 0.023438 0.657813 0.018750 0.664062 0.017188 0.667188 0.015625 0.673438 0.010937 0.675000 0.004687 0.681250 0.003125 0.684375 0.003125 0.690625 0.004687 0.693750 0.010937 0.700000 0.014063 0.701562 0.026562 0.700000 0.032813 0.700000 0.035937 0.701562 0.039062 0.704688 0.043750 0.706250 0.050000 0.706250 0.075000 0.704688 0.078125 0.703125 0.081250 0.700000 0.082812 0.696875 0.082812 0.692187 0.081250 0.687500 0.079687 0.684375 0.082812 0.681250 0.082812 0.668750 0.079687 0.662500 0.076563 0.659375 0.076563 0.657813 0.075000 0.656250 0.065625 0.651563 0.057813 0.650000 0.054688 0.648438 0.048438 0.643750 0.045312 0.642188
0 0.000000 0.735938 0.000000 0.800000 0.003125 0.801562 0.007812 0.803125 0.014063 0.804688 0.025000 0.804688 0.028125 0.803125 0.035937 0.796875 0.037500 0.795312 0.039062 0.792188 0.040625 0.785937 0.039062 0.778125 0.035937 0.765625 0.034375 0.762500 0.026562 0.754687 0.025000 0.748437 0.023438 0.745313 0.018750 0.740625 0.012500 0.737500 0.006250 0.735938
0 0.000000 0.831250 0.000000 0.876563 0.003125 0.876563 0.004687 0.878125 0.012500 0.878125 0.023438 0.882812 0.031250 0.882812 0.034375 0.881250 0.039062 0.876563 0.043750 0.875000 0.046875 0.871875 0.046875 0.862500 0.043750 0.853125 0.040625 0.846875 0.032813 0.839063 0.026562 0.835938 0.018750 0.831250 0.015625 0.829688 0.003125 0.829688