0 0.295312 0.009375 0.293750 0.010937 0.292187 0.014063 0.290625 0.021875 0.289062 0.034375 0.284375 0.035937 0.281250 0.039062 0.278125 0.043750 0.278125 0.050000 0.281250 0.056250 0.290625 0.064062 0.292187 0.070312 0.295312 0.076563 0.296875 0.078125 0.300000 0.079687 0.304688 0.081250 0.310937 0.081250 0.312500 0.082812 0.317188 0.082812 0.329688 0.078125 0.337500 0.073438 0.342187 0.073438 0.345313 0.071875 0.348438 0.065625 0.348438 0.059375 0.346875 0.054688 0.343750 0.051562 0.343750 0.048438 0.348438 0.045312 0.351562 0.039062 0.351562 0.031250 0.350000 0.028125 0.346875 0.025000 0.340625 0.021875 0.331250 0.021875 0.321875 0.025000 0.317188 0.020313 0.317188 0.014063 0.314063 0.010937 0.310937 0.009375 0.306250 0.007812 0.298438 0.007812
0 0.225000 0.095312 0.225000 0.103125 0.220312 0.107813 0.218750 0.117188 0.212500 0.123438 0.212500 0.129688 0.218750 0.140625 0.218750 0.146875 0.220312 0.150000 0.225000 0.154688 0.228125 0.156250 0.240625 0.154688 0.245312 0.154688 0.254688 0.159375 0.262500 0.159375 0.268750 0.151562 0.275000 0.150000 0.282813 0.153125 0.292187 0.150000 0.295312 0.140625 0.295312 0.132812 0.290625 0.125000 0.290625 0.118750 0.292187 0.117188 0.292187 0.110937 0.289062 0.107813 0.285938 0.106250 0.278125 0.106250 0.262500 0.100000 0.254688 0.100000 0.245312 0.095312 0.239063 0.093750
0 0.304688 0.098437 0.303125 0.100000 0.301563 0.103125 0.300000 0.110937 0.301563 0.118750 0.296875 0.126562 0.296875 0.135937 0.300000 0.139063 0.304688 0.140625 0.309375 0.145313 0.312500 0.153125 0.315625 0.156250 0.320312 0.157812 0.328125 0.157812 0.345313 0.156250 0.348438 0.153125 0.350000 0.150000 0.350000 0.137500 0.354687 0.132812 0.354687 0.123438 0.346875 0.117188 0.343750 0.114062 0.343750 0.110937 0.353125 0.098437 0.350000 0.098437 0.348438 0.096875 0.340625 0.096875 0.329688 0.100000 0.321875 0.100000 0.315625 0.096875 0.307812 0.096875
0 0.403125 0.045312 0.398438 0.045312 0.393750 0.046875 0.390625 0.048438 0.387500 0.051562 0.382812 0.053125 0.382812 0.070312 0.381250 0.073438 0.378125 0.076563 0.376563 0.076563 0.373437 0.079687 0.373437 0.087500 0.370312 0.093750 0.370312 0.096875 0.373437 0.103125 0.382812 0.114062 0.385937 0.115625 0.390625 0.115625 0.393750 0.112500 0.395313 0.107813 0.395313 0.104688 0.393750 0.103125 0.393750 0.100000 0.395313 0.096875 0.400000 0.090625 0.401562 0.085938 0.400000 0.071875 0.404687 0.067187 0.410938 0.064062 0.418750 0.064062 0.417187 0.057813 0.415625 0.057813 0.412500 0.054688 0.410938 0.054688 0.409375 0.053125 0.407813 0.048438 0.406250 0.046875
0 0.400000 0.306250 0.389062 0.306250 0.382812 0.309375 0.378125 0.312500 0.373437 0.318750 0.365625 0.320312 0.362500 0.323437 0.354687 0.332813 0.354687 0.340625 0.357812 0.348438 0.357812 0.359375 0.359375 0.362500 0.360938 0.364063 0.370312 0.368750 0.375000 0.368750 0.378125 0.370312 0.384375 0.375000 0.387500 0.376563 0.393750 0.376563 0.396875 0.375000 0.398438 0.373437 0.400000 0.370312 0.401562 0.365625 0.404687 0.362500 0.409375 0.362500 0.415625 0.359375 0.418750 0.356250 0.420312 0.353125 0.420312 0.342187 0.423438 0.337500 0.425000 0.332813 0.425000 0.325000 0.418750 0.318750 0.415625 0.317188 0.406250 0.315625 0.403125 0.312500 0.403125 0.309375
0 0.307812 0.245312 0.304688 0.248438 0.303125 0.251563 0.303125 0.254688 0.301563 0.257812 0.296875 0.262500 0.295312 0.265625 0.295312 0.275000 0.298438 0.279687 0.304688 0.285938 0.306250 0.289062 0.307812 0.298438 0.310937 0.301563 0.310937 0.303125 0.312500 0.304688 0.314063 0.304688 0.317188 0.307812 0.321875 0.309375 0.325000 0.309375 0.329688 0.307812 0.334375 0.303125 0.339062 0.303125 0.346875 0.307812 0.353125 0.306250 0.351562 0.295312 0.353125 0.289062 0.356250 0.287500 0.360938 0.285938 0.365625 0.282813 0.365625 0.279687 0.367188 0.278125 0.367188 0.275000 0.365625 0.270313 0.362500 0.267188 0.360938 0.264062 0.360938 0.259375 0.359375 0.254688 0.357812 0.251563 0.354687 0.248438 0.350000 0.246875 0.345313 0.242188 0.326562 0.242188 0.321875 0.245312
0 0.367188 0.245312 0.367188 0.257812 0.364063 0.265625 0.364063 0.268750 0.367188 0.273438 0.367188 0.278125 0.373437 0.287500 0.375000 0.293750 0.376563 0.296875 0.379688 0.300000 0.382812 0.301563 0.387500 0.303125 0.392188 0.303125 0.396875 0.301563 0.403125 0.295312 0.406250 0.293750 0.409375 0.293750 0.412500 0.292187 0.417187 0.287500 0.418750 0.271875 0.423438 0.271875 0.425000 0.273438 0.428125 0.273438 0.429688 0.271875 0.434375 0.271875 0.439063 0.270313 0.437500 0.267188 0.431250 0.262500 0.428125 0.256250 0.428125 0.253125 0.426563 0.250000 0.421875 0.250000 0.409375 0.242188 0.390625 0.242188 0.387500 0.239063 0.384375 0.237500 0.375000 0.237500 0.371875 0.239063 0.368750 0.242188
0 0.250000 0.306250 0.246875 0.309375 0.245312 0.312500 0.245312 0.317188 0.246875 0.321875 0.253125 0.329688 0.253125 0.340625 0.254688 0.343750 0.260937 0.350000 0.265625 0.353125 0.281250 0.357812 0.289062 0.359375 0.296875 0.357812 0.303125 0.345313 0.303125 0.337500 0.306250 0.328125 0.309375 0.320312 0.312500 0.317188 0.314063 0.314063 0.307812 0.309375 0.304688 0.309375 0.298438 0.303125 0.296875 0.298438 0.293750 0.295312 0.290625 0.293750 0.285938 0.292187 0.278125 0.292187 0.273438 0.293750 0.264062 0.303125 0.259375 0.304688 0.253125 0.304688
0 0.312500 0.314063 0.312500 0.318750 0.310937 0.323437 0.307812 0.328125 0.306250 0.332813 0.306250 0.340625 0.300000 0.353125 0.298438 0.360938 0.301563 0.375000 0.307812 0.381250 0.310937 0.382812 0.317188 0.382812 0.320312 0.379688 0.321875 0.370312 0.325000 0.368750 0.332813 0.371875 0.340625 0.371875 0.345313 0.370312 0.348438 0.367188 0.350000 0.364063 0.350000 0.350000 0.346875 0.343750 0.350000 0.339062 0.350000 0.329688 0.348438 0.328125 0.345313 0.326562 0.340625 0.325000 0.335938 0.325000 0.326562 0.320312 0.323437 0.317188 0.317188 0.314063
0 0.299672 0.172953 0.300109 0.175578 0.306391 0.186953 0.307547 0.191906 0.307703 0.201531 0.308141 0.208969 0.309016 0.213781 0.306828 0.220062 0.304641 0.223266 0.303469 0.224000 0.299828 0.218016 0.294422 0.212188 0.289031 0.206937 0.285391 0.203000 0.282031 0.209125 0.278094 0.214953 0.276344 0.219328 0.275766 0.222969 0.274594 0.222531 0.270516 0.217578 0.266719 0.210719 0.266859 0.205625 0.266719 0.203141 0.261906 0.205328 0.256516 0.203281 0.251266 0.198625 0.250250 0.197453 0.248937 0.192938 0.248781 0.191188 0.255203 0.191328 0.259875 0.192203 0.266578 0.192203 0.269781 0.187688 0.270797 0.184766 0.271391 0.180688 0.271672 0.178062 0.271969 0.177469 0.272406 0.177328 0.274453 0.178641 0.276781 0.178937 0.280859 0.178203 0.282328 0.178344 0.283484 0.178344
0 0.306828 0.168437 0.306531 0.168578 0.303609 0.173531 0.305797 0.180828 0.307984 0.192062 0.307984 0.198766 0.308141 0.205187 0.307547 0.210000 0.306234 0.215391 0.305797 0.218312 0.309156 0.222531 0.315859 0.227641 0.319656 0.230703 0.325922 0.233031 0.331172 0.234500 0.334672 0.235656 0.336281 0.234938 0.339047 0.233766 0.341672 0.232156 0.342844 0.231141 0.337016 0.235516 0.342406 0.232891 0.342406 0.232453 0.342984 0.230266 0.344016 0.228078 0.342984 0.227063 0.344156 0.227500 0.359609 0.229250 0.360922 0.228078 0.363547 0.222094 0.363547 0.215531 0.362391 0.211016 0.360484 0.206500 0.358016 0.200219 0.355391 0.198906 0.355531 0.195406 0.355531 0.193516 0.352766 0.188844 0.350141 0.186219 0.346922 0.183453 0.339203 0.177187 0.335406 0.174563 0.331469 0.172812 0.330734 0.172656 0.329859 0.172375
0 0.335547 0.173250 0.339922 0.173828 0.351734 0.171781 0.352609 0.168141 0.355828 0.159688 0.360641 0.152828 0.366766 0.150938 0.369828 0.152094 0.373328 0.153703 0.376094 0.154875 0.379156 0.156906 0.380469 0.161281 0.378719 0.162891 0.375078 0.162453 0.373172 0.161719 0.380328 0.164344 0.382797 0.168141 0.383828 0.172656 0.381484 0.173828 0.377984 0.173250 0.375656 0.176156 0.373609 0.177766 0.370844 0.178344 0.368516 0.179812 0.370547 0.180969 0.374781 0.184469 0.377703 0.191328 0.378281 0.197016 0.376094 0.199781 0.369969 0.205906 0.366031 0.205906 0.359906 0.200656 0.357422 0.195703 0.355391 0.191328 0.352609 0.189875 0.350578 0.189141 0.348969 0.188703
0 0.398438 0.212500 0.398438 0.218750 0.396875 0.220312 0.396875 0.231250 0.398438 0.234375 0.406250 0.242188 0.418750 0.248438 0.428125 0.248438 0.431250 0.242188 0.431250 0.231250 0.429688 0.228125 0.428125 0.226562 0.423438 0.225000 0.415625 0.217188 0.406250 0.212500
0 0.520312 0.179688 0.512500 0.179688 0.504687 0.189062 0.504687 0.192188 0.503125 0.195312 0.490625 0.196875 0.484375 0.200000 0.481250 0.203125 0.482812 0.210938 0.484375 0.210938 0.487500 0.214062 0.489063 0.214062 0.490625 0.217188 0.482812 0.225000 0.481250 0.228125 0.481250 0.240625 0.482812 0.243750 0.490625 0.250000 0.492188 0.254688 0.500000 0.262500 0.504687 0.264062 0.507812 0.264062 0.520312 0.262500 0.526563 0.260937 0.535937 0.257812 0.542188 0.254688 0.545312 0.251563 0.550000 0.237500 0.550000 0.232813 0.548438 0.231250 0.548438 0.226562 0.553125 0.218750 0.553125 0.210938 0.550000 0.203125 0.546875 0.196875 0.545312 0.195312 0.539062 0.192188 0.534375 0.192188 0.523438 0.181250
0 0.571875 0.281250 0.557813 0.268750 0.554688 0.262500 0.546875 0.254688 0.543750 0.254688 0.540625 0.257812 0.532813 0.260937 0.526563 0.262500 0.515625 0.262500 0.507812 0.265625 0.498437 0.265625 0.492188 0.271875 0.490625 0.275000 0.490625 0.281250 0.493750 0.287500 0.500000 0.290625 0.506250 0.290625 0.512500 0.292187 0.520312 0.298438 0.523438 0.300000 0.537500 0.300000 0.542188 0.301563 0.545312 0.303125 0.550000 0.298438 0.557813 0.295312 0.560937 0.292187 0.560937 0.290625 0.562500 0.289062 0.568750 0.285938
0 0.562500 0.275000 0.565625 0.278125 0.560937 0.282813 0.556250 0.284375 0.551562 0.287500 0.543750 0.295312 0.543750 0.304688 0.545312 0.314063 0.546875 0.318750 0.548438 0.321875 0.551562 0.326562 0.556250 0.329688 0.567187 0.334375 0.570312 0.334375 0.573438 0.332813 0.575000 0.331250 0.576562 0.328125 0.578125 0.323437 0.584375 0.317188 0.584375 0.312500 0.585938 0.309375 0.592187 0.303125 0.601562 0.298438 0.601562 0.295312 0.595313 0.289062 0.592187 0.287500 0.587500 0.285938 0.576562 0.284375 0.573438 0.282813 0.568750 0.278125 0.565625 0.278125
0 0.629687 0.317188 0.621875 0.309375 0.615625 0.304688 0.612500 0.303125 0.609375 0.303125 0.604641 0.301500 0.598234 0.302406 0.594906 0.305125 0.587938 0.311656 0.587844 0.315172 0.584234 0.322328 0.576562 0.331250 0.571875 0.335938 0.570312 0.335938 0.567187 0.339062 0.564063 0.345313 0.565625 0.354687 0.568750 0.356250 0.579688 0.356250 0.582812 0.357812 0.585938 0.360938 0.589063 0.362500 0.593750 0.364063 0.607812 0.364063 0.612500 0.362500 0.618750 0.359375 0.623437 0.353125 0.634375 0.351562 0.634375 0.345313 0.631250 0.340625 0.631250 0.337500 0.629687 0.334375 0.631250 0.320312
0 0.701562 0.317188 0.701562 0.321875 0.707812 0.329688 0.715625 0.337500 0.717187 0.354687 0.720313 0.354687 0.725000 0.357812 0.729688 0.359375 0.746875 0.359375 0.751563 0.356250 0.756250 0.354687 0.757812 0.350000 0.764062 0.348438 0.771875 0.351562 0.778125 0.351562 0.779687 0.348438 0.779687 0.342187 0.778125 0.340625 0.778125 0.334375 0.779687 0.332813 0.779687 0.328125 0.768750 0.318750 0.762500 0.315625 0.740625 0.315625 0.731250 0.312500 0.715625 0.312500 0.704688 0.317188
0 0.778125 0.307812 0.778125 0.310937 0.781250 0.314063 0.782813 0.325000 0.785937 0.328125 0.789062 0.329688 0.798438 0.329688 0.803125 0.323437 0.810937 0.321875 0.821875 0.323437 0.825000 0.321875 0.829688 0.317188 0.832812 0.309375 0.831250 0.306250 0.823438 0.298438 0.817187 0.295312 0.812500 0.293750 0.796875 0.293750 0.790625 0.295312 0.785937 0.298438 0.779687 0.304688
0 0.628125 0.237500 0.626563 0.242188 0.626563 0.245312 0.628125 0.246875 0.628125 0.251563 0.634375 0.257812 0.635938 0.262500 0.632812 0.265625 0.631250 0.270313 0.631250 0.276562 0.634375 0.282813 0.639062 0.285938 0.643750 0.287500 0.654687 0.298438 0.660937 0.300000 0.684375 0.300000 0.693750 0.292187 0.696875 0.287500 0.700000 0.287500 0.704688 0.292187 0.707812 0.293750 0.710938 0.293750 0.715625 0.290625 0.717187 0.271875 0.717187 0.257812 0.715625 0.254688 0.701562 0.240625 0.696875 0.234375 0.696875 0.232813 0.693750 0.229687 0.687500 0.226562 0.682813 0.221875 0.678125 0.218750 0.671875 0.217188 0.659375 0.217188 0.656250 0.218750 0.653125 0.221875 0.646875 0.229687 0.637500 0.229687 0.634375 0.231250
0 0.726562 0.246875 0.721875 0.251563 0.720313 0.256250 0.721875 0.260937 0.718750 0.267188 0.718750 0.289062 0.721875 0.300000 0.729688 0.307812 0.732812 0.309375 0.753125 0.310937 0.765625 0.310937 0.770312 0.307812 0.773438 0.303125 0.775000 0.298438 0.778125 0.296875 0.782813 0.295312 0.787500 0.290625 0.789062 0.285938 0.787500 0.279687 0.784375 0.273438 0.771875 0.262500 0.775000 0.257812 0.773438 0.253125 0.765625 0.253125 0.760938 0.256250 0.756250 0.256250 0.751563 0.254688 0.748437 0.253125 0.745313 0.250000 0.739062 0.246875 0.732812 0.245312 0.729688 0.246875
0 0.803125 0.195312 0.796875 0.198437 0.792188 0.200000 0.785937 0.206250 0.784375 0.212500 0.781250 0.215625 0.775000 0.215625 0.771875 0.217188 0.768750 0.220312 0.768750 0.232813 0.770312 0.237500 0.781250 0.250000 0.779687 0.257812 0.779687 0.260937 0.781250 0.265625 0.785937 0.270313 0.790625 0.271875 0.803125 0.271875 0.814063 0.275000 0.817187 0.276562 0.821875 0.281250 0.825000 0.281250 0.829688 0.276562 0.834375 0.265625 0.837500 0.262500 0.845313 0.256250 0.845313 0.253125 0.846875 0.250000 0.845313 0.243750 0.850000 0.239063 0.851562 0.235937 0.850000 0.226562 0.845313 0.225000 0.842187 0.221875 0.842187 0.217188 0.840625 0.214062 0.835938 0.209375 0.832812 0.207813 0.826562 0.206250 0.823438 0.203125 0.809375 0.196875
0 0.806250 0.142187 0.803125 0.148438 0.803125 0.157812 0.801562 0.160938 0.800000 0.162500 0.790625 0.168750 0.790625 0.171875 0.789062 0.173437 0.789062 0.179688 0.792188 0.185938 0.801562 0.195312 0.804688 0.196875 0.807813 0.196875 0.815625 0.201563 0.820312 0.203125 0.829688 0.204687 0.840625 0.204687 0.845313 0.200000 0.846875 0.192188 0.845313 0.175000 0.845313 0.171875 0.846875 0.162500 0.845313 0.159375 0.837500 0.151562 0.829688 0.148438 0.823438 0.142187 0.820312 0.140625 0.809375 0.140625
0 0.739062 0.135937 0.735938 0.137500 0.718750 0.154688 0.720313 0.159375 0.718750 0.168750 0.715625 0.175000 0.718750 0.181250 0.714484 0.191000 0.714063 0.195312 0.710938 0.195312 0.712500 0.200000 0.718750 0.204687 0.728125 0.207813 0.731250 0.207813 0.734375 0.204687 0.737500 0.203125 0.743750 0.196875 0.748437 0.201563 0.753125 0.207813 0.762500 0.210938 0.768750 0.210938 0.773438 0.209375 0.779687 0.203125 0.778125 0.192188 0.784375 0.175000 0.784375 0.167187 0.778125 0.160938 0.765625 0.156250 0.762500 0.153125 0.759375 0.143750 0.756250 0.140625 0.751563 0.137500 0.746875 0.135937
0 0.660937 0.137500 0.654687 0.143750 0.653125 0.146875 0.653125 0.151562 0.651563 0.153125 0.651563 0.156250 0.653125 0.157812 0.653125 0.162500 0.656250 0.167187 0.656250 0.192188 0.664062 0.200000 0.671875 0.203125 0.675000 0.206250 0.675000 0.207813 0.676562 0.209375 0.678125 0.209375 0.681250 0.212500 0.684375 0.214062 0.689063 0.215625 0.703125 0.215625 0.707812 0.212500 0.706250 0.200000 0.709375 0.195312 0.709375 0.192188 0.714063 0.184375 0.717187 0.170313 0.717187 0.153125 0.714063 0.150000 0.709375 0.146875 0.706250 0.145313 0.696875 0.143750 0.693750 0.140625 0.693750 0.139063 0.687500 0.135937 0.673438 0.135937
0 0.601562 0.150000 0.598437 0.153125 0.598437 0.168750 0.595313 0.171875 0.590625 0.171875 0.587500 0.173437 0.581250 0.179688 0.581250 0.195312 0.585938 0.200000 0.590625 0.201563 0.593750 0.204687 0.595313 0.207813 0.595313 0.215625 0.601562 0.221875 0.604688 0.223438 0.614062 0.226562 0.621875 0.226562 0.626563 0.225000 0.629687 0.223438 0.631250 0.220312 0.639062 0.218750 0.650000 0.220312 0.654687 0.217188 0.659375 0.212500 0.660937 0.207813 0.660937 0.204687 0.659375 0.200000 0.656250 0.196875 0.654687 0.193750 0.654687 0.168750 0.650000 0.160938 0.645312 0.156250 0.639062 0.153125 0.629687 0.150000 0.618750 0.148438 0.604688 0.148438
0 0.542188 0.068750 0.540625 0.071875 0.540625 0.075000 0.542188 0.076563 0.543750 0.082812 0.542188 0.090625 0.542188 0.093750 0.543750 0.098437 0.551562 0.106250 0.553125 0.109375 0.553125 0.117188 0.554688 0.120313 0.556250 0.121875 0.557813 0.121875 0.560937 0.125000 0.568750 0.126562 0.571875 0.126562 0.579688 0.125000 0.582812 0.126562 0.590625 0.132812 0.600000 0.132812 0.609375 0.131250 0.612500 0.129688 0.615625 0.126562 0.615625 0.125000 0.618750 0.121875 0.621875 0.120313 0.626563 0.120313 0.632812 0.114062 0.632812 0.107813 0.631250 0.103125 0.626563 0.095312 0.629687 0.090625 0.629687 0.082812 0.628125 0.078125 0.625000 0.071875 0.623437 0.070312 0.621875 0.070312 0.618750 0.067187 0.615625 0.065625 0.606250 0.064062 0.598437 0.065625 0.587500 0.054688 0.581250 0.051562 0.576562 0.050000 0.570312 0.050000 0.567187 0.051562 0.565625 0.053125 0.564063 0.056250 0.564063 0.062500 0.560937 0.065625 0.553125 0.064062 0.545312 0.065625
0 0.728125 0.062500 0.721875 0.056250 0.720313 0.056250 0.712500 0.048438 0.709375 0.040625 0.706250 0.037500 0.698438 0.035937 0.695312 0.037500 0.692187 0.037500 0.685937 0.042188 0.681250 0.042188 0.676562 0.043750 0.671875 0.048438 0.668750 0.050000 0.660937 0.051562 0.653125 0.057813 0.642188 0.062500 0.637500 0.067187 0.635938 0.067187 0.632812 0.070312 0.631250 0.073438 0.631250 0.079687 0.632812 0.084375 0.639062 0.090625 0.640625 0.090625 0.646875 0.096875 0.648438 0.100000 0.648438 0.103125 0.650000 0.106250 0.654687 0.107813 0.659375 0.110937 0.664062 0.112500 0.678125 0.115625 0.689063 0.115625 0.703125 0.101562 0.707812 0.100000 0.714063 0.093750 0.715625 0.089063 0.723437 0.082812 0.725000 0.079687 0.725000 0.075000 0.728125 0.071875 0.729688 0.068750 0.729688 0.065625
0 0.753125 0.079687 0.732812 0.079687 0.731250 0.081250 0.721875 0.081250 0.717187 0.087500 0.714063 0.093750 0.709375 0.098437 0.701562 0.103125 0.700000 0.106250 0.698438 0.107813 0.693750 0.109375 0.690625 0.112500 0.690625 0.121875 0.693750 0.129688 0.696875 0.132812 0.700000 0.134375 0.704688 0.134375 0.710938 0.128125 0.717187 0.128125 0.728125 0.132812 0.734375 0.132812 0.737500 0.131250 0.739062 0.129688 0.743750 0.118750 0.746875 0.115625 0.756250 0.115625 0.756250 0.109375 0.754687 0.104688 0.745313 0.095312 0.750000 0.085938 0.754687 0.082812
0 0.529687 0.000000 0.531250 0.003125 0.532813 0.007812 0.532813 0.012500 0.535937 0.015625 0.539062 0.017188 0.545312 0.017188 0.550000 0.018750 0.554688 0.023438 0.559375 0.035937 0.564063 0.040625 0.570312 0.043750 0.578125 0.045312 0.585938 0.045312 0.589063 0.048438 0.590625 0.053125 0.595313 0.057813 0.598437 0.059375 0.603125 0.054688 0.604688 0.051562 0.607812 0.040625 0.607812 0.028125 0.604688 0.009375 0.606250 0.000000
0 0.609375 0.000000 0.609375 0.032813 0.612500 0.035937 0.615625 0.037500 0.625000 0.039062 0.632812 0.043750 0.637500 0.045312 0.642188 0.045312 0.646875 0.046875 0.650000 0.050000 0.653125 0.051562 0.657813 0.051562 0.664062 0.046875 0.670312 0.045312 0.678125 0.040625 0.682813 0.035937 0.685937 0.029687 0.689063 0.020313 0.689063 0.003125 0.687500 0.000000
0 0.700000 0.017188 0.701562 0.020313 0.704688 0.023438 0.706250 0.026562 0.706250 0.031250 0.709375 0.037500 0.714063 0.045312 0.723437 0.050000 0.728125 0.048438 0.732812 0.048438 0.739062 0.053125 0.742188 0.054688 0.750000 0.054688 0.753125 0.053125 0.757812 0.050000 0.760938 0.046875 0.760938 0.043750 0.764062 0.040625 0.767188 0.039062 0.778125 0.039062 0.781250 0.035937 0.782813 0.032813 0.782813 0.025000 0.781250 0.018750 0.778125 0.014063 0.778125 0.010937 0.781250 0.007812 0.781250 0.004687 0.776563 0.000000 0.715625 0.000000 0.709375 0.007812 0.704688 0.009375 0.701562 0.012500
0 0.803125 0.012500 0.803125 0.021875 0.804688 0.025000 0.806250 0.026562 0.807813 0.026562 0.810937 0.029687 0.810937 0.039062 0.814063 0.045312 0.815625 0.046875 0.821875 0.050000 0.837500 0.050000 0.842187 0.051562 0.853125 0.056250 0.857812 0.060937 0.860938 0.062500 0.870313 0.062500 0.875000 0.060937 0.879687 0.057813 0.881250 0.054688 0.881250 0.050000 0.879687 0.045312 0.878125 0.042188 0.867188 0.031250 0.865625 0.028125 0.865625 0.017188 0.859375 0.010937 0.859375 0.006250 0.856250 0.000000 0.845313 0.001563 0.820312 0.000000 0.820312 0.003125 0.817187 0.006250 0.812500 0.006250 0.807813 0.007812
0 0.856250 0.000000 0.857812 0.004687 0.862500 0.010937 0.864062 0.015625 0.864062 0.021875 0.867188 0.029687 0.870313 0.031250 0.876563 0.031250 0.879687 0.029687 0.882812 0.026562 0.892188 0.026562 0.898438 0.028125 0.904687 0.032813 0.909375 0.031250 0.909375 0.029687 0.912500 0.026562 0.912500 0.023438 0.917188 0.018750 0.923438 0.017188 0.931250 0.012500 0.934375 0.009375 0.934375 0.000000
0 0.968750 0.017188 0.965625 0.014063 0.959375 0.012500 0.937500 0.014063 0.928125 0.017188 0.925000 0.018750 0.915625 0.026562 0.906250 0.035937 0.901563 0.045312 0.901563 0.051562 0.906250 0.053125 0.909375 0.056250 0.909375 0.065625 0.910937 0.068750 0.917188 0.067187 0.917188 0.064062 0.923438 0.057813 0.926562 0.059375 0.935937 0.057813 0.946875 0.062500 0.951562 0.060937 0.951562 0.057813 0.950000 0.050000 0.953125 0.046875 0.956250 0.046875 0.959375 0.043750 0.965625 0.043750 0.970313 0.046875 0.978125 0.046875 0.981250 0.043750 0.981250 0.037500 0.979688 0.034375 0.975000 0.029687 0.970313 0.028125 0.965625 0.021875
0 0.476562 0.956250 0.476562 0.964063 0.478125 0.968750 0.481250 0.975000 0.484375 0.978125 0.485938 0.981250 0.484375 0.985938 0.482812 0.985938 0.478125 0.989062 0.473438 0.993750 0.475000 0.996875 0.565625 0.998437 0.564063 0.995313 0.559375 0.989062 0.554688 0.985938 0.546875 0.985938 0.543750 0.982812 0.542188 0.982812 0.539062 0.976562 0.537500 0.970313 0.537500 0.950000 0.534375 0.943750 0.521875 0.931250 0.517188 0.931250 0.514062 0.934375 0.512500 0.937500 0.510938 0.950000 0.506250 0.950000 0.500000 0.948438 0.493750 0.945312 0.487500 0.945312 0.484375 0.946875
0 0.634375 0.998437 0.692187 0.998437 0.689063 0.996875 0.687500 0.995313 0.684375 0.995313 0.681250 0.993750 0.675000 0.987500 0.668750 0.982812 0.664062 0.981250 0.654687 0.981250 0.650000 0.984375 0.645312 0.990625 0.642188 0.992188 0.639062 0.992188