0 0.560937 0.096875 0.554688 0.096875 0.551562 0.098437 0.543750 0.104688 0.535937 0.101562 0.528125 0.103125 0.526563 0.104688 0.520312 0.104688 0.517188 0.107813 0.515625 0.110937 0.515625 0.117188 0.518750 0.131250 0.520312 0.134375 0.523438 0.137500 0.523438 0.140625 0.526563 0.145313 0.529687 0.146875 0.534375 0.146875 0.537500 0.150000 0.539062 0.154688 0.545312 0.154688 0.551562 0.148438 0.553125 0.143750 0.554688 0.140625 0.556250 0.139063 0.557813 0.139063 0.560937 0.135937 0.564063 0.135937 0.568750 0.132812 0.571875 0.129688 0.573438 0.126562 0.573438 0.118750 0.571875 0.115625 0.565625 0.109375 0.565625 0.103125 0.564063 0.101562 0.564063 0.098437
0 0.496875 0.126562 0.492188 0.131250 0.489063 0.137500 0.490625 0.145313 0.487500 0.148438 0.481250 0.148438 0.478125 0.150000 0.473438 0.154688 0.471875 0.157812 0.473438 0.165625 0.476562 0.170313 0.476562 0.176563 0.481250 0.185938 0.481250 0.190625 0.484375 0.196875 0.492188 0.201563 0.500000 0.204687 0.503125 0.204687 0.509375 0.201563 0.514062 0.193750 0.520312 0.187500 0.528125 0.182812 0.532813 0.181250 0.534375 0.168750 0.532813 0.165625 0.525000 0.157812 0.525000 0.154688 0.523438 0.151562 0.525000 0.146875 0.523438 0.145313 0.523438 0.140625 0.520312 0.134375 0.517188 0.132812 0.510938 0.132812 0.506250 0.128125 0.503125 0.126562
0 0.603125 0.107813 0.600000 0.109375 0.598437 0.115625 0.595313 0.121875 0.592187 0.126562 0.582812 0.134375 0.578125 0.139063 0.575000 0.145313 0.575000 0.162500 0.578125 0.168750 0.581250 0.171875 0.582812 0.178125 0.589063 0.185938 0.592187 0.187500 0.596875 0.187500 0.603125 0.185938 0.604688 0.184375 0.607812 0.184375 0.615625 0.189062 0.626563 0.189062 0.629687 0.182812 0.629687 0.168750 0.634375 0.164062 0.639062 0.162500 0.640625 0.156250 0.643750 0.150000 0.643750 0.146875 0.639062 0.142187 0.631250 0.135937 0.629687 0.128125 0.626563 0.125000 0.621875 0.123438 0.614062 0.125000 0.610938 0.121875 0.609375 0.114062 0.607812 0.110937 0.606250 0.109375
0 0.562500 0.176563 0.557813 0.181250 0.556250 0.184375 0.556250 0.189062 0.557813 0.193750 0.560937 0.200000 0.567187 0.207813 0.573438 0.210938 0.589063 0.209375 0.590625 0.201563 0.590625 0.189062 0.585938 0.182812 0.581250 0.178125 0.578125 0.176563
1 0.551562 0.146875 0.546875 0.151562 0.546875 0.156250 0.548438 0.159375 0.551562 0.162500 0.560937 0.160938 0.562500 0.156250 0.562500 0.153125 0.560937 0.150000 0.554688 0.146875
1 0.642188 0.148438 0.640625 0.157812 0.640625 0.160938 0.643750 0.164062 0.646875 0.165625 0.651563 0.165625 0.654687 0.164062 0.657813 0.160938 0.659375 0.157812 0.656250 0.151562 0.653125 0.148438 0.650000 0.146875
1 0.682813 0.115625 0.681250 0.118750 0.681250 0.125000 0.684375 0.128125 0.690625 0.129688 0.692187 0.129688 0.693750 0.128125 0.695312 0.125000 0.695312 0.120313 0.693750 0.117188 0.690625 0.114062
1 0.660937 0.134375 0.659375 0.137500 0.659375 0.142187 0.660937 0.143750 0.660937 0.146875 0.664062 0.148438 0.673438 0.148438 0.675000 0.145313 0.675000 0.140625 0.673438 0.137500 0.670312 0.134375 0.667188 0.132812 0.664062 0.132812
1 0.681250 0.185938 0.679688 0.195312 0.681250 0.198437 0.685937 0.203125 0.692187 0.203125 0.696875 0.198437 0.698438 0.195312 0.698438 0.192188 0.696875 0.189062 0.692187 0.184375 0.684375 0.184375
1 0.670312 0.165625 0.667188 0.168750 0.667188 0.178125 0.670312 0.181250 0.673438 0.182812 0.676562 0.182812 0.679688 0.179688 0.681250 0.173437 0.678125 0.167187 0.675000 0.165625
1 0.698438 0.156250 0.698438 0.164062 0.700000 0.168750 0.707812 0.168750 0.709375 0.165625 0.709375 0.159375 0.706250 0.156250
1 0.765625 0.026562 0.762500 0.029687 0.760938 0.032813 0.760938 0.040625 0.764062 0.043750 0.767188 0.045312 0.773438 0.045312 0.776563 0.043750 0.778125 0.031250 0.775000 0.028125 0.771875 0.026562
1 0.754687 0.060937 0.750000 0.062500 0.745313 0.067187 0.743750 0.073438 0.743750 0.078125 0.748437 0.082812 0.754687 0.084375 0.759375 0.084375 0.764062 0.082812 0.767188 0.079687 0.767188 0.067187 0.764062 0.064062 0.759375 0.060937
1 0.789062 0.093750 0.789062 0.100000 0.790625 0.104688 0.793750 0.107813 0.796875 0.109375 0.800000 0.109375 0.803125 0.107813 0.804688 0.104688 0.804688 0.095312 0.803125 0.092188 0.796875 0.090625
1 0.825000 0.164062 0.823438 0.167187 0.823438 0.175000 0.826562 0.178125 0.834375 0.178125 0.837500 0.170313 0.837500 0.167187 0.835938 0.164062 0.828125 0.162500
1 0.779687 0.157812 0.775000 0.162500 0.773438 0.165625 0.773438 0.170313 0.775000 0.173437 0.779687 0.178125 0.789062 0.178125 0.792188 0.176563 0.793750 0.173437 0.793750 0.165625 0.792188 0.162500 0.787500 0.157812
1 0.795312 0.117188 0.790625 0.118750 0.789062 0.125000 0.785937 0.128125 0.784375 0.131250 0.784375 0.142187 0.789062 0.146875 0.798438 0.146875 0.801562 0.145313 0.803125 0.142187 0.803125 0.129688 0.800000 0.121875
0 0.775000 0.084375 0.771875 0.085938 0.764062 0.093750 0.762500 0.093750 0.756250 0.100000 0.756250 0.110937 0.760938 0.118750 0.762500 0.126562 0.771875 0.131250 0.779687 0.131250 0.782813 0.129688 0.785937 0.126562 0.789062 0.120313 0.790625 0.115625 0.790625 0.106250 0.789062 0.098437 0.787500 0.095312 0.778125 0.085938
0 0.542188 0.267188 0.542188 0.276562 0.545312 0.282813 0.554688 0.292187 0.557813 0.293750 0.564063 0.293750 0.575000 0.289062 0.578125 0.287500 0.581250 0.281250 0.581250 0.273438 0.579688 0.270313 0.573438 0.264062 0.568750 0.262500 0.560937 0.259375 0.551562 0.259375 0.548438 0.260937
0 0.485938 0.243750 0.485938 0.251563 0.484375 0.254688 0.481250 0.257812 0.479687 0.260937 0.479687 0.264062 0.481250 0.265625 0.481250 0.270313 0.484375 0.275000 0.484375 0.278125 0.482812 0.292187 0.484375 0.295312 0.485938 0.296875 0.492188 0.300000 0.495312 0.300000 0.498437 0.301563 0.503125 0.306250 0.507812 0.314063 0.514062 0.312500 0.515625 0.309375 0.517188 0.304688 0.525000 0.298438 0.525000 0.296875 0.526563 0.295312 0.529687 0.293750 0.532813 0.293750 0.534375 0.287500 0.534375 0.284375 0.532813 0.281250 0.506250 0.253125 0.496875 0.245312 0.493750 0.243750
0 0.542188 0.201563 0.534375 0.201563 0.529687 0.203125 0.520312 0.204687 0.509375 0.204687 0.506250 0.207813 0.504687 0.212500 0.500000 0.223438 0.498437 0.240625 0.500000 0.243750 0.503125 0.248438 0.512500 0.259375 0.515625 0.262500 0.521875 0.267188 0.525000 0.268750 0.529687 0.268750 0.535937 0.267188 0.542188 0.264062 0.546875 0.259375 0.551562 0.257812 0.553125 0.253125 0.562500 0.243750 0.562500 0.234375 0.560937 0.231250 0.551562 0.221875 0.548438 0.215625 0.548438 0.210938 0.545312 0.204687
0 0.473438 0.196875 0.471875 0.200000 0.471875 0.204687 0.468750 0.210938 0.468750 0.228125 0.471875 0.231250 0.475000 0.232813 0.481250 0.232813 0.487500 0.239063 0.498437 0.217188 0.506250 0.209375 0.506250 0.204687 0.498437 0.204687 0.484375 0.196875
0 0.731250 0.467187 0.731250 0.473438 0.734375 0.476562 0.735938 0.481250 0.739062 0.482812 0.759375 0.484375 0.773438 0.481250 0.775000 0.470313 0.773438 0.464062 0.767188 0.456250 0.764062 0.453125 0.751563 0.446875 0.746875 0.448437 0.740625 0.454688 0.739062 0.459375 0.737500 0.462500 0.735938 0.464062 0.734375 0.464062
0 0.732812 0.523438 0.725000 0.531250 0.725000 0.539062 0.726562 0.542188 0.731250 0.548438 0.735938 0.553125 0.739062 0.554688 0.746875 0.554688 0.750000 0.553125 0.751563 0.551562 0.751563 0.550000 0.754687 0.546875 0.754687 0.534375 0.753125 0.531250 0.750000 0.528125 0.750000 0.526563 0.748437 0.525000 0.745313 0.523438
1 0.654687 0.454688 0.653125 0.464062 0.654687 0.468750 0.660937 0.475000 0.664062 0.476562 0.670312 0.476562 0.673438 0.475000 0.675000 0.460938 0.673438 0.457813 0.668750 0.453125 0.657813 0.453125
1 0.679688 0.506250 0.678125 0.512500 0.679688 0.517188 0.681250 0.520312 0.684375 0.521875 0.690625 0.521875 0.693750 0.518750 0.692187 0.506250 0.689063 0.504687 0.682813 0.504687
1 0.682813 0.546875 0.682813 0.560937 0.685937 0.564063 0.689063 0.565625 0.696875 0.565625 0.700000 0.562500 0.701562 0.556250 0.700000 0.550000 0.695312 0.545312
1 0.670312 0.515625 0.667188 0.514062 0.657813 0.512500 0.653125 0.514062 0.650000 0.515625 0.648438 0.517188 0.648438 0.518750 0.645312 0.521875 0.645312 0.528125 0.646875 0.531250 0.654687 0.539062 0.657813 0.539062 0.659375 0.537500 0.664062 0.537500 0.670312 0.534375 0.671875 0.531250
1 0.653125 0.506250 0.654687 0.512500 0.665625 0.514062 0.670312 0.514062 0.670312 0.506250 0.665625 0.501563 0.660937 0.500000 0.657813 0.501563
1 0.960938 0.448437 0.959375 0.451562 0.959375 0.457813 0.960938 0.460938 0.962500 0.462500 0.965625 0.464062 0.970313 0.464062 0.975000 0.459375 0.975000 0.451562 0.971875 0.448437
1 0.935937 0.475000 0.931250 0.479687 0.931250 0.484375 0.932813 0.487500 0.935937 0.490625 0.939063 0.492188 0.946875 0.492188 0.950000 0.489063 0.951562 0.484375 0.950000 0.481250 0.943750 0.475000
1 0.954688 0.498437 0.953125 0.504687 0.954688 0.509375 0.957812 0.510938 0.962500 0.510938 0.965625 0.507812 0.965625 0.501563 0.962500 0.498437
1 0.954688 0.520312 0.953125 0.523438 0.953125 0.529687 0.957812 0.534375 0.962500 0.535937 0.968750 0.532813 0.970313 0.528125 0.967187 0.521875 0.960938 0.518750
0 0.842187 0.504687 0.839063 0.506250 0.835938 0.509375 0.835938 0.520312 0.837500 0.525000 0.839063 0.531250 0.837500 0.531250 0.832812 0.534375 0.826562 0.540625 0.826562 0.548438 0.829688 0.551562 0.832812 0.553125 0.837500 0.554688 0.845313 0.554688 0.850000 0.556250 0.857812 0.564063 0.862500 0.565625 0.868750 0.564063 0.871875 0.562500 0.875000 0.559375 0.878125 0.551562 0.887500 0.542188 0.889062 0.537500 0.889062 0.531250 0.887500 0.528125 0.881250 0.521875 0.879687 0.517188 0.879687 0.510938 0.875000 0.506250 0.871875 0.504687 0.859375 0.504687 0.856250 0.507812 0.851562 0.504687
0 0.923266 0.583953 0.922219 0.583437 0.921000 0.577125 0.920469 0.576250 0.917141 0.573813 0.908578 0.574859 0.905250 0.573984 0.905078 0.568031 0.907172 0.561734 0.907516 0.559109 0.902797 0.556484 0.898594 0.554906 0.893000 0.554203 0.890547 0.553859 0.887750 0.554031 0.884594 0.561031 0.884422 0.565937 0.886172 0.573641 0.887922 0.576078 0.882844 0.576953 0.881969 0.577313 0.882328 0.581156 0.885125 0.590078 0.896500 0.607750 0.901750 0.615812 0.904547 0.618437 0.906469 0.617734 0.907875 0.614938 0.911203 0.612313 0.919422 0.613531 0.931672 0.595500
0 0.902797 0.616500 0.900344 0.614062 0.896141 0.606000 0.893000 0.596734 0.889672 0.589562 0.885469 0.583609 0.880922 0.580625 0.878125 0.579578 0.874094 0.583250 0.872531 0.586062 0.870953 0.590250 0.866922 0.590250 0.864297 0.590437 0.857469 0.595156 0.857297 0.596375 0.857297 0.603734 0.857828 0.609500 0.859578 0.616156 0.862031 0.622281 0.867281 0.626656 0.872000 0.630156 0.878125 0.631031 0.882844 0.629984 0.885656 0.625781 0.888453 0.621578 0.890016 0.620000
0 0.804688 0.603125 0.803125 0.609375 0.803125 0.615625 0.812500 0.625000 0.812500 0.634375 0.814063 0.637500 0.825000 0.648438 0.829688 0.654687 0.829688 0.660937 0.831250 0.664062 0.834375 0.667188 0.837500 0.668750 0.842187 0.668750 0.845313 0.667188 0.848437 0.664062 0.857812 0.664062 0.865625 0.668750 0.870313 0.668750 0.870313 0.662500 0.868750 0.659375 0.862500 0.653125 0.862500 0.650000 0.865625 0.645312 0.867188 0.640625 0.870313 0.623437 0.862500 0.617188 0.860938 0.614062 0.859375 0.607812 0.856250 0.604688 0.854688 0.600000 0.848437 0.595313 0.839063 0.595313 0.835938 0.596875 0.828125 0.604688 0.821875 0.600000 0.815625 0.600000 0.814063 0.601562
0 0.879687 0.642188 0.879687 0.653125 0.882812 0.657813 0.884375 0.662500 0.882812 0.671875 0.884375 0.675000 0.887500 0.678125 0.892188 0.678125 0.895312 0.676562 0.904687 0.668750 0.914062 0.673438 0.921875 0.673438 0.925000 0.671875 0.926562 0.662500 0.925000 0.657813 0.921875 0.654687 0.921875 0.651563 0.923438 0.648438 0.926562 0.645312 0.926562 0.642188 0.923438 0.639062 0.917188 0.637500 0.903125 0.639062 0.893750 0.637500 0.887500 0.637500 0.882812 0.639062