0 0.009375 0.692187 0.007812 0.700000 0.009375 0.709375 0.004687 0.717187 0.004687 0.726562 0.017188 0.739062 0.028125 0.745313 0.039062 0.748437 0.045312 0.748437 0.068750 0.737500 0.073438 0.732812 0.075000 0.729688 0.075000 0.725000 0.068750 0.718750 0.068750 0.714063 0.070312 0.704688 0.068750 0.700000 0.067187 0.696875 0.064062 0.692187 0.057813 0.689063 0.050000 0.689063 0.048438 0.690625 0.039062 0.690625 0.032813 0.685937 0.025000 0.684375 0.017188 0.685937 0.014063 0.687500
0 0.079687 0.671875 0.078125 0.675000 0.078125 0.693750 0.081250 0.712500 0.084375 0.712500 0.092188 0.715625 0.106250 0.725000 0.115625 0.725000 0.123438 0.720313 0.132812 0.714063 0.135937 0.710938 0.135937 0.709375 0.140625 0.704688 0.143750 0.700000 0.146875 0.689063 0.146875 0.684375 0.145313 0.678125 0.142187 0.675000 0.137500 0.675000 0.131250 0.671875 0.131250 0.670312 0.129688 0.668750 0.123438 0.664062 0.104688 0.664062 0.098437 0.667188 0.090625 0.675000 0.087500 0.671875
0 0.207813 0.807813 0.201563 0.810937 0.192188 0.820312 0.190625 0.823438 0.189062 0.829688 0.189062 0.839063 0.184375 0.843750 0.184375 0.851562 0.185938 0.856250 0.192188 0.862500 0.193750 0.867188 0.196875 0.870313 0.203125 0.873437 0.210938 0.876563 0.217188 0.876563 0.220312 0.873437 0.220312 0.870313 0.221875 0.867188 0.229687 0.864062 0.240625 0.853125 0.240625 0.843750 0.237500 0.840625 0.228125 0.834375 0.226562 0.817187 0.225000 0.814063 0.220312 0.809375 0.217188 0.807813
0 0.064062 0.793750 0.060937 0.795312 0.059375 0.796875 0.059375 0.798438 0.056250 0.801562 0.054688 0.806250 0.054688 0.810937 0.051562 0.814063 0.043750 0.817187 0.039062 0.821875 0.039062 0.831250 0.042188 0.840625 0.045312 0.845313 0.051562 0.851562 0.053125 0.854688 0.053125 0.857812 0.056250 0.862500 0.059375 0.865625 0.062500 0.867188 0.073438 0.870313 0.078125 0.870313 0.082812 0.868750 0.085938 0.867188 0.093750 0.859375 0.100000 0.859375 0.106250 0.856250 0.110937 0.853125 0.114062 0.848437 0.114062 0.835938 0.110937 0.829688 0.110937 0.826562 0.112500 0.820312 0.110937 0.814063 0.109375 0.810937 0.106250 0.806250 0.103125 0.803125 0.098437 0.800000 0.085938 0.800000 0.075000 0.793750
0 0.000000 0.806250 0.000000 0.870313 0.003125 0.871875 0.015625 0.871875 0.020313 0.875000 0.025000 0.875000 0.028125 0.873437 0.029687 0.868750 0.035937 0.857812 0.035937 0.851562 0.040625 0.843750 0.040625 0.839063 0.039062 0.832812 0.034375 0.823438 0.026562 0.812500 0.020313 0.806250 0.017188 0.804688
1 0.175000 0.900000 0.171875 0.904687 0.171875 0.910937 0.175000 0.917188 0.176563 0.917188 0.179688 0.920312 0.184375 0.921875 0.193750 0.921875 0.196875 0.920312 0.200000 0.917188 0.201563 0.914062 0.201563 0.909375 0.200000 0.906250 0.192188 0.898438 0.185938 0.896875 0.181250 0.896875
1 0.189062 0.929688 0.187500 0.932813 0.187500 0.942187 0.189062 0.945312 0.192188 0.948438 0.198437 0.951562 0.204687 0.951562 0.209375 0.946875 0.210938 0.943750 0.210938 0.937500 0.209375 0.934375 0.204687 0.929688 0.198437 0.928125 0.193750 0.928125 0.192188 0.929688
1 0.432812 0.635938 0.429688 0.637500 0.426563 0.640625 0.425000 0.643750 0.425000 0.650000 0.429688 0.654687 0.439063 0.654687 0.442188 0.653125 0.443750 0.650000 0.443750 0.642188 0.442188 0.639062 0.440625 0.637500 0.437500 0.635938
0 0.326562 0.575000 0.318750 0.576562 0.315625 0.581250 0.306250 0.581250 0.303125 0.582812 0.301563 0.593750 0.298438 0.598437 0.298438 0.606250 0.301563 0.612500 0.307812 0.618750 0.310937 0.623437 0.310937 0.626563 0.314063 0.629687 0.323437 0.629687 0.328125 0.626563 0.334375 0.626563 0.342187 0.609375 0.348438 0.603125 0.350000 0.600000 0.350000 0.593750 0.348438 0.590625 0.343750 0.585938 0.334375 0.578125 0.331250 0.576562
0 0.368750 0.553125 0.368750 0.575000 0.371875 0.578125 0.371875 0.579688 0.373437 0.581250 0.379688 0.585938 0.384375 0.587500 0.389062 0.592187 0.389062 0.593750 0.393750 0.598437 0.396875 0.600000 0.409375 0.600000 0.414062 0.598437 0.417187 0.595313 0.418750 0.590625 0.425000 0.587500 0.429688 0.587500 0.432812 0.585938 0.439063 0.579688 0.439063 0.575000 0.435937 0.571875 0.429688 0.567187 0.429688 0.562500 0.431250 0.553125 0.429688 0.548438 0.423438 0.542188 0.407813 0.543750 0.400000 0.539062 0.387500 0.539062 0.379688 0.543750 0.376563 0.543750 0.373437 0.545312 0.371875 0.546875
0 0.490625 0.606250 0.484375 0.609375 0.476562 0.617188 0.465625 0.618750 0.465625 0.625000 0.460938 0.632812 0.459375 0.637500 0.459375 0.640625 0.460938 0.650000 0.462500 0.654687 0.468750 0.662500 0.471875 0.665625 0.475000 0.667188 0.482812 0.667188 0.485938 0.665625 0.490625 0.662500 0.493750 0.657813 0.498437 0.657813 0.504687 0.654687 0.506250 0.648438 0.507812 0.637500 0.507812 0.634375 0.504687 0.629687 0.501563 0.620313 0.501563 0.614062 0.496875 0.609375
0 0.353125 0.637500 0.353125 0.645312 0.348438 0.653125 0.348438 0.662500 0.354687 0.668750 0.359375 0.670312 0.367188 0.671875 0.375000 0.671875 0.384375 0.673438 0.389062 0.675000 0.392188 0.678125 0.410938 0.678125 0.415625 0.673438 0.415625 0.657813 0.414062 0.648438 0.409375 0.640625 0.407813 0.635938 0.400000 0.631250 0.393750 0.626563 0.390625 0.625000 0.385937 0.625000 0.384375 0.623437 0.381250 0.623437 0.375000 0.626563 0.368750 0.626563 0.357812 0.632812
0 0.323437 0.653125 0.317188 0.654687 0.315625 0.659375 0.304688 0.660937 0.301563 0.660937 0.298438 0.664062 0.293750 0.665625 0.292187 0.668750 0.292187 0.675000 0.293750 0.678125 0.300000 0.684375 0.293750 0.690625 0.293750 0.701562 0.296875 0.706250 0.303125 0.712500 0.307812 0.714063 0.315625 0.714063 0.329688 0.710938 0.332813 0.709375 0.335938 0.706250 0.337500 0.701562 0.342187 0.696875 0.343750 0.693750 0.345313 0.689063 0.345313 0.675000 0.343750 0.670312 0.342187 0.667188 0.339062 0.664062 0.339062 0.662500 0.337500 0.660937 0.335938 0.660937 0.332813 0.657813
0 0.348438 0.670312 0.345313 0.692187 0.345313 0.698438 0.346875 0.701562 0.353125 0.707812 0.362500 0.710938 0.368750 0.712500 0.379688 0.712500 0.382812 0.710938 0.390625 0.704688 0.393750 0.701562 0.396875 0.696875 0.396875 0.684375 0.393750 0.679688 0.387500 0.673438 0.384375 0.671875 0.379688 0.670312 0.356250 0.668750 0.351562 0.668750
0 0.528125 0.695312 0.526563 0.690625 0.525000 0.687500 0.521875 0.682813 0.518750 0.679688 0.515625 0.678125 0.504687 0.678125 0.500000 0.684375 0.495312 0.684375 0.490625 0.682813 0.479687 0.682813 0.476562 0.684375 0.471875 0.689063 0.473438 0.698438 0.473438 0.703125 0.470313 0.704688 0.470313 0.707812 0.475000 0.712500 0.479687 0.715625 0.489063 0.720313 0.507812 0.720313 0.514062 0.718750 0.517188 0.717187 0.521875 0.714063 0.526563 0.709375 0.528125 0.706250
0 0.340625 0.714063 0.335938 0.718750 0.335938 0.726562 0.339062 0.731250 0.339062 0.735938 0.340625 0.740625 0.342187 0.743750 0.345313 0.746875 0.346875 0.746875 0.351562 0.751563 0.350000 0.764062 0.351562 0.768750 0.353125 0.771875 0.356250 0.775000 0.360938 0.776563 0.373437 0.776563 0.379688 0.782813 0.385937 0.785937 0.395313 0.785937 0.403125 0.778125 0.407813 0.768750 0.415625 0.759375 0.417187 0.756250 0.418750 0.751563 0.415625 0.745313 0.415625 0.740625 0.410938 0.735938 0.406250 0.734375 0.400000 0.734375 0.393750 0.732812 0.384375 0.723437 0.373437 0.715625 0.359375 0.710938 0.348438 0.710938 0.343750 0.712500
0 0.296875 0.775000 0.295312 0.778125 0.296875 0.782813 0.298438 0.785937 0.301563 0.787500 0.304688 0.792188 0.304688 0.804688 0.309375 0.804688 0.314063 0.806250 0.317188 0.807813 0.326562 0.817187 0.329688 0.818750 0.339062 0.818750 0.342187 0.817187 0.345313 0.814063 0.350000 0.814063 0.357812 0.810937 0.360938 0.807813 0.360938 0.798438 0.359375 0.790625 0.357812 0.785937 0.356250 0.782813 0.351562 0.776563 0.350000 0.775000 0.345313 0.773438 0.340625 0.770312 0.334375 0.762500 0.332813 0.760938 0.331250 0.760938 0.328125 0.757812 0.325000 0.756250 0.317188 0.756250 0.317188 0.764062 0.314063 0.767188 0.306250 0.767188 0.303125 0.768750
0 0.300000 0.823438 0.309375 0.832812 0.317188 0.834375 0.320312 0.837500 0.323437 0.839063 0.328125 0.840625 0.339062 0.840625 0.342187 0.839063 0.345313 0.831250 0.346875 0.829688 0.356250 0.825000 0.364063 0.817187 0.362500 0.814063 0.354687 0.812500 0.350000 0.814063 0.345313 0.817187 0.340625 0.818750 0.328125 0.818750 0.320312 0.810937 0.310937 0.806250 0.304688 0.806250 0.303125 0.810937 0.300000 0.814063
0 0.393750 0.843750 0.389062 0.846875 0.382812 0.853125 0.379688 0.857812 0.375000 0.867188 0.375000 0.870313 0.373437 0.873437 0.375000 0.876563 0.378125 0.881250 0.381250 0.882812 0.398438 0.882812 0.406250 0.884375 0.409375 0.885938 0.417187 0.893750 0.420312 0.893750 0.429688 0.884375 0.431250 0.881250 0.431250 0.875000 0.428125 0.862500 0.425000 0.856250 0.420312 0.851562 0.414062 0.846875 0.407813 0.843750
0 0.453125 0.940625 0.450000 0.943750 0.450000 0.957812 0.446875 0.960938 0.445312 0.960938 0.440625 0.965625 0.439063 0.968750 0.439063 0.985938 0.450000 0.998437 0.504687 0.998437 0.507812 0.995313 0.509375 0.992188 0.509375 0.981250 0.506250 0.976562 0.506250 0.970313 0.507812 0.968750 0.507812 0.960938 0.506250 0.957812 0.496875 0.948438 0.490625 0.945312 0.484375 0.945312 0.468750 0.939063 0.457813 0.939063
0 0.512500 0.970313 0.518750 0.973437 0.521875 0.976562 0.523438 0.981250 0.528125 0.985938 0.532813 0.987500 0.539062 0.985938 0.542188 0.982812 0.550000 0.982812 0.554688 0.985938 0.559375 0.990625 0.560937 0.995313 0.560937 0.998437 0.609375 0.998437 0.612500 0.995313 0.614062 0.992188 0.615625 0.967187 0.614062 0.960938 0.612500 0.957812 0.607812 0.953125 0.604688 0.951562 0.600000 0.950000 0.587500 0.948438 0.571875 0.948438 0.565625 0.946875 0.554688 0.942187 0.548438 0.942187 0.542188 0.945312 0.539062 0.948438 0.537500 0.951562 0.537500 0.954688 0.539062 0.956250 0.537500 0.960938 0.529687 0.962500 0.529687 0.967187 0.526563 0.970313 0.523438 0.970313 0.520312 0.967187 0.515625 0.965625
0 0.551562 0.925000 0.543750 0.917188 0.540625 0.915625 0.535937 0.914062 0.525000 0.914062 0.521875 0.915625 0.517188 0.918750 0.518750 0.935937 0.518750 0.940625 0.517188 0.942187 0.518750 0.950000 0.526563 0.950000 0.529687 0.948438 0.532813 0.945312 0.540625 0.943750 0.548438 0.940625 0.553125 0.935937 0.553125 0.928125
0 0.406250 0.779687 0.403125 0.781250 0.398438 0.785937 0.398438 0.787500 0.392188 0.793750 0.392188 0.801562 0.395313 0.806250 0.393750 0.815625 0.393750 0.821875 0.406250 0.834375 0.410938 0.837500 0.414062 0.839063 0.418750 0.840625 0.434375 0.840625 0.434375 0.835938 0.437500 0.832812 0.437500 0.829688 0.440625 0.826562 0.445312 0.814063 0.439063 0.803125 0.434375 0.798438 0.432812 0.795312 0.432812 0.785937 0.431250 0.782813 0.423438 0.775000 0.423438 0.778125 0.418750 0.782813 0.412500 0.779687
0 0.462500 0.793750 0.454688 0.793750 0.451562 0.795312 0.446875 0.800000 0.445312 0.803125 0.445312 0.817187 0.442188 0.821875 0.442188 0.826562 0.435937 0.831250 0.435937 0.837500 0.432812 0.839063 0.434375 0.842187 0.435937 0.842187 0.439063 0.845313 0.439063 0.846875 0.442188 0.850000 0.432750 0.853594 0.439172 0.859859 0.443750 0.860938 0.451562 0.860938 0.454688 0.859375 0.457813 0.856250 0.459375 0.853125 0.459375 0.850000 0.462500 0.843750 0.470313 0.831250 0.476562 0.825000 0.476562 0.821875 0.481250 0.817187 0.481250 0.814063 0.479687 0.809375 0.478125 0.806250 0.475000 0.803125 0.475000 0.801562 0.473438 0.800000 0.471875 0.800000 0.468750 0.796875
0 0.482812 0.812500 0.475000 0.820312 0.464062 0.839063 0.460938 0.845313 0.459375 0.851562 0.459375 0.856250 0.460938 0.859375 0.464062 0.862500 0.468750 0.865625 0.473438 0.867188 0.478125 0.870313 0.487500 0.879687 0.493750 0.879687 0.501563 0.871875 0.510938 0.873437 0.517188 0.873437 0.521875 0.868750 0.523438 0.864062 0.521875 0.837500 0.520312 0.834375 0.515625 0.829688 0.512500 0.828125 0.501563 0.826562 0.495312 0.823438 0.493750 0.821875 0.493750 0.820312 0.490625 0.817187 0.490625 0.815625 0.489063 0.814063 0.485938 0.812500
0 0.515625 0.743750 0.509375 0.743750 0.506250 0.740625 0.506250 0.739062 0.503125 0.735938 0.498437 0.732812 0.492188 0.729688 0.484375 0.729688 0.478125 0.731250 0.468750 0.735938 0.464062 0.739062 0.457813 0.746875 0.453125 0.751563 0.448437 0.753125 0.446875 0.767188 0.450000 0.773438 0.454688 0.778125 0.460938 0.781250 0.467187 0.782813 0.489063 0.784375 0.492188 0.782813 0.495312 0.779687 0.503125 0.770312 0.504687 0.770312 0.512500 0.762500 0.517188 0.754687
0 0.503125 0.771875 0.498437 0.776563 0.495312 0.781250 0.493750 0.784375 0.493750 0.801562 0.496875 0.807813 0.514062 0.823438 0.520312 0.825000 0.525000 0.823438 0.529687 0.818750 0.534375 0.817187 0.543750 0.817187 0.550000 0.810937 0.551562 0.807813 0.553125 0.793750 0.553125 0.785937 0.550000 0.776563 0.543750 0.770312 0.537500 0.768750 0.526563 0.767188 0.512500 0.767188
0 0.560937 0.731250 0.557813 0.728125 0.553125 0.725000 0.545312 0.721875 0.540625 0.720313 0.535937 0.720313 0.528125 0.725000 0.521875 0.725000 0.518750 0.726562 0.517188 0.728125 0.515625 0.731250 0.515625 0.734375 0.514062 0.737500 0.515625 0.740625 0.518750 0.743750 0.520312 0.751563 0.523438 0.754687 0.529687 0.757812 0.534375 0.757812 0.539062 0.756250 0.545312 0.750000 0.545312 0.748437 0.553125 0.740625 0.554688 0.740625 0.560937 0.734375
0 0.559375 0.734375 0.554688 0.737500 0.543750 0.750000 0.542188 0.754687 0.542188 0.764062 0.551562 0.773438 0.553125 0.776563 0.554688 0.784375 0.556250 0.787500 0.560937 0.792188 0.567187 0.793750 0.579688 0.793750 0.585938 0.796875 0.595313 0.796875 0.600000 0.793750 0.601562 0.790625 0.603125 0.782813 0.606250 0.778125 0.607812 0.773438 0.607812 0.767188 0.604688 0.754687 0.603125 0.750000 0.600000 0.743750 0.596875 0.739062 0.590625 0.732812 0.581250 0.729688 0.575000 0.729688 0.568750 0.731250
0 0.587500 0.700000 0.587500 0.710938 0.590625 0.717187 0.598437 0.725000 0.606250 0.723437 0.609375 0.723437 0.626563 0.726562 0.635938 0.726562 0.637500 0.725000 0.640625 0.725000 0.642188 0.721875 0.642188 0.715625 0.639062 0.709375 0.634375 0.704688 0.634375 0.700000 0.632812 0.696875 0.629687 0.693750 0.626563 0.692187 0.623437 0.692187 0.620313 0.690625 0.614062 0.684375 0.610938 0.682813 0.606250 0.682813 0.601562 0.687500 0.600000 0.692187 0.596875 0.695312 0.592187 0.695312
0 0.532813 0.906250 0.532813 0.909375 0.535937 0.912500 0.539062 0.914062 0.546875 0.917188 0.551562 0.918750 0.564063 0.915625 0.573438 0.912500 0.576562 0.909375 0.578125 0.904687 0.578125 0.898438 0.576562 0.896875 0.576562 0.892188 0.573438 0.890625 0.570312 0.890625 0.562500 0.887500 0.556250 0.882812 0.546875 0.882812 0.543750 0.885938 0.542188 0.890625 0.539062 0.898438 0.534375 0.903125
0 0.664344 0.826781 0.656531 0.818969 0.651844 0.817406 0.642469 0.815844 0.637781 0.812719 0.633094 0.811156 0.628406 0.811156 0.622156 0.814281 0.617469 0.818969 0.614344 0.823656 0.614344 0.831469 0.620594 0.839281 0.620594 0.845531 0.623719 0.851781 0.622156 0.856469 0.629969 0.856469 0.634656 0.854906 0.639344 0.851781 0.645594 0.851781 0.648719 0.850219 0.651844 0.847094 0.653406 0.842406 0.661219 0.836156 0.664344 0.833031
0 0.578828 0.814828 0.564766 0.822641 0.558516 0.828891 0.556953 0.833578 0.556953 0.842953 0.560078 0.846078 0.561641 0.846078 0.566328 0.850766 0.575703 0.850766 0.580391 0.849203 0.583516 0.847641 0.588203 0.842953 0.592891 0.841391 0.592891 0.838266
0 0.631547 0.897344 0.625297 0.898906 0.620609 0.903594 0.620609 0.909844 0.622172 0.914531 0.626859 0.919219 0.633109 0.923906 0.648734 0.931719 0.656547 0.933281 0.659672 0.931719 0.661234 0.927031 0.665922 0.922344 0.665922 0.917656 0.664359 0.914531 0.658109 0.908281 0.654984 0.903594 0.654984 0.895781
0 0.565609 0.857766 0.564047 0.860891 0.564047 0.864016 0.568734 0.876516 0.568734 0.889016 0.574984 0.898391 0.578109 0.899953 0.578109 0.901516 0.579672 0.904641 0.574984 0.910891 0.578109 0.910891 0.581234 0.914016 0.584359 0.915578 0.595297 0.918703 0.614047 0.918703 0.617172 0.915578 0.618734 0.915578 0.620297 0.907766 0.617172 0.904641 0.615609 0.901516 0.615609 0.898391 0.617172 0.896828 0.617172 0.893703 0.615609 0.892141 0.615609 0.889016 0.617172 0.884328 0.619922 0.881203 0.620516 0.878469 0.610297 0.870797 0.607016 0.868766 0.604141 0.865750 0.601516 0.861281 0.600453 0.856219 0.596859 0.854641 0.590609 0.851516 0.585922 0.851516 0.576547 0.853078 0.571859 0.854641
0 0.596875 0.731250 0.596875 0.737500 0.603125 0.748437 0.606250 0.756250 0.607812 0.762500 0.607812 0.770312 0.610938 0.779687 0.615625 0.781250 0.623437 0.781250 0.634375 0.773438 0.637500 0.771875 0.646875 0.770312 0.651563 0.768750 0.657813 0.765625 0.657813 0.754687 0.654687 0.748437 0.651563 0.745313 0.650000 0.742188 0.650000 0.732812 0.645312 0.728125 0.642188 0.726562 0.621875 0.725000 0.603125 0.725000 0.600000 0.726562
0 0.668750 0.807813 0.668750 0.810937 0.670312 0.814063 0.671875 0.815625 0.678125 0.818750 0.684375 0.820312 0.687500 0.821875 0.692187 0.826562 0.695312 0.828125 0.700000 0.829688 0.710938 0.823438 0.720313 0.823438 0.725000 0.818750 0.725000 0.817187 0.731250 0.809375 0.710938 0.789062 0.707812 0.787500 0.687500 0.787500 0.679688 0.789062 0.675000 0.792188 0.670312 0.798438 0.673438 0.801562 0.671875 0.804688
0 0.675000 0.789062 0.675000 0.782813 0.673438 0.778125 0.671875 0.775000 0.667188 0.770312 0.664062 0.768750 0.659375 0.768750 0.657813 0.770312 0.643750 0.771875 0.637500 0.773438 0.629687 0.779687 0.625000 0.781250 0.621875 0.785937 0.626563 0.790625 0.629687 0.792188 0.634375 0.793750 0.643750 0.793750 0.648438 0.798438 0.653125 0.801562 0.660937 0.801562 0.665625 0.798438
0 0.656250 0.731250 0.654687 0.734375 0.654687 0.739062 0.656250 0.743750 0.659375 0.748437 0.660937 0.753125 0.660937 0.757812 0.662500 0.762500 0.664062 0.765625 0.673438 0.773438 0.675000 0.776563 0.676562 0.781250 0.676562 0.785937 0.681250 0.787500 0.704688 0.785937 0.707812 0.784375 0.712500 0.779687 0.715625 0.778125 0.721875 0.778125 0.732406 0.780719 0.735313 0.772172 0.725000 0.759375 0.721875 0.754687 0.712500 0.745313 0.701562 0.740625 0.695312 0.734375 0.689063 0.731250 0.681250 0.731250 0.678125 0.728125 0.660937 0.728125 0.657813 0.729688
0 0.748437 0.629687 0.742188 0.626563 0.735938 0.625000 0.725000 0.625000 0.715625 0.626563 0.709375 0.628125 0.696875 0.634375 0.693750 0.637500 0.692187 0.640625 0.692187 0.650000 0.693750 0.654687 0.696875 0.659375 0.696875 0.665625 0.698438 0.670312 0.701562 0.676562 0.703125 0.678125 0.706250 0.679688 0.712500 0.681250 0.725000 0.681250 0.737500 0.679688 0.743750 0.678125 0.753125 0.671875 0.756250 0.668750 0.756250 0.664062 0.762500 0.653125 0.760938 0.646875 0.759375 0.643750 0.751563 0.632812
0 0.746359 0.677609 0.746359 0.686984 0.751047 0.691672 0.751047 0.701047 0.752609 0.704172 0.763547 0.713547 0.774484 0.713547 0.782297 0.710422 0.794797 0.710422 0.799484 0.708859 0.804172 0.704172 0.804172 0.701047 0.807297 0.697922 0.808859 0.694797 0.810422 0.690109 0.810422 0.686984 0.808859 0.682297 0.807297 0.679172 0.793234 0.663547 0.788547 0.658859 0.783859 0.657297 0.771359 0.657297 0.766672 0.661984 0.766672 0.665109 0.765109 0.668234 0.760422 0.671359 0.749484 0.674484
0 0.751563 0.704688 0.740625 0.704688 0.739062 0.706250 0.726562 0.706250 0.720313 0.707812 0.717187 0.710938 0.717187 0.717187 0.721875 0.725000 0.721875 0.729688 0.718750 0.732812 0.717187 0.732812 0.714063 0.735938 0.714063 0.740625 0.717187 0.748437 0.729578 0.763281 0.737313 0.771281 0.745656 0.765016 0.743891 0.754094 0.748437 0.746875 0.770312 0.745313 0.775000 0.739062 0.776563 0.739062 0.779687 0.735938 0.779687 0.732812 0.778125 0.729688 0.770312 0.721875 0.765625 0.720313 0.759375 0.714063 0.757812 0.709375 0.756250 0.707812 0.754687 0.707812
0 0.679688 0.653125 0.671875 0.653125 0.668750 0.656250 0.664062 0.657813 0.660937 0.664062 0.659375 0.671875 0.650000 0.679688 0.650000 0.684375 0.651563 0.689063 0.654687 0.695312 0.657813 0.698438 0.657813 0.700000 0.670312 0.710938 0.673438 0.712500 0.676562 0.710938 0.678125 0.704688 0.681250 0.700000 0.681250 0.692187 0.682813 0.687500 0.687500 0.682813 0.689063 0.682813 0.692187 0.679688 0.693750 0.676562 0.693750 0.671875 0.690625 0.665625 0.685937 0.660937 0.685937 0.657813 0.682813 0.654687
0 0.692187 0.681250 0.684375 0.689063 0.687500 0.696875 0.685937 0.700000 0.681250 0.704688 0.676562 0.712500 0.676562 0.720313 0.689063 0.726562 0.696875 0.728125 0.700000 0.731250 0.709375 0.731250 0.720313 0.728125 0.720313 0.723437 0.715625 0.718750 0.715625 0.707812 0.714063 0.704688 0.712500 0.703125 0.710938 0.703125 0.707812 0.700000 0.706250 0.700000 0.703125 0.693750 0.703125 0.689063 0.701562 0.685937 0.696875 0.681250
0 0.764062 0.826562 0.764062 0.829688 0.771875 0.839063 0.775000 0.843750 0.775000 0.851562 0.779687 0.856250 0.782813 0.857812 0.787500 0.857812 0.790625 0.859375 0.792188 0.860938 0.792188 0.868750 0.793750 0.871875 0.798438 0.870313 0.803125 0.867188 0.810937 0.865625 0.814063 0.862500 0.815625 0.859375 0.818750 0.850000 0.820312 0.843750 0.820312 0.839063 0.818750 0.835938 0.812500 0.828125 0.809375 0.825000 0.804688 0.821875 0.798438 0.818750 0.792188 0.817187 0.779687 0.817187 0.771875 0.825000 0.767188 0.825000
0 0.831250 0.734375 0.828125 0.737500 0.817187 0.739062 0.803125 0.751563 0.801562 0.754687 0.801562 0.759375 0.807813 0.765625 0.807813 0.771875 0.806250 0.781250 0.807813 0.784375 0.810937 0.787500 0.815625 0.789062 0.820312 0.789062 0.831250 0.795312 0.840625 0.795312 0.846875 0.792188 0.851562 0.787500 0.853125 0.784375 0.854688 0.778125 0.856250 0.775000 0.857812 0.773438 0.865625 0.770312 0.865625 0.765625 0.859375 0.757812 0.857812 0.754687 0.857812 0.748437 0.854688 0.743750 0.848437 0.737500 0.842187 0.734375
0 0.870313 0.887500 0.868750 0.889062 0.868750 0.890625 0.867188 0.892188 0.868750 0.896875 0.864062 0.906250 0.864062 0.909375 0.865625 0.914062 0.868750 0.917188 0.882812 0.925000 0.889062 0.926562 0.900000 0.926562 0.907813 0.920312 0.917188 0.917188 0.920312 0.914062 0.921875 0.910937 0.921875 0.906250 0.920312 0.903125 0.906250 0.889062 0.903125 0.882812 0.900000 0.881250 0.893750 0.881250 0.887500 0.884375 0.873437 0.885938
0 0.912500 0.845313 0.909375 0.851562 0.909375 0.860938 0.910937 0.864062 0.918750 0.875000 0.920312 0.881250 0.921875 0.884375 0.932813 0.893750 0.935937 0.895312 0.948438 0.895312 0.965625 0.893750 0.975000 0.896875 0.985938 0.903125 0.998437 0.903125 0.998437 0.865625 0.990625 0.857812 0.990625 0.856250 0.985938 0.850000 0.970313 0.835938 0.967187 0.834375 0.960938 0.832812 0.948438 0.831250 0.940625 0.831250 0.935937 0.834375 0.926562 0.843750 0.915625 0.843750
0 0.959375 0.732812 0.954688 0.735938 0.946875 0.743750 0.943750 0.745313 0.940625 0.745313 0.929688 0.751563 0.925000 0.756250 0.921875 0.760938 0.921875 0.768750 0.926562 0.773438 0.928125 0.778125 0.935937 0.784375 0.940625 0.789062 0.940625 0.790625 0.945312 0.795312 0.954688 0.803125 0.959375 0.804688 0.970313 0.804688 0.975000 0.803125 0.979688 0.800000 0.985938 0.795312 0.987500 0.793750 0.987500 0.792188 0.990625 0.789062 0.996875 0.778125 0.996875 0.773438 0.995313 0.764062 0.993750 0.759375 0.989062 0.754687 0.984375 0.753125 0.982812 0.748437 0.982812 0.743750 0.978125 0.739062 0.973437 0.735938 0.967187 0.732812
1 0.859375 0.781250 0.857812 0.784375 0.857812 0.790625 0.860938 0.796875 0.867188 0.800000 0.876563 0.800000 0.879687 0.798438 0.881250 0.796875 0.881250 0.787500 0.876563 0.782813 0.870313 0.779687
1 0.809375 0.882812 0.807813 0.885938 0.807813 0.889062 0.809375 0.892188 0.810937 0.893750 0.817187 0.896875 0.825000 0.898438 0.831250 0.896875 0.837500 0.890625 0.837500 0.881250 0.835938 0.878125 0.834375 0.876563 0.831250 0.875000 0.820312 0.875000 0.815625 0.876563
0 0.881250 0.956250 0.881250 0.964063 0.876563 0.967187 0.873437 0.973437 0.873437 0.979688 0.878125 0.985938 0.878125 0.989062 0.881250 0.995313 0.884375 0.998437 0.921875 0.998437 0.925000 0.990625 0.926562 0.985938 0.926562 0.981250 0.923438 0.968750 0.920312 0.960938 0.915625 0.956250 0.912500 0.954688 0.900000 0.954688 0.892188 0.951562
0 0.981250 0.943750 0.979688 0.942187 0.978125 0.942187 0.975000 0.939063 0.971875 0.937500 0.965625 0.935937 0.956250 0.935937 0.939063 0.937500 0.935937 0.939063 0.931250 0.942187 0.925000 0.946875 0.920312 0.951562 0.918750 0.956250 0.920312 0.959375 0.925000 0.967187 0.926562 0.971875 0.926562 0.976562 0.928125 0.979688 0.934375 0.982812 0.942187 0.984375 0.957812 0.984375 0.964063 0.981250 0.970313 0.975000 0.973437 0.975000 0.976562 0.973437 0.979688 0.970313 0.981250 0.965625 0.982812 0.959375 0.982812 0.946875
0 0.786078 0.790969 0.784844 0.795172 0.782047 0.798328 0.778031 0.802172 0.774000 0.802875 0.763859 0.796406 0.762625 0.789406 0.762109 0.782922 0.762109 0.778031 0.763500 0.771375 0.769797 0.766297 0.779953 0.762625 0.793422 0.762797 0.793781 0.762797 0.798844 0.761406 0.806203 0.761922 0.809531 0.765250 0.809875 0.771031 0.804969 0.772953 0.800422 0.773125 0.804625 0.783797 0.801125 0.795172 0.796578 0.795531 0.790453 0.790797
0 0.651563 0.543750 0.648438 0.545312 0.646875 0.546875 0.635938 0.564063 0.634375 0.568750 0.635938 0.571875 0.640625 0.576562 0.646875 0.581250 0.651563 0.582812 0.657813 0.589063 0.660937 0.595313 0.665625 0.601562 0.667188 0.603125 0.673438 0.607812 0.679688 0.607812 0.687500 0.600000 0.690625 0.593750 0.698438 0.585938 0.700000 0.581250 0.700000 0.571875 0.698438 0.567187 0.692187 0.554688 0.689063 0.551562 0.687500 0.551562 0.682813 0.546875 0.679688 0.545312 0.665625 0.543750
0 0.632812 0.450000 0.629687 0.454688 0.628125 0.457813 0.626563 0.462500 0.626563 0.465625 0.634375 0.479687 0.626563 0.485938 0.626563 0.492188 0.628125 0.496875 0.629687 0.500000 0.632812 0.501563 0.642188 0.500000 0.646875 0.500000 0.648438 0.501563 0.654687 0.501563 0.657813 0.503125 0.664062 0.507812 0.667188 0.509375 0.675000 0.509375 0.681250 0.512500 0.689063 0.512500 0.695312 0.506250 0.696875 0.503125 0.698438 0.495312 0.703125 0.489063 0.704688 0.478125 0.704688 0.468750 0.693750 0.456250 0.693750 0.454688 0.690625 0.451562 0.678125 0.451562 0.668750 0.454688 0.664062 0.448437 0.660937 0.445312 0.639062 0.446875
0 0.718750 0.525000 0.715625 0.523438 0.709375 0.521875 0.700000 0.521875 0.698438 0.523438 0.687500 0.523438 0.684375 0.525000 0.681250 0.545312 0.692187 0.557813 0.695312 0.560937 0.701562 0.560937 0.707812 0.559375 0.712500 0.557813 0.717187 0.553125 0.718750 0.550000 0.720313 0.542188 0.721875 0.532813 0.720313 0.528125
0 0.712500 0.460938 0.706250 0.464062 0.706250 0.471875 0.703125 0.476562 0.701562 0.485938 0.703125 0.493750 0.701562 0.496875 0.698438 0.501563 0.698438 0.506250 0.703125 0.510938 0.706250 0.512500 0.712500 0.512500 0.714063 0.514062 0.718750 0.514062 0.721875 0.512500 0.737500 0.498437 0.737500 0.487500 0.734375 0.473438 0.732812 0.470313 0.731250 0.468750 0.729688 0.468750 0.726562 0.465625 0.723437 0.464062 0.718750 0.462500
0 0.775000 0.392188 0.770312 0.390625 0.762500 0.392188 0.750000 0.390625 0.743750 0.392188 0.740625 0.393750 0.737500 0.396875 0.735938 0.400000 0.737500 0.412500 0.737500 0.415625 0.734375 0.418750 0.726562 0.425000 0.726562 0.431250 0.728125 0.434375 0.729688 0.435937 0.731250 0.435937 0.734375 0.439063 0.739062 0.440625 0.757812 0.440625 0.770312 0.437500 0.776563 0.431250 0.779687 0.426563 0.779687 0.398438 0.778125 0.395313
0 0.784375 0.384375 0.784375 0.387500 0.782813 0.389062 0.782813 0.393750 0.784375 0.395313 0.784375 0.401562 0.785937 0.404687 0.789062 0.407813 0.792188 0.409375 0.809375 0.414062 0.820312 0.414062 0.823438 0.412500 0.826562 0.409375 0.829688 0.404687 0.832812 0.398438 0.832812 0.381250 0.829688 0.378125 0.825000 0.378125 0.820312 0.382812 0.817187 0.382812 0.809375 0.378125 0.801562 0.378125 0.790625 0.381250
0 0.921875 0.328125 0.918750 0.325000 0.910937 0.325000 0.907813 0.321875 0.906250 0.315625 0.901563 0.310937 0.901563 0.309375 0.898438 0.306250 0.895312 0.304688 0.885938 0.304688 0.876563 0.309375 0.870313 0.309375 0.857812 0.320312 0.853125 0.325000 0.853125 0.348438 0.856250 0.354687 0.856250 0.364063 0.859375 0.367188 0.864062 0.368750 0.904687 0.368750 0.909375 0.367188 0.914062 0.362500 0.915625 0.359375 0.915625 0.354687 0.920312 0.350000 0.920312 0.343750 0.923438 0.337500 0.923438 0.331250
0 0.895312 0.398438 0.893750 0.420312 0.893750 0.428125 0.898438 0.432812 0.903125 0.434375 0.907813 0.439063 0.907813 0.440625 0.914062 0.446875 0.925000 0.453125 0.935937 0.453125 0.940625 0.450000 0.945312 0.450000 0.953125 0.446875 0.956250 0.440625 0.956250 0.437500 0.957812 0.434375 0.962500 0.432812 0.968750 0.429688 0.971875 0.426563 0.973437 0.423438 0.973437 0.417187 0.970313 0.410938 0.960938 0.403125 0.959375 0.400000 0.959375 0.390625 0.956250 0.387500 0.953125 0.385937 0.948438 0.384375 0.935937 0.384375 0.931250 0.381250 0.918750 0.381250 0.914062 0.385937 0.914062 0.387500 0.910937 0.390625 0.907813 0.392188 0.900000 0.393750
0 0.993750 0.326562 0.990625 0.328125 0.985938 0.331250 0.981250 0.335938 0.976562 0.339062 0.973437 0.340625 0.968750 0.340625 0.964063 0.345313 0.962500 0.348438 0.962500 0.357812 0.964063 0.360938 0.965625 0.362500 0.967187 0.362500 0.970313 0.365625 0.973437 0.373437 0.976562 0.376563 0.981250 0.378125 0.989062 0.384375 0.992188 0.385937 0.998437 0.385937 0.998437 0.326562
0 0.954688 0.314063 0.956250 0.317188 0.959375 0.325000 0.960938 0.328125 0.970313 0.339062 0.978125 0.339062 0.982812 0.335938 0.990625 0.328125 0.995313 0.326562 0.998437 0.326562 0.998437 0.310937 0.989062 0.310937 0.979688 0.315625 0.976562 0.315625 0.971875 0.310937 0.968750 0.309375 0.957812 0.309375
0 0.893750 0.404687 0.890625 0.398438 0.882812 0.396875 0.868750 0.396875 0.859375 0.400000 0.850000 0.407813 0.846875 0.407813 0.839063 0.406250 0.835938 0.407813 0.831250 0.420312 0.837500 0.426563 0.845313 0.428125 0.848437 0.429688 0.856250 0.437500 0.859375 0.439063 0.868750 0.439063 0.875000 0.435937 0.879687 0.432812 0.885938 0.428125 0.892188 0.421875 0.893750 0.418750
0 0.839063 0.431250 0.837500 0.434375 0.837500 0.439063 0.834375 0.442188 0.832812 0.445312 0.832812 0.450000 0.826562 0.460938 0.828125 0.467187 0.831250 0.468750 0.846875 0.471875 0.865625 0.471875 0.871875 0.468750 0.871875 0.456250 0.870313 0.451562 0.867188 0.446875 0.860938 0.440625 0.854688 0.439063 0.848437 0.431250 0.845313 0.429688
0 0.803469 0.414625 0.800344 0.416188 0.798781 0.420875 0.797219 0.422438 0.794094 0.424000 0.787844 0.425563 0.781594 0.431813 0.781594 0.434938 0.778469 0.438063 0.776906 0.441188 0.776906 0.444312 0.778469 0.447438 0.784719 0.449000 0.794094 0.453688 0.798781 0.456813 0.803469 0.461500 0.803469 0.463063 0.808156 0.467750 0.822219 0.466188 0.825344 0.464625 0.826906 0.463063 0.828469 0.459937 0.828469 0.458375 0.833156 0.452125 0.836281 0.439625 0.836281 0.430250 0.834719 0.427125 0.830031 0.422438 0.826906 0.420875 0.819094 0.420875 0.811281 0.416188 0.806594 0.414625
0 0.767188 0.446875 0.760938 0.450000 0.759375 0.457813 0.756250 0.460938 0.748437 0.460938 0.742188 0.464062 0.739062 0.470313 0.739062 0.479687 0.740625 0.484375 0.745313 0.492188 0.746875 0.500000 0.753125 0.506250 0.759375 0.507812 0.765625 0.507812 0.767188 0.506250 0.773438 0.506250 0.781250 0.510938 0.789062 0.510938 0.792188 0.509375 0.796875 0.504687 0.798438 0.498437 0.798438 0.490625 0.800000 0.487500 0.803125 0.484375 0.804688 0.479687 0.804688 0.468750 0.801562 0.462500 0.795312 0.454688 0.792188 0.453125 0.787500 0.453125 0.778125 0.448437 0.770312 0.446875
0 0.753125 0.507812 0.746875 0.504687 0.739062 0.504687 0.734375 0.506250 0.728125 0.509375 0.721875 0.515625 0.721875 0.528125 0.723437 0.534375 0.728125 0.540625 0.729688 0.535937 0.735938 0.529687 0.740625 0.526563 0.745313 0.526563 0.760938 0.520312 0.759375 0.515625
0 0.726562 0.540625 0.728125 0.548438 0.731250 0.551562 0.737500 0.554688 0.753125 0.559375 0.756250 0.560937 0.768750 0.573438 0.778125 0.573438 0.784375 0.568750 0.793750 0.570312 0.800000 0.567187 0.801562 0.564063 0.803125 0.559375 0.803125 0.553125 0.806250 0.550000 0.809375 0.550000 0.814063 0.545312 0.814063 0.542188 0.809375 0.537500 0.806250 0.535937 0.800000 0.534375 0.796875 0.532813 0.789062 0.526563 0.785937 0.525000 0.776563 0.525000 0.771875 0.521875 0.767188 0.520312 0.759375 0.520312 0.754687 0.523438 0.750000 0.525000 0.742188 0.525000 0.739062 0.526563 0.735938 0.529687 0.734375 0.529687 0.731250 0.537500 0.729688 0.537500
0 0.889062 0.479687 0.885938 0.484375 0.885938 0.495312 0.887500 0.498437 0.892188 0.500000 0.896875 0.504687 0.898438 0.507812 0.898438 0.510938 0.900000 0.514062 0.903125 0.517188 0.906250 0.518750 0.917188 0.518750 0.928125 0.525000 0.943750 0.529687 0.954688 0.528125 0.954688 0.515625 0.959375 0.510938 0.959375 0.507812 0.954688 0.500000 0.957812 0.495312 0.957812 0.490625 0.951562 0.484375 0.945312 0.479687 0.932813 0.473438 0.928125 0.471875 0.920312 0.470313 0.914062 0.470313 0.895312 0.475000 0.892188 0.476562
0 0.923438 0.526563 0.918750 0.535937 0.915625 0.543750 0.915625 0.551562 0.917188 0.559375 0.920312 0.565625 0.934375 0.568750 0.939063 0.568750 0.942187 0.565625 0.948438 0.557813 0.954688 0.554688 0.957812 0.548438 0.956250 0.534375 0.954688 0.534375 0.951562 0.531250 0.946875 0.529687 0.940625 0.529687 0.934375 0.526563
0 0.910937 0.525000 0.896875 0.525000 0.889062 0.528125 0.882812 0.531250 0.879687 0.535937 0.879687 0.542188 0.881250 0.548438 0.885938 0.557813 0.892188 0.560937 0.895312 0.560937 0.898438 0.559375 0.903125 0.554688 0.904687 0.551562 0.904687 0.546875 0.907813 0.543750 0.910937 0.542188 0.914062 0.542188 0.917188 0.539062 0.917188 0.532813 0.914062 0.529687 0.912500 0.529687
0 0.851562 0.545312 0.850000 0.548438 0.850000 0.557813 0.853125 0.564063 0.854688 0.565625 0.857812 0.567187 0.873437 0.570312 0.879687 0.570312 0.882812 0.568750 0.887500 0.564063 0.887500 0.559375 0.885938 0.554688 0.882812 0.550000 0.882812 0.545312 0.879687 0.539062 0.857812 0.539062
0 0.918750 0.240625 0.917188 0.243750 0.918750 0.253125 0.917188 0.257812 0.912500 0.259375 0.909375 0.262500 0.907813 0.265625 0.907813 0.273438 0.909375 0.276562 0.923438 0.290625 0.928125 0.293750 0.934375 0.296875 0.942187 0.298438 0.946875 0.296875 0.953125 0.293750 0.956250 0.290625 0.956250 0.289062 0.959375 0.285938 0.968750 0.285938 0.971875 0.284375 0.975000 0.281250 0.976562 0.278125 0.976562 0.268750 0.975000 0.265625 0.970313 0.259375 0.968750 0.254688 0.967187 0.246875 0.964063 0.243750 0.957812 0.240625 0.953125 0.239063 0.939063 0.235937 0.925000 0.235937 0.921875 0.237500
0 0.439063 0.865625 0.437500 0.873437 0.437500 0.885938 0.443750 0.892188 0.451562 0.896875 0.454688 0.896875 0.459375 0.901563 0.459375 0.904687 0.457813 0.906250 0.457813 0.909375 0.460938 0.921875 0.462500 0.925000 0.471875 0.934375 0.475000 0.935937 0.481250 0.937500 0.487500 0.937500 0.490625 0.935937 0.496875 0.929688 0.496875 0.918750 0.493750 0.915625 0.490625 0.914062 0.487500 0.914062 0.484375 0.912500 0.481250 0.909375 0.481250 0.903125 0.478125 0.900000 0.471875 0.900000 0.467187 0.898438 0.462500 0.893750 0.459375 0.887500 0.457813 0.882812 0.457813 0.875000 0.456250 0.868750 0.453125 0.865625 0.448437 0.864062
0 0.606891 0.867437 0.608719 0.868656 0.612000 0.871203 0.614906 0.873031 0.618797 0.875219 0.620500 0.876313 0.622203 0.880687 0.622453 0.881656 0.622453 0.882141 0.622328 0.884094 0.620141 0.886516 0.617219 0.889922 0.615031 0.893078 0.614187 0.895750 0.614187 0.897828 0.620141 0.899516 0.627188 0.898547 0.632656 0.897703 0.640547 0.897937 0.646750 0.897453 0.651984 0.896234 0.654047 0.894172 0.655016 0.892469 0.653438 0.890047 0.648813 0.890766 0.645422 0.890047 0.644813 0.886641 0.644562 0.883359 0.642734 0.880922 0.637875 0.879109 0.633391 0.877156 0.632047 0.872781 0.630594 0.867688 0.627672 0.864891 0.621359 0.863188 0.616375 0.862328 0.611516 0.860641 0.610656 0.860641 0.606156 0.861734
0 0.612844 0.830375 0.614906 0.834625 0.619766 0.841922 0.623047 0.846906 0.626453 0.849938 0.631797 0.851516 0.633500 0.853703 0.627062 0.858078 0.613938 0.861359 0.609922 0.860641 0.606281 0.856984 0.603609 0.852375 0.600328 0.846297 0.599594 0.843141 0.598016 0.839484 0.595109 0.835000 0.592313 0.830984 0.589641 0.825266 0.588063 0.821375 0.586109 0.817734 0.585875 0.814703 0.586594 0.815312 0.594250 0.820531 0.602641 0.825391
0 0.428125 0.904687 0.423438 0.903125 0.415625 0.903125 0.410938 0.906250 0.409375 0.910937 0.406250 0.915625 0.403125 0.923438 0.401562 0.937500 0.403125 0.943750 0.406250 0.945312 0.415625 0.945312 0.420312 0.943750 0.423438 0.942187 0.426563 0.939063 0.428125 0.935937 0.429688 0.925000 0.431250 0.925000 0.432812 0.923438 0.434375 0.920312 0.434375 0.910937 0.432812 0.907813
0 0.998437 0.671875 0.993750 0.673438 0.989062 0.678125 0.987500 0.681250 0.987500 0.700000 0.989062 0.707812 0.992188 0.714063 0.998437 0.718750
1 0.853125 0.585938 0.853125 0.595313 0.856250 0.596875 0.865625 0.596875 0.867188 0.589063 0.865625 0.585938 0.862500 0.584375
1 0.839063 0.571875 0.839063 0.575000 0.842187 0.578125 0.845313 0.578125 0.848437 0.576562 0.848437 0.573438 0.845313 0.570312
1 0.817187 0.570312 0.818750 0.576562 0.826562 0.575000 0.826562 0.571875 0.823438 0.568750
0 0.781250 0.410938 0.781250 0.417187 0.782813 0.418750 0.782813 0.421875 0.789062 0.421875 0.793750 0.420312 0.795312 0.417187 0.793750 0.410938 0.789062 0.409375 0.784375 0.409375
0 0.998437 0.209375 0.993750 0.212500 0.987500 0.226562 0.968750 0.226562 0.970313 0.231250 0.973437 0.231250 0.978125 0.234375 0.985938 0.234375 0.989062 0.235937 0.992188 0.239063 0.989062 0.240625 0.987500 0.242188 0.982812 0.243750 0.975000 0.243750 0.971875 0.245312 0.971875 0.253125 0.975000 0.256250 0.978125 0.257812 0.982812 0.257812 0.989062 0.254688 0.998437 0.254688
0 0.998437 0.156250 0.993750 0.157812 0.990625 0.160938 0.989062 0.164062 0.989062 0.171875 0.990625 0.173437 0.990625 0.179688 0.985938 0.187500 0.985938 0.190625 0.989062 0.200000 0.992188 0.203125 0.992188 0.204687 0.998437 0.207813