0 0.081250 0.123438 0.081250 0.135937 0.073438 0.143750 0.071875 0.150000 0.071875 0.156250 0.073438 0.160938 0.079687 0.167187 0.081250 0.173437 0.085938 0.178125 0.095312 0.182812 0.100000 0.184375 0.106250 0.184375 0.109375 0.182812 0.112500 0.179688 0.115625 0.173437 0.121875 0.167187 0.123438 0.164062 0.125000 0.156250 0.125000 0.146875 0.120313 0.140625 0.114062 0.134375 0.112500 0.129688 0.106250 0.123438 0.100000 0.120313 0.093750 0.120313
0 0.140625 0.115625 0.137500 0.118750 0.135937 0.123438 0.135937 0.135937 0.139063 0.150000 0.140625 0.153125 0.146875 0.159375 0.154688 0.159375 0.160938 0.160938 0.164062 0.162500 0.168750 0.167187 0.168750 0.168750 0.171875 0.171875 0.185938 0.171875 0.190625 0.167187 0.192188 0.154688 0.198437 0.150000 0.200000 0.146875 0.201563 0.140625 0.201563 0.134375 0.200000 0.131250 0.198437 0.129688 0.195312 0.128125 0.192188 0.128125 0.185938 0.121875 0.184375 0.117188 0.179688 0.112500 0.175000 0.109375 0.170313 0.109375 0.167187 0.110937 0.164062 0.114062 0.143750 0.114062
0 0.173437 0.175000 0.168750 0.175000 0.162500 0.178125 0.153125 0.178125 0.150000 0.181250 0.140625 0.192188 0.139063 0.195312 0.139063 0.201563 0.142187 0.204687 0.145313 0.204687 0.148438 0.207813 0.150000 0.210938 0.151562 0.218750 0.154688 0.221875 0.164062 0.229687 0.168750 0.229687 0.171875 0.228125 0.176563 0.225000 0.182812 0.220312 0.187500 0.215625 0.190625 0.209375 0.190625 0.206250 0.189062 0.204687 0.189062 0.200000 0.185938 0.190625 0.181250 0.181250 0.176563 0.176563
0 0.223438 0.175000 0.217188 0.179688 0.215625 0.181250 0.214062 0.184375 0.214062 0.192188 0.212500 0.195312 0.207813 0.200000 0.207813 0.201563 0.204687 0.204687 0.203125 0.204687 0.200000 0.209375 0.206250 0.215625 0.207813 0.215625 0.214062 0.221875 0.215625 0.226562 0.221875 0.232813 0.221875 0.235937 0.226562 0.240625 0.229687 0.242188 0.237500 0.242188 0.242188 0.237500 0.254688 0.237500 0.257812 0.235937 0.265625 0.228125 0.267188 0.225000 0.268750 0.220312 0.268750 0.210938 0.265625 0.204687 0.268750 0.195312 0.267188 0.192188 0.262500 0.184375 0.256250 0.181250 0.243750 0.182812 0.240625 0.179688 0.231250 0.175000
0 0.076563 0.246875 0.081250 0.254688 0.081250 0.257812 0.079687 0.265625 0.081250 0.268750 0.087500 0.275000 0.095312 0.278125 0.098437 0.281250 0.103125 0.287500 0.107813 0.290625 0.110937 0.292187 0.114062 0.292187 0.117188 0.290625 0.118750 0.282813 0.123438 0.276562 0.125000 0.268750 0.123438 0.262500 0.118750 0.250000 0.117188 0.246875 0.115625 0.245312 0.114062 0.245312 0.110937 0.242188 0.100000 0.242188 0.087500 0.243750 0.079687 0.245312
0 0.131250 0.234375 0.126562 0.240625 0.125000 0.242188 0.121875 0.243750 0.120313 0.243750 0.117188 0.245312 0.115625 0.251563 0.123438 0.267188 0.125000 0.285938 0.126562 0.289062 0.131250 0.293750 0.135937 0.295312 0.139063 0.295312 0.143750 0.293750 0.146875 0.292187 0.150000 0.287500 0.157812 0.292187 0.160938 0.290625 0.162500 0.289062 0.164062 0.285938 0.164062 0.282813 0.162500 0.273438 0.167187 0.265625 0.167187 0.257812 0.165625 0.251563 0.160938 0.246875 0.154688 0.243750 0.143750 0.240625 0.134375 0.234375
0 0.181250 0.243750 0.173437 0.251563 0.170313 0.257812 0.170313 0.265625 0.168750 0.267188 0.168750 0.273438 0.175000 0.281250 0.175000 0.282813 0.176563 0.284375 0.179688 0.285938 0.182812 0.285938 0.190625 0.290625 0.200000 0.290625 0.204687 0.289062 0.207813 0.287500 0.214062 0.281250 0.217188 0.275000 0.218750 0.270313 0.220312 0.264062 0.220312 0.259375 0.217188 0.256250 0.209375 0.254688 0.206250 0.251563 0.206250 0.250000 0.203125 0.246875 0.200000 0.245312 0.195312 0.243750 0.190625 0.243750 0.189062 0.242188 0.185938 0.242188
0 0.464062 0.082812 0.464062 0.096875 0.465625 0.100000 0.468750 0.103125 0.473438 0.103125 0.476562 0.106250 0.476562 0.110937 0.475000 0.120313 0.473438 0.126562 0.470313 0.129688 0.468750 0.139063 0.468750 0.142187 0.470313 0.145313 0.478125 0.154688 0.476562 0.171875 0.478125 0.175000 0.490625 0.184375 0.503125 0.184375 0.509375 0.181250 0.520312 0.181250 0.523438 0.178125 0.523438 0.176563 0.528125 0.171875 0.529687 0.168750 0.528125 0.143750 0.531250 0.139063 0.531250 0.135937 0.529687 0.120313 0.525000 0.110937 0.521875 0.106250 0.515625 0.101562 0.512500 0.100000 0.507812 0.100000 0.504687 0.098437 0.501563 0.095312 0.501563 0.092188 0.503125 0.090625 0.503125 0.087500 0.501563 0.082812 0.498437 0.078125 0.493750 0.075000 0.489063 0.073438 0.485938 0.075000 0.484375 0.085938 0.481250 0.089063 0.478125 0.087500 0.471875 0.082812
0 0.582812 0.095312 0.573438 0.103125 0.571875 0.110937 0.568750 0.115625 0.568750 0.125000 0.565625 0.128125 0.557813 0.128125 0.557813 0.137500 0.559375 0.140625 0.567187 0.148438 0.567187 0.151562 0.564063 0.154688 0.562500 0.157812 0.564063 0.160938 0.567187 0.164062 0.571875 0.165625 0.584375 0.164062 0.587500 0.164062 0.589063 0.165625 0.601562 0.168750 0.609375 0.168750 0.614062 0.167187 0.623437 0.162500 0.625000 0.157812 0.628125 0.153125 0.629687 0.137500 0.629687 0.126562 0.628125 0.120313 0.623437 0.107813 0.620313 0.103125 0.614062 0.098437 0.607812 0.095312
0 0.632812 0.043750 0.629687 0.046875 0.625000 0.060937 0.617188 0.060937 0.615625 0.071875 0.617188 0.078125 0.621875 0.085938 0.623437 0.090625 0.623437 0.101562 0.626563 0.106250 0.631250 0.110937 0.637500 0.110937 0.643750 0.114062 0.662500 0.114062 0.676562 0.110937 0.681250 0.106250 0.684375 0.106250 0.685937 0.103125 0.687500 0.098437 0.690625 0.095312 0.692187 0.095312 0.696875 0.090625 0.700000 0.090625 0.703125 0.087500 0.703125 0.076563 0.701562 0.073438 0.696875 0.068750 0.692187 0.067187 0.687500 0.062500 0.685937 0.054688 0.682813 0.050000 0.679688 0.048438 0.673438 0.046875 0.667188 0.042188 0.664062 0.040625 0.642188 0.039062 0.637500 0.043750
0 0.629687 0.109375 0.628125 0.115625 0.631250 0.151562 0.634375 0.153125 0.639062 0.153125 0.642188 0.154688 0.650000 0.162500 0.653125 0.164062 0.656250 0.164062 0.660937 0.162500 0.664062 0.160938 0.670312 0.154688 0.673438 0.148438 0.676562 0.145313 0.681250 0.145313 0.687500 0.142187 0.692187 0.137500 0.693750 0.134375 0.693750 0.123438 0.690625 0.118750 0.687500 0.115625 0.681250 0.112500 0.676562 0.109375
0 0.612500 0.053125 0.609375 0.051562 0.595313 0.046875 0.590625 0.048438 0.587500 0.051562 0.587500 0.057813 0.585938 0.079687 0.582812 0.079687 0.578125 0.076563 0.571875 0.076563 0.570312 0.075000 0.565625 0.075000 0.562500 0.079687 0.564063 0.085938 0.570312 0.098437 0.573438 0.100000 0.576562 0.100000 0.581250 0.095312 0.585938 0.092188 0.589063 0.092188 0.595313 0.096875 0.598437 0.096875 0.603125 0.093750 0.612500 0.090625 0.612500 0.067187 0.615625 0.056250
0 0.531250 0.150000 0.529687 0.154688 0.531250 0.168750 0.529687 0.171875 0.526563 0.176563 0.526563 0.184375 0.531250 0.189062 0.537500 0.192188 0.543750 0.192188 0.548438 0.196875 0.551562 0.198437 0.554688 0.198437 0.556250 0.196875 0.562500 0.195312 0.573438 0.193750 0.573438 0.192188 0.576562 0.189062 0.576562 0.185938 0.575000 0.181250 0.571875 0.175000 0.565625 0.168750 0.560937 0.167187 0.557813 0.164062 0.557813 0.160938 0.556250 0.157812 0.551562 0.153125 0.546875 0.150000
0 0.535937 0.201563 0.537500 0.206250 0.540625 0.207813 0.543750 0.207813 0.546875 0.210938 0.545312 0.228125 0.546875 0.239063 0.540625 0.243750 0.540625 0.248438 0.542188 0.251563 0.548438 0.257812 0.550000 0.267188 0.553125 0.270313 0.557813 0.270313 0.562500 0.273438 0.567187 0.273438 0.571875 0.271875 0.576562 0.267188 0.578125 0.262500 0.578125 0.254688 0.581250 0.248438 0.582812 0.243750 0.579688 0.237500 0.573438 0.229687 0.570312 0.223438 0.568750 0.206250 0.564063 0.204687 0.564063 0.201563 0.557813 0.201563 0.556250 0.200000
0 0.581250 0.206250 0.578125 0.207813 0.576562 0.209375 0.575000 0.212500 0.575000 0.217188 0.579688 0.223438 0.578125 0.231250 0.584375 0.243750 0.601562 0.260937 0.603125 0.264062 0.603125 0.273438 0.606250 0.279687 0.609375 0.281250 0.612500 0.281250 0.615625 0.279687 0.620313 0.275000 0.621875 0.271875 0.623437 0.265625 0.625000 0.256250 0.628125 0.246875 0.631250 0.242188 0.635938 0.239063 0.635938 0.234375 0.639062 0.229687 0.639062 0.221875 0.635938 0.215625 0.629687 0.209375 0.620313 0.204687 0.610938 0.204687 0.606250 0.201563 0.601562 0.201563 0.598437 0.203125 0.595313 0.206250 0.590625 0.206250 0.589063 0.204687 0.585938 0.204687
0 0.685937 0.254688 0.679688 0.246875 0.676562 0.243750 0.670312 0.240625 0.662500 0.237500 0.657813 0.235937 0.650000 0.235937 0.643750 0.239063 0.637500 0.237500 0.634375 0.239063 0.631250 0.243750 0.629687 0.246875 0.628125 0.251563 0.623437 0.270313 0.623437 0.278125 0.626563 0.284375 0.632812 0.284375 0.642188 0.289062 0.645312 0.289062 0.650000 0.287500 0.653125 0.285938 0.654687 0.284375 0.656250 0.281250 0.659375 0.273438 0.662500 0.268750 0.667188 0.264062 0.670312 0.262500 0.681250 0.262500 0.687500 0.259375
0 0.662500 0.262500 0.662500 0.265625 0.660937 0.267188 0.659375 0.273438 0.659375 0.281250 0.654687 0.287500 0.654687 0.296875 0.659375 0.301563 0.659375 0.303125 0.662500 0.306250 0.671875 0.306250 0.685937 0.304688 0.687500 0.303125 0.698438 0.303125 0.706250 0.307812 0.710938 0.309375 0.715625 0.309375 0.717187 0.303125 0.723437 0.298438 0.725000 0.287500 0.723437 0.284375 0.720313 0.281250 0.717187 0.279687 0.707812 0.278125 0.704688 0.276562 0.700000 0.271875 0.693750 0.270313 0.687500 0.265625 0.679688 0.262500 0.673438 0.260937
0 0.679688 0.171875 0.678125 0.175000 0.676562 0.187500 0.667188 0.196875 0.665625 0.206250 0.665625 0.214062 0.668750 0.220312 0.671875 0.223438 0.679688 0.228125 0.682813 0.229687 0.685937 0.229687 0.689063 0.232813 0.690625 0.237500 0.695312 0.242188 0.698438 0.243750 0.707812 0.243750 0.710938 0.240625 0.714063 0.239063 0.723437 0.239063 0.729688 0.235937 0.732812 0.228125 0.737500 0.223438 0.739062 0.223438 0.742188 0.220312 0.742188 0.214062 0.734375 0.200000 0.734375 0.192188 0.729688 0.184375 0.728125 0.176563 0.725000 0.171875 0.721875 0.170313 0.714063 0.170313 0.707812 0.173437 0.701562 0.173437 0.695312 0.170313 0.682813 0.170313
0 0.762500 0.106250 0.757812 0.107813 0.751563 0.112500 0.745313 0.114062 0.742188 0.115625 0.734375 0.121875 0.726562 0.123438 0.718750 0.131250 0.717187 0.134375 0.717187 0.139063 0.720313 0.145313 0.726562 0.151562 0.728125 0.154688 0.729688 0.164062 0.734375 0.168750 0.735938 0.173437 0.737500 0.175000 0.739062 0.175000 0.742188 0.178125 0.750000 0.181250 0.760938 0.181250 0.768750 0.184375 0.776563 0.184375 0.782813 0.178125 0.782813 0.165625 0.785937 0.162500 0.787500 0.162500 0.789062 0.160938 0.790625 0.157812 0.787500 0.153125 0.785937 0.145313 0.784375 0.126562 0.781250 0.117188 0.776563 0.112500 0.770312 0.107813 0.767188 0.106250
0 0.728125 0.257812 0.732812 0.259375 0.735938 0.262500 0.737500 0.267188 0.740625 0.270313 0.746875 0.270313 0.753125 0.276562 0.757812 0.276562 0.759375 0.275000 0.762500 0.275000 0.764062 0.276562 0.767188 0.276562 0.771875 0.271875 0.773438 0.267188 0.775000 0.260937 0.781250 0.257812 0.796875 0.253125 0.795312 0.250000 0.790625 0.250000 0.782813 0.246875 0.771875 0.248438 0.768750 0.248438 0.762500 0.245312 0.753125 0.245312 0.750000 0.246875 0.743750 0.251563 0.735938 0.251563 0.728125 0.254688
0 0.804688 0.176563 0.801562 0.176563 0.800000 0.178125 0.793750 0.179688 0.785937 0.179688 0.782813 0.181250 0.771875 0.192188 0.770312 0.195312 0.770312 0.198437 0.768750 0.201563 0.770312 0.215625 0.768750 0.217188 0.768750 0.231250 0.778125 0.240625 0.782813 0.243750 0.792188 0.246875 0.803125 0.246875 0.806250 0.243750 0.807813 0.240625 0.807813 0.232813 0.810937 0.229687 0.817187 0.226562 0.815625 0.221875 0.817187 0.209375 0.812500 0.204687 0.812500 0.201563 0.814063 0.198437 0.817187 0.195312 0.817187 0.184375 0.812500 0.179688 0.809375 0.178125
0 0.865625 0.103125 0.865625 0.106250 0.862500 0.109375 0.854688 0.109375 0.848437 0.110937 0.845313 0.112500 0.842187 0.115625 0.840625 0.125000 0.840625 0.134375 0.842187 0.142187 0.845313 0.148438 0.845313 0.156250 0.846875 0.164062 0.848437 0.167187 0.853125 0.171875 0.856250 0.173437 0.871875 0.178125 0.882812 0.178125 0.889062 0.171875 0.889062 0.168750 0.892188 0.165625 0.896875 0.165625 0.900000 0.164062 0.901563 0.160938 0.903125 0.150000 0.904687 0.148438 0.904687 0.145313 0.903125 0.140625 0.901563 0.137500 0.898438 0.134375 0.896875 0.129688 0.896875 0.121875 0.895312 0.117188 0.887500 0.109375 0.882812 0.109375 0.879687 0.112500 0.876563 0.110937 0.875000 0.109375 0.875000 0.107813 0.871875 0.104688 0.868750 0.103125
0 0.856250 0.015625 0.848437 0.015625 0.843750 0.018750 0.828125 0.018750 0.825000 0.021875 0.821875 0.029687 0.818750 0.042188 0.815625 0.045312 0.807813 0.045312 0.804688 0.046875 0.803125 0.050000 0.803125 0.056250 0.804688 0.057813 0.804688 0.064062 0.803125 0.075000 0.812500 0.084375 0.814063 0.087500 0.814063 0.093750 0.815625 0.096875 0.817187 0.098437 0.820312 0.100000 0.825000 0.101562 0.832812 0.103125 0.837500 0.100000 0.848437 0.100000 0.853125 0.098437 0.860938 0.092188 0.864062 0.090625 0.867188 0.090625 0.870313 0.089063 0.873437 0.085938 0.873437 0.084375 0.878125 0.079687 0.878125 0.067187 0.884375 0.059375 0.885938 0.056250 0.885938 0.050000 0.879687 0.037500 0.875000 0.032813 0.871875 0.032813 0.865625 0.026562
0 0.784375 0.095312 0.781250 0.101562 0.779687 0.106250 0.779687 0.115625 0.782813 0.120313 0.787500 0.162500 0.800000 0.164062 0.803125 0.164062 0.807813 0.162500 0.810937 0.159375 0.814063 0.157812 0.820312 0.156250 0.829688 0.156250 0.832812 0.154688 0.837500 0.151562 0.840625 0.148438 0.840625 0.142187 0.837500 0.132812 0.835938 0.129688 0.828125 0.121875 0.828125 0.112500 0.825000 0.106250 0.821875 0.103125 0.818750 0.101562 0.815625 0.101562 0.812500 0.100000 0.801562 0.090625 0.798438 0.089063 0.792188 0.090625 0.790625 0.093750
0 0.809375 0.165625 0.810937 0.173437 0.814063 0.175000 0.817187 0.175000 0.820312 0.176563 0.823438 0.179688 0.823438 0.201563 0.817187 0.207813 0.815625 0.215625 0.810937 0.220312 0.809375 0.226562 0.810937 0.229687 0.820312 0.229687 0.823438 0.228125 0.829688 0.223438 0.832812 0.221875 0.848437 0.223438 0.848437 0.225000 0.853125 0.232813 0.856250 0.231250 0.856250 0.223438 0.859375 0.217188 0.867188 0.210938 0.868750 0.207813 0.868750 0.200000 0.859375 0.200000 0.856250 0.198437 0.854688 0.196875 0.853125 0.193750 0.853125 0.187500 0.848437 0.181250 0.846875 0.178125 0.846875 0.171875 0.845313 0.168750 0.842187 0.165625 0.837500 0.164062 0.832812 0.160938 0.828125 0.164062 0.825000 0.160938 0.821875 0.164062 0.815625 0.165625
0 0.939063 0.090625 0.935937 0.092188 0.932813 0.095312 0.931250 0.098437 0.929688 0.107813 0.920312 0.117188 0.918750 0.121875 0.918750 0.126562 0.917188 0.128125 0.917188 0.131250 0.918750 0.132812 0.920312 0.145313 0.921875 0.148438 0.929688 0.156250 0.935937 0.159375 0.939063 0.162500 0.946875 0.171875 0.951562 0.173437 0.965625 0.173437 0.970313 0.171875 0.976562 0.168750 0.985938 0.157812 0.995313 0.150000 0.998437 0.150000 0.998437 0.121875 0.985938 0.110937 0.976562 0.106250 0.973437 0.103125 0.971875 0.098437 0.967187 0.093750 0.964063 0.092188 0.951562 0.092188 0.950000 0.090625
0 0.998437 0.153125 0.992188 0.153125 0.981250 0.164062 0.979688 0.167187 0.979688 0.173437 0.978125 0.178125 0.976562 0.181250 0.971875 0.185938 0.970313 0.192188 0.965625 0.196875 0.964063 0.201563 0.964063 0.206250 0.965625 0.209375 0.967187 0.210938 0.971875 0.212500 0.976562 0.217188 0.978125 0.225000 0.981250 0.226562 0.984375 0.226562 0.987500 0.225000 0.992188 0.220312 0.998437 0.221875
0 0.982812 0.321875 0.979688 0.323437 0.976562 0.328125 0.975000 0.331250 0.976562 0.342187 0.968750 0.348438 0.964063 0.354687 0.964063 0.365625 0.967187 0.373437 0.968750 0.376563 0.971875 0.379688 0.976562 0.381250 0.982812 0.387500 0.993750 0.395313 0.998437 0.395313 0.998437 0.328125 0.993750 0.325000 0.987500 0.321875
0 0.937500 0.225000 0.934375 0.231250 0.934375 0.256250 0.932813 0.260937 0.932813 0.265625 0.934375 0.273438 0.935937 0.276562 0.939063 0.278125 0.946875 0.278125 0.953125 0.282813 0.957812 0.282813 0.962500 0.284375 0.968750 0.285938 0.968750 0.265625 0.970313 0.257812 0.973437 0.253125 0.975000 0.246875 0.975000 0.234375 0.973437 0.231250 0.970313 0.229687 0.967187 0.229687 0.964063 0.228125 0.959375 0.223438
0 0.929688 0.281250 0.925000 0.290625 0.926562 0.298438 0.935937 0.303125 0.939063 0.306250 0.939063 0.321875 0.940625 0.325000 0.943750 0.328125 0.943750 0.329688 0.945312 0.331250 0.948438 0.332813 0.956250 0.332813 0.962500 0.328125 0.965625 0.328125 0.970313 0.331250 0.973437 0.329688 0.973437 0.326562 0.976562 0.323437 0.975000 0.314063 0.979688 0.306250 0.979688 0.301563 0.978125 0.296875 0.976562 0.293750 0.973437 0.290625 0.971875 0.290625 0.968750 0.287500 0.965625 0.279687 0.960938 0.281250 0.957812 0.279687 0.943750 0.278125 0.937500 0.278125
0 0.745313 0.896875 0.742188 0.898438 0.740625 0.912500 0.731250 0.921875 0.731250 0.935937 0.732812 0.940625 0.735938 0.943750 0.735938 0.946875 0.734375 0.950000 0.728125 0.956250 0.729688 0.960938 0.735938 0.964063 0.745313 0.964063 0.751563 0.968750 0.754687 0.962500 0.754687 0.956250 0.756250 0.953125 0.759375 0.950000 0.762500 0.951562 0.764062 0.946875 0.768750 0.942187 0.773438 0.939063 0.760938 0.926562 0.757812 0.918750 0.756250 0.904687 0.753125 0.900000 0.750000 0.896875
0 0.764062 0.954688 0.764062 0.964063 0.760938 0.965625 0.764062 0.968750 0.765625 0.973437 0.762500 0.978125 0.760938 0.987500 0.760938 0.995313 0.762500 0.998437 0.800000 0.998437 0.796875 0.996875 0.792188 0.993750 0.787500 0.989062 0.790625 0.982812 0.792188 0.973437 0.792188 0.965625 0.790625 0.960938 0.785937 0.953125 0.782813 0.950000 0.782813 0.948438 0.778125 0.946875 0.771875 0.953125 0.767188 0.953125
0 0.864062 0.785937 0.857812 0.789062 0.853125 0.793750 0.853125 0.807813 0.856250 0.814063 0.859375 0.818750 0.862500 0.821875 0.871875 0.821875 0.875000 0.818750 0.878125 0.812500 0.879687 0.804688 0.882812 0.800000 0.882812 0.796875 0.881250 0.793750 0.878125 0.789062 0.873437 0.785937
0 0.929688 0.785937 0.923438 0.782813 0.918750 0.781250 0.895312 0.781250 0.890625 0.784375 0.889062 0.787500 0.889062 0.795312 0.887500 0.798438 0.885938 0.800000 0.884375 0.800000 0.881250 0.803125 0.881250 0.809375 0.878125 0.812500 0.878125 0.818750 0.885938 0.825000 0.887500 0.826562 0.889062 0.829688 0.881250 0.835938 0.882812 0.839063 0.887500 0.839063 0.889062 0.840625 0.892188 0.840625 0.896875 0.839063 0.907813 0.832812 0.914062 0.832812 0.918750 0.831250 0.923438 0.826562 0.926562 0.826562 0.929688 0.823438 0.931250 0.823438 0.932813 0.790625 0.931250 0.787500
0 0.979688 0.737500 0.968750 0.748437 0.964063 0.748437 0.959375 0.750000 0.953125 0.756250 0.950000 0.760938 0.948438 0.765625 0.948438 0.770312 0.951562 0.782813 0.953125 0.787500 0.956250 0.790625 0.956250 0.792188 0.964063 0.795312 0.970313 0.795312 0.979688 0.798438 0.985938 0.806250 0.990625 0.809375 0.993750 0.810937 0.998437 0.810937 0.998437 0.745313 0.993750 0.740625 0.984375 0.737500
0 0.949219 0.797172 0.946094 0.800297 0.946094 0.811234 0.936719 0.820609 0.936719 0.825297 0.938281 0.839359 0.941406 0.842484 0.949219 0.848734 0.949219 0.851859 0.950781 0.854984 0.955469 0.859672 0.961719 0.861234 0.967969 0.861234 0.971094 0.859672 0.974219 0.856547 0.977344 0.854984 0.988281 0.853422 0.991406 0.851859 0.996094 0.848734 0.999219 0.844047 0.999219 0.812797 0.996094 0.811234 0.992969 0.811234 0.989844 0.809672 0.982031 0.801859 0.975781 0.798734 0.961719 0.795609 0.955469 0.795609
0 0.881250 0.860938 0.878125 0.862500 0.870313 0.868750 0.868750 0.873437 0.870313 0.884375 0.865625 0.893750 0.865625 0.900000 0.867188 0.903125 0.871875 0.907813 0.875000 0.907813 0.878125 0.909375 0.881250 0.912500 0.882812 0.915625 0.882812 0.920312 0.885938 0.926562 0.896875 0.926562 0.901563 0.929688 0.912500 0.929688 0.915625 0.928125 0.915625 0.915625 0.917188 0.912500 0.926562 0.904687 0.928125 0.901563 0.928125 0.895312 0.925000 0.889062 0.918750 0.882812 0.912500 0.881250 0.909375 0.878125 0.906250 0.870313 0.903125 0.865625 0.900000 0.862500 0.896875 0.860938
0 0.992188 0.885938 0.987500 0.884375 0.976562 0.884375 0.971875 0.882812 0.968750 0.879687 0.964063 0.878125 0.959375 0.878125 0.953125 0.879687 0.948438 0.884375 0.946875 0.887500 0.946875 0.896875 0.945312 0.900000 0.940625 0.904687 0.935937 0.906250 0.931250 0.910937 0.931250 0.920312 0.939063 0.928125 0.939063 0.934375 0.940625 0.939063 0.942187 0.942187 0.945312 0.945312 0.951562 0.948438 0.956250 0.950000 0.959375 0.950000 0.962500 0.946875 0.965625 0.946875 0.967187 0.943750 0.968750 0.939063 0.981250 0.935937 0.984375 0.934375 0.985938 0.929688 0.998437 0.928125 0.998437 0.890625
0 0.921875 0.993750 0.921875 0.998437 0.998437 0.998437 0.998437 0.990625 0.989062 0.984375 0.982812 0.976562 0.979688 0.976562 0.978125 0.975000 0.971875 0.973437 0.954688 0.970313 0.942187 0.968750 0.937500 0.968750 0.929688 0.971875 0.929688 0.985938 0.923438 0.990625
0 0.954688 0.953125 0.953125 0.957812 0.953125 0.964063 0.954688 0.967187 0.957812 0.967187 0.959375 0.968750 0.970313 0.968750 0.976562 0.973437 0.979688 0.975000 0.984375 0.975000 0.989062 0.979688 0.989062 0.981250 0.992188 0.984375 0.998437 0.984375 0.998437 0.942187 0.993750 0.942187 0.992188 0.940625 0.987500 0.940625 0.985938 0.942187 0.979688 0.942187 0.973437 0.943750 0.970313 0.945312 0.967187 0.951562 0.957812 0.950000
0 0.564063 0.037500 0.567187 0.040625 0.570312 0.040625 0.579688 0.050000 0.585938 0.050000 0.590625 0.046875 0.596875 0.040625 0.596875 0.032813 0.593750 0.028125 0.596875 0.025000 0.598437 0.025000 0.601562 0.021875 0.601562 0.020313 0.603125 0.018750 0.606250 0.017188 0.610938 0.015625 0.614062 0.012500 0.628125 0.006250 0.629687 0.004687 0.629687 0.003125 0.631250 0.000000 0.565625 0.001563 0.565625 0.012500 0.568750 0.017188 0.564063 0.020313 0.565625 0.029687 0.564063 0.031250