0 0.046875 0.353125 0.043750 0.354687 0.034375 0.365625 0.028125 0.371875 0.025000 0.373437 0.018750 0.373437 0.010937 0.376563 0.009375 0.379688 0.009375 0.387500 0.007812 0.392188 0.000000 0.398438 0.000000 0.412500 0.010937 0.423438 0.012500 0.426563 0.012500 0.437500 0.014063 0.442188 0.017188 0.445312 0.020313 0.446875 0.029687 0.446875 0.039062 0.448437 0.043750 0.450000 0.048438 0.453125 0.053125 0.454688 0.059375 0.454688 0.065625 0.453125 0.068750 0.451562 0.073438 0.445312 0.075000 0.442188 0.075000 0.432812 0.073438 0.431250 0.073438 0.421875 0.078125 0.417187 0.079687 0.414062 0.082812 0.396875 0.082812 0.392188 0.081250 0.387500 0.075000 0.381250 0.068750 0.379688 0.065625 0.376563 0.065625 0.368750 0.062500 0.362500 0.059375 0.357812 0.054688 0.353125
0 0.103125 0.434375 0.096875 0.434375 0.090625 0.437500 0.079687 0.448437 0.073438 0.451562 0.070312 0.454688 0.067187 0.460938 0.067187 0.467187 0.056250 0.485938 0.054688 0.490625 0.053125 0.500000 0.053125 0.504687 0.054688 0.509375 0.059375 0.514062 0.062500 0.514062 0.065625 0.515625 0.068750 0.518750 0.070312 0.523438 0.073438 0.523438 0.078125 0.520312 0.081250 0.520312 0.084375 0.518750 0.085938 0.515625 0.101562 0.514062 0.104688 0.514062 0.109375 0.509375 0.110937 0.506250 0.112500 0.501563 0.110937 0.489063 0.110937 0.482812 0.114062 0.473438 0.114062 0.462500 0.117188 0.459375 0.118750 0.454688 0.110937 0.448437 0.107813 0.439063
0 0.000000 0.434375 0.000000 0.475000 0.020313 0.476562 0.029687 0.476562 0.034375 0.473438 0.045312 0.462500 0.046875 0.459375 0.046875 0.454688 0.043750 0.451562 0.040625 0.450000 0.031250 0.448437 0.023438 0.448437 0.017188 0.446875 0.012500 0.440625 0.010937 0.439063 0.004687 0.434375
0 0.017188 0.476562 0.003125 0.476562 0.000000 0.478125 0.000000 0.564063 0.004687 0.562500 0.010937 0.556250 0.017188 0.553125 0.020313 0.553125 0.023438 0.551562 0.028125 0.548438 0.031250 0.542188 0.031250 0.537500 0.032813 0.534375 0.039062 0.529687 0.040625 0.528125 0.042188 0.525000 0.042188 0.520312 0.040625 0.515625 0.039062 0.512500 0.035937 0.509375 0.034375 0.509375 0.032813 0.504687 0.037500 0.500000 0.039062 0.496875 0.039062 0.490625 0.032813 0.484375 0.026562 0.479687 0.023438 0.478125
0 0.010937 0.573438 0.003125 0.573438 0.000000 0.575000 0.000000 0.628125 0.007812 0.626563 0.010937 0.625000 0.015625 0.621875 0.023438 0.614062 0.023438 0.603125 0.028125 0.595313 0.028125 0.592187 0.026562 0.589063 0.020313 0.581250 0.014063 0.575000
1 0.617188 0.620313 0.614062 0.617188 0.609375 0.615625 0.606250 0.615625 0.604688 0.617188 0.600000 0.617188 0.593750 0.620313 0.592187 0.623437 0.592187 0.628125 0.593750 0.632812 0.596875 0.635938 0.600000 0.635938 0.603125 0.637500 0.609375 0.635938 0.612500 0.634375 0.617188 0.629687
1 0.551562 0.598437 0.548438 0.600000 0.545312 0.603125 0.545312 0.612500 0.546875 0.615625 0.550000 0.618750 0.557813 0.618750 0.564063 0.615625 0.565625 0.612500 0.564063 0.600000 0.560937 0.598437
1 0.565625 0.565625 0.559375 0.571875 0.557813 0.576562 0.557813 0.582812 0.560937 0.585938 0.571875 0.585938 0.576562 0.581250 0.579688 0.576562 0.579688 0.570312 0.576562 0.567187 0.571875 0.565625
1 0.550000 0.565625 0.548438 0.568750 0.550000 0.578125 0.554688 0.578125 0.557813 0.576562 0.562500 0.567187 0.560937 0.564063
1 0.593750 0.567187 0.590625 0.570312 0.589063 0.573438 0.589063 0.576562 0.590625 0.579688 0.593750 0.579688 0.595313 0.581250 0.603125 0.581250 0.609375 0.575000 0.610938 0.570312 0.607812 0.570312 0.604688 0.567187 0.601562 0.565625 0.596875 0.565625
1 0.595313 0.584375 0.592187 0.587500 0.593750 0.598437 0.601562 0.598437 0.604688 0.595313 0.606250 0.592187 0.604688 0.584375
1 0.617188 0.581250 0.614062 0.582812 0.610938 0.590625 0.610938 0.595313 0.614062 0.598437 0.623437 0.598437 0.626563 0.595313 0.628125 0.592187 0.628125 0.585938 0.626563 0.582812 0.623437 0.581250
1 0.604688 0.559375 0.604688 0.562500 0.609375 0.565625 0.610938 0.570312 0.614062 0.568750 0.615625 0.565625 0.615625 0.562500 0.614062 0.559375
1 0.895312 0.140625 0.890625 0.135937 0.887500 0.134375 0.881250 0.134375 0.876563 0.135937 0.870313 0.142187 0.867188 0.146875 0.865625 0.150000 0.865625 0.154688 0.870313 0.159375 0.875000 0.160938 0.881250 0.159375 0.885938 0.157812 0.889062 0.154688 0.890625 0.154688 0.892188 0.153125 0.892188 0.151562 0.895312 0.148438
1 0.885938 0.109375 0.879687 0.109375 0.873437 0.110937 0.870313 0.112500 0.864062 0.117188 0.862500 0.125000 0.865625 0.128125 0.870313 0.131250 0.879687 0.131250 0.882812 0.128125 0.884375 0.128125 0.885938 0.126562 0.889062 0.120313 0.889062 0.112500
1 0.854688 0.104688 0.860938 0.107813 0.868750 0.107813 0.875000 0.104688 0.879687 0.100000 0.881250 0.095312 0.878125 0.092188 0.875000 0.090625 0.864062 0.090625 0.859375 0.093750 0.854688 0.098437
1 0.835938 0.132812 0.828125 0.132812 0.823438 0.135937 0.818750 0.140625 0.818750 0.146875 0.820312 0.150000 0.823438 0.151562 0.831250 0.151562 0.834375 0.150000 0.840625 0.143750 0.840625 0.137500
1 0.831250 0.087500 0.828125 0.085938 0.821875 0.089063 0.818750 0.089063 0.815625 0.090625 0.814063 0.092188 0.810937 0.098437 0.810937 0.106250 0.815625 0.110937 0.821875 0.110937 0.825000 0.109375 0.832812 0.101562 0.832812 0.090625
1 0.776563 0.028125 0.767188 0.026562 0.762500 0.028125 0.753125 0.032813 0.750000 0.035937 0.748437 0.040625 0.748437 0.046875 0.750000 0.050000 0.757812 0.057813 0.767188 0.057813 0.776563 0.046875 0.778125 0.045312 0.784375 0.040625 0.782813 0.034375
1 0.815625 0.000000 0.806250 0.000000 0.803125 0.003125 0.800000 0.003125 0.793750 0.007812 0.792188 0.009375 0.790625 0.012500 0.790625 0.015625 0.792188 0.018750 0.796875 0.023438 0.800000 0.025000 0.804688 0.025000 0.809375 0.021875 0.814063 0.017188 0.815625 0.014063 0.817187 0.009375 0.817187 0.003125
1 0.814063 0.040625 0.810937 0.037500 0.807813 0.035937 0.804688 0.035937 0.798438 0.039062 0.792188 0.045312 0.793750 0.057813 0.798438 0.059375 0.803125 0.059375 0.806250 0.057813 0.812500 0.051562 0.814063 0.048438
1 0.828125 0.021875 0.820312 0.021875 0.815625 0.023438 0.812500 0.025000 0.809375 0.028125 0.809375 0.034375 0.810937 0.037500 0.814063 0.040625 0.817187 0.042188 0.823438 0.039062 0.828125 0.034375 0.829688 0.031250
1 0.857812 0.014063 0.848437 0.014063 0.842187 0.017188 0.837500 0.021875 0.835938 0.025000 0.835938 0.032813 0.840625 0.037500 0.850000 0.037500 0.853125 0.035937 0.857812 0.031250 0.859375 0.025000
1 0.892188 0.010937 0.887500 0.009375 0.878125 0.009375 0.873437 0.010937 0.865625 0.018750 0.864062 0.023438 0.864062 0.032813 0.870313 0.035937 0.875000 0.037500 0.881250 0.035937 0.881250 0.034375 0.884375 0.031250 0.885938 0.026562 0.890625 0.021875 0.893750 0.015625
1 0.903125 0.017188 0.895312 0.017188 0.889062 0.023438 0.885938 0.028125 0.882812 0.034375 0.884375 0.042188 0.887500 0.043750 0.892188 0.043750 0.896875 0.042188 0.903125 0.039062 0.907813 0.034375 0.909375 0.031250 0.909375 0.025000 0.907813 0.021875
1 0.934375 0.000000 0.921875 0.000000 0.918750 0.003125 0.912500 0.004687 0.909375 0.006250 0.904687 0.010937 0.904687 0.015625 0.906250 0.018750 0.909375 0.023438 0.914062 0.028125 0.918750 0.028125 0.923438 0.026562 0.928125 0.023438 0.934375 0.017188 0.937500 0.012500 0.939063 0.007812 0.939063 0.004687
1 0.920312 0.042188 0.915625 0.040625 0.907813 0.040625 0.901563 0.042188 0.898438 0.043750 0.893750 0.046875 0.890625 0.050000 0.889062 0.054688 0.889062 0.059375 0.890625 0.062500 0.895312 0.067187 0.901563 0.067187 0.906250 0.065625 0.912500 0.062500 0.918750 0.056250 0.921875 0.050000
1 0.960938 0.073438 0.957812 0.070312 0.954688 0.068750 0.951562 0.068750 0.946875 0.070312 0.937500 0.075000 0.932813 0.079687 0.931250 0.084375 0.932813 0.087500 0.937500 0.092188 0.942187 0.093750 0.953125 0.093750 0.956250 0.092188 0.959375 0.089063 0.960938 0.085938 0.962500 0.081250 0.962500 0.076563
0 0.021875 0.345313 0.010937 0.343750 0.004687 0.346875 0.000000 0.353125 0.000000 0.376563 0.006250 0.376563 0.012500 0.373437 0.018750 0.371875 0.020313 0.368750 0.023438 0.356250 0.023438 0.348438