0 0.173437 0.904687 0.170313 0.901563 0.165625 0.900000 0.156250 0.900000 0.148438 0.909375 0.145313 0.912500 0.140625 0.910937 0.137500 0.909375 0.134375 0.906250 0.129688 0.904687 0.118750 0.904687 0.114062 0.909375 0.112500 0.915625 0.114062 0.925000 0.110937 0.928125 0.106250 0.929688 0.103125 0.932813 0.101562 0.935937 0.101562 0.940625 0.104688 0.946875 0.107813 0.950000 0.112500 0.953125 0.118750 0.954688 0.121875 0.956250 0.126562 0.960938 0.132812 0.964063 0.142187 0.964063 0.153125 0.960938 0.156250 0.957812 0.159375 0.950000 0.173437 0.935937 0.175000 0.929688 0.175000 0.909375
0 0.209375 0.909375 0.200000 0.914062 0.195312 0.918750 0.192188 0.928125 0.192188 0.939063 0.187500 0.943750 0.185938 0.943750 0.181250 0.948438 0.181250 0.964063 0.182812 0.970313 0.187500 0.975000 0.196875 0.976562 0.201563 0.981250 0.203125 0.985938 0.206250 0.989062 0.210938 0.992188 0.215625 0.993750 0.221875 0.993750 0.223438 0.992188 0.231250 0.992188 0.234375 0.990625 0.239063 0.985938 0.239063 0.984375 0.242188 0.981250 0.250000 0.981250 0.254688 0.978125 0.257812 0.971875 0.257812 0.957812 0.253125 0.951562 0.253125 0.945312 0.256250 0.939063 0.256250 0.934375 0.254688 0.929688 0.253125 0.926562 0.250000 0.923438 0.245312 0.920312 0.239063 0.917188 0.226562 0.918750 0.217188 0.909375
0 0.196875 0.990625 0.195312 0.985938 0.190625 0.981250 0.185938 0.978125 0.175000 0.978125 0.170313 0.979688 0.167187 0.981250 0.164062 0.984375 0.160938 0.985938 0.156250 0.984375 0.151562 0.981250 0.146875 0.981250 0.145313 0.979688 0.142187 0.979688 0.137500 0.981250 0.131250 0.987500 0.128125 0.993750 0.128125 0.998437 0.196875 0.998437
0 0.371875 0.776563 0.371875 0.790625 0.375000 0.793750 0.375000 0.795312 0.376563 0.796875 0.382812 0.800000 0.387500 0.800000 0.390625 0.801562 0.393750 0.804688 0.400000 0.807813 0.415625 0.807813 0.420312 0.806250 0.423438 0.803125 0.426563 0.803125 0.429688 0.801562 0.432812 0.798438 0.434375 0.795312 0.435937 0.790625 0.437500 0.779687 0.437500 0.776563 0.429688 0.768750 0.421875 0.762500 0.418750 0.760938 0.401562 0.760938 0.396875 0.757812 0.389062 0.757812 0.384375 0.760938 0.378125 0.767188 0.373437 0.773438
0 0.435937 0.707812 0.432812 0.704688 0.426563 0.701562 0.414062 0.701562 0.410938 0.700000 0.407813 0.696875 0.404687 0.695312 0.398438 0.695312 0.393750 0.696875 0.384375 0.701562 0.378125 0.707812 0.373437 0.717187 0.373437 0.726562 0.378125 0.740625 0.382812 0.745313 0.387500 0.748437 0.390625 0.750000 0.404687 0.750000 0.410938 0.748437 0.418750 0.743750 0.425000 0.737500 0.431250 0.729688 0.432812 0.725000 0.432812 0.720313 0.437500 0.715625 0.437500 0.710938
0 0.354687 0.676562 0.342187 0.675000 0.335938 0.675000 0.334375 0.676562 0.326562 0.676562 0.323437 0.678125 0.321875 0.682813 0.317188 0.690625 0.317188 0.695312 0.318750 0.700000 0.320312 0.703125 0.325000 0.707812 0.325000 0.717187 0.331250 0.720313 0.335938 0.725000 0.343750 0.723437 0.343750 0.720313 0.345313 0.717187 0.354687 0.714063 0.360938 0.707812 0.360938 0.696875 0.356250 0.689063
0 0.334375 0.737500 0.332813 0.742188 0.332813 0.746875 0.334375 0.750000 0.340625 0.756250 0.343750 0.757812 0.350000 0.759375 0.357812 0.759375 0.362500 0.757812 0.365625 0.756250 0.367188 0.753125 0.367188 0.742188 0.365625 0.739062 0.359375 0.732812 0.354687 0.731250 0.348438 0.729688 0.343750 0.729688 0.340625 0.731250
1 0.354687 0.759375 0.351562 0.762500 0.350000 0.765625 0.350000 0.770312 0.351562 0.773438 0.356250 0.778125 0.360938 0.779687 0.365625 0.779687 0.368750 0.778125 0.370312 0.776563 0.371875 0.773438 0.371875 0.765625 0.370312 0.762500 0.368750 0.760938 0.365625 0.759375
0 0.143750 0.465625 0.142187 0.468750 0.142187 0.475000 0.145313 0.478125 0.146875 0.478125 0.151562 0.482812 0.153125 0.485938 0.153125 0.490625 0.156250 0.495312 0.160938 0.498437 0.176563 0.503125 0.187500 0.501563 0.187500 0.500000 0.190625 0.496875 0.193750 0.490625 0.193750 0.485938 0.198437 0.479687 0.192188 0.467187 0.189062 0.464062 0.178125 0.457813 0.173437 0.456250 0.160938 0.456250 0.157812 0.457813 0.154688 0.460938 0.151562 0.460938 0.148438 0.462500
0 0.165625 0.407813 0.162500 0.406250 0.157812 0.404687 0.154688 0.404687 0.150000 0.409375 0.142187 0.409375 0.135937 0.404687 0.132812 0.404687 0.131250 0.407813 0.135937 0.417187 0.135937 0.423438 0.132812 0.426563 0.121875 0.426563 0.112500 0.434375 0.120313 0.442188 0.126562 0.450000 0.125000 0.457813 0.126562 0.462500 0.131250 0.462500 0.137500 0.459375 0.142187 0.456250 0.157812 0.440625 0.160938 0.440625 0.164062 0.439063 0.170313 0.431250 0.171875 0.418750 0.170313 0.412500
0 0.220312 0.356250 0.217188 0.354687 0.212500 0.354687 0.209375 0.353125 0.204687 0.348438 0.193750 0.342187 0.189062 0.340625 0.182812 0.340625 0.178125 0.342187 0.167187 0.353125 0.162500 0.354687 0.159375 0.364063 0.157812 0.367188 0.153125 0.371875 0.151562 0.375000 0.151562 0.381250 0.153125 0.385937 0.154688 0.389062 0.157812 0.392188 0.159375 0.400000 0.162500 0.403125 0.168750 0.406250 0.181250 0.406250 0.192188 0.401562 0.198437 0.398438 0.201563 0.395313 0.204687 0.390625 0.206250 0.385937 0.209375 0.382812 0.217188 0.379688 0.221875 0.375000 0.223438 0.371875 0.223438 0.362500
0 0.514062 0.568750 0.512500 0.567187 0.503125 0.562500 0.496875 0.560937 0.492188 0.560937 0.487500 0.562500 0.484375 0.565625 0.473438 0.568750 0.456250 0.578125 0.453125 0.582812 0.451562 0.587500 0.451562 0.604688 0.454688 0.610938 0.460938 0.617188 0.464062 0.618750 0.471875 0.618750 0.485938 0.617188 0.492188 0.610938 0.498437 0.610938 0.504687 0.607812 0.510938 0.601562 0.514062 0.596875 0.515625 0.593750 0.515625 0.590625 0.512500 0.585938 0.512500 0.581250 0.515625 0.576562 0.515625 0.571875
0 0.407813 0.550000 0.395313 0.554688 0.389062 0.557813 0.385937 0.560937 0.382812 0.565625 0.381250 0.568750 0.379688 0.573438 0.379688 0.581250 0.381250 0.584375 0.384375 0.587500 0.389062 0.589063 0.393750 0.595313 0.395313 0.596875 0.401562 0.600000 0.406250 0.601562 0.417187 0.601562 0.423438 0.600000 0.426563 0.598437 0.434375 0.590625 0.439063 0.589063 0.443750 0.585938 0.448437 0.581250 0.451562 0.575000 0.448437 0.571875 0.443750 0.570312 0.437500 0.564063 0.435937 0.559375 0.429688 0.553125 0.426563 0.551562 0.417187 0.550000
0 0.412500 0.487500 0.403125 0.485938 0.398438 0.485938 0.387500 0.487500 0.382812 0.489063 0.379688 0.493750 0.381250 0.496875 0.385937 0.501563 0.387500 0.504687 0.384375 0.507812 0.376563 0.507812 0.375000 0.509375 0.371875 0.509375 0.371875 0.521875 0.368750 0.526563 0.368750 0.537500 0.371875 0.543750 0.373437 0.545312 0.375000 0.545312 0.378125 0.548438 0.381250 0.550000 0.385937 0.551562 0.393750 0.551562 0.395313 0.550000 0.406250 0.548438 0.421875 0.548438 0.428125 0.545312 0.432812 0.540625 0.434375 0.534375 0.434375 0.520312 0.431250 0.514062 0.428125 0.510938 0.426563 0.507812 0.425000 0.501563 0.423438 0.498437 0.420312 0.493750 0.415625 0.489063
0 0.432812 0.451562 0.429688 0.454688 0.431250 0.462500 0.428125 0.465625 0.423438 0.467187 0.415625 0.473438 0.415625 0.476562 0.414062 0.478125 0.414062 0.485938 0.418750 0.490625 0.420312 0.490625 0.423438 0.493750 0.426563 0.500000 0.426563 0.503125 0.428125 0.506250 0.432812 0.510938 0.435937 0.512500 0.446875 0.512500 0.459375 0.507812 0.465625 0.507812 0.468750 0.506250 0.470313 0.503125 0.470313 0.500000 0.473438 0.496875 0.475000 0.496875 0.478125 0.493750 0.481250 0.489063 0.482812 0.485938 0.484375 0.481250 0.484375 0.478125 0.482812 0.476562 0.482812 0.471875 0.479687 0.465625 0.478125 0.464062 0.471875 0.460938 0.464062 0.460938 0.460938 0.459375 0.456250 0.454688 0.451562 0.453125 0.448437 0.453125 0.442188 0.454688 0.435937 0.451562
0 0.482812 0.509375 0.460938 0.509375 0.453125 0.510938 0.445312 0.514062 0.440625 0.518750 0.440625 0.525000 0.435937 0.531250 0.435937 0.550000 0.437500 0.554688 0.439063 0.557813 0.453125 0.571875 0.456250 0.573438 0.464062 0.573438 0.471875 0.568750 0.478125 0.567187 0.482812 0.565625 0.485938 0.560937 0.492188 0.557813 0.495312 0.554688 0.498437 0.548438 0.498437 0.540625 0.492188 0.529687 0.493750 0.521875 0.493750 0.518750 0.492188 0.515625 0.489063 0.512500
0 0.540625 0.471875 0.532813 0.471875 0.529687 0.473438 0.515625 0.482812 0.514062 0.482812 0.510938 0.484375 0.507812 0.490625 0.506250 0.498437 0.506250 0.504687 0.507812 0.509375 0.512500 0.518750 0.518750 0.528125 0.526563 0.535937 0.534375 0.535937 0.542188 0.532813 0.550000 0.525000 0.548438 0.510938 0.548438 0.507812 0.554688 0.501563 0.556250 0.496875 0.556250 0.492188 0.554688 0.487500 0.553125 0.484375 0.550000 0.481250 0.548438 0.481250 0.543750 0.476562 0.543750 0.475000
0 0.693750 0.481250 0.690625 0.475000 0.684375 0.464062 0.681250 0.460938 0.678125 0.459375 0.668750 0.456250 0.662500 0.454688 0.659375 0.456250 0.656250 0.456250 0.648438 0.460938 0.642188 0.460938 0.637500 0.462500 0.628125 0.467187 0.621875 0.473438 0.620313 0.476562 0.620313 0.481250 0.623437 0.495312 0.629687 0.495312 0.637500 0.498437 0.642188 0.498437 0.646875 0.496875 0.657813 0.490625 0.676562 0.490625 0.687500 0.485938 0.693750 0.484375
0 0.650000 0.393750 0.634375 0.393750 0.628125 0.396875 0.621875 0.403125 0.618750 0.410938 0.615625 0.415625 0.607812 0.425000 0.606250 0.429688 0.606250 0.440625 0.610938 0.445312 0.612500 0.448437 0.612500 0.451562 0.618750 0.460938 0.621875 0.464062 0.629687 0.464062 0.637500 0.459375 0.648438 0.459375 0.654687 0.456250 0.670312 0.440625 0.671875 0.434375 0.671875 0.426563 0.675000 0.421875 0.675000 0.414062 0.671875 0.410938 0.664062 0.406250 0.660937 0.406250 0.654687 0.400000 0.653125 0.395313
0 0.668750 0.329688 0.662500 0.332813 0.656250 0.337500 0.653125 0.342187 0.651563 0.346875 0.648438 0.360938 0.648438 0.376563 0.650000 0.379688 0.653125 0.382812 0.654687 0.389062 0.656250 0.392188 0.665625 0.401562 0.668750 0.403125 0.673438 0.404687 0.678125 0.404687 0.682813 0.403125 0.685937 0.400000 0.687500 0.396875 0.687500 0.392188 0.689063 0.389062 0.690625 0.387500 0.695312 0.385937 0.696875 0.384375 0.700000 0.378125 0.701562 0.371875 0.701562 0.359375 0.689063 0.346875 0.689063 0.334375 0.684375 0.329688
0 0.557813 0.340625 0.551562 0.346875 0.551562 0.350000 0.550000 0.353125 0.542188 0.356250 0.535937 0.362500 0.534375 0.367188 0.534375 0.373437 0.539062 0.393750 0.540625 0.396875 0.543750 0.400000 0.548438 0.401562 0.554688 0.401562 0.573438 0.409375 0.585938 0.409375 0.595313 0.406250 0.598437 0.404687 0.603125 0.400000 0.604688 0.396875 0.606250 0.382812 0.606250 0.376563 0.604688 0.375000 0.604688 0.367188 0.601562 0.360938 0.596875 0.356250 0.592187 0.354687 0.582812 0.353125 0.581250 0.348438 0.579688 0.346875 0.573438 0.342187 0.567187 0.339062 0.562500 0.339062
0 0.596875 0.443750 0.589063 0.443750 0.585938 0.450000 0.579688 0.456250 0.573438 0.459375 0.559375 0.465625 0.559375 0.478125 0.568750 0.485938 0.573438 0.489063 0.576562 0.490625 0.590625 0.489063 0.595313 0.489063 0.596875 0.490625 0.601562 0.490625 0.606250 0.489063 0.609375 0.485938 0.610938 0.485938 0.612500 0.484375 0.615625 0.478125 0.617188 0.470313 0.615625 0.464062 0.610938 0.454688 0.607812 0.451562 0.603125 0.448437
0 0.518750 0.404687 0.515625 0.407813 0.521875 0.415625 0.512500 0.425000 0.510938 0.429688 0.510938 0.434375 0.512500 0.437500 0.515625 0.440625 0.515625 0.442188 0.523438 0.450000 0.528125 0.453125 0.531250 0.453125 0.534375 0.454688 0.537500 0.457813 0.537500 0.459375 0.540625 0.462500 0.543750 0.464062 0.550000 0.464062 0.551562 0.465625 0.556250 0.465625 0.564063 0.459375 0.565625 0.459375 0.567187 0.457813 0.571875 0.450000 0.584375 0.439063 0.581250 0.429688 0.578125 0.423438 0.576562 0.418750 0.565625 0.407813 0.562500 0.406250 0.557813 0.404687 0.540625 0.401562 0.539062 0.400000 0.535937 0.400000 0.525000 0.401562
0 0.643750 0.273438 0.639062 0.268750 0.629687 0.260937 0.610938 0.256250 0.601562 0.256250 0.598437 0.257812 0.595313 0.260937 0.585938 0.260937 0.582812 0.262500 0.578125 0.267188 0.568750 0.285938 0.568750 0.298438 0.570312 0.303125 0.578125 0.310937 0.581250 0.312500 0.587500 0.312500 0.595313 0.307812 0.603125 0.307812 0.617188 0.309375 0.623437 0.306250 0.629687 0.300000 0.631250 0.296875 0.631250 0.290625 0.634375 0.287500 0.639062 0.285938 0.642188 0.284375
0 0.565625 0.176563 0.560937 0.179688 0.553125 0.187500 0.550000 0.193750 0.550000 0.218750 0.553125 0.225000 0.557813 0.229687 0.562500 0.232813 0.565625 0.234375 0.571875 0.235937 0.579688 0.242188 0.584375 0.243750 0.592187 0.243750 0.600000 0.242188 0.603125 0.240625 0.604688 0.239063 0.604688 0.237500 0.607812 0.234375 0.607812 0.231250 0.609375 0.228125 0.617188 0.220312 0.620313 0.215625 0.621875 0.210938 0.621875 0.204687 0.620313 0.200000 0.614062 0.192188 0.610938 0.184375 0.603125 0.178125 0.596875 0.175000 0.570312 0.175000
0 0.514062 0.231250 0.509375 0.235937 0.507812 0.239063 0.507812 0.245312 0.510938 0.267188 0.512500 0.271875 0.515625 0.276562 0.520312 0.281250 0.525000 0.282813 0.531250 0.284375 0.545312 0.284375 0.557813 0.281250 0.567187 0.271875 0.568750 0.268750 0.567187 0.254688 0.568750 0.243750 0.567187 0.239063 0.564063 0.235937 0.562500 0.235937 0.557813 0.231250 0.551562 0.228125 0.546875 0.226562 0.535937 0.226562 0.531250 0.229687 0.520312 0.229687
0 0.507812 0.293750 0.506250 0.296875 0.506250 0.314063 0.507812 0.318750 0.509375 0.321875 0.512500 0.326562 0.520312 0.334375 0.528125 0.339062 0.532813 0.339062 0.537500 0.342187 0.542188 0.343750 0.550000 0.343750 0.553125 0.342187 0.564063 0.332813 0.565625 0.332813 0.568750 0.329688 0.570312 0.325000 0.571875 0.318750 0.571875 0.314063 0.570312 0.309375 0.567187 0.303125 0.560937 0.295312 0.557813 0.292187 0.551562 0.289062 0.546875 0.287500 0.521875 0.287500 0.517188 0.289062
0 0.465625 0.167187 0.456250 0.176563 0.454688 0.181250 0.454688 0.185938 0.456250 0.196875 0.457813 0.204687 0.460938 0.215625 0.462500 0.218750 0.465625 0.223438 0.471875 0.226562 0.481250 0.228125 0.484375 0.228125 0.489063 0.226562 0.498437 0.215625 0.503125 0.210938 0.504687 0.210938 0.509375 0.206250 0.510938 0.200000 0.510938 0.192188 0.509375 0.187500 0.506250 0.181250 0.500000 0.175000 0.495312 0.171875 0.492188 0.170313 0.487500 0.168750 0.479687 0.167187
0 0.371875 0.053125 0.368750 0.057813 0.375000 0.064062 0.375000 0.070312 0.376563 0.073438 0.384375 0.076563 0.387500 0.079687 0.389062 0.079687 0.398438 0.090625 0.401562 0.092188 0.409375 0.092188 0.414062 0.095312 0.420312 0.095312 0.426563 0.092188 0.428125 0.090625 0.431250 0.084375 0.434375 0.076563 0.434375 0.071875 0.432812 0.067187 0.431250 0.064062 0.425000 0.057813 0.421875 0.056250 0.418750 0.056250 0.417187 0.057813 0.412500 0.054688 0.415625 0.051562 0.414062 0.043750 0.407813 0.039062 0.404687 0.037500 0.401562 0.037500 0.395313 0.043750 0.389062 0.046875 0.384375 0.046875 0.379688 0.048438
0 0.718750 0.035937 0.715625 0.039062 0.709375 0.051562 0.707812 0.056250 0.707812 0.064062 0.709375 0.068750 0.710938 0.071875 0.723437 0.084375 0.729688 0.087500 0.739062 0.090625 0.742188 0.090625 0.743750 0.089063 0.748437 0.089063 0.760938 0.082812 0.765625 0.078125 0.767188 0.075000 0.767188 0.070312 0.764062 0.057813 0.760938 0.050000 0.753125 0.042188 0.746875 0.039062 0.739062 0.037500 0.735938 0.034375 0.732812 0.032813 0.729688 0.032813 0.728125 0.034375 0.723437 0.034375
0 0.732812 0.000000 0.732812 0.003125 0.731250 0.004687 0.731250 0.010937 0.732812 0.029687 0.737500 0.034375 0.740625 0.035937 0.745313 0.037500 0.750000 0.037500 0.751563 0.039062 0.754687 0.039062 0.765625 0.037500 0.779687 0.032813 0.784375 0.029687 0.787500 0.025000 0.787500 0.009375 0.785937 0.004687 0.782813 0.000000
0 0.776563 0.034375 0.771875 0.035937 0.765625 0.040625 0.760938 0.045312 0.760938 0.051562 0.762500 0.057813 0.764062 0.062500 0.767188 0.065625 0.767188 0.067187 0.782813 0.068750 0.785937 0.065625 0.787500 0.065625 0.789062 0.064062 0.789062 0.062500 0.800000 0.053125 0.801562 0.050000 0.801562 0.046875 0.798438 0.040625 0.796875 0.039062 0.787500 0.034375
0 0.450000 0.265625 0.446875 0.267188 0.442188 0.271875 0.432812 0.282813 0.431250 0.285938 0.431250 0.289062 0.429688 0.292187 0.431250 0.300000 0.434375 0.306250 0.440625 0.317188 0.446875 0.323437 0.450000 0.325000 0.457813 0.326562 0.462500 0.325000 0.465625 0.323437 0.467187 0.321875 0.470313 0.317188 0.478125 0.314063 0.485938 0.306250 0.487500 0.303125 0.487500 0.296875 0.489063 0.293750 0.493750 0.289062 0.493750 0.282813 0.485938 0.282813 0.476562 0.279687 0.470313 0.278125 0.465625 0.273438 0.462500 0.273438 0.459375 0.271875 0.456250 0.268750 0.456250 0.267188
0 0.476562 0.229687 0.468750 0.237500 0.460938 0.239063 0.454688 0.242188 0.453125 0.243750 0.451562 0.246875 0.451562 0.257812 0.453125 0.264062 0.454688 0.267188 0.459375 0.271875 0.462500 0.273438 0.465625 0.273438 0.485938 0.284375 0.492188 0.289062 0.495312 0.285938 0.498437 0.281250 0.498437 0.278125 0.504687 0.270313 0.506250 0.264062 0.506250 0.243750 0.504687 0.240625 0.500000 0.235937 0.495312 0.232813 0.489063 0.229687
0 0.400000 0.207813 0.392188 0.217188 0.387500 0.221875 0.382812 0.223438 0.379688 0.226562 0.379688 0.237500 0.384375 0.248438 0.382812 0.259375 0.384375 0.262500 0.389062 0.268750 0.393750 0.273438 0.398438 0.276562 0.401562 0.276562 0.404687 0.278125 0.414062 0.278125 0.425000 0.276562 0.431250 0.275000 0.434375 0.273438 0.442188 0.265625 0.443750 0.262500 0.442188 0.251563 0.446875 0.245312 0.446875 0.234375 0.445312 0.231250 0.442188 0.228125 0.437500 0.226562 0.426563 0.215625 0.421875 0.214062 0.417187 0.209375 0.414062 0.207813
0 0.307812 0.267188 0.309375 0.271875 0.317188 0.273438 0.321875 0.276562 0.326562 0.278125 0.334375 0.279687 0.346875 0.276562 0.356250 0.276562 0.367188 0.275000 0.370312 0.273438 0.375000 0.268750 0.376563 0.265625 0.378125 0.260937 0.378125 0.242188 0.371875 0.235937 0.357812 0.235937 0.354687 0.234375 0.351562 0.231250 0.348438 0.229687 0.337500 0.229687 0.332813 0.231250 0.328125 0.235937 0.312500 0.254688 0.310937 0.259375 0.310937 0.264062
0 0.310937 0.209375 0.300000 0.209375 0.296875 0.210938 0.293750 0.217188 0.293750 0.226562 0.290625 0.229687 0.289062 0.229687 0.284375 0.234375 0.284375 0.243750 0.285938 0.248438 0.296875 0.259375 0.293750 0.262500 0.293750 0.267188 0.298438 0.270313 0.303125 0.270313 0.306250 0.268750 0.312500 0.262500 0.315625 0.256250 0.318750 0.251563 0.318750 0.243750 0.314063 0.235937 0.312500 0.231250 0.312500 0.228125 0.315625 0.225000 0.325000 0.223438 0.326562 0.218750 0.320312 0.212500
0 0.400000 0.295312 0.398438 0.298438 0.400000 0.323437 0.403125 0.326562 0.409375 0.326562 0.423438 0.323437 0.426563 0.317188 0.426563 0.309375 0.425000 0.304688 0.421875 0.298438 0.417187 0.293750 0.410938 0.292187 0.403125 0.293750
0 0.378125 0.382812 0.375000 0.389062 0.375000 0.392188 0.381250 0.396875 0.382812 0.401562 0.384375 0.403125 0.390625 0.406250 0.403125 0.404687 0.406250 0.406250 0.410938 0.409375 0.417187 0.409375 0.420312 0.406250 0.421875 0.401562 0.426563 0.396875 0.426563 0.393750 0.425000 0.392188 0.425000 0.387500 0.423438 0.384375 0.420312 0.381250 0.410938 0.375000 0.395313 0.375000 0.387500 0.376563 0.382812 0.378125
0 0.281250 0.325000 0.278125 0.328125 0.278125 0.353125 0.282813 0.362500 0.289062 0.368750 0.290625 0.368750 0.298438 0.376563 0.309375 0.376563 0.318750 0.381250 0.328125 0.381250 0.331250 0.378125 0.332813 0.375000 0.335938 0.367188 0.335938 0.364063 0.334375 0.359375 0.326562 0.346875 0.325000 0.340625 0.323437 0.335938 0.320312 0.334375 0.310937 0.331250 0.295312 0.328125 0.290625 0.325000
0 0.257812 0.265625 0.254688 0.267188 0.251563 0.271875 0.253125 0.275000 0.260937 0.282813 0.257812 0.285938 0.257812 0.298438 0.259375 0.301563 0.265625 0.307812 0.268750 0.309375 0.271875 0.309375 0.275000 0.310937 0.276562 0.317188 0.278125 0.320312 0.282813 0.321875 0.285938 0.320312 0.289062 0.317188 0.292187 0.310937 0.293750 0.306250 0.293750 0.292187 0.292187 0.279687 0.284375 0.271875 0.278125 0.267188 0.275000 0.265625
0 0.400000 0.332813 0.395313 0.335938 0.392188 0.335938 0.381250 0.345313 0.370312 0.351562 0.367188 0.351562 0.359375 0.359375 0.356250 0.364063 0.356250 0.370312 0.367188 0.368750 0.373437 0.368750 0.375000 0.371875 0.381250 0.375000 0.384375 0.375000 0.385937 0.373437 0.390625 0.373437 0.393750 0.371875 0.395313 0.370312 0.395313 0.368750 0.398438 0.365625 0.400000 0.356250 0.400000 0.348438 0.403125 0.345313 0.403125 0.340625
0 0.298438 0.278125 0.295312 0.281250 0.295312 0.290625 0.296875 0.304688 0.293750 0.310937 0.293750 0.317188 0.295312 0.320312 0.301563 0.326562 0.304688 0.328125 0.315625 0.331250 0.326562 0.331250 0.328125 0.328125 0.332813 0.315625 0.335938 0.303000 0.334375 0.285938 0.329688 0.281250 0.326562 0.279687 0.321875 0.278125 0.314063 0.276562 0.304688 0.276562
0 0.367188 0.278125 0.362500 0.282813 0.360938 0.285938 0.360938 0.295312 0.361344 0.298687 0.362531 0.303016 0.365531 0.310109 0.373437 0.323437 0.376563 0.326562 0.388281 0.335656 0.399797 0.331547 0.398438 0.320312 0.398438 0.300000 0.396875 0.295312 0.392188 0.287500 0.389062 0.282813 0.385937 0.279687 0.379688 0.276562 0.370312 0.276562
0 0.362016 0.278594 0.355344 0.276047 0.351453 0.278844 0.348172 0.280297 0.346469 0.281266 0.343797 0.282125 0.341125 0.283094 0.340750 0.283094 0.338813 0.289656 0.336625 0.300719 0.330906 0.316516 0.323500 0.328297 0.327141 0.333641 0.327875 0.347250 0.335656 0.357094 0.346594 0.356984 0.349500 0.365844 0.383500 0.341422 0.374422 0.327078 0.360312 0.302047
0 0.195312 0.095141 0.187500 0.101391 0.185938 0.102953 0.184375 0.106078 0.184375 0.115453 0.181250 0.121703 0.181250 0.131078 0.182812 0.135766 0.187500 0.140453 0.195312 0.142016 0.204687 0.146703 0.207813 0.149828 0.207813 0.152953 0.210938 0.156078 0.218750 0.156078 0.221875 0.154516 0.229687 0.146703 0.234375 0.145141 0.237500 0.142016 0.242188 0.132641 0.242188 0.124828 0.240625 0.120141 0.232813 0.106078 0.225000 0.098266 0.221875 0.096703 0.206250 0.095141
0 0.239063 0.160938 0.237500 0.164062 0.235937 0.170313 0.234375 0.181250 0.237500 0.190625 0.239063 0.190625 0.246875 0.196875 0.256250 0.201563 0.262500 0.203125 0.273438 0.203125 0.282813 0.198437 0.284375 0.196875 0.289062 0.189062 0.290625 0.184375 0.287500 0.171875 0.285938 0.168750 0.284375 0.167187 0.282813 0.167187 0.279687 0.164062 0.268750 0.159375 0.260937 0.153125 0.251563 0.153125 0.242188 0.157812
0 0.206250 0.196875 0.206250 0.198437 0.203125 0.201563 0.201563 0.204687 0.201563 0.228125 0.203125 0.231250 0.206250 0.234375 0.212500 0.234375 0.215625 0.237500 0.215625 0.239063 0.218750 0.242188 0.231250 0.242188 0.235937 0.239063 0.251563 0.239063 0.256250 0.237500 0.259375 0.234375 0.259375 0.226562 0.254688 0.218750 0.254688 0.214062 0.248438 0.207813 0.248438 0.203125 0.245312 0.196875 0.239063 0.192188 0.235937 0.190625 0.215625 0.190625 0.212500 0.192188 0.209375 0.195312 0.207813 0.195312
0 0.143750 0.206250 0.143750 0.215625 0.146875 0.220312 0.160938 0.231250 0.164062 0.232813 0.168750 0.234375 0.171875 0.234375 0.181250 0.229687 0.185938 0.232813 0.192188 0.232813 0.196875 0.228125 0.198437 0.225000 0.198437 0.214062 0.196875 0.206250 0.195312 0.203125 0.190625 0.198437 0.176563 0.193750 0.170313 0.192188 0.153125 0.192188 0.151562 0.196875 0.145313 0.203125
0 0.184375 0.142187 0.179688 0.146875 0.178125 0.154688 0.175000 0.157812 0.173437 0.160938 0.170313 0.176563 0.170313 0.187500 0.173437 0.190625 0.181250 0.193750 0.185938 0.193750 0.190625 0.196875 0.200000 0.196875 0.209375 0.187500 0.210938 0.184375 0.214062 0.176563 0.215625 0.171875 0.215625 0.167187 0.214062 0.162500 0.207813 0.156250 0.204687 0.151562 0.204687 0.150000 0.203125 0.148438 0.190625 0.142187
0 0.167187 0.125000 0.162500 0.125000 0.159375 0.128125 0.156250 0.129688 0.151562 0.129688 0.148438 0.131250 0.145313 0.134375 0.145313 0.135937 0.140625 0.140625 0.139063 0.143750 0.139063 0.168750 0.140625 0.171875 0.145313 0.176563 0.146875 0.176563 0.150000 0.179688 0.151562 0.182812 0.151562 0.185938 0.153125 0.189062 0.167187 0.185938 0.167187 0.181250 0.171875 0.176563 0.171875 0.168750 0.173437 0.164062 0.179688 0.153125 0.179688 0.146875 0.178125 0.145313 0.178125 0.137500 0.173437 0.131250
0 0.409375 0.000000 0.409375 0.004687 0.410938 0.015625 0.409375 0.023438 0.406250 0.029687 0.406250 0.034375 0.410938 0.039062 0.415625 0.042188 0.421875 0.045312 0.435937 0.045312 0.440625 0.048438 0.445312 0.050000 0.454688 0.050000 0.457813 0.048438 0.464062 0.042188 0.465625 0.039062 0.467187 0.032813 0.473438 0.025000 0.475000 0.020313 0.475000 0.007812 0.473438 0.004687 0.470313 0.000000
0 0.335938 0.009375 0.335938 0.012500 0.337500 0.023438 0.339062 0.028125 0.340625 0.031250 0.343750 0.034375 0.345313 0.034375 0.348438 0.037500 0.351562 0.045312 0.354687 0.046875 0.368750 0.051562 0.373437 0.050000 0.376563 0.046875 0.381250 0.045312 0.387500 0.037500 0.395313 0.037500 0.398438 0.035937 0.403125 0.031250 0.406250 0.025000 0.407813 0.020313 0.407813 0.012500 0.406250 0.004687 0.404687 0.003125 0.404687 0.000000 0.343750 0.000000 0.337500 0.006250
0 0.785937 0.067187 0.781250 0.071875 0.779687 0.075000 0.778125 0.079687 0.778125 0.084375 0.779687 0.089063 0.782813 0.093750 0.785937 0.096875 0.790625 0.098437 0.807813 0.098437 0.810937 0.096875 0.814063 0.093750 0.817187 0.087500 0.818750 0.082812 0.817187 0.078125 0.815625 0.075000 0.809375 0.068750 0.800000 0.065625 0.790625 0.065625
0 0.818750 0.021875 0.815625 0.023438 0.804688 0.034375 0.803125 0.039062 0.803125 0.048438 0.804688 0.064062 0.807813 0.067187 0.812500 0.068750 0.817187 0.073438 0.818750 0.078125 0.820312 0.079687 0.823438 0.081250 0.826562 0.081250 0.829688 0.084375 0.832812 0.081250 0.835938 0.075000 0.840625 0.064062 0.843750 0.059375 0.850000 0.053125 0.857812 0.048438 0.859375 0.046875 0.860938 0.043750 0.859375 0.040625 0.853125 0.034375 0.848437 0.031250 0.843750 0.029687 0.840625 0.029687 0.835938 0.028125 0.829688 0.021875
0 0.926562 0.073438 0.914062 0.075000 0.909375 0.076563 0.906250 0.078125 0.898438 0.085938 0.893750 0.092188 0.893750 0.109375 0.895312 0.112500 0.898438 0.115625 0.906250 0.118750 0.910937 0.123438 0.917188 0.126562 0.923438 0.126562 0.928125 0.125000 0.931250 0.121875 0.939063 0.120313 0.942187 0.117188 0.943750 0.114062 0.945312 0.109375 0.945312 0.100000 0.942187 0.092188 0.942187 0.082812 0.940625 0.079687 0.939063 0.078125 0.932813 0.075000
0 0.979688 0.043750 0.970313 0.043750 0.964063 0.045312 0.950000 0.050000 0.942187 0.057813 0.940625 0.065625 0.940625 0.075000 0.942187 0.084375 0.945312 0.093750 0.948438 0.095312 0.960938 0.098437 0.970313 0.098437 0.976562 0.095312 0.984375 0.090625 0.990625 0.084375 0.992188 0.079687 0.992188 0.073438 0.995313 0.067187 0.995313 0.064062 0.993750 0.059375 0.992188 0.056250 0.987500 0.050000
0 0.932484 0.001109 0.926234 0.007359 0.919984 0.019859 0.919984 0.024547 0.916859 0.029234 0.915297 0.033922 0.915297 0.043297 0.916859 0.046422 0.921547 0.051109 0.930922 0.055797 0.938734 0.055797 0.941859 0.054234 0.948109 0.049547 0.951234 0.047984 0.962172 0.046422 0.968422 0.043297 0.973109 0.038609 0.973109 0.035484 0.974672 0.032359 0.976234 0.030797 0.979359 0.029234 0.977797 0.024547 0.979359 0.012047 0.977797 0.004234 0.974672 0.001109
0 0.862500 0.000000 0.864062 0.007812 0.865625 0.012500 0.868750 0.017188 0.873437 0.021875 0.881250 0.026562 0.889062 0.029687 0.896875 0.037500 0.900000 0.039062 0.907813 0.039062 0.910937 0.037500 0.912500 0.034375 0.914062 0.028125 0.915625 0.025000 0.920312 0.020313 0.921875 0.017188 0.923438 0.010937 0.928125 0.004687 0.929688 0.000000
1 0.895312 0.042188 0.890625 0.043750 0.885938 0.048438 0.884375 0.051562 0.884375 0.054688 0.885938 0.057813 0.892188 0.060937 0.895312 0.060937 0.898438 0.059375 0.901563 0.056250 0.901563 0.048438
1 0.907813 0.059375 0.907813 0.068750 0.912500 0.073438 0.925000 0.073438 0.928125 0.071875 0.931250 0.068750 0.932813 0.064062 0.931250 0.057813 0.926562 0.053125 0.915625 0.053125 0.912500 0.054688
0 0.818750 0.085938 0.820312 0.098437 0.829688 0.098437 0.832812 0.101562 0.835938 0.103125 0.845313 0.103125 0.851562 0.100000 0.856250 0.095312 0.856250 0.090625 0.846875 0.089063 0.843750 0.089063 0.842187 0.090625 0.837500 0.090625 0.832812 0.089063 0.829688 0.084375 0.826562 0.082812 0.820312 0.082812
0 0.976562 0.000000 0.978125 0.003125 0.979688 0.007812 0.979688 0.025000 0.976562 0.028125 0.975000 0.031250 0.975000 0.034375 0.973437 0.037500 0.975000 0.040625 0.984375 0.039062 0.989062 0.039062 0.993750 0.043750 0.998437 0.045312 0.998437 0.014063 0.995313 0.012500 0.993750 0.003125 0.992188 0.000000