0 0.020313 0.453125 0.012500 0.460938 0.009375 0.465625 0.009375 0.473438 0.010937 0.475000 0.010937 0.482812 0.007812 0.489063 0.010937 0.496875 0.015625 0.498437 0.020313 0.503125 0.020313 0.504687 0.026562 0.510938 0.035937 0.510938 0.045312 0.507812 0.051562 0.504687 0.056250 0.501563 0.059375 0.498437 0.060937 0.495312 0.060937 0.478125 0.059375 0.468750 0.057813 0.465625 0.045312 0.454688 0.042188 0.453125 0.028125 0.451562
0 0.012500 0.559375 0.007812 0.560937 0.004687 0.562500 0.000000 0.565625 0.000000 0.614062 0.009375 0.614062 0.014063 0.617188 0.025000 0.617188 0.029687 0.612500 0.031250 0.609375 0.031250 0.606250 0.034375 0.600000 0.039062 0.595313 0.039062 0.584375 0.028125 0.573438 0.028125 0.570312 0.026562 0.567187 0.020313 0.560937 0.015625 0.559375
0 0.000000 0.635938 0.000000 0.678125 0.004687 0.679688 0.007812 0.682813 0.010937 0.682813 0.015625 0.679688 0.020313 0.679688 0.029687 0.675000 0.046875 0.675000 0.053125 0.668750 0.053125 0.662500 0.057813 0.657813 0.057813 0.653125 0.050000 0.643750 0.045312 0.639062 0.028125 0.631250 0.023438 0.629687 0.012500 0.629687 0.007812 0.631250 0.004687 0.634375
0 0.057813 0.554688 0.056250 0.565625 0.051562 0.570312 0.050000 0.573438 0.048438 0.578125 0.050000 0.582812 0.051562 0.585938 0.054688 0.589063 0.056250 0.592187 0.056250 0.595313 0.059375 0.601562 0.062500 0.604688 0.065625 0.606250 0.071875 0.606250 0.090625 0.604688 0.098437 0.601562 0.107813 0.601562 0.110937 0.600000 0.114062 0.596875 0.114062 0.593750 0.115625 0.590625 0.112500 0.582812 0.112500 0.560937 0.109375 0.554688 0.104688 0.550000 0.100000 0.548438 0.089063 0.550000 0.082812 0.548438 0.079687 0.543750 0.073438 0.543750 0.064062 0.548438
0 0.181250 0.554688 0.178125 0.553125 0.173437 0.551562 0.165625 0.551562 0.159375 0.554688 0.151562 0.554688 0.148438 0.556250 0.140625 0.564063 0.140625 0.565625 0.131250 0.575000 0.129688 0.579688 0.129688 0.592187 0.131250 0.595313 0.145313 0.609375 0.150000 0.610938 0.154688 0.610938 0.160938 0.607812 0.165625 0.603125 0.173437 0.593750 0.176563 0.593750 0.179688 0.592187 0.182812 0.589063 0.182812 0.578125 0.179688 0.573438 0.179688 0.567187 0.182812 0.562500
0 0.215625 0.532813 0.212500 0.534375 0.207813 0.539062 0.204687 0.543750 0.203125 0.546875 0.201563 0.551562 0.201563 0.560937 0.209375 0.575000 0.209375 0.582812 0.215625 0.595313 0.220312 0.596875 0.223438 0.595313 0.225000 0.593750 0.225000 0.592187 0.228125 0.589063 0.228125 0.579688 0.226562 0.575000 0.223438 0.568750 0.218750 0.564063 0.218750 0.559375 0.221875 0.551562 0.223438 0.539062 0.223438 0.535937 0.220312 0.532813
0 0.109375 0.509375 0.104688 0.512500 0.100000 0.517188 0.095312 0.534375 0.095312 0.543750 0.096875 0.546875 0.103125 0.548438 0.106250 0.550000 0.110937 0.554688 0.118750 0.564063 0.123438 0.567187 0.128125 0.568750 0.135937 0.568750 0.140625 0.564063 0.140625 0.562500 0.145313 0.557813 0.150000 0.554688 0.153125 0.553125 0.156250 0.553125 0.159375 0.550000 0.160938 0.545312 0.160938 0.532813 0.159375 0.529687 0.156250 0.526563 0.151562 0.525000 0.148438 0.521875 0.146875 0.510938 0.140625 0.504687 0.125000 0.504687 0.115625 0.509375
0 0.079687 0.493750 0.076563 0.496875 0.075000 0.496875 0.073438 0.498437 0.067187 0.506250 0.065625 0.509375 0.065625 0.520312 0.070312 0.534375 0.076563 0.540625 0.079687 0.542188 0.084375 0.542188 0.089063 0.540625 0.095312 0.534375 0.096875 0.531250 0.098437 0.526563 0.100000 0.517188 0.101562 0.512500 0.104688 0.509375 0.104688 0.503125 0.100000 0.498437 0.096875 0.496875 0.090625 0.495312 0.082812 0.493750
0 0.146875 0.476562 0.142187 0.471875 0.139063 0.470313 0.126562 0.470313 0.118750 0.471875 0.110937 0.476562 0.104688 0.476562 0.096875 0.473438 0.092188 0.473438 0.087500 0.475000 0.082812 0.479687 0.079687 0.485938 0.079687 0.490625 0.084375 0.493750 0.092188 0.493750 0.100000 0.496875 0.103125 0.498437 0.107813 0.504687 0.110937 0.506250 0.121875 0.506250 0.129688 0.504687 0.139063 0.501563 0.139063 0.498437 0.146875 0.484375
0 0.148438 0.479687 0.145313 0.484375 0.143750 0.487500 0.142187 0.492188 0.143750 0.496875 0.151562 0.498437 0.170313 0.506250 0.173437 0.507812 0.176563 0.510938 0.182812 0.514062 0.185938 0.514062 0.190625 0.509375 0.192188 0.504687 0.190625 0.500000 0.185938 0.495312 0.181250 0.492188 0.178125 0.492188 0.175000 0.490625 0.170313 0.485938 0.168750 0.482812 0.165625 0.473438 0.160938 0.473438 0.154688 0.478125 0.151562 0.478125
0 0.387500 0.642188 0.379688 0.651563 0.375000 0.654687 0.365625 0.653125 0.359375 0.659375 0.357812 0.662500 0.357812 0.665625 0.362500 0.679688 0.364063 0.682813 0.367188 0.685937 0.376563 0.693750 0.384375 0.698438 0.390625 0.701562 0.396875 0.703125 0.401562 0.703125 0.406250 0.701562 0.409375 0.698438 0.414062 0.692187 0.421875 0.689063 0.426563 0.684375 0.426563 0.673438 0.421875 0.668750 0.420312 0.665625 0.420312 0.659375 0.409375 0.648438 0.404687 0.645312 0.398438 0.642188
0 0.346875 0.706250 0.340625 0.709375 0.339062 0.710938 0.335938 0.717187 0.335938 0.721875 0.326562 0.739062 0.326562 0.745313 0.328125 0.748437 0.331250 0.751563 0.337500 0.754687 0.340625 0.754687 0.343750 0.756250 0.345313 0.757812 0.345313 0.759375 0.348438 0.764062 0.353125 0.768750 0.359375 0.771875 0.365625 0.771875 0.367188 0.770312 0.373437 0.770312 0.376563 0.765625 0.379688 0.765625 0.382812 0.760938 0.389062 0.757812 0.392188 0.754687 0.395313 0.748437 0.395313 0.739062 0.392188 0.734375 0.392188 0.729688 0.393750 0.728125 0.393750 0.721875 0.392188 0.718750 0.385937 0.712500 0.367188 0.712500 0.364063 0.710938 0.360938 0.707812 0.357812 0.706250
0 0.421875 0.756250 0.410938 0.756250 0.401562 0.765625 0.400000 0.771875 0.396875 0.775000 0.393750 0.776563 0.385937 0.776563 0.384375 0.778125 0.378125 0.778125 0.373437 0.775000 0.359375 0.775000 0.356250 0.779687 0.364063 0.785937 0.367188 0.789062 0.365625 0.798438 0.365625 0.803125 0.368750 0.810937 0.376563 0.817187 0.381250 0.818750 0.385937 0.823438 0.385937 0.834375 0.387500 0.837500 0.389062 0.839063 0.392188 0.840625 0.398438 0.842187 0.412500 0.842187 0.426563 0.839063 0.432812 0.835938 0.435937 0.829688 0.435937 0.821875 0.437500 0.812500 0.446875 0.803125 0.448437 0.800000 0.448437 0.793750 0.453125 0.787500 0.454688 0.782813 0.454688 0.779687 0.451562 0.773438 0.448437 0.770312 0.442188 0.770312 0.435937 0.764062 0.431250 0.760938
0 0.482812 0.754687 0.481250 0.757812 0.481250 0.771875 0.482812 0.775000 0.493750 0.785937 0.493750 0.790625 0.492188 0.798438 0.493750 0.801562 0.496875 0.804688 0.500000 0.806250 0.531250 0.807813 0.546875 0.807813 0.556250 0.803125 0.559375 0.800000 0.560937 0.800000 0.564063 0.793750 0.564063 0.790625 0.562500 0.785937 0.560937 0.782813 0.562500 0.779687 0.567187 0.773438 0.568750 0.770312 0.568750 0.764062 0.567187 0.759375 0.564063 0.753125 0.557813 0.750000 0.546875 0.748437 0.543750 0.745313 0.535937 0.735938 0.531250 0.734375 0.520312 0.734375 0.515625 0.735938 0.510938 0.740625 0.507812 0.746875 0.507812 0.751563 0.506250 0.754687 0.501563 0.756250 0.495312 0.751563 0.487500 0.751563 0.484375 0.753125
0 0.325000 0.646875 0.317188 0.646875 0.303125 0.648438 0.300000 0.650000 0.296875 0.653125 0.296875 0.659375 0.292187 0.664062 0.285938 0.665625 0.282813 0.668750 0.281250 0.668750 0.279687 0.670312 0.278125 0.673438 0.278125 0.682813 0.285938 0.690625 0.298438 0.698438 0.301563 0.698438 0.307812 0.704688 0.310937 0.706250 0.320312 0.706250 0.328125 0.704688 0.331250 0.703125 0.339062 0.695312 0.340625 0.692187 0.340625 0.689063 0.346875 0.682813 0.350000 0.678125 0.350000 0.668750 0.346875 0.665625 0.339062 0.664062 0.335938 0.660937 0.334375 0.654687 0.328125 0.648438
0 0.292187 0.695312 0.287500 0.696875 0.284375 0.700000 0.281250 0.706250 0.276562 0.710938 0.268750 0.712500 0.265625 0.714063 0.264062 0.715625 0.262500 0.718750 0.262500 0.728125 0.267188 0.734375 0.267188 0.740625 0.268750 0.745313 0.281250 0.757812 0.284375 0.757812 0.293750 0.754687 0.298438 0.754687 0.300000 0.756250 0.306250 0.756250 0.314063 0.748437 0.315625 0.745313 0.315625 0.740625 0.320312 0.735938 0.323437 0.735938 0.329688 0.729688 0.332813 0.723437 0.332813 0.715625 0.331250 0.712500 0.328125 0.709375 0.325000 0.707812 0.312500 0.707812 0.298438 0.700000 0.295312 0.696875
0 0.273438 0.751563 0.270313 0.748437 0.254688 0.748437 0.250000 0.745313 0.240625 0.745313 0.235937 0.748437 0.228125 0.746875 0.225000 0.746875 0.218750 0.750000 0.217188 0.757812 0.215625 0.760938 0.210938 0.765625 0.207813 0.770312 0.207813 0.785937 0.220312 0.792188 0.245312 0.793750 0.251563 0.790625 0.259375 0.781250 0.264062 0.778125 0.267188 0.776563 0.278125 0.776563 0.278125 0.759375 0.276562 0.756250
0 0.145313 0.831250 0.134375 0.829688 0.131250 0.829688 0.129688 0.831250 0.125000 0.831250 0.121875 0.834375 0.114062 0.834375 0.107813 0.835938 0.104688 0.837500 0.100000 0.840625 0.095312 0.845313 0.093750 0.850000 0.093750 0.864062 0.089063 0.868750 0.087500 0.871875 0.087500 0.876563 0.089063 0.879687 0.092188 0.882812 0.098437 0.885938 0.107813 0.889062 0.118750 0.895312 0.123438 0.901563 0.126562 0.903125 0.134375 0.903125 0.148438 0.896875 0.153125 0.892188 0.165625 0.878125 0.170313 0.868750 0.170313 0.859375 0.167187 0.856250 0.160938 0.853125 0.157812 0.850000 0.156250 0.845313 0.156250 0.840625 0.154688 0.837500 0.150000 0.832812
0 0.082812 0.843750 0.079687 0.840625 0.076563 0.839063 0.067187 0.840625 0.064062 0.839063 0.060937 0.835938 0.057813 0.834375 0.045312 0.834375 0.039062 0.837500 0.032813 0.837500 0.028125 0.839063 0.023438 0.843750 0.018750 0.850000 0.018750 0.859375 0.021875 0.864062 0.028125 0.870313 0.028125 0.875000 0.023438 0.879687 0.023438 0.882812 0.026562 0.889062 0.031250 0.889062 0.032813 0.890625 0.035937 0.890625 0.037500 0.889062 0.042188 0.889062 0.050000 0.882812 0.064062 0.875000 0.070312 0.873437 0.073438 0.871875 0.078125 0.867188 0.081250 0.862500 0.082812 0.859375
0 0.290625 0.846875 0.285938 0.845313 0.281250 0.845313 0.276562 0.846875 0.271875 0.850000 0.250000 0.850000 0.246875 0.851562 0.242188 0.856250 0.240625 0.859375 0.240625 0.864062 0.242188 0.867188 0.243750 0.868750 0.246875 0.870313 0.251563 0.871875 0.254688 0.875000 0.254688 0.885938 0.257812 0.892188 0.264062 0.895312 0.270313 0.895312 0.279687 0.892188 0.285938 0.884375 0.289062 0.887500 0.293750 0.887500 0.298438 0.885938 0.301563 0.884375 0.301563 0.881250 0.303125 0.879687 0.303125 0.873437 0.298438 0.865625 0.295312 0.853125 0.293750 0.850000
0 0.298438 0.856250 0.298438 0.860938 0.300000 0.865625 0.303125 0.871875 0.307812 0.873437 0.314063 0.873437 0.315625 0.878125 0.317188 0.881250 0.320312 0.884375 0.326562 0.887500 0.335938 0.887500 0.343750 0.879687 0.345313 0.865625 0.345313 0.860938 0.343750 0.857812 0.340625 0.856250 0.321875 0.851562 0.307812 0.851562 0.301563 0.853125
0 0.298438 0.804688 0.298438 0.801562 0.287500 0.789062 0.284375 0.785937 0.279687 0.782813 0.268750 0.781250 0.265625 0.782813 0.262500 0.782813 0.257812 0.785937 0.251563 0.792188 0.246875 0.793750 0.242188 0.793750 0.218750 0.792188 0.217188 0.793750 0.214062 0.793750 0.215625 0.800000 0.218750 0.801562 0.226562 0.803125 0.237500 0.804688 0.251563 0.806250 0.276562 0.807813 0.279687 0.807813
0 0.059375 0.898438 0.057813 0.907813 0.054688 0.909375 0.050000 0.909375 0.043750 0.912500 0.040625 0.915625 0.040625 0.923438 0.043750 0.929688 0.042188 0.943750 0.056250 0.950000 0.064062 0.957812 0.076563 0.967187 0.087500 0.968750 0.093750 0.968750 0.095312 0.967187 0.100000 0.967187 0.104688 0.962500 0.109375 0.953125 0.109375 0.945312 0.101562 0.937500 0.100000 0.934375 0.100000 0.926562 0.095312 0.917188 0.092188 0.912500 0.085938 0.907813 0.078125 0.903125 0.068750 0.898438 0.064062 0.896875
0 0.012500 0.954688 0.012500 0.959375 0.014063 0.962500 0.017188 0.965625 0.021875 0.965625 0.025000 0.967187 0.028125 0.970313 0.028125 0.987500 0.034375 0.993750 0.037500 0.995313 0.045312 0.995313 0.054688 0.992188 0.057813 0.992188 0.062500 0.993750 0.068750 0.998437 0.110937 0.998437 0.107813 0.992188 0.107813 0.987500 0.109375 0.978125 0.101562 0.971875 0.098437 0.967187 0.076563 0.968750 0.071875 0.967187 0.059375 0.953125 0.054688 0.951562 0.050000 0.948438 0.045312 0.948438 0.040625 0.945312 0.025000 0.946875 0.020313 0.948438 0.017188 0.950000
0 0.140625 0.937500 0.137500 0.939063 0.129688 0.946875 0.128125 0.950000 0.128125 0.953125 0.125000 0.959375 0.123438 0.960938 0.121875 0.960938 0.120313 0.962500 0.118750 0.965625 0.118750 0.973437 0.120313 0.976562 0.121875 0.978125 0.125000 0.979688 0.131250 0.981250 0.135937 0.985938 0.135937 0.990625 0.142187 0.998437 0.157812 0.998437 0.160938 0.995313 0.167187 0.993750 0.167187 0.979688 0.164062 0.975000 0.164062 0.970313 0.160938 0.967187 0.159375 0.962500 0.159375 0.954688 0.164062 0.950000 0.159375 0.945312 0.159375 0.943750 0.153125 0.937500
0 0.218750 0.931250 0.212500 0.931250 0.206250 0.937500 0.201563 0.937500 0.193750 0.932813 0.192188 0.942187 0.189062 0.945312 0.185938 0.946875 0.171875 0.946875 0.160938 0.951562 0.157812 0.954688 0.156250 0.970313 0.157812 0.973437 0.162500 0.978125 0.164062 0.982812 0.165625 0.982812 0.168750 0.985938 0.170313 0.993750 0.173437 0.995313 0.176563 0.995313 0.179688 0.998437 0.195312 0.998437 0.200000 0.993750 0.201563 0.989062 0.207813 0.982812 0.212500 0.982812 0.215625 0.979688 0.221875 0.979688 0.231250 0.981250 0.234375 0.979688 0.235937 0.973437 0.234375 0.970313 0.221875 0.957812 0.221875 0.954688 0.225000 0.950000 0.225000 0.946875 0.223438 0.937500 0.221875 0.934375
0 0.629687 0.820312 0.610938 0.820312 0.606250 0.821875 0.590625 0.829688 0.582812 0.829688 0.578125 0.834375 0.573438 0.843750 0.573438 0.859375 0.576562 0.865625 0.581250 0.868750 0.570516 0.876313 0.563266 0.885656 0.573641 0.887984 0.582875 0.890328 0.588375 0.892688 0.592187 0.895312 0.595313 0.896875 0.598437 0.896875 0.603125 0.893750 0.620313 0.893750 0.623437 0.892188 0.629687 0.884375 0.632812 0.882812 0.637500 0.882812 0.642188 0.878125 0.643750 0.875000 0.643750 0.865625 0.642188 0.851562 0.634375 0.843750 0.635938 0.832812 0.635938 0.826562
0 0.567187 0.889062 0.559375 0.892188 0.556250 0.898438 0.554688 0.904687 0.554688 0.940625 0.560937 0.946875 0.571875 0.946875 0.575000 0.945312 0.585938 0.934375 0.590625 0.932813 0.595313 0.932813 0.598437 0.931250 0.601562 0.925000 0.601562 0.912500 0.600000 0.907813 0.595313 0.901563 0.592187 0.900000 0.589063 0.900000 0.585938 0.898438 0.579688 0.892188 0.576562 0.890625 0.571875 0.890625
0 0.442188 0.864062 0.442188 0.867188 0.443750 0.868750 0.443750 0.873437 0.445312 0.878125 0.456250 0.887500 0.456250 0.889062 0.459375 0.892188 0.459375 0.896875 0.462500 0.900000 0.464062 0.900000 0.468750 0.906250 0.471875 0.909375 0.479687 0.914062 0.487500 0.914062 0.495312 0.910937 0.509375 0.909375 0.515625 0.910937 0.518750 0.910937 0.526563 0.909375 0.532813 0.906250 0.535937 0.906250 0.539062 0.895312 0.540625 0.864062 0.540625 0.856250 0.535937 0.850000 0.535937 0.846875 0.534375 0.843750 0.529687 0.840625 0.523438 0.839063 0.514062 0.839063 0.509375 0.834375 0.504687 0.831250 0.490625 0.831250 0.485938 0.832812 0.476562 0.837500 0.473438 0.840625 0.471875 0.845313 0.467187 0.850000 0.459375 0.851562 0.453125 0.854688 0.446875 0.859375
0 0.484375 0.914062 0.482812 0.915625 0.481250 0.918750 0.481250 0.929688 0.482812 0.964063 0.484375 0.967187 0.487500 0.970313 0.510938 0.970313 0.521875 0.975000 0.532813 0.976562 0.537500 0.975000 0.537500 0.967187 0.540625 0.964063 0.548438 0.957812 0.551562 0.953125 0.553125 0.946875 0.550000 0.940625 0.550000 0.937500 0.551562 0.935937 0.553125 0.929688 0.551562 0.914062 0.545312 0.910937 0.537500 0.909375 0.514062 0.909375 0.493750 0.910937 0.487500 0.912500
0 0.415625 0.909375 0.410938 0.914062 0.410938 0.923438 0.414062 0.928125 0.414062 0.931250 0.412500 0.934375 0.407813 0.940625 0.407813 0.943750 0.406250 0.946875 0.409375 0.951562 0.409375 0.956250 0.410938 0.959375 0.418750 0.967187 0.423438 0.968750 0.439063 0.968750 0.443750 0.970313 0.446875 0.973437 0.450000 0.975000 0.465625 0.976562 0.470313 0.976562 0.473438 0.975000 0.479687 0.968750 0.482812 0.962500 0.482812 0.937500 0.479687 0.929688 0.481250 0.918750 0.479687 0.915625 0.476562 0.914062 0.473438 0.906250 0.467187 0.901563 0.456250 0.895312 0.445312 0.895312 0.442188 0.896875 0.440625 0.901563 0.439063 0.903125 0.435937 0.904687 0.428125 0.904687 0.421875 0.906250
0 0.471875 0.985938 0.473438 0.990625 0.476562 0.993750 0.479687 0.995313 0.484375 0.995313 0.487500 0.998437 0.529687 0.998437 0.531250 0.985938 0.528125 0.978125 0.525000 0.976562 0.512500 0.971875 0.496875 0.970313 0.484375 0.971875 0.478125 0.976562 0.473438 0.981250
0 0.371875 0.868750 0.367188 0.871875 0.367188 0.879687 0.364063 0.882812 0.360938 0.884375 0.356250 0.884375 0.350000 0.887500 0.348438 0.889062 0.346875 0.892188 0.346875 0.901563 0.350000 0.907813 0.357812 0.915625 0.356250 0.923438 0.357812 0.932813 0.370312 0.934375 0.373437 0.934375 0.382812 0.932813 0.400000 0.935937 0.404687 0.931250 0.406250 0.928125 0.406250 0.914062 0.396875 0.915625 0.390625 0.915625 0.385937 0.912500 0.381250 0.914062 0.376563 0.912500 0.371875 0.907813 0.375000 0.904687 0.396875 0.904687 0.398438 0.903125 0.403125 0.903125 0.406250 0.898438 0.412500 0.895312 0.414062 0.892188 0.414062 0.887500 0.412500 0.884375 0.406250 0.878125 0.406250 0.876563 0.401562 0.871875 0.398438 0.870313 0.389062 0.870313 0.382812 0.868750 0.381250 0.867188 0.378125 0.867188 0.376563 0.868750
0 0.356250 0.932813 0.351562 0.937500 0.350000 0.940625 0.350000 0.962500 0.354687 0.968750 0.356250 0.975000 0.359375 0.979688 0.367188 0.985938 0.371875 0.989062 0.378125 0.992188 0.384375 0.992188 0.385937 0.993750 0.390625 0.993750 0.400000 0.990625 0.406250 0.984375 0.409375 0.978125 0.409375 0.973437 0.410938 0.971875 0.410938 0.968750 0.404687 0.957812 0.403125 0.953125 0.403125 0.945312 0.401562 0.940625 0.400000 0.937500 0.398438 0.935937 0.395313 0.934375 0.382812 0.934375 0.371875 0.931250 0.359375 0.931250
0 0.420312 0.998437 0.471875 0.998437 0.468750 0.992188 0.462500 0.985938 0.457813 0.982812 0.453125 0.981250 0.448437 0.981250 0.446875 0.979688 0.443750 0.979688 0.442188 0.981250 0.437500 0.981250 0.431250 0.984375 0.426563 0.987500 0.421875 0.993750
0 0.428125 0.981250 0.425000 0.976562 0.418750 0.970313 0.415625 0.968750 0.410938 0.970313 0.410938 0.976562 0.406250 0.985938 0.396875 0.993750 0.396875 0.998437 0.420312 0.998437 0.425000 0.990625 0.429688 0.985938
0 0.323437 0.985938 0.323437 0.992188 0.326562 0.998437 0.382812 0.996875 0.364063 0.984375 0.357812 0.981250 0.353125 0.979688 0.337500 0.979688 0.331250 0.981250 0.326562 0.982812
0 0.404687 0.748437 0.396875 0.748437 0.389062 0.756250 0.384375 0.759375 0.376563 0.762500 0.371875 0.765625 0.367188 0.770312 0.376563 0.775000 0.381250 0.776563 0.384375 0.776563 0.392188 0.775000 0.398438 0.771875 0.400000 0.765625 0.406250 0.759375
0 0.731250 0.904687 0.731250 0.912500 0.737500 0.918750 0.740625 0.920312 0.743750 0.920312 0.746875 0.921875 0.748437 0.939063 0.750000 0.942187 0.756250 0.946875 0.762500 0.950000 0.771875 0.950000 0.776563 0.948438 0.784375 0.942187 0.789062 0.940625 0.804688 0.940625 0.807813 0.939063 0.812500 0.934375 0.815625 0.929688 0.817187 0.926562 0.817187 0.915625 0.814063 0.909375 0.810937 0.906250 0.803125 0.904687 0.795312 0.900000 0.789062 0.898438 0.781250 0.898438 0.776563 0.896875 0.770312 0.892188 0.757812 0.889062 0.746875 0.889062 0.742188 0.890625 0.734375 0.898438
0 0.751563 0.878125 0.751563 0.881250 0.753125 0.884375 0.756250 0.887500 0.759375 0.889062 0.767188 0.889062 0.773438 0.890625 0.781250 0.895312 0.785937 0.896875 0.790625 0.896875 0.800000 0.901563 0.806250 0.903125 0.814063 0.903125 0.820312 0.900000 0.826562 0.895312 0.831250 0.893750 0.837500 0.893750 0.845313 0.890625 0.853125 0.881250 0.856250 0.873437 0.860938 0.868750 0.860938 0.865625 0.862500 0.862500 0.857812 0.853125 0.857812 0.848437 0.854688 0.840625 0.850000 0.835938 0.845313 0.832812 0.839063 0.829688 0.818750 0.829688 0.810937 0.826562 0.801562 0.821875 0.796875 0.820312 0.785937 0.820312 0.782813 0.821875 0.775000 0.829688 0.775000 0.837500 0.776563 0.840625 0.781250 0.845313 0.781250 0.850000 0.778125 0.853125 0.773438 0.854688 0.767188 0.860938 0.767188 0.870313 0.764062 0.873437 0.759375 0.875000 0.754687 0.875000
0 0.906250 0.795312 0.906250 0.810937 0.907813 0.814063 0.910937 0.817187 0.917188 0.820312 0.926562 0.821875 0.929688 0.823438 0.935937 0.829688 0.935937 0.831250 0.940625 0.835938 0.943750 0.837500 0.951562 0.837500 0.956250 0.835938 0.962500 0.832812 0.965625 0.829688 0.967187 0.829688 0.968750 0.828125 0.973437 0.821875 0.975000 0.817187 0.976562 0.809375 0.976562 0.798438 0.975000 0.795312 0.971875 0.792188 0.968750 0.790625 0.960938 0.789062 0.954688 0.790625 0.950000 0.789062 0.943750 0.782813 0.940625 0.781250 0.929688 0.781250 0.925000 0.782813 0.918750 0.789062 0.915625 0.790625 0.909375 0.792188
0 0.837500 0.806250 0.831250 0.820312 0.832812 0.823438 0.835938 0.826562 0.839063 0.826562 0.846875 0.831250 0.856250 0.840625 0.860938 0.850000 0.862500 0.859375 0.865625 0.864062 0.870313 0.867188 0.875000 0.868750 0.885938 0.870313 0.904687 0.871875 0.910937 0.867188 0.917188 0.865625 0.920312 0.862500 0.921875 0.857812 0.921875 0.851562 0.925000 0.846875 0.926562 0.840625 0.920312 0.829688 0.918750 0.828125 0.917188 0.828125 0.904687 0.814063 0.903125 0.810937 0.903125 0.806250 0.901563 0.801562 0.892188 0.792188 0.889062 0.790625 0.884375 0.789062 0.870313 0.789062 0.840625 0.803125
1 0.801562 0.795312 0.795312 0.801562 0.793750 0.804688 0.793750 0.810937 0.796875 0.815625 0.804688 0.821875 0.807813 0.823438 0.814063 0.825000 0.821875 0.825000 0.828125 0.818750 0.831250 0.814063 0.831250 0.806250 0.826562 0.796875 0.821875 0.792188 0.810937 0.792188
1 0.878125 0.759375 0.873437 0.764062 0.871875 0.767188 0.870313 0.773438 0.870313 0.787500 0.873437 0.790625 0.885938 0.792188 0.892188 0.792188 0.896875 0.787500 0.896875 0.781250 0.895312 0.779687 0.895312 0.775000 0.896875 0.765625 0.895312 0.762500 0.893750 0.760938 0.887500 0.757812 0.882812 0.757812
1 0.860938 0.764062 0.857812 0.762500 0.853125 0.762500 0.851562 0.760938 0.848437 0.760938 0.846875 0.762500 0.842187 0.762500 0.835938 0.768750 0.832812 0.775000 0.832812 0.778125 0.831250 0.781250 0.828125 0.784375 0.826562 0.787500 0.826562 0.790625 0.828125 0.793750 0.831250 0.796875 0.831250 0.798438 0.832812 0.800000 0.835938 0.801562 0.845313 0.801562 0.850000 0.800000 0.853125 0.798438 0.864062 0.789062 0.867188 0.785937 0.868750 0.782813 0.868750 0.776563 0.867188 0.771875 0.865625 0.768750
0 0.868750 0.873437 0.867188 0.879687 0.871875 0.884375 0.873437 0.890625 0.873437 0.900000 0.879687 0.900000 0.885938 0.903125 0.887500 0.909375 0.903125 0.925000 0.907813 0.928125 0.914062 0.929688 0.923438 0.929688 0.928125 0.926562 0.945312 0.926562 0.954688 0.929688 0.967187 0.931250 0.975000 0.929688 0.978125 0.921875 0.978125 0.915625 0.976562 0.912500 0.970313 0.906250 0.967187 0.906250 0.960938 0.901563 0.959375 0.900000 0.959375 0.898438 0.948438 0.895312 0.945312 0.893750 0.943750 0.889062 0.951562 0.881250 0.953125 0.878125 0.953125 0.871875 0.951562 0.868750 0.948438 0.865625 0.945312 0.864062 0.931250 0.864062 0.920312 0.870313 0.915625 0.871875 0.896875 0.871875 0.875000 0.870313
0 0.842187 0.917188 0.839063 0.920312 0.837500 0.923438 0.837500 0.928125 0.834375 0.934375 0.826562 0.943750 0.829688 0.946875 0.837500 0.953125 0.839063 0.956250 0.839063 0.959375 0.840625 0.962500 0.843750 0.965625 0.845313 0.970313 0.851562 0.973437 0.865625 0.975000 0.870313 0.976562 0.875000 0.979688 0.882812 0.979688 0.887500 0.978125 0.889062 0.975000 0.892188 0.965625 0.893750 0.950000 0.893750 0.945312 0.892188 0.940625 0.885938 0.928125 0.887500 0.923438 0.887500 0.918750 0.884375 0.915625 0.881250 0.914062 0.873437 0.912500 0.859375 0.912500
0 0.970313 0.931250 0.964063 0.928125 0.950000 0.926562 0.943750 0.926562 0.931250 0.928125 0.923438 0.931250 0.914062 0.935937 0.910937 0.939063 0.909375 0.943750 0.909375 0.950000 0.910937 0.962500 0.906250 0.975000 0.904687 0.981250 0.904687 0.995313 0.906250 0.998437 0.959375 0.998437 0.959375 0.995313 0.957812 0.993750 0.957812 0.990625 0.965625 0.982812 0.968750 0.970313 0.970313 0.957812 0.970313 0.945312 0.971875 0.942187
0 0.984375 0.935937 0.981250 0.937500 0.976562 0.940625 0.973437 0.945312 0.971875 0.950000 0.971875 0.954688 0.973437 0.968750 0.968750 0.976562 0.968750 0.981250 0.970313 0.985938 0.975000 0.990625 0.976562 0.990625 0.979688 0.993750 0.981250 0.998437 0.998437 0.998437 0.998437 0.937500 0.995313 0.937500 0.993750 0.935937
0 0.981250 0.992188 0.985938 0.998437 0.998437 0.996875 0.993750 0.998437 0.989062 0.996875 0.985938 0.993750
0 0.998437 0.856250 0.995313 0.856250 0.989062 0.859375 0.982812 0.864062 0.981250 0.867188 0.981250 0.887500 0.979688 0.890625 0.978125 0.892188 0.976562 0.892188 0.973437 0.895312 0.971875 0.895312 0.970313 0.901563 0.973437 0.903125 0.978125 0.903125 0.981250 0.906250 0.981250 0.912500 0.982812 0.920312 0.984375 0.925000 0.985938 0.928125 0.989062 0.929688 0.998437 0.929688
0 0.845313 0.998437 0.896875 0.998437 0.885938 0.985938 0.870313 0.978125 0.864062 0.976562 0.859375 0.976562 0.856250 0.979688 0.848437 0.990625 0.846875 0.993750
0 0.998437 0.760938 0.996875 0.764062 0.993750 0.765625 0.993750 0.770312 0.998437 0.775000
0 0.998437 0.654687 0.995313 0.656250 0.992188 0.659375 0.985938 0.671875 0.985938 0.682813 0.978125 0.690625 0.976562 0.693750 0.976562 0.700000 0.979688 0.706250 0.979688 0.709375 0.978125 0.717187 0.981250 0.723437 0.987500 0.728125 0.987500 0.732812 0.989062 0.735938 0.998437 0.745313
0 0.142187 0.909375 0.135937 0.909375 0.126562 0.912500 0.121875 0.912500 0.115625 0.909375 0.110937 0.909375 0.106250 0.910937 0.103125 0.914062 0.101562 0.917188 0.103125 0.925000 0.101562 0.934375 0.107813 0.940625 0.117188 0.940625 0.120313 0.939063 0.128125 0.932813 0.131250 0.929688 0.137500 0.925000 0.139063 0.921875 0.142187 0.917188 0.143750 0.914062
0 0.442188 0.862500 0.429688 0.862500 0.400000 0.864062 0.398438 0.868750 0.406250 0.878125 0.407813 0.879687 0.409375 0.879687 0.412500 0.881250 0.415625 0.879687 0.421875 0.873437 0.421875 0.871875 0.426563 0.867188 0.442188 0.865625
0 0.075000 0.456250 0.068750 0.460938 0.065625 0.465625 0.065625 0.467187 0.064062 0.468750 0.062500 0.468750 0.060937 0.470313 0.059375 0.473438 0.059375 0.479687 0.060937 0.482812 0.070312 0.482812 0.076563 0.479687 0.079687 0.476562 0.081250 0.473438 0.081250 0.467187
0 0.175000 0.514062 0.175000 0.515625 0.173437 0.518750 0.176563 0.521875 0.176563 0.523438 0.178125 0.525000 0.184375 0.528125 0.193750 0.525000 0.182812 0.514062 0.179688 0.512500
1 0.035937 0.518750 0.031250 0.523438 0.032813 0.531250 0.040625 0.531250 0.043750 0.528125 0.043750 0.523438 0.042188 0.520312
0 0.910672 0.816875 0.914703 0.824578 0.920297 0.834031 0.925547 0.848203 0.926766 0.857297 0.925891 0.860281 0.923625 0.861500 0.923266 0.867281 0.924500 0.867969 0.931500 0.864469 0.935172 0.860625 0.937266 0.857656 0.940078 0.853281 0.943219 0.848375 0.946016 0.844531 0.947078 0.841375 0.943750 0.836828 0.939891 0.832797 0.934469 0.830172 0.927125 0.826844 0.921516 0.823875
0 0.885656 0.916266 0.888969 0.918203 0.893344 0.920641 0.900344 0.923266 0.906828 0.925375 0.911203 0.926250 0.913469 0.927125 0.914000 0.931500 0.912250 0.935703 0.908578 0.939203 0.902094 0.939547 0.892297 0.937625 0.884250 0.931672 0.882328 0.927125 0.881453 0.923625 0.880406 0.918016 0.879703 0.912953