1 0.215625 0.453125 0.209375 0.450000 0.204687 0.448437 0.200000 0.448437 0.193750 0.451562 0.190625 0.454688 0.187500 0.459375 0.185938 0.462500 0.185938 0.465625 0.189062 0.467187 0.207813 0.467187 0.210938 0.465625 0.215625 0.460938
1 0.167187 0.481250 0.167187 0.489063 0.171875 0.493750 0.187500 0.493750 0.195312 0.492188 0.198437 0.490625 0.200000 0.489063 0.201563 0.485938 0.195312 0.484375 0.192188 0.481250 0.190625 0.476562 0.189062 0.475000 0.185938 0.473438 0.173437 0.473438 0.168750 0.478125
1 0.200000 0.500000 0.198437 0.509375 0.201563 0.512500 0.204687 0.514062 0.207813 0.514062 0.212500 0.512500 0.215625 0.510938 0.218750 0.507812 0.218750 0.501563 0.217188 0.498437 0.204687 0.496875 0.201563 0.500000
1 0.173437 0.517188 0.178125 0.521875 0.181250 0.529687 0.184375 0.531250 0.192188 0.531250 0.195312 0.529687 0.200000 0.525000 0.200000 0.517188 0.198437 0.514062 0.195312 0.512500 0.178125 0.512500 0.175000 0.514062
1 0.165625 0.551562 0.162500 0.559375 0.164062 0.564063 0.168750 0.568750 0.171875 0.570312 0.178125 0.570312 0.182812 0.568750 0.187500 0.564063 0.189062 0.559375 0.187500 0.556250 0.181250 0.550000 0.176563 0.548438 0.171875 0.548438
1 0.278125 0.528125 0.276562 0.531250 0.275000 0.539062 0.278125 0.545312 0.284375 0.548438 0.295312 0.548438 0.300000 0.546875 0.303125 0.545312 0.306250 0.542188 0.306250 0.529687 0.304688 0.526563 0.303125 0.525000 0.300000 0.523438 0.285938 0.523438 0.282813 0.525000
1 0.370312 0.504687 0.368750 0.512500 0.370312 0.515625 0.375000 0.520312 0.379688 0.521875 0.387500 0.521875 0.393750 0.518750 0.395313 0.515625 0.395313 0.507812 0.393750 0.504687 0.392188 0.503125 0.389062 0.501563 0.373437 0.501563
1 0.370312 0.545312 0.370312 0.554688 0.371875 0.557813 0.375000 0.560937 0.378125 0.562500 0.387500 0.562500 0.393750 0.559375 0.395313 0.557813 0.396875 0.554688 0.395313 0.543750 0.392188 0.542188 0.387500 0.540625 0.376563 0.540625 0.373437 0.542188
1 0.334375 0.560937 0.334375 0.573438 0.335938 0.576562 0.337500 0.578125 0.340625 0.579688 0.353125 0.579688 0.359375 0.568750 0.359375 0.565625 0.356250 0.562500 0.350000 0.559375 0.342187 0.557813 0.339062 0.559375
1 0.325000 0.507812 0.325000 0.514062 0.328125 0.517188 0.331250 0.518750 0.346875 0.518750 0.350000 0.517188 0.348438 0.512500 0.346875 0.509375 0.343750 0.504687 0.340625 0.503125 0.331250 0.503125 0.328125 0.504687
1 0.445312 0.460938 0.443750 0.464062 0.443750 0.467187 0.446875 0.473438 0.448437 0.475000 0.451562 0.476562 0.457813 0.476562 0.462500 0.475000 0.465625 0.473438 0.468750 0.470313 0.470313 0.467187 0.470313 0.459375 0.468750 0.456250 0.465625 0.454688 0.453125 0.454688 0.450000 0.456250
1 0.498437 0.437500 0.495312 0.440625 0.495312 0.450000 0.498437 0.453125 0.510938 0.453125 0.517188 0.446875 0.517188 0.440625 0.512500 0.435937 0.503125 0.435937
1 0.542188 0.407813 0.539062 0.406250 0.532813 0.406250 0.528125 0.407813 0.525000 0.409375 0.520312 0.414062 0.518750 0.417187 0.518750 0.426563 0.521875 0.432812 0.526563 0.434375 0.539062 0.428125 0.543750 0.423438 0.545312 0.420312 0.545312 0.412500 0.543750 0.409375
1 0.590625 0.420312 0.587500 0.417187 0.573438 0.417187 0.568750 0.418750 0.565625 0.421875 0.564063 0.426563 0.564063 0.437500 0.565625 0.439063 0.565625 0.442188 0.568750 0.442188 0.575000 0.439063 0.579688 0.439063 0.584375 0.437500 0.590625 0.431250 0.592187 0.423438
1 0.551562 0.460938 0.548438 0.462500 0.545312 0.465625 0.546875 0.476562 0.553125 0.479687 0.556250 0.479687 0.559375 0.478125 0.560937 0.470313 0.562500 0.468750 0.562500 0.464062 0.559375 0.460938
1 0.565625 0.464062 0.562500 0.470313 0.562500 0.473438 0.564063 0.476562 0.567187 0.479687 0.570312 0.481250 0.581250 0.481250 0.585938 0.473438 0.587500 0.470313 0.587500 0.467187 0.582812 0.462500 0.579688 0.460938 0.571875 0.460938
1 0.589063 0.465625 0.585938 0.468750 0.582812 0.476562 0.581250 0.481250 0.585938 0.485938 0.592187 0.487500 0.596875 0.487500 0.603125 0.485938 0.607812 0.481250 0.609375 0.478125 0.609375 0.473438 0.607812 0.470313 0.606250 0.468750 0.604688 0.468750 0.601562 0.465625
1 0.551562 0.490625 0.553125 0.495312 0.564063 0.495312 0.567187 0.493750 0.567187 0.482812 0.557813 0.482812 0.554688 0.484375
1 0.601562 0.504687 0.600000 0.509375 0.601562 0.512500 0.603125 0.514062 0.609375 0.518750 0.620313 0.518750 0.625000 0.514062 0.626563 0.510938 0.626563 0.503125 0.623437 0.500000 0.612500 0.500000 0.607812 0.501563
1 0.621875 0.535937 0.618750 0.534375 0.612500 0.534375 0.603125 0.537500 0.600000 0.540625 0.598437 0.545312 0.598437 0.551562 0.601562 0.554688 0.604688 0.556250 0.620313 0.556250 0.623437 0.554688 0.625000 0.553125 0.626563 0.550000 0.626563 0.543750 0.623437 0.537500
1 0.579688 0.540625 0.579688 0.546875 0.582812 0.550000 0.593750 0.550000 0.596875 0.548438 0.598437 0.545312 0.598437 0.537500 0.595313 0.534375 0.587500 0.534375 0.582812 0.537500
1 0.554688 0.548438 0.554688 0.556250 0.553125 0.557813 0.553125 0.565625 0.556250 0.565625 0.557813 0.567187 0.567187 0.567187 0.570312 0.565625 0.575000 0.560937 0.575000 0.554688 0.573438 0.551562 0.570312 0.548438 0.567187 0.546875 0.557813 0.546875
1 0.537500 0.546875 0.535937 0.548438 0.534375 0.551562 0.535937 0.562500 0.542188 0.565625 0.553125 0.565625 0.554688 0.562500 0.553125 0.546875 0.550000 0.545312 0.540625 0.545312
1 0.507812 0.562500 0.507812 0.575000 0.515625 0.578125 0.521875 0.578125 0.528125 0.575000 0.528125 0.565625 0.523438 0.560937
1 0.501563 0.545312 0.501563 0.554688 0.503125 0.557813 0.504687 0.559375 0.507812 0.560937 0.510938 0.560937 0.520312 0.559375 0.523438 0.557813 0.525000 0.554688 0.525000 0.548438 0.523438 0.545312 0.520312 0.542188 0.504687 0.542188
1 0.507812 0.509375 0.504687 0.512500 0.503125 0.515625 0.503125 0.521875 0.504687 0.525000 0.507812 0.526563 0.518750 0.526563 0.521875 0.525000 0.525000 0.521875 0.526563 0.518750 0.526563 0.515625 0.525000 0.512500 0.521875 0.509375 0.517188 0.507812 0.512500 0.507812
1 0.137500 0.007812 0.137500 0.015625 0.139063 0.018750 0.142187 0.020313 0.146875 0.020313 0.153125 0.018750 0.157812 0.014063 0.157812 0.007812 0.154688 0.004687 0.150000 0.003125 0.143750 0.003125 0.140625 0.004687
1 0.098437 0.000000 0.098437 0.009375 0.100000 0.012500 0.110937 0.014063 0.114062 0.012500 0.118750 0.007812 0.117188 0.000000
1 0.028125 0.006250 0.029687 0.010937 0.031250 0.010937 0.034375 0.014063 0.040625 0.017188 0.048438 0.017188 0.051562 0.015625 0.054688 0.012500 0.054688 0.004687 0.050000 0.000000 0.035937 0.000000 0.031250 0.003125
1 0.000000 0.023438 0.000000 0.037500 0.003125 0.040625 0.009375 0.042188 0.015625 0.040625 0.018750 0.037500 0.018750 0.026562 0.015625 0.023438 0.009375 0.021875 0.003125 0.021875