0 0.857812 0.771875 0.842187 0.771875 0.839063 0.773438 0.835938 0.776563 0.832812 0.778125 0.823438 0.778125 0.820312 0.779687 0.814063 0.784375 0.812500 0.795312 0.814063 0.817187 0.815625 0.820312 0.821875 0.826562 0.828125 0.829688 0.837500 0.832812 0.840625 0.832812 0.843750 0.831250 0.846875 0.828125 0.850000 0.820312 0.853125 0.809375 0.854688 0.798438 0.857812 0.793750 0.859375 0.787500
0 0.867188 0.785937 0.864062 0.789062 0.862500 0.793750 0.860938 0.801562 0.859375 0.815625 0.857812 0.817187 0.857812 0.821875 0.859375 0.835938 0.860938 0.840625 0.865625 0.845313 0.873437 0.848437 0.879687 0.848437 0.884375 0.850000 0.889062 0.853125 0.895312 0.853125 0.901563 0.850000 0.906250 0.845313 0.910937 0.835938 0.910937 0.832812 0.909375 0.829688 0.901563 0.821875 0.903125 0.806250 0.903125 0.800000 0.901563 0.796875 0.895312 0.790625 0.890625 0.790625 0.889062 0.789062 0.885938 0.789062 0.879687 0.793750 0.875000 0.792188 0.870313 0.785937
0 0.909375 0.840625 0.907813 0.845313 0.909375 0.860938 0.906250 0.865625 0.907813 0.871875 0.912500 0.873437 0.928125 0.873437 0.934375 0.871875 0.939063 0.868750 0.954688 0.868750 0.957812 0.862500 0.960938 0.853125 0.960938 0.846875 0.959375 0.843750 0.954688 0.839063 0.948438 0.835938 0.931250 0.829688 0.921875 0.829688 0.915625 0.835938 0.914062 0.835938
0 0.990625 0.775000 0.987500 0.771875 0.967187 0.771875 0.957812 0.773438 0.951562 0.776563 0.945312 0.782813 0.940625 0.789062 0.939063 0.793750 0.939063 0.801562 0.943750 0.806250 0.945312 0.810937 0.959375 0.810937 0.965625 0.815625 0.970313 0.815625 0.973437 0.814063 0.975000 0.807813 0.979688 0.803125 0.982812 0.803125 0.987500 0.807813 0.990625 0.807813 0.993750 0.806250 0.993750 0.803125 0.992188 0.798438 0.989062 0.793750 0.989062 0.790625 0.992188 0.785937 0.992188 0.779687
0 0.790625 0.665625 0.792188 0.668750 0.795312 0.671875 0.798438 0.671875 0.801562 0.673438 0.803125 0.678125 0.804688 0.681250 0.810937 0.684375 0.817187 0.684375 0.825000 0.689063 0.829688 0.690625 0.834375 0.690625 0.839063 0.689063 0.845313 0.685937 0.850000 0.682813 0.854688 0.678125 0.856250 0.671875 0.856250 0.665625 0.851562 0.660937 0.845313 0.657813 0.834375 0.657813 0.826562 0.651563 0.804688 0.651563 0.801562 0.653125 0.792188 0.662500
0 0.748437 0.629687 0.743750 0.634375 0.743750 0.640625 0.746875 0.645312 0.746875 0.648438 0.745313 0.656250 0.746875 0.659375 0.751563 0.664062 0.756250 0.665625 0.757812 0.667188 0.759375 0.670312 0.759375 0.673438 0.760938 0.676562 0.767188 0.682813 0.771875 0.682813 0.776563 0.679688 0.779687 0.679688 0.785937 0.681250 0.787500 0.678125 0.787500 0.650000 0.785937 0.646875 0.781250 0.640625 0.767188 0.626563 0.764062 0.625000 0.760938 0.625000 0.756250 0.628125 0.751563 0.628125
0 0.756250 0.571875 0.753125 0.575000 0.751563 0.578125 0.753125 0.585938 0.753125 0.589063 0.751563 0.596875 0.753125 0.601562 0.756250 0.604688 0.757812 0.604688 0.762500 0.609375 0.764062 0.615625 0.770312 0.615625 0.775000 0.612500 0.782813 0.604688 0.785937 0.595313 0.785937 0.582812 0.784375 0.579688 0.779687 0.575000 0.776563 0.573438 0.771875 0.571875
0 0.837500 0.521875 0.832812 0.521875 0.825000 0.525000 0.814063 0.525000 0.810937 0.529687 0.809375 0.532813 0.809375 0.537500 0.807813 0.540625 0.806250 0.542188 0.801562 0.543750 0.796875 0.548438 0.795312 0.551562 0.793750 0.559375 0.795312 0.565625 0.801562 0.573438 0.801562 0.576562 0.803125 0.579688 0.807813 0.584375 0.810937 0.585938 0.815625 0.587500 0.820312 0.587500 0.825000 0.585938 0.832812 0.581250 0.845313 0.581250 0.848437 0.579688 0.853125 0.575000 0.854688 0.571875 0.856250 0.567187 0.856250 0.562500 0.859375 0.557813 0.860938 0.551562 0.860938 0.540625 0.859375 0.537500 0.857812 0.535937 0.853125 0.534375 0.840625 0.523438
0 0.840625 0.467187 0.837500 0.468750 0.832812 0.473438 0.826562 0.473438 0.820312 0.476562 0.815625 0.479687 0.812500 0.482812 0.809375 0.489063 0.807813 0.493750 0.807813 0.510938 0.809375 0.514062 0.812500 0.517188 0.815625 0.521875 0.839063 0.520312 0.845313 0.523438 0.846875 0.525000 0.851562 0.532813 0.854688 0.534375 0.857812 0.534375 0.860938 0.532813 0.864062 0.528125 0.865625 0.525000 0.867188 0.517188 0.875000 0.509375 0.876563 0.506250 0.876563 0.492188 0.870313 0.485938 0.867188 0.484375 0.859375 0.484375 0.856250 0.481250 0.854688 0.478125 0.854688 0.473438 0.853125 0.470313 0.848437 0.467187
0 0.887500 0.551562 0.882812 0.550000 0.879687 0.550000 0.878125 0.551562 0.873437 0.551562 0.867188 0.554688 0.865625 0.556250 0.862500 0.562500 0.862500 0.575000 0.864062 0.578125 0.870313 0.581250 0.879687 0.581250 0.882812 0.579688 0.893750 0.568750 0.893750 0.559375 0.892188 0.556250
0 0.948438 0.565625 0.942187 0.565625 0.928125 0.568750 0.923438 0.570312 0.920312 0.573438 0.917188 0.579688 0.909375 0.600000 0.909375 0.612500 0.912500 0.618750 0.915625 0.620313 0.920312 0.620313 0.928125 0.614062 0.931250 0.614062 0.934375 0.610938 0.937500 0.609375 0.940625 0.609375 0.943750 0.607812 0.945312 0.606250 0.948438 0.600000 0.948438 0.593750 0.951562 0.590625 0.953125 0.585938 0.953125 0.576562 0.950000 0.573438 0.948438 0.570312
0 0.889062 0.431250 0.882812 0.437500 0.878125 0.437500 0.875000 0.439063 0.862500 0.451562 0.860938 0.454688 0.860938 0.462500 0.864062 0.468750 0.868750 0.473438 0.868750 0.481250 0.875000 0.487500 0.878125 0.492188 0.878125 0.493750 0.885938 0.495312 0.887500 0.493750 0.892188 0.493750 0.893750 0.495312 0.898438 0.495312 0.901563 0.493750 0.904687 0.490625 0.906250 0.490625 0.907813 0.489063 0.909375 0.485938 0.909375 0.481250 0.910937 0.478125 0.915625 0.473438 0.917188 0.470313 0.918750 0.465625 0.918750 0.459375 0.915625 0.453125 0.910937 0.451562 0.907813 0.448437 0.907813 0.437500 0.903125 0.432812 0.900000 0.431250
0 0.681250 0.012500 0.685937 0.020313 0.690625 0.025000 0.701562 0.026562 0.704688 0.029687 0.707812 0.037500 0.715625 0.045312 0.718750 0.046875 0.723437 0.046875 0.725000 0.048438 0.728125 0.048438 0.729688 0.046875 0.734375 0.046875 0.739062 0.045312 0.742188 0.042188 0.743750 0.039062 0.743750 0.023438 0.740625 0.018750 0.739062 0.014063 0.740625 0.006250 0.743750 0.004687 0.746875 0.007812 0.751563 0.006250 0.756250 0.009375 0.764062 0.009375 0.767188 0.007812 0.767188 0.003125 0.764062 0.000000 0.703125 0.000000 0.690625 0.003125 0.687500 0.004687 0.684375 0.007812 0.682813 0.007812
0 0.739062 0.054688 0.740625 0.060937 0.740625 0.062500 0.734375 0.068750 0.732812 0.071875 0.732812 0.076563 0.735938 0.081250 0.739062 0.084375 0.742188 0.085938 0.750000 0.087500 0.753125 0.090625 0.756250 0.096875 0.760938 0.101562 0.767188 0.101562 0.771875 0.096875 0.778125 0.093750 0.787500 0.093750 0.787500 0.084375 0.784375 0.079687 0.776563 0.071875 0.770312 0.062500 0.770312 0.060937 0.768750 0.059375 0.762500 0.056250 0.757812 0.054688
0 0.860938 0.000000 0.843750 0.000000 0.840625 0.004687 0.837500 0.010937 0.832812 0.015625 0.829688 0.017188 0.821875 0.017188 0.817187 0.018750 0.814063 0.020313 0.809375 0.025000 0.807813 0.028125 0.807813 0.031250 0.810937 0.037500 0.809375 0.046875 0.810937 0.050000 0.814063 0.053125 0.825000 0.057813 0.826562 0.059375 0.828125 0.062500 0.828125 0.065625 0.832812 0.070312 0.837500 0.071875 0.842187 0.070312 0.850000 0.062500 0.853125 0.060937 0.856250 0.062500 0.868750 0.057813 0.873437 0.053125 0.875000 0.050000 0.875000 0.046875 0.881250 0.040625 0.882812 0.037500 0.884375 0.032813 0.884375 0.023438 0.876563 0.014063
0 0.823438 0.275000 0.820312 0.275000 0.814063 0.278125 0.809375 0.278125 0.804688 0.279687 0.800000 0.284375 0.798438 0.287500 0.796875 0.292187 0.796875 0.300000 0.790625 0.306250 0.787500 0.310937 0.785937 0.315625 0.785937 0.325000 0.787500 0.328125 0.789062 0.329688 0.795312 0.334375 0.796875 0.342187 0.800000 0.345313 0.810937 0.345313 0.815625 0.340625 0.820312 0.339062 0.826562 0.342187 0.832812 0.339062 0.834375 0.337500 0.834375 0.335938 0.837500 0.332813 0.839063 0.329688 0.839063 0.318750 0.835938 0.310937 0.835938 0.306250 0.837500 0.293750 0.834375 0.290625 0.834375 0.287500 0.832812 0.284375 0.829688 0.279687 0.826562 0.276562
0 0.814063 0.378125 0.810937 0.379688 0.807813 0.379688 0.803125 0.382812 0.793750 0.382812 0.785937 0.384375 0.782813 0.385937 0.773438 0.398438 0.768750 0.403125 0.765625 0.404687 0.757812 0.406250 0.753125 0.410938 0.751563 0.415625 0.754687 0.418750 0.748437 0.425000 0.748437 0.431250 0.750000 0.434375 0.759375 0.434375 0.762500 0.432812 0.764062 0.431250 0.768750 0.425000 0.779687 0.420312 0.789062 0.412500 0.800000 0.401562 0.804688 0.400000 0.820312 0.398438 0.818750 0.392188 0.814063 0.389062 0.814063 0.384375 0.815625 0.382812
0 0.707812 0.360938 0.706250 0.370312 0.706250 0.379688 0.710938 0.384375 0.715625 0.385937 0.721875 0.385937 0.725000 0.389062 0.728125 0.390625 0.734375 0.390625 0.740625 0.389062 0.743750 0.387500 0.748437 0.382812 0.750000 0.379688 0.750000 0.371875 0.751563 0.364063 0.751563 0.360938 0.748437 0.356250 0.745313 0.354687 0.740625 0.353125 0.734375 0.351562 0.721875 0.351562 0.712500 0.356250
0 0.707812 0.232813 0.693750 0.248438 0.693750 0.254688 0.687500 0.260937 0.687500 0.276562 0.689063 0.287500 0.690625 0.290625 0.693750 0.293750 0.696875 0.293750 0.701562 0.298438 0.703125 0.303125 0.710938 0.304688 0.717187 0.309375 0.720313 0.310937 0.725000 0.310937 0.734375 0.307812 0.737500 0.306250 0.753125 0.290625 0.756250 0.284375 0.757812 0.276562 0.757812 0.268750 0.756250 0.262500 0.748437 0.242188 0.742188 0.235937 0.739062 0.234375 0.731250 0.234375 0.723437 0.231250
0 0.625000 0.164062 0.621875 0.167187 0.621875 0.170313 0.615625 0.178125 0.614062 0.182812 0.612500 0.195312 0.612500 0.200000 0.614062 0.203125 0.620313 0.212500 0.626563 0.218750 0.631250 0.220312 0.645312 0.220312 0.651563 0.221875 0.653125 0.223438 0.656250 0.223438 0.660937 0.221875 0.667188 0.215625 0.676562 0.201563 0.681250 0.195312 0.681250 0.178125 0.676562 0.173437 0.667188 0.165625 0.656250 0.164062 0.640625 0.165625
0 0.537500 0.120313 0.532813 0.121875 0.528125 0.126562 0.526563 0.131250 0.526563 0.135937 0.528125 0.137500 0.528125 0.143750 0.525000 0.146875 0.515625 0.146875 0.512500 0.151562 0.518750 0.151562 0.520312 0.153125 0.523438 0.154688 0.520312 0.157812 0.518750 0.157812 0.517188 0.160938 0.521875 0.165625 0.521875 0.170313 0.520312 0.179688 0.523438 0.185938 0.526563 0.189062 0.529687 0.190625 0.540625 0.190625 0.542188 0.189062 0.556250 0.190625 0.562500 0.187500 0.567187 0.184375 0.573438 0.178125 0.579688 0.170313 0.581250 0.165625 0.579688 0.159375 0.579688 0.156250 0.584375 0.150000 0.584375 0.140625 0.582812 0.137500 0.578125 0.134375 0.571875 0.132812 0.564063 0.132812 0.560937 0.131250 0.557813 0.128125 0.556250 0.123438 0.553125 0.120313
0 0.467187 0.167187 0.464062 0.170313 0.460938 0.184375 0.459375 0.200000 0.459375 0.204687 0.460938 0.207813 0.464062 0.210938 0.473438 0.212500 0.476562 0.214062 0.482812 0.220312 0.485938 0.221875 0.492188 0.221875 0.496875 0.220312 0.501563 0.215625 0.503125 0.212500 0.503125 0.207813 0.501563 0.206250 0.503125 0.201563 0.507812 0.200000 0.512500 0.195312 0.514062 0.192188 0.514062 0.179688 0.512500 0.176563 0.507812 0.171875 0.498437 0.167187 0.489063 0.164062 0.482812 0.164062 0.481250 0.165625 0.473438 0.165625
0 0.446875 0.114062 0.442188 0.114062 0.437500 0.115625 0.434375 0.117188 0.432812 0.118750 0.431250 0.121875 0.431250 0.126562 0.429688 0.129688 0.426563 0.132812 0.410938 0.132812 0.406250 0.137500 0.403125 0.160938 0.407813 0.165625 0.410938 0.171875 0.410938 0.176563 0.415625 0.181250 0.420312 0.182812 0.426563 0.182812 0.429688 0.181250 0.432812 0.178125 0.434375 0.171875 0.435937 0.176563 0.439063 0.179688 0.442188 0.181250 0.450000 0.181250 0.456250 0.178125 0.460938 0.173437 0.464062 0.168750 0.465625 0.164062 0.465625 0.154688 0.468750 0.151562 0.471875 0.151562 0.475000 0.150000 0.476562 0.145313 0.475000 0.139063 0.473438 0.135937 0.470313 0.132812 0.462500 0.131250 0.457813 0.126562 0.456250 0.121875 0.450000 0.115625
0 0.435937 0.070312 0.425000 0.070312 0.414062 0.075000 0.403125 0.071875 0.392188 0.073438 0.395313 0.075000 0.390625 0.078125 0.389062 0.085938 0.389062 0.092188 0.387500 0.096875 0.385937 0.100000 0.387500 0.121875 0.389062 0.125000 0.392188 0.129688 0.395313 0.131250 0.418750 0.131250 0.425000 0.129688 0.428125 0.126562 0.431250 0.120313 0.431250 0.115625 0.434375 0.107813 0.442188 0.106250 0.448437 0.103125 0.451562 0.098437 0.451562 0.090625 0.450000 0.087500 0.448437 0.085938 0.446875 0.085938 0.443750 0.082812 0.437500 0.081250 0.435937 0.078125
0 0.400000 0.070312 0.390625 0.070312 0.384375 0.073438 0.378125 0.073438 0.375000 0.075000 0.368750 0.079687 0.364063 0.084375 0.364063 0.095312 0.360938 0.100000 0.360938 0.104688 0.359375 0.107813 0.356250 0.110937 0.354687 0.114062 0.354687 0.118750 0.359375 0.121875 0.360938 0.128125 0.359375 0.131250 0.354687 0.135937 0.354687 0.143750 0.357812 0.150000 0.356250 0.157812 0.364063 0.157812 0.368750 0.154688 0.373437 0.156250 0.375000 0.164062 0.381250 0.164062 0.384375 0.157812 0.385937 0.153125 0.385937 0.145313 0.382812 0.135937 0.382812 0.125000 0.384375 0.120313 0.389062 0.112500 0.387500 0.101562 0.387500 0.096875 0.390625 0.085938 0.393750 0.081250 0.401562 0.075000
0 0.339062 0.178125 0.334375 0.182812 0.331250 0.184375 0.325000 0.184375 0.321875 0.187500 0.321875 0.212500 0.323437 0.221875 0.335938 0.234375 0.337500 0.239063 0.346875 0.243750 0.354687 0.242188 0.357812 0.240625 0.359375 0.237500 0.359375 0.226562 0.362500 0.220312 0.376563 0.220312 0.379688 0.218750 0.382812 0.215625 0.384375 0.215625 0.385937 0.214062 0.387500 0.210938 0.387500 0.204687 0.384375 0.200000 0.381250 0.198437 0.376563 0.196875 0.373437 0.196875 0.364063 0.200000 0.359375 0.196875 0.354687 0.192188 0.353125 0.189062 0.353125 0.185938 0.350000 0.182812 0.350000 0.181250 0.348438 0.179688 0.345313 0.178125
0 0.414062 0.200000 0.410938 0.201563 0.407813 0.204687 0.406250 0.207813 0.406250 0.212500 0.403125 0.215625 0.398438 0.215625 0.395313 0.218750 0.395313 0.231250 0.398438 0.245312 0.401562 0.246875 0.407813 0.246875 0.410938 0.250000 0.410938 0.251563 0.414062 0.254688 0.418750 0.256250 0.423438 0.256250 0.431250 0.264062 0.435937 0.264062 0.439063 0.262500 0.443750 0.257812 0.445312 0.253125 0.446875 0.251563 0.450000 0.250000 0.454688 0.250000 0.457813 0.248438 0.460938 0.243750 0.460938 0.235937 0.451562 0.228125 0.457813 0.217188 0.457813 0.214062 0.456250 0.210938 0.454688 0.209375 0.451562 0.207813 0.446875 0.206250 0.434375 0.206250 0.428125 0.201563 0.425000 0.200000
0 0.575000 0.206250 0.571875 0.207813 0.567187 0.212500 0.559375 0.212500 0.554688 0.215625 0.553125 0.218750 0.551562 0.229687 0.550000 0.234375 0.543750 0.246875 0.543750 0.257812 0.545312 0.260937 0.546875 0.262500 0.548438 0.262500 0.551562 0.265625 0.554688 0.270313 0.554688 0.271875 0.557813 0.276562 0.560937 0.279687 0.578125 0.279687 0.582812 0.282813 0.585938 0.282813 0.587500 0.281250 0.592187 0.281250 0.596875 0.276562 0.600000 0.267188 0.600000 0.257812 0.601562 0.254688 0.606250 0.250000 0.607812 0.245312 0.607812 0.235937 0.604688 0.229687 0.601562 0.226562 0.598437 0.225000 0.592187 0.225000 0.589063 0.221875 0.587500 0.217188 0.587500 0.212500 0.585938 0.209375 0.582812 0.206250
0 0.600000 0.284375 0.596875 0.282813 0.571875 0.281250 0.568750 0.282813 0.567187 0.284375 0.567187 0.285938 0.564063 0.289062 0.556250 0.292187 0.553125 0.295312 0.550000 0.300000 0.548438 0.303125 0.548438 0.306250 0.550000 0.307812 0.550000 0.312500 0.551562 0.320312 0.551562 0.323437 0.548438 0.328125 0.546875 0.332813 0.546875 0.348438 0.550000 0.350000 0.553125 0.350000 0.557813 0.353125 0.573438 0.353125 0.585938 0.351562 0.590625 0.350000 0.596875 0.343750 0.598437 0.339062 0.601562 0.334375 0.607812 0.328125 0.612500 0.328125 0.615625 0.326562 0.615625 0.315625 0.614062 0.306250 0.612500 0.301563 0.610938 0.298438
0 0.529687 0.343750 0.523438 0.350000 0.521875 0.354687 0.512500 0.362500 0.510938 0.365625 0.510938 0.371875 0.512500 0.376563 0.520312 0.384375 0.521875 0.387500 0.521875 0.404687 0.523438 0.407813 0.529687 0.414062 0.535937 0.414062 0.540625 0.410938 0.551562 0.410938 0.553125 0.407813 0.553125 0.396875 0.554688 0.392188 0.557813 0.387500 0.559375 0.382812 0.559375 0.360938 0.557813 0.357812 0.554688 0.354687 0.548438 0.353125 0.545312 0.351562 0.539062 0.345313 0.534375 0.343750
0 0.557813 0.389062 0.554688 0.392188 0.553125 0.398438 0.553125 0.409375 0.559375 0.415625 0.559375 0.423438 0.560937 0.426563 0.565625 0.431250 0.568750 0.432812 0.581250 0.431250 0.584375 0.431250 0.590625 0.434375 0.593750 0.434375 0.598437 0.432812 0.604688 0.426563 0.606250 0.423438 0.606250 0.412500 0.604688 0.409375 0.590625 0.393750 0.590625 0.392188 0.585938 0.387500 0.576562 0.384375 0.567187 0.384375 0.560937 0.389062
0 0.614062 0.339062 0.610938 0.340625 0.606250 0.345313 0.604688 0.348438 0.604688 0.362500 0.598437 0.368750 0.595313 0.375000 0.595313 0.381250 0.596875 0.387500 0.601562 0.396875 0.606250 0.400000 0.612500 0.401562 0.618750 0.406250 0.626563 0.407813 0.634375 0.406250 0.637500 0.404687 0.645312 0.396875 0.651563 0.396875 0.654687 0.395313 0.657813 0.392188 0.659375 0.392188 0.660937 0.390625 0.662500 0.387500 0.662500 0.381250 0.659375 0.373437 0.659375 0.365625 0.656250 0.359375 0.656250 0.350000 0.654687 0.346875 0.650000 0.342187 0.640625 0.339062 0.635938 0.339062 0.626563 0.340625
0 0.559375 0.445312 0.557813 0.448437 0.557813 0.462500 0.564063 0.471875 0.573438 0.479687 0.571875 0.487500 0.575000 0.485938 0.578125 0.487500 0.579688 0.489063 0.582812 0.495312 0.585938 0.493750 0.589063 0.490625 0.592187 0.489063 0.596875 0.489063 0.601562 0.492188 0.606250 0.493750 0.614062 0.493750 0.621875 0.495312 0.625000 0.498437 0.632812 0.500000 0.635938 0.500000 0.640625 0.498437 0.648438 0.493750 0.651563 0.490625 0.651563 0.478125 0.648438 0.468750 0.645312 0.465625 0.642188 0.464062 0.634375 0.462500 0.634375 0.453125 0.629687 0.442188 0.631250 0.434375 0.629687 0.431250 0.615625 0.431250 0.609375 0.428125 0.604688 0.428125 0.601562 0.429688 0.598437 0.432812 0.593750 0.432812 0.592187 0.431250 0.587500 0.431250 0.579688 0.435937 0.571875 0.435937 0.568750 0.437500 0.564063 0.442188 0.562500 0.442188
0 0.659375 0.276562 0.650000 0.276562 0.646875 0.278125 0.640625 0.284375 0.639062 0.292187 0.634375 0.296875 0.629687 0.298438 0.625000 0.301563 0.623437 0.304688 0.623437 0.310937 0.625000 0.315625 0.625000 0.323437 0.628125 0.329688 0.631250 0.332813 0.639062 0.334375 0.642188 0.337500 0.650000 0.339062 0.653125 0.340625 0.659375 0.334375 0.664062 0.332813 0.676562 0.332813 0.681250 0.328125 0.682813 0.328125 0.685937 0.325000 0.687500 0.318750 0.689063 0.307812 0.689063 0.295312 0.685937 0.292187 0.681250 0.290625 0.678125 0.290625 0.676562 0.292187 0.673438 0.292187 0.668750 0.287500 0.668750 0.284375 0.662500 0.278125
0 0.696875 0.329688 0.693750 0.328125 0.689063 0.326562 0.685937 0.326562 0.679688 0.329688 0.676562 0.332813 0.673438 0.334375 0.662500 0.334375 0.659375 0.335938 0.654687 0.340625 0.654687 0.343750 0.659375 0.353125 0.660937 0.360938 0.670312 0.364063 0.671875 0.375000 0.679688 0.375000 0.684375 0.373437 0.689063 0.370312 0.696875 0.370312 0.700000 0.367188 0.701562 0.367188 0.703125 0.365625 0.704688 0.362500 0.706250 0.357812 0.707812 0.350000 0.707812 0.342187 0.704688 0.335938 0.701562 0.332813
0 0.656250 0.395313 0.656250 0.400000 0.659375 0.404687 0.667188 0.412500 0.670312 0.414062 0.682813 0.414062 0.689063 0.417187 0.696875 0.415625 0.696875 0.410938 0.700000 0.407813 0.706250 0.406250 0.706250 0.403125 0.700000 0.401562 0.695312 0.396875 0.695312 0.395313 0.692187 0.392188 0.684375 0.392188 0.676562 0.387500 0.667188 0.387500 0.664062 0.389062
0 0.684375 0.440625 0.681250 0.437500 0.679688 0.437500 0.676562 0.434375 0.676562 0.431250 0.662500 0.431250 0.659375 0.432812 0.656250 0.435937 0.653125 0.435937 0.650000 0.437500 0.646875 0.440625 0.645312 0.443750 0.643750 0.450000 0.645312 0.454688 0.648438 0.457813 0.651563 0.459375 0.656250 0.459375 0.664062 0.454688 0.671875 0.453125 0.679688 0.453125 0.682813 0.450000 0.684375 0.446875
0 0.410938 0.293750 0.407813 0.298438 0.406250 0.301563 0.406250 0.318750 0.409375 0.323437 0.409375 0.328125 0.410938 0.331250 0.417187 0.334375 0.426563 0.334375 0.431250 0.332813 0.437500 0.329688 0.443750 0.323437 0.445312 0.320312 0.445312 0.307812 0.442188 0.301563 0.434375 0.293750 0.431250 0.292187 0.414062 0.292187
0 0.384375 0.296875 0.381250 0.298438 0.379688 0.300000 0.379688 0.301563 0.376563 0.304688 0.370312 0.306250 0.364063 0.306250 0.359375 0.309375 0.357812 0.312500 0.356250 0.318750 0.356250 0.326562 0.359375 0.332813 0.364063 0.337500 0.360938 0.340625 0.360938 0.346875 0.364063 0.350000 0.368750 0.351562 0.373437 0.351562 0.378125 0.353125 0.387500 0.364063 0.390625 0.365625 0.393750 0.365625 0.398438 0.364063 0.401562 0.362500 0.404687 0.359375 0.409375 0.350000 0.410938 0.342187 0.410938 0.332813 0.407813 0.321875 0.406250 0.318750 0.401562 0.314063 0.400000 0.309375 0.396875 0.304688 0.392188 0.298438
0 0.356250 0.353125 0.354687 0.356250 0.354687 0.364063 0.360938 0.379688 0.362500 0.385937 0.362500 0.398438 0.364063 0.401562 0.368750 0.406250 0.373437 0.407813 0.378125 0.407813 0.379688 0.409375 0.382812 0.409375 0.385937 0.407813 0.389062 0.401562 0.390625 0.384375 0.390625 0.373437 0.389062 0.367188 0.385937 0.362500 0.381250 0.357812 0.378125 0.357812 0.373437 0.353125 0.368750 0.351562
0 0.464062 0.332813 0.460938 0.335938 0.457813 0.342187 0.454688 0.345313 0.451562 0.346875 0.448437 0.346875 0.445312 0.348438 0.443750 0.353125 0.446875 0.362500 0.445312 0.376563 0.450000 0.384375 0.457813 0.385937 0.464062 0.389062 0.470313 0.389062 0.478125 0.393750 0.482812 0.395313 0.487500 0.393750 0.489063 0.390625 0.490625 0.385937 0.495312 0.381250 0.496875 0.378125 0.498437 0.373437 0.498437 0.360938 0.495312 0.354687 0.495312 0.342187 0.492188 0.335938 0.487500 0.332813
0 0.423438 0.403125 0.423438 0.412500 0.426563 0.418750 0.434375 0.421875 0.437500 0.425000 0.439063 0.431250 0.439063 0.439063 0.443750 0.443750 0.465625 0.446875 0.475000 0.443750 0.478125 0.440625 0.490625 0.439063 0.496875 0.435937 0.498437 0.415625 0.498437 0.407813 0.496875 0.404687 0.490625 0.398438 0.485938 0.395313 0.479687 0.393750 0.476562 0.390625 0.473438 0.389062 0.468750 0.389062 0.464062 0.385937 0.450000 0.385937 0.445312 0.389062 0.440625 0.393750 0.434375 0.396875 0.431250 0.396875 0.428125 0.398438
0 0.481250 0.442188 0.478125 0.450000 0.478125 0.453125 0.479687 0.456250 0.484375 0.464062 0.489063 0.468750 0.495312 0.471875 0.506250 0.476562 0.510938 0.481250 0.514062 0.482812 0.528125 0.482812 0.531250 0.481250 0.535937 0.478125 0.539062 0.475000 0.539062 0.471875 0.532813 0.459375 0.529687 0.456250 0.520312 0.450000 0.510938 0.446875 0.507812 0.442188 0.501563 0.437500 0.495312 0.437500 0.490625 0.440625 0.485938 0.440625
1 0.437500 0.378125 0.426563 0.378125 0.421875 0.382812 0.420312 0.385937 0.420312 0.392188 0.421875 0.395313 0.431250 0.396875 0.434375 0.395313 0.440625 0.389062 0.440625 0.381250
0 0.082812 0.206250 0.079687 0.206250 0.075000 0.209375 0.070312 0.209375 0.068750 0.207813 0.065625 0.207813 0.057813 0.209375 0.053125 0.210938 0.046875 0.214062 0.045312 0.215625 0.045312 0.217188 0.042188 0.220312 0.040625 0.223438 0.042188 0.235937 0.039062 0.239063 0.035937 0.239063 0.032813 0.242188 0.032813 0.248438 0.035937 0.254688 0.039062 0.256250 0.042188 0.256250 0.048438 0.262500 0.053125 0.264062 0.056250 0.267188 0.057813 0.271875 0.060937 0.275000 0.068750 0.276562 0.071875 0.278125 0.082812 0.271875 0.087500 0.270313 0.087500 0.265625 0.090625 0.262500 0.095312 0.262500 0.101562 0.259375 0.107813 0.254688 0.109375 0.251563 0.110937 0.245312 0.117188 0.239063 0.107813 0.235937 0.101562 0.234375 0.095312 0.234375 0.092188 0.231250 0.092188 0.214062 0.090625 0.210938 0.087500 0.207813
0 0.085938 0.275000 0.081250 0.278125 0.081250 0.284375 0.075000 0.290625 0.068750 0.285938 0.060937 0.285938 0.051562 0.289062 0.046875 0.293750 0.042188 0.300000 0.040625 0.303125 0.040625 0.306250 0.039062 0.309375 0.034375 0.314063 0.032813 0.317188 0.032813 0.320312 0.034375 0.332813 0.039062 0.340625 0.039062 0.345313 0.040625 0.348438 0.045312 0.354687 0.046875 0.360938 0.050000 0.364063 0.053125 0.364063 0.057813 0.360938 0.062500 0.356250 0.084375 0.356250 0.089063 0.357812 0.093750 0.362500 0.093750 0.365625 0.095312 0.368750 0.100000 0.373437 0.104688 0.373437 0.104688 0.368750 0.106250 0.367188 0.106250 0.351562 0.109375 0.343750 0.109375 0.321875 0.107813 0.315625 0.101562 0.304688 0.101562 0.290625 0.093750 0.282813 0.090625 0.275000
0 0.000000 0.328125 0.000000 0.387500 0.006250 0.390625 0.012500 0.392188 0.017188 0.392188 0.018750 0.390625 0.025000 0.390625 0.029687 0.389062 0.035937 0.385937 0.046875 0.379688 0.050000 0.376563 0.050000 0.373437 0.048438 0.371875 0.048438 0.367188 0.045312 0.357812 0.039062 0.343750 0.034375 0.334375 0.023438 0.332813 0.020313 0.331250 0.017188 0.328125 0.012500 0.326562 0.003125 0.326562
0 0.032813 0.395313 0.032813 0.398438 0.037500 0.403125 0.042188 0.404687 0.043750 0.406250 0.045312 0.410938 0.054688 0.421875 0.057813 0.431250 0.060937 0.434375 0.073438 0.434375 0.084375 0.429688 0.087500 0.428125 0.092188 0.425000 0.093750 0.418750 0.092188 0.410938 0.087500 0.406250 0.079687 0.401562 0.071875 0.403125 0.065625 0.401562 0.060937 0.400000 0.053125 0.395313
0 0.192188 0.303125 0.187500 0.303125 0.181250 0.306250 0.176563 0.309375 0.170313 0.315625 0.168750 0.320312 0.162500 0.326562 0.160938 0.331250 0.157812 0.335938 0.150000 0.343750 0.145313 0.350000 0.145313 0.365625 0.168750 0.365625 0.171875 0.362500 0.176563 0.351562 0.178125 0.346875 0.179688 0.337500 0.185938 0.331250 0.192188 0.328125 0.195312 0.325000 0.195312 0.321875 0.193750 0.318750 0.189062 0.318750 0.185938 0.314063 0.192188 0.307812
0 0.076563 0.393750 0.079687 0.401562 0.084375 0.401562 0.085938 0.403125 0.089063 0.403125 0.090625 0.401562 0.096875 0.403125 0.096875 0.410938 0.098437 0.414062 0.101562 0.417187 0.109375 0.417187 0.118750 0.414062 0.150000 0.410938 0.150000 0.406250 0.145313 0.396875 0.132812 0.384375 0.126562 0.381250 0.118750 0.379688 0.098437 0.379688 0.092188 0.381250 0.087500 0.382812 0.084375 0.384375 0.081250 0.387500 0.079687 0.387500 0.078125 0.389062 0.078125 0.390625
0 0.168750 0.442188 0.167187 0.423438 0.165625 0.423438 0.157812 0.417187 0.146875 0.410938 0.135937 0.410938 0.120313 0.412500 0.114062 0.414062 0.104688 0.417187 0.101562 0.418750 0.092188 0.425000 0.085938 0.431250 0.087500 0.434375 0.093750 0.442188 0.098437 0.443750 0.109375 0.448437 0.112500 0.451562 0.115625 0.453125 0.132812 0.453125 0.145313 0.451562 0.151562 0.450000 0.165625 0.445312
0 0.189062 0.510938 0.182812 0.510938 0.178125 0.514062 0.168750 0.521875 0.165625 0.518750 0.154688 0.518750 0.151562 0.520312 0.140625 0.531250 0.135937 0.539062 0.134375 0.543750 0.134375 0.550000 0.137500 0.564063 0.145313 0.564063 0.151562 0.562500 0.157812 0.559375 0.165625 0.553125 0.181250 0.537500 0.182812 0.534375 0.182812 0.525000 0.184375 0.521875 0.187500 0.518750 0.189062 0.514062
0 0.128125 0.540625 0.120313 0.542188 0.117188 0.542188 0.114062 0.539062 0.112500 0.531250 0.107813 0.531250 0.104688 0.534375 0.098437 0.542188 0.093750 0.543750 0.090625 0.546875 0.089063 0.550000 0.089063 0.556250 0.085938 0.559375 0.078125 0.560937 0.071875 0.567187 0.071875 0.573438 0.073438 0.576562 0.079687 0.584375 0.084375 0.585938 0.092188 0.581250 0.101562 0.579688 0.114062 0.573438 0.118750 0.568750 0.126562 0.556250 0.128125 0.553125
0 0.101562 0.581250 0.093750 0.581250 0.090625 0.582812 0.089063 0.584375 0.087500 0.587500 0.085938 0.593750 0.082812 0.596875 0.075000 0.600000 0.070312 0.604688 0.068750 0.609375 0.068750 0.620313 0.071875 0.625000 0.071875 0.642188 0.073438 0.645312 0.078125 0.650000 0.085938 0.650000 0.089063 0.646875 0.090625 0.646875 0.092188 0.645312 0.092188 0.643750 0.095312 0.640625 0.103125 0.640625 0.104688 0.642188 0.107813 0.646875 0.107813 0.637500 0.112500 0.632812 0.114062 0.629687 0.114062 0.623437 0.112500 0.621875 0.112500 0.615625 0.115625 0.609375 0.115625 0.593750 0.114062 0.590625 0.109375 0.589063
0 0.136187 0.604688 0.129937 0.610938 0.129937 0.612500 0.125250 0.617188 0.119000 0.617188 0.117438 0.620313 0.117438 0.623437 0.119000 0.626563 0.117438 0.629687 0.114312 0.634375 0.108062 0.639062 0.106500 0.643750 0.108062 0.648438 0.109625 0.651563 0.112750 0.654687 0.119000 0.657813 0.125250 0.657813 0.129937 0.662500 0.133063 0.664062 0.142437 0.664062 0.145562 0.662500 0.154938 0.653125 0.156500 0.650000 0.156500 0.646875 0.158062 0.643750 0.161187 0.640625 0.162750 0.640625 0.165875 0.637500 0.165875 0.634375 0.161187 0.629687 0.161187 0.623437 0.162750 0.618750 0.164313 0.615625 0.162750 0.612500 0.158062 0.609375 0.154938 0.607812 0.150250 0.606250 0.142437 0.604688
0 0.045312 0.679688 0.045312 0.685937 0.046875 0.687500 0.046875 0.693750 0.043750 0.698438 0.042188 0.704688 0.043750 0.707812 0.051562 0.710938 0.064062 0.723437 0.070312 0.726562 0.075000 0.728125 0.084375 0.726562 0.087500 0.726562 0.092188 0.729688 0.098437 0.729688 0.101562 0.728125 0.103125 0.726562 0.106250 0.720313 0.106250 0.714063 0.100000 0.693750 0.098437 0.690625 0.095312 0.687500 0.089063 0.684375 0.085938 0.681250 0.081250 0.675000 0.075000 0.670312 0.071875 0.668750 0.057813 0.668750 0.051562 0.675000 0.050000 0.675000
0 0.028125 0.707812 0.023438 0.712500 0.021875 0.715625 0.021875 0.718750 0.023438 0.721875 0.028125 0.728125 0.028125 0.732812 0.026562 0.740625 0.028125 0.743750 0.034375 0.750000 0.042188 0.750000 0.045312 0.751563 0.050000 0.756250 0.054688 0.757812 0.057813 0.760938 0.059375 0.765625 0.064062 0.765625 0.068750 0.762500 0.073438 0.764062 0.071875 0.734375 0.070312 0.729688 0.068750 0.726562 0.065625 0.721875 0.060937 0.717187 0.054688 0.712500 0.051562 0.710938 0.043750 0.707812
0 0.145313 0.718750 0.145313 0.725000 0.150000 0.729688 0.150000 0.732812 0.148438 0.735938 0.145313 0.739062 0.143750 0.743750 0.143750 0.748437 0.145313 0.753125 0.148438 0.756250 0.153125 0.756250 0.164062 0.762500 0.171875 0.762500 0.176563 0.767188 0.185938 0.767188 0.190625 0.768750 0.193750 0.770312 0.204687 0.760938 0.210938 0.754687 0.214062 0.745313 0.215625 0.737500 0.215625 0.729688 0.209375 0.721875 0.206250 0.718750 0.203125 0.717187 0.196875 0.717187 0.190625 0.721875 0.187500 0.721875 0.176563 0.718750 0.170313 0.714063 0.167187 0.712500 0.153125 0.712500 0.150000 0.714063
0 0.128125 0.760938 0.126562 0.764062 0.126562 0.770312 0.131250 0.776563 0.132812 0.779687 0.134375 0.784375 0.135937 0.790625 0.146875 0.789062 0.151562 0.792188 0.156250 0.792188 0.164062 0.796875 0.167187 0.796875 0.170313 0.793750 0.171875 0.790625 0.173437 0.785937 0.173437 0.779687 0.176563 0.775000 0.167187 0.765625 0.162500 0.764062 0.156250 0.762500 0.145313 0.762500 0.139063 0.759375 0.131250 0.759375
0 0.260937 0.729688 0.256250 0.728125 0.242188 0.729688 0.235937 0.728125 0.221875 0.729688 0.217188 0.734375 0.215625 0.737500 0.215625 0.743750 0.212500 0.753125 0.210938 0.756250 0.204687 0.762500 0.203125 0.762500 0.198437 0.767188 0.195312 0.771875 0.193750 0.778125 0.196875 0.781250 0.201563 0.781250 0.203125 0.779687 0.207813 0.779687 0.210938 0.782813 0.210938 0.787500 0.215625 0.792188 0.220312 0.792188 0.223438 0.790625 0.228125 0.781250 0.240625 0.768750 0.245312 0.767188 0.250000 0.767188 0.253125 0.765625 0.259375 0.760938 0.260937 0.756250 0.265625 0.748437 0.265625 0.743750 0.262500 0.740625
0 0.107813 0.748437 0.103125 0.753125 0.100000 0.757812 0.101562 0.770312 0.101562 0.773438 0.100000 0.778125 0.096875 0.785937 0.096875 0.790625 0.100000 0.796875 0.103125 0.798438 0.121875 0.800000 0.128125 0.798438 0.131250 0.796875 0.132812 0.793750 0.132812 0.779687 0.131250 0.775000 0.128125 0.773438 0.126562 0.771875 0.125000 0.768750 0.125000 0.765625 0.128125 0.762500 0.128125 0.759375 0.126562 0.756250 0.118750 0.748437
0 0.700000 0.878125 0.696875 0.876563 0.689063 0.878125 0.681250 0.881250 0.673438 0.879687 0.668750 0.879687 0.665625 0.881250 0.657813 0.889062 0.653125 0.900000 0.648438 0.904687 0.646875 0.907813 0.645312 0.912500 0.645312 0.920312 0.656250 0.942187 0.660937 0.946875 0.670312 0.946875 0.675000 0.942187 0.675000 0.940625 0.679688 0.935937 0.692187 0.935937 0.695312 0.934375 0.700000 0.929688 0.701562 0.921875 0.700000 0.912500 0.695312 0.906250 0.695312 0.903125 0.700000 0.892188 0.701562 0.884375 0.701562 0.881250
0 0.537500 0.943750 0.532813 0.948438 0.531250 0.951562 0.531250 0.959375 0.535937 0.965625 0.535937 0.968750 0.532813 0.975000 0.532813 0.984375 0.534375 0.987500 0.540625 0.993750 0.545312 0.995313 0.550000 0.998437 0.584375 0.996875 0.585938 0.992188 0.585938 0.989062 0.584375 0.981250 0.581250 0.976562 0.581250 0.965625 0.578125 0.959375 0.571875 0.950000 0.567187 0.946875 0.562500 0.946875 0.554688 0.942187 0.540625 0.942187
0 0.682813 0.987500 0.676562 0.981250 0.668750 0.975000 0.660937 0.973437 0.640625 0.973437 0.628125 0.976562 0.623437 0.978125 0.612500 0.984375 0.603125 0.984375 0.598437 0.985938 0.590625 0.993750 0.592187 0.998437 0.679688 0.998437 0.682813 0.995313
0 0.006250 0.204687 0.000000 0.204687 0.000000 0.270313 0.003125 0.270313 0.007812 0.268750 0.010937 0.267188 0.014063 0.264062 0.015625 0.260937 0.015625 0.248438 0.017188 0.243750 0.020313 0.240625 0.021875 0.235937 0.021875 0.226562 0.018750 0.220312 0.015625 0.217188 0.012500 0.217188 0.007812 0.212500 0.007812 0.207813
0 0.145313 0.326562 0.139063 0.323437 0.135937 0.323437 0.131250 0.320312 0.128125 0.321875 0.125000 0.321875 0.120313 0.325000 0.114062 0.331250 0.112500 0.335938 0.112500 0.342187 0.107813 0.346875 0.106250 0.350000 0.106250 0.365625 0.109375 0.373437 0.134375 0.371875 0.134375 0.370312 0.137500 0.367188 0.139063 0.364063 0.139063 0.357812 0.140625 0.356250 0.140625 0.351562 0.139063 0.350000 0.140625 0.342187 0.142187 0.342187 0.145313 0.339062 0.146875 0.329688 0.146875 0.328125
0 0.485938 0.118750 0.479687 0.125000 0.479687 0.134375 0.484375 0.139063 0.487500 0.140625 0.495312 0.140625 0.500000 0.139063 0.503125 0.135937 0.504687 0.132812 0.504687 0.125000 0.500000 0.120313 0.495312 0.118750
1 0.798438 0.000000 0.796875 0.003125 0.796875 0.010937 0.800000 0.017188 0.801562 0.018750 0.807813 0.021875 0.812500 0.021875 0.820312 0.017188 0.821875 0.015625 0.823438 0.012500 0.823438 0.004687 0.821875 0.003125 0.821875 0.000000