0 0.195312 0.015625 0.193750 0.020313 0.195312 0.025000 0.196875 0.028125 0.200000 0.029687 0.206250 0.031250 0.210938 0.035937 0.203125 0.043750 0.200000 0.050000 0.203125 0.056250 0.206250 0.059375 0.212500 0.062500 0.220312 0.065625 0.223438 0.065625 0.226562 0.064062 0.229687 0.060937 0.232813 0.059375 0.243750 0.059375 0.250000 0.056250 0.251563 0.054688 0.256250 0.048438 0.257812 0.048438 0.262500 0.043750 0.262500 0.032813 0.260937 0.029687 0.254688 0.023438 0.253125 0.023438 0.245312 0.014063 0.240625 0.009375 0.235937 0.007812 0.231250 0.007812 0.220312 0.000000 0.204687 0.000000 0.200000 0.010937
0 0.292187 0.000000 0.290625 0.003125 0.290625 0.009375 0.293750 0.017188 0.300000 0.023438 0.307812 0.028125 0.312500 0.029687 0.320312 0.028125 0.323437 0.028125 0.331250 0.035937 0.335938 0.037500 0.346875 0.037500 0.350000 0.034375 0.351562 0.031250 0.351562 0.028125 0.348438 0.021875 0.343750 0.017188 0.346875 0.012500 0.346875 0.004687 0.345313 0.003125 0.345313 0.000000
0 0.282813 0.051562 0.279687 0.056250 0.276562 0.062500 0.276562 0.070312 0.278125 0.073438 0.281250 0.076563 0.281250 0.079687 0.284375 0.082812 0.309375 0.082812 0.314063 0.078125 0.315625 0.071875 0.314063 0.065625 0.310937 0.057813 0.304688 0.051562 0.298438 0.048438 0.293750 0.048438 0.292187 0.050000 0.285938 0.050000
1 0.278125 0.029687 0.276562 0.032813 0.276562 0.039062 0.278125 0.043750 0.282813 0.053125 0.285938 0.050000 0.292187 0.048438 0.296875 0.046875 0.304688 0.046875 0.304688 0.040625 0.303125 0.037500 0.296875 0.031250 0.290625 0.028125 0.281250 0.028125
0 0.929688 0.642188 0.926562 0.645312 0.925000 0.654687 0.923438 0.657813 0.918750 0.664062 0.917188 0.667188 0.917188 0.671875 0.914062 0.675000 0.910937 0.675000 0.906250 0.679688 0.903125 0.684375 0.903125 0.690625 0.904687 0.693750 0.910937 0.700000 0.915625 0.701562 0.923438 0.701562 0.925000 0.700000 0.932813 0.700000 0.935937 0.701562 0.939063 0.704688 0.943750 0.704688 0.945312 0.706250 0.975000 0.704688 0.978125 0.703125 0.981250 0.700000 0.982812 0.696875 0.982812 0.692187 0.979688 0.685937 0.979688 0.682813 0.982812 0.678125 0.982812 0.668750 0.979688 0.662500 0.971875 0.654687 0.962500 0.650000 0.954688 0.648438 0.951562 0.646875 0.948438 0.643750 0.945312 0.642188 0.939063 0.640625
0 0.882812 0.743750 0.881250 0.745313 0.879687 0.748437 0.879687 0.760938 0.876563 0.767188 0.876563 0.776563 0.878125 0.782813 0.879687 0.787500 0.881250 0.790625 0.887500 0.796875 0.890625 0.798438 0.895312 0.800000 0.915625 0.804688 0.923438 0.804688 0.929688 0.801562 0.937500 0.793750 0.939063 0.790625 0.939063 0.779687 0.935937 0.765625 0.934375 0.762500 0.926562 0.754687 0.925000 0.746875 0.918750 0.740625 0.912500 0.737500 0.904687 0.735938 0.901563 0.735938 0.900000 0.737500 0.895312 0.737500
0 0.878125 0.848437 0.879687 0.853125 0.884375 0.857812 0.885938 0.857812 0.889062 0.860938 0.890625 0.864062 0.890625 0.867188 0.892188 0.870313 0.895312 0.873437 0.901563 0.876563 0.907813 0.878125 0.915625 0.878125 0.918750 0.881250 0.923438 0.882812 0.929688 0.882812 0.935937 0.879687 0.940625 0.875000 0.943750 0.875000 0.946875 0.871875 0.946875 0.865625 0.945312 0.859375 0.942187 0.850000 0.939063 0.845313 0.934375 0.840625 0.923438 0.835938 0.918750 0.831250 0.915625 0.829688 0.903125 0.829688 0.898438 0.831250 0.889062 0.835938 0.882812 0.842187
0 0.879687 0.792188 0.875000 0.793750 0.871875 0.796875 0.868750 0.801562 0.860938 0.817187 0.860938 0.837500 0.862500 0.840625 0.864062 0.842187 0.865625 0.842187 0.868750 0.845313 0.876563 0.850000 0.881250 0.848437 0.881250 0.846875 0.884375 0.842187 0.893750 0.832812 0.898438 0.825000 0.900000 0.820312 0.901563 0.818750 0.903125 0.818750 0.904687 0.817187 0.906250 0.814063 0.904687 0.803125 0.898438 0.801562 0.893750 0.801562 0.887500 0.798438
0 0.856250 0.678125 0.845313 0.678125 0.839063 0.684375 0.829688 0.684375 0.826562 0.685937 0.821875 0.690625 0.820312 0.695312 0.818750 0.695312 0.815625 0.698438 0.815625 0.704688 0.814063 0.709375 0.812500 0.712500 0.814063 0.723437 0.817187 0.729688 0.828125 0.734375 0.832812 0.739062 0.837500 0.740625 0.842187 0.739062 0.845313 0.735938 0.850000 0.735938 0.853125 0.734375 0.857812 0.729688 0.860938 0.728125 0.864062 0.728125 0.873437 0.729688 0.876563 0.728125 0.878125 0.718750 0.875000 0.707812 0.875000 0.696875 0.873437 0.692187 0.862500 0.681250
0 0.653125 0.704688 0.650000 0.707812 0.648438 0.712500 0.645312 0.715625 0.640625 0.715625 0.632812 0.718750 0.629687 0.720313 0.628125 0.721875 0.626563 0.725000 0.626563 0.728125 0.623437 0.731250 0.621875 0.734375 0.621875 0.743750 0.626563 0.750000 0.626563 0.753125 0.628125 0.756250 0.634375 0.760938 0.635938 0.768750 0.639062 0.775000 0.643750 0.778125 0.650000 0.781250 0.656250 0.782813 0.660937 0.782813 0.667188 0.776563 0.667188 0.775000 0.673438 0.770312 0.675000 0.768750 0.676562 0.765625 0.676562 0.750000 0.682813 0.743750 0.684375 0.739062 0.684375 0.725000 0.682813 0.721875 0.679688 0.718750 0.676562 0.717187 0.668750 0.717187 0.662500 0.710938 0.662500 0.709375 0.657813 0.704688
0 0.753125 0.712500 0.750000 0.714063 0.748437 0.715625 0.743750 0.723437 0.743750 0.739062 0.742188 0.746875 0.739062 0.751563 0.739062 0.756250 0.740625 0.759375 0.750000 0.768750 0.754687 0.778125 0.759375 0.782813 0.765625 0.785937 0.779687 0.785937 0.784375 0.784375 0.790625 0.781250 0.792188 0.778125 0.795312 0.767188 0.793750 0.759375 0.796875 0.740625 0.796875 0.737500 0.792188 0.731250 0.792188 0.721875 0.787500 0.715625 0.785937 0.714063 0.779687 0.710938 0.770312 0.710938 0.765625 0.714063 0.762500 0.714063
0 0.796875 0.735938 0.796875 0.746875 0.795312 0.748437 0.793750 0.775000 0.790625 0.782813 0.790625 0.789062 0.792188 0.792188 0.793750 0.793750 0.801562 0.798438 0.817187 0.798438 0.825000 0.790625 0.829688 0.789062 0.834375 0.789062 0.840625 0.785937 0.842187 0.782813 0.842187 0.757812 0.840625 0.751563 0.839063 0.748437 0.832812 0.742188 0.828125 0.740625 0.807813 0.740625 0.803125 0.737500 0.800000 0.737500
0 0.840625 0.735938 0.835938 0.739062 0.835938 0.742188 0.843750 0.757812 0.843750 0.776563 0.846875 0.782813 0.856250 0.787500 0.860938 0.785937 0.868750 0.787500 0.871875 0.785937 0.875000 0.759375 0.878125 0.754687 0.878125 0.746875 0.873437 0.742188 0.868750 0.740625 0.865625 0.737500 0.864062 0.732812 0.857812 0.732812 0.845313 0.734375
0 0.735938 0.865625 0.734375 0.868750 0.735938 0.876563 0.735938 0.879687 0.731250 0.885938 0.729688 0.889062 0.729688 0.898438 0.737500 0.906250 0.745313 0.912500 0.748437 0.914062 0.760938 0.917188 0.764062 0.918750 0.770312 0.926562 0.778125 0.932813 0.784375 0.932813 0.787500 0.931250 0.790625 0.928125 0.793750 0.926562 0.812500 0.928125 0.817187 0.928125 0.823438 0.925000 0.825000 0.921875 0.826562 0.912500 0.826562 0.901563 0.825000 0.898438 0.821875 0.896875 0.818750 0.896875 0.810937 0.893750 0.804688 0.890625 0.798438 0.882812 0.789062 0.878125 0.776563 0.867188 0.773438 0.865625 0.764062 0.862500 0.746875 0.860938 0.740625 0.862500 0.737500 0.864062
0 0.728125 0.781250 0.715625 0.782813 0.715625 0.784375 0.712500 0.789062 0.709375 0.792188 0.703125 0.792188 0.696875 0.793750 0.692187 0.798438 0.692187 0.810937 0.696875 0.817187 0.696875 0.825000 0.701562 0.831250 0.701562 0.832812 0.703125 0.835938 0.720313 0.851562 0.729688 0.851562 0.732812 0.848437 0.735938 0.848437 0.734375 0.843750 0.739062 0.835938 0.737500 0.829688 0.739062 0.821875 0.743750 0.817187 0.745313 0.812500 0.746875 0.812500 0.748437 0.796875 0.739062 0.787500 0.734375 0.784375
0 0.754687 0.801562 0.751563 0.801562 0.753125 0.804688 0.754687 0.809375 0.751563 0.810937 0.748437 0.814063 0.748437 0.821875 0.742188 0.832812 0.740625 0.840625 0.737500 0.843750 0.739062 0.850000 0.740625 0.850000 0.743750 0.853125 0.754687 0.853125 0.759375 0.851562 0.764062 0.842187 0.767188 0.832812 0.768750 0.823438 0.768750 0.812500 0.760938 0.804688 0.757812 0.804688
0 0.782813 0.803125 0.779687 0.804688 0.773438 0.809375 0.773438 0.812500 0.771875 0.814063 0.771875 0.831250 0.770312 0.835938 0.765625 0.845313 0.765625 0.856250 0.767188 0.859375 0.768750 0.860938 0.770312 0.860938 0.773438 0.864062 0.792188 0.873437 0.803125 0.871875 0.804688 0.867188 0.809375 0.865625 0.812500 0.857812 0.817187 0.856250 0.817187 0.853125 0.821875 0.846875 0.821875 0.829688 0.818750 0.826562 0.818750 0.823438 0.817187 0.820312 0.812500 0.817187 0.812500 0.815625 0.809375 0.812500 0.803125 0.812500 0.800000 0.810937 0.792188 0.803125
0 0.803125 0.806250 0.804688 0.809375 0.809375 0.814063 0.810937 0.814063 0.814063 0.818750 0.820312 0.821875 0.825000 0.826562 0.828125 0.835938 0.828125 0.845313 0.829688 0.848437 0.832812 0.851562 0.837500 0.854688 0.846875 0.859375 0.851562 0.857812 0.851562 0.854688 0.854688 0.850000 0.856250 0.845313 0.857812 0.839063 0.857812 0.829688 0.856250 0.825000 0.854688 0.821875 0.845313 0.812500 0.839063 0.809375 0.826562 0.806250 0.818750 0.804688
0 0.842187 0.857812 0.835938 0.854688 0.828125 0.854688 0.809375 0.862500 0.806250 0.864062 0.804688 0.865625 0.804688 0.867188 0.801562 0.870313 0.800000 0.873437 0.800000 0.879687 0.806250 0.885938 0.814063 0.887500 0.820312 0.893750 0.829688 0.893750 0.837500 0.885938 0.842187 0.884375 0.846875 0.879687 0.848437 0.876563 0.848437 0.868750 0.846875 0.862500
0 0.590625 0.770312 0.587500 0.773438 0.587500 0.779687 0.585938 0.782813 0.584375 0.784375 0.581250 0.785937 0.576562 0.787500 0.571875 0.792188 0.571875 0.800000 0.575000 0.807813 0.578125 0.810937 0.579688 0.814063 0.581250 0.821875 0.582812 0.825000 0.589063 0.831250 0.592187 0.832812 0.596875 0.834375 0.614062 0.834375 0.628125 0.829688 0.631250 0.828125 0.632812 0.825000 0.632812 0.817187 0.634375 0.812500 0.637500 0.809375 0.639062 0.804688 0.639062 0.798438 0.637500 0.795312 0.631250 0.789062 0.623437 0.787500 0.620313 0.785937 0.618750 0.784375 0.614062 0.776563 0.607812 0.770312
0 0.561859 0.797641 0.557172 0.796078 0.549359 0.796078 0.535297 0.799203 0.527484 0.802328 0.521234 0.805453 0.518109 0.808578 0.518109 0.821078 0.521234 0.825766 0.519672 0.828891 0.516547 0.832016 0.514984 0.835141 0.514984 0.846078 0.516547 0.850766 0.519672 0.853891 0.521234 0.857016 0.532172 0.864828 0.536859 0.864828 0.544672 0.867953 0.554047 0.867953 0.558734 0.866391 0.561859 0.864828 0.568109 0.857016 0.571234 0.853891 0.579047 0.850766 0.583734 0.846078 0.583734 0.830453 0.582172 0.827328 0.575922 0.822641 0.574359 0.821078 0.572797 0.817953 0.572797 0.810141 0.569672 0.803891 0.566547 0.800766
0 0.629687 0.832812 0.621875 0.832812 0.617188 0.834375 0.612500 0.837500 0.601562 0.846875 0.598437 0.850000 0.598437 0.865625 0.600000 0.871875 0.604688 0.884375 0.606250 0.887500 0.614062 0.895312 0.628125 0.895312 0.631250 0.893750 0.634375 0.890625 0.643750 0.887500 0.643750 0.885938 0.646875 0.882812 0.650000 0.876563 0.650000 0.868750 0.640625 0.850000 0.639062 0.842187 0.635938 0.837500 0.632812 0.834375
0 0.639062 0.812500 0.637500 0.814063 0.635938 0.817187 0.634375 0.831250 0.634375 0.834375 0.639062 0.839063 0.640625 0.843750 0.640625 0.848437 0.645312 0.854688 0.645312 0.856250 0.646875 0.859375 0.651563 0.860938 0.657813 0.867188 0.659375 0.871875 0.662500 0.876563 0.665625 0.879687 0.671875 0.882812 0.678125 0.884375 0.684375 0.884375 0.689063 0.887500 0.701562 0.887500 0.709375 0.879687 0.712500 0.873437 0.712500 0.870313 0.710938 0.860938 0.712500 0.859375 0.712500 0.851562 0.709375 0.848437 0.707812 0.843750 0.701562 0.839063 0.696875 0.826562 0.687500 0.817187 0.675000 0.809375 0.665625 0.804688 0.659375 0.804688 0.654687 0.809375 0.650000 0.807813 0.643750 0.809375 0.640625 0.812500
0 0.693750 0.928125 0.684375 0.923438 0.675000 0.914062 0.671875 0.914062 0.670312 0.915625 0.665625 0.915625 0.653125 0.928125 0.646875 0.939063 0.645312 0.946875 0.640625 0.954688 0.639062 0.959375 0.639062 0.962500 0.640625 0.965625 0.648438 0.967187 0.653125 0.964063 0.659375 0.957812 0.662500 0.956250 0.675000 0.956250 0.692187 0.957812 0.695312 0.953125 0.693750 0.950000 0.690625 0.946875 0.689063 0.943750 0.689063 0.937500 0.692187 0.934375 0.693750 0.934375 0.695312 0.931250
0 0.637500 0.981250 0.642188 0.982812 0.645312 0.984375 0.648438 0.987500 0.651563 0.989062 0.656250 0.989062 0.660937 0.992188 0.675000 0.992188 0.678125 0.990625 0.679688 0.989062 0.681250 0.985938 0.681250 0.979688 0.684375 0.976562 0.687500 0.975000 0.695312 0.973437 0.695312 0.968750 0.693750 0.965625 0.689063 0.960938 0.685937 0.959375 0.681250 0.957812 0.659375 0.957812 0.654687 0.960938 0.645312 0.968750 0.640625 0.973437 0.639062 0.976562
0 0.610938 0.989062 0.610938 0.995313 0.612500 0.998437 0.656250 0.998437 0.656250 0.992188 0.651563 0.987500 0.646875 0.984375 0.642188 0.984375 0.637500 0.981250 0.632812 0.982812 0.623437 0.981250 0.615625 0.984375
0 0.539062 0.909375 0.539062 0.912500 0.540625 0.915625 0.542188 0.917188 0.543750 0.917188 0.551562 0.923438 0.554688 0.925000 0.559375 0.926562 0.565625 0.926562 0.570312 0.925000 0.576562 0.921875 0.578125 0.910937 0.576562 0.906250 0.575000 0.903125 0.570312 0.898438 0.564063 0.895312 0.557813 0.895312 0.551562 0.896875 0.548438 0.898438 0.542188 0.904687
0 0.603125 0.953125 0.598437 0.948438 0.593750 0.946875 0.587500 0.945312 0.582812 0.945312 0.576562 0.948438 0.571875 0.953125 0.571875 0.954688 0.567187 0.959375 0.564063 0.960938 0.556250 0.960938 0.553125 0.962500 0.551562 0.967187 0.548438 0.970313 0.546875 0.975000 0.546875 0.978125 0.548438 0.981250 0.551562 0.982812 0.562500 0.981250 0.565625 0.981250 0.567187 0.982812 0.585938 0.987500 0.590625 0.987500 0.593750 0.984375 0.593750 0.981250 0.595313 0.978125 0.603125 0.968750 0.604688 0.965625 0.604688 0.957812
0 0.493750 0.995313 0.493750 0.998437 0.600000 0.998437 0.593750 0.992188 0.589063 0.989062 0.582812 0.985938 0.575000 0.984375 0.571875 0.982812 0.568750 0.979688 0.565625 0.978125 0.551562 0.979688 0.543750 0.979688 0.535937 0.973437 0.532813 0.971875 0.523438 0.971875 0.517188 0.975000 0.506250 0.985938 0.496875 0.989062
0 0.453125 0.876563 0.448437 0.881250 0.448437 0.884375 0.446875 0.887500 0.450000 0.892188 0.448437 0.895312 0.446875 0.896875 0.442188 0.898438 0.440625 0.900000 0.439063 0.903125 0.439063 0.910937 0.440625 0.914062 0.445312 0.918750 0.446875 0.923438 0.454688 0.931250 0.457813 0.932813 0.464062 0.934375 0.470313 0.939063 0.473438 0.940625 0.478125 0.940625 0.481250 0.939063 0.487500 0.931250 0.492188 0.929688 0.493750 0.931250 0.496875 0.931250 0.500000 0.929688 0.503125 0.926562 0.504687 0.923438 0.504687 0.915625 0.503125 0.910937 0.501563 0.907813 0.498437 0.904687 0.496875 0.898438 0.493750 0.893750 0.490625 0.890625 0.482812 0.885938 0.467187 0.878125 0.462500 0.876563
0 0.453125 0.968750 0.451562 0.965625 0.450000 0.964063 0.446875 0.962500 0.442188 0.962500 0.439063 0.959375 0.437500 0.954688 0.437500 0.950000 0.435937 0.945312 0.432812 0.942187 0.425000 0.939063 0.421875 0.939063 0.420312 0.940625 0.414062 0.942187 0.407813 0.942187 0.403125 0.943750 0.393750 0.950000 0.390625 0.953125 0.389062 0.956250 0.387500 0.960938 0.387500 0.965625 0.389062 0.975000 0.387500 0.976562 0.387500 0.985938 0.384375 0.990625 0.384375 0.995313 0.385937 0.998437 0.451562 0.998437 0.456250 0.992188 0.457813 0.989062 0.457813 0.985938 0.454688 0.979688 0.454688 0.973437
0 0.343750 0.946875 0.340625 0.950000 0.340625 0.971875 0.337500 0.973437 0.332813 0.975000 0.331250 0.978125 0.331250 0.981250 0.332813 0.982812 0.332813 0.987500 0.335938 0.990625 0.342187 0.993750 0.359375 0.993750 0.368750 0.990625 0.376563 0.987500 0.379688 0.982812 0.384375 0.973437 0.385937 0.962500 0.385937 0.950000 0.384375 0.946875 0.379688 0.945312 0.371875 0.951562 0.364063 0.945312 0.348438 0.945312
0 0.489063 0.940625 0.489063 0.950000 0.492188 0.959375 0.495312 0.967187 0.496875 0.970313 0.504687 0.978125 0.509375 0.979688 0.514062 0.975000 0.520312 0.971875 0.525000 0.970313 0.532813 0.970313 0.532813 0.959375 0.531250 0.953125 0.529687 0.948438 0.528125 0.945312 0.525000 0.943750 0.520312 0.943750 0.514062 0.946875 0.510938 0.946875 0.504687 0.940625 0.500000 0.939063 0.492188 0.939063
1 0.534375 0.926562 0.528125 0.929688 0.528125 0.932813 0.526563 0.934375 0.526563 0.942187 0.531250 0.948438 0.535937 0.953125 0.540625 0.954688 0.543750 0.954688 0.546875 0.953125 0.550000 0.950000 0.551562 0.945312 0.551562 0.937500 0.550000 0.934375 0.545312 0.929688 0.539062 0.926562
0 0.290625 0.968750 0.292187 0.979688 0.292187 0.985938 0.285938 0.990625 0.284375 0.992188 0.282813 0.995313 0.282813 0.998437 0.331250 0.998437 0.331250 0.992188 0.329688 0.976562 0.328125 0.970313 0.326562 0.967187 0.323437 0.965625 0.312500 0.964063 0.296875 0.964063 0.293750 0.965625
0 0.507812 0.868750 0.507812 0.873437 0.510938 0.876563 0.515625 0.876563 0.518750 0.878125 0.521875 0.881250 0.525000 0.881250 0.528125 0.882812 0.535937 0.881250 0.540625 0.876563 0.542188 0.871875 0.542188 0.867188 0.539062 0.864062 0.535937 0.862500 0.528125 0.859375 0.523438 0.857812 0.520312 0.857812 0.510938 0.865625
0 0.237500 0.000000 0.239063 0.004687 0.242188 0.007812 0.245312 0.007812 0.248438 0.009375 0.253125 0.007812 0.256250 0.006250 0.259375 0.007812 0.264062 0.010937 0.268750 0.012500 0.275000 0.012500 0.279687 0.010937 0.282813 0.007812 0.284375 0.004687 0.284375 0.000000
0 0.998437 0.770312 0.995313 0.771875 0.984375 0.782813 0.984375 0.792188 0.995313 0.803125 0.998437 0.807813