0 0.451562 0.243750 0.450000 0.245312 0.450000 0.246875 0.446875 0.250000 0.446875 0.253125 0.445312 0.256250 0.440625 0.259375 0.439063 0.262500 0.439063 0.265625 0.435937 0.270313 0.435937 0.281250 0.439063 0.289062 0.442188 0.295312 0.451562 0.304688 0.454688 0.306250 0.473438 0.306250 0.481250 0.298438 0.484375 0.298438 0.487500 0.301563 0.496875 0.304688 0.503125 0.301563 0.506250 0.296875 0.510938 0.295312 0.512500 0.281250 0.507812 0.275000 0.506250 0.270313 0.506250 0.264062 0.503125 0.254688 0.500000 0.250000 0.493750 0.243750 0.481250 0.245312 0.470313 0.239063 0.460938 0.239063
0 0.498437 0.242188 0.498437 0.248438 0.500000 0.251563 0.504687 0.257812 0.506250 0.260937 0.506250 0.268750 0.507812 0.275000 0.514062 0.282813 0.514062 0.293750 0.515625 0.298438 0.517188 0.301563 0.520312 0.304688 0.529687 0.309375 0.532813 0.309375 0.535937 0.304688 0.543750 0.304688 0.548438 0.303125 0.554688 0.300000 0.557813 0.296875 0.560937 0.290625 0.560937 0.285938 0.557813 0.279687 0.557813 0.268750 0.554688 0.265625 0.551562 0.264062 0.546875 0.264062 0.542188 0.259375 0.537500 0.248438 0.531250 0.242188 0.518750 0.243750 0.515625 0.243750 0.509375 0.240625 0.501563 0.240625
0 0.459375 0.331250 0.457813 0.335938 0.456250 0.339062 0.446875 0.342187 0.443750 0.345313 0.442188 0.348438 0.443750 0.357812 0.442188 0.364063 0.439063 0.368750 0.437500 0.375000 0.437500 0.381250 0.439063 0.385937 0.440625 0.389062 0.446875 0.395313 0.448437 0.400000 0.448437 0.403125 0.450000 0.407813 0.459375 0.417187 0.468750 0.417187 0.476562 0.414062 0.490625 0.414062 0.501563 0.410938 0.504687 0.407813 0.510938 0.396875 0.510938 0.387500 0.509375 0.381250 0.506250 0.376563 0.506250 0.370312 0.509375 0.362500 0.509375 0.356250 0.506250 0.350000 0.501563 0.348438 0.500000 0.346875 0.498437 0.343750 0.496875 0.339062 0.492188 0.334375 0.485938 0.331250 0.476562 0.329688 0.462500 0.329688
0 0.564063 0.301563 0.564063 0.306250 0.565625 0.307812 0.564063 0.315625 0.559375 0.317188 0.554688 0.315625 0.553125 0.317188 0.548438 0.317188 0.545312 0.320312 0.543750 0.329688 0.543750 0.342187 0.548438 0.350000 0.548438 0.365625 0.550000 0.370312 0.553125 0.375000 0.556250 0.378125 0.559375 0.379688 0.564063 0.381250 0.573438 0.381250 0.590625 0.379688 0.595313 0.375000 0.609375 0.368750 0.612500 0.365625 0.615625 0.359375 0.615625 0.342187 0.620313 0.334375 0.620313 0.326562 0.609375 0.315625 0.604688 0.314063 0.589063 0.314063 0.581250 0.306250 0.573438 0.301563 0.570312 0.300000
0 0.512500 0.446875 0.503125 0.454688 0.500000 0.457813 0.498437 0.462500 0.503125 0.473438 0.503125 0.484375 0.506250 0.490625 0.512500 0.493750 0.518750 0.495312 0.526563 0.495312 0.531250 0.498437 0.535937 0.503125 0.540625 0.504687 0.546875 0.504687 0.553125 0.498437 0.553125 0.496875 0.559375 0.490625 0.564063 0.487500 0.567187 0.487500 0.568750 0.484375 0.568750 0.473438 0.567187 0.467187 0.565625 0.462500 0.564063 0.459375 0.556250 0.451562 0.548438 0.445312 0.543750 0.443750 0.537500 0.442188 0.526563 0.442188 0.518750 0.443750
0 0.468750 0.481250 0.456250 0.475000 0.451562 0.473438 0.443750 0.473438 0.437500 0.475000 0.431250 0.481250 0.428125 0.481250 0.420312 0.476562 0.403125 0.476562 0.400000 0.478125 0.395313 0.482812 0.393750 0.490625 0.387500 0.498437 0.385937 0.503125 0.385937 0.512500 0.387500 0.518750 0.389062 0.521875 0.392188 0.525000 0.392188 0.528125 0.398438 0.534375 0.400000 0.537500 0.400000 0.540625 0.401562 0.543750 0.406250 0.548438 0.406250 0.550000 0.409375 0.553125 0.415625 0.554688 0.421875 0.554688 0.429688 0.551562 0.445312 0.551562 0.450000 0.550000 0.453125 0.548438 0.457813 0.543750 0.459375 0.540625 0.462500 0.528125 0.467187 0.531250 0.473438 0.531250 0.476562 0.529687 0.481250 0.525000 0.484375 0.517188 0.484375 0.507812 0.482812 0.501563 0.481250 0.496875 0.478125 0.490625
0 0.365625 0.360938 0.359375 0.368750 0.357812 0.373437 0.351562 0.379688 0.351562 0.385937 0.353125 0.389062 0.362500 0.396875 0.364063 0.401562 0.362500 0.407813 0.364063 0.414062 0.367188 0.417187 0.367188 0.418750 0.368750 0.420312 0.371875 0.421875 0.384375 0.421875 0.392188 0.426563 0.401562 0.426563 0.404687 0.425000 0.407813 0.421875 0.410938 0.415625 0.410938 0.406250 0.406250 0.398438 0.406250 0.382812 0.404687 0.379688 0.401562 0.376563 0.400000 0.376563 0.396875 0.371875 0.384375 0.364063 0.375000 0.359375
0 0.293750 0.400000 0.290625 0.401562 0.289062 0.403125 0.289062 0.404687 0.285938 0.407813 0.275000 0.417187 0.271875 0.423438 0.268750 0.437500 0.268750 0.450000 0.271875 0.456250 0.275000 0.459375 0.278125 0.465625 0.278125 0.471875 0.279687 0.476562 0.285938 0.482812 0.289062 0.484375 0.293750 0.485938 0.300000 0.485938 0.306250 0.482812 0.317188 0.484375 0.321875 0.484375 0.328125 0.479687 0.334375 0.473438 0.335938 0.470313 0.337500 0.465625 0.339062 0.448437 0.339062 0.435937 0.337500 0.429688 0.334375 0.423438 0.326562 0.415625 0.318750 0.414062 0.307812 0.401562 0.304688 0.400000
0 0.309375 0.500000 0.303125 0.503125 0.300000 0.506250 0.298438 0.509375 0.298438 0.514062 0.296875 0.517188 0.292187 0.521875 0.290625 0.525000 0.290625 0.539062 0.293750 0.545312 0.300000 0.550000 0.304688 0.551562 0.309375 0.556250 0.307812 0.567187 0.309375 0.570312 0.312500 0.573438 0.315625 0.575000 0.326562 0.576562 0.342187 0.575000 0.345313 0.573438 0.356250 0.564063 0.359375 0.557813 0.359375 0.548438 0.360938 0.545312 0.364063 0.542188 0.365625 0.542188 0.367188 0.540625 0.370312 0.534375 0.370312 0.528125 0.368750 0.523438 0.365625 0.518750 0.359375 0.512500 0.356250 0.510938 0.350000 0.510938 0.345313 0.509375 0.335938 0.500000 0.329688 0.500000 0.320312 0.501563 0.318750 0.500000
0 0.226562 0.514062 0.223438 0.517188 0.225000 0.526563 0.220312 0.531250 0.218750 0.534375 0.218750 0.539062 0.220312 0.545312 0.221875 0.546875 0.221875 0.550000 0.217188 0.554688 0.215625 0.557813 0.215625 0.562500 0.220312 0.573438 0.223438 0.576562 0.228125 0.576562 0.234375 0.582812 0.237500 0.584375 0.242188 0.584375 0.250000 0.587500 0.260937 0.598437 0.265625 0.606250 0.265625 0.609375 0.267188 0.612500 0.271875 0.617188 0.275000 0.617188 0.279687 0.615625 0.287500 0.607812 0.290625 0.601562 0.292187 0.596875 0.293750 0.579688 0.292187 0.559375 0.290625 0.551562 0.287500 0.546875 0.279687 0.539062 0.271875 0.534375 0.267188 0.534375 0.262500 0.532813 0.246875 0.517188 0.235937 0.514062
0 0.217188 0.584375 0.207813 0.593750 0.206250 0.596875 0.206250 0.604688 0.209375 0.612500 0.209375 0.623437 0.210938 0.626563 0.215625 0.631250 0.217188 0.635938 0.220312 0.640625 0.231250 0.651563 0.235937 0.654687 0.239063 0.656250 0.242188 0.656250 0.248438 0.653125 0.254688 0.653125 0.259375 0.651563 0.262500 0.650000 0.267188 0.645312 0.268750 0.642188 0.270313 0.632812 0.270313 0.620313 0.259375 0.598437 0.256250 0.595313 0.256250 0.593750 0.254688 0.592187 0.253125 0.592187 0.250000 0.589063 0.246875 0.587500 0.229687 0.582812 0.220312 0.582812
0 0.356250 0.565625 0.353125 0.567187 0.348438 0.571875 0.348438 0.573438 0.342187 0.579688 0.334375 0.581250 0.331250 0.582812 0.328125 0.585938 0.325000 0.592187 0.325000 0.596875 0.323437 0.598437 0.323437 0.601562 0.325000 0.606250 0.326562 0.609375 0.340625 0.625000 0.342187 0.625000 0.345313 0.628125 0.348438 0.629687 0.360938 0.628125 0.367188 0.628125 0.375000 0.629687 0.378125 0.629687 0.384375 0.626563 0.385937 0.625000 0.389062 0.618750 0.392188 0.604688 0.392188 0.590625 0.390625 0.582812 0.389062 0.578125 0.385937 0.575000 0.378125 0.571875 0.370312 0.565625
0 0.425000 0.560937 0.421875 0.562500 0.417187 0.567187 0.417187 0.573438 0.412500 0.578125 0.406250 0.581250 0.403125 0.584375 0.400000 0.589063 0.398438 0.596875 0.398438 0.604688 0.404687 0.610938 0.406250 0.615625 0.401562 0.621875 0.401562 0.629687 0.409375 0.635938 0.418750 0.640625 0.426563 0.642188 0.429688 0.645312 0.431250 0.650000 0.432812 0.653125 0.435937 0.654687 0.442188 0.643750 0.443750 0.639062 0.443750 0.634375 0.446875 0.631250 0.456250 0.631250 0.460938 0.629687 0.467187 0.623437 0.468750 0.620313 0.468750 0.610938 0.464062 0.603125 0.464062 0.598437 0.467187 0.595313 0.470313 0.595313 0.475000 0.590625 0.475000 0.581250 0.465625 0.570312 0.462500 0.568750 0.454688 0.568750 0.445312 0.565625 0.445312 0.564063 0.443750 0.562500 0.440625 0.560937
0 0.395313 0.685937 0.392188 0.692187 0.392188 0.698438 0.393750 0.701562 0.398438 0.707812 0.396875 0.715625 0.398438 0.720313 0.401562 0.723437 0.406250 0.725000 0.417187 0.725000 0.423438 0.720313 0.429688 0.721875 0.435937 0.725000 0.446875 0.725000 0.450000 0.723437 0.454688 0.718750 0.456250 0.715625 0.456250 0.712500 0.462500 0.704688 0.464062 0.695312 0.467187 0.692187 0.468750 0.689063 0.468750 0.682813 0.467187 0.679688 0.464062 0.676562 0.457813 0.673438 0.451562 0.671875 0.434375 0.670312 0.428125 0.668750 0.426563 0.667188 0.423438 0.667188 0.418750 0.668750 0.412500 0.671875 0.404687 0.679688 0.398438 0.682813
0 0.303125 0.640625 0.301563 0.643750 0.301563 0.650000 0.300000 0.651563 0.300000 0.656250 0.301563 0.660937 0.303125 0.664062 0.309375 0.670312 0.309375 0.678125 0.312500 0.681250 0.329688 0.685937 0.337500 0.687500 0.351562 0.687500 0.354687 0.689063 0.357812 0.692187 0.364063 0.695312 0.368750 0.693750 0.370312 0.690625 0.371875 0.665625 0.371875 0.659375 0.370312 0.653125 0.365625 0.643750 0.359375 0.637500 0.356250 0.635938 0.345313 0.635938 0.334375 0.632812 0.315625 0.632812 0.309375 0.635938 0.306250 0.639062 0.304688 0.639062
0 0.373437 0.704688 0.371875 0.701562 0.367188 0.695312 0.360938 0.690625 0.356250 0.689063 0.351562 0.684375 0.351562 0.681250 0.345313 0.678125 0.309375 0.679688 0.304688 0.681250 0.300000 0.685937 0.298438 0.689063 0.298438 0.693750 0.300000 0.695312 0.300000 0.700000 0.296875 0.703125 0.296875 0.721875 0.300000 0.728125 0.300000 0.732812 0.301563 0.735938 0.312500 0.735938 0.317188 0.737500 0.353125 0.737500 0.360938 0.732812 0.365625 0.728125 0.367188 0.723437 0.375000 0.715625 0.375000 0.709375
0 0.321875 0.740625 0.320312 0.745313 0.325000 0.754687 0.325000 0.764062 0.326562 0.770312 0.328125 0.773438 0.331250 0.776563 0.331250 0.778125 0.332813 0.779687 0.339062 0.784375 0.342187 0.784375 0.345313 0.785937 0.353125 0.793750 0.356250 0.795312 0.368750 0.796875 0.373437 0.796875 0.382812 0.792188 0.387500 0.787500 0.389062 0.784375 0.390625 0.779687 0.390625 0.770312 0.389062 0.767188 0.375000 0.753125 0.365625 0.745313 0.351562 0.737500 0.331250 0.737500 0.325000 0.739062
0 0.250000 0.693750 0.248438 0.696875 0.248438 0.700000 0.251563 0.704688 0.251563 0.710938 0.248438 0.717187 0.248438 0.731250 0.250000 0.734375 0.256250 0.740625 0.262500 0.743750 0.267188 0.743750 0.270313 0.745313 0.271875 0.746875 0.273438 0.751563 0.278125 0.756250 0.289062 0.756250 0.292187 0.754687 0.293750 0.753125 0.298438 0.743750 0.298438 0.740625 0.301563 0.734375 0.300000 0.725000 0.296875 0.718750 0.296875 0.712500 0.295312 0.704688 0.287500 0.696875 0.275000 0.687500 0.271875 0.685937 0.268750 0.685937 0.257812 0.692187
0 0.471875 0.765625 0.467187 0.770312 0.465625 0.773438 0.465625 0.803125 0.462500 0.809375 0.462500 0.817187 0.464062 0.821875 0.465625 0.825000 0.470313 0.829688 0.476562 0.832812 0.484375 0.832812 0.487500 0.834375 0.493750 0.840625 0.500000 0.843750 0.506250 0.843750 0.510938 0.842187 0.514062 0.840625 0.515625 0.839063 0.523438 0.828125 0.525000 0.826562 0.526563 0.826562 0.529687 0.823438 0.532813 0.818750 0.535937 0.809375 0.535937 0.800000 0.532813 0.800000 0.528125 0.798438 0.525000 0.795312 0.523438 0.790625 0.521875 0.778125 0.518750 0.771875 0.509375 0.762500 0.506250 0.760938 0.498437 0.760938 0.490625 0.765625
0 0.489063 0.667188 0.485938 0.670312 0.484375 0.675000 0.484375 0.687500 0.485938 0.690625 0.492188 0.698438 0.495312 0.701562 0.501563 0.704688 0.509375 0.704688 0.520312 0.693750 0.520312 0.689063 0.512500 0.681250 0.510938 0.676562 0.509375 0.675000 0.503125 0.670312 0.500000 0.668750 0.493750 0.667188
0 0.582812 0.551562 0.576562 0.551562 0.565625 0.556250 0.559375 0.556250 0.548438 0.560937 0.543750 0.565625 0.542188 0.570312 0.539062 0.573438 0.537500 0.573438 0.534375 0.576562 0.534375 0.581250 0.540625 0.592187 0.542188 0.596875 0.542188 0.604688 0.545312 0.610938 0.548438 0.614062 0.557813 0.618750 0.568750 0.618750 0.575000 0.615625 0.582812 0.617188 0.585938 0.617188 0.593750 0.615625 0.596875 0.614062 0.598437 0.610938 0.598437 0.601562 0.600000 0.593750 0.603125 0.589063 0.604688 0.584375 0.604688 0.578125 0.600000 0.568750 0.595313 0.562500 0.587500 0.554688
1 0.537500 0.684375 0.528125 0.682813 0.525000 0.684375 0.521875 0.687500 0.520312 0.690625 0.520312 0.693750 0.518750 0.696875 0.515625 0.700000 0.512500 0.706250 0.512500 0.714063 0.514062 0.717187 0.517188 0.720313 0.520312 0.718750 0.525000 0.714063 0.529687 0.712500 0.534375 0.709375 0.537500 0.706250 0.539062 0.703125 0.539062 0.687500
1 0.564063 0.670312 0.560937 0.671875 0.556250 0.676562 0.556250 0.685937 0.557813 0.689063 0.562500 0.693750 0.568750 0.696875 0.571875 0.696875 0.576562 0.692187 0.578125 0.689063 0.579688 0.684375 0.578125 0.678125 0.576562 0.675000 0.571875 0.670312
0 0.475000 0.918750 0.473438 0.923438 0.473438 0.926562 0.475000 0.929688 0.478125 0.932813 0.484375 0.935937 0.493750 0.935937 0.500000 0.942187 0.503125 0.950000 0.509375 0.956250 0.512500 0.957812 0.520312 0.959375 0.523438 0.959375 0.528125 0.954688 0.529687 0.951562 0.529687 0.948438 0.532813 0.945312 0.539062 0.946875 0.539062 0.937500 0.537500 0.926562 0.535937 0.923438 0.534375 0.921875 0.521875 0.912500 0.515625 0.909375 0.510938 0.907813 0.489063 0.907813 0.484375 0.909375 0.481250 0.910937 0.478125 0.914062
0 0.510938 0.975000 0.510938 0.984375 0.506250 0.992188 0.506250 0.998437 0.546875 0.998437 0.546875 0.993750 0.548438 0.992188 0.548438 0.975000 0.546875 0.971875 0.545312 0.970313 0.543750 0.970313 0.540625 0.967187 0.537500 0.965625 0.525000 0.965625 0.520312 0.967187 0.517188 0.968750
0 0.446875 0.998437 0.498437 0.998437 0.498437 0.995313 0.496875 0.992188 0.489063 0.984375 0.484375 0.982812 0.478125 0.976562 0.473438 0.975000 0.467187 0.975000 0.464062 0.976562 0.462500 0.981250 0.460938 0.982812 0.456250 0.984375 0.451562 0.989062 0.450000 0.993750
0 0.604688 0.832812 0.600000 0.834375 0.596875 0.835938 0.593750 0.839063 0.593750 0.842187 0.592187 0.845313 0.593750 0.853125 0.596875 0.856250 0.598437 0.860938 0.590625 0.868750 0.590625 0.881250 0.595313 0.889062 0.595313 0.893750 0.601562 0.900000 0.614062 0.907813 0.625000 0.907813 0.628125 0.904687 0.628125 0.901563 0.631250 0.896875 0.639062 0.889062 0.645312 0.887500 0.646875 0.884375 0.646875 0.878125 0.645312 0.867188 0.640625 0.857812 0.639062 0.853125 0.639062 0.846875 0.637500 0.842187 0.629687 0.834375 0.626563 0.832812
0 0.570312 0.778125 0.565625 0.782813 0.565625 0.793750 0.567187 0.798438 0.573438 0.806250 0.575000 0.810937 0.571875 0.814063 0.568750 0.814063 0.565625 0.815625 0.564063 0.818750 0.564063 0.825000 0.565625 0.828125 0.567187 0.829688 0.568750 0.829688 0.571875 0.832812 0.575000 0.834375 0.581250 0.835938 0.592187 0.835938 0.609375 0.832812 0.612500 0.831250 0.618750 0.825000 0.620313 0.821875 0.620313 0.815625 0.618750 0.809375 0.614062 0.800000 0.610938 0.796875 0.610938 0.795312 0.601562 0.787500 0.601562 0.784375 0.600000 0.781250 0.596875 0.778125 0.593750 0.776563 0.575000 0.776563
0 0.662500 0.884375 0.654687 0.885938 0.654687 0.887500 0.651563 0.890625 0.650000 0.895312 0.645312 0.892188 0.640625 0.892188 0.637500 0.893750 0.632812 0.898438 0.629687 0.906250 0.629687 0.910937 0.631250 0.921875 0.632812 0.925000 0.646875 0.937500 0.646875 0.939063 0.651563 0.946875 0.653125 0.948438 0.654687 0.948438 0.657813 0.950000 0.667188 0.940625 0.667188 0.939063 0.678125 0.928125 0.681250 0.923438 0.684375 0.917188 0.684375 0.903125 0.682813 0.900000 0.678125 0.895312 0.665625 0.885938
0 0.609375 0.921875 0.606250 0.923438 0.604688 0.925000 0.603125 0.928125 0.601562 0.934375 0.601562 0.939063 0.603125 0.942187 0.606250 0.945312 0.612500 0.948438 0.618750 0.954688 0.621875 0.960938 0.625000 0.971875 0.628125 0.975000 0.631250 0.975000 0.634375 0.976562 0.637500 0.975000 0.642188 0.970313 0.645312 0.965625 0.646875 0.962500 0.646875 0.939063 0.643750 0.935937 0.642188 0.935937 0.629687 0.921875
0 0.585938 0.942187 0.582812 0.945312 0.579688 0.950000 0.575000 0.959375 0.575000 0.964063 0.582812 0.971875 0.584375 0.975000 0.585938 0.981250 0.587500 0.984375 0.589063 0.985938 0.595313 0.989062 0.600000 0.989062 0.604688 0.990625 0.607812 0.993750 0.610938 0.995313 0.620313 0.995313 0.626563 0.989062 0.628125 0.985938 0.628125 0.978125 0.623437 0.967187 0.620313 0.964063 0.620313 0.960938 0.618750 0.957812 0.615625 0.953125 0.610938 0.948438 0.600000 0.939063 0.592187 0.939063
0 0.631250 0.989062 0.631250 0.998437 0.692187 0.998437 0.692187 0.995313 0.693750 0.993750 0.693750 0.984375 0.692187 0.965625 0.689063 0.957812 0.679688 0.956250 0.659375 0.956250 0.656250 0.959375 0.656250 0.960938 0.651563 0.967187 0.643750 0.976562
1 0.664062 0.853125 0.659375 0.857812 0.659375 0.868750 0.660937 0.871875 0.665625 0.876563 0.675000 0.876563 0.678125 0.873437 0.679688 0.870313 0.679688 0.862500 0.678125 0.859375 0.673438 0.854688 0.670312 0.853125
0 0.740625 0.835938 0.737500 0.837500 0.735938 0.840625 0.735938 0.856250 0.737500 0.882812 0.739062 0.892188 0.743750 0.896875 0.750000 0.898438 0.759375 0.898438 0.762500 0.896875 0.764062 0.885938 0.762500 0.881250 0.757812 0.873437 0.757812 0.867188 0.759375 0.853125 0.757812 0.848437 0.754687 0.842187 0.748437 0.835938
0 0.740625 0.906250 0.740625 0.935937 0.742188 0.957812 0.743750 0.973437 0.745313 0.979688 0.746875 0.984375 0.750000 0.987500 0.753125 0.989062 0.757812 0.989062 0.759375 0.990625 0.762500 0.990625 0.765625 0.989062 0.768750 0.982812 0.768750 0.973437 0.771875 0.970313 0.775000 0.970313 0.779687 0.965625 0.781250 0.962500 0.781250 0.959375 0.779687 0.956250 0.775000 0.951562 0.775000 0.945312 0.773438 0.940625 0.768750 0.932813 0.768750 0.928125 0.765625 0.925000 0.757812 0.918750 0.757812 0.915625 0.756250 0.912500 0.751563 0.907813 0.748437 0.906250
0 0.668750 0.635938 0.665625 0.632812 0.660937 0.629687 0.657813 0.628125 0.651563 0.628125 0.645312 0.631250 0.634375 0.631250 0.631250 0.629687 0.626563 0.625000 0.625000 0.620313 0.618750 0.620313 0.615625 0.621875 0.614062 0.623437 0.614062 0.625000 0.609375 0.628125 0.601562 0.626563 0.598437 0.628125 0.592187 0.634375 0.589063 0.640625 0.587500 0.645312 0.587500 0.667188 0.589063 0.681250 0.592187 0.684375 0.603125 0.689063 0.609375 0.689063 0.614062 0.684375 0.617188 0.682813 0.621875 0.684375 0.625000 0.682813 0.628125 0.676562 0.628125 0.670312 0.631250 0.664062 0.634375 0.660937 0.645312 0.660937 0.648438 0.659375 0.650000 0.653125 0.651563 0.650000 0.654687 0.646875 0.654687 0.645312 0.656250 0.643750 0.662500 0.640625 0.668750 0.639062
0 0.684375 0.667188 0.682813 0.673438 0.687500 0.681250 0.687500 0.690625 0.689063 0.693750 0.692187 0.696875 0.693750 0.696875 0.700000 0.701562 0.706250 0.709375 0.709375 0.712500 0.712500 0.714063 0.721875 0.717187 0.732812 0.717187 0.739062 0.714063 0.742188 0.710938 0.743750 0.701562 0.743750 0.693750 0.740625 0.685937 0.737500 0.679688 0.732812 0.673438 0.725000 0.665625 0.721875 0.664062 0.717187 0.662500 0.707812 0.660937 0.696875 0.660937 0.692187 0.662500 0.689063 0.664062 0.685937 0.667188
0 0.703125 0.615625 0.698438 0.620313 0.695312 0.625000 0.692187 0.631250 0.692187 0.640625 0.696875 0.653125 0.698438 0.656250 0.700000 0.657813 0.703125 0.659375 0.707812 0.660937 0.718750 0.662500 0.725000 0.664062 0.729688 0.667188 0.735938 0.673438 0.739062 0.673438 0.742188 0.670312 0.745313 0.662500 0.745313 0.648438 0.748437 0.643750 0.748437 0.640625 0.750000 0.637500 0.748437 0.634375 0.745313 0.631250 0.745313 0.629687 0.740625 0.625000 0.735938 0.621875 0.725000 0.617188 0.714063 0.614062 0.706250 0.614062
0 0.617188 0.589063 0.617188 0.601562 0.618750 0.607812 0.625000 0.614062 0.626563 0.617188 0.626563 0.620313 0.628125 0.623437 0.632812 0.628125 0.635938 0.629687 0.648438 0.629687 0.651563 0.626563 0.659375 0.626563 0.678125 0.628125 0.684375 0.634375 0.690625 0.632812 0.690625 0.631250 0.696875 0.621875 0.706250 0.614062 0.709375 0.609375 0.707812 0.603125 0.701562 0.595313 0.700000 0.592187 0.698438 0.582812 0.696875 0.579688 0.690625 0.573438 0.687500 0.571875 0.678125 0.573438 0.673438 0.573438 0.668750 0.570312 0.654687 0.570312 0.645312 0.575000 0.640625 0.575000 0.639062 0.573438 0.631250 0.575000 0.626563 0.581250
0 0.773438 0.473438 0.767188 0.479687 0.757812 0.482812 0.753125 0.489063 0.746875 0.489063 0.740625 0.492188 0.739062 0.493750 0.735938 0.500000 0.735938 0.512500 0.740625 0.526563 0.746875 0.540625 0.754687 0.546875 0.757812 0.550000 0.757812 0.551562 0.760938 0.554688 0.767188 0.557813 0.771875 0.557813 0.778125 0.554688 0.785937 0.554688 0.792188 0.557813 0.795312 0.557813 0.800000 0.556250 0.804688 0.551562 0.807813 0.546875 0.807813 0.534375 0.809375 0.531250 0.814063 0.526563 0.815625 0.523438 0.815625 0.515625 0.814063 0.510938 0.810937 0.504687 0.806250 0.498437 0.795312 0.487500 0.792188 0.481250 0.785937 0.475000 0.782813 0.473438
0 0.796875 0.564063 0.795312 0.567187 0.796875 0.578125 0.796875 0.584375 0.795312 0.600000 0.796875 0.604688 0.800000 0.610938 0.803125 0.612500 0.809375 0.614062 0.818750 0.623437 0.821875 0.625000 0.831250 0.628125 0.845313 0.628125 0.851562 0.623437 0.857812 0.621875 0.859375 0.618750 0.860938 0.600000 0.860938 0.590625 0.856250 0.578125 0.853125 0.571875 0.850000 0.568750 0.845313 0.565625 0.835938 0.560937 0.823438 0.559375 0.804688 0.559375 0.798438 0.562500
0 0.868750 0.501563 0.859375 0.506250 0.854688 0.509375 0.850000 0.514062 0.850000 0.525000 0.851562 0.537500 0.854688 0.553125 0.857812 0.559375 0.867188 0.568750 0.878125 0.576562 0.881250 0.578125 0.893750 0.578125 0.898438 0.576562 0.906250 0.568750 0.914062 0.556250 0.914062 0.545312 0.907813 0.534375 0.906250 0.515625 0.904687 0.510938 0.901563 0.504687 0.895312 0.498437 0.884375 0.498437
0 0.867188 0.439063 0.856250 0.439063 0.853125 0.440625 0.848437 0.445312 0.842187 0.442188 0.837500 0.442188 0.831250 0.445312 0.826562 0.450000 0.825000 0.453125 0.825000 0.459375 0.823438 0.460938 0.823438 0.465625 0.825000 0.467187 0.825000 0.473438 0.820312 0.481250 0.820312 0.484375 0.821875 0.485938 0.821875 0.490625 0.825000 0.496875 0.831250 0.503125 0.848437 0.510938 0.851562 0.510938 0.865625 0.503125 0.878125 0.498437 0.884375 0.496875 0.890625 0.496875 0.892188 0.495312 0.895312 0.495312 0.896875 0.492188 0.896875 0.478125 0.893750 0.473438 0.882812 0.464062 0.881250 0.460938 0.881250 0.453125 0.879687 0.448437 0.878125 0.445312 0.876563 0.443750
0 0.771875 0.365625 0.768750 0.365625 0.765625 0.367188 0.764062 0.368750 0.762500 0.371875 0.759375 0.384375 0.754687 0.387500 0.748437 0.385937 0.745313 0.389062 0.745313 0.406250 0.746875 0.409375 0.756250 0.418750 0.764062 0.421875 0.768750 0.425000 0.771875 0.428125 0.773438 0.431250 0.770312 0.437500 0.768750 0.453125 0.768750 0.467187 0.770312 0.471875 0.773438 0.465625 0.771875 0.450000 0.773438 0.442188 0.776563 0.431250 0.781250 0.426563 0.787500 0.426563 0.789062 0.428125 0.793750 0.428125 0.796875 0.426563 0.807813 0.415625 0.812500 0.407813 0.809375 0.403125 0.809375 0.400000 0.810937 0.398438 0.812500 0.392188 0.812500 0.387500 0.810937 0.382812 0.806250 0.378125 0.800000 0.373437 0.790625 0.373437 0.781250 0.368750
0 0.651563 0.485938 0.651563 0.490625 0.653125 0.496875 0.656250 0.503125 0.659375 0.506250 0.660937 0.506250 0.664062 0.509375 0.665625 0.514062 0.668750 0.517188 0.671875 0.518750 0.675000 0.518750 0.685937 0.512500 0.692187 0.510938 0.721875 0.506250 0.721875 0.498437 0.720313 0.492188 0.715625 0.485938 0.714063 0.478125 0.712500 0.475000 0.707812 0.470313 0.706250 0.465625 0.698438 0.457813 0.692187 0.453125 0.682813 0.450000 0.676562 0.450000 0.673438 0.451562 0.667188 0.457813 0.667188 0.470313 0.664062 0.473438 0.657813 0.476562 0.653125 0.482812
0 0.718750 0.507812 0.700000 0.509375 0.692187 0.510938 0.687500 0.512500 0.678125 0.517188 0.675000 0.520312 0.673438 0.523438 0.673438 0.535937 0.675000 0.540625 0.676562 0.543750 0.681250 0.546875 0.684375 0.546875 0.689063 0.551562 0.687500 0.559375 0.689063 0.562500 0.695312 0.568750 0.698438 0.570312 0.706250 0.570312 0.709375 0.568750 0.715625 0.564063 0.718750 0.564063 0.725000 0.567187 0.729688 0.567187 0.734375 0.565625 0.737500 0.562500 0.739062 0.562500 0.740625 0.560937 0.740625 0.559375 0.743750 0.556250 0.743750 0.543750 0.740625 0.537500 0.735938 0.532813 0.734375 0.529687 0.732812 0.521875 0.729688 0.517188 0.721875 0.509375
0 0.750000 0.639062 0.750000 0.648438 0.748437 0.650000 0.748437 0.657813 0.750000 0.660937 0.753125 0.664062 0.760938 0.664062 0.765625 0.662500 0.789062 0.664062 0.793750 0.664062 0.796875 0.662500 0.800000 0.659375 0.803125 0.657813 0.806250 0.657813 0.809375 0.656250 0.810937 0.654687 0.812500 0.651563 0.812500 0.642188 0.806250 0.635938 0.801562 0.635938 0.793750 0.640625 0.790625 0.640625 0.784375 0.637500 0.782813 0.635938 0.781250 0.632812 0.781250 0.629687 0.778125 0.626563 0.771875 0.623437 0.767188 0.621875 0.759375 0.629687 0.754687 0.632812 0.753125 0.632812
1 0.782813 0.582812 0.776563 0.585938 0.775000 0.587500 0.773438 0.590625 0.773438 0.600000 0.775000 0.603125 0.781250 0.609375 0.784375 0.610938 0.789062 0.612500 0.793750 0.612500 0.796875 0.610938 0.796875 0.603125 0.795312 0.601562 0.795312 0.592187 0.793750 0.585938 0.790625 0.582812
1 0.882812 0.582812 0.882812 0.596875 0.887500 0.601562 0.892188 0.604688 0.903125 0.604688 0.907813 0.600000 0.909375 0.595313 0.907813 0.589063 0.906250 0.585938 0.903125 0.581250 0.900000 0.579688 0.890625 0.579688
1 0.862500 0.642188 0.860938 0.650000 0.860938 0.662500 0.864062 0.668750 0.868750 0.671875 0.871875 0.673438 0.879687 0.673438 0.882812 0.670312 0.884375 0.664062 0.884375 0.659375 0.882812 0.654687 0.881250 0.651563 0.876563 0.646875 0.875000 0.646875 0.868750 0.640625
0 0.664062 0.262500 0.660937 0.267188 0.659375 0.270313 0.657813 0.275000 0.657813 0.279687 0.659375 0.284375 0.664062 0.292187 0.671875 0.300000 0.678125 0.303125 0.682813 0.304688 0.693750 0.304688 0.696875 0.303125 0.698438 0.301563 0.698438 0.300000 0.701562 0.296875 0.701562 0.293750 0.704688 0.290625 0.710938 0.289062 0.710938 0.284375 0.709375 0.281250 0.706250 0.276562 0.701562 0.270313 0.689063 0.257812 0.676562 0.257812 0.667188 0.260937
0 0.706250 0.300000 0.704688 0.303125 0.703125 0.310937 0.703125 0.326562 0.704688 0.329688 0.707812 0.332813 0.712500 0.334375 0.717187 0.332813 0.720313 0.329688 0.723437 0.332813 0.725000 0.335938 0.725000 0.340625 0.729688 0.345313 0.737500 0.345313 0.740625 0.343750 0.746875 0.337500 0.756250 0.339062 0.759375 0.339062 0.762500 0.337500 0.765625 0.328125 0.765625 0.325000 0.764062 0.320312 0.759375 0.315625 0.757812 0.312500 0.756250 0.304688 0.754687 0.301563 0.751563 0.298438 0.748437 0.296875 0.742188 0.295312 0.737500 0.293750 0.731250 0.287500 0.728125 0.285938 0.723437 0.287500 0.720313 0.289062 0.710938 0.295312
0 0.834375 0.292187 0.832812 0.290625 0.826562 0.287500 0.812500 0.284375 0.803125 0.287500 0.787500 0.287500 0.784375 0.290625 0.784375 0.293750 0.782813 0.296875 0.778125 0.303125 0.775000 0.309375 0.773438 0.314063 0.771875 0.321875 0.771875 0.332813 0.773438 0.335938 0.775000 0.337500 0.778125 0.339062 0.793750 0.339062 0.798438 0.342187 0.807813 0.342187 0.810937 0.340625 0.814063 0.337500 0.821875 0.337500 0.825000 0.335938 0.828125 0.332813 0.829688 0.321875 0.831250 0.318750 0.837500 0.312500 0.839063 0.309375 0.839063 0.300000 0.837500 0.296875 0.834375 0.293750
0 0.818750 0.231250 0.817187 0.234375 0.817187 0.239063 0.820312 0.243750 0.820312 0.251563 0.821875 0.256250 0.825000 0.259375 0.828125 0.268750 0.831250 0.271875 0.832812 0.271875 0.835938 0.275000 0.837500 0.282813 0.839063 0.285938 0.845313 0.290625 0.846875 0.285938 0.850000 0.282813 0.854688 0.282813 0.864062 0.284375 0.867188 0.282813 0.873437 0.276562 0.875000 0.273438 0.875000 0.262500 0.873437 0.257812 0.865625 0.246875 0.860938 0.235937 0.859375 0.232813 0.857812 0.231250 0.848437 0.226562 0.840625 0.225000 0.831250 0.225000
0 0.789062 0.234375 0.784375 0.239063 0.784375 0.243750 0.785937 0.248438 0.789062 0.253125 0.793750 0.257812 0.795312 0.262500 0.800000 0.264062 0.803125 0.267188 0.804688 0.270313 0.804688 0.273438 0.807813 0.279687 0.812500 0.284375 0.820312 0.285938 0.828125 0.285938 0.831250 0.282813 0.831250 0.275000 0.817187 0.250000 0.817187 0.243750 0.815625 0.239063 0.812500 0.235937 0.806250 0.232813 0.792188 0.232813
0 0.865625 0.223438 0.862500 0.225000 0.859375 0.228125 0.857812 0.232813 0.862500 0.239063 0.864062 0.246875 0.867188 0.250000 0.871875 0.251563 0.875000 0.251563 0.878125 0.250000 0.882812 0.246875 0.887500 0.242188 0.887500 0.234375 0.884375 0.228125 0.881250 0.225000 0.878125 0.223438
0 0.770312 0.151562 0.767188 0.153125 0.762500 0.157812 0.760938 0.160938 0.760938 0.164062 0.759375 0.167187 0.754687 0.168750 0.748437 0.171875 0.743750 0.176563 0.743750 0.189062 0.746875 0.195312 0.756250 0.204687 0.757812 0.209375 0.757812 0.217188 0.759375 0.221875 0.762500 0.226562 0.765625 0.229687 0.770312 0.232813 0.778125 0.232813 0.787500 0.231250 0.798438 0.228125 0.801562 0.226562 0.810937 0.217188 0.812500 0.214062 0.814063 0.209375 0.814063 0.204687 0.812500 0.203125 0.814063 0.198437 0.817187 0.198437 0.820312 0.195312 0.821875 0.192188 0.821875 0.185938 0.820312 0.181250 0.817187 0.175000 0.814063 0.171875 0.809375 0.168750 0.804688 0.167187 0.800000 0.164062 0.790625 0.154688 0.784375 0.151562
0 0.729688 0.104688 0.723437 0.104688 0.720313 0.110937 0.717187 0.110937 0.712500 0.107813 0.706250 0.106250 0.700000 0.106250 0.693750 0.112500 0.690625 0.117188 0.689063 0.123438 0.689063 0.128125 0.692187 0.137500 0.692187 0.140625 0.685937 0.145313 0.684375 0.146875 0.684375 0.148438 0.681250 0.151562 0.681250 0.160938 0.682813 0.165625 0.689063 0.171875 0.693750 0.171875 0.698438 0.173437 0.703125 0.178125 0.703125 0.179688 0.706250 0.182812 0.709375 0.184375 0.715625 0.184375 0.721875 0.178125 0.735938 0.171875 0.737500 0.168750 0.737500 0.162500 0.739062 0.157812 0.742188 0.153125 0.742188 0.146875 0.739062 0.140625 0.740625 0.126562 0.737500 0.118750 0.732812 0.109375 0.729688 0.106250
0 0.678594 0.175469 0.677031 0.180156 0.670781 0.186406 0.662969 0.191094 0.659844 0.195781 0.658281 0.198906 0.658281 0.208281 0.659844 0.212969 0.661406 0.216094 0.666094 0.220781 0.667656 0.225469 0.670781 0.230156 0.680156 0.236406 0.689531 0.241094 0.697344 0.241094 0.705156 0.236406 0.711406 0.236406 0.714531 0.234844 0.719219 0.230156 0.720781 0.225469 0.719219 0.211406 0.720781 0.205156 0.720781 0.202031 0.717656 0.194219 0.717656 0.186406 0.714531 0.177031 0.706719 0.173906 0.698906 0.175469 0.681719 0.173906
0 0.843750 0.000000 0.843750 0.009375 0.845313 0.014063 0.846875 0.017188 0.859375 0.037500 0.862500 0.042188 0.867188 0.046875 0.870313 0.048438 0.878125 0.048438 0.884375 0.043750 0.887500 0.042188 0.892188 0.040625 0.904687 0.040625 0.907813 0.037500 0.909375 0.034375 0.910937 0.029687 0.910937 0.023438 0.912500 0.015625 0.915625 0.012500 0.915625 0.004687 0.912500 0.000000
0 0.834375 0.125000 0.832812 0.129688 0.832812 0.134375 0.826562 0.142187 0.829688 0.148438 0.835938 0.156250 0.839063 0.160938 0.840625 0.168750 0.843750 0.173437 0.851562 0.181250 0.856250 0.182812 0.860938 0.182812 0.865625 0.185938 0.871875 0.185938 0.873437 0.178125 0.876563 0.173437 0.878125 0.170313 0.878125 0.154688 0.876563 0.150000 0.871875 0.142187 0.871875 0.134375 0.868750 0.125000 0.867188 0.121875 0.864062 0.118750 0.860938 0.117188 0.856250 0.117188 0.851562 0.118750 0.843750 0.125000 0.840625 0.125000 0.839063 0.123438
0 0.948438 0.085938 0.939063 0.084375 0.934375 0.084375 0.932813 0.085938 0.926562 0.085938 0.910937 0.101562 0.909375 0.104688 0.910937 0.117188 0.909375 0.128125 0.909375 0.131250 0.910937 0.134375 0.915625 0.139063 0.921875 0.143750 0.926562 0.145313 0.937500 0.145313 0.951562 0.142187 0.956250 0.140625 0.959375 0.139063 0.962500 0.132812 0.964063 0.115625 0.964063 0.103125 0.962500 0.100000 0.959375 0.095312 0.951562 0.087500
0 0.923438 0.075000 0.921875 0.079687 0.925000 0.084375 0.935937 0.084375 0.937500 0.085938 0.950000 0.085938 0.956250 0.092188 0.970313 0.107813 0.968750 0.118750 0.975000 0.117188 0.978125 0.117188 0.981250 0.120313 0.981250 0.121875 0.982812 0.123438 0.985938 0.125000 0.989062 0.123438 0.989062 0.115625 0.990625 0.112500 0.995313 0.106250 0.995313 0.098437 0.992188 0.095312 0.989062 0.093750 0.982812 0.093750 0.979688 0.090625 0.978125 0.090625 0.968750 0.079687 0.962500 0.075000 0.957812 0.073438 0.943750 0.071875 0.929688 0.071875
0 0.965625 0.018750 0.962500 0.020313 0.960938 0.021875 0.959375 0.031250 0.960938 0.039062 0.962500 0.043750 0.965625 0.046875 0.965625 0.053125 0.960938 0.059375 0.960938 0.065625 0.962500 0.070312 0.965625 0.075000 0.973437 0.082812 0.976562 0.084375 0.979688 0.084375 0.993750 0.081250 0.998437 0.078125 0.998437 0.029687 0.995313 0.025000 0.989062 0.018750 0.982812 0.015625
0 0.984375 0.160938 0.978125 0.160938 0.970313 0.167187 0.965625 0.167187 0.964063 0.165625 0.956250 0.164062 0.945312 0.165625 0.945312 0.168750 0.937500 0.175000 0.934375 0.178125 0.935937 0.185938 0.940625 0.187500 0.943750 0.190625 0.943750 0.200000 0.945312 0.206250 0.946875 0.209375 0.950000 0.214062 0.970313 0.214062 0.976562 0.210938 0.985938 0.201563 0.993750 0.203125 0.995313 0.201563 0.998437 0.201563 0.998437 0.179688 0.995313 0.176563 0.995313 0.173437 0.992188 0.168750
0 0.995313 0.129688 0.981250 0.137500 0.979688 0.140625 0.979688 0.146875 0.981250 0.150000 0.984375 0.153125 0.984375 0.159375 0.985938 0.162500 0.989062 0.167187 0.998437 0.175000 0.998437 0.129688
0 0.943750 0.234375 0.937500 0.240625 0.932813 0.257812 0.932813 0.262500 0.934375 0.265625 0.943750 0.275000 0.946875 0.276562 0.951562 0.276562 0.953125 0.275000 0.962500 0.273438 0.973437 0.275000 0.976562 0.273438 0.978125 0.270313 0.978125 0.262500 0.975000 0.253125 0.970313 0.245312 0.968750 0.237500 0.965625 0.235937 0.959375 0.234375
0 0.984375 0.210938 0.981250 0.210938 0.976562 0.212500 0.970313 0.215625 0.967187 0.218750 0.964063 0.223438 0.962500 0.228125 0.962500 0.232813 0.965625 0.235937 0.971875 0.239063 0.990625 0.239063 0.993750 0.237500 0.995313 0.228125 0.989062 0.215625
1 0.921875 0.185938 0.921875 0.187500 0.918750 0.190625 0.917188 0.193750 0.917188 0.201563 0.918750 0.204687 0.931250 0.210938 0.934375 0.210938 0.937500 0.209375 0.940625 0.203125 0.940625 0.192188 0.934375 0.185938 0.931250 0.184375
1 0.835938 0.032813 0.832812 0.035937 0.831250 0.039062 0.831250 0.048438 0.832812 0.051562 0.839063 0.057813 0.845313 0.060937 0.851562 0.060937 0.857812 0.054688 0.860938 0.048438 0.860938 0.043750 0.857812 0.037500 0.853125 0.032813 0.850000 0.031250 0.843750 0.031250
0 0.000000 0.293750 0.000000 0.334375 0.007812 0.334375 0.012500 0.332813 0.017188 0.328125 0.020313 0.321875 0.020313 0.309375 0.018750 0.304688 0.012500 0.298438 0.004687 0.296875
0 0.920312 0.042188 0.920312 0.046875 0.918750 0.048438 0.918750 0.064062 0.920312 0.067187 0.946875 0.068750 0.953125 0.065625 0.948438 0.060937 0.937500 0.056250 0.934375 0.053125 0.932813 0.048438 0.929688 0.045312 0.923438 0.042188
0 0.935937 0.000000 0.935937 0.003125 0.937500 0.006250 0.943750 0.012500 0.948438 0.014063 0.981250 0.014063 0.987500 0.010937 0.989062 0.009375 0.990625 0.006250 0.990625 0.000000
0 0.668750 0.775000 0.664062 0.779687 0.662500 0.782813 0.662500 0.792188 0.664062 0.818750 0.665625 0.823438 0.668750 0.828125 0.671875 0.831250 0.675000 0.832812 0.681250 0.832812 0.682813 0.829688 0.682813 0.825000 0.681250 0.809375 0.679688 0.801562 0.678125 0.795312 0.675000 0.784375 0.673438 0.779687
1 0.620313 0.750000 0.618750 0.753125 0.617188 0.759375 0.617188 0.765625 0.618750 0.770312 0.621875 0.773438 0.625000 0.775000 0.628125 0.775000 0.629687 0.773438 0.634375 0.773438 0.637500 0.771875 0.639062 0.770312 0.640625 0.767188 0.640625 0.759375 0.639062 0.754687 0.635938 0.751563 0.632812 0.750000 0.628125 0.748437
1 0.740625 0.264062 0.740625 0.275000 0.742188 0.278125 0.743750 0.279687 0.746875 0.281250 0.753125 0.281250 0.756250 0.278125 0.756250 0.268750 0.754687 0.265625 0.753125 0.264062 0.750000 0.262500
1 0.581250 0.475000 0.578125 0.478125 0.578125 0.485938 0.581250 0.489063 0.589063 0.487500 0.590625 0.484375 0.590625 0.481250 0.589063 0.478125 0.587500 0.476562 0.584375 0.475000
1 0.590625 0.489063 0.590625 0.493750 0.593750 0.496875 0.598437 0.495312 0.598437 0.490625 0.596875 0.487500
1 0.604688 0.489063 0.604688 0.490625 0.603125 0.493750 0.604688 0.496875 0.607812 0.500000 0.614062 0.500000 0.614062 0.493750 0.612500 0.490625 0.609375 0.487500
1 0.610938 0.478125 0.610938 0.485938 0.612500 0.489063 0.620313 0.489063 0.618750 0.481250 0.617188 0.481250 0.614062 0.478125
1 0.590625 0.470313 0.590625 0.476562 0.592187 0.479687 0.595313 0.482812 0.600000 0.484375 0.604688 0.482812 0.604688 0.478125 0.600000 0.471875 0.598437 0.470313 0.595313 0.468750
1 0.850000 0.626563 0.848437 0.629687 0.848437 0.632812 0.853125 0.637500 0.856250 0.639062 0.859375 0.639062 0.862500 0.637500 0.864062 0.634375 0.862500 0.629687 0.860938 0.626563