0 0.356250 0.025000 0.356250 0.028125 0.354687 0.029687 0.354687 0.045312 0.356250 0.048438 0.365625 0.054688 0.371875 0.057813 0.378125 0.057813 0.381250 0.060937 0.382812 0.065625 0.385937 0.068750 0.392188 0.071875 0.403125 0.071875 0.407813 0.070312 0.410938 0.068750 0.417187 0.062500 0.417187 0.060937 0.421875 0.056250 0.423438 0.056250 0.428125 0.051562 0.429688 0.046875 0.431250 0.039062 0.431250 0.035937 0.429688 0.032813 0.425000 0.028125 0.420312 0.025000 0.406250 0.018750 0.403125 0.015625 0.401562 0.010937 0.398438 0.009375 0.382812 0.009375 0.379688 0.012500 0.379688 0.015625 0.375000 0.020313 0.362500 0.020313
0 0.471875 0.006250 0.467187 0.007812 0.462500 0.012500 0.459375 0.017188 0.457813 0.021875 0.448437 0.029687 0.445312 0.032813 0.443750 0.035937 0.442188 0.054688 0.442188 0.060937 0.445312 0.060937 0.446875 0.062500 0.451562 0.062500 0.457813 0.067187 0.460938 0.068750 0.464062 0.068750 0.470313 0.071875 0.476562 0.079687 0.482812 0.082812 0.490625 0.082812 0.493750 0.081250 0.498437 0.076563 0.498437 0.075000 0.504687 0.068750 0.510938 0.060937 0.510938 0.057813 0.512500 0.054688 0.510938 0.040625 0.515625 0.031250 0.515625 0.025000 0.512500 0.021875 0.496875 0.023438 0.489063 0.023438 0.482812 0.017188 0.482812 0.010937 0.481250 0.007812 0.478125 0.006250
1 0.492188 0.001563 0.489063 0.003125 0.484375 0.007812 0.484375 0.018750 0.487500 0.021875 0.498437 0.021875 0.501563 0.020313 0.504687 0.014063 0.504687 0.007812 0.503125 0.004687 0.501563 0.003125 0.498437 0.001563
0 0.348438 0.081250 0.345313 0.084375 0.342187 0.089063 0.340625 0.093750 0.340625 0.121875 0.342187 0.125000 0.346875 0.128125 0.354687 0.131250 0.364063 0.131250 0.371875 0.128125 0.379688 0.128125 0.384375 0.126562 0.387500 0.125000 0.395313 0.117188 0.396875 0.114062 0.398438 0.095312 0.396875 0.087500 0.395313 0.084375 0.392188 0.081250 0.389062 0.079687 0.375000 0.076563 0.365625 0.075000 0.357812 0.076563 0.353125 0.078125
0 0.486000 0.091375 0.482875 0.094500 0.475063 0.110125 0.473500 0.114813 0.473500 0.119500 0.475063 0.122625 0.478188 0.127312 0.484438 0.133563 0.489125 0.136688 0.496938 0.138250 0.512563 0.138250 0.518813 0.136688 0.523500 0.133563 0.531313 0.125750 0.537563 0.117938 0.539125 0.114813 0.539125 0.111688 0.536000 0.105438 0.531313 0.100750 0.528188 0.099187 0.520375 0.097625 0.515688 0.094500 0.509437 0.088250 0.506313 0.086688 0.501625 0.086688 0.500063 0.088250 0.493813 0.088250 0.489125 0.089812
0 0.421875 0.067187 0.418750 0.071875 0.415625 0.078125 0.414062 0.082812 0.414062 0.089063 0.410938 0.093750 0.406250 0.098437 0.404687 0.101562 0.404687 0.107813 0.409375 0.112500 0.412500 0.114062 0.418750 0.115625 0.425000 0.115625 0.443750 0.114062 0.450000 0.115625 0.457813 0.120313 0.462500 0.120313 0.467187 0.117188 0.470313 0.114062 0.473438 0.106250 0.479687 0.098437 0.479687 0.095312 0.482812 0.092188 0.484375 0.087500 0.470313 0.073438 0.450000 0.064062 0.443750 0.062500 0.426563 0.064062
0 0.398438 0.123438 0.401562 0.131250 0.401562 0.137500 0.400000 0.140625 0.395313 0.145313 0.393750 0.150000 0.393750 0.154688 0.395313 0.159375 0.396875 0.162500 0.401562 0.165625 0.412500 0.167187 0.421875 0.167187 0.428125 0.171875 0.432812 0.173437 0.443750 0.173437 0.459375 0.165625 0.460938 0.162500 0.460938 0.159375 0.464062 0.156250 0.468750 0.154688 0.470313 0.153125 0.471875 0.150000 0.471875 0.135937 0.470313 0.132812 0.467187 0.129688 0.462500 0.128125 0.457813 0.123438 0.451562 0.121875 0.443750 0.118750 0.426563 0.115625 0.406250 0.115625 0.403125 0.117188
0 0.489063 0.168750 0.485938 0.167187 0.460938 0.167187 0.442188 0.175000 0.432812 0.179688 0.426563 0.184375 0.420312 0.190625 0.420312 0.198437 0.425000 0.203125 0.429688 0.204687 0.432812 0.207813 0.432812 0.209375 0.435937 0.212500 0.439063 0.214062 0.443750 0.215625 0.451562 0.215625 0.454688 0.214062 0.460938 0.207813 0.464062 0.206250 0.470313 0.206250 0.475000 0.204687 0.481250 0.201563 0.485938 0.196875 0.485938 0.190625 0.481250 0.181250 0.481250 0.178125 0.484375 0.175000 0.485938 0.175000 0.487500 0.173437 0.487500 0.171875
0 0.325000 0.267188 0.315625 0.270313 0.312500 0.271875 0.307812 0.276562 0.306250 0.279687 0.306250 0.307812 0.309375 0.315625 0.310937 0.318750 0.314063 0.321875 0.317188 0.323437 0.323437 0.323437 0.326562 0.321875 0.331250 0.317188 0.334375 0.317188 0.342187 0.309375 0.345313 0.303125 0.351562 0.296875 0.351562 0.293750 0.350000 0.290625 0.343750 0.284375 0.335938 0.281250 0.332813 0.278125 0.332813 0.271875 0.331250 0.268750
0 0.307812 0.293750 0.304688 0.287500 0.300000 0.285938 0.290625 0.284375 0.279687 0.284375 0.276562 0.285938 0.273438 0.289062 0.273438 0.290625 0.271875 0.292187 0.268750 0.293750 0.262500 0.293750 0.256250 0.295312 0.253125 0.298438 0.251563 0.306250 0.246875 0.310937 0.246875 0.314063 0.248438 0.317188 0.250000 0.318750 0.259375 0.323437 0.264062 0.325000 0.271875 0.326562 0.278125 0.326562 0.279687 0.325000 0.287500 0.325000 0.293750 0.323437 0.296875 0.321875 0.300000 0.318750 0.301563 0.314063 0.306250 0.309375 0.307812 0.304688
0 0.228125 0.268750 0.225000 0.267188 0.221875 0.267188 0.215625 0.273438 0.214062 0.276562 0.212500 0.287500 0.203125 0.287500 0.198437 0.289062 0.193750 0.292187 0.187500 0.298438 0.187500 0.303125 0.189062 0.306250 0.192188 0.309375 0.192188 0.314063 0.189062 0.318750 0.189062 0.326562 0.193750 0.328125 0.204687 0.326562 0.209375 0.325000 0.217188 0.317188 0.223438 0.314063 0.237500 0.300000 0.240625 0.293750 0.239063 0.282813 0.232813 0.281250 0.232813 0.275000 0.231250 0.271875
0 0.214062 0.329688 0.204687 0.329688 0.195312 0.331250 0.190625 0.332813 0.185938 0.337500 0.184375 0.340625 0.184375 0.343750 0.185938 0.345313 0.185938 0.350000 0.189062 0.354687 0.192188 0.357812 0.196875 0.359375 0.209375 0.356250 0.225000 0.348438 0.225000 0.345313 0.220312 0.340625 0.217188 0.332813
1 0.239063 0.315625 0.232813 0.315625 0.225000 0.317188 0.221875 0.318750 0.218750 0.321875 0.218750 0.332813 0.221875 0.337500 0.225000 0.340625 0.228125 0.342187 0.232813 0.343750 0.239063 0.342187 0.243750 0.337500 0.245312 0.334375 0.245312 0.321875 0.242188 0.317188
1 0.246875 0.323437 0.246875 0.325000 0.245312 0.328125 0.246875 0.332813 0.250000 0.334375 0.254688 0.334375 0.257812 0.332813 0.259375 0.325000 0.256250 0.321875
1 0.301563 0.332813 0.303125 0.335938 0.306250 0.339062 0.312500 0.339062 0.317188 0.334375 0.317188 0.329688 0.314063 0.326562 0.303125 0.329688
0 0.353125 0.360938 0.343750 0.364063 0.340625 0.367188 0.337500 0.368750 0.332813 0.370312 0.326562 0.371875 0.325000 0.376563 0.325000 0.384375 0.320312 0.392188 0.321875 0.395313 0.340625 0.412500 0.345313 0.412500 0.353125 0.407813 0.357812 0.407813 0.360938 0.406250 0.367188 0.398438 0.368750 0.393750 0.368750 0.384375 0.367188 0.379688 0.365625 0.376563 0.360938 0.371875 0.359375 0.368750 0.359375 0.365625 0.357812 0.362500
0 0.234375 0.357812 0.231250 0.360938 0.231250 0.367188 0.232813 0.370312 0.235937 0.373437 0.243750 0.376563 0.243750 0.379688 0.240625 0.384375 0.240625 0.392188 0.242188 0.395313 0.248438 0.403125 0.251563 0.403125 0.253125 0.404687 0.257812 0.404687 0.268750 0.407813 0.273438 0.410938 0.281250 0.410938 0.287500 0.404687 0.290625 0.398438 0.296875 0.392188 0.296875 0.384375 0.295312 0.378125 0.290625 0.373437 0.284375 0.370312 0.273438 0.368750 0.270313 0.367188 0.262500 0.360938 0.259375 0.360938 0.254688 0.356250 0.250000 0.354687 0.243750 0.354687 0.237500 0.356250
0 0.357812 0.500000 0.354687 0.493750 0.339062 0.479687 0.335938 0.478125 0.332813 0.478125 0.328125 0.479687 0.325000 0.481250 0.320312 0.485938 0.314063 0.489063 0.310937 0.489063 0.307812 0.490625 0.304688 0.493750 0.303125 0.493750 0.301563 0.495312 0.300000 0.498437 0.300000 0.503125 0.301563 0.506250 0.307812 0.512500 0.310937 0.514062 0.321875 0.514062 0.329688 0.509375 0.335938 0.512500 0.343750 0.512500 0.350000 0.510938 0.353125 0.509375 0.356250 0.506250 0.356250 0.503125
0 0.287500 0.453125 0.279687 0.453125 0.273438 0.454688 0.270313 0.456250 0.265625 0.459375 0.257812 0.468750 0.267188 0.478125 0.268750 0.481250 0.268750 0.484375 0.271875 0.490625 0.275000 0.493750 0.282813 0.493750 0.289062 0.492188 0.295312 0.489063 0.298438 0.485938 0.300000 0.481250 0.300000 0.465625 0.298438 0.460938 0.293750 0.456250
0 0.218750 0.418750 0.217188 0.435937 0.220312 0.442188 0.225000 0.439063 0.226562 0.435937 0.231250 0.434375 0.235937 0.435937 0.235937 0.442188 0.237500 0.445312 0.239063 0.446875 0.245312 0.450000 0.248438 0.450000 0.251563 0.451562 0.254688 0.450000 0.257812 0.446875 0.260937 0.445312 0.268750 0.445312 0.273438 0.443750 0.278125 0.439063 0.282813 0.429688 0.284375 0.423438 0.282813 0.420312 0.279687 0.417187 0.273438 0.417187 0.259375 0.414062 0.251563 0.409375 0.250000 0.407813 0.250000 0.406250 0.240625 0.404687 0.235937 0.406250 0.232813 0.409375 0.229687 0.409375 0.226562 0.410938
0 0.153125 0.396875 0.151562 0.407813 0.153125 0.410938 0.154688 0.412500 0.156250 0.412500 0.159375 0.415625 0.160938 0.425000 0.165625 0.426563 0.168750 0.429688 0.168750 0.431250 0.171875 0.434375 0.173437 0.434375 0.178125 0.439063 0.179688 0.443750 0.193750 0.445312 0.198437 0.443750 0.206250 0.439063 0.209375 0.439063 0.212500 0.437500 0.214062 0.435937 0.215625 0.432812 0.215625 0.421875 0.214062 0.410938 0.212500 0.407813 0.206250 0.401562 0.198437 0.398438 0.192188 0.398438 0.187500 0.396875 0.184375 0.393750 0.170313 0.392188 0.164062 0.392188 0.159375 0.393750
0 0.170313 0.457813 0.170313 0.462500 0.176563 0.468750 0.181250 0.470313 0.214062 0.470313 0.217188 0.468750 0.220312 0.465625 0.221875 0.460938 0.220312 0.453125 0.217188 0.446875 0.214062 0.445312 0.193750 0.445312 0.187500 0.446875 0.182812 0.448437 0.173437 0.453125 0.171875 0.454688
0 0.240625 0.471875 0.235937 0.467187 0.232813 0.465625 0.228125 0.464062 0.221875 0.464062 0.217188 0.467187 0.210938 0.467187 0.201563 0.470313 0.195312 0.473438 0.195312 0.478125 0.200000 0.485938 0.201563 0.495312 0.207813 0.495312 0.215625 0.492188 0.223438 0.492188 0.231250 0.490625 0.234375 0.489063 0.239063 0.484375 0.240625 0.481250 0.242188 0.476562
0 0.923438 0.715625 0.912500 0.715625 0.909375 0.717187 0.903125 0.721875 0.900000 0.721875 0.895312 0.726562 0.890625 0.732812 0.884375 0.743750 0.884375 0.757812 0.889062 0.770312 0.890625 0.773438 0.904687 0.776563 0.912500 0.781250 0.918750 0.779687 0.921875 0.776563 0.923438 0.773438 0.931250 0.770312 0.929688 0.767188 0.935937 0.764062 0.939063 0.760938 0.939063 0.759375 0.943750 0.754687 0.945312 0.751563 0.945312 0.745313 0.943750 0.742188 0.939063 0.737500 0.937500 0.734375 0.937500 0.731250 0.935937 0.728125 0.934375 0.726562 0.929688 0.725000 0.928125 0.723437 0.926562 0.718750
0 0.909375 0.778125 0.910937 0.785937 0.918750 0.793750 0.925000 0.796875 0.932813 0.801562 0.935937 0.803125 0.946875 0.807813 0.951562 0.809375 0.957812 0.806250 0.959375 0.798438 0.959375 0.781250 0.956250 0.778125 0.948438 0.775000 0.943750 0.770312 0.942187 0.765625 0.939063 0.764062 0.935937 0.765625 0.929688 0.770312 0.926562 0.771875 0.921875 0.771875 0.917188 0.773438 0.914062 0.776563
0 0.785937 0.750000 0.785937 0.753125 0.787500 0.756250 0.790625 0.759375 0.801562 0.760938 0.809375 0.760938 0.818750 0.765625 0.826562 0.767188 0.832812 0.767188 0.837500 0.765625 0.840625 0.764062 0.846875 0.759375 0.854688 0.751563 0.853125 0.746875 0.850000 0.743750 0.850000 0.737500 0.848437 0.734375 0.840625 0.726562 0.837500 0.725000 0.817187 0.723437 0.803125 0.723437 0.800000 0.725000 0.798438 0.740625 0.795312 0.743750 0.787500 0.746875
0 0.859375 0.751563 0.853125 0.753125 0.846875 0.757812 0.835938 0.767188 0.834375 0.771875 0.831250 0.775000 0.829688 0.782813 0.832812 0.798438 0.834375 0.801562 0.843750 0.804688 0.846875 0.806250 0.850000 0.809375 0.853125 0.810937 0.857812 0.812500 0.867188 0.812500 0.870313 0.810937 0.876563 0.806250 0.879687 0.804688 0.885938 0.803125 0.896875 0.796875 0.896875 0.793750 0.898438 0.792188 0.898438 0.785937 0.896875 0.781250 0.893750 0.778125 0.887500 0.773438 0.884375 0.767188 0.882812 0.760938 0.881250 0.757812 0.878125 0.756250 0.864062 0.751563
0 0.771875 0.765625 0.768750 0.790625 0.770312 0.793750 0.781250 0.804688 0.784375 0.809375 0.784375 0.812500 0.787500 0.815625 0.801562 0.817187 0.814063 0.817187 0.820312 0.814063 0.828125 0.806250 0.832812 0.804688 0.834375 0.796875 0.828125 0.784375 0.826562 0.778125 0.825000 0.765625 0.817187 0.760938 0.812500 0.759375 0.793750 0.757812 0.790625 0.757812 0.776563 0.762500 0.773438 0.765625
0 0.717187 0.814063 0.715625 0.812500 0.710938 0.810937 0.707812 0.807813 0.707812 0.804688 0.706250 0.801562 0.701562 0.796875 0.695312 0.796875 0.687500 0.800000 0.678125 0.801562 0.670312 0.798438 0.665625 0.798438 0.659375 0.801562 0.648438 0.807813 0.645312 0.810937 0.643750 0.814063 0.645312 0.821875 0.646875 0.826562 0.653125 0.831250 0.654687 0.840625 0.657813 0.843750 0.660937 0.845313 0.668750 0.846875 0.678125 0.846875 0.684375 0.845313 0.687500 0.843750 0.700000 0.829688 0.707812 0.826562 0.712500 0.820312 0.715625 0.820312 0.718750 0.818750 0.717187 0.815625
0 0.637500 0.843750 0.635938 0.842187 0.632812 0.840625 0.628125 0.839063 0.615625 0.837500 0.610938 0.837500 0.606250 0.839063 0.603125 0.842187 0.601562 0.846875 0.598437 0.850000 0.585938 0.856250 0.579688 0.856250 0.576562 0.859375 0.576562 0.865625 0.579688 0.876563 0.582812 0.879687 0.590625 0.881250 0.603125 0.881250 0.615625 0.879687 0.620313 0.878125 0.623437 0.876563 0.628125 0.873437 0.637500 0.864062 0.640625 0.857812 0.640625 0.853125 0.639062 0.846875
0 0.578125 0.878125 0.575000 0.876563 0.568750 0.875000 0.560937 0.875000 0.554688 0.878125 0.551562 0.882812 0.548438 0.884375 0.543750 0.885938 0.537500 0.885938 0.534375 0.887500 0.532813 0.889062 0.531250 0.893750 0.528125 0.900000 0.531250 0.904687 0.531250 0.907813 0.528125 0.910937 0.529687 0.923438 0.532813 0.925000 0.543750 0.925000 0.546875 0.926562 0.553125 0.931250 0.559375 0.931250 0.571875 0.925000 0.576562 0.925000 0.581250 0.921875 0.584375 0.921875 0.587500 0.920312 0.587500 0.917188 0.589063 0.909375 0.589063 0.900000 0.587500 0.895312 0.581250 0.882812
0 0.634375 0.882812 0.629687 0.881250 0.626563 0.881250 0.621875 0.882812 0.618750 0.884375 0.615625 0.889062 0.614062 0.893750 0.612500 0.895312 0.609375 0.896875 0.601562 0.896875 0.598437 0.898438 0.595313 0.901563 0.593750 0.904687 0.593750 0.909375 0.595313 0.915625 0.600000 0.923438 0.600000 0.932813 0.601562 0.935937 0.606250 0.939063 0.609375 0.940625 0.635938 0.940625 0.640625 0.939063 0.646875 0.935937 0.651563 0.931250 0.653125 0.926562 0.654687 0.915625 0.653125 0.912500 0.650000 0.909375 0.640625 0.903125 0.637500 0.901563 0.634375 0.901563 0.631250 0.898438 0.632812 0.893750 0.637500 0.893750 0.640625 0.892188 0.640625 0.889062 0.637500 0.884375
0 0.546875 0.939063 0.546875 0.945312 0.548438 0.950000 0.550000 0.953125 0.553125 0.956250 0.560937 0.956250 0.570312 0.960938 0.579688 0.967187 0.582812 0.968750 0.590625 0.968750 0.601562 0.959375 0.603125 0.946875 0.601562 0.943750 0.593750 0.934375 0.590625 0.926562 0.582812 0.925000 0.571875 0.925000 0.567187 0.926562 0.559375 0.929688 0.556250 0.932813 0.553125 0.932813
0 0.521875 0.973437 0.521875 0.978125 0.525000 0.982812 0.526563 0.995313 0.528125 0.995313 0.531250 0.998437 0.595313 0.998437 0.596875 0.995313 0.596875 0.978125 0.595313 0.975000 0.592187 0.971875 0.589063 0.970313 0.578125 0.968750 0.571875 0.962500 0.562500 0.957812 0.554688 0.956250 0.551562 0.957812 0.546875 0.959375 0.545312 0.964063 0.537500 0.967187 0.531250 0.967187 0.526563 0.968750
0 0.671875 0.862500 0.651563 0.884375 0.650000 0.889062 0.648438 0.895312 0.648438 0.906250 0.654687 0.912500 0.654687 0.918750 0.653125 0.920312 0.653125 0.926562 0.656250 0.929688 0.670312 0.929688 0.681250 0.934375 0.692187 0.934375 0.700000 0.931250 0.707812 0.931250 0.712500 0.929688 0.715625 0.926562 0.714063 0.923438 0.715625 0.920312 0.723437 0.910937 0.725000 0.907813 0.726562 0.903125 0.726562 0.895312 0.725000 0.892188 0.720313 0.885938 0.706250 0.870313 0.685937 0.860938 0.675000 0.860938
0 0.715625 0.932813 0.703125 0.932813 0.695312 0.934375 0.689063 0.937500 0.685937 0.940625 0.685937 0.948438 0.687500 0.950000 0.687500 0.959375 0.690625 0.965625 0.689063 0.968750 0.684375 0.973437 0.684375 0.981250 0.689063 0.985938 0.693750 0.987500 0.696875 0.990625 0.701562 0.993750 0.700000 0.987500 0.700000 0.984375 0.701562 0.979688 0.704688 0.973437 0.706250 0.971875 0.720313 0.964063 0.732812 0.960938 0.739062 0.960938 0.740625 0.956250 0.739062 0.950000 0.737500 0.946875 0.721875 0.935937
0 0.767188 0.987500 0.765625 0.984375 0.760938 0.979688 0.757812 0.975000 0.754687 0.962500 0.746875 0.960938 0.739062 0.960938 0.731250 0.962500 0.725000 0.965625 0.718750 0.965625 0.715625 0.967187 0.710938 0.971875 0.707812 0.978125 0.707812 0.985938 0.700000 0.993750 0.701562 0.996875 0.764062 0.998437 0.767188 0.993750
0 0.812500 0.920312 0.807813 0.921875 0.801562 0.925000 0.795312 0.931250 0.793750 0.935937 0.790625 0.939063 0.784375 0.942187 0.779687 0.946875 0.779687 0.954688 0.781250 0.956250 0.779687 0.964063 0.779687 0.967187 0.781250 0.971875 0.787500 0.978125 0.793750 0.982812 0.798438 0.982812 0.801562 0.984375 0.806250 0.990625 0.812500 0.993750 0.825000 0.993750 0.837500 0.981250 0.842187 0.979688 0.846875 0.973437 0.851562 0.971875 0.853125 0.965625 0.848437 0.964063 0.845313 0.960938 0.845313 0.956250 0.848437 0.950000 0.845313 0.946875 0.840625 0.945312 0.839063 0.943750 0.831250 0.932813 0.826562 0.928125 0.817187 0.920312
0 0.731250 0.895312 0.729688 0.900000 0.726562 0.904687 0.721875 0.915625 0.721875 0.925000 0.723437 0.929688 0.726562 0.935937 0.731250 0.940625 0.745313 0.948438 0.754687 0.950000 0.764062 0.950000 0.776563 0.945312 0.781250 0.940625 0.785937 0.939063 0.787500 0.937500 0.789062 0.934375 0.793750 0.915625 0.793750 0.907813 0.792188 0.904687 0.789062 0.901563 0.785937 0.900000 0.775000 0.898438 0.770312 0.895312 0.764062 0.893750 0.750000 0.892188 0.743750 0.892188 0.742188 0.893750 0.734375 0.893750
0 0.790625 0.814063 0.784375 0.810937 0.782813 0.809375 0.778125 0.801562 0.771875 0.795312 0.770312 0.795312 0.767188 0.792188 0.760938 0.792188 0.756250 0.793750 0.751563 0.796875 0.732812 0.798438 0.728125 0.800000 0.725000 0.803125 0.725000 0.807813 0.728125 0.814063 0.728125 0.817187 0.718750 0.825000 0.717187 0.835938 0.718750 0.840625 0.720313 0.843750 0.726562 0.843750 0.731250 0.845313 0.734375 0.848437 0.739062 0.850000 0.757812 0.850000 0.760938 0.848437 0.767188 0.842187 0.771875 0.840625 0.771875 0.837500 0.775000 0.834375 0.782813 0.828125 0.787500 0.826562 0.787500 0.821875
0 0.796875 0.825000 0.795312 0.839063 0.792188 0.845313 0.792188 0.851562 0.793750 0.853125 0.793750 0.860938 0.798438 0.865625 0.801562 0.867188 0.809375 0.867188 0.820312 0.864062 0.831250 0.864062 0.835938 0.859375 0.842187 0.857812 0.843750 0.853125 0.848437 0.848437 0.848437 0.843750 0.843750 0.840625 0.834375 0.839063 0.828125 0.832812 0.828125 0.829688 0.826562 0.826562 0.821875 0.821875 0.817187 0.820312 0.803125 0.820312
0 0.784375 0.890625 0.789062 0.892188 0.796875 0.900000 0.800000 0.901563 0.804688 0.903125 0.810937 0.903125 0.814063 0.906250 0.814063 0.909375 0.825000 0.920312 0.829688 0.921875 0.832812 0.918750 0.846875 0.918750 0.851562 0.917188 0.854688 0.915625 0.859375 0.910937 0.859375 0.889062 0.843750 0.871875 0.828125 0.871875 0.825000 0.868750 0.821875 0.870313 0.806250 0.870313 0.803125 0.868750 0.800000 0.870313 0.798438 0.875000 0.795312 0.878125 0.792188 0.878125 0.787500 0.882812 0.785937 0.885938
0 0.767188 0.845313 0.767188 0.850000 0.764062 0.857812 0.760938 0.860938 0.759375 0.864062 0.757812 0.873437 0.768750 0.879687 0.771875 0.881250 0.778125 0.887500 0.779687 0.892188 0.789062 0.892188 0.793750 0.895312 0.793750 0.890625 0.798438 0.884375 0.800000 0.881250 0.800000 0.876563 0.803125 0.871875 0.803125 0.862500 0.801562 0.859375 0.796875 0.853125 0.793750 0.843750 0.771875 0.843750 0.770312 0.845313
0 0.755062 0.880234 0.757609 0.876703 0.763469 0.868094 0.765297 0.856344 0.764078 0.850969 0.749094 0.844094 0.736031 0.841953 0.727125 0.845906 0.722766 0.852594 0.720938 0.860688 0.722859 0.870625 0.728531 0.878516 0.742000 0.880547
0 0.000000 0.873437 0.000000 0.926562 0.006250 0.923438 0.009375 0.917188 0.010937 0.912500 0.010937 0.906250 0.012500 0.903125 0.020313 0.895312 0.021875 0.892188 0.020313 0.889062 0.010937 0.879687 0.006250 0.878125 0.003125 0.875000