0 0.443750 0.293750 0.440625 0.292187 0.428125 0.292187 0.425000 0.293750 0.421875 0.296875 0.415625 0.298438 0.410938 0.298438 0.395313 0.303125 0.389062 0.306250 0.385937 0.309375 0.378125 0.321875 0.376563 0.328125 0.376563 0.334375 0.379688 0.339062 0.385937 0.346875 0.384375 0.357812 0.389062 0.362500 0.398438 0.367188 0.407813 0.367188 0.420312 0.365625 0.425000 0.368750 0.429688 0.370312 0.437500 0.370312 0.442188 0.368750 0.445312 0.365625 0.445312 0.364063 0.450000 0.360938 0.450000 0.356250 0.451562 0.353125 0.454688 0.350000 0.456250 0.350000 0.460938 0.345313 0.465625 0.339062 0.468750 0.332813 0.468750 0.318750 0.467187 0.315625 0.459375 0.307812 0.454688 0.307812 0.451562 0.304688 0.451562 0.301563
0 0.364063 0.353125 0.359375 0.351562 0.353125 0.351562 0.350000 0.353125 0.345313 0.357812 0.343750 0.362500 0.342187 0.365625 0.320312 0.367188 0.317188 0.370312 0.315625 0.379688 0.315625 0.387500 0.321875 0.393750 0.323437 0.393750 0.328125 0.398438 0.321875 0.404687 0.320312 0.409375 0.320312 0.414062 0.321875 0.417187 0.325000 0.420312 0.342187 0.418750 0.348438 0.418750 0.353125 0.420312 0.357812 0.423438 0.365625 0.423438 0.368750 0.421875 0.370312 0.420312 0.370312 0.418750 0.373437 0.415625 0.375000 0.412500 0.375000 0.406250 0.378125 0.400000 0.379688 0.393750 0.379688 0.382812 0.378125 0.378125 0.373437 0.373437 0.371875 0.370312 0.371875 0.364063 0.370312 0.359375
0 0.445312 0.395313 0.445312 0.401562 0.446875 0.412500 0.450000 0.423438 0.451562 0.426563 0.459375 0.434375 0.460938 0.439063 0.465625 0.442188 0.468750 0.443750 0.476562 0.443750 0.482812 0.440625 0.500000 0.440625 0.503125 0.439063 0.506250 0.435937 0.507812 0.431250 0.512500 0.426563 0.515625 0.426563 0.520312 0.423438 0.523438 0.415625 0.523438 0.407813 0.518750 0.403125 0.512500 0.400000 0.495312 0.398438 0.492188 0.396875 0.485938 0.392188 0.479687 0.389062 0.473438 0.387500 0.465625 0.387500 0.456250 0.389062 0.450000 0.390625 0.446875 0.392188
0 0.334375 0.487500 0.337500 0.493750 0.343750 0.500000 0.365625 0.500000 0.367188 0.496875 0.368750 0.492188 0.371875 0.489063 0.379688 0.487500 0.382812 0.485938 0.389062 0.479687 0.392188 0.475000 0.390625 0.470313 0.387500 0.468750 0.381250 0.471875 0.375000 0.471875 0.370312 0.468750 0.356250 0.464062 0.350000 0.464062 0.346875 0.465625 0.345313 0.468750 0.350000 0.473438 0.346875 0.476562 0.343750 0.478125 0.340625 0.478125 0.337500 0.479687 0.334375 0.482812
0 0.396875 0.475000 0.393750 0.476562 0.385937 0.484375 0.381250 0.487500 0.375000 0.487500 0.371875 0.489063 0.367188 0.493750 0.365625 0.501563 0.367188 0.504687 0.370312 0.507812 0.370312 0.514062 0.368750 0.515625 0.368750 0.520312 0.370312 0.523438 0.375000 0.528125 0.379688 0.529687 0.385937 0.535937 0.387500 0.540625 0.390625 0.543750 0.407813 0.545312 0.414062 0.545312 0.418750 0.542188 0.425000 0.535937 0.426563 0.532813 0.428125 0.528125 0.428125 0.515625 0.426563 0.509375 0.425000 0.504687 0.421875 0.498437 0.412500 0.484375 0.406250 0.478125 0.400000 0.475000
0 0.493750 0.462500 0.490625 0.460938 0.479687 0.460938 0.473438 0.462500 0.470313 0.465625 0.467187 0.467187 0.460938 0.465625 0.457813 0.467187 0.451562 0.471875 0.446875 0.476562 0.446875 0.489063 0.443750 0.492188 0.442188 0.495312 0.442188 0.501563 0.445312 0.506250 0.445312 0.510938 0.446875 0.514062 0.448437 0.515625 0.451562 0.517188 0.462500 0.517188 0.465625 0.520312 0.476562 0.520312 0.482812 0.517188 0.484375 0.515625 0.485938 0.510938 0.489063 0.507812 0.492188 0.506250 0.498437 0.506250 0.504687 0.504687 0.507812 0.503125 0.510938 0.500000 0.510938 0.487500 0.509375 0.484375 0.495312 0.470313
0 0.476562 0.579688 0.476562 0.575000 0.475000 0.571875 0.468750 0.565625 0.464062 0.564063 0.459375 0.559375 0.462500 0.556250 0.464062 0.551562 0.462500 0.548438 0.459375 0.545312 0.456250 0.543750 0.443750 0.543750 0.431250 0.548438 0.410938 0.548438 0.407813 0.551562 0.406250 0.556250 0.403125 0.557813 0.400000 0.557813 0.393750 0.564063 0.393750 0.568750 0.396875 0.575000 0.401562 0.579688 0.406250 0.581250 0.418750 0.582812 0.420312 0.589063 0.421875 0.590625 0.425000 0.592187 0.429688 0.592187 0.431250 0.590625 0.434375 0.590625 0.443750 0.593750 0.451562 0.593750 0.454688 0.592187 0.456250 0.587500 0.457813 0.584375 0.473438 0.582812
0 0.535937 0.490625 0.526563 0.492188 0.526563 0.517188 0.523438 0.521875 0.523438 0.528125 0.521875 0.534375 0.512500 0.543750 0.503125 0.548438 0.500000 0.551562 0.500000 0.557813 0.503125 0.559375 0.507812 0.560937 0.512500 0.565625 0.521875 0.565625 0.525000 0.564063 0.529687 0.559375 0.529687 0.557813 0.535937 0.551562 0.537500 0.548438 0.539062 0.542188 0.543750 0.535937 0.545312 0.523438 0.545312 0.506250 0.543750 0.500000 0.542188 0.495312 0.539062 0.492188
1 0.402672 0.444656 0.401109 0.447781 0.401109 0.455594 0.402672 0.458719 0.415172 0.460281 0.421422 0.454031 0.421422 0.446219 0.418297 0.443094 0.413609 0.443094 0.412047 0.441531 0.408922 0.441531
1 0.557813 0.520312 0.557813 0.529687 0.559375 0.532813 0.562500 0.534375 0.567187 0.535937 0.579688 0.535937 0.582812 0.534375 0.584375 0.518750 0.578125 0.512500 0.567187 0.512500 0.564063 0.514062
0 0.462500 0.378125 0.464062 0.387500 0.473438 0.387500 0.479687 0.389062 0.485938 0.392188 0.489063 0.395313 0.492188 0.396875 0.504687 0.400000 0.517188 0.400000 0.525000 0.392188 0.526563 0.387500 0.526563 0.379688 0.525000 0.376563 0.515625 0.375000 0.501563 0.381250 0.498437 0.378125 0.496875 0.373437 0.490625 0.367188 0.485938 0.364063 0.479687 0.362500 0.476562 0.364063 0.473438 0.364063 0.467187 0.370312 0.464062 0.375000
0 0.468750 0.342187 0.460938 0.340625 0.456250 0.345313 0.456250 0.346875 0.453125 0.350000 0.445312 0.356250 0.443750 0.359375 0.442188 0.365625 0.442188 0.381250 0.445312 0.382812 0.454688 0.382812 0.459375 0.381250 0.464062 0.376563 0.467187 0.370312 0.473438 0.365625 0.475000 0.356250 0.471875 0.348438
0 0.584375 0.623437 0.585938 0.626563 0.590625 0.631250 0.595313 0.632812 0.598437 0.635938 0.598437 0.639062 0.601562 0.642188 0.604688 0.643750 0.618750 0.642188 0.623437 0.643750 0.628125 0.646875 0.635938 0.646875 0.639062 0.645312 0.642188 0.642188 0.645312 0.640625 0.650000 0.639062 0.662500 0.639062 0.668750 0.635938 0.668750 0.628125 0.667188 0.625000 0.659375 0.617188 0.651563 0.615625 0.643750 0.610938 0.634375 0.609375 0.629687 0.604688 0.625000 0.601562 0.618750 0.600000 0.607812 0.600000 0.600000 0.601562 0.596875 0.603125 0.595313 0.607812 0.587500 0.615625
0 0.632812 0.528125 0.629687 0.534375 0.625000 0.539062 0.620313 0.542188 0.612500 0.545312 0.607812 0.550000 0.604688 0.556250 0.603125 0.562500 0.603125 0.573438 0.606250 0.584375 0.610938 0.593750 0.612500 0.595313 0.614062 0.595313 0.617188 0.598437 0.623437 0.600000 0.629687 0.600000 0.640625 0.598437 0.643750 0.601562 0.643750 0.603125 0.648438 0.606250 0.653125 0.603125 0.657813 0.598437 0.657813 0.595313 0.662500 0.590625 0.664062 0.584375 0.665625 0.575000 0.662500 0.570312 0.665391 0.566844 0.663344 0.561797 0.659250 0.557156 0.648438 0.540625
0 0.678484 0.495312 0.675359 0.496875 0.670672 0.501563 0.670672 0.503125 0.665984 0.507812 0.653484 0.509375 0.647234 0.512500 0.642547 0.517188 0.635719 0.526438 0.655047 0.550000 0.659734 0.551562 0.661297 0.553125 0.662859 0.556250 0.662859 0.559375 0.669109 0.565625 0.672234 0.571875 0.670672 0.578125 0.675359 0.585938 0.678484 0.585938 0.680047 0.584375 0.683172 0.584375 0.692547 0.585938 0.700359 0.582812 0.708172 0.576562 0.709734 0.576562 0.712859 0.570312 0.714422 0.565625 0.714422 0.559375 0.715984 0.554688 0.722234 0.548438 0.725359 0.548438 0.728484 0.545312 0.739422 0.542188 0.742547 0.540625 0.744109 0.534375 0.739422 0.529687 0.736297 0.528125 0.728484 0.528125 0.725359 0.526563 0.715984 0.520312 0.711297 0.515625 0.711297 0.514062 0.706609 0.509375 0.701922 0.509375 0.698797 0.507812 0.695672 0.504687 0.695672 0.501563 0.690984 0.496875 0.687859 0.495312
0 0.676562 0.587500 0.670312 0.589063 0.665625 0.590625 0.662500 0.592187 0.660937 0.595313 0.660937 0.598437 0.675000 0.612500 0.681250 0.620313 0.681250 0.637500 0.684375 0.637500 0.685937 0.634375 0.687500 0.629687 0.689063 0.628125 0.692187 0.626563 0.698438 0.626563 0.700000 0.623437 0.700000 0.620313 0.698438 0.617188 0.695312 0.614062 0.693750 0.610938 0.692187 0.606250 0.692187 0.595313 0.685937 0.589063 0.682813 0.587500
0 0.651563 0.678125 0.648438 0.681250 0.646875 0.685937 0.646875 0.692187 0.650000 0.695312 0.656250 0.696875 0.665625 0.698438 0.668750 0.701562 0.668750 0.706250 0.665625 0.710938 0.665625 0.721875 0.667188 0.725000 0.675000 0.732812 0.685937 0.734375 0.689063 0.739062 0.693750 0.739062 0.696875 0.735938 0.698438 0.725000 0.701562 0.720313 0.701562 0.710938 0.698438 0.704688 0.693750 0.693750 0.685937 0.685937 0.681250 0.684375 0.676562 0.679688 0.670312 0.676562 0.656250 0.676562
0 0.864062 0.678125 0.859375 0.676562 0.850000 0.676562 0.842187 0.678125 0.837500 0.679688 0.834375 0.681250 0.823438 0.690625 0.817187 0.696875 0.815625 0.700000 0.814063 0.712500 0.809375 0.720313 0.809375 0.723437 0.810937 0.725000 0.810937 0.729688 0.814063 0.732812 0.817187 0.734375 0.823438 0.734375 0.831250 0.726562 0.832812 0.723437 0.832812 0.718750 0.834375 0.715625 0.843750 0.714063 0.850000 0.710938 0.862500 0.698438 0.864062 0.695312 0.864062 0.689063 0.865625 0.684375 0.867188 0.681250
0 0.745313 0.731250 0.745313 0.734375 0.748437 0.743750 0.751563 0.745313 0.764062 0.745313 0.768750 0.750000 0.770312 0.754687 0.773438 0.757812 0.776563 0.759375 0.781250 0.760938 0.790625 0.760938 0.793750 0.759375 0.798438 0.754687 0.800000 0.750000 0.815625 0.748437 0.818750 0.746875 0.818750 0.735938 0.814063 0.734375 0.810937 0.731250 0.810937 0.729688 0.807813 0.726562 0.803125 0.723437 0.796875 0.720313 0.781250 0.721875 0.776563 0.720313 0.765625 0.721875 0.751563 0.726562 0.748437 0.728125
0 0.732812 0.667188 0.728125 0.668750 0.721875 0.671875 0.718750 0.675000 0.717187 0.675000 0.715625 0.676562 0.715625 0.678125 0.700000 0.692187 0.700000 0.703125 0.701562 0.706250 0.704688 0.709375 0.709375 0.710938 0.712500 0.714063 0.712500 0.718750 0.714063 0.723437 0.718750 0.728125 0.721875 0.729688 0.728125 0.729688 0.735938 0.726562 0.740625 0.728125 0.748437 0.737500 0.750000 0.734375 0.754687 0.734375 0.760938 0.731250 0.762500 0.726562 0.770312 0.720313 0.776563 0.720313 0.782813 0.717187 0.782813 0.704688 0.775000 0.696875 0.773438 0.693750 0.770312 0.684375 0.764062 0.679688 0.757812 0.676562 0.748437 0.667188
0 0.728125 0.653125 0.726562 0.650000 0.723437 0.646875 0.720313 0.645312 0.715625 0.645312 0.707812 0.648438 0.700000 0.648438 0.692187 0.650000 0.689063 0.651563 0.682813 0.657813 0.682813 0.665625 0.687500 0.670312 0.692187 0.673438 0.696875 0.675000 0.710938 0.675000 0.715625 0.673438 0.718750 0.671875 0.723437 0.667188 0.725000 0.667188 0.728125 0.664062
0 0.695312 0.646875 0.709375 0.646875 0.714063 0.645312 0.721875 0.637500 0.732812 0.637500 0.735938 0.639062 0.742188 0.645312 0.751563 0.645312 0.754687 0.642188 0.756250 0.642188 0.757812 0.640625 0.759375 0.637500 0.759375 0.632812 0.757812 0.631250 0.759375 0.625000 0.767188 0.625000 0.773438 0.626563 0.775000 0.628125 0.778125 0.628125 0.784375 0.621875 0.789062 0.615625 0.790625 0.610938 0.789062 0.607812 0.784375 0.606250 0.770312 0.598437 0.765625 0.596875 0.756250 0.596875 0.742188 0.593750 0.731250 0.589063 0.725000 0.589063 0.701562 0.601562 0.698438 0.604688 0.698438 0.609375 0.703125 0.614062 0.704688 0.629687 0.698438 0.635938 0.696875 0.639062 0.695312 0.643750
0 0.721875 0.546875 0.717187 0.551562 0.715625 0.554688 0.712500 0.562500 0.709375 0.575000 0.710938 0.578125 0.714063 0.581250 0.717187 0.582812 0.721875 0.582812 0.726562 0.584375 0.729688 0.585938 0.732812 0.589063 0.739062 0.592187 0.743750 0.593750 0.751563 0.593750 0.756250 0.592187 0.759375 0.589063 0.762500 0.581250 0.768750 0.575000 0.770312 0.571875 0.771875 0.567187 0.771875 0.564063 0.770312 0.562500 0.770312 0.557813 0.757812 0.545312 0.754687 0.543750 0.748437 0.542188 0.737500 0.542188
0 0.835938 0.512500 0.831250 0.514062 0.828125 0.515625 0.820312 0.523438 0.812500 0.539062 0.810937 0.543750 0.810937 0.564063 0.814063 0.567187 0.817187 0.567187 0.823438 0.571875 0.834375 0.582812 0.843750 0.587500 0.856250 0.587500 0.859375 0.585938 0.860938 0.582812 0.860938 0.579688 0.864062 0.575000 0.868750 0.570312 0.870313 0.567187 0.870313 0.554688 0.868750 0.551562 0.865625 0.548438 0.865625 0.542188 0.871875 0.535937 0.871875 0.529687 0.870313 0.526563 0.867188 0.523438 0.859375 0.520312 0.850000 0.521875 0.843750 0.520312 0.843750 0.517188 0.842187 0.514062 0.839063 0.512500
0 0.859125 0.590953 0.845063 0.590953 0.840375 0.592516 0.837250 0.594078 0.832563 0.600328 0.824750 0.601891 0.823188 0.600328 0.816938 0.600328 0.810688 0.601891 0.807563 0.603453 0.796625 0.612828 0.795063 0.617516 0.791937 0.620641 0.790375 0.623766 0.790375 0.628453 0.793500 0.631578 0.793500 0.634703 0.795063 0.637828 0.799750 0.642516 0.802875 0.644078 0.807563 0.644078 0.810688 0.647203 0.810688 0.651891 0.813813 0.658141 0.818500 0.662828 0.823188 0.664391 0.829438 0.664391 0.832563 0.662828 0.835688 0.659703 0.837250 0.656578 0.838813 0.648766 0.845063 0.648766 0.856000 0.650328 0.862250 0.647203 0.863813 0.644078 0.865375 0.639391 0.865375 0.634703 0.863813 0.630016 0.862250 0.626891 0.859125 0.623766 0.857563 0.620641 0.865375 0.611266 0.866938 0.605016 0.865375 0.598766 0.862250 0.594078
0 0.959375 0.500000 0.953125 0.500000 0.942187 0.503125 0.939063 0.504687 0.934375 0.507812 0.931250 0.510938 0.929688 0.514062 0.929688 0.520312 0.921875 0.526563 0.920312 0.531250 0.912500 0.543750 0.910937 0.546875 0.910937 0.556250 0.915625 0.560937 0.920312 0.560937 0.923438 0.562500 0.929688 0.568750 0.934375 0.570312 0.940625 0.568750 0.943750 0.565625 0.946875 0.554688 0.950000 0.551562 0.959375 0.551562 0.960938 0.550000 0.965625 0.550000 0.967187 0.546875 0.968750 0.529687 0.971875 0.528125 0.975000 0.528125 0.978125 0.525000 0.978125 0.521875 0.975000 0.515625 0.968750 0.509375 0.968750 0.506250 0.965625 0.503125
0 0.956250 0.428125 0.953125 0.429688 0.950000 0.432812 0.948438 0.435937 0.948438 0.440625 0.946875 0.445312 0.943750 0.448437 0.940625 0.448437 0.937500 0.450000 0.935937 0.457813 0.937500 0.473438 0.939063 0.476562 0.942187 0.481250 0.950000 0.490625 0.951562 0.495312 0.964063 0.496875 0.970313 0.500000 0.979688 0.498437 0.979688 0.485938 0.982812 0.482812 0.989062 0.481250 0.998437 0.473438 0.998437 0.465625 0.993750 0.465625 0.981250 0.453125 0.981250 0.450000 0.985938 0.445312 0.987500 0.442188 0.985938 0.437500 0.981250 0.435937 0.973437 0.428125 0.965625 0.426563 0.962500 0.426563 0.960938 0.428125
0 0.881250 0.392188 0.879687 0.395313 0.879687 0.407813 0.884375 0.414062 0.885938 0.417187 0.887500 0.421875 0.887500 0.426563 0.889062 0.429688 0.895312 0.432812 0.909375 0.435937 0.915625 0.435937 0.918750 0.432812 0.923438 0.432812 0.931250 0.435937 0.937500 0.434375 0.942187 0.432812 0.945312 0.431250 0.951562 0.425000 0.951562 0.415625 0.956250 0.410938 0.957812 0.406250 0.957812 0.398438 0.956250 0.395313 0.951562 0.390625 0.946875 0.387500 0.939063 0.385937 0.934375 0.387500 0.931250 0.390625 0.926562 0.390625 0.925000 0.387500 0.915625 0.378125 0.909375 0.375000 0.904687 0.373437 0.900000 0.373437 0.896875 0.376563 0.895312 0.379688 0.895312 0.382812 0.893750 0.385937 0.889062 0.390625
0 0.826562 0.354687 0.823438 0.357812 0.823438 0.371875 0.825000 0.376563 0.828125 0.379688 0.831250 0.381250 0.842187 0.381250 0.846875 0.382812 0.850000 0.385937 0.853125 0.396875 0.864062 0.396875 0.867188 0.395313 0.875000 0.389062 0.881250 0.387500 0.884375 0.385937 0.892188 0.378125 0.892188 0.373437 0.887500 0.370312 0.887500 0.367188 0.889062 0.359375 0.887500 0.356250 0.885938 0.354687 0.879687 0.350000 0.875000 0.346875 0.871875 0.345313 0.867188 0.343750 0.857812 0.345313 0.859375 0.348438 0.856250 0.353125 0.856250 0.354687 0.854688 0.357812 0.850000 0.357812 0.850000 0.356250 0.848437 0.354687 0.842187 0.351562 0.831250 0.351562
0 0.835938 0.442188 0.832812 0.443750 0.828125 0.448437 0.826562 0.453125 0.826562 0.460938 0.829688 0.471875 0.817187 0.471875 0.812500 0.476562 0.810937 0.479687 0.810937 0.485938 0.812500 0.490625 0.817187 0.495312 0.820312 0.496875 0.832812 0.498437 0.834375 0.509375 0.842187 0.510938 0.853125 0.510938 0.856250 0.509375 0.860938 0.504687 0.862500 0.501563 0.864062 0.493750 0.868750 0.493750 0.873437 0.492188 0.876563 0.490625 0.881250 0.485938 0.884375 0.476562 0.884375 0.467187 0.878125 0.462500 0.876563 0.459375 0.876563 0.453125 0.868750 0.445312 0.864062 0.442188 0.860938 0.440625 0.845313 0.440625
0 0.804688 0.357812 0.798438 0.357812 0.796875 0.360938 0.795312 0.365625 0.795312 0.376563 0.787500 0.382812 0.781250 0.390625 0.768750 0.401562 0.768750 0.409375 0.770312 0.412500 0.773438 0.415625 0.776563 0.415625 0.779687 0.418750 0.778125 0.421875 0.775000 0.425000 0.775000 0.428125 0.778125 0.429688 0.785937 0.428125 0.787500 0.423438 0.790625 0.420312 0.792188 0.417187 0.795312 0.407813 0.795312 0.401562 0.800000 0.395313 0.801562 0.392188 0.803125 0.387500 0.804688 0.379688 0.806250 0.365625 0.806250 0.360938
0 0.842187 0.381250 0.832812 0.379688 0.825000 0.379688 0.818750 0.382812 0.817187 0.393750 0.812500 0.400000 0.812500 0.403125 0.810937 0.406250 0.806250 0.410938 0.798438 0.410938 0.795312 0.414062 0.793750 0.417187 0.792188 0.421875 0.792188 0.426563 0.796875 0.431250 0.800000 0.437500 0.803125 0.439063 0.809375 0.440625 0.818750 0.442188 0.818750 0.443750 0.826562 0.445312 0.837500 0.439063 0.848437 0.428125 0.846875 0.415625 0.846875 0.409375 0.851562 0.398438 0.851562 0.393750 0.850000 0.387500 0.848437 0.384375
0 0.737500 0.451562 0.735938 0.454688 0.735938 0.465625 0.740625 0.470313 0.745313 0.478125 0.742188 0.482812 0.743750 0.492188 0.750000 0.495312 0.760938 0.496875 0.759375 0.503125 0.759375 0.506250 0.765625 0.506250 0.771875 0.503125 0.779687 0.495312 0.782813 0.496875 0.787500 0.501563 0.790625 0.503125 0.803125 0.503125 0.806250 0.501563 0.809375 0.498437 0.810937 0.495312 0.809375 0.490625 0.804688 0.489063 0.801562 0.485938 0.801562 0.482812 0.806250 0.476562 0.806250 0.465625 0.804688 0.462500 0.798438 0.459375 0.785937 0.460938 0.782813 0.460938 0.776563 0.454688 0.771875 0.451562 0.768750 0.450000 0.765625 0.450000 0.762500 0.448437 0.760938 0.445312 0.756250 0.443750 0.753125 0.445312 0.746875 0.450000
0 0.760938 0.431250 0.757812 0.442188 0.762500 0.446875 0.768750 0.446875 0.771875 0.448437 0.773438 0.450000 0.773438 0.451562 0.778125 0.454688 0.782813 0.453125 0.785937 0.454688 0.789062 0.457813 0.798438 0.459375 0.803125 0.459375 0.804688 0.456250 0.804688 0.453125 0.803125 0.451562 0.803125 0.446875 0.801562 0.442188 0.800000 0.439063 0.795312 0.434375 0.790625 0.432812 0.785937 0.428125 0.781250 0.428125 0.776563 0.425000 0.771875 0.426563 0.767188 0.429688 0.764062 0.429688
0 0.825000 0.571875 0.818750 0.568750 0.814063 0.568750 0.810937 0.570312 0.804688 0.575000 0.801562 0.579688 0.798438 0.585938 0.796875 0.593750 0.796875 0.603125 0.803125 0.598437 0.828125 0.598437 0.828125 0.593750 0.829688 0.592187 0.829688 0.579688 0.828125 0.576562
0 0.760938 0.545312 0.762500 0.548438 0.765625 0.551562 0.768750 0.553125 0.778125 0.553125 0.781250 0.551562 0.787500 0.545312 0.787500 0.542188 0.782813 0.539062 0.779687 0.537500 0.775000 0.535937 0.768750 0.535937 0.765625 0.537500 0.762500 0.540625