0 0.370312 0.118750 0.368750 0.126562 0.368750 0.140625 0.375000 0.145313 0.376563 0.146875 0.376563 0.148438 0.378125 0.151562 0.376563 0.157812 0.379688 0.164062 0.385937 0.167187 0.390625 0.168750 0.396875 0.168750 0.407813 0.167187 0.409375 0.165625 0.415625 0.165625 0.415625 0.162500 0.414062 0.159375 0.410938 0.156250 0.409375 0.153125 0.410938 0.150000 0.415625 0.145313 0.415625 0.140625 0.410938 0.139063 0.407813 0.135937 0.406250 0.132812 0.406250 0.129688 0.404687 0.126562 0.398438 0.121875 0.398438 0.120313 0.392188 0.114062 0.389062 0.112500 0.382812 0.115625 0.376563 0.115625
0 0.493750 0.164062 0.489063 0.162500 0.482812 0.162500 0.479687 0.164062 0.475000 0.168750 0.475000 0.170313 0.468750 0.176563 0.465625 0.184375 0.454688 0.184375 0.451562 0.185938 0.450000 0.190625 0.450000 0.198437 0.453125 0.204687 0.456250 0.209375 0.465625 0.218750 0.468750 0.218750 0.471875 0.220312 0.476562 0.217188 0.479687 0.217188 0.489063 0.212500 0.496875 0.207813 0.498437 0.204687 0.498437 0.200000 0.495312 0.192188 0.501563 0.185938 0.503125 0.181250 0.503125 0.175000 0.500000 0.168750 0.496875 0.165625
0 0.025000 0.232813 0.021875 0.234375 0.018750 0.237500 0.014063 0.239063 0.007812 0.239063 0.004687 0.240625 0.000000 0.243750 0.000000 0.256250 0.003125 0.259375 0.004687 0.267188 0.003125 0.276562 0.000000 0.279687 0.000000 0.292187 0.009375 0.298438 0.014063 0.300000 0.035937 0.303125 0.042188 0.298438 0.045312 0.298438 0.051562 0.295312 0.053125 0.285938 0.054688 0.281250 0.060937 0.275000 0.060937 0.262500 0.059375 0.254688 0.057813 0.251563 0.053125 0.246875 0.051562 0.246875 0.045312 0.240625 0.045312 0.239063 0.040625 0.234375 0.035937 0.232813
0 0.000000 0.295312 0.000000 0.307812 0.004687 0.314063 0.004687 0.321875 0.009375 0.326562 0.014063 0.329688 0.023438 0.328125 0.029687 0.328125 0.034375 0.334375 0.039062 0.335938 0.045312 0.332813 0.051562 0.332813 0.056250 0.321875 0.056250 0.318750 0.051562 0.314063 0.051562 0.312500 0.048438 0.309375 0.040625 0.306250 0.035937 0.301563 0.023438 0.301563 0.014063 0.300000 0.006250 0.295312
0 0.067187 0.321875 0.064062 0.323437 0.060937 0.323437 0.057813 0.326562 0.054688 0.326562 0.050000 0.329688 0.045312 0.334375 0.042188 0.335938 0.037500 0.335938 0.032813 0.340625 0.031250 0.345313 0.026562 0.350000 0.023438 0.350000 0.021875 0.351562 0.018750 0.353125 0.020313 0.357812 0.028125 0.367188 0.031250 0.368750 0.042188 0.368750 0.048438 0.371875 0.050000 0.375000 0.050000 0.379688 0.051562 0.381250 0.051562 0.384375 0.057813 0.387500 0.062500 0.389062 0.067187 0.389062 0.078125 0.382812 0.082812 0.379688 0.081250 0.376563 0.073438 0.368750 0.073438 0.350000 0.075000 0.343750 0.073438 0.340625 0.070312 0.335938 0.070312 0.325000
0 0.103125 0.245312 0.093750 0.256250 0.092188 0.259375 0.090625 0.281250 0.090625 0.287500 0.092188 0.290625 0.096875 0.295312 0.103125 0.298438 0.109375 0.300000 0.128125 0.300000 0.142187 0.303125 0.148438 0.301563 0.151562 0.298438 0.151562 0.296875 0.154688 0.293750 0.159375 0.292187 0.165625 0.285938 0.165625 0.276562 0.159375 0.265625 0.157812 0.257812 0.157812 0.248438 0.156250 0.245312 0.154688 0.243750 0.151562 0.242188 0.146875 0.242188 0.143750 0.240625 0.137500 0.234375 0.134375 0.232813 0.126562 0.232813 0.123438 0.234375 0.117188 0.239063 0.107813 0.242188 0.104688 0.245312
1 0.068750 0.254688 0.065625 0.262500 0.067187 0.267188 0.070312 0.270313 0.079687 0.270313 0.082812 0.268750 0.084375 0.256250 0.081250 0.253125 0.071875 0.253125
0 0.081250 0.309375 0.082812 0.314063 0.085938 0.317188 0.087500 0.321875 0.085938 0.331250 0.082812 0.337500 0.082812 0.342187 0.085938 0.345313 0.089063 0.345313 0.104688 0.343750 0.118750 0.340625 0.139063 0.340625 0.148438 0.339062 0.151562 0.337500 0.156250 0.334375 0.160938 0.329688 0.162500 0.323437 0.162500 0.315625 0.160938 0.312500 0.157812 0.309375 0.154688 0.309375 0.148438 0.303125 0.134375 0.303125 0.120313 0.300000 0.103125 0.300000 0.098437 0.303125 0.089063 0.303125 0.082812 0.306250
0 0.143500 0.340875 0.117172 0.340969 0.096719 0.344219 0.092250 0.345734 0.086484 0.347766 0.084656 0.351812 0.093984 0.356578 0.106125 0.359812 0.114234 0.362641 0.119391 0.367406 0.127797 0.372266 0.140859 0.378844 0.149672 0.383813 0.158688 0.381078 0.161625 0.377531 0.160312 0.369328 0.157875 0.360516 0.154531 0.352625 0.153016 0.345328
0 0.189062 0.376563 0.185938 0.373437 0.184375 0.373437 0.179688 0.368750 0.173437 0.365625 0.170313 0.367188 0.167187 0.367188 0.164062 0.368750 0.160938 0.371875 0.159375 0.375000 0.159375 0.378125 0.157812 0.381250 0.156250 0.382812 0.150000 0.385937 0.146875 0.385937 0.140625 0.389062 0.137500 0.392188 0.135937 0.392188 0.134375 0.398438 0.135937 0.407813 0.137500 0.410938 0.140625 0.414062 0.146875 0.414062 0.148438 0.410938 0.148438 0.407813 0.153125 0.403125 0.159375 0.400000 0.171875 0.401562 0.173437 0.404687 0.175000 0.409375 0.179688 0.409375 0.182812 0.406250 0.184375 0.406250 0.185938 0.401562 0.189062 0.396875 0.190625 0.387500
0 0.198437 0.371875 0.195312 0.378125 0.190625 0.392188 0.190625 0.403125 0.193750 0.409375 0.200000 0.412500 0.204687 0.410938 0.207813 0.409375 0.210938 0.406250 0.214062 0.404687 0.221875 0.404687 0.228125 0.409375 0.239063 0.409375 0.246875 0.407813 0.250000 0.404687 0.250000 0.392188 0.254688 0.389062 0.256250 0.384375 0.254688 0.381250 0.248438 0.373437 0.248438 0.370312 0.243750 0.365625 0.240625 0.364063 0.231250 0.360938 0.215625 0.360938 0.209375 0.364063 0.204687 0.368750 0.200000 0.370312
0 0.181250 0.164062 0.178125 0.165625 0.175000 0.168750 0.175000 0.171875 0.173437 0.175000 0.157812 0.175000 0.154688 0.176563 0.153125 0.184375 0.157812 0.190625 0.159375 0.195312 0.159375 0.204687 0.160938 0.209375 0.167187 0.215625 0.170313 0.217188 0.171875 0.215625 0.179688 0.220312 0.184375 0.220312 0.190625 0.223438 0.195312 0.218750 0.198437 0.217188 0.207813 0.210938 0.207813 0.204687 0.203125 0.203125 0.201563 0.201563 0.200000 0.198437 0.201563 0.185938 0.195312 0.181250 0.195312 0.173437 0.193750 0.168750 0.189062 0.164062
0 0.196875 0.185938 0.196875 0.192188 0.198437 0.196875 0.200000 0.200000 0.204687 0.204687 0.207813 0.209375 0.207813 0.217188 0.204687 0.220312 0.204687 0.237500 0.207813 0.240625 0.212500 0.242188 0.218750 0.242188 0.225000 0.239063 0.231250 0.232813 0.243750 0.234375 0.246875 0.232813 0.250000 0.229687 0.253125 0.225000 0.254688 0.221875 0.254688 0.212500 0.251563 0.209375 0.251563 0.207813 0.245312 0.204687 0.239063 0.204687 0.228125 0.206250 0.221875 0.200000 0.218750 0.193750 0.218750 0.189062 0.215625 0.185938 0.212500 0.184375
0 0.168750 0.220312 0.167187 0.223438 0.167187 0.226562 0.168750 0.231250 0.171875 0.235937 0.170313 0.256250 0.170313 0.260937 0.171875 0.264062 0.175000 0.267188 0.184375 0.270313 0.192188 0.270313 0.195312 0.267188 0.200000 0.256250 0.209375 0.246875 0.207813 0.242188 0.204687 0.242188 0.201563 0.239063 0.201563 0.231250 0.198437 0.231250 0.189062 0.228125 0.182812 0.223438 0.179688 0.221875 0.171875 0.220312
0 0.235937 0.246875 0.229687 0.248438 0.217188 0.246875 0.214062 0.248438 0.209375 0.251563 0.200000 0.260937 0.198437 0.264062 0.198437 0.267188 0.190625 0.273438 0.187500 0.278125 0.185938 0.281250 0.187500 0.287500 0.189062 0.287500 0.192188 0.290625 0.193750 0.298438 0.195312 0.301563 0.201563 0.303125 0.203125 0.301563 0.209375 0.301563 0.214062 0.300000 0.221875 0.292187 0.228125 0.287500 0.237500 0.284375 0.240625 0.281250 0.243750 0.276562 0.245312 0.273438 0.245312 0.267188 0.243750 0.264062 0.240625 0.260937 0.240625 0.257812
0 0.282672 0.311812 0.277984 0.310250 0.271734 0.310250 0.264016 0.313297 0.240391 0.335812 0.234234 0.341500 0.231109 0.344625 0.231109 0.349313 0.232672 0.350875 0.232672 0.357125 0.234234 0.360250 0.237359 0.361812 0.240484 0.361812 0.243609 0.363375 0.249859 0.369625 0.263922 0.368063 0.265484 0.364938 0.267047 0.360250 0.273297 0.354000 0.276422 0.354000 0.277984 0.352438 0.279547 0.349313 0.282672 0.346187 0.290484 0.344625 0.295172 0.338375 0.295172 0.333688 0.293609 0.330562 0.290484 0.327437 0.290484 0.322750 0.288922 0.318063
0 0.173437 0.320312 0.165625 0.328125 0.164062 0.331250 0.162500 0.339062 0.162500 0.350000 0.164062 0.357812 0.165625 0.360938 0.170313 0.362500 0.176563 0.364063 0.185938 0.368750 0.190625 0.371875 0.193750 0.368750 0.201563 0.364063 0.206250 0.362500 0.206250 0.353125 0.212500 0.348438 0.214062 0.343750 0.215625 0.340625 0.207813 0.326562 0.200000 0.326562 0.196875 0.325000 0.193750 0.320312 0.189062 0.321875
0 0.246875 0.284375 0.243750 0.284375 0.240625 0.287500 0.234375 0.287500 0.229687 0.289062 0.226562 0.290625 0.220312 0.295312 0.217188 0.300000 0.217188 0.301563 0.209375 0.304688 0.203125 0.304688 0.196875 0.307812 0.193750 0.314063 0.195312 0.318750 0.201563 0.318750 0.207813 0.321875 0.212500 0.326562 0.215625 0.334375 0.220312 0.339062 0.223438 0.340625 0.231250 0.340625 0.239063 0.334375 0.240625 0.329688 0.245312 0.326562 0.246875 0.321875 0.264062 0.309375 0.262500 0.298438 0.259375 0.298438 0.256250 0.295312 0.256250 0.293750
0 0.320312 0.337500 0.320312 0.348438 0.321875 0.351562 0.326562 0.356250 0.328125 0.359375 0.328125 0.364063 0.329688 0.367188 0.332813 0.370312 0.335938 0.371875 0.342187 0.371875 0.343750 0.370312 0.348438 0.370312 0.357812 0.373437 0.365625 0.373437 0.376563 0.364063 0.379688 0.357812 0.381250 0.343750 0.381250 0.340625 0.379688 0.337500 0.375000 0.332813 0.371875 0.331250 0.368750 0.331250 0.365625 0.329688 0.359375 0.323437 0.353125 0.320312 0.350000 0.321875 0.346875 0.321875 0.343750 0.323437 0.340625 0.329688 0.337500 0.331250 0.328125 0.331250 0.325000 0.332813
0 0.400000 0.296875 0.395313 0.301563 0.393750 0.306250 0.393750 0.314063 0.392188 0.318750 0.385937 0.323437 0.384375 0.331250 0.385937 0.334375 0.393750 0.342187 0.393750 0.350000 0.395313 0.353125 0.400000 0.357812 0.404687 0.360938 0.407813 0.362500 0.428125 0.362500 0.435937 0.356250 0.439063 0.354687 0.446875 0.353125 0.451562 0.348438 0.451562 0.345313 0.453125 0.342187 0.457813 0.337500 0.459375 0.332813 0.459375 0.323437 0.454688 0.315625 0.453125 0.307812 0.450000 0.304688 0.440625 0.300000 0.431250 0.301563 0.426563 0.301563 0.421875 0.296875
0 0.403125 0.375000 0.401562 0.381250 0.400000 0.392188 0.400000 0.395313 0.401562 0.406250 0.409375 0.415625 0.414062 0.420312 0.417187 0.421875 0.420312 0.421875 0.432812 0.420312 0.437500 0.417187 0.450000 0.417187 0.453125 0.415625 0.456250 0.412500 0.457813 0.412500 0.460938 0.403125 0.464062 0.400000 0.470313 0.398438 0.470313 0.387500 0.467187 0.381250 0.457813 0.371875 0.459375 0.364063 0.453125 0.364063 0.445312 0.368750 0.439063 0.368750 0.429688 0.364063 0.415625 0.364063 0.412500 0.365625
0 0.418750 0.428125 0.403125 0.410938 0.392188 0.401562 0.387500 0.400000 0.379688 0.400000 0.373437 0.404687 0.360938 0.407813 0.354687 0.407813 0.351562 0.409375 0.350000 0.412500 0.353125 0.418750 0.353125 0.423438 0.346875 0.429688 0.345313 0.434375 0.345313 0.443750 0.346875 0.445312 0.348438 0.448437 0.350000 0.454688 0.346875 0.457813 0.345313 0.462500 0.348438 0.465625 0.353125 0.465625 0.360938 0.459375 0.367188 0.456250 0.371875 0.454688 0.375000 0.454688 0.384375 0.459375 0.395313 0.460938 0.400000 0.464062 0.404687 0.462500 0.407813 0.456250 0.409375 0.443750 0.414062 0.442188 0.420312 0.435937 0.420312 0.431250
0 0.300000 0.370312 0.296875 0.373437 0.295312 0.373437 0.293750 0.384375 0.292187 0.385937 0.292187 0.393750 0.296875 0.398438 0.296875 0.401562 0.295312 0.407813 0.301563 0.418750 0.306250 0.423438 0.306250 0.428125 0.304688 0.432812 0.304688 0.440625 0.307812 0.446875 0.317188 0.456250 0.329688 0.460938 0.339062 0.462500 0.343750 0.460938 0.345313 0.457813 0.345313 0.450000 0.342187 0.435937 0.342187 0.417187 0.343750 0.409375 0.346875 0.403125 0.353125 0.396875 0.359375 0.393750 0.368750 0.390625 0.367188 0.382812 0.364063 0.381250 0.353125 0.381250 0.348438 0.378125 0.340625 0.378125 0.339062 0.379688 0.329688 0.379688 0.323437 0.373437 0.321875 0.368750 0.318750 0.365625 0.314063 0.367188 0.310937 0.370312
0 0.596875 0.671875 0.584375 0.671875 0.575000 0.676562 0.570312 0.673438 0.564063 0.671875 0.559375 0.671875 0.556250 0.673438 0.551562 0.678125 0.548438 0.684375 0.550000 0.693750 0.550000 0.698438 0.543750 0.706250 0.540625 0.715625 0.540625 0.718750 0.543750 0.725000 0.546875 0.728125 0.560937 0.734375 0.573438 0.748437 0.584375 0.748437 0.589063 0.746875 0.595313 0.740625 0.595313 0.737500 0.598437 0.734375 0.606250 0.732812 0.612500 0.729688 0.615625 0.726562 0.617188 0.723437 0.615625 0.710938 0.617188 0.701562 0.617188 0.698438 0.607812 0.689063 0.607812 0.682813 0.606250 0.679688 0.600000 0.673438
0 0.407813 0.706250 0.403125 0.707812 0.400000 0.709375 0.398438 0.714063 0.396875 0.715625 0.393750 0.717187 0.392188 0.717187 0.389062 0.718750 0.387500 0.720313 0.387500 0.721875 0.385937 0.725000 0.387500 0.731250 0.390625 0.737500 0.396875 0.743750 0.398438 0.743750 0.403125 0.748437 0.404687 0.751563 0.406250 0.760938 0.410938 0.770312 0.410938 0.775000 0.414062 0.778125 0.418750 0.778125 0.423438 0.775000 0.432812 0.773438 0.432812 0.767188 0.431250 0.746875 0.429688 0.739062 0.428125 0.734375 0.423438 0.725000 0.418750 0.721875 0.415625 0.717187 0.414062 0.712500 0.410938 0.707812
0 0.379688 0.798438 0.370312 0.803125 0.367188 0.806250 0.367188 0.815625 0.368750 0.831250 0.365625 0.837500 0.364063 0.843750 0.364063 0.850000 0.365625 0.857812 0.367188 0.860938 0.370312 0.864062 0.373437 0.865625 0.382812 0.867188 0.382812 0.868750 0.385937 0.873437 0.392188 0.875000 0.395313 0.873437 0.400000 0.868750 0.403125 0.864062 0.404687 0.860938 0.407813 0.853125 0.409375 0.848437 0.409375 0.831250 0.404687 0.818750 0.395313 0.801562 0.389062 0.798438
0 0.498437 0.809375 0.493750 0.810937 0.487500 0.817187 0.487500 0.818750 0.482812 0.823438 0.475000 0.826562 0.471875 0.829688 0.470313 0.832812 0.470313 0.843750 0.471875 0.848437 0.482812 0.859375 0.482812 0.870313 0.484375 0.875000 0.490625 0.884375 0.500000 0.893750 0.504687 0.895312 0.510938 0.895312 0.517188 0.893750 0.520312 0.892188 0.525000 0.887500 0.534375 0.875000 0.542188 0.868750 0.543750 0.865625 0.545312 0.860938 0.545312 0.840625 0.543750 0.832812 0.540625 0.828125 0.535937 0.823438 0.532813 0.821875 0.525000 0.820312 0.520312 0.815625 0.514062 0.812500 0.506250 0.809375
0 0.634375 0.865625 0.625000 0.865625 0.620313 0.867188 0.612500 0.871875 0.607812 0.871875 0.603125 0.868750 0.589063 0.868750 0.584375 0.873437 0.585938 0.890625 0.585938 0.896875 0.578125 0.904687 0.578125 0.914062 0.579688 0.921875 0.581250 0.925000 0.584375 0.928125 0.592187 0.929688 0.595313 0.931250 0.603125 0.939063 0.609375 0.942187 0.621875 0.942187 0.628125 0.939063 0.629687 0.937500 0.631250 0.932813 0.640625 0.923438 0.643750 0.921875 0.646875 0.921875 0.659375 0.910937 0.660937 0.907813 0.659375 0.901563 0.648438 0.890625 0.646875 0.887500 0.646875 0.879687 0.645312 0.875000 0.637500 0.867188
0 0.553125 0.764062 0.548438 0.767188 0.546875 0.771875 0.532813 0.773438 0.528125 0.778125 0.526563 0.781250 0.525000 0.789062 0.521875 0.792188 0.515625 0.793750 0.507812 0.801562 0.507812 0.806250 0.509375 0.809375 0.510938 0.810937 0.514062 0.812500 0.518750 0.814063 0.521875 0.817187 0.528125 0.820312 0.532813 0.820312 0.537500 0.823438 0.540625 0.823438 0.543750 0.821875 0.554688 0.815625 0.557813 0.812500 0.560937 0.806250 0.560937 0.801562 0.557813 0.787500 0.554688 0.782813 0.554688 0.767188
1 0.517188 0.735938 0.514062 0.737500 0.507812 0.743750 0.506250 0.746875 0.507812 0.753125 0.510938 0.759375 0.512500 0.760938 0.515625 0.762500 0.525000 0.762500 0.528125 0.760938 0.531250 0.757812 0.532813 0.754687 0.532813 0.746875 0.529687 0.740625 0.526563 0.737500 0.523438 0.735938
1 0.610938 0.776563 0.607812 0.782813 0.607812 0.787500 0.609375 0.790625 0.615625 0.796875 0.618750 0.798438 0.623437 0.800000 0.631250 0.800000 0.635938 0.798438 0.639062 0.795312 0.640625 0.790625 0.640625 0.782813 0.634375 0.776563 0.631250 0.775000 0.626563 0.773438 0.615625 0.773438 0.612500 0.775000
1 0.451562 0.826562 0.446875 0.828125 0.443750 0.829688 0.440625 0.832812 0.440625 0.843750 0.442188 0.846875 0.446875 0.851562 0.451562 0.853125 0.456250 0.853125 0.460938 0.851562 0.464062 0.850000 0.465625 0.848437 0.467187 0.845313 0.467187 0.832812 0.462500 0.828125 0.457813 0.826562
1 0.517188 0.931250 0.510938 0.934375 0.509375 0.937500 0.509375 0.943750 0.512500 0.950000 0.517188 0.954688 0.523438 0.954688 0.526563 0.953125 0.529687 0.950000 0.529687 0.937500 0.523438 0.931250
0 0.418750 0.876563 0.417187 0.879687 0.417187 0.884375 0.423438 0.895312 0.423438 0.898438 0.418750 0.906250 0.417187 0.910937 0.418750 0.918750 0.429688 0.923438 0.439063 0.925000 0.446875 0.928125 0.451562 0.931250 0.454688 0.934375 0.454688 0.935937 0.459375 0.942187 0.465625 0.948438 0.470313 0.948438 0.473438 0.943750 0.475000 0.940625 0.473438 0.931250 0.476562 0.928125 0.479687 0.928125 0.482812 0.929688 0.490625 0.926562 0.495312 0.926562 0.501563 0.929688 0.509375 0.929688 0.512500 0.926562 0.510938 0.923438 0.507812 0.920312 0.504687 0.918750 0.507812 0.915625 0.507812 0.909375 0.503125 0.901563 0.498437 0.896875 0.490625 0.892188 0.484375 0.889062 0.476562 0.887500 0.473438 0.885938 0.462500 0.875000 0.459375 0.873437 0.456250 0.873437 0.448437 0.875000 0.440625 0.875000 0.439063 0.873437 0.431250 0.873437 0.421875 0.875000
0 0.401562 0.920312 0.403125 0.923438 0.407813 0.926562 0.407813 0.929688 0.403125 0.934375 0.401562 0.939063 0.401562 0.946875 0.403125 0.950000 0.407813 0.954688 0.410938 0.956250 0.418750 0.959375 0.426563 0.959375 0.429688 0.962500 0.432812 0.968750 0.439063 0.975000 0.445312 0.978125 0.450000 0.978125 0.462500 0.971875 0.464062 0.964063 0.467187 0.960938 0.470313 0.960938 0.470313 0.957812 0.465625 0.950000 0.454688 0.935937 0.450000 0.931250 0.440625 0.926562 0.435937 0.925000 0.412500 0.920312
0 0.315625 0.889062 0.307812 0.890625 0.303125 0.896875 0.300000 0.896875 0.296875 0.900000 0.296875 0.906250 0.300000 0.921875 0.303125 0.923438 0.307812 0.925000 0.314063 0.926562 0.318750 0.926562 0.321875 0.925000 0.328125 0.918750 0.329688 0.915625 0.329688 0.903125 0.326562 0.896875 0.320312 0.890625
0 0.259375 0.923438 0.259375 0.939063 0.260937 0.942187 0.264062 0.945312 0.267188 0.946875 0.273438 0.948438 0.279687 0.948438 0.284375 0.946875 0.292187 0.939063 0.292187 0.929688 0.290625 0.926562 0.287500 0.923438 0.282813 0.921875
0 0.250000 0.993750 0.250000 0.998437 0.300000 0.998437 0.300000 0.992188 0.298438 0.989062 0.293750 0.984375 0.289062 0.982812 0.284375 0.978125 0.281250 0.976562 0.271875 0.976562 0.267188 0.979688 0.260937 0.979688 0.257812 0.981250 0.256250 0.984375
1 0.289062 0.945312 0.285938 0.951562 0.285938 0.957812 0.289062 0.964063 0.290625 0.965625 0.293750 0.967187 0.303125 0.967187 0.306250 0.964063 0.307812 0.960938 0.309375 0.956250 0.309375 0.953125 0.307812 0.948438 0.304688 0.945312 0.301563 0.943750 0.292187 0.943750
1 0.345313 0.989062 0.345313 0.992188 0.343750 0.995313 0.345313 0.998437 0.367188 0.998437 0.368750 0.993750 0.367188 0.990625 0.362500 0.985938 0.357812 0.984375 0.351562 0.984375 0.348438 0.985938
1 0.762500 0.984375 0.760938 0.989062 0.760938 0.993750 0.762500 0.995313 0.762500 0.998437 0.779687 0.998437 0.779687 0.987500 0.775000 0.982812 0.770312 0.981250
1 0.637500 0.992188 0.637500 0.998437 0.660937 0.998437 0.660937 0.995313 0.659375 0.990625 0.656250 0.987500 0.650000 0.985938 0.646875 0.987500 0.643750 0.987500 0.640625 0.989062
0 0.265625 0.257812 0.256250 0.257812 0.251563 0.262500 0.250000 0.267188 0.248438 0.273438 0.248438 0.279687 0.250000 0.282813 0.256250 0.285938 0.256250 0.287500 0.259375 0.290625 0.260937 0.281250 0.264062 0.275000 0.270313 0.268750 0.270313 0.265625 0.267188 0.262500