0 0.215625 0.335938 0.214062 0.339062 0.214062 0.342187 0.210938 0.345313 0.204687 0.345313 0.201563 0.346875 0.198437 0.350000 0.195312 0.354687 0.193750 0.357812 0.193750 0.367188 0.195312 0.370312 0.200000 0.376563 0.200000 0.384375 0.201563 0.389062 0.212500 0.400000 0.217188 0.401562 0.220312 0.401562 0.228125 0.400000 0.240625 0.401562 0.250000 0.392188 0.251563 0.389062 0.251563 0.384375 0.257812 0.376563 0.259375 0.371875 0.259375 0.368750 0.257812 0.359375 0.256250 0.356250 0.251563 0.351562 0.243750 0.348438 0.239063 0.343750 0.239063 0.342187 0.232813 0.335938 0.229687 0.334375
0 0.168750 0.303125 0.165625 0.306250 0.162500 0.310937 0.159375 0.317188 0.151562 0.325000 0.151562 0.329688 0.154688 0.335938 0.160938 0.345313 0.165625 0.350000 0.170313 0.353125 0.179688 0.354687 0.189062 0.353125 0.193750 0.339062 0.193750 0.326562 0.192188 0.321875 0.189062 0.315625 0.185938 0.310937 0.182812 0.307812 0.173437 0.303125
0 0.334375 0.407813 0.329688 0.410938 0.321875 0.418750 0.318750 0.423438 0.317188 0.426563 0.317188 0.454688 0.320312 0.460938 0.326562 0.465625 0.326562 0.467187 0.332813 0.473438 0.345313 0.473438 0.346875 0.460938 0.356250 0.460938 0.359375 0.457813 0.357812 0.454688 0.360938 0.448437 0.364063 0.434375 0.364063 0.423438 0.362500 0.417187 0.359375 0.410938 0.356250 0.409375 0.350000 0.409375 0.337500 0.412500 0.337500 0.407813
0 0.337500 0.487500 0.331250 0.485938 0.326562 0.489063 0.321875 0.489063 0.318750 0.492188 0.317188 0.492188 0.315625 0.493750 0.314063 0.496875 0.314063 0.500000 0.312500 0.503125 0.309375 0.507812 0.301563 0.515625 0.300000 0.523438 0.300000 0.529687 0.301563 0.535937 0.304688 0.542188 0.310937 0.548438 0.314063 0.550000 0.318750 0.550000 0.321875 0.548438 0.325000 0.545312 0.325000 0.543750 0.326562 0.542188 0.329688 0.540625 0.339062 0.537500 0.340625 0.532813 0.340625 0.517188 0.343750 0.517188 0.346875 0.514062 0.348438 0.506250 0.348438 0.498437 0.345313 0.493750 0.340625 0.492188 0.337500 0.489063
0 0.251563 0.420312 0.246875 0.425000 0.245312 0.432812 0.245312 0.439063 0.265625 0.459375 0.268750 0.460938 0.273438 0.462500 0.279687 0.462500 0.282813 0.460938 0.289062 0.454688 0.292187 0.448437 0.292187 0.439063 0.293750 0.435937 0.296875 0.434375 0.298438 0.429688 0.296875 0.426563 0.293750 0.421875 0.290625 0.418750 0.289062 0.418750 0.284375 0.414062 0.278125 0.412500 0.271875 0.412500 0.267188 0.414062 0.256250 0.418750
0 0.212500 0.439063 0.210938 0.442188 0.209375 0.446875 0.209375 0.456250 0.207813 0.456250 0.201563 0.464062 0.201563 0.475000 0.204687 0.481250 0.221875 0.498437 0.225000 0.500000 0.229687 0.501563 0.235937 0.501563 0.239063 0.500000 0.248438 0.489063 0.251563 0.487500 0.259375 0.489063 0.262500 0.487500 0.265625 0.481250 0.265625 0.468750 0.259375 0.454688 0.253125 0.446875 0.253125 0.445312 0.251563 0.443750 0.250000 0.443750 0.246875 0.440625 0.232813 0.440625 0.220312 0.437500
0 0.151562 0.521875 0.154688 0.525000 0.156250 0.525000 0.159375 0.528125 0.160938 0.532813 0.160938 0.537500 0.162500 0.540625 0.168750 0.546875 0.173437 0.548438 0.181250 0.548438 0.184375 0.550000 0.193750 0.557813 0.196875 0.556250 0.201563 0.550000 0.203125 0.548438 0.206250 0.546875 0.220312 0.545312 0.220312 0.540625 0.218750 0.537500 0.210938 0.525000 0.207813 0.521875 0.201563 0.518750 0.198437 0.515625 0.192188 0.507812 0.182812 0.507812 0.176563 0.504687 0.171875 0.504687 0.165625 0.507812 0.160938 0.510938
0 0.145313 0.398438 0.143750 0.401562 0.142187 0.406250 0.142187 0.410938 0.143750 0.415625 0.148438 0.420312 0.148438 0.421875 0.151562 0.425000 0.154688 0.426563 0.171875 0.432812 0.178125 0.437500 0.184375 0.440625 0.192188 0.439063 0.195312 0.432812 0.195312 0.428125 0.200000 0.420312 0.200000 0.417187 0.198437 0.412500 0.196875 0.409375 0.192188 0.403125 0.184375 0.395313 0.178125 0.393750 0.165625 0.393750 0.157812 0.396875 0.150000 0.396875 0.148438 0.398438
0 0.123438 0.423438 0.120313 0.426563 0.120313 0.431250 0.118750 0.432812 0.118750 0.435937 0.121875 0.442188 0.121875 0.448437 0.128125 0.454688 0.129688 0.464062 0.139063 0.473438 0.142187 0.481250 0.146875 0.485938 0.148438 0.485938 0.153125 0.490625 0.156250 0.495312 0.156250 0.496875 0.165625 0.498437 0.167187 0.496875 0.176563 0.498437 0.179688 0.496875 0.181250 0.495312 0.182812 0.492188 0.184375 0.485938 0.184375 0.451562 0.182812 0.442188 0.181250 0.439063 0.176563 0.437500 0.159375 0.428125 0.154688 0.428125 0.150000 0.425000 0.143750 0.425000 0.137500 0.428125 0.134375 0.426563 0.131250 0.423438
0 0.503125 0.620313 0.489063 0.620313 0.482812 0.623437 0.479687 0.626563 0.479687 0.628125 0.473438 0.632812 0.470313 0.629687 0.462500 0.631250 0.460938 0.634375 0.459375 0.643750 0.459375 0.651563 0.462500 0.660937 0.460938 0.676562 0.465625 0.681250 0.476562 0.689063 0.482812 0.692187 0.487500 0.693750 0.490625 0.693750 0.495312 0.692187 0.498437 0.690625 0.503125 0.685937 0.507812 0.682813 0.509375 0.682813 0.510938 0.681250 0.515625 0.675000 0.521875 0.665625 0.523438 0.662500 0.525000 0.656250 0.525000 0.639062 0.521875 0.634375 0.517188 0.632812 0.506250 0.621875
0 0.393750 0.650000 0.392188 0.651563 0.390625 0.654687 0.392188 0.668750 0.392188 0.671875 0.387500 0.678125 0.385937 0.681250 0.385937 0.692187 0.387500 0.695312 0.398438 0.706250 0.407813 0.714063 0.418750 0.717187 0.431250 0.715625 0.431250 0.714063 0.434375 0.710938 0.437500 0.709375 0.440625 0.709375 0.446875 0.706250 0.450000 0.703125 0.453125 0.696875 0.453125 0.690625 0.451562 0.685937 0.448437 0.681250 0.448437 0.665625 0.446875 0.660937 0.443750 0.654687 0.440625 0.651563 0.435937 0.650000 0.428125 0.650000 0.421875 0.653125 0.417187 0.648438 0.410938 0.645312 0.404687 0.645312 0.400000 0.646875
0 0.440625 0.776563 0.437500 0.778125 0.434375 0.784375 0.434375 0.793750 0.429688 0.798438 0.425000 0.800000 0.415625 0.809375 0.415625 0.818750 0.420312 0.828125 0.429688 0.840625 0.431250 0.843750 0.432812 0.851562 0.439063 0.857812 0.445312 0.860938 0.456250 0.860938 0.464062 0.854688 0.468750 0.848437 0.479687 0.848437 0.482812 0.846875 0.487500 0.842187 0.489063 0.837500 0.489063 0.826562 0.485938 0.815625 0.487500 0.806250 0.485938 0.800000 0.482812 0.793750 0.476562 0.787500 0.473438 0.785937 0.465625 0.785937 0.460938 0.784375 0.454688 0.778125 0.451562 0.776563
0 0.381250 0.785937 0.378125 0.787500 0.376563 0.792188 0.371875 0.796875 0.362500 0.798438 0.356250 0.801562 0.353125 0.804688 0.351562 0.807813 0.351562 0.814063 0.356250 0.820312 0.356250 0.826562 0.354687 0.828125 0.354687 0.834375 0.356250 0.840625 0.357812 0.843750 0.367188 0.853125 0.375000 0.853125 0.382812 0.856250 0.385937 0.856250 0.387500 0.854688 0.392188 0.854688 0.398438 0.860938 0.403125 0.860938 0.404687 0.857812 0.406250 0.853125 0.409375 0.850000 0.410938 0.846875 0.412500 0.831250 0.415625 0.826562 0.415625 0.823438 0.412500 0.818750 0.412500 0.814063 0.410938 0.809375 0.407813 0.803125 0.401562 0.792188 0.398438 0.789062 0.392188 0.785937
0 0.600000 0.776563 0.590625 0.776563 0.585938 0.778125 0.582812 0.781250 0.581250 0.781250 0.579688 0.782813 0.575000 0.789062 0.573438 0.792188 0.570312 0.801562 0.570312 0.810937 0.568750 0.814063 0.565625 0.815625 0.564063 0.825000 0.565625 0.829688 0.567187 0.832812 0.571875 0.839063 0.573438 0.845313 0.578125 0.850000 0.589063 0.848437 0.595313 0.850000 0.598437 0.848437 0.601562 0.845313 0.601562 0.840625 0.607812 0.834375 0.609375 0.834375 0.614062 0.829688 0.620313 0.818750 0.620313 0.812500 0.618750 0.809375 0.609375 0.801562 0.606250 0.798438 0.606250 0.795312 0.607812 0.793750 0.607812 0.790625 0.606250 0.785937 0.603125 0.779687
1 0.559375 0.871875 0.556250 0.875000 0.554688 0.875000 0.553125 0.876563 0.551562 0.879687 0.551562 0.887500 0.554688 0.893750 0.556250 0.895312 0.559375 0.896875 0.564063 0.898438 0.568750 0.898438 0.575000 0.895312 0.576562 0.892188 0.576562 0.881250 0.575000 0.876563 0.570312 0.871875
0 0.840625 0.751563 0.832812 0.751563 0.828125 0.753125 0.825000 0.756250 0.823438 0.767188 0.815625 0.767188 0.810937 0.768750 0.807813 0.771875 0.806250 0.776563 0.806250 0.795312 0.812500 0.803125 0.812500 0.807813 0.810937 0.809375 0.810937 0.812500 0.812500 0.815625 0.818750 0.821875 0.821875 0.823438 0.829688 0.823438 0.837500 0.820312 0.845313 0.821875 0.848437 0.820312 0.856250 0.812500 0.860938 0.810937 0.865625 0.806250 0.868750 0.800000 0.868750 0.787500 0.867188 0.779687 0.865625 0.776563 0.864062 0.775000 0.859375 0.773438 0.857812 0.771875 0.856250 0.768750 0.856250 0.765625 0.853125 0.760938 0.850000 0.757812
0 0.825000 0.920312 0.823438 0.923438 0.823438 0.935937 0.815625 0.942187 0.812500 0.948438 0.812500 0.962500 0.815625 0.968750 0.825000 0.979688 0.832812 0.985938 0.837500 0.989062 0.842187 0.990625 0.856250 0.990625 0.859375 0.989062 0.865625 0.984375 0.873437 0.982812 0.878125 0.978125 0.879687 0.973437 0.879687 0.964063 0.878125 0.946875 0.876563 0.942187 0.873437 0.935937 0.868750 0.931250 0.868750 0.929688 0.865625 0.926562 0.862500 0.925000 0.857812 0.925000 0.853125 0.923438 0.850000 0.921875 0.846875 0.918750 0.843750 0.917188 0.831250 0.917188
0 0.967187 0.796875 0.964063 0.798438 0.960938 0.804688 0.957812 0.812500 0.956250 0.817187 0.956250 0.825000 0.968750 0.839063 0.978125 0.848437 0.984375 0.851562 0.992188 0.860938 0.995313 0.864062 0.998437 0.865625 0.998437 0.814063 0.993750 0.814063 0.992188 0.812500 0.978125 0.812500 0.975000 0.809375 0.971875 0.801562
1 0.845313 0.892188 0.843750 0.893750 0.842187 0.896875 0.842187 0.901563 0.840625 0.903125 0.840625 0.906250 0.842187 0.910937 0.848437 0.917188 0.851562 0.918750 0.860938 0.918750 0.864062 0.917188 0.867188 0.910937 0.867188 0.893750 0.864062 0.890625 0.848437 0.890625
1 0.887500 0.898438 0.887500 0.912500 0.889062 0.917188 0.898438 0.926562 0.903125 0.928125 0.907813 0.928125 0.910937 0.926562 0.914062 0.923438 0.921875 0.920312 0.921875 0.909375 0.918750 0.903125 0.910937 0.895312 0.906250 0.892188 0.896875 0.892188 0.892188 0.893750
1 0.917188 0.921875 0.912500 0.925000 0.909375 0.928125 0.909375 0.935937 0.912500 0.942187 0.918750 0.948438 0.926562 0.954688 0.931250 0.954688 0.934375 0.951562 0.935937 0.948438 0.937500 0.943750 0.937500 0.935937 0.935937 0.931250 0.934375 0.928125 0.928125 0.921875
0 0.798438 0.193750 0.795312 0.195312 0.793750 0.201563 0.789062 0.201563 0.787500 0.200000 0.779687 0.201563 0.779687 0.209375 0.775000 0.225000 0.775000 0.231250 0.776563 0.235937 0.779687 0.240625 0.785937 0.246875 0.787500 0.251563 0.790625 0.254688 0.807813 0.253125 0.809375 0.250000 0.812500 0.242188 0.821875 0.234375 0.823438 0.218750 0.820312 0.212500 0.812500 0.203125 0.807813 0.198437 0.803125 0.196875
0 0.854688 0.160938 0.851562 0.162500 0.846875 0.165625 0.845313 0.168750 0.845313 0.171875 0.842187 0.176563 0.842187 0.196875 0.843750 0.201563 0.845313 0.204687 0.851562 0.210938 0.859375 0.214062 0.864062 0.218750 0.867188 0.225000 0.871875 0.228125 0.879687 0.228125 0.885938 0.225000 0.889062 0.221875 0.889062 0.220312 0.892188 0.217188 0.900000 0.215625 0.903125 0.214062 0.904687 0.212500 0.904687 0.210938 0.907813 0.207813 0.910937 0.200000 0.907813 0.195312 0.903125 0.192188 0.903125 0.176563 0.901563 0.170313 0.895312 0.164062 0.892188 0.162500 0.887500 0.162500 0.879687 0.165625 0.876563 0.164062 0.873437 0.160938 0.868750 0.159375 0.860938 0.159375
0 0.964063 0.232813 0.953125 0.242188 0.948438 0.245312 0.940625 0.246875 0.937500 0.253125 0.934375 0.260937 0.934375 0.270313 0.935937 0.278125 0.937500 0.282813 0.940625 0.285938 0.951562 0.295312 0.954688 0.295312 0.962500 0.289062 0.968750 0.285938 0.978125 0.282813 0.979688 0.275000 0.979688 0.254688 0.978125 0.251563 0.975000 0.248438 0.973437 0.245312 0.973437 0.239063 0.970313 0.235937
0 0.982812 0.309375 0.978125 0.309375 0.975000 0.310937 0.971875 0.315625 0.968750 0.317188 0.964063 0.314063 0.950000 0.314063 0.946875 0.315625 0.945312 0.317188 0.943750 0.320312 0.942187 0.334375 0.939063 0.334375 0.937500 0.337500 0.939063 0.340625 0.946875 0.348438 0.951562 0.351562 0.964063 0.357812 0.976562 0.357812 0.984375 0.356250 0.989062 0.351562 0.993750 0.350000 0.995313 0.342187 0.998437 0.337500 0.998437 0.334375 0.995313 0.331250 0.990625 0.318750 0.990625 0.315625 0.989062 0.312500
0 0.826562 0.267188 0.825000 0.278125 0.820312 0.285938 0.820312 0.289062 0.821875 0.293750 0.823438 0.296875 0.842187 0.298438 0.851562 0.300000 0.857812 0.303125 0.862500 0.307812 0.867188 0.310937 0.870313 0.312500 0.881250 0.312500 0.884375 0.309375 0.885938 0.306250 0.885938 0.293750 0.884375 0.285938 0.881250 0.281250 0.881250 0.276562 0.878125 0.270313 0.875000 0.267188 0.868750 0.264062 0.862500 0.257812 0.857812 0.256250 0.845313 0.256250 0.839063 0.257812 0.835938 0.259375 0.831250 0.264062 0.829688 0.264062
0 0.804688 0.276562 0.801562 0.276562 0.796875 0.279687 0.792188 0.279687 0.779687 0.278125 0.773438 0.279687 0.770312 0.282813 0.770312 0.292187 0.771875 0.295312 0.775000 0.298438 0.776563 0.301563 0.771875 0.306250 0.770312 0.309375 0.770312 0.314063 0.771875 0.318750 0.778125 0.328125 0.781250 0.331250 0.784375 0.332813 0.789062 0.334375 0.801562 0.334375 0.806250 0.332813 0.814063 0.325000 0.818750 0.318750 0.820312 0.314063 0.820312 0.296875 0.815625 0.287500 0.812500 0.282813 0.807813 0.278125
0 0.825000 0.303125 0.823438 0.307812 0.823438 0.314063 0.818750 0.321875 0.818750 0.325000 0.820312 0.329688 0.821875 0.332813 0.825000 0.335938 0.828125 0.337500 0.832812 0.337500 0.846875 0.345313 0.851562 0.345313 0.854688 0.343750 0.856250 0.342187 0.860938 0.335938 0.862500 0.335938 0.868750 0.329688 0.868750 0.317188 0.867188 0.314063 0.857812 0.304688 0.854688 0.303125 0.850000 0.301563
0 0.778125 0.389062 0.776563 0.392188 0.776563 0.398438 0.778125 0.401562 0.782813 0.406250 0.782813 0.409375 0.781250 0.410938 0.781250 0.414062 0.782813 0.418750 0.785937 0.421875 0.789062 0.423438 0.793750 0.423438 0.796875 0.425000 0.800000 0.428125 0.800000 0.429688 0.804688 0.435937 0.809375 0.440625 0.815625 0.440625 0.828125 0.437500 0.831250 0.435937 0.832812 0.434375 0.834375 0.431250 0.834375 0.420312 0.832812 0.418750 0.832812 0.406250 0.829688 0.400000 0.825000 0.395313 0.820312 0.395313 0.814063 0.392188 0.806250 0.382812 0.795312 0.382812 0.790625 0.385937 0.782813 0.385937 0.779687 0.387500
0 0.853125 0.348438 0.848437 0.350000 0.846875 0.353125 0.845313 0.357812 0.840625 0.359375 0.831250 0.367188 0.831250 0.368750 0.828125 0.371875 0.825000 0.378125 0.825000 0.389062 0.828125 0.395313 0.832812 0.401562 0.835938 0.403125 0.851562 0.404687 0.859375 0.414062 0.870313 0.414062 0.873437 0.410938 0.873437 0.409375 0.878125 0.404687 0.881250 0.400000 0.884375 0.392188 0.889062 0.389062 0.890625 0.385937 0.890625 0.379688 0.887500 0.367188 0.884375 0.364063 0.878125 0.360938 0.871875 0.360938 0.867188 0.359375 0.864062 0.356250 0.862500 0.356250 0.860938 0.354687 0.860938 0.353125 0.859375 0.351562
0 0.842187 0.345313 0.839063 0.343750 0.834375 0.343750 0.828125 0.340625 0.815625 0.340625 0.809375 0.346875 0.809375 0.353125 0.814063 0.356250 0.810937 0.359375 0.807813 0.360938 0.803125 0.360938 0.800000 0.362500 0.796875 0.365625 0.795312 0.368750 0.795312 0.381250 0.798438 0.382812 0.804688 0.381250 0.807813 0.382812 0.814063 0.389062 0.820312 0.387500 0.823438 0.381250 0.825000 0.376563 0.825000 0.371875 0.826562 0.368750 0.828125 0.367188 0.832812 0.365625 0.839063 0.360938 0.845313 0.350000
1 0.900000 0.268750 0.898438 0.273438 0.898438 0.282813 0.904687 0.289062 0.907813 0.290625 0.910937 0.290625 0.914062 0.289062 0.915625 0.285938 0.915625 0.276562 0.914062 0.271875 0.910937 0.268750 0.907813 0.267188
0 0.987500 0.310937 0.982812 0.309375 0.976562 0.309375 0.968750 0.317188 0.964063 0.314063 0.950000 0.314063 0.945312 0.317188 0.943750 0.320312 0.943750 0.332813 0.940625 0.334375 0.939063 0.340625 0.946875 0.348438 0.954688 0.353125 0.960938 0.356250 0.965625 0.357812 0.976562 0.357812 0.984375 0.356250 0.987500 0.354687 0.993750 0.350000 0.995313 0.340625 0.998437 0.337500 0.998437 0.332813 0.993750 0.326562 0.990625 0.314063
0 0.984375 0.414062 0.978125 0.415625 0.971875 0.418750 0.968750 0.421875 0.968750 0.423438 0.964063 0.428125 0.960938 0.432812 0.959375 0.437500 0.959375 0.451562 0.960938 0.454688 0.981250 0.473438 0.989062 0.473438 0.995313 0.467187 0.998437 0.467187 0.998437 0.417187 0.992188 0.417187
0 0.968750 0.359375 0.957812 0.357812 0.951562 0.357812 0.945312 0.360938 0.940625 0.364063 0.923438 0.379688 0.921875 0.382812 0.921875 0.387500 0.923438 0.389062 0.925000 0.404687 0.926562 0.409375 0.929688 0.412500 0.931250 0.420312 0.932813 0.423438 0.939063 0.431250 0.939063 0.434375 0.942187 0.439063 0.945312 0.440625 0.954688 0.440625 0.957812 0.437500 0.959375 0.432812 0.960938 0.429688 0.962500 0.428125 0.965625 0.426563 0.968750 0.421875 0.971875 0.415625 0.978125 0.409375 0.981250 0.404687 0.987500 0.392188 0.987500 0.385937 0.985938 0.382812 0.982812 0.379688 0.978125 0.379688 0.975000 0.376563 0.975000 0.365625 0.973437 0.362500 0.971875 0.360938
0 0.925000 0.478125 0.925000 0.484375 0.923438 0.489063 0.920312 0.492188 0.918750 0.496875 0.918750 0.503125 0.921875 0.509375 0.929688 0.512500 0.934375 0.517188 0.935937 0.525000 0.937500 0.528125 0.942187 0.532813 0.950000 0.534375 0.960938 0.534375 0.968750 0.532813 0.975000 0.529687 0.982812 0.525000 0.987500 0.520312 0.989062 0.517188 0.989062 0.509375 0.985938 0.503125 0.985938 0.489063 0.982812 0.482812 0.979688 0.479687 0.976562 0.478125 0.971875 0.476562 0.967187 0.476562 0.960938 0.473438 0.957812 0.470313 0.954688 0.468750 0.950000 0.467187 0.940625 0.467187 0.937500 0.468750 0.934375 0.471875 0.931250 0.471875
0 0.932813 0.537500 0.926562 0.543750 0.926562 0.559375 0.934375 0.571875 0.942187 0.579688 0.948438 0.582812 0.959375 0.581250 0.962500 0.581250 0.967187 0.585938 0.970313 0.587500 0.976562 0.585938 0.979688 0.579688 0.979688 0.573438 0.981250 0.568750 0.984375 0.565625 0.990625 0.560937 0.992188 0.557813 0.992188 0.551562 0.990625 0.546875 0.989062 0.543750 0.985938 0.539062 0.982812 0.535937 0.978125 0.534375 0.967187 0.532813 0.939063 0.534375
0 0.914062 0.482812 0.900000 0.476562 0.884375 0.476562 0.871875 0.479687 0.868750 0.478125 0.862500 0.479687 0.859375 0.481250 0.851562 0.487500 0.845313 0.493750 0.842187 0.498437 0.840625 0.501563 0.839063 0.506250 0.840625 0.512500 0.848437 0.517188 0.851562 0.517188 0.857812 0.523438 0.859375 0.528125 0.865625 0.534375 0.871875 0.537500 0.885938 0.537500 0.890625 0.535937 0.895312 0.532813 0.898438 0.528125 0.901563 0.520312 0.904687 0.517188 0.907813 0.515625 0.910937 0.515625 0.915625 0.510938 0.917188 0.507812 0.917188 0.493750 0.912500 0.485938
0 0.884375 0.409375 0.879687 0.409375 0.865625 0.423438 0.865625 0.429688 0.867188 0.440625 0.864062 0.445312 0.865625 0.457813 0.865625 0.460938 0.864062 0.470313 0.867188 0.473438 0.870313 0.475000 0.876563 0.476562 0.887500 0.475000 0.893750 0.473438 0.900000 0.470313 0.900000 0.468750 0.901563 0.467187 0.904687 0.465625 0.909375 0.465625 0.914062 0.464062 0.917188 0.460938 0.917188 0.451562 0.914062 0.445312 0.906250 0.439063 0.901563 0.434375 0.900000 0.429688 0.898438 0.421875 0.895312 0.415625 0.893750 0.414062
0 0.998437 0.557813 0.992188 0.562500 0.992188 0.564063 0.985938 0.568750 0.984375 0.570312 0.981250 0.576562 0.979688 0.581250 0.979688 0.589063 0.984375 0.595313 0.989062 0.596875 0.998437 0.604688
0 0.898438 0.417187 0.898438 0.423438 0.901563 0.429688 0.903125 0.434375 0.906250 0.437500 0.914062 0.443750 0.918750 0.446875 0.923438 0.446875 0.926562 0.445312 0.928125 0.442188 0.928125 0.432812 0.926562 0.429688 0.918750 0.425000 0.909375 0.415625