0 0.219563 0.026562 0.216438 0.025000 0.203938 0.025000 0.197687 0.026562 0.191437 0.029687 0.186750 0.032813 0.183625 0.035937 0.182062 0.040625 0.178937 0.043750 0.172687 0.046875 0.169563 0.050000 0.166437 0.056250 0.166437 0.064062 0.161750 0.075000 0.161750 0.079687 0.163312 0.084375 0.164875 0.087500 0.169563 0.093750 0.174250 0.098437 0.177375 0.100000 0.193000 0.100000 0.214875 0.098437 0.224250 0.089063 0.228938 0.082812 0.230500 0.079687 0.232063 0.073438 0.232063 0.045312 0.228938 0.042188 0.227375 0.035937 0.225813 0.032813
0 0.268750 0.018750 0.264062 0.023438 0.262500 0.028125 0.262500 0.032813 0.264062 0.037500 0.270313 0.048438 0.270313 0.051562 0.273438 0.057813 0.270313 0.067187 0.270313 0.084375 0.273438 0.090625 0.276562 0.093750 0.279687 0.095312 0.295312 0.095312 0.300000 0.092188 0.304688 0.092188 0.309375 0.095312 0.314063 0.100000 0.318750 0.101562 0.326562 0.093750 0.329688 0.087500 0.329688 0.082812 0.332813 0.076563 0.337500 0.071875 0.337500 0.059375 0.335938 0.051562 0.334375 0.046875 0.328125 0.040625 0.326562 0.037500 0.326562 0.028125 0.325000 0.023438 0.323437 0.020313 0.317188 0.014063 0.312500 0.012500 0.307812 0.012500 0.303125 0.014063 0.300000 0.017188 0.298438 0.020313 0.290625 0.015625 0.275000 0.015625
0 0.114062 0.120313 0.110937 0.121875 0.110937 0.129688 0.112500 0.146875 0.106250 0.153125 0.095312 0.154688 0.092188 0.156250 0.090625 0.160938 0.092188 0.164062 0.098437 0.167187 0.106250 0.168750 0.114062 0.176563 0.115625 0.181250 0.115625 0.187500 0.117188 0.190625 0.121875 0.196875 0.123438 0.214062 0.126562 0.215625 0.129688 0.215625 0.132812 0.212500 0.135937 0.206250 0.135937 0.192188 0.132812 0.184375 0.132812 0.178125 0.135937 0.171875 0.135937 0.168750 0.134375 0.157812 0.132812 0.151562 0.129688 0.148438 0.128125 0.148438 0.125000 0.145313 0.123438 0.142187 0.121875 0.137500 0.121875 0.131250 0.120313 0.128125 0.118750 0.126562 0.117188 0.126562 0.114062 0.123438
1 0.173437 0.162500 0.167187 0.165625 0.165625 0.167187 0.164062 0.170313 0.164062 0.184375 0.165625 0.187500 0.170313 0.192188 0.181250 0.192188 0.185938 0.189062 0.189062 0.182812 0.189062 0.173437 0.187500 0.170313 0.181250 0.164062 0.176563 0.162500
1 0.234375 0.212500 0.231250 0.215625 0.231250 0.225000 0.234375 0.231250 0.235937 0.232813 0.239063 0.234375 0.248438 0.232813 0.250000 0.229687 0.250000 0.215625 0.245312 0.210938 0.237500 0.210938
0 0.345313 0.101562 0.340625 0.101562 0.337500 0.104688 0.339062 0.118750 0.337500 0.121875 0.335938 0.123438 0.331250 0.125000 0.326562 0.129688 0.325000 0.134375 0.325000 0.146875 0.326562 0.151562 0.329688 0.157812 0.335938 0.157812 0.345313 0.139063 0.345313 0.134375 0.351562 0.123438 0.353125 0.118750 0.353125 0.112500 0.350000 0.107813 0.348438 0.103125
0 0.150000 0.248438 0.145313 0.253125 0.145313 0.257812 0.148438 0.262500 0.148438 0.267188 0.146875 0.279687 0.148438 0.282813 0.153125 0.287500 0.156250 0.289062 0.173437 0.292187 0.175000 0.296875 0.181250 0.303125 0.187500 0.306250 0.196875 0.307812 0.200000 0.306250 0.204687 0.301563 0.204687 0.296875 0.207813 0.292187 0.209375 0.282813 0.207813 0.275000 0.204687 0.268750 0.201563 0.264062 0.196875 0.259375 0.189062 0.257812 0.185938 0.256250 0.179688 0.251563 0.176563 0.250000 0.171875 0.248438
0 0.000000 0.275000 0.000000 0.342187 0.003125 0.343750 0.007812 0.345313 0.014063 0.345313 0.018750 0.342187 0.029687 0.343750 0.037500 0.343750 0.043750 0.340625 0.046875 0.337500 0.048438 0.332813 0.048438 0.329688 0.046875 0.320312 0.051562 0.315625 0.053125 0.312500 0.053125 0.306250 0.051562 0.298438 0.050000 0.295312 0.042188 0.285938 0.039062 0.282813 0.035937 0.281250 0.023438 0.281250 0.017188 0.276562 0.014063 0.275000
0 0.075000 0.337500 0.070312 0.337500 0.068750 0.339062 0.062500 0.339062 0.056250 0.342187 0.046875 0.342187 0.043750 0.343750 0.040625 0.346875 0.039062 0.350000 0.035937 0.370312 0.035937 0.384375 0.037500 0.389062 0.040625 0.393750 0.043750 0.396875 0.045312 0.396875 0.050000 0.401562 0.053125 0.407813 0.053125 0.410938 0.051562 0.415625 0.051562 0.420312 0.056250 0.420312 0.065625 0.412500 0.068750 0.409375 0.068750 0.400000 0.073438 0.396875 0.078125 0.398438 0.082812 0.396875 0.087500 0.392188 0.090625 0.385937 0.090625 0.381250 0.092188 0.379688 0.092188 0.376563 0.090625 0.371875 0.089063 0.368750 0.087500 0.367188 0.085938 0.367188 0.078125 0.357812 0.078125 0.351562 0.081250 0.346875 0.081250 0.342187 0.079687 0.339062 0.076563 0.339062
0 0.048438 0.420312 0.045312 0.418750 0.042188 0.418750 0.037500 0.423438 0.034375 0.425000 0.031250 0.425000 0.028125 0.426563 0.023438 0.429688 0.021875 0.434375 0.017188 0.439063 0.014063 0.439063 0.009375 0.443750 0.003125 0.454688 0.003125 0.459375 0.014063 0.468750 0.017188 0.467187 0.025000 0.459375 0.029687 0.457813 0.032813 0.454688 0.035937 0.446875 0.039062 0.443750 0.043750 0.442188 0.048438 0.439063 0.053125 0.432812 0.053125 0.425000
0 0.043750 0.514062 0.023438 0.514062 0.014063 0.520312 0.009375 0.525000 0.009375 0.546875 0.015625 0.553125 0.018750 0.554688 0.023438 0.556250 0.029687 0.556250 0.037500 0.553125 0.040625 0.551562 0.043750 0.548438 0.045312 0.548438 0.046875 0.546875 0.048438 0.543750 0.048438 0.531250 0.046875 0.521875
0 0.117188 0.557813 0.114062 0.557813 0.109375 0.559375 0.106250 0.562500 0.101562 0.560937 0.100000 0.556250 0.095312 0.556250 0.092188 0.557813 0.087500 0.570312 0.082812 0.576562 0.082812 0.581250 0.081250 0.584375 0.076563 0.589063 0.075000 0.592187 0.075000 0.595313 0.078125 0.600000 0.078125 0.610938 0.079687 0.618750 0.084375 0.628125 0.090625 0.628125 0.092188 0.625000 0.093750 0.617188 0.107813 0.617188 0.110937 0.614062 0.112500 0.610938 0.110937 0.595313 0.110937 0.589063 0.112500 0.585938 0.117188 0.579688 0.118750 0.576562 0.120313 0.568750 0.120313 0.559375
0 0.067187 0.589063 0.064062 0.587500 0.043750 0.587500 0.040625 0.582812 0.037500 0.581250 0.028125 0.581250 0.025000 0.584375 0.020313 0.593750 0.020313 0.603125 0.017188 0.606250 0.012500 0.607812 0.010937 0.614062 0.010937 0.623437 0.014063 0.629687 0.017188 0.631250 0.017188 0.632812 0.020313 0.635938 0.020313 0.639062 0.021875 0.642188 0.025000 0.645312 0.028125 0.646875 0.040625 0.645312 0.045312 0.639062 0.053125 0.639062 0.056250 0.637500 0.059375 0.634375 0.060937 0.631250 0.062500 0.626563 0.062500 0.618750 0.064062 0.615625 0.070312 0.609375 0.071875 0.606250 0.071875 0.595313 0.070312 0.592187
0 0.031250 0.682813 0.028125 0.685937 0.028125 0.693750 0.026562 0.696875 0.014063 0.700000 0.010937 0.703125 0.009375 0.703125 0.007812 0.704688 0.007812 0.706250 0.004687 0.709375 0.001563 0.718750 0.001563 0.725000 0.003125 0.731250 0.006250 0.735938 0.009375 0.739062 0.012500 0.740625 0.021875 0.743750 0.021875 0.756250 0.023438 0.765625 0.025000 0.770312 0.028125 0.773438 0.028125 0.775000 0.029687 0.776563 0.032813 0.778125 0.045312 0.778125 0.050000 0.773438 0.057813 0.764062 0.064062 0.764062 0.071875 0.770312 0.076563 0.770312 0.081250 0.768750 0.089063 0.764062 0.090625 0.759375 0.093750 0.756250 0.093750 0.751563 0.095312 0.750000 0.095312 0.746875 0.092188 0.734375 0.092188 0.723437 0.095312 0.714063 0.093750 0.707812 0.092188 0.704688 0.087500 0.700000 0.084375 0.698438 0.078125 0.696875 0.071875 0.689063 0.067187 0.689063 0.067187 0.690625 0.064062 0.693750 0.053125 0.685937 0.046875 0.682813 0.042188 0.681250 0.035937 0.681250
0 0.000000 0.773438 0.000000 0.814063 0.007812 0.814063 0.012500 0.818750 0.015625 0.825000 0.015625 0.828125 0.017188 0.831250 0.020313 0.835938 0.023438 0.839063 0.028125 0.842187 0.034375 0.843750 0.042188 0.843750 0.043750 0.845313 0.050000 0.845313 0.053125 0.843750 0.054688 0.837500 0.053125 0.821875 0.051562 0.814063 0.050000 0.809375 0.045312 0.804688 0.040625 0.803125 0.037500 0.800000 0.037500 0.798438 0.032813 0.793750 0.029687 0.792188 0.025000 0.792188 0.020313 0.787500 0.012500 0.778125 0.003125 0.773438
0 0.251563 0.276562 0.239063 0.276562 0.234375 0.278125 0.231250 0.279687 0.228125 0.282813 0.223438 0.290625 0.221875 0.293750 0.221875 0.296875 0.223438 0.300000 0.231250 0.307812 0.231250 0.314063 0.232813 0.318750 0.235937 0.321875 0.239063 0.317188 0.246875 0.301563 0.253125 0.285938
0 0.020313 0.004687 0.020313 0.014063 0.025000 0.018750 0.029687 0.021875 0.037500 0.026562 0.040625 0.028125 0.045312 0.029687 0.051562 0.029687 0.056250 0.034375 0.056250 0.046875 0.059375 0.050000 0.065625 0.050000 0.075000 0.046875 0.078125 0.045312 0.078125 0.040625 0.079687 0.037500 0.085938 0.032813 0.089063 0.028125 0.087500 0.020313 0.084375 0.014063 0.065625 0.015625 0.057813 0.015625 0.043750 0.006250 0.034375 0.007812 0.023438 0.004687
0 0.085938 0.012500 0.085938 0.015625 0.090625 0.026562 0.090625 0.032813 0.093750 0.034375 0.098437 0.034375 0.101562 0.035937 0.104688 0.039062 0.104688 0.040625 0.106250 0.042188 0.109375 0.043750 0.114062 0.045312 0.120313 0.051562 0.129688 0.056250 0.143750 0.056250 0.146875 0.054688 0.151562 0.050000 0.154688 0.045312 0.156250 0.042188 0.156250 0.034375 0.153125 0.028125 0.150000 0.025000 0.142187 0.020313 0.135937 0.015625 0.132812 0.014063 0.112500 0.014063 0.107813 0.012500 0.100000 0.007812 0.090625 0.007812
0 0.384375 0.157812 0.379688 0.159375 0.376563 0.162500 0.373437 0.167187 0.370312 0.173437 0.368750 0.178125 0.368750 0.182812 0.371875 0.185938 0.379688 0.189062 0.390625 0.189062 0.393750 0.187500 0.395313 0.179688 0.396875 0.176563 0.400000 0.173437 0.401562 0.170313 0.401562 0.165625 0.400000 0.162500 0.395313 0.157812
0 0.471875 0.123438 0.470313 0.121875 0.467187 0.120313 0.462500 0.118750 0.453125 0.118750 0.450000 0.121875 0.448437 0.126562 0.442188 0.132812 0.434375 0.132812 0.423438 0.131250 0.418750 0.134375 0.409375 0.146875 0.410938 0.162500 0.420312 0.162500 0.431250 0.159375 0.443750 0.154688 0.450000 0.154688 0.456250 0.151562 0.460938 0.145313 0.465625 0.140625 0.471875 0.135937 0.473438 0.131250 0.473438 0.126562
0 0.384375 0.070312 0.373437 0.070312 0.368750 0.071875 0.365625 0.073438 0.362500 0.076563 0.360938 0.076563 0.359375 0.081250 0.359375 0.085938 0.360938 0.090625 0.360938 0.098437 0.357812 0.104688 0.360938 0.112500 0.367188 0.106250 0.376563 0.095312 0.381250 0.089063 0.384375 0.084375 0.385937 0.081250
0 0.815625 0.084375 0.809375 0.087500 0.806250 0.090625 0.804688 0.093750 0.803125 0.100000 0.801562 0.112500 0.795312 0.115625 0.792188 0.115625 0.789062 0.117188 0.785937 0.120313 0.784375 0.123438 0.784375 0.135937 0.785937 0.140625 0.789062 0.145313 0.793750 0.150000 0.798438 0.151562 0.809375 0.151562 0.812500 0.153125 0.815625 0.164062 0.817187 0.167187 0.821875 0.171875 0.829688 0.176563 0.843750 0.176563 0.848437 0.171875 0.851562 0.160938 0.850000 0.145313 0.850000 0.139063 0.862500 0.126562 0.865625 0.120313 0.867188 0.112500 0.865625 0.103125 0.859375 0.096875 0.856250 0.095312 0.851562 0.093750 0.842187 0.093750 0.837500 0.090625 0.832812 0.085938 0.828125 0.084375
0 0.450000 0.618750 0.439063 0.618750 0.435937 0.620313 0.429688 0.626563 0.426563 0.626563 0.420312 0.623437 0.406250 0.623437 0.403125 0.625000 0.396875 0.631250 0.393750 0.637500 0.395313 0.653125 0.395313 0.664062 0.390625 0.671875 0.390625 0.684375 0.393750 0.692187 0.400000 0.698438 0.414062 0.704688 0.421875 0.712500 0.428125 0.715625 0.440625 0.715625 0.445312 0.714063 0.451562 0.709375 0.457813 0.703125 0.459375 0.698438 0.460938 0.695312 0.462500 0.693750 0.465625 0.692187 0.468750 0.692187 0.473438 0.687500 0.475000 0.678125 0.475000 0.662500 0.473438 0.659375 0.470313 0.656250 0.468750 0.653125 0.468750 0.643750 0.467187 0.635938 0.465625 0.632812 0.460938 0.626563 0.454688 0.620313
0 0.484375 0.682813 0.481250 0.685937 0.478125 0.692187 0.478125 0.704688 0.482812 0.714063 0.487500 0.718750 0.487500 0.728125 0.489063 0.732812 0.492188 0.737500 0.495312 0.740625 0.501563 0.743750 0.506250 0.745313 0.514062 0.746875 0.517188 0.746875 0.525000 0.743750 0.528125 0.745313 0.531250 0.750000 0.535937 0.753125 0.540625 0.754687 0.551562 0.754687 0.557813 0.751563 0.560937 0.748437 0.562500 0.748437 0.565625 0.742188 0.565625 0.732812 0.564063 0.729688 0.560937 0.726562 0.557813 0.720313 0.559375 0.717187 0.564063 0.710938 0.565625 0.707812 0.565625 0.695312 0.564063 0.689063 0.560937 0.685937 0.559375 0.681250 0.556250 0.679688 0.539062 0.679688 0.529687 0.670312 0.521875 0.667188 0.514062 0.667188 0.509375 0.668750 0.504687 0.673438 0.503125 0.678125 0.501563 0.679688 0.498437 0.681250 0.487500 0.681250
0 0.595313 0.631250 0.592187 0.632812 0.582812 0.642188 0.578125 0.642188 0.573438 0.643750 0.570312 0.646875 0.568750 0.651563 0.568750 0.670312 0.570312 0.675000 0.573438 0.681250 0.582812 0.690625 0.589063 0.700000 0.593750 0.710938 0.606250 0.723437 0.615625 0.723437 0.623437 0.729688 0.628125 0.731250 0.637500 0.731250 0.640625 0.729688 0.642188 0.728125 0.643750 0.725000 0.643750 0.720313 0.645312 0.717187 0.654687 0.707812 0.656250 0.703125 0.656250 0.696875 0.654687 0.692187 0.653125 0.689063 0.646875 0.682813 0.642188 0.671875 0.637500 0.667188 0.637500 0.665625 0.634375 0.662500 0.631250 0.660937 0.618750 0.657813 0.615625 0.656250 0.615625 0.642188 0.614062 0.637500 0.610938 0.634375 0.607812 0.632812 0.603125 0.631250
0 0.451562 0.787500 0.448437 0.789062 0.445312 0.792188 0.445312 0.795312 0.442188 0.798438 0.439063 0.800000 0.434375 0.800000 0.423438 0.810937 0.421875 0.814063 0.420312 0.834375 0.420312 0.845313 0.421875 0.850000 0.425000 0.856250 0.431250 0.862500 0.434375 0.864062 0.439063 0.865625 0.442188 0.865625 0.446875 0.864062 0.450000 0.862500 0.454688 0.857812 0.459375 0.856250 0.462500 0.859375 0.468750 0.867188 0.473438 0.870313 0.476562 0.871875 0.482812 0.871875 0.487500 0.867188 0.490625 0.860938 0.490625 0.851562 0.493750 0.843750 0.493750 0.839063 0.490625 0.829688 0.489063 0.826562 0.481250 0.815625 0.479687 0.812500 0.478125 0.806250 0.476562 0.803125 0.470313 0.795312 0.464062 0.789062 0.459375 0.787500
0 0.571875 0.789062 0.568750 0.790625 0.567187 0.792188 0.567187 0.793750 0.564063 0.796875 0.562500 0.800000 0.562500 0.809375 0.556250 0.815625 0.554688 0.815625 0.546875 0.823438 0.543750 0.829688 0.543750 0.850000 0.545312 0.856250 0.546875 0.859375 0.550000 0.862500 0.551562 0.870313 0.559375 0.884375 0.567187 0.892188 0.570312 0.893750 0.579688 0.893750 0.590625 0.889062 0.595313 0.892188 0.609375 0.892188 0.615625 0.890625 0.618750 0.889062 0.620313 0.887500 0.625000 0.878125 0.626563 0.873437 0.626563 0.864062 0.625000 0.862500 0.625000 0.853125 0.628125 0.850000 0.629687 0.850000 0.634375 0.845313 0.635938 0.840625 0.635938 0.823438 0.634375 0.818750 0.629687 0.809375 0.625000 0.809375 0.618750 0.806250 0.612500 0.806250 0.607812 0.804688 0.604688 0.801562 0.603125 0.801562 0.595313 0.792188 0.589063 0.789062
0 0.553125 0.757812 0.551562 0.764062 0.553125 0.770312 0.556250 0.776563 0.559375 0.781250 0.568750 0.790625 0.576562 0.790625 0.590625 0.789062 0.595313 0.792188 0.598437 0.795312 0.604688 0.803125 0.609375 0.806250 0.615625 0.807813 0.625000 0.807813 0.628125 0.810937 0.631250 0.810937 0.629687 0.807813 0.629687 0.804688 0.626563 0.796875 0.623437 0.793750 0.625000 0.781250 0.625000 0.778125 0.623437 0.776563 0.623437 0.771875 0.621875 0.767188 0.620313 0.764062 0.614062 0.762500 0.607812 0.767188 0.598437 0.767188 0.593750 0.768750 0.589063 0.771875 0.585938 0.768750 0.578125 0.759375 0.575000 0.757812 0.567187 0.756250 0.556250 0.756250
0 0.345313 0.792188 0.342187 0.793750 0.340625 0.795312 0.339062 0.798438 0.339062 0.812500 0.335938 0.815625 0.329688 0.817187 0.321875 0.825000 0.320312 0.828125 0.320312 0.837500 0.321875 0.843750 0.323437 0.846875 0.328125 0.851562 0.334375 0.854688 0.343750 0.864062 0.343750 0.870313 0.346875 0.879687 0.348438 0.882812 0.351562 0.885938 0.351562 0.889062 0.353125 0.892188 0.356250 0.895312 0.359375 0.896875 0.362500 0.896875 0.367188 0.901563 0.367188 0.923438 0.368750 0.929688 0.370312 0.932813 0.376563 0.939063 0.379688 0.939063 0.382812 0.937500 0.387500 0.932813 0.390625 0.928125 0.390625 0.923438 0.393750 0.920312 0.392188 0.904687 0.393750 0.895312 0.390625 0.887500 0.395313 0.882812 0.403125 0.879687 0.406250 0.871875 0.406250 0.868750 0.404687 0.867188 0.404687 0.862500 0.401562 0.856250 0.395313 0.850000 0.392188 0.845313 0.392188 0.839063 0.389062 0.829688 0.387500 0.826562 0.379688 0.815625 0.367188 0.800000 0.360938 0.793750 0.357812 0.792188
0 0.396875 0.884375 0.393750 0.890625 0.393750 0.900000 0.395313 0.901563 0.395313 0.912500 0.398438 0.918750 0.398438 0.923438 0.395313 0.929688 0.390625 0.934375 0.390625 0.945312 0.393750 0.953125 0.400000 0.959375 0.403125 0.960938 0.409375 0.960938 0.414062 0.962500 0.431250 0.971875 0.437500 0.979688 0.440625 0.982812 0.450000 0.987500 0.454688 0.987500 0.459375 0.984375 0.465625 0.984375 0.468750 0.981250 0.479687 0.964063 0.481250 0.960938 0.482812 0.953125 0.489063 0.946875 0.490625 0.943750 0.490625 0.929688 0.485938 0.921875 0.482812 0.918750 0.478125 0.915625 0.473438 0.914062 0.468750 0.910937 0.462500 0.904687 0.450000 0.896875 0.442188 0.893750 0.434375 0.892188 0.431250 0.893750 0.421875 0.892188 0.417187 0.889062 0.410938 0.882812 0.407813 0.881250 0.404687 0.881250
0 0.571875 0.998437 0.568750 0.995313 0.562500 0.984375 0.557813 0.979688 0.551562 0.975000 0.545312 0.971875 0.539062 0.965625 0.526563 0.965625 0.520312 0.968750 0.509375 0.973437 0.503125 0.978125 0.498437 0.978125 0.496875 0.976562 0.489063 0.975000 0.482812 0.975000 0.476562 0.978125 0.471875 0.982812 0.471875 0.987500 0.476562 0.992188 0.484375 0.993750 0.492188 0.993750 0.496875 0.998437
0 0.659375 0.889062 0.659375 0.895312 0.654687 0.900000 0.646875 0.901563 0.643750 0.903125 0.639062 0.907813 0.639062 0.912500 0.640625 0.915625 0.643750 0.918750 0.645312 0.923438 0.642188 0.931250 0.642188 0.934375 0.643750 0.935937 0.643750 0.940625 0.645312 0.943750 0.651563 0.950000 0.654687 0.951562 0.659375 0.951562 0.662500 0.954688 0.664062 0.959375 0.670312 0.965625 0.679688 0.965625 0.687500 0.956250 0.698438 0.953125 0.698438 0.937500 0.693750 0.923438 0.689063 0.910937 0.684375 0.901563 0.671875 0.889062 0.667188 0.887500
0 0.760938 0.743750 0.754687 0.750000 0.753125 0.753125 0.753125 0.757812 0.750000 0.765625 0.746875 0.767188 0.740625 0.768750 0.740625 0.771875 0.742188 0.773438 0.742188 0.778125 0.745313 0.784375 0.751563 0.795312 0.751563 0.800000 0.753125 0.803125 0.757812 0.809375 0.762500 0.814063 0.765625 0.815625 0.770312 0.817187 0.781250 0.817187 0.789062 0.812500 0.795312 0.810937 0.803125 0.810937 0.803125 0.792188 0.807813 0.784375 0.807813 0.778125 0.806250 0.771875 0.803125 0.762500 0.798438 0.754687 0.793750 0.750000 0.793750 0.748437 0.790625 0.745313 0.773438 0.745313 0.768750 0.742188 0.765625 0.742188
0 0.850000 0.771875 0.848437 0.776563 0.845313 0.789062 0.845313 0.801562 0.846875 0.804688 0.854688 0.812500 0.859375 0.814063 0.865625 0.814063 0.870313 0.817187 0.878125 0.818750 0.884375 0.817187 0.887500 0.815625 0.896875 0.806250 0.904687 0.804688 0.907813 0.803125 0.910937 0.800000 0.910937 0.793750 0.909375 0.787500 0.903125 0.775000 0.900000 0.771875 0.885938 0.762500 0.881250 0.760938 0.860938 0.760938 0.857812 0.762500 0.851562 0.768750
0 0.754687 0.904687 0.754687 0.910937 0.750000 0.918750 0.750000 0.926562 0.751563 0.929688 0.754687 0.931250 0.759375 0.932813 0.767188 0.932813 0.773438 0.931250 0.775000 0.929688 0.778125 0.929688 0.787500 0.932813 0.793750 0.935937 0.804688 0.948438 0.809375 0.950000 0.815625 0.946875 0.817187 0.943750 0.815625 0.931250 0.820312 0.926562 0.823438 0.926562 0.826562 0.923438 0.828125 0.920312 0.828125 0.917188 0.826562 0.915625 0.826562 0.910937 0.825000 0.906250 0.820312 0.898438 0.814063 0.892188 0.809375 0.890625 0.803125 0.884375 0.798438 0.882812 0.789062 0.882812 0.784375 0.889062 0.773438 0.890625 0.767188 0.896875 0.762500 0.898438 0.757812 0.901563
0 0.735938 0.937500 0.735938 0.951562 0.737500 0.956250 0.740625 0.959375 0.746875 0.962500 0.764062 0.979688 0.767188 0.981250 0.785937 0.979688 0.790625 0.975000 0.792188 0.970313 0.792188 0.957812 0.795312 0.953125 0.795312 0.950000 0.796875 0.946875 0.793750 0.940625 0.790625 0.939063 0.785937 0.937500 0.764062 0.937500 0.757812 0.935937 0.754687 0.934375 0.751563 0.931250 0.748437 0.929688 0.745313 0.929688 0.742188 0.931250
0 0.703125 0.968750 0.703125 0.981250 0.704688 0.985938 0.706250 0.989062 0.712500 0.990625 0.718750 0.998437 0.767188 0.998437 0.767188 0.992188 0.765625 0.985938 0.764062 0.982812 0.759375 0.975000 0.754687 0.970313 0.753125 0.970313 0.746875 0.964063 0.742188 0.960938 0.735938 0.957812 0.715625 0.957812 0.712500 0.959375
0 0.839063 0.956250 0.839063 0.962500 0.842187 0.965625 0.845313 0.967187 0.853125 0.968750 0.857812 0.973437 0.860938 0.979688 0.864062 0.982812 0.868750 0.985938 0.873437 0.985938 0.875000 0.987500 0.878125 0.987500 0.892188 0.985938 0.893750 0.984375 0.903125 0.984375 0.903125 0.979688 0.900000 0.971875 0.900000 0.967187 0.903125 0.965625 0.903125 0.960938 0.901563 0.957812 0.896875 0.953125 0.892188 0.951562 0.881250 0.946875 0.867188 0.942187 0.857812 0.942187 0.853125 0.943750 0.846875 0.946875 0.840625 0.953125
0 0.926562 0.804688 0.923438 0.809375 0.921875 0.814063 0.920312 0.821875 0.915625 0.823438 0.914062 0.826562 0.914062 0.829688 0.910937 0.832812 0.910937 0.840625 0.912500 0.856250 0.914062 0.860938 0.915625 0.864062 0.920312 0.871875 0.923438 0.875000 0.940625 0.876563 0.953125 0.876563 0.960938 0.875000 0.962500 0.873437 0.965625 0.873437 0.968750 0.868750 0.970313 0.865625 0.970313 0.851562 0.967187 0.846875 0.967187 0.842187 0.970313 0.837500 0.970313 0.825000 0.968750 0.820312 0.964063 0.815625 0.960938 0.814063 0.956250 0.812500 0.948438 0.810937 0.943750 0.804688 0.939063 0.803125 0.929688 0.803125
0 0.921875 0.873437 0.921875 0.878125 0.925000 0.884375 0.934375 0.896875 0.942187 0.903125 0.945312 0.906250 0.945312 0.907813 0.948438 0.910937 0.957812 0.910937 0.964063 0.904687 0.967187 0.898438 0.967187 0.892188 0.965625 0.890625 0.965625 0.882812 0.962500 0.876563 0.959375 0.875000 0.954688 0.878125 0.945312 0.878125 0.939063 0.875000 0.926562 0.873437
0 0.981250 0.912500 0.978125 0.912500 0.976562 0.910937 0.960938 0.910937 0.953125 0.912500 0.948438 0.914062 0.939063 0.918750 0.928125 0.929688 0.926562 0.932813 0.926562 0.937500 0.925000 0.939063 0.925000 0.942187 0.926562 0.943750 0.926562 0.948438 0.929688 0.954688 0.931250 0.956250 0.934375 0.957812 0.942187 0.960938 0.951562 0.960938 0.962500 0.956250 0.971875 0.951562 0.976562 0.946875 0.976562 0.934375 0.975000 0.932813 0.975000 0.920312 0.981250 0.915625
1 0.782813 0.825000 0.779687 0.828125 0.779687 0.839063 0.781250 0.842187 0.785937 0.846875 0.789062 0.848437 0.798438 0.846875 0.800000 0.843750 0.800000 0.834375 0.798438 0.829688 0.793750 0.825000
1 0.801562 0.729688 0.800000 0.732812 0.800000 0.735938 0.803125 0.742188 0.806250 0.745313 0.809375 0.746875 0.812500 0.746875 0.815625 0.745313 0.818750 0.742188 0.818750 0.732812 0.814063 0.728125 0.804688 0.728125
1 0.703125 0.828125 0.703125 0.837500 0.704688 0.840625 0.717187 0.854688 0.723437 0.860938 0.731250 0.860938 0.737500 0.857812 0.739062 0.851562 0.739062 0.843750 0.735938 0.837500 0.729688 0.834375 0.720313 0.825000 0.717187 0.823438 0.709375 0.823438 0.706250 0.825000
0 0.731250 0.685937 0.725000 0.689063 0.721875 0.692187 0.718750 0.698438 0.718750 0.707812 0.720313 0.714063 0.721875 0.717187 0.728125 0.723437 0.734375 0.726562 0.737500 0.726562 0.743750 0.723437 0.750000 0.718750 0.751563 0.717187 0.754687 0.710938 0.754687 0.700000 0.753125 0.696875 0.750000 0.692187 0.746875 0.689063 0.740625 0.685937
0 0.865625 0.703125 0.862500 0.706250 0.860938 0.710938 0.860938 0.721875 0.862500 0.728125 0.865625 0.732812 0.868750 0.735938 0.873437 0.739062 0.878125 0.740625 0.881250 0.740625 0.889062 0.739062 0.892188 0.735938 0.893750 0.732812 0.893750 0.725000 0.892188 0.721875 0.884375 0.714063 0.879687 0.703125 0.875000 0.703125 0.873437 0.701562 0.868750 0.701562
0 0.801562 0.315625 0.801562 0.318750 0.804688 0.321875 0.812500 0.323437 0.815625 0.326562 0.818750 0.334375 0.825000 0.340625 0.829688 0.342187 0.843750 0.342187 0.848437 0.340625 0.850000 0.339062 0.853125 0.337500 0.851562 0.334375 0.837500 0.320312 0.821875 0.306250 0.818750 0.304688 0.812500 0.304688 0.809375 0.306250 0.804688 0.310937 0.804688 0.312500
0 0.729688 0.200000 0.732812 0.206250 0.732812 0.209375 0.723437 0.218750 0.723437 0.226562 0.726562 0.237500 0.731250 0.245312 0.737500 0.251563 0.740625 0.251563 0.743750 0.253125 0.746875 0.256250 0.748437 0.259375 0.750000 0.267188 0.753125 0.273438 0.754687 0.275000 0.756250 0.275000 0.759375 0.278125 0.768750 0.281250 0.775000 0.282813 0.785937 0.282813 0.785937 0.278125 0.782813 0.270313 0.784375 0.262500 0.782813 0.259375 0.784375 0.254688 0.785937 0.251563 0.795312 0.242188 0.801562 0.242188 0.804688 0.240625 0.806250 0.231250 0.798438 0.215625 0.790625 0.207813 0.787500 0.207813 0.782813 0.204687 0.779687 0.206250 0.778125 0.210938 0.776563 0.214062 0.775000 0.215625 0.771875 0.217188 0.767188 0.217188 0.757812 0.210938 0.735938 0.200000
1 0.840625 0.243750 0.837500 0.246875 0.835938 0.250000 0.835938 0.256250 0.837500 0.262500 0.840625 0.265625 0.842187 0.270313 0.842187 0.275000 0.846875 0.275000 0.851562 0.273438 0.854688 0.271875 0.857812 0.265625 0.857812 0.260937 0.859375 0.259375 0.859375 0.256250 0.857812 0.254688 0.857812 0.250000 0.854688 0.246875 0.848437 0.243750
0 0.856250 0.009375 0.856250 0.012500 0.857812 0.014063 0.857812 0.018750 0.864062 0.025000 0.868750 0.026562 0.875000 0.026562 0.879687 0.031250 0.881250 0.037500 0.887500 0.037500 0.895312 0.035937 0.900000 0.032813 0.912500 0.031250 0.920312 0.034375 0.945312 0.034375 0.950000 0.032813 0.960938 0.021875 0.964063 0.015625 0.960938 0.010937 0.959375 0.006250 0.953125 0.000000 0.857812 0.000000
0 0.998437 0.007812 0.992188 0.010937 0.990625 0.012500 0.990625 0.014063 0.987500 0.017188 0.982812 0.018750 0.976562 0.018750 0.973437 0.020313 0.970313 0.023438 0.968750 0.023438 0.967187 0.025000 0.965625 0.028125 0.967187 0.035937 0.967187 0.039062 0.964063 0.046875 0.964063 0.054688 0.965625 0.059375 0.971875 0.065625 0.989062 0.065625 0.992188 0.067187 0.998437 0.071875
0 0.885938 0.040625 0.884375 0.051562 0.887500 0.057813 0.890625 0.062500 0.896875 0.068750 0.904687 0.073438 0.907813 0.073438 0.910937 0.075000 0.914062 0.078125 0.912500 0.087500 0.914062 0.093750 0.917188 0.100000 0.921875 0.103125 0.932813 0.106250 0.940625 0.106250 0.962500 0.104688 0.970313 0.109375 0.978125 0.109375 0.990625 0.107813 0.998437 0.103125 0.998437 0.084375 0.981250 0.084375 0.975000 0.081250 0.960938 0.078125 0.950000 0.078125 0.945312 0.076563 0.932813 0.070312 0.928125 0.064062 0.925000 0.060937 0.917188 0.059375 0.914062 0.057813 0.910937 0.054688 0.907813 0.048438 0.907813 0.043750 0.904687 0.037500 0.900000 0.035937 0.893750 0.039062 0.889062 0.039062
0 0.000000 0.378125 0.000000 0.432812 0.004687 0.434375 0.009375 0.429688 0.010937 0.426563 0.014063 0.414062 0.017188 0.407813 0.023438 0.401562 0.023438 0.389062 0.021875 0.385937 0.017188 0.381250 0.010937 0.379688
0 0.475000 0.131250 0.471875 0.132812 0.470313 0.137500 0.468750 0.139063 0.465625 0.140625 0.462500 0.140625 0.459375 0.143750 0.456250 0.148438 0.456250 0.151562 0.459375 0.156250 0.459375 0.160938 0.462500 0.164062 0.467187 0.165625 0.471875 0.170313 0.476562 0.178125 0.481250 0.178125 0.481250 0.171875 0.482812 0.170313 0.484375 0.153125 0.484375 0.137500 0.482812 0.134375 0.479687 0.131250
0 0.240625 0.039062 0.232813 0.042188 0.229687 0.045312 0.229687 0.060937 0.231250 0.065625 0.235937 0.068750 0.240625 0.065625 0.245312 0.060937 0.246875 0.057813 0.246875 0.046875 0.245312 0.043750
0 0.137500 0.012500 0.139063 0.017188 0.142187 0.020313 0.145313 0.021875 0.153125 0.021875 0.160938 0.018750 0.173437 0.018750 0.184375 0.014063 0.193750 0.014063 0.200000 0.012500 0.206250 0.009375 0.215625 0.007812 0.232813 0.007812 0.234375 0.006250 0.237500 0.004687 0.235937 0.001563 0.140625 0.001563 0.137500 0.007812
1 0.581250 0.895312 0.576562 0.900000 0.576562 0.909375 0.578125 0.914062 0.579688 0.917188 0.582812 0.920312 0.582812 0.921875 0.584375 0.923438 0.587500 0.925000 0.601562 0.925000 0.604688 0.923438 0.607812 0.920312 0.607812 0.910937 0.604688 0.904687 0.595313 0.895312 0.592187 0.893750 0.584375 0.893750
1 0.492188 0.906250 0.487500 0.907813 0.482812 0.912500 0.481250 0.915625 0.484375 0.918750 0.484375 0.920312 0.489063 0.925000 0.492188 0.932813 0.496875 0.934375 0.501563 0.932813 0.504687 0.928125 0.506250 0.925000 0.506250 0.914062 0.504687 0.910937 0.500000 0.906250
1 0.571875 0.934375 0.565625 0.937500 0.562500 0.937500 0.562500 0.945312 0.564063 0.950000 0.565625 0.953125 0.568750 0.954688 0.575000 0.954688 0.579688 0.951562 0.582812 0.945312 0.582812 0.942187 0.581250 0.939063
1 0.551562 0.921875 0.551562 0.932813 0.554688 0.935937 0.573438 0.934375 0.570312 0.931250 0.570312 0.929688 0.564063 0.921875 0.562500 0.920312 0.559375 0.918750 0.554688 0.918750
0 0.682813 0.987500 0.679688 0.985938 0.659375 0.985938 0.646875 0.989062 0.642188 0.992188 0.634375 0.998437 0.681250 0.998437
1 0.907813 0.882812 0.901563 0.885938 0.900000 0.889062 0.900000 0.896875 0.903125 0.901563 0.906250 0.903125 0.910937 0.903125 0.915625 0.898438 0.915625 0.890625 0.914062 0.887500 0.910937 0.884375
1 0.921875 0.215625 0.915625 0.221875 0.915625 0.229687 0.917188 0.234375 0.921875 0.239063 0.925000 0.240625 0.929688 0.242188 0.937500 0.240625 0.937500 0.239063 0.940625 0.234375 0.937500 0.223438 0.931250 0.221875 0.925000 0.215625