0 0.864062 0.014063 0.859375 0.009375 0.853125 0.006250 0.846875 0.006250 0.839063 0.000000 0.817187 0.000000 0.814063 0.004687 0.810937 0.006250 0.800000 0.006250 0.793750 0.009375 0.787500 0.015625 0.785937 0.018750 0.785937 0.023438 0.789062 0.028125 0.789062 0.031250 0.781250 0.040625 0.781250 0.045312 0.779687 0.046875 0.779687 0.050000 0.781250 0.053125 0.785937 0.057813 0.789062 0.057813 0.793750 0.060937 0.796875 0.064062 0.795312 0.067187 0.798438 0.068750 0.803125 0.070312 0.814063 0.070312 0.817187 0.068750 0.821875 0.064062 0.829688 0.064062 0.840625 0.067187 0.842187 0.067187 0.843750 0.065625 0.845313 0.062500 0.846875 0.057813 0.862500 0.043750 0.864062 0.040625 0.864062 0.037500 0.859375 0.026562 0.860938 0.023438 0.864062 0.020313
0 0.570312 0.023438 0.565625 0.025000 0.562500 0.026562 0.559375 0.029687 0.557813 0.032813 0.559375 0.040625 0.554688 0.045312 0.553125 0.051562 0.554688 0.057813 0.556250 0.060937 0.557813 0.062500 0.564063 0.067187 0.564063 0.071875 0.565625 0.076563 0.571875 0.082812 0.579688 0.089063 0.589063 0.089063 0.600000 0.085938 0.603125 0.084375 0.607812 0.079687 0.610938 0.075000 0.612500 0.071875 0.615625 0.062500 0.615625 0.048438 0.610938 0.039062 0.606250 0.031250 0.603125 0.028125 0.603125 0.026562 0.601562 0.025000 0.598437 0.023438 0.592187 0.021875 0.579688 0.021875
0 0.585938 0.092188 0.585938 0.098437 0.589063 0.101562 0.590625 0.104688 0.590625 0.107813 0.584375 0.118750 0.584375 0.121875 0.585938 0.125000 0.590625 0.129688 0.595313 0.131250 0.600000 0.134375 0.604688 0.139063 0.606250 0.153125 0.610938 0.154688 0.620313 0.154688 0.626563 0.151562 0.642188 0.151562 0.643750 0.148438 0.645312 0.143750 0.648438 0.140625 0.653125 0.140625 0.656250 0.139063 0.657813 0.137500 0.659375 0.134375 0.660937 0.129688 0.659375 0.125000 0.654687 0.120313 0.651563 0.118750 0.648438 0.118750 0.639062 0.107813 0.634375 0.106250 0.628125 0.101562 0.614062 0.087500 0.609375 0.085938 0.598437 0.085938 0.593750 0.087500 0.590625 0.090625
0 0.654687 0.090625 0.650000 0.095312 0.646875 0.101562 0.643750 0.106250 0.643750 0.112500 0.648438 0.117188 0.651563 0.118750 0.654687 0.118750 0.657813 0.120313 0.662500 0.125000 0.662500 0.126562 0.668750 0.132812 0.671875 0.134375 0.684375 0.134375 0.687500 0.132812 0.690625 0.126562 0.692187 0.121875 0.693750 0.115625 0.692187 0.101562 0.689063 0.101562 0.676562 0.095312 0.671875 0.093750 0.659375 0.090625
0 0.687500 0.014063 0.676562 0.015625 0.668750 0.020313 0.660937 0.020313 0.656250 0.025000 0.654687 0.032813 0.651563 0.035937 0.643750 0.042188 0.640625 0.048438 0.640625 0.064062 0.642188 0.070312 0.645312 0.075000 0.651563 0.079687 0.653125 0.084375 0.654687 0.085938 0.657813 0.087500 0.665625 0.087500 0.671875 0.089063 0.676562 0.092188 0.684375 0.093750 0.692187 0.093750 0.700000 0.090625 0.703125 0.084375 0.703125 0.078125 0.706250 0.075000 0.706250 0.071875 0.709375 0.068750 0.709375 0.059375 0.707812 0.050000 0.704688 0.043750 0.704688 0.039062 0.706250 0.032813 0.709375 0.029687 0.709375 0.026562 0.706250 0.025000 0.701562 0.023438 0.695312 0.017188 0.692187 0.015625
0 0.725000 0.018750 0.720313 0.020313 0.714063 0.025000 0.712500 0.025000 0.709375 0.026562 0.707812 0.029687 0.710938 0.042188 0.710938 0.045312 0.707812 0.068750 0.707812 0.092188 0.712500 0.095312 0.728125 0.096875 0.734375 0.095312 0.737500 0.092188 0.740625 0.087500 0.743750 0.081250 0.745313 0.076563 0.745313 0.067187 0.743750 0.062500 0.742188 0.059375 0.751563 0.050000 0.751563 0.040625 0.748437 0.037500 0.743750 0.035937 0.739062 0.035937 0.735938 0.032813 0.735938 0.026562 0.734375 0.023438 0.729688 0.018750
0 0.576562 0.012500 0.576562 0.018750 0.579688 0.021875 0.598437 0.021875 0.603125 0.025000 0.625000 0.046875 0.631250 0.048438 0.634375 0.046875 0.635938 0.045312 0.637500 0.040625 0.642188 0.035937 0.646875 0.034375 0.646875 0.029687 0.643750 0.025000 0.628125 0.007812 0.623437 0.003125 0.618750 0.000000 0.587500 0.000000 0.585938 0.004687 0.582812 0.007812 0.581250 0.007812
0 0.642188 0.001563 0.650000 0.001563 0.654687 0.004687 0.659375 0.006250 0.667188 0.006250 0.670312 0.009375 0.673438 0.010937 0.676562 0.010937 0.684375 0.009375 0.689063 0.010937 0.692187 0.014063 0.703125 0.018750 0.714063 0.018750 0.718750 0.017188 0.721875 0.014063 0.726562 0.014063 0.732812 0.017188 0.735938 0.020313 0.739062 0.021875 0.745313 0.021875 0.748437 0.020313 0.753125 0.015625 0.768750 0.015625 0.773438 0.014063 0.778125 0.009375 0.778125 0.003125 0.776563 0.000000
0 0.532813 0.000000 0.534375 0.003125 0.534375 0.004687 0.540625 0.006250 0.546875 0.009375 0.553125 0.015625 0.557813 0.017188 0.560937 0.015625 0.567187 0.010937 0.570312 0.009375 0.578125 0.009375 0.576562 0.017188 0.579688 0.020313 0.585938 0.021875 0.595313 0.021875 0.604688 0.026562 0.609375 0.032813 0.620313 0.043750 0.626563 0.046875 0.635938 0.045312 0.637500 0.040625 0.642188 0.035937 0.645312 0.035937 0.646875 0.031250 0.643750 0.025000 0.618750 0.000000
0 0.284375 0.356250 0.279687 0.360938 0.278125 0.364063 0.276562 0.370312 0.276562 0.382812 0.279687 0.395313 0.285938 0.401562 0.290625 0.403125 0.295312 0.403125 0.300000 0.404687 0.307812 0.409375 0.320312 0.409375 0.323437 0.407813 0.329688 0.401562 0.332813 0.396875 0.337500 0.387500 0.337500 0.378125 0.332813 0.370312 0.323437 0.360938 0.317188 0.357812 0.309375 0.354687 0.290625 0.353125
0 0.231250 0.348438 0.228125 0.350000 0.226562 0.351562 0.225000 0.354687 0.223438 0.359375 0.223438 0.362500 0.226562 0.373437 0.228125 0.376563 0.231250 0.379688 0.232813 0.382812 0.232813 0.392188 0.234375 0.395313 0.242188 0.398438 0.245312 0.401562 0.246875 0.406250 0.251563 0.403125 0.264062 0.398438 0.267188 0.395313 0.268750 0.390625 0.268750 0.387500 0.267188 0.382812 0.265625 0.379688 0.260937 0.373437 0.259375 0.368750 0.259375 0.362500 0.257812 0.357812 0.254688 0.354687 0.250000 0.351562 0.243750 0.348438
0 0.320312 0.426563 0.315625 0.428125 0.312500 0.429688 0.310937 0.434375 0.306250 0.439063 0.304688 0.442188 0.303125 0.453125 0.303125 0.476562 0.309375 0.482812 0.315625 0.485938 0.318750 0.485938 0.321875 0.487500 0.326562 0.490625 0.332813 0.496875 0.337500 0.496875 0.342187 0.492188 0.350000 0.482812 0.351562 0.479687 0.354687 0.470313 0.360938 0.457813 0.364063 0.454688 0.365625 0.454688 0.367188 0.448437 0.364063 0.445312 0.357812 0.442188 0.350000 0.442188 0.343750 0.440625 0.337500 0.434375 0.337500 0.432812 0.332813 0.428125 0.328125 0.426563
0 0.307812 0.412500 0.303125 0.407813 0.300000 0.406250 0.295312 0.404687 0.289062 0.404687 0.282813 0.401562 0.276562 0.395313 0.268750 0.395313 0.264062 0.400000 0.260937 0.400000 0.253125 0.406250 0.251563 0.406250 0.250000 0.412500 0.245312 0.417187 0.240625 0.418750 0.231250 0.429688 0.229687 0.432812 0.229687 0.439063 0.231250 0.443750 0.235937 0.448437 0.256250 0.457813 0.271875 0.456250 0.273438 0.453125 0.275000 0.446875 0.278125 0.445312 0.279687 0.445312 0.285938 0.440625 0.290625 0.439063 0.303125 0.439063 0.304688 0.434375 0.307812 0.431250
0 0.176563 0.418750 0.173437 0.421875 0.173437 0.426563 0.175000 0.434375 0.167187 0.442188 0.165625 0.445312 0.165625 0.448437 0.170313 0.457813 0.170313 0.464062 0.171875 0.467187 0.175000 0.470313 0.181250 0.473438 0.187500 0.473438 0.195312 0.481250 0.198437 0.482812 0.209375 0.485938 0.217188 0.485938 0.220312 0.482812 0.221875 0.478125 0.221875 0.457813 0.225000 0.454688 0.226562 0.450000 0.225000 0.443750 0.223438 0.440625 0.214062 0.431250 0.192188 0.420312 0.185938 0.418750
0 0.223438 0.487500 0.221875 0.498437 0.221875 0.501563 0.223438 0.504687 0.226562 0.506250 0.253125 0.506250 0.257812 0.504687 0.262500 0.500000 0.265625 0.503125 0.265625 0.504687 0.270313 0.509375 0.275000 0.512500 0.281250 0.512500 0.281250 0.496875 0.279687 0.492188 0.276562 0.485938 0.275000 0.484375 0.273438 0.484375 0.270313 0.481250 0.265625 0.481250 0.262500 0.479687 0.256250 0.473438 0.253125 0.471875 0.246875 0.471875 0.243750 0.473438 0.242188 0.475000 0.242188 0.476562 0.240625 0.478125 0.226562 0.484375
0 0.746875 0.414062 0.742188 0.418750 0.740625 0.426563 0.731250 0.435937 0.726562 0.443750 0.725000 0.446875 0.723437 0.451562 0.723437 0.454688 0.729688 0.462500 0.731250 0.465625 0.731250 0.468750 0.732812 0.471875 0.737500 0.476562 0.745313 0.479687 0.750000 0.485938 0.753125 0.489063 0.757812 0.490625 0.765625 0.492188 0.771875 0.490625 0.775000 0.487500 0.778125 0.481250 0.782813 0.476562 0.787500 0.475000 0.792188 0.471875 0.798438 0.465625 0.801562 0.459375 0.801562 0.443750 0.798438 0.439063 0.798438 0.432812 0.796875 0.428125 0.793750 0.425000 0.790625 0.423438 0.778125 0.418750 0.768750 0.415625 0.757812 0.415625 0.756250 0.414062
0 0.867188 0.353125 0.854688 0.353125 0.848437 0.359375 0.843750 0.360938 0.840625 0.362500 0.839063 0.364063 0.839063 0.365625 0.832812 0.373437 0.831250 0.378125 0.829688 0.384375 0.829688 0.390625 0.831250 0.396875 0.832812 0.400000 0.839063 0.406250 0.845313 0.410938 0.857812 0.410938 0.860938 0.409375 0.864062 0.406250 0.865625 0.403125 0.867188 0.393750 0.870313 0.392188 0.875000 0.390625 0.881250 0.384375 0.882812 0.379688 0.881250 0.373437 0.878125 0.368750 0.870313 0.360938 0.870313 0.356250
0 0.832812 0.482812 0.828125 0.489063 0.815625 0.489063 0.812500 0.490625 0.809375 0.493750 0.807813 0.500000 0.807813 0.521875 0.809375 0.525000 0.814063 0.529687 0.817187 0.531250 0.823438 0.532813 0.826562 0.535937 0.832812 0.537500 0.837500 0.537500 0.842187 0.535937 0.848437 0.531250 0.859375 0.520312 0.860938 0.515625 0.859375 0.512500 0.856250 0.507812 0.856250 0.503125 0.854688 0.498437 0.850000 0.489063 0.845313 0.484375 0.840625 0.482812
0 0.784375 0.365625 0.781250 0.364063 0.778125 0.364063 0.775000 0.365625 0.767188 0.373437 0.765625 0.376563 0.765625 0.381250 0.759375 0.389062 0.757812 0.392188 0.757812 0.400000 0.760938 0.401562 0.767188 0.401562 0.778125 0.398438 0.781250 0.396875 0.790625 0.387500 0.790625 0.379688 0.787500 0.375000 0.787500 0.370312 0.785937 0.367188
0 0.796875 0.401562 0.796875 0.407813 0.798438 0.410938 0.800000 0.412500 0.803125 0.414062 0.814063 0.414062 0.817187 0.412500 0.818750 0.410938 0.820312 0.407813 0.820312 0.404687 0.817187 0.398438 0.812500 0.396875 0.803125 0.396875 0.800000 0.398438
0 0.890625 0.378125 0.887500 0.379688 0.885938 0.382812 0.884375 0.387500 0.884375 0.401562 0.889062 0.401562 0.893750 0.404687 0.898438 0.409375 0.903125 0.415625 0.903125 0.418750 0.907813 0.421875 0.910937 0.420312 0.910937 0.417187 0.912500 0.415625 0.912500 0.410938 0.914062 0.406250 0.917188 0.401562 0.917188 0.396875 0.914062 0.393750 0.906250 0.390625 0.903125 0.387500 0.903125 0.381250 0.901563 0.378125
0 0.883328 0.403813 0.880547 0.404578 0.876656 0.408375 0.874812 0.412250 0.872859 0.415453 0.871766 0.418578 0.877000 0.421625 0.883500 0.423641 0.885859 0.426938 0.887891 0.432937 0.902234 0.444328 0.901719 0.441531 0.911266 0.440266 0.912109 0.439937 0.914125 0.434031 0.910672 0.429969 0.907797 0.428969 0.906875 0.427109 0.906625 0.426016 0.907297 0.424406 0.907719 0.423906 0.908141 0.422719 0.906625 0.420266
0 0.890000 0.449219 0.887203 0.454781 0.883578 0.458922 0.877422 0.459344 0.869063 0.460266 0.862234 0.459344 0.860375 0.454781 0.861469 0.449891 0.862906 0.447609 0.857500 0.443813 0.851172 0.442375 0.848391 0.439516 0.845688 0.435891 0.844344 0.429891 0.848563 0.424234 0.855906 0.422125 0.866109 0.422797 0.870422 0.424484 0.873703 0.427109 0.880875 0.427609 0.885016 0.429219 0.891938 0.436312 0.896156 0.440437 0.899453 0.444062 0.902484 0.448797 0.900969 0.452250
0 0.862484 0.460016 0.865859 0.460359 0.879953 0.459094 0.891687 0.456813 0.898266 0.458328 0.900203 0.466516 0.897766 0.476562 0.893875 0.480531 0.889156 0.482391 0.884094 0.485672 0.873969 0.487187 0.870500 0.489563 0.864672 0.493266 0.858266 0.496141 0.854641 0.495469 0.859281 0.487703 0.860125 0.482641 0.859031 0.478078 0.856328 0.473609 0.854047 0.469984 0.852688 0.467531 0.857328 0.461453
0 0.921875 0.651563 0.915625 0.648438 0.910937 0.646875 0.903125 0.648438 0.898438 0.651563 0.881250 0.651563 0.871875 0.656250 0.868750 0.662500 0.868750 0.670312 0.864062 0.675000 0.864062 0.689063 0.870313 0.696875 0.876563 0.703125 0.881250 0.706250 0.887500 0.709375 0.892188 0.709375 0.893750 0.710938 0.896875 0.710938 0.901563 0.709375 0.909375 0.704688 0.915625 0.704688 0.921875 0.701562 0.928125 0.693750 0.931250 0.687500 0.934375 0.678125 0.934375 0.673438 0.932813 0.668750 0.926562 0.660937 0.925000 0.657813 0.925000 0.654687
0 0.976562 0.701562 0.973437 0.698438 0.970313 0.698438 0.967187 0.695312 0.967187 0.693750 0.964063 0.690625 0.957812 0.690625 0.940625 0.693750 0.937500 0.695312 0.931250 0.701562 0.928125 0.706250 0.926562 0.710938 0.926562 0.720313 0.928125 0.723437 0.929688 0.725000 0.931250 0.725000 0.934375 0.728125 0.943750 0.731250 0.946875 0.731250 0.965625 0.729688 0.973437 0.721875 0.976562 0.717187 0.978125 0.714063 0.978125 0.710938
0 0.956250 0.592187 0.953125 0.595313 0.948438 0.604688 0.948438 0.610938 0.950000 0.623437 0.946875 0.629687 0.946875 0.643750 0.950000 0.646875 0.954688 0.648438 0.959375 0.648438 0.967187 0.654687 0.971875 0.656250 0.982812 0.656250 0.998437 0.654687 0.998437 0.595313 0.989062 0.590625 0.981250 0.590625 0.975000 0.587500 0.968750 0.587500
0 0.932813 0.593750 0.928125 0.589063 0.923438 0.587500 0.920312 0.587500 0.918750 0.589063 0.914062 0.589063 0.906250 0.595313 0.898438 0.596875 0.892188 0.596875 0.887500 0.598437 0.878125 0.607812 0.876563 0.610938 0.876563 0.615625 0.878125 0.617188 0.878125 0.621875 0.873437 0.629687 0.873437 0.637500 0.875000 0.640625 0.878125 0.643750 0.884375 0.646875 0.915625 0.646875 0.918750 0.648438 0.925000 0.653125 0.929688 0.653125 0.932813 0.651563 0.937500 0.646875 0.937500 0.643750 0.940625 0.640625 0.942187 0.640625 0.943750 0.634375 0.946875 0.628125 0.946875 0.621875 0.945312 0.617188 0.935937 0.603125 0.934375 0.600000 0.934375 0.596875
0 0.909375 0.529687 0.909375 0.534375 0.906250 0.540625 0.904687 0.548438 0.904687 0.554688 0.906250 0.557813 0.909375 0.559375 0.918750 0.557813 0.921875 0.562500 0.932813 0.570312 0.935937 0.571875 0.940625 0.573438 0.946875 0.573438 0.948438 0.575000 0.953125 0.575000 0.956250 0.571875 0.956250 0.570312 0.959375 0.567187 0.970313 0.565625 0.975000 0.560937 0.975000 0.556250 0.973437 0.553125 0.967187 0.546875 0.967187 0.537500 0.964063 0.534375 0.953125 0.534375 0.948438 0.532813 0.945312 0.531250 0.942187 0.528125 0.939063 0.526563 0.934375 0.525000 0.928125 0.525000 0.921875 0.528125
0 0.823438 0.540625 0.814063 0.545312 0.812500 0.548438 0.810937 0.553125 0.810937 0.557813 0.809375 0.560937 0.806250 0.564063 0.804688 0.568750 0.804688 0.576562 0.806250 0.579688 0.810937 0.584375 0.812500 0.584375 0.817187 0.589063 0.818750 0.593750 0.821875 0.596875 0.829688 0.600000 0.834375 0.598437 0.839063 0.590625 0.845313 0.584375 0.846875 0.581250 0.846875 0.570312 0.848437 0.562500 0.856250 0.554688 0.856250 0.551562 0.848437 0.543750 0.843750 0.542188 0.839063 0.542188 0.837500 0.543750 0.831250 0.543750 0.826562 0.540625
0 0.853125 0.531250 0.853125 0.534375 0.851562 0.537500 0.854688 0.540625 0.860938 0.543750 0.865625 0.545312 0.879687 0.546875 0.885938 0.550000 0.895312 0.551562 0.900000 0.550000 0.904687 0.545312 0.907813 0.539062 0.907813 0.534375 0.909375 0.532813 0.909375 0.529687 0.906250 0.525000 0.903125 0.523438 0.896875 0.521875 0.893750 0.518750 0.892188 0.514062 0.890625 0.512500 0.887500 0.510938 0.882812 0.509375 0.875000 0.509375 0.870313 0.512500 0.867188 0.515625 0.864062 0.523438 0.860938 0.526563 0.854688 0.528125
0 0.893750 0.556250 0.884375 0.551562 0.878125 0.550000 0.867188 0.550000 0.865625 0.551562 0.862500 0.551562 0.854688 0.560937 0.851562 0.564063 0.848437 0.573438 0.848437 0.592187 0.845313 0.596875 0.845313 0.600000 0.843750 0.603125 0.845313 0.606250 0.848437 0.609375 0.854688 0.610938 0.862500 0.610938 0.873437 0.607812 0.876563 0.606250 0.882812 0.600000 0.887500 0.596875 0.892188 0.595313 0.895312 0.593750 0.896875 0.587500 0.893750 0.582812 0.893750 0.578125 0.896875 0.573438 0.896875 0.568750 0.898438 0.567187 0.898438 0.564063 0.896875 0.559375
0 0.925000 0.560937 0.920312 0.557813 0.917188 0.556250 0.907813 0.557813 0.906250 0.560937 0.903125 0.562500 0.900000 0.562500 0.898438 0.565625 0.898438 0.571875 0.895312 0.578125 0.895312 0.584375 0.900000 0.592187 0.912500 0.589063 0.917188 0.585938 0.928125 0.584375 0.931250 0.581250 0.931250 0.568750 0.928125 0.564063
0 0.675000 0.865625 0.673438 0.868750 0.673438 0.873437 0.668750 0.879687 0.668750 0.887500 0.671875 0.893750 0.678125 0.903125 0.684375 0.909375 0.690625 0.918750 0.690625 0.920312 0.692187 0.921875 0.701562 0.926562 0.715625 0.926562 0.729688 0.925000 0.732812 0.921875 0.732812 0.917188 0.734375 0.914062 0.737500 0.910937 0.739062 0.907813 0.739062 0.892188 0.732812 0.885938 0.729688 0.885938 0.725000 0.881250 0.725000 0.873437 0.723437 0.870313 0.720313 0.867188 0.715625 0.865625 0.709375 0.865625 0.707812 0.864062 0.703125 0.864062 0.698438 0.865625 0.695312 0.867188 0.690625 0.862500 0.681250 0.862500
0 0.732812 0.935937 0.729688 0.939063 0.728125 0.943750 0.728125 0.956250 0.723437 0.960938 0.721875 0.964063 0.721875 0.971875 0.725000 0.982812 0.731250 0.987500 0.732812 0.989062 0.734375 0.992188 0.734375 0.998437 0.771875 0.998437 0.771875 0.995313 0.775000 0.992188 0.785937 0.987500 0.790625 0.982812 0.792188 0.979688 0.792188 0.973437 0.787500 0.964063 0.785937 0.954688 0.784375 0.950000 0.782813 0.946875 0.778125 0.942187 0.771875 0.939063 0.748437 0.934375 0.735938 0.934375
0 0.621875 0.965625 0.621875 0.985938 0.623437 0.989062 0.626563 0.992188 0.628125 0.998437 0.692187 0.998437 0.692187 0.992188 0.687500 0.981250 0.689063 0.965625 0.687500 0.962500 0.682813 0.957812 0.679688 0.956250 0.670312 0.954688 0.646875 0.951562 0.635938 0.951562 0.632812 0.954688 0.632812 0.956250 0.631250 0.957812 0.626563 0.959375 0.623437 0.962500
0 0.598437 0.912500 0.598437 0.920312 0.601562 0.923438 0.609375 0.926562 0.617188 0.934375 0.621875 0.945312 0.642188 0.946875 0.654687 0.951562 0.662500 0.951562 0.665625 0.950000 0.667188 0.948438 0.675000 0.939063 0.676562 0.935937 0.676562 0.923438 0.675000 0.918750 0.671875 0.914062 0.664062 0.906250 0.653125 0.901563 0.645312 0.893750 0.639062 0.890625 0.632812 0.890625 0.626563 0.893750 0.623437 0.896875 0.621875 0.900000 0.621875 0.903125 0.620313 0.906250 0.603125 0.907813
0 0.598437 0.921875 0.592187 0.923438 0.587500 0.929688 0.579688 0.929688 0.576562 0.931250 0.570312 0.937500 0.570312 0.945312 0.575000 0.956250 0.576562 0.965625 0.579688 0.967187 0.584375 0.968750 0.590625 0.973437 0.593750 0.973437 0.604688 0.967187 0.617188 0.965625 0.620313 0.956250 0.620313 0.943750 0.614062 0.931250 0.610938 0.928125 0.606250 0.925000
0 0.226562 0.960938 0.225000 0.964063 0.225000 0.971875 0.228125 0.978125 0.231250 0.982812 0.237500 0.989062 0.242188 0.992188 0.248438 0.995313 0.256250 0.995313 0.275000 0.993750 0.278125 0.990625 0.278125 0.984375 0.281250 0.981250 0.282813 0.978125 0.282813 0.968750 0.281250 0.965625 0.279687 0.964063 0.276562 0.962500 0.267188 0.964063 0.264062 0.964063 0.259375 0.959375 0.257812 0.954688 0.253125 0.950000 0.250000 0.948438 0.242188 0.948438 0.237500 0.953125 0.235937 0.957812 0.234375 0.959375 0.231250 0.960938
0 0.154688 0.942187 0.153125 0.945312 0.151562 0.950000 0.150000 0.960938 0.140625 0.960938 0.135937 0.965625 0.135937 0.973437 0.139063 0.976562 0.139063 0.978125 0.140625 0.979688 0.142187 0.979688 0.145313 0.982812 0.146875 0.985938 0.146875 0.992188 0.150000 0.995313 0.154688 0.995313 0.159375 0.998437 0.167187 0.998437 0.170313 0.995313 0.175000 0.993750 0.185938 0.993750 0.190625 0.990625 0.198437 0.982812 0.198437 0.971875 0.196875 0.970313 0.196875 0.957812 0.195312 0.953125 0.193750 0.950000 0.192188 0.948438 0.185938 0.945312 0.178125 0.945312 0.175000 0.942187 0.171875 0.940625 0.162500 0.939063 0.159375 0.940625
0 0.093750 0.998437 0.140625 0.998437 0.140625 0.995313 0.143750 0.989062 0.143750 0.984375 0.139063 0.979688 0.134375 0.979688 0.131250 0.976562 0.128125 0.975000 0.115625 0.975000 0.112500 0.976562 0.110937 0.978125 0.109375 0.981250 0.107813 0.987500 0.104688 0.990625 0.098437 0.990625 0.095312 0.992188 0.095312 0.995313
0 0.996891 0.853531 0.983031 0.850328 0.966844 0.842313 0.960281 0.839531 0.957219 0.837063 0.956203 0.833266 0.955031 0.829031 0.953719 0.823781 0.953875 0.818688 0.958391 0.816203 0.966844 0.813578 0.970203 0.812562 0.974859 0.807016 0.979234 0.800453 0.988859 0.794187 0.997469 0.793313 0.998437 0.795063
0 0.998344 0.852656 0.983172 0.848437 0.968156 0.843031 0.959844 0.841875 0.957656 0.840844 0.953719 0.840125 0.945844 0.840844 0.940156 0.842891 0.937250 0.845656 0.935063 0.855438 0.938562 0.860969 0.940453 0.864766 0.937969 0.867828 0.934031 0.869875 0.929656 0.876875 0.930391 0.881828 0.935063 0.887078 0.942500 0.890000 0.949641 0.891594 0.953719 0.891891 0.981859 0.892625 0.998437 0.893203
0 0.997469 0.898016 0.986094 0.891453 0.962031 0.892625 0.948906 0.894812 0.942781 0.894516 0.937828 0.895391 0.933016 0.897578 0.932719 0.904000 0.949781 0.905750 0.955469 0.911141 0.955625 0.917563 0.955031 0.924703 0.966109 0.930250 0.980703 0.927328 0.985953 0.923531 0.993234 0.926016 0.997031 0.927469 0.998437 0.927187
0 0.865625 0.004687 0.867188 0.007812 0.873437 0.012500 0.875000 0.014063 0.876563 0.017188 0.878125 0.021875 0.881250 0.025000 0.881250 0.026562 0.892188 0.028125 0.900000 0.026562 0.903125 0.025000 0.907813 0.020313 0.906250 0.009375 0.906250 0.006250 0.912500 0.000000 0.865625 0.000000
0 0.998437 0.537500 0.993750 0.540625 0.992188 0.543750 0.990625 0.548438 0.990625 0.553125 0.989062 0.556250 0.985938 0.559375 0.982812 0.565625 0.982812 0.575000 0.984375 0.578125 0.989062 0.582812 0.992188 0.584375 0.995313 0.584375 0.998437 0.585938