0 0.082812 0.412500 0.082812 0.425000 0.085938 0.439063 0.090625 0.443750 0.095312 0.446875 0.098437 0.448437 0.101562 0.448437 0.112500 0.445312 0.118750 0.448437 0.120313 0.450000 0.120313 0.451562 0.121875 0.453125 0.125000 0.454688 0.131250 0.454688 0.137500 0.451562 0.143750 0.446875 0.148438 0.442188 0.151562 0.437500 0.153125 0.434375 0.150000 0.431250 0.145313 0.429688 0.137500 0.434375 0.134375 0.431250 0.134375 0.418750 0.132812 0.415625 0.125000 0.407813 0.121875 0.406250 0.115625 0.406250 0.109375 0.407813 0.095312 0.415625 0.092188 0.414062 0.089063 0.410938
0 0.065625 0.440625 0.060937 0.440625 0.054688 0.435937 0.039062 0.435937 0.032813 0.439063 0.023438 0.448437 0.018750 0.454688 0.015625 0.459375 0.014063 0.464062 0.012500 0.471875 0.015625 0.473438 0.021875 0.475000 0.031250 0.476562 0.035937 0.476562 0.040625 0.475000 0.048438 0.471875 0.053125 0.468750 0.057813 0.464062 0.065625 0.453125 0.067187 0.450000
0 0.064062 0.470313 0.059375 0.470313 0.054688 0.473438 0.048438 0.475000 0.039062 0.476562 0.031250 0.476562 0.021875 0.478125 0.015625 0.479687 0.009375 0.482812 0.003125 0.482812 0.000000 0.484375 0.000000 0.501563 0.003125 0.503125 0.017188 0.503125 0.029687 0.500000 0.037500 0.496875 0.045312 0.490625 0.053125 0.487500 0.059375 0.481250 0.064062 0.473438
0 0.220312 0.584375 0.214062 0.587500 0.210938 0.592187 0.206250 0.601562 0.204687 0.607812 0.206250 0.612500 0.210938 0.617188 0.220312 0.625000 0.223438 0.626563 0.231250 0.626563 0.235937 0.625000 0.240625 0.620313 0.243750 0.614062 0.243750 0.609375 0.239063 0.601562 0.240625 0.598437 0.243750 0.593750 0.243750 0.587500 0.237500 0.587500 0.235937 0.585938 0.225000 0.584375
0 0.242188 0.518750 0.231250 0.518750 0.226562 0.520312 0.223438 0.523438 0.221875 0.526563 0.220312 0.532813 0.220312 0.560937 0.221875 0.565625 0.225000 0.571875 0.232813 0.578125 0.234375 0.579688 0.235937 0.582812 0.242188 0.578125 0.250000 0.576562 0.253125 0.575000 0.256250 0.571875 0.257812 0.568750 0.257812 0.557813 0.256250 0.554688 0.253125 0.550000 0.250000 0.546875 0.245312 0.545312 0.243750 0.543750 0.242188 0.540625 0.246875 0.535937 0.250000 0.535937 0.254688 0.532813 0.254688 0.525000 0.250000 0.521875 0.246875 0.520312
0 0.212500 0.482812 0.210938 0.493750 0.210938 0.498437 0.212500 0.504687 0.215625 0.514062 0.218750 0.520312 0.223438 0.521875 0.228125 0.518750 0.235937 0.517188 0.245312 0.515625 0.246875 0.512500 0.246875 0.503125 0.245312 0.496875 0.243750 0.493750 0.239063 0.489063 0.228406 0.488234 0.227469 0.472312 0.218750 0.467609
0 0.165625 0.457813 0.165625 0.467187 0.167187 0.470313 0.171875 0.478125 0.175000 0.481250 0.175000 0.482812 0.176563 0.484375 0.179688 0.485938 0.184375 0.485938 0.189062 0.489063 0.195312 0.493750 0.201563 0.496875 0.206250 0.496875 0.209375 0.493750 0.210938 0.485938 0.210938 0.478125 0.214062 0.471875 0.214062 0.468750 0.212500 0.465625 0.207813 0.460938 0.209375 0.454688 0.207813 0.450000 0.204687 0.450000 0.198437 0.446875 0.192188 0.446875 0.187500 0.448437 0.184375 0.450000 0.179688 0.454688 0.178125 0.459375 0.173437 0.460938
0 0.225000 0.657813 0.221875 0.656250 0.217188 0.653125 0.214062 0.651563 0.206250 0.648438 0.190625 0.648438 0.184375 0.650000 0.181250 0.651563 0.178125 0.654687 0.178125 0.660937 0.173437 0.665625 0.171875 0.665625 0.168750 0.668750 0.167187 0.673438 0.168750 0.678125 0.179688 0.692187 0.181250 0.695312 0.181250 0.698438 0.185938 0.701562 0.189062 0.700000 0.189062 0.695312 0.193750 0.690625 0.203125 0.690625 0.207813 0.689063 0.212500 0.685937 0.215625 0.682813 0.217188 0.679688 0.217188 0.673438 0.220312 0.665625 0.223438 0.665625 0.226562 0.664062 0.226562 0.660937
0 0.042188 0.701562 0.042188 0.707812 0.043750 0.709375 0.043750 0.712500 0.053125 0.712500 0.056250 0.714063 0.057813 0.723437 0.059375 0.726562 0.065625 0.732812 0.068750 0.734375 0.082812 0.734375 0.095312 0.728125 0.100000 0.725000 0.104688 0.720313 0.106250 0.717187 0.110937 0.701562 0.110937 0.693750 0.107813 0.689063 0.103125 0.684375 0.098437 0.681250 0.092188 0.679688 0.062500 0.679688 0.056250 0.682813 0.053125 0.685937 0.051562 0.690625 0.048438 0.693750 0.045312 0.695312
0 0.059375 0.600000 0.054688 0.598437 0.051562 0.598437 0.050000 0.600000 0.045312 0.600000 0.042188 0.601562 0.029687 0.612500 0.026562 0.615625 0.018750 0.628125 0.018750 0.637500 0.021875 0.640625 0.023438 0.646875 0.023438 0.657813 0.025000 0.660937 0.026562 0.662500 0.029687 0.664062 0.037500 0.665625 0.056250 0.665625 0.059375 0.664062 0.068750 0.654687 0.079687 0.637500 0.081250 0.634375 0.082812 0.629687 0.082812 0.625000 0.079687 0.618750 0.075000 0.614062 0.073438 0.614062 0.067187 0.607812 0.067187 0.606250 0.062500 0.601562
0 0.018750 0.557813 0.012500 0.557813 0.009375 0.559375 0.003125 0.565625 0.000000 0.565625 0.000000 0.626563 0.006250 0.632812 0.012500 0.632812 0.021875 0.623437 0.023438 0.618750 0.029687 0.610938 0.032813 0.609375 0.034375 0.607812 0.034375 0.606250 0.037500 0.603125 0.039062 0.600000 0.039062 0.582812 0.037500 0.579688 0.034375 0.576562 0.032813 0.576562 0.028125 0.571875 0.026562 0.567187 0.023438 0.562500
0 0.103125 0.606250 0.101562 0.609375 0.101562 0.612500 0.100000 0.615625 0.090625 0.626563 0.085938 0.634375 0.087500 0.645312 0.100000 0.646875 0.100000 0.660937 0.103125 0.664062 0.114062 0.665625 0.121875 0.664062 0.132812 0.657813 0.142187 0.662500 0.148438 0.662500 0.153125 0.660937 0.156250 0.657813 0.157812 0.654687 0.157812 0.645312 0.162500 0.642188 0.165625 0.637500 0.167187 0.632812 0.167187 0.626563 0.165625 0.621875 0.162500 0.615625 0.154688 0.607812 0.143750 0.604688 0.123438 0.603125 0.110937 0.603125 0.106250 0.604688
0 0.128125 0.556250 0.123438 0.560937 0.121875 0.564063 0.121875 0.575000 0.115625 0.581250 0.112500 0.587500 0.112500 0.598437 0.114062 0.601562 0.117188 0.601562 0.118750 0.603125 0.142187 0.603125 0.156250 0.606250 0.160938 0.606250 0.167187 0.604688 0.173437 0.598437 0.175000 0.589063 0.175000 0.585938 0.171875 0.582812 0.170313 0.579688 0.170313 0.576562 0.171875 0.564063 0.165625 0.557813 0.157812 0.556250 0.148438 0.557813 0.142187 0.554688 0.131250 0.554688
0 0.123438 0.525000 0.120313 0.521875 0.115625 0.520312 0.107813 0.512500 0.101562 0.510938 0.090625 0.509375 0.067187 0.509375 0.056250 0.514062 0.046875 0.510938 0.043750 0.510938 0.039062 0.512500 0.031250 0.520312 0.029687 0.525000 0.029687 0.528125 0.031250 0.529687 0.031250 0.534375 0.034375 0.539062 0.034375 0.546875 0.029687 0.556250 0.029687 0.564063 0.031250 0.567187 0.034375 0.568750 0.039062 0.570312 0.050000 0.571875 0.056250 0.579688 0.059375 0.581250 0.064062 0.581250 0.068750 0.579688 0.071875 0.578125 0.076563 0.573438 0.076563 0.571875 0.082812 0.565625 0.100000 0.565625 0.104688 0.564063 0.107813 0.562500 0.118750 0.551562 0.123438 0.543750 0.125000 0.539062 0.125000 0.528125
0 0.157812 0.471875 0.154688 0.475000 0.154688 0.481250 0.153125 0.485938 0.145313 0.496875 0.140625 0.500000 0.137500 0.504687 0.135937 0.509375 0.128125 0.517188 0.126562 0.520312 0.126562 0.526563 0.128125 0.532813 0.129688 0.535937 0.131250 0.537500 0.137500 0.540625 0.150000 0.539062 0.153125 0.540625 0.164062 0.551562 0.167187 0.553125 0.171875 0.553125 0.185938 0.548438 0.189062 0.546875 0.190625 0.545312 0.198437 0.534375 0.198437 0.529687 0.200000 0.528125 0.200000 0.525000 0.196875 0.520312 0.196875 0.515625 0.200000 0.510938 0.204687 0.506250 0.204687 0.500000 0.193750 0.492188 0.184375 0.487500 0.178125 0.487500 0.170313 0.478125 0.165625 0.473438 0.162500 0.471875
0 0.060937 0.489063 0.062500 0.495312 0.065625 0.501563 0.070312 0.506250 0.075000 0.507812 0.087500 0.506250 0.096875 0.509375 0.106250 0.509375 0.118750 0.512500 0.123438 0.515625 0.128125 0.515625 0.131250 0.514062 0.132812 0.512500 0.132812 0.510938 0.140625 0.504687 0.140625 0.503125 0.145313 0.498437 0.146875 0.498437 0.153125 0.492188 0.160938 0.492188 0.170313 0.487500 0.171875 0.482812 0.168750 0.476562 0.165625 0.473438 0.162500 0.471875 0.157812 0.471875 0.151562 0.464062 0.148438 0.460938 0.131250 0.460938 0.128125 0.457813 0.126562 0.453125 0.123438 0.453125 0.115625 0.448437 0.110937 0.446875 0.103125 0.446875 0.100000 0.448437 0.095312 0.453125 0.093750 0.459375 0.092188 0.462500 0.087500 0.467187 0.081250 0.468750 0.078125 0.470313 0.068750 0.476562 0.062500 0.482812
0 0.084375 0.431250 0.076563 0.431250 0.068750 0.434375 0.067187 0.437500 0.067187 0.451562 0.075000 0.451562 0.081250 0.450000 0.087500 0.446875 0.090625 0.446875 0.090625 0.443750 0.085938 0.435937
0 0.037500 0.423438 0.035937 0.426563 0.035937 0.431250 0.039062 0.432812 0.046875 0.432812 0.048438 0.434375 0.054688 0.434375 0.054688 0.429688 0.053125 0.426563 0.048438 0.421875 0.043750 0.420312