0 0.592187 0.626563 0.587500 0.631250 0.587500 0.648438 0.589063 0.653125 0.593750 0.659375 0.598437 0.664062 0.609375 0.671875 0.612500 0.673438 0.621875 0.673438 0.625000 0.671875 0.626563 0.670312 0.628125 0.667188 0.628125 0.659375 0.632812 0.651563 0.632812 0.643750 0.631250 0.640625 0.623437 0.632812 0.618750 0.629687 0.609375 0.625000 0.596875 0.625000
0 0.573438 0.578125 0.570312 0.579688 0.564063 0.587500 0.560937 0.590625 0.553125 0.590625 0.550000 0.592187 0.543750 0.598437 0.543750 0.606250 0.545312 0.612500 0.546875 0.617188 0.548438 0.620313 0.551562 0.623437 0.560937 0.626563 0.579688 0.631250 0.584375 0.629687 0.587500 0.628125 0.590625 0.625000 0.592187 0.625000 0.593750 0.623437 0.598437 0.614062 0.603125 0.601562 0.604688 0.596875 0.604688 0.593750 0.603125 0.590625 0.598437 0.585938 0.593750 0.585938 0.590625 0.584375 0.585938 0.579688 0.582812 0.578125
0 0.534375 0.626563 0.534375 0.637500 0.537500 0.640625 0.540625 0.642188 0.546875 0.642188 0.550000 0.643750 0.553125 0.646875 0.553125 0.648438 0.562500 0.650000 0.568750 0.648438 0.571875 0.645312 0.573438 0.645312 0.575000 0.643750 0.575000 0.642188 0.578125 0.639062 0.576562 0.629687 0.567187 0.626563 0.560937 0.626563 0.554688 0.625000 0.550000 0.621875 0.540625 0.621875 0.537500 0.623437
0 0.548438 0.692187 0.542188 0.689063 0.532813 0.689063 0.528125 0.690625 0.525000 0.692187 0.521875 0.695312 0.518750 0.701562 0.518750 0.710938 0.520312 0.715625 0.523438 0.718750 0.526563 0.720313 0.537500 0.720313 0.540625 0.718750 0.548438 0.714063 0.553125 0.709375 0.553125 0.700000 0.550000 0.693750
0 0.693750 0.620313 0.685937 0.618750 0.681250 0.621875 0.678125 0.625000 0.678125 0.626563 0.673438 0.631250 0.671875 0.634375 0.668750 0.642188 0.668750 0.673438 0.670312 0.676562 0.675000 0.676562 0.678125 0.671875 0.682813 0.670312 0.684375 0.668750 0.685937 0.665625 0.687500 0.656250 0.687500 0.639062 0.690625 0.635938 0.692187 0.635938 0.696875 0.631250 0.696875 0.625000 0.693750 0.621875
0 0.714063 0.707812 0.707812 0.706250 0.696875 0.710938 0.693750 0.712500 0.682813 0.721875 0.681250 0.723437 0.681250 0.725000 0.678125 0.728125 0.676562 0.732812 0.673438 0.735938 0.671875 0.735938 0.667188 0.740625 0.665625 0.743750 0.664062 0.748437 0.662500 0.754687 0.665625 0.757812 0.673438 0.757812 0.676562 0.756250 0.681250 0.751563 0.682813 0.751563 0.687500 0.753125 0.692187 0.753125 0.693750 0.750000 0.692187 0.746875 0.695312 0.740625 0.698438 0.735938 0.703125 0.731250 0.710938 0.729688 0.714063 0.726562 0.715625 0.721875 0.715625 0.710938
0 0.460938 0.737500 0.457813 0.739062 0.456250 0.740625 0.454688 0.743750 0.454688 0.746875 0.450000 0.751563 0.445312 0.751563 0.440625 0.754687 0.437500 0.760938 0.437500 0.767188 0.442188 0.771875 0.446875 0.775000 0.453125 0.775000 0.457813 0.779687 0.459375 0.784375 0.462500 0.787500 0.476562 0.795312 0.481250 0.795312 0.484375 0.793750 0.489063 0.789062 0.489063 0.787500 0.493750 0.782813 0.498437 0.782813 0.503125 0.781250 0.506250 0.778125 0.507812 0.775000 0.507812 0.768750 0.501563 0.757812 0.493750 0.750000 0.489063 0.748437 0.482812 0.746875 0.479687 0.745313 0.473438 0.739062 0.470313 0.737500
0 0.439063 0.795312 0.437500 0.798438 0.437500 0.806250 0.435937 0.809375 0.432812 0.812500 0.429688 0.818750 0.429688 0.825000 0.431250 0.829688 0.437500 0.840625 0.442188 0.845313 0.453125 0.845313 0.464062 0.850000 0.467187 0.850000 0.471875 0.848437 0.478125 0.845313 0.482812 0.840625 0.489063 0.840625 0.492188 0.837500 0.492188 0.828125 0.490625 0.823438 0.489063 0.820312 0.485938 0.817187 0.484375 0.814063 0.484375 0.810937 0.482812 0.807813 0.475000 0.800000 0.471875 0.798438 0.465625 0.798438 0.454688 0.793750 0.442188 0.793750
1 0.545312 0.775000 0.542188 0.778125 0.539062 0.784375 0.539062 0.790625 0.540625 0.793750 0.543750 0.796875 0.546875 0.798438 0.550000 0.798438 0.554688 0.796875 0.559375 0.792188 0.560937 0.789062 0.560937 0.782813 0.557813 0.778125 0.551562 0.775000
1 0.612500 0.757812 0.606250 0.757812 0.603125 0.759375 0.596875 0.765625 0.592187 0.771875 0.590625 0.775000 0.590625 0.778125 0.592187 0.781250 0.596875 0.785937 0.600000 0.787500 0.607812 0.787500 0.614062 0.784375 0.615625 0.782813 0.615625 0.781250 0.618750 0.778125 0.620313 0.775000 0.621875 0.770312 0.621875 0.767188 0.620313 0.764062 0.617188 0.760938
1 0.612500 0.725000 0.609375 0.726562 0.607812 0.728125 0.607812 0.729688 0.604688 0.732812 0.604688 0.740625 0.607812 0.750000 0.610938 0.751563 0.620313 0.751563 0.626563 0.748437 0.631250 0.743750 0.632812 0.740625 0.632812 0.731250 0.631250 0.728125 0.629687 0.726562 0.626563 0.725000
0 0.421875 0.189062 0.418750 0.187500 0.403125 0.187500 0.395313 0.190625 0.392188 0.192188 0.376563 0.206250 0.375000 0.209375 0.373437 0.214062 0.375000 0.225000 0.378125 0.225000 0.385937 0.232813 0.389062 0.234375 0.396875 0.234375 0.403125 0.231250 0.406250 0.228125 0.407813 0.223438 0.412500 0.218750 0.418750 0.220312 0.425000 0.217188 0.428125 0.210938 0.428125 0.198437 0.426563 0.193750
1 0.345313 0.228125 0.340625 0.229687 0.335938 0.234375 0.334375 0.237500 0.335938 0.253125 0.342187 0.253125 0.345313 0.251563 0.350000 0.246875 0.351562 0.243750 0.353125 0.239063 0.351562 0.234375 0.350000 0.231250 0.348438 0.229687
0 0.171875 0.000000 0.167187 0.006250 0.164062 0.012500 0.164062 0.015625 0.159375 0.021875 0.159375 0.026562 0.160938 0.032813 0.168750 0.040625 0.170313 0.043750 0.170313 0.053125 0.171875 0.056250 0.178125 0.062500 0.181250 0.068750 0.179688 0.075000 0.181250 0.079687 0.189062 0.085938 0.189062 0.089063 0.192188 0.092188 0.204687 0.092188 0.207813 0.090625 0.214062 0.084375 0.217188 0.078125 0.220312 0.068750 0.220312 0.062500 0.223438 0.057813 0.221875 0.048438 0.221875 0.045312 0.223438 0.040625 0.226562 0.034375 0.226562 0.029687 0.225000 0.026562 0.221875 0.021875 0.214062 0.012500 0.210938 0.006250 0.210938 0.003125 0.209375 0.000000
0 0.004687 0.003125 0.004687 0.010937 0.001563 0.015625 0.001563 0.020313 0.003125 0.023438 0.012500 0.032813 0.014063 0.037500 0.020313 0.040625 0.035937 0.042188 0.043750 0.042188 0.046875 0.040625 0.050000 0.037500 0.053125 0.035937 0.068750 0.031250 0.079687 0.029687 0.089063 0.031250 0.092188 0.032813 0.095312 0.035937 0.101562 0.037500 0.104688 0.025000 0.104688 0.014063 0.107813 0.007812 0.106250 0.000000 0.006250 0.000000
0 0.112500 0.001563 0.107813 0.010937 0.106250 0.025000 0.106250 0.040625 0.107813 0.043750 0.110937 0.048438 0.114062 0.051562 0.118750 0.054688 0.125000 0.057813 0.129688 0.059375 0.137500 0.057813 0.150000 0.054688 0.153125 0.051562 0.153125 0.045312 0.151562 0.039062 0.150000 0.035937 0.146875 0.032813 0.145313 0.032813 0.140625 0.028125 0.140625 0.021875 0.142187 0.020313 0.142187 0.014063 0.140625 0.010937 0.135937 0.007812 0.134375 0.000000
0 0.034375 0.048438 0.032813 0.050000 0.028125 0.059375 0.026562 0.064062 0.025000 0.082812 0.025000 0.087500 0.028125 0.100000 0.032813 0.107813 0.034375 0.114062 0.037500 0.117188 0.048438 0.118750 0.075000 0.118750 0.084375 0.121875 0.092188 0.121875 0.095312 0.118750 0.098437 0.112500 0.100000 0.101562 0.104688 0.087500 0.109375 0.082812 0.114062 0.073438 0.115625 0.065625 0.117188 0.062500 0.114062 0.056250 0.112500 0.054688 0.110937 0.054688 0.107813 0.051562 0.103125 0.050000 0.081250 0.050000 0.071875 0.046875 0.059375 0.045312 0.043750 0.045312 0.037500 0.046875
0 0.171875 0.067187 0.165625 0.067187 0.159375 0.065625 0.156250 0.064062 0.151562 0.059375 0.145313 0.057813 0.132812 0.059375 0.129688 0.060937 0.126562 0.064062 0.125000 0.064062 0.117188 0.073438 0.112500 0.082812 0.109375 0.093750 0.106250 0.107813 0.104688 0.107813 0.101562 0.110937 0.098437 0.120313 0.098437 0.125000 0.096875 0.126562 0.096875 0.129688 0.100000 0.135937 0.101562 0.135937 0.106250 0.139063 0.112500 0.145313 0.115625 0.150000 0.117188 0.154688 0.121875 0.156250 0.126562 0.156250 0.142187 0.153125 0.145313 0.154688 0.159375 0.153125 0.164062 0.151562 0.168750 0.146875 0.173437 0.145313 0.179688 0.139063 0.181250 0.135937 0.181250 0.126562 0.182812 0.120313 0.185938 0.115625 0.187500 0.110937 0.187500 0.106250 0.185938 0.101562 0.179688 0.093750 0.178125 0.090625 0.178125 0.079687 0.175000 0.075000 0.175000 0.070312
0 0.000000 0.029687 0.000000 0.170313 0.006250 0.170313 0.009375 0.168750 0.014063 0.164062 0.014063 0.150000 0.015625 0.139063 0.017188 0.135937 0.021875 0.131250 0.025000 0.123438 0.026562 0.117188 0.026562 0.103125 0.023438 0.096875 0.021875 0.089063 0.021875 0.078125 0.015625 0.071875 0.017188 0.056250 0.017188 0.045312 0.015625 0.040625 0.009375 0.032813 0.006250 0.029687
0 0.032813 0.121875 0.023438 0.131250 0.020313 0.137500 0.020313 0.151562 0.017188 0.159375 0.017188 0.165625 0.018750 0.184375 0.020313 0.187500 0.023438 0.190625 0.026562 0.192188 0.031250 0.193750 0.039062 0.195312 0.048438 0.195312 0.057813 0.196875 0.064062 0.200000 0.070312 0.200000 0.075000 0.201563 0.078125 0.204687 0.081250 0.204687 0.084375 0.201563 0.084375 0.200000 0.089063 0.195312 0.106250 0.162500 0.106250 0.151562 0.104688 0.146875 0.101562 0.142187 0.089063 0.129688 0.085938 0.128125 0.073438 0.128125 0.064062 0.126562 0.053125 0.121875 0.045312 0.120313 0.037500 0.120313
0 0.192188 0.171875 0.185938 0.168750 0.182812 0.165625 0.182812 0.162500 0.181250 0.159375 0.176563 0.154688 0.173437 0.153125 0.159375 0.153125 0.146875 0.156250 0.132812 0.156250 0.123438 0.159375 0.120313 0.160938 0.115625 0.165625 0.115625 0.167187 0.109375 0.173437 0.106250 0.178125 0.103125 0.184375 0.101562 0.198437 0.098437 0.203125 0.098437 0.218750 0.100000 0.223438 0.103125 0.229687 0.109375 0.232813 0.115625 0.232813 0.121875 0.239063 0.123438 0.235937 0.128125 0.232813 0.146875 0.234375 0.151562 0.237500 0.154688 0.237500 0.165625 0.234375 0.168750 0.234375 0.173437 0.237500 0.176563 0.232813 0.179688 0.231250 0.187500 0.229687 0.190625 0.228125 0.193750 0.225000 0.195312 0.225000 0.196875 0.201563 0.193750 0.195312 0.192188 0.189062
0 0.240625 0.059375 0.231250 0.060937 0.228125 0.062500 0.220312 0.071875 0.218750 0.075000 0.217188 0.082812 0.217188 0.093750 0.220312 0.101562 0.220312 0.118750 0.228125 0.121875 0.237500 0.120313 0.237500 0.118750 0.240625 0.115625 0.245312 0.106250 0.246875 0.095312 0.246875 0.064062 0.245312 0.060937
0 0.239063 0.121875 0.225000 0.120313 0.218750 0.120313 0.215625 0.123438 0.212500 0.128125 0.210938 0.134375 0.210938 0.140625 0.207813 0.143750 0.204687 0.145313 0.200000 0.145313 0.192188 0.153125 0.192188 0.162500 0.195312 0.168750 0.195312 0.189062 0.200000 0.201563 0.200000 0.209375 0.201563 0.210938 0.201563 0.215625 0.204687 0.217188 0.209375 0.218750 0.215625 0.218750 0.218750 0.212500 0.218750 0.195312 0.220312 0.190625 0.228125 0.181250 0.229687 0.178125 0.228125 0.167187 0.228125 0.162500 0.229687 0.157812 0.234375 0.153125 0.237500 0.151562 0.246875 0.151562 0.250000 0.150000 0.253125 0.145313 0.253125 0.139063 0.245312 0.131250 0.243750 0.126562
0 0.171875 0.234375 0.168750 0.232813 0.157812 0.234375 0.148438 0.231250 0.142187 0.229687 0.137500 0.226562 0.131250 0.228125 0.126562 0.229687 0.123438 0.231250 0.121875 0.232813 0.120313 0.235937 0.118750 0.242188 0.114062 0.248438 0.112500 0.251563 0.114062 0.257812 0.120313 0.259375 0.121875 0.265625 0.128125 0.265625 0.132812 0.270313 0.139063 0.270313 0.145313 0.264062 0.145313 0.262500 0.150000 0.257812 0.159375 0.257812 0.164062 0.254688 0.171875 0.246875 0.173437 0.243750
0 0.093750 0.220312 0.079687 0.207813 0.054688 0.209375 0.043750 0.212500 0.040625 0.214062 0.040625 0.221875 0.039062 0.225000 0.035937 0.235937 0.034375 0.239063 0.028125 0.245312 0.025000 0.245312 0.025000 0.253125 0.021875 0.265625 0.026562 0.270313 0.032813 0.270313 0.040625 0.262500 0.046875 0.259375 0.056250 0.250000 0.064062 0.245312 0.071875 0.245312 0.076563 0.243750 0.081250 0.237500 0.092188 0.234375 0.093750 0.232813 0.096875 0.231250 0.095312 0.223438
0 0.015625 0.190625 0.007812 0.190625 0.003125 0.195312 0.003125 0.198437 0.000000 0.201563 0.000000 0.271875 0.003125 0.271875 0.014063 0.265625 0.018750 0.262500 0.018750 0.257812 0.021875 0.254688 0.021875 0.250000 0.025000 0.246875 0.034375 0.240625 0.035937 0.234375 0.039062 0.232813 0.043750 0.232813 0.043750 0.228125 0.042188 0.221875 0.040625 0.218750 0.035937 0.214062 0.034375 0.210938 0.034375 0.207813 0.032813 0.204687 0.029687 0.200000 0.026562 0.196875 0.020313 0.192188