0 0.340625 0.017188 0.339062 0.020313 0.339062 0.025000 0.337500 0.028125 0.331250 0.034375 0.329688 0.040625 0.329688 0.054688 0.335938 0.060937 0.339062 0.062500 0.343750 0.064062 0.350000 0.064062 0.360938 0.073438 0.364063 0.075000 0.371875 0.075000 0.375000 0.071875 0.378125 0.070312 0.385937 0.070312 0.392188 0.068750 0.395313 0.067187 0.400000 0.064062 0.401562 0.060937 0.401562 0.051562 0.400000 0.046875 0.398438 0.043750 0.393750 0.037500 0.392188 0.028125 0.390625 0.025000 0.389062 0.023438 0.379688 0.018750 0.373437 0.018750 0.368750 0.017188 0.365625 0.014063 0.360938 0.012500 0.354687 0.012500 0.353125 0.010937 0.348438 0.010937 0.345313 0.012500
0 0.290625 0.065625 0.285938 0.070312 0.282813 0.071875 0.268750 0.075000 0.265625 0.078125 0.262500 0.084375 0.260937 0.090625 0.260937 0.095312 0.262500 0.104688 0.260937 0.106250 0.260937 0.115625 0.268750 0.123438 0.275000 0.125000 0.282813 0.125000 0.285938 0.126562 0.287500 0.128125 0.287500 0.129688 0.290625 0.132812 0.293750 0.134375 0.296875 0.134375 0.301563 0.132812 0.304688 0.131250 0.306250 0.129688 0.306250 0.128125 0.312500 0.120313 0.314063 0.115625 0.315625 0.107813 0.315625 0.093750 0.314063 0.079687 0.310937 0.073438 0.307812 0.068750 0.301563 0.065625
0 0.303125 0.148438 0.300000 0.151562 0.293750 0.160938 0.293750 0.164062 0.300000 0.168750 0.300000 0.171875 0.298438 0.173437 0.298438 0.176563 0.300000 0.178125 0.300000 0.182812 0.303125 0.189062 0.309375 0.195312 0.314063 0.196875 0.323437 0.196875 0.326562 0.198437 0.331250 0.203125 0.339062 0.203125 0.342187 0.200000 0.345313 0.193750 0.345313 0.190625 0.346875 0.187500 0.351562 0.182812 0.353125 0.179688 0.353125 0.175000 0.351562 0.170313 0.350000 0.167187 0.346875 0.162500 0.342187 0.157812 0.340625 0.153125 0.337500 0.148438 0.332813 0.143750 0.328125 0.142187 0.317188 0.142187 0.309375 0.145313
0 0.342187 0.089063 0.339062 0.092188 0.337500 0.095312 0.337500 0.098437 0.334375 0.101562 0.331250 0.103125 0.328125 0.103125 0.325000 0.104688 0.320312 0.109375 0.317188 0.115625 0.317188 0.120313 0.325000 0.134375 0.328125 0.139063 0.334375 0.143750 0.345313 0.156250 0.378125 0.156250 0.381250 0.154688 0.384375 0.148438 0.385937 0.143750 0.385937 0.128125 0.389062 0.123438 0.389062 0.115625 0.387500 0.110937 0.385937 0.107813 0.384375 0.106250 0.382812 0.106250 0.379688 0.103125 0.373437 0.100000 0.367188 0.098437 0.364063 0.096875 0.356250 0.089063 0.353125 0.087500 0.345313 0.087500
0 0.425000 0.065625 0.420312 0.065625 0.410938 0.067187 0.407813 0.068750 0.395313 0.081250 0.393750 0.081250 0.382812 0.092188 0.381250 0.095312 0.381250 0.100000 0.382812 0.103125 0.389062 0.109375 0.390625 0.112500 0.390625 0.115625 0.392188 0.118750 0.398438 0.121875 0.403125 0.128125 0.421875 0.128125 0.426563 0.123438 0.426563 0.117188 0.431250 0.112500 0.435937 0.112500 0.442188 0.106250 0.445312 0.096875 0.445312 0.090625 0.443750 0.087500 0.439063 0.082812 0.437500 0.082812 0.434375 0.079687 0.432812 0.076563 0.432812 0.071875 0.428125 0.067187
0 0.420312 0.129688 0.406250 0.129688 0.398438 0.134375 0.389062 0.137500 0.387500 0.140625 0.387500 0.146875 0.385937 0.150000 0.381250 0.156250 0.379688 0.162500 0.379688 0.167187 0.381250 0.173437 0.384375 0.176563 0.389062 0.176563 0.392188 0.178125 0.401562 0.187500 0.404687 0.189062 0.412500 0.189062 0.418750 0.182812 0.418750 0.181250 0.423438 0.176563 0.429688 0.176563 0.432812 0.170313 0.432812 0.157812 0.431250 0.153125 0.428125 0.150000 0.428125 0.145313 0.432812 0.140625 0.434375 0.137500 0.429688 0.132812
0 0.200000 0.315625 0.190625 0.325000 0.187500 0.331250 0.187500 0.337500 0.182812 0.340625 0.185938 0.345313 0.189062 0.346875 0.196875 0.346875 0.201563 0.350000 0.207813 0.350000 0.217188 0.346875 0.220312 0.343750 0.223438 0.339062 0.225000 0.335938 0.226562 0.331250 0.226562 0.326562 0.223438 0.321875 0.217188 0.315625
0 0.184375 0.339062 0.181250 0.340625 0.176563 0.343750 0.178125 0.351562 0.173437 0.351562 0.170313 0.354687 0.167187 0.359375 0.165625 0.362500 0.164062 0.370312 0.164062 0.373437 0.165625 0.376563 0.170313 0.381250 0.173437 0.381250 0.176563 0.384375 0.179688 0.385937 0.185938 0.385937 0.189062 0.384375 0.198437 0.375000 0.200000 0.360938 0.200000 0.357812 0.193750 0.345313
1 0.501563 0.046875 0.496875 0.051562 0.495312 0.056250 0.496875 0.060937 0.500000 0.064062 0.503125 0.065625 0.509375 0.065625 0.512500 0.064062 0.514062 0.060937 0.515625 0.056250 0.514062 0.051562 0.509375 0.046875
1 0.512500 0.032813 0.509375 0.035937 0.509375 0.039062 0.507812 0.042188 0.509375 0.045312 0.512500 0.048438 0.515625 0.050000 0.518750 0.050000 0.521875 0.048438 0.523438 0.046875 0.525000 0.043750 0.525000 0.037500 0.523438 0.034375 0.520312 0.032813
0 0.792188 0.207813 0.787500 0.203125 0.782813 0.200000 0.779687 0.200000 0.775000 0.195312 0.770312 0.192188 0.760938 0.192188 0.756250 0.195312 0.754687 0.198437 0.751563 0.200000 0.740625 0.198437 0.737500 0.200000 0.735938 0.201563 0.732812 0.207813 0.731250 0.225000 0.726562 0.228125 0.743750 0.245312 0.746875 0.246875 0.765625 0.246875 0.775000 0.237500 0.782813 0.234375 0.785937 0.231250 0.790625 0.221875 0.792188 0.217188
0 0.812500 0.245312 0.809375 0.246875 0.806250 0.250000 0.803125 0.254688 0.801562 0.257812 0.801562 0.262500 0.807813 0.273438 0.807813 0.278125 0.806250 0.290625 0.807813 0.295312 0.812500 0.300000 0.815625 0.301563 0.820312 0.301563 0.823438 0.303125 0.832812 0.310937 0.835938 0.312500 0.839063 0.312500 0.845313 0.309375 0.846875 0.307812 0.848437 0.303125 0.851562 0.300000 0.851562 0.298438 0.853125 0.296875 0.856250 0.295312 0.860938 0.293750 0.865625 0.290625 0.868750 0.287500 0.870313 0.284375 0.870313 0.278125 0.868750 0.273438 0.865625 0.268750 0.862500 0.265625 0.857812 0.265625 0.854688 0.264062 0.853125 0.259375 0.857812 0.248438 0.854688 0.246875 0.848437 0.245312 0.837500 0.245312 0.828125 0.250000 0.821875 0.245312
0 0.757812 0.259375 0.754687 0.260937 0.751563 0.264062 0.751563 0.265625 0.746875 0.270313 0.740625 0.271875 0.732812 0.271875 0.726562 0.273438 0.723437 0.275000 0.720313 0.278125 0.718750 0.281250 0.718750 0.289062 0.720313 0.306250 0.723437 0.318750 0.728125 0.323437 0.743750 0.325000 0.748437 0.326562 0.751563 0.328125 0.757812 0.332813 0.760938 0.334375 0.765625 0.334375 0.768750 0.332813 0.771875 0.329688 0.775000 0.325000 0.776563 0.321875 0.778125 0.314063 0.787500 0.306250 0.790625 0.300000 0.790625 0.293750 0.785937 0.285938 0.778125 0.276562 0.773438 0.265625 0.767188 0.259375
0 0.703125 0.334375 0.704688 0.337500 0.709375 0.342187 0.714063 0.343750 0.718750 0.350000 0.717187 0.359375 0.718750 0.364063 0.720313 0.367188 0.728125 0.370312 0.732812 0.370312 0.734375 0.371875 0.737500 0.371875 0.743750 0.368750 0.748437 0.370312 0.751563 0.375000 0.754687 0.375000 0.760938 0.371875 0.762500 0.367188 0.762500 0.364063 0.764062 0.359375 0.767188 0.356250 0.767188 0.345313 0.765625 0.340625 0.759375 0.334375 0.753125 0.329688 0.750000 0.328125 0.734375 0.323437 0.715625 0.323437 0.709375 0.326562
0 0.046875 0.368750 0.042188 0.367188 0.035937 0.367188 0.031250 0.371875 0.031250 0.373437 0.028125 0.376563 0.015625 0.378125 0.012500 0.379688 0.010937 0.381250 0.009375 0.384375 0.010937 0.395313 0.010937 0.400000 0.004687 0.406250 0.003125 0.409375 0.003125 0.412500 0.006250 0.415625 0.009375 0.417187 0.018750 0.418750 0.021875 0.418750 0.026562 0.417187 0.034375 0.409375 0.042188 0.406250 0.046875 0.401562 0.050000 0.396875 0.050000 0.392188 0.048438 0.381250 0.050000 0.379688 0.050000 0.371875
0 0.059375 0.359375 0.056250 0.360938 0.056250 0.368750 0.051562 0.371875 0.048438 0.384375 0.050000 0.393750 0.051562 0.396875 0.053125 0.398438 0.059375 0.401562 0.062500 0.401562 0.065625 0.403125 0.075000 0.401562 0.078125 0.400000 0.078125 0.387500 0.079687 0.385937 0.079687 0.371875 0.076563 0.368750 0.068750 0.365625 0.064062 0.360938
0 0.162500 0.396875 0.156250 0.393750 0.151562 0.393750 0.146875 0.392188 0.143750 0.390625 0.140625 0.387500 0.134375 0.384375 0.129688 0.382812 0.125000 0.382812 0.120313 0.384375 0.117188 0.387500 0.115625 0.390625 0.114062 0.396875 0.110937 0.400000 0.106250 0.400000 0.103125 0.396875 0.098437 0.396875 0.098437 0.415625 0.101562 0.421875 0.106250 0.428125 0.107813 0.431250 0.107813 0.439063 0.109375 0.442188 0.114062 0.446875 0.117188 0.448437 0.125000 0.448437 0.132812 0.443750 0.139063 0.442188 0.151562 0.442188 0.154688 0.439063 0.156250 0.435937 0.157812 0.431250 0.156250 0.423438 0.157812 0.420312 0.162500 0.415625 0.164062 0.410938 0.164062 0.400000
0 0.082812 0.406250 0.067187 0.406250 0.060937 0.412500 0.060937 0.415625 0.057813 0.418750 0.053125 0.418750 0.051562 0.417187 0.046875 0.417187 0.035937 0.418750 0.028125 0.421875 0.028125 0.426563 0.037500 0.440625 0.035937 0.445312 0.035937 0.448437 0.037500 0.451562 0.039062 0.453125 0.043750 0.454688 0.046875 0.457813 0.048438 0.462500 0.048438 0.467187 0.053125 0.470313 0.056250 0.468750 0.060937 0.464062 0.065625 0.462500 0.070312 0.462500 0.076563 0.459375 0.082812 0.453125 0.082812 0.451562 0.089063 0.445312 0.092188 0.443750 0.096875 0.443750 0.100000 0.442188 0.100000 0.439063 0.096875 0.435937 0.098437 0.426563 0.096875 0.421875 0.095312 0.418750 0.092188 0.414062
0 0.192188 0.440625 0.187500 0.440625 0.185938 0.439063 0.176563 0.437500 0.170313 0.437500 0.164062 0.439063 0.153125 0.450000 0.151562 0.453125 0.150000 0.457813 0.148438 0.464062 0.148438 0.471875 0.156250 0.481250 0.160938 0.485938 0.164062 0.485938 0.171875 0.484375 0.178125 0.482812 0.184375 0.479687 0.185938 0.473438 0.189062 0.470313 0.193750 0.468750 0.193750 0.464062 0.190625 0.459375 0.192188 0.454688 0.196875 0.453125 0.196875 0.446875 0.195312 0.443750
0 0.187500 0.482812 0.178125 0.482812 0.175000 0.484375 0.168750 0.490625 0.164062 0.490625 0.164062 0.493750 0.173437 0.503125 0.178125 0.504687 0.181250 0.503125 0.185938 0.500000 0.189062 0.493750
0 0.106250 0.443750 0.100000 0.443750 0.095312 0.446875 0.090625 0.451562 0.085938 0.453125 0.079687 0.457813 0.073438 0.464062 0.075000 0.471875 0.078125 0.473438 0.082812 0.475000 0.089063 0.481250 0.090625 0.484375 0.090625 0.489063 0.095312 0.492188 0.101562 0.490625 0.104688 0.489063 0.117188 0.481250 0.118750 0.479687 0.121875 0.473438 0.121875 0.467187 0.120313 0.460938 0.115625 0.451562 0.114062 0.450000
0 0.148438 0.532813 0.143750 0.528125 0.140625 0.526563 0.131250 0.526563 0.126562 0.528125 0.121875 0.531250 0.120313 0.537500 0.115625 0.542188 0.114062 0.545312 0.114062 0.550000 0.112500 0.553125 0.107813 0.557813 0.101562 0.559375 0.101562 0.562500 0.104688 0.571875 0.107813 0.573438 0.110937 0.573438 0.114062 0.571875 0.115625 0.568750 0.115625 0.565625 0.118750 0.562500 0.121875 0.562500 0.126562 0.565625 0.131250 0.567187 0.139063 0.565625 0.142187 0.562500 0.143750 0.559375 0.142187 0.543750 0.148438 0.537500
0 0.000000 0.420312 0.000000 0.531250 0.003125 0.531250 0.006250 0.529687 0.014063 0.523438 0.018750 0.528125 0.021875 0.529687 0.028125 0.529687 0.032813 0.525000 0.035937 0.515625 0.039062 0.498437 0.039062 0.484375 0.040625 0.481250 0.043750 0.478125 0.045312 0.475000 0.045312 0.462500 0.043750 0.459375 0.040625 0.456250 0.023438 0.454688 0.018750 0.450000 0.017188 0.446875 0.012500 0.434375 0.012500 0.428125 0.010937 0.426563 0.010937 0.423438 0.004687 0.420312
0 0.048438 0.475000 0.042188 0.481250 0.040625 0.484375 0.040625 0.496875 0.037500 0.501563 0.037500 0.518750 0.039062 0.521875 0.040625 0.523438 0.043750 0.525000 0.051562 0.526563 0.054688 0.525000 0.057813 0.528125 0.057813 0.532813 0.060937 0.535937 0.064062 0.537500 0.068750 0.537500 0.079687 0.535937 0.082812 0.534375 0.085938 0.525000 0.090625 0.520312 0.092188 0.520312 0.095312 0.517188 0.095312 0.507812 0.093750 0.504687 0.089063 0.498437 0.089063 0.487500 0.087500 0.482812 0.085938 0.479687 0.082812 0.476562 0.079687 0.475000 0.071875 0.473438 0.065625 0.473438 0.064062 0.475000 0.057813 0.473438 0.054688 0.473438 0.053125 0.475000
0 0.100750 0.561203 0.104031 0.560219 0.107062 0.559375 0.109984 0.557438 0.112281 0.555250 0.113750 0.550500 0.114719 0.546250 0.117391 0.541641 0.120063 0.539203 0.122734 0.535672 0.124313 0.531547 0.122984 0.526078 0.118250 0.522312 0.115328 0.520125 0.113141 0.518422 0.112047 0.516969 0.109500 0.516234 0.106813 0.514781 0.104875 0.514406 0.102688 0.514297 0.100141 0.515141 0.097219 0.517453 0.095156 0.518547 0.095031 0.518547 0.093578 0.518906 0.092234 0.519266 0.089563 0.520125 0.086891 0.523641 0.085797 0.529484 0.083969 0.533125 0.080453 0.537016 0.075469 0.538844 0.069875 0.539203 0.064172 0.538594 0.064172 0.539203 0.064047 0.544922 0.066359 0.550984 0.070734 0.558531 0.079234 0.560719 0.085312 0.555844 0.087500 0.553656 0.087859 0.553172
0 0.139063 0.493750 0.131250 0.496875 0.128125 0.500000 0.126562 0.503125 0.125000 0.509375 0.126562 0.525000 0.129688 0.525000 0.134375 0.520312 0.137500 0.518750 0.142187 0.517188 0.146875 0.517188 0.150000 0.515625 0.151562 0.509375 0.150000 0.506250 0.146875 0.501563
0 0.173437 0.784375 0.171875 0.796875 0.176563 0.806250 0.175000 0.810937 0.173437 0.810937 0.171875 0.817187 0.171875 0.818750 0.173437 0.820312 0.179688 0.823438 0.185938 0.823438 0.201563 0.828125 0.204687 0.831250 0.207813 0.831250 0.212500 0.828125 0.215625 0.825000 0.215625 0.817187 0.217188 0.810937 0.225000 0.798438 0.226562 0.793750 0.226562 0.790625 0.223438 0.789062 0.218750 0.790625 0.215625 0.792188 0.212500 0.789062 0.212500 0.784375 0.210938 0.781250 0.209375 0.779687 0.200000 0.779687 0.196875 0.781250 0.190625 0.789062 0.187500 0.792188 0.184375 0.792188 0.179688 0.787500
0 0.164062 0.832812 0.162500 0.835938 0.162500 0.842187 0.164062 0.843750 0.162500 0.851562 0.159375 0.853125 0.157812 0.856250 0.157812 0.864062 0.160938 0.875000 0.167187 0.875000 0.170313 0.873437 0.175000 0.867188 0.181250 0.862500 0.184375 0.860938 0.190625 0.862500 0.190625 0.873437 0.193750 0.881250 0.196875 0.881250 0.200000 0.879687 0.203125 0.876563 0.207813 0.876563 0.212500 0.875000 0.217188 0.870313 0.218750 0.867188 0.218750 0.857812 0.215625 0.851562 0.210938 0.850000 0.209375 0.848437 0.207813 0.845313 0.207813 0.839063 0.204687 0.832812 0.201563 0.829688 0.198437 0.828125 0.182812 0.826562 0.173437 0.826562 0.170313 0.828125 0.167187 0.831250 0.165625 0.831250
0 0.118750 0.828125 0.117188 0.831250 0.118750 0.840625 0.117188 0.846875 0.114062 0.846875 0.107813 0.853125 0.107813 0.856250 0.106250 0.859375 0.107813 0.865625 0.112500 0.870313 0.115625 0.871875 0.120313 0.873437 0.134375 0.871875 0.140625 0.871875 0.148438 0.875000 0.154688 0.873437 0.154688 0.868750 0.156250 0.867188 0.157812 0.856250 0.157812 0.846875 0.156250 0.840625 0.154688 0.837500 0.153125 0.835938 0.150000 0.834375 0.140625 0.834375 0.132812 0.828125 0.128125 0.826562 0.121875 0.826562
0 0.256250 0.856250 0.250000 0.856250 0.246875 0.857812 0.240625 0.862500 0.229687 0.862500 0.225000 0.867188 0.223438 0.870313 0.223438 0.887500 0.218750 0.898438 0.218750 0.906250 0.220312 0.909375 0.226562 0.914062 0.229687 0.917188 0.232813 0.921875 0.235937 0.920312 0.239063 0.917188 0.243750 0.917188 0.251563 0.921875 0.254688 0.921875 0.257812 0.920312 0.262500 0.915625 0.264062 0.910937 0.264062 0.901563 0.267188 0.898438 0.271875 0.896875 0.273438 0.895312 0.275000 0.892188 0.275000 0.887500 0.271875 0.878125 0.268750 0.875000 0.264062 0.873437 0.260937 0.870313 0.260937 0.860938
0 0.106250 0.870313 0.093750 0.871875 0.092188 0.876563 0.093750 0.889062 0.085938 0.895312 0.082812 0.898438 0.082812 0.907813 0.085938 0.910937 0.090625 0.914062 0.092188 0.914062 0.093750 0.915625 0.095312 0.918750 0.093750 0.926562 0.101562 0.928125 0.110937 0.917188 0.117188 0.912500 0.118750 0.910937 0.123438 0.904687 0.123438 0.895312 0.120313 0.890625 0.120313 0.884375 0.117188 0.878125 0.114062 0.875000 0.110937 0.875000
0 0.132562 0.874156 0.159609 0.874766 0.163656 0.880234 0.164766 0.883078 0.165578 0.885500 0.165984 0.889563 0.164969 0.891578 0.164672 0.893203 0.166891 0.898469 0.165266 0.902219 0.161625 0.901906 0.158891 0.898969 0.154844 0.895641 0.143594 0.896547 0.137422 0.898469 0.128812 0.899172 0.125266 0.897969 0.124063 0.895234 0.125063 0.893406 0.127594 0.890766 0.128922 0.888750
0 0.155047 0.919125 0.156469 0.924703 0.151797 0.928141 0.147750 0.927844 0.146328 0.931781 0.144109 0.937859 0.138234 0.944250 0.134797 0.947688 0.129734 0.948297 0.125375 0.947078 0.122031 0.944250 0.121328 0.943031 0.112406 0.946063 0.106234 0.945859 0.102281 0.942922 0.099953 0.938781 0.100656 0.933313 0.103906 0.928438 0.106734 0.924797 0.110688 0.919438 0.113828 0.913969 0.116359 0.908094 0.118687 0.904031 0.121922 0.900594 0.128203 0.898563 0.136609 0.899281 0.145422 0.901609 0.149063 0.902422 0.152406 0.905250 0.154734 0.908703 0.154531 0.912438
0 0.184203 0.908797 0.182188 0.906672 0.178141 0.903828 0.172063 0.900188 0.164766 0.903828 0.161734 0.907172 0.158484 0.913656 0.157875 0.918313 0.159609 0.922969 0.160406 0.925906 0.159000 0.930063 0.155453 0.933406 0.153219 0.936438 0.150078 0.941313 0.149984 0.944844 0.153625 0.949000 0.156969 0.952141 0.158187 0.955578 0.157578 0.958922 0.157375 0.959937 0.157062 0.961656 0.157172 0.962172 0.165172 0.960750 0.168406 0.958516 0.171656 0.957312 0.174797 0.955578 0.177531 0.953969 0.180359 0.952344 0.184109 0.950016 0.188156 0.947375 0.192203 0.944250 0.195141 0.939984 0.198687 0.935437 0.203344 0.928547 0.205984 0.923078 0.207000 0.918625 0.206391 0.913859 0.202234 0.908188 0.197875 0.903828 0.193422 0.901812 0.190688 0.902625
0 0.148750 0.968062 0.148750 0.967938 0.151172 0.963328 0.150938 0.960281 0.144859 0.957125 0.143031 0.954813 0.140359 0.951906 0.135625 0.950437 0.130156 0.952016 0.126266 0.951781 0.123469 0.948734 0.121031 0.947531 0.117031 0.947891 0.113625 0.954937 0.111922 0.961734 0.111922 0.966000 0.110344 0.968906 0.108031 0.970984 0.105484 0.973891 0.104625 0.976453 0.106578 0.984219 0.112172 0.990781 0.114359 0.994313 0.113625 0.996625 0.110703 0.998437 0.109000 0.998437 0.120797 0.998437 0.127969 0.998437 0.140234 0.998437 0.146437 0.998437 0.149594 0.998328 0.151781 0.997109 0.153484 0.995047 0.155062 0.989203 0.155062 0.981312 0.153609 0.974750 0.151781 0.971953
0 0.188703 0.939719 0.187391 0.941906 0.184031 0.946875 0.179812 0.950812 0.174406 0.954594 0.167703 0.958391 0.158953 0.962609 0.156766 0.964359 0.156469 0.964797 0.156469 0.969328 0.158219 0.974141 0.160844 0.978516 0.162750 0.982734 0.164344 0.985359 0.165656 0.987703 0.166828 0.991203 0.167563 0.994984 0.167563 0.997609 0.168281 0.998437 0.174125 0.998437 0.181844 0.998437 0.194094 0.998437 0.200656 0.998437 0.202266 0.998437 0.203281 0.994984 0.203578 0.992797 0.212469 0.987703 0.216703 0.987266 0.218016 0.985656 0.219188 0.983172 0.219188 0.979094 0.219031 0.978219 0.217000 0.977203 0.212906 0.974422 0.208687 0.970047 0.204453 0.966984 0.200375 0.963781 0.198469 0.962328
0 0.207375 0.924703 0.203719 0.927906 0.200078 0.931703 0.195406 0.937250 0.193656 0.940453 0.193375 0.944688 0.196281 0.952844 0.199781 0.958969 0.203000 0.964078 0.205766 0.968156 0.209844 0.971516 0.211594 0.973844 0.214219 0.976031 0.217719 0.978078 0.221078 0.979234 0.222828 0.979094 0.225016 0.978078 0.228078 0.975891 0.231000 0.970922 0.233188 0.967422 0.235375 0.962609 0.237125 0.956063 0.237125 0.949203 0.237125 0.943219 0.235656 0.936812 0.233188 0.933453 0.229391 0.932000 0.221813 0.933313 0.217875 0.933313
0 0.234375 0.935937 0.234375 0.948438 0.235937 0.956250 0.237500 0.959375 0.240625 0.960938 0.251563 0.960938 0.262500 0.964063 0.271875 0.962500 0.271875 0.956250 0.268750 0.950000 0.264062 0.945312 0.262500 0.940625 0.262500 0.932813 0.260937 0.929688 0.248438 0.926562 0.245312 0.928125 0.242188 0.928125
0 0.229687 0.967187 0.226562 0.970313 0.223438 0.976562 0.223438 0.985938 0.226562 0.989062 0.239063 0.995313 0.242188 0.995313 0.243750 0.998437 0.250000 0.993750 0.250000 0.976562 0.245312 0.971875 0.240625 0.968750 0.237500 0.967187
0 0.398438 0.893750 0.392188 0.892188 0.387500 0.887500 0.381250 0.884375 0.375000 0.884375 0.370312 0.889062 0.365625 0.898438 0.362500 0.901563 0.354687 0.901563 0.350000 0.903125 0.346875 0.904687 0.343750 0.907813 0.342187 0.910937 0.342187 0.920312 0.343750 0.923438 0.351562 0.931250 0.351562 0.942187 0.356250 0.946875 0.379688 0.946875 0.390625 0.945312 0.396875 0.942187 0.401562 0.939063 0.401562 0.921875 0.404687 0.918750 0.406250 0.915625 0.406250 0.903125 0.404687 0.900000
0 0.348438 0.953125 0.348438 0.957812 0.342187 0.964063 0.339062 0.965625 0.335938 0.965625 0.332813 0.968750 0.331250 0.968750 0.329688 0.970313 0.326562 0.976562 0.325000 0.981250 0.325000 0.990625 0.328125 0.993750 0.331250 0.995313 0.348438 0.993750 0.351562 0.993750 0.356250 0.998437 0.365625 0.998437 0.373437 0.990625 0.376563 0.984375 0.376563 0.981250 0.375000 0.979688 0.375000 0.975000 0.373437 0.971875 0.368750 0.967187 0.367188 0.967187 0.364063 0.964063 0.362500 0.960938 0.362500 0.957812 0.360938 0.954688 0.354687 0.954688 0.353125 0.953125
0 0.414062 0.942187 0.409375 0.946875 0.407813 0.950000 0.407813 0.956250 0.401562 0.967187 0.398438 0.978125 0.398438 0.989062 0.400000 0.992188 0.406250 0.998437 0.451562 0.998437 0.456250 0.995313 0.460938 0.990625 0.462500 0.987500 0.462500 0.979688 0.460938 0.975000 0.459375 0.971875 0.453125 0.964063 0.454688 0.950000 0.450000 0.945312 0.446875 0.943750 0.434375 0.943750 0.426563 0.940625 0.417187 0.940625
0 0.535937 0.934375 0.529687 0.935937 0.529687 0.937500 0.526563 0.942187 0.521875 0.946875 0.518750 0.946875 0.507812 0.948438 0.507812 0.962500 0.509375 0.964063 0.509375 0.970313 0.507812 0.981250 0.509375 0.985938 0.517188 0.993750 0.520312 0.995313 0.526563 0.995313 0.529687 0.998437 0.546875 0.998437 0.546875 0.990625 0.543750 0.981250 0.545312 0.971875 0.543750 0.965625 0.542188 0.962500 0.539062 0.957812 0.534375 0.953125 0.531250 0.946875 0.534375 0.937500
0 0.467187 0.875000 0.459375 0.881250 0.459375 0.882812 0.451562 0.889062 0.450000 0.895312 0.454688 0.900000 0.454688 0.907813 0.456250 0.914062 0.457813 0.917188 0.460938 0.920312 0.467187 0.921875 0.471875 0.921875 0.470313 0.901563 0.471875 0.889062 0.471875 0.884375 0.470313 0.878125
0 0.459375 0.998437 0.501563 0.998437 0.500000 0.995313 0.496875 0.993750 0.498437 0.987500 0.501563 0.985938 0.503125 0.979688 0.503125 0.975000 0.500000 0.968750 0.493750 0.968750 0.490625 0.965625 0.479687 0.965625 0.475000 0.967187 0.468750 0.973437 0.465625 0.979688 0.465625 0.984375 0.464062 0.989062 0.460938 0.992188 0.460938 0.995313
0 0.975000 0.378125 0.971875 0.381250 0.970313 0.390625 0.971875 0.398438 0.968750 0.401562 0.965625 0.403125 0.960938 0.404687 0.959375 0.407813 0.959375 0.410938 0.960938 0.414062 0.965625 0.420312 0.970313 0.423438 0.975000 0.425000 0.982812 0.425000 0.985938 0.428125 0.998437 0.426563 0.998437 0.379688 0.987500 0.381250 0.984375 0.381250 0.979688 0.378125
0 0.998437 0.420312 0.993750 0.423438 0.973437 0.423438 0.970313 0.425000 0.964063 0.431250 0.964063 0.445312 0.967187 0.448437 0.968750 0.448437 0.970313 0.456250 0.971875 0.459375 0.975000 0.462500 0.976562 0.467187 0.987500 0.468750 0.995313 0.467187 0.998437 0.465625
0 0.743750 0.737500 0.737500 0.737500 0.734375 0.739062 0.732812 0.742188 0.732812 0.746875 0.728125 0.751563 0.718750 0.754687 0.712500 0.753125 0.709375 0.754687 0.707812 0.756250 0.706250 0.759375 0.706250 0.765625 0.707812 0.768750 0.709375 0.770312 0.710938 0.770312 0.714063 0.773438 0.715625 0.773438 0.718750 0.785937 0.725000 0.790625 0.726562 0.796875 0.751563 0.795312 0.756250 0.785937 0.759375 0.776563 0.760938 0.770312 0.760938 0.765625 0.759375 0.762500 0.756250 0.762500 0.753125 0.757812 0.756250 0.753125 0.756250 0.750000 0.754687 0.746875 0.746875 0.739062
0 0.704688 0.778125 0.704688 0.782813 0.701562 0.785937 0.693750 0.785937 0.689063 0.787500 0.685937 0.790625 0.684375 0.793750 0.684375 0.801562 0.687500 0.804688 0.692187 0.807813 0.693750 0.807813 0.693750 0.826562 0.695312 0.829688 0.710938 0.829688 0.715625 0.834375 0.721875 0.834375 0.726562 0.829688 0.728125 0.817187 0.731250 0.814063 0.731250 0.809375 0.725000 0.800000 0.725000 0.792188 0.717187 0.784375 0.712500 0.784375 0.709375 0.781250 0.709375 0.779687
0 0.726562 0.850000 0.725000 0.856250 0.725000 0.857812 0.726562 0.859375 0.729688 0.860938 0.732812 0.860938 0.735938 0.862500 0.737500 0.867188 0.735938 0.876563 0.737500 0.881250 0.742188 0.885938 0.756250 0.885938 0.762500 0.882812 0.765625 0.882812 0.768750 0.885938 0.771875 0.887500 0.775000 0.887500 0.773438 0.871875 0.773438 0.867188 0.778125 0.859375 0.776563 0.856250 0.768750 0.848437 0.765625 0.846875 0.756250 0.846875 0.750000 0.843750 0.742188 0.843750 0.737500 0.845313 0.729688 0.848437
0 0.759375 0.789062 0.756250 0.790625 0.754687 0.792188 0.753125 0.795312 0.753125 0.796875 0.751563 0.800000 0.750000 0.801562 0.742188 0.804688 0.740625 0.807813 0.740625 0.814063 0.742188 0.818750 0.750000 0.826562 0.750000 0.837500 0.751563 0.840625 0.753125 0.842187 0.756250 0.843750 0.760938 0.845313 0.765625 0.845313 0.773438 0.850000 0.779687 0.850000 0.782813 0.848437 0.790625 0.843750 0.792188 0.840625 0.795312 0.826562 0.793750 0.817187 0.792188 0.812500 0.789062 0.809375 0.787500 0.804688 0.784375 0.803125 0.781250 0.803125 0.776563 0.798438 0.776563 0.796875 0.773438 0.793750 0.767188 0.790625
0 0.800000 0.775000 0.793750 0.781250 0.792188 0.784375 0.790625 0.792188 0.790625 0.798438 0.792188 0.803125 0.801562 0.817187 0.803125 0.821875 0.820312 0.821875 0.823438 0.818750 0.825000 0.815625 0.826562 0.809375 0.829688 0.806250 0.831250 0.803125 0.831250 0.792188 0.834375 0.789062 0.834375 0.784375 0.831250 0.781250 0.828125 0.779687 0.821875 0.778125 0.814063 0.779687 0.807813 0.778125 0.803125 0.775000
0 0.909375 0.795312 0.909375 0.810937 0.912500 0.818750 0.912500 0.826562 0.914062 0.829688 0.917188 0.832812 0.923438 0.835938 0.931250 0.835938 0.939063 0.831250 0.942187 0.831250 0.954688 0.832812 0.957812 0.831250 0.959375 0.829688 0.960938 0.826562 0.962500 0.821875 0.962500 0.814063 0.964063 0.810937 0.968750 0.806250 0.970313 0.801562 0.967187 0.795312 0.965625 0.793750 0.962500 0.792188 0.951562 0.790625 0.946875 0.787500 0.942187 0.782813 0.939063 0.781250 0.934375 0.779687 0.926562 0.779687 0.914062 0.790625
0 0.850000 0.840625 0.848437 0.843750 0.846875 0.848437 0.846875 0.853125 0.850000 0.854688 0.853125 0.854688 0.857812 0.860938 0.859375 0.862500 0.860938 0.862500 0.864062 0.865625 0.867188 0.867188 0.882812 0.867188 0.885938 0.868750 0.889062 0.871875 0.892188 0.873437 0.896875 0.871875 0.903125 0.865625 0.904687 0.862500 0.904687 0.853125 0.907813 0.850000 0.912500 0.850000 0.915625 0.846875 0.915625 0.842187 0.914062 0.839063 0.910937 0.835938 0.906250 0.832812 0.896875 0.828125 0.873437 0.828125 0.870313 0.831250 0.862500 0.831250 0.856250 0.834375
0 0.873437 0.778125 0.870313 0.781250 0.868750 0.781250 0.867188 0.790625 0.862500 0.795312 0.860938 0.798438 0.860938 0.809375 0.862500 0.812500 0.865625 0.815625 0.871875 0.820312 0.873437 0.826562 0.892188 0.828125 0.895312 0.828125 0.896875 0.826562 0.901563 0.826562 0.906250 0.821875 0.907813 0.818750 0.907813 0.792188 0.906250 0.782813 0.904687 0.779687 0.901563 0.776563 0.876563 0.776563
0 0.910937 0.698438 0.909375 0.701562 0.909375 0.709375 0.906250 0.715625 0.906250 0.725000 0.907813 0.729688 0.910937 0.734375 0.918750 0.740625 0.918750 0.742188 0.926562 0.750000 0.939063 0.750000 0.948438 0.745313 0.953125 0.740625 0.954688 0.735938 0.954688 0.732812 0.953125 0.729688 0.950000 0.726562 0.940625 0.723437 0.929688 0.725000 0.925000 0.725000 0.921875 0.721875 0.921875 0.718750 0.925000 0.715625 0.925000 0.700000 0.921875 0.696875 0.918750 0.696875
0 0.851562 0.723437 0.851562 0.731250 0.848437 0.740625 0.848437 0.754687 0.845313 0.764062 0.845313 0.767188 0.860938 0.781250 0.868750 0.781250 0.873437 0.776563 0.882812 0.773438 0.893750 0.771875 0.896875 0.770312 0.900000 0.767188 0.903125 0.753125 0.903125 0.750000 0.896875 0.739062 0.895312 0.731250 0.893750 0.726562 0.887500 0.720313 0.860938 0.720313 0.854688 0.721875
0 0.815625 0.715625 0.812500 0.718750 0.810937 0.723437 0.812500 0.729688 0.812500 0.732812 0.810937 0.735938 0.803125 0.743750 0.803125 0.748437 0.806250 0.753125 0.809375 0.756250 0.812500 0.757812 0.817187 0.757812 0.821875 0.762500 0.825000 0.770312 0.829688 0.773438 0.832812 0.771875 0.839063 0.767188 0.848437 0.767188 0.846875 0.759375 0.850000 0.753125 0.850000 0.740625 0.851562 0.734375 0.854688 0.731250 0.856250 0.726562 0.856250 0.723437 0.851562 0.723437 0.850000 0.720313 0.843750 0.715625 0.839063 0.715625 0.835938 0.720313 0.832812 0.720313 0.823438 0.715625
0 0.715625 0.929688 0.712500 0.932813 0.704688 0.950000 0.703125 0.956250 0.703125 0.962500 0.704688 0.965625 0.710938 0.971875 0.725000 0.979688 0.737500 0.979688 0.740625 0.982812 0.743750 0.984375 0.746875 0.984375 0.750000 0.982812 0.754687 0.978125 0.756250 0.971875 0.756250 0.959375 0.757812 0.957812 0.757812 0.946875 0.756250 0.943750 0.753125 0.939063 0.750000 0.935937 0.746875 0.934375 0.735938 0.934375 0.731250 0.929688 0.728125 0.928125 0.718750 0.928125
0 0.931250 0.993750 0.929688 0.987500 0.928125 0.984375 0.923438 0.979688 0.920312 0.978125 0.917188 0.978125 0.912500 0.979688 0.907813 0.984375 0.895312 0.982812 0.890625 0.982812 0.885938 0.984375 0.879687 0.990625 0.878125 0.993750 0.878125 0.998437 0.931250 0.998437