0 0.200000 0.010937 0.195312 0.010937 0.192188 0.012500 0.185938 0.018750 0.182812 0.018750 0.179688 0.020313 0.176563 0.023438 0.165625 0.035937 0.164062 0.040625 0.164062 0.045312 0.165625 0.051562 0.171875 0.057813 0.175000 0.064062 0.181250 0.070312 0.182812 0.078125 0.189062 0.084375 0.192188 0.085938 0.198437 0.085938 0.203125 0.084375 0.209375 0.079687 0.221875 0.079687 0.228125 0.076563 0.229687 0.073438 0.229687 0.067187 0.232813 0.060937 0.232813 0.045312 0.231250 0.040625 0.229687 0.037500 0.223438 0.031250 0.221875 0.031250 0.217188 0.026562 0.212500 0.018750 0.206250 0.014063
0 0.195312 0.092188 0.195312 0.096875 0.201563 0.110937 0.204687 0.117188 0.209375 0.121875 0.212500 0.123438 0.220312 0.125000 0.223438 0.128125 0.226562 0.129688 0.242188 0.129688 0.246875 0.132812 0.254688 0.132812 0.259375 0.131250 0.262500 0.128125 0.265625 0.123438 0.267188 0.120313 0.267188 0.114062 0.265625 0.112500 0.265625 0.106250 0.270313 0.101562 0.270313 0.095312 0.268750 0.092188 0.265625 0.089063 0.259375 0.085938 0.253125 0.084375 0.246875 0.084375 0.237500 0.079687 0.225000 0.079687 0.217188 0.084375 0.207813 0.084375 0.198437 0.089063
0 0.273438 0.009375 0.273438 0.014063 0.275000 0.015625 0.275000 0.020313 0.271875 0.023438 0.268750 0.023438 0.264062 0.028125 0.262500 0.031250 0.262500 0.034375 0.254688 0.040625 0.253125 0.043750 0.253125 0.051562 0.254688 0.054688 0.262500 0.062500 0.264062 0.067187 0.264062 0.071875 0.270313 0.079687 0.276562 0.085938 0.279687 0.087500 0.284375 0.089063 0.301563 0.089063 0.304688 0.087500 0.309375 0.082812 0.328125 0.082812 0.328125 0.078125 0.323437 0.073438 0.323437 0.068750 0.325000 0.051562 0.323437 0.034375 0.318750 0.029687 0.312500 0.025000 0.301563 0.018750 0.298438 0.018750 0.293750 0.014063 0.287500 0.010937 0.279687 0.009375
0 0.457813 0.020313 0.453125 0.018750 0.446875 0.018750 0.439063 0.026562 0.434375 0.028125 0.429688 0.031250 0.423438 0.031250 0.417187 0.029687 0.415625 0.028125 0.410938 0.028125 0.415625 0.032813 0.417187 0.032813 0.423438 0.039062 0.423438 0.045312 0.420312 0.050000 0.418750 0.056250 0.418750 0.065625 0.420312 0.070312 0.423438 0.073438 0.431250 0.073438 0.434375 0.071875 0.435937 0.068750 0.435937 0.064062 0.439063 0.057813 0.442188 0.056250 0.445312 0.056250 0.451562 0.053125 0.453125 0.051562 0.454688 0.048438 0.453125 0.039062 0.459375 0.032813 0.460938 0.029687 0.460938 0.023438
0 0.292187 0.004687 0.295312 0.010937 0.296875 0.012500 0.300000 0.014063 0.303125 0.014063 0.306250 0.015625 0.315625 0.025000 0.321875 0.029687 0.328125 0.032813 0.339062 0.032813 0.345313 0.039062 0.348438 0.040625 0.356250 0.040625 0.360938 0.035937 0.375000 0.034375 0.378125 0.032813 0.384375 0.025000 0.389062 0.021875 0.392188 0.020313 0.396875 0.020313 0.400000 0.017188 0.401562 0.012500 0.404687 0.009375 0.409375 0.006250 0.410938 0.006250 0.412500 0.004687 0.412500 0.003125 0.415625 0.000000 0.292187 0.000000
0 0.645312 0.100000 0.642188 0.103125 0.640625 0.106250 0.640625 0.114062 0.642188 0.134375 0.643750 0.139063 0.645312 0.142187 0.653125 0.150000 0.660937 0.153125 0.670312 0.162500 0.675000 0.165625 0.678125 0.167187 0.687500 0.167187 0.690625 0.160938 0.693750 0.157812 0.700000 0.156250 0.703125 0.153125 0.704688 0.150000 0.704688 0.142187 0.703125 0.129688 0.701562 0.126562 0.695312 0.120313 0.693750 0.109375 0.685937 0.101562 0.681250 0.100000 0.668750 0.101562 0.662500 0.101562 0.657813 0.098437 0.648438 0.098437
0 0.723437 0.110937 0.720313 0.112500 0.715625 0.117188 0.715625 0.118750 0.712500 0.121875 0.703125 0.123438 0.703125 0.143750 0.706250 0.151562 0.706250 0.157812 0.707812 0.162500 0.712500 0.171875 0.720313 0.179688 0.726562 0.182812 0.739062 0.195312 0.742188 0.201563 0.746875 0.203125 0.750000 0.206250 0.754687 0.207813 0.757812 0.204687 0.756250 0.201563 0.759375 0.198437 0.764062 0.198437 0.768750 0.195312 0.771875 0.192188 0.773438 0.189062 0.773438 0.184375 0.771875 0.179688 0.770312 0.176563 0.764062 0.170313 0.765625 0.157812 0.765625 0.150000 0.764062 0.143750 0.762500 0.140625 0.754687 0.129688 0.746875 0.121875 0.737500 0.114062 0.728125 0.110937
0 0.700000 0.198437 0.692187 0.196875 0.682813 0.200000 0.671875 0.198437 0.665625 0.198437 0.660937 0.200000 0.654687 0.203125 0.651563 0.206250 0.642188 0.217188 0.640625 0.220312 0.640625 0.232813 0.642188 0.235937 0.648438 0.242188 0.653125 0.243750 0.656250 0.246875 0.656250 0.251563 0.659375 0.257812 0.665625 0.264062 0.670312 0.267188 0.682813 0.267188 0.685937 0.265625 0.692187 0.259375 0.706250 0.259375 0.709375 0.257812 0.714063 0.253125 0.715625 0.250000 0.715625 0.237500 0.712500 0.226562 0.712500 0.212500 0.709375 0.206250 0.704688 0.201563
0 0.807813 0.212500 0.804688 0.210938 0.790625 0.210938 0.785937 0.212500 0.782813 0.214062 0.779687 0.217188 0.778125 0.217188 0.764062 0.231250 0.757812 0.245312 0.756250 0.251563 0.756250 0.257812 0.757812 0.265625 0.759375 0.268750 0.764062 0.271875 0.776563 0.270313 0.782813 0.267188 0.787500 0.262500 0.793750 0.259375 0.800000 0.257812 0.801562 0.254688 0.801562 0.246875 0.803125 0.243750 0.809375 0.237500 0.807813 0.226562 0.810937 0.221875 0.810937 0.215625
0 0.576562 0.254688 0.573438 0.257812 0.570312 0.264062 0.571875 0.268750 0.575000 0.275000 0.579688 0.282813 0.587500 0.290625 0.590625 0.292187 0.593750 0.292187 0.601562 0.300000 0.604688 0.301563 0.609375 0.303125 0.614062 0.303125 0.621875 0.300000 0.625000 0.298438 0.634375 0.290625 0.639062 0.287500 0.642188 0.287500 0.645312 0.284375 0.646875 0.284375 0.648438 0.282813 0.650000 0.279687 0.650000 0.275000 0.648438 0.262500 0.646875 0.259375 0.637500 0.250000 0.631250 0.246875 0.626563 0.245312 0.603125 0.245312 0.595313 0.246875 0.584375 0.253125 0.579688 0.253125
0 0.831250 0.273438 0.828125 0.276562 0.825000 0.281250 0.823438 0.285938 0.820312 0.296875 0.818750 0.317188 0.820312 0.321875 0.825000 0.326562 0.826562 0.329688 0.829688 0.343750 0.832812 0.345313 0.848437 0.345313 0.848437 0.337500 0.845313 0.331250 0.840625 0.326562 0.840625 0.321875 0.845313 0.315625 0.845313 0.301563 0.837500 0.292187 0.837500 0.287500 0.839063 0.278125 0.837500 0.275000 0.834375 0.273438
0 0.785937 0.320312 0.781250 0.323437 0.779687 0.326562 0.779687 0.345313 0.776563 0.350000 0.768750 0.359375 0.768750 0.370312 0.775000 0.376563 0.782813 0.379688 0.784375 0.382812 0.785937 0.389062 0.789062 0.393750 0.793750 0.398438 0.804688 0.398438 0.807813 0.396875 0.814063 0.392188 0.821875 0.392188 0.825000 0.390625 0.826562 0.389062 0.828125 0.385937 0.829688 0.381250 0.829688 0.376563 0.831250 0.373437 0.834375 0.370312 0.835938 0.367188 0.835938 0.359375 0.834375 0.356250 0.828125 0.348438 0.826562 0.345313 0.826562 0.342187 0.828125 0.334375 0.826562 0.328125 0.823438 0.325000 0.818750 0.321875 0.803125 0.323437 0.798438 0.323437 0.793750 0.320312
0 0.803125 0.257812 0.800000 0.257812 0.790625 0.260937 0.785937 0.264062 0.778125 0.271875 0.778125 0.289062 0.779687 0.293750 0.781250 0.296875 0.787500 0.296875 0.787500 0.293750 0.790625 0.290625 0.793750 0.289062 0.800000 0.290625 0.807813 0.293750 0.814063 0.293750 0.818750 0.289062 0.820312 0.285938 0.820312 0.278125 0.818750 0.275000 0.810937 0.265625
0 0.729688 0.290625 0.728125 0.284375 0.725000 0.282813 0.720313 0.282813 0.710938 0.278125 0.701562 0.278125 0.696875 0.281250 0.685937 0.279687 0.679688 0.279687 0.676562 0.282813 0.676562 0.284375 0.673438 0.287500 0.670312 0.284375 0.665625 0.281250 0.662500 0.279687 0.654687 0.279687 0.651563 0.281250 0.642188 0.290625 0.639062 0.290625 0.635938 0.292187 0.634375 0.295312 0.637500 0.301563 0.639062 0.303125 0.642188 0.304688 0.650000 0.304688 0.656250 0.310937 0.656250 0.312500 0.660937 0.317188 0.665625 0.320312 0.670312 0.321875 0.676562 0.321875 0.681250 0.320312 0.689063 0.315625 0.696875 0.315625 0.698438 0.314063 0.703125 0.314063 0.704688 0.310937 0.704688 0.301563 0.709375 0.298438 0.717187 0.301563 0.728125 0.301563
0 0.621875 0.301563 0.617188 0.303125 0.614062 0.304688 0.612500 0.306250 0.610938 0.309375 0.609375 0.315625 0.606250 0.318750 0.598437 0.321875 0.595313 0.325000 0.593750 0.328125 0.593750 0.340625 0.596875 0.346875 0.598437 0.348438 0.600000 0.348438 0.603125 0.351562 0.606250 0.353125 0.614062 0.353125 0.620313 0.356250 0.621875 0.360938 0.623437 0.362500 0.629687 0.365625 0.634375 0.367188 0.637500 0.367188 0.640625 0.365625 0.642188 0.364063 0.643750 0.360938 0.643750 0.353125 0.646875 0.350000 0.654687 0.350000 0.659375 0.348438 0.667188 0.340625 0.668750 0.335938 0.668750 0.329688 0.665625 0.323437 0.657813 0.317188 0.651563 0.314063 0.642188 0.310937 0.635938 0.304688 0.631250 0.301563
0 0.728125 0.314063 0.718750 0.314063 0.709375 0.317188 0.695312 0.317188 0.690625 0.318750 0.687500 0.320312 0.684375 0.323437 0.684375 0.331250 0.687500 0.337500 0.689063 0.354687 0.689063 0.362500 0.687500 0.364063 0.687500 0.371875 0.689063 0.375000 0.693750 0.381250 0.695312 0.384375 0.695312 0.387500 0.700000 0.393750 0.700000 0.398438 0.707812 0.407813 0.710938 0.409375 0.715625 0.409375 0.718750 0.404687 0.723437 0.404687 0.728125 0.400000 0.728125 0.389062 0.732812 0.384375 0.734375 0.384375 0.739062 0.379688 0.740625 0.376563 0.740625 0.373437 0.750000 0.365625 0.753125 0.359375 0.753125 0.353125 0.751563 0.348438 0.748437 0.343750 0.743750 0.339062 0.742188 0.335938 0.742188 0.329688 0.740625 0.323437 0.739062 0.320312 0.735938 0.317188 0.732812 0.315625
0 0.701562 0.426563 0.706250 0.431250 0.709375 0.432812 0.715625 0.434375 0.728125 0.435937 0.731250 0.434375 0.734375 0.428125 0.734375 0.425000 0.735938 0.421875 0.740625 0.420312 0.743750 0.421875 0.756250 0.432812 0.762500 0.435937 0.768750 0.437500 0.775000 0.437500 0.781250 0.434375 0.781250 0.431250 0.779687 0.428125 0.773438 0.418750 0.770312 0.415625 0.757812 0.409375 0.753125 0.407813 0.745313 0.406250 0.726562 0.406250 0.723437 0.407813 0.718750 0.410938 0.709375 0.420312 0.704688 0.421875
0 0.601562 0.376563 0.596875 0.381250 0.598437 0.393750 0.598437 0.398438 0.595313 0.401562 0.590625 0.403125 0.587500 0.406250 0.584375 0.412500 0.584375 0.417187 0.589063 0.426563 0.593750 0.431250 0.600000 0.434375 0.606250 0.434375 0.609375 0.435937 0.612500 0.439063 0.621875 0.450000 0.626563 0.451562 0.635938 0.451562 0.639062 0.450000 0.642188 0.446875 0.645312 0.445312 0.650000 0.445312 0.656250 0.439063 0.659375 0.431250 0.665625 0.423438 0.665625 0.412500 0.664062 0.409375 0.657813 0.403125 0.656250 0.400000 0.656250 0.392188 0.654687 0.389062 0.645312 0.379688 0.634375 0.375000 0.629687 0.375000 0.623437 0.378125 0.617188 0.378125 0.610938 0.375000 0.604688 0.375000
0 0.537500 0.357812 0.534375 0.360938 0.534375 0.365625 0.532813 0.368750 0.526563 0.375000 0.521875 0.376563 0.521875 0.382812 0.528125 0.395313 0.531250 0.398438 0.537500 0.401562 0.543750 0.401562 0.553125 0.410938 0.557813 0.414062 0.562500 0.412500 0.562500 0.382812 0.560937 0.375000 0.557813 0.368750 0.554688 0.364063 0.548438 0.357812
0 0.559375 0.442188 0.557813 0.445312 0.557813 0.453125 0.559375 0.457813 0.562500 0.460938 0.562500 0.470313 0.560937 0.482812 0.562500 0.485938 0.564063 0.487500 0.570312 0.490625 0.575000 0.492188 0.593750 0.492188 0.604688 0.500000 0.607812 0.501563 0.614062 0.501563 0.617188 0.500000 0.625000 0.490625 0.629687 0.489063 0.631250 0.478125 0.629687 0.475000 0.620313 0.465625 0.614062 0.462500 0.607812 0.460938 0.598437 0.456250 0.592187 0.450000 0.585938 0.446875 0.581250 0.445312 0.568750 0.445312 0.564063 0.442188
0 0.684375 0.465625 0.679688 0.460938 0.660937 0.460938 0.654687 0.462500 0.645312 0.465625 0.642188 0.468750 0.639062 0.468750 0.634375 0.471875 0.631250 0.475000 0.628125 0.485938 0.628125 0.490625 0.632812 0.493750 0.635938 0.495312 0.640625 0.495312 0.643750 0.493750 0.648438 0.489063 0.648438 0.487500 0.653125 0.482812 0.657813 0.481250 0.678125 0.473438 0.684375 0.471875
0 0.704688 0.446875 0.698438 0.453125 0.698438 0.465625 0.706250 0.476562 0.706250 0.479687 0.701562 0.485938 0.701562 0.492188 0.703125 0.496875 0.704688 0.500000 0.707812 0.503125 0.709375 0.503125 0.714063 0.507812 0.720313 0.512500 0.737500 0.518750 0.746875 0.518750 0.753125 0.515625 0.757812 0.510938 0.757812 0.509375 0.764062 0.503125 0.768750 0.495312 0.771875 0.489063 0.771875 0.481250 0.768750 0.471875 0.765625 0.467187 0.760938 0.462500 0.759375 0.457813 0.754687 0.451562 0.748437 0.445312 0.745313 0.443750 0.740625 0.442188 0.731250 0.442188 0.723437 0.446875 0.717187 0.446875 0.715625 0.445312 0.707812 0.445312
0 0.828125 0.410938 0.825000 0.414062 0.823438 0.420312 0.823438 0.431250 0.825000 0.439063 0.828125 0.448437 0.829688 0.451562 0.845313 0.468750 0.851562 0.475000 0.854688 0.476562 0.864062 0.479687 0.867188 0.478125 0.867188 0.473438 0.868750 0.470313 0.871875 0.467187 0.871875 0.457813 0.868750 0.453125 0.865625 0.450000 0.860938 0.446875 0.857812 0.445312 0.854688 0.445312 0.851562 0.443750 0.843750 0.435937 0.840625 0.428125 0.831250 0.418750 0.829688 0.415625
0 0.676562 0.476562 0.670312 0.482812 0.667188 0.484375 0.662500 0.484375 0.659375 0.485938 0.656250 0.489063 0.654687 0.493750 0.654687 0.500000 0.657813 0.506250 0.656250 0.510938 0.653125 0.512500 0.653125 0.514062 0.651563 0.517188 0.654687 0.525000 0.654687 0.534375 0.660937 0.545312 0.664062 0.546875 0.668750 0.546875 0.673438 0.548438 0.676562 0.550000 0.684375 0.557813 0.685937 0.560937 0.685937 0.570312 0.689063 0.573438 0.693750 0.573438 0.700000 0.570312 0.703125 0.564063 0.703125 0.559375 0.704688 0.556250 0.709375 0.551562 0.709375 0.546875 0.707812 0.540625 0.704688 0.535937 0.710938 0.529687 0.712500 0.529687 0.717187 0.525000 0.718750 0.520312 0.717187 0.512500 0.715625 0.509375 0.709375 0.503125 0.704688 0.501563 0.703125 0.500000 0.703125 0.498437 0.700000 0.495312 0.698438 0.492188 0.698438 0.489063 0.695312 0.484375 0.689063 0.478125 0.685937 0.476562
0 0.653125 0.546875 0.645312 0.554688 0.645312 0.567187 0.650000 0.573438 0.650000 0.576562 0.646875 0.579688 0.643750 0.579688 0.640625 0.582812 0.634375 0.584375 0.628125 0.587500 0.625000 0.592187 0.620313 0.606250 0.620313 0.615625 0.623437 0.623437 0.623437 0.634375 0.625000 0.639062 0.632812 0.646875 0.637500 0.648438 0.650000 0.648438 0.657813 0.651563 0.667188 0.657813 0.678125 0.657813 0.684375 0.654687 0.689063 0.650000 0.698438 0.653125 0.701562 0.654687 0.704688 0.657813 0.706250 0.662500 0.710938 0.667188 0.710938 0.668750 0.714063 0.671875 0.715625 0.671875 0.718750 0.675000 0.720313 0.678125 0.720313 0.681250 0.723437 0.685937 0.726562 0.687500 0.739062 0.687500 0.742188 0.684375 0.743750 0.684375 0.745313 0.675000 0.743750 0.670312 0.735938 0.653125 0.723437 0.642188 0.715625 0.632812 0.718750 0.629687 0.726562 0.626563 0.728125 0.615625 0.728125 0.606250 0.725000 0.592187 0.723437 0.589063 0.714063 0.579688 0.706250 0.575000 0.701562 0.573438 0.690625 0.573438 0.687500 0.570312 0.685937 0.567187 0.685937 0.562500 0.682813 0.556250 0.673438 0.548438 0.664062 0.546875
0 0.498437 0.507812 0.493750 0.510938 0.492188 0.514062 0.493750 0.528125 0.492188 0.532813 0.484375 0.534375 0.476562 0.542188 0.476562 0.550000 0.492188 0.565625 0.492188 0.568750 0.493750 0.571875 0.496875 0.575000 0.504687 0.576562 0.515625 0.575000 0.526563 0.568750 0.534375 0.568750 0.537500 0.565625 0.539062 0.560937 0.540625 0.553125 0.540625 0.545312 0.543750 0.537500 0.543750 0.531250 0.542188 0.529687 0.542188 0.521875 0.540625 0.517188 0.537500 0.514062 0.525000 0.512500 0.514062 0.506250 0.501563 0.506250
0 0.545312 0.540625 0.543750 0.543750 0.542188 0.553125 0.542188 0.564063 0.540625 0.567187 0.537500 0.570312 0.535937 0.575000 0.534375 0.585938 0.534375 0.596875 0.537500 0.603125 0.540625 0.606250 0.545312 0.607812 0.554688 0.614062 0.560937 0.620313 0.564063 0.621875 0.571875 0.621875 0.573438 0.618750 0.575000 0.607812 0.578125 0.609375 0.593750 0.626563 0.600000 0.626563 0.603125 0.621875 0.607812 0.620313 0.610938 0.617188 0.612500 0.614062 0.615625 0.604688 0.615625 0.598437 0.614062 0.595313 0.610938 0.592187 0.610938 0.584375 0.612500 0.582812 0.612500 0.576562 0.610938 0.571875 0.607812 0.567187 0.601562 0.560937 0.598437 0.559375 0.590625 0.559375 0.581250 0.556250 0.578125 0.554688 0.565625 0.543750 0.559375 0.540625 0.551562 0.539062 0.548438 0.539062
1 0.567187 0.540625 0.567187 0.545312 0.568750 0.548438 0.571875 0.551562 0.576562 0.554688 0.582812 0.557813 0.587500 0.559375 0.596875 0.557813 0.596875 0.543750 0.590625 0.537500 0.587500 0.535937 0.582812 0.534375 0.575000 0.534375 0.571875 0.535937
1 0.742188 0.631250 0.739062 0.634375 0.737500 0.639062 0.737500 0.642188 0.740625 0.648438 0.750000 0.657813 0.759375 0.657813 0.764062 0.653125 0.764062 0.640625 0.762500 0.637500 0.757812 0.632812 0.751563 0.629687 0.746875 0.629687
0 0.468750 0.603125 0.467187 0.606250 0.465625 0.612500 0.459375 0.614062 0.454688 0.618750 0.454688 0.631250 0.457813 0.637500 0.457813 0.650000 0.460938 0.656250 0.464062 0.659375 0.464062 0.660937 0.465625 0.662500 0.467187 0.662500 0.470313 0.665625 0.478125 0.668750 0.485938 0.676562 0.487500 0.679688 0.487500 0.684375 0.489063 0.687500 0.492188 0.690625 0.493750 0.695312 0.495312 0.696875 0.498437 0.698438 0.504687 0.700000 0.525000 0.700000 0.532813 0.698438 0.535937 0.696875 0.539062 0.693750 0.539062 0.678125 0.537500 0.673438 0.532813 0.664062 0.514062 0.645312 0.504687 0.632812 0.503125 0.629687 0.503125 0.623437 0.500000 0.617188 0.495312 0.612500 0.493750 0.612500 0.490625 0.609375 0.490625 0.607812 0.489063 0.606250 0.479687 0.601562 0.471875 0.601562
0 0.607812 0.651563 0.604688 0.654687 0.603125 0.657813 0.601562 0.662500 0.601562 0.668750 0.595313 0.679688 0.595313 0.689063 0.596875 0.692187 0.601562 0.698438 0.603125 0.704688 0.612500 0.714063 0.615625 0.715625 0.620313 0.715625 0.621875 0.717187 0.625000 0.717187 0.632812 0.715625 0.635938 0.717187 0.639062 0.720313 0.643750 0.721875 0.646875 0.721875 0.650000 0.720313 0.659375 0.712500 0.662500 0.706250 0.662500 0.698438 0.664062 0.695312 0.667188 0.692187 0.671875 0.690625 0.673438 0.684375 0.671875 0.675000 0.670312 0.668750 0.667188 0.664062 0.662500 0.659375 0.660937 0.654687 0.651563 0.650000 0.634375 0.651563 0.623437 0.648438 0.618750 0.648438
0 0.789062 0.629687 0.789062 0.646875 0.792188 0.653125 0.795312 0.654687 0.803125 0.654687 0.809375 0.650000 0.820312 0.650000 0.821875 0.646875 0.826562 0.646875 0.843750 0.651563 0.857812 0.651563 0.860938 0.650000 0.864062 0.646875 0.865625 0.643750 0.867188 0.639062 0.868750 0.628125 0.873437 0.626563 0.876563 0.623437 0.876563 0.617188 0.875000 0.614062 0.871875 0.609375 0.868750 0.606250 0.864062 0.604688 0.859375 0.600000 0.856250 0.598437 0.823438 0.598437 0.818750 0.600000 0.815625 0.601562 0.812500 0.607812 0.812500 0.614062 0.809375 0.617188 0.795312 0.623437
0 0.771875 0.575000 0.771875 0.582812 0.775000 0.589063 0.778125 0.592187 0.785937 0.598437 0.790625 0.601562 0.793750 0.603125 0.798438 0.604688 0.809375 0.604688 0.814063 0.600000 0.821875 0.595313 0.831250 0.593750 0.843750 0.593750 0.853125 0.590625 0.853125 0.585938 0.842187 0.556250 0.839063 0.550000 0.835938 0.546875 0.832812 0.545312 0.818750 0.545312 0.814063 0.542188 0.809375 0.540625 0.795312 0.540625 0.789062 0.542188 0.785937 0.543750 0.784375 0.546875 0.785937 0.559375 0.773438 0.571875
0 0.945578 0.463063 0.936562 0.457437 0.918750 0.484375 0.915625 0.482812 0.910937 0.478125 0.907813 0.476562 0.903125 0.476562 0.898438 0.478125 0.895312 0.481250 0.892188 0.487500 0.892188 0.495312 0.890625 0.498437 0.884375 0.504687 0.871875 0.504687 0.868750 0.506250 0.864062 0.509375 0.856250 0.517188 0.846875 0.523438 0.840625 0.525000 0.835938 0.528125 0.837500 0.534375 0.851562 0.537500 0.857812 0.537500 0.868750 0.535937 0.873437 0.539062 0.878125 0.537500 0.884375 0.539062 0.892188 0.542188 0.903125 0.548438 0.910937 0.548438 0.918750 0.543750 0.926562 0.535937 0.928125 0.532813 0.928125 0.528125 0.932813 0.525000 0.934375 0.520312 0.932813 0.515625 0.928125 0.506250 0.924625 0.498359
0 0.837500 0.535937 0.835938 0.543750 0.843750 0.551562 0.846875 0.557813 0.848437 0.562500 0.848437 0.567187 0.851562 0.571875 0.851562 0.576562 0.853125 0.581250 0.859375 0.587500 0.860938 0.592187 0.862500 0.600000 0.864062 0.600000 0.867188 0.603125 0.876563 0.603125 0.881250 0.601562 0.884375 0.598437 0.887500 0.592187 0.892188 0.587500 0.898438 0.584375 0.906250 0.582812 0.909375 0.579688 0.921875 0.575000 0.928125 0.575000 0.929688 0.571875 0.928125 0.568750 0.925000 0.565625 0.917188 0.562500 0.914062 0.559375 0.912500 0.554688 0.907813 0.550000 0.900000 0.548438 0.893750 0.543750 0.881250 0.540625 0.875000 0.540625 0.871875 0.537500 0.870313 0.532813 0.854688 0.531250 0.843750 0.532813 0.840625 0.535937
0 0.721875 0.754687 0.718750 0.748437 0.715625 0.745313 0.714063 0.745313 0.709375 0.740625 0.707812 0.734375 0.704688 0.732812 0.700000 0.731250 0.690625 0.731250 0.687500 0.732812 0.684375 0.735938 0.684375 0.739062 0.681250 0.742188 0.675000 0.745313 0.664062 0.750000 0.660937 0.753125 0.660937 0.754687 0.651563 0.765625 0.650000 0.770312 0.651563 0.773438 0.656250 0.778125 0.670312 0.778125 0.675000 0.781250 0.678125 0.781250 0.681250 0.782813 0.687500 0.779687 0.690625 0.776563 0.692187 0.773438 0.692187 0.768750 0.695312 0.765625 0.700000 0.764062 0.709375 0.768750 0.718750 0.768750 0.721875 0.765625
0 0.676562 0.798438 0.673438 0.795312 0.668750 0.793750 0.659375 0.793750 0.654687 0.796875 0.648438 0.798438 0.625000 0.796875 0.615625 0.796875 0.614062 0.798438 0.604688 0.798438 0.598437 0.795312 0.595313 0.795312 0.593750 0.804688 0.593750 0.807813 0.596875 0.814063 0.604688 0.820312 0.606250 0.825000 0.607812 0.826562 0.610938 0.828125 0.617188 0.829688 0.654687 0.829688 0.660937 0.825000 0.668750 0.823438 0.671875 0.820312 0.673438 0.807813 0.676562 0.803125
0 0.523438 0.767188 0.521875 0.770312 0.525000 0.775000 0.525000 0.782813 0.523438 0.784375 0.523438 0.792188 0.525000 0.795312 0.528125 0.800000 0.540625 0.810937 0.546875 0.818750 0.551562 0.821875 0.554688 0.823438 0.559375 0.825000 0.568750 0.825000 0.584375 0.823438 0.587500 0.820312 0.589063 0.820312 0.590625 0.818750 0.593750 0.812500 0.592187 0.804688 0.593750 0.793750 0.592187 0.790625 0.590625 0.789062 0.589063 0.789062 0.585938 0.787500 0.576562 0.792188 0.570312 0.796875 0.567187 0.798438 0.562500 0.796875 0.562500 0.793750 0.573438 0.782813 0.575000 0.779687 0.575000 0.775000 0.573438 0.771875 0.570312 0.768750 0.567187 0.767188 0.562500 0.765625 0.554688 0.764062 0.551562 0.764062 0.542188 0.765625 0.528125 0.764062 0.525000 0.765625
0 0.476562 0.704688 0.475000 0.707812 0.475000 0.714063 0.471875 0.717187 0.470313 0.720313 0.470313 0.723437 0.473438 0.729688 0.478125 0.734375 0.481250 0.739062 0.481250 0.748437 0.496875 0.764062 0.501563 0.767188 0.509375 0.768750 0.515625 0.767188 0.521875 0.764062 0.526563 0.759375 0.528125 0.754687 0.532813 0.754687 0.535937 0.753125 0.535937 0.743750 0.539062 0.735938 0.539062 0.729688 0.529687 0.720313 0.525000 0.710938 0.520312 0.706250 0.515625 0.704688 0.498437 0.701562 0.495312 0.703125 0.490625 0.704688
0 0.793750 0.396875 0.789062 0.392188 0.784375 0.392188 0.778125 0.393750 0.771875 0.396875 0.768750 0.400000 0.765625 0.406250 0.765625 0.410938 0.770312 0.415625 0.773438 0.417187 0.793750 0.414062 0.789062 0.407813 0.790625 0.404687 0.793750 0.400000
0 0.368750 0.037500 0.365625 0.040625 0.364063 0.043750 0.364063 0.046875 0.365625 0.064062 0.368750 0.073438 0.373437 0.078125 0.381250 0.076563 0.381250 0.073438 0.379688 0.070312 0.376563 0.067187 0.376563 0.062500 0.378125 0.037500