0 0.204687 0.006250 0.204687 0.010937 0.210938 0.010937 0.214062 0.014063 0.215625 0.018750 0.217188 0.020313 0.220312 0.021875 0.226562 0.020313 0.231250 0.023438 0.248438 0.023438 0.251563 0.021875 0.257812 0.015625 0.264062 0.012500 0.260937 0.009375 0.260937 0.006250 0.264062 0.000000 0.206250 0.001563
0 0.290625 0.000000 0.290625 0.007812 0.293750 0.010937 0.298438 0.012500 0.304688 0.012500 0.309375 0.015625 0.328125 0.017188 0.335938 0.017188 0.339062 0.015625 0.342187 0.009375 0.342187 0.000000
0 0.290625 0.010937 0.284375 0.012500 0.278125 0.015625 0.265625 0.028125 0.265625 0.054688 0.268750 0.060937 0.270313 0.062500 0.275000 0.064062 0.278125 0.067187 0.279687 0.070312 0.281250 0.075000 0.284375 0.076563 0.290625 0.076563 0.296875 0.073438 0.304688 0.065625 0.309375 0.064062 0.314063 0.060937 0.317188 0.056250 0.317188 0.042188 0.315625 0.031250 0.314063 0.028125 0.309375 0.020313 0.304688 0.015625 0.298438 0.015625
0 0.232813 0.026562 0.229687 0.029687 0.231250 0.046875 0.231250 0.050000 0.228125 0.054688 0.226562 0.059375 0.231250 0.060937 0.234375 0.064062 0.237500 0.068750 0.239063 0.081250 0.242188 0.082812 0.250000 0.081250 0.253125 0.081250 0.257812 0.085938 0.264062 0.084375 0.265625 0.081250 0.265625 0.070312 0.268750 0.067187 0.268750 0.062500 0.265625 0.057813 0.265625 0.043750 0.264062 0.035937 0.262500 0.032813 0.256250 0.026562 0.250000 0.023438 0.240625 0.023438 0.235937 0.025000
0 0.595313 0.004687 0.590625 0.007812 0.567187 0.007812 0.559375 0.014063 0.557813 0.015625 0.556250 0.018750 0.554688 0.040625 0.554688 0.051562 0.557813 0.054688 0.562500 0.056250 0.567187 0.056250 0.570312 0.057813 0.571875 0.062500 0.573438 0.065625 0.576562 0.068750 0.581250 0.068750 0.584375 0.067187 0.589063 0.062500 0.589063 0.059375 0.593750 0.054688 0.600000 0.054688 0.603125 0.053125 0.606250 0.046875 0.606250 0.032813 0.604688 0.017188 0.603125 0.012500
0 0.626563 0.035937 0.623437 0.037500 0.620313 0.040625 0.617188 0.042188 0.614062 0.042188 0.610938 0.043750 0.606250 0.048438 0.604688 0.051562 0.604688 0.059375 0.606250 0.073438 0.607812 0.079687 0.612500 0.084375 0.617188 0.085938 0.626563 0.085938 0.629687 0.089063 0.629687 0.090625 0.634375 0.095312 0.637500 0.096875 0.643750 0.096875 0.646875 0.095312 0.650000 0.090625 0.651563 0.079687 0.654687 0.076563 0.656250 0.073438 0.656250 0.065625 0.643750 0.053125 0.642188 0.050000 0.642188 0.046875 0.639062 0.040625 0.635938 0.037500 0.632812 0.035937
0 0.659375 0.000000 0.653125 0.010937 0.651563 0.015625 0.651563 0.020313 0.653125 0.021875 0.653125 0.028125 0.657813 0.035937 0.657813 0.040625 0.660937 0.046875 0.670312 0.046875 0.678125 0.048438 0.681250 0.050000 0.684375 0.053125 0.687500 0.054688 0.693750 0.054688 0.696875 0.053125 0.701562 0.050000 0.704688 0.043750 0.704688 0.039062 0.706250 0.035937 0.712500 0.031250 0.714063 0.029687 0.714063 0.028125 0.717187 0.025000 0.717187 0.017188 0.714063 0.014063 0.714063 0.012500 0.712500 0.010937 0.710938 0.010937 0.709375 0.009375 0.704688 0.000000
0 0.751563 0.035937 0.746875 0.035937 0.737500 0.037500 0.731250 0.039062 0.726562 0.042188 0.721875 0.046875 0.718750 0.053125 0.720313 0.060937 0.718750 0.062500 0.720313 0.068750 0.721875 0.071875 0.725000 0.075000 0.728125 0.076563 0.745313 0.076563 0.750000 0.071875 0.751563 0.068750 0.754687 0.048438 0.754687 0.039062
0 0.662500 0.100000 0.645312 0.098437 0.640625 0.101562 0.623437 0.101562 0.620313 0.104688 0.617188 0.104688 0.614062 0.106250 0.612500 0.109375 0.612500 0.120313 0.610938 0.125000 0.606250 0.131250 0.606250 0.139063 0.607812 0.142187 0.610938 0.145313 0.614062 0.146875 0.620313 0.148438 0.629687 0.146875 0.632812 0.148438 0.634375 0.153125 0.639062 0.157812 0.643750 0.159375 0.646875 0.159375 0.650000 0.157812 0.654687 0.153125 0.657813 0.151562 0.662500 0.151562 0.665625 0.150000 0.670312 0.145313 0.671875 0.137500 0.670312 0.126562 0.676562 0.121875 0.676562 0.118750 0.671875 0.114062 0.670312 0.114062 0.665625 0.109375 0.665625 0.103125
0 0.384375 0.492188 0.384375 0.503125 0.387500 0.509375 0.389062 0.510938 0.390625 0.510938 0.393750 0.514062 0.403125 0.514062 0.417187 0.518750 0.431250 0.518750 0.434375 0.515625 0.439063 0.514062 0.442188 0.504687 0.442188 0.490625 0.439063 0.484375 0.437500 0.482812 0.431250 0.479687 0.420312 0.475000 0.407813 0.475000 0.395313 0.481250 0.390625 0.484375 0.385937 0.489063
0 0.396875 0.515625 0.393750 0.518750 0.393750 0.526563 0.396875 0.531250 0.396875 0.535937 0.393750 0.539062 0.392188 0.542188 0.392188 0.545312 0.395313 0.548438 0.404687 0.556250 0.409375 0.557813 0.414062 0.562500 0.414062 0.564063 0.417187 0.567187 0.428125 0.565625 0.429688 0.562500 0.429688 0.550000 0.426563 0.535937 0.426563 0.532813 0.428125 0.531250 0.426563 0.526563 0.420312 0.521875 0.420312 0.518750 0.417187 0.515625 0.414062 0.514062 0.410938 0.514062 0.403125 0.515625 0.400000 0.514062
0 0.470313 0.489063 0.468750 0.492188 0.467187 0.500000 0.468750 0.504687 0.473438 0.510938 0.475000 0.512500 0.481250 0.517188 0.489063 0.520312 0.492188 0.521875 0.493750 0.525000 0.500000 0.526563 0.506250 0.529687 0.512500 0.528125 0.520312 0.526563 0.520312 0.523438 0.525000 0.512500 0.523438 0.496875 0.504687 0.496875 0.496875 0.493750 0.493750 0.492188 0.485938 0.485938 0.478125 0.484375 0.473438 0.485938
0 0.450000 0.493750 0.445312 0.498437 0.443750 0.501563 0.442188 0.507812 0.442188 0.517188 0.434375 0.537500 0.431250 0.540625 0.431250 0.550000 0.446875 0.565625 0.450000 0.567187 0.457813 0.567187 0.464062 0.560937 0.467187 0.559375 0.475000 0.559375 0.476562 0.556250 0.476562 0.553125 0.479687 0.548438 0.479687 0.545312 0.476562 0.540625 0.476562 0.534375 0.473438 0.529687 0.471875 0.525000 0.471875 0.514062 0.470313 0.509375 0.465625 0.503125 0.465625 0.500000 0.462500 0.496875 0.456250 0.493750
0 0.525000 0.531250 0.521875 0.529687 0.515625 0.529687 0.493750 0.535937 0.490625 0.539062 0.490625 0.540625 0.485938 0.545312 0.476562 0.559375 0.476562 0.567187 0.481250 0.578125 0.481250 0.584375 0.482812 0.587500 0.485938 0.589063 0.492188 0.589063 0.498437 0.593750 0.506250 0.592187 0.509375 0.595313 0.514062 0.592187 0.535937 0.587500 0.539062 0.584375 0.545312 0.570312 0.545312 0.567187 0.546875 0.564063 0.545312 0.557813 0.543750 0.553125 0.539062 0.548438 0.537500 0.548438 0.531250 0.542188 0.531250 0.539062 0.529687 0.535937
0 0.550000 0.596875 0.543750 0.590625 0.540625 0.589063 0.535937 0.587500 0.531250 0.587500 0.504687 0.589063 0.498437 0.592187 0.496875 0.596875 0.496875 0.607812 0.501563 0.610938 0.503125 0.615625 0.504687 0.615625 0.507812 0.618750 0.514062 0.618750 0.517188 0.615625 0.520312 0.620313 0.526563 0.620313 0.537500 0.615625 0.542188 0.612500 0.548438 0.606250 0.550000 0.601562
0 0.634375 0.356250 0.629687 0.356250 0.625000 0.362500 0.621875 0.364063 0.615625 0.359375 0.604688 0.360938 0.606250 0.375000 0.606250 0.379688 0.603125 0.382812 0.596875 0.382812 0.596875 0.385937 0.601562 0.398438 0.603125 0.414062 0.600000 0.418750 0.598437 0.423438 0.601562 0.425000 0.603125 0.426563 0.609375 0.426563 0.612500 0.425000 0.617188 0.420312 0.625000 0.410938 0.625000 0.406250 0.626563 0.403125 0.629687 0.400000 0.631250 0.396875 0.632812 0.392188 0.632812 0.376563 0.635938 0.371875
0 0.681250 0.346875 0.678125 0.345313 0.673438 0.343750 0.657813 0.345313 0.650000 0.348438 0.645312 0.353125 0.645312 0.364063 0.635938 0.371875 0.632812 0.379688 0.632812 0.385937 0.634375 0.393750 0.635938 0.396875 0.639062 0.396875 0.640625 0.398438 0.651563 0.398438 0.654687 0.396875 0.665625 0.387500 0.671875 0.381250 0.682813 0.368750 0.684375 0.359375 0.684375 0.351562 0.682813 0.348438
0 0.681250 0.396875 0.678125 0.400000 0.678125 0.403125 0.670312 0.410938 0.670312 0.418750 0.671875 0.420312 0.671875 0.426563 0.670312 0.442188 0.673438 0.445312 0.678125 0.446875 0.685937 0.454688 0.690625 0.462500 0.693750 0.464062 0.696875 0.462500 0.703125 0.457813 0.710938 0.451562 0.714063 0.448437 0.717187 0.442188 0.717187 0.432812 0.714063 0.426563 0.714063 0.418750 0.712500 0.414062 0.707812 0.409375 0.704688 0.407813 0.690625 0.406250 0.684375 0.398438
0 0.625000 0.425000 0.620313 0.429688 0.618750 0.435937 0.620313 0.445312 0.621875 0.450000 0.625000 0.453125 0.634375 0.457813 0.643750 0.459375 0.653125 0.464062 0.656250 0.467187 0.656250 0.470313 0.659375 0.468750 0.660937 0.465625 0.659375 0.460938 0.660937 0.457813 0.665625 0.451562 0.668750 0.446875 0.668750 0.437500 0.667188 0.429688 0.662500 0.425000 0.657813 0.421875 0.654687 0.420312 0.643750 0.420312 0.639062 0.417187 0.632812 0.421875
0 0.729688 0.446875 0.721875 0.446875 0.709375 0.451562 0.704688 0.456250 0.700000 0.457813 0.693750 0.462500 0.692187 0.467187 0.695312 0.471875 0.695312 0.476562 0.692187 0.479687 0.690625 0.484375 0.689063 0.493750 0.692187 0.501563 0.692187 0.509375 0.693750 0.512500 0.696875 0.515625 0.704688 0.521875 0.732812 0.521875 0.739062 0.515625 0.746875 0.510938 0.746875 0.507812 0.748437 0.506250 0.750000 0.500000 0.750000 0.487500 0.745313 0.479687 0.745313 0.468750 0.743750 0.465625 0.740625 0.462500 0.739062 0.456250 0.737500 0.453125 0.732812 0.448437
0 0.606250 0.439063 0.600000 0.439063 0.596875 0.442188 0.596875 0.443750 0.592187 0.446875 0.592187 0.450000 0.593750 0.451562 0.593750 0.454688 0.592187 0.457813 0.589063 0.460938 0.587500 0.464062 0.587500 0.468750 0.592187 0.475000 0.587500 0.481250 0.587500 0.484375 0.590625 0.487500 0.596875 0.487500 0.604688 0.482812 0.621875 0.482812 0.625000 0.479687 0.626563 0.475000 0.626563 0.470313 0.628125 0.468750 0.628125 0.465625 0.625000 0.459375 0.620313 0.451562 0.617188 0.451562 0.614062 0.450000 0.612500 0.448437 0.609375 0.440625
0 0.606250 0.489063 0.600000 0.493750 0.595313 0.493750 0.592187 0.496875 0.590625 0.500000 0.590625 0.509375 0.592187 0.515625 0.595313 0.521875 0.595313 0.529687 0.596875 0.534375 0.598437 0.537500 0.600000 0.539062 0.601562 0.539062 0.604688 0.542188 0.606250 0.542188 0.607812 0.543750 0.609375 0.546875 0.610938 0.551562 0.614062 0.554688 0.617188 0.556250 0.621875 0.557813 0.626563 0.557813 0.639062 0.545312 0.640625 0.540625 0.645312 0.535937 0.646875 0.532813 0.646875 0.529687 0.645312 0.510938 0.640625 0.509375 0.639062 0.501563 0.637500 0.498437 0.635938 0.496875 0.634375 0.496875 0.631250 0.493750 0.626563 0.493750 0.623437 0.490625 0.614062 0.489063
0 0.639062 0.459375 0.632812 0.465625 0.634375 0.471875 0.629687 0.473438 0.629687 0.481250 0.625000 0.485938 0.629687 0.492188 0.629687 0.496875 0.634375 0.501563 0.637500 0.507812 0.637500 0.517188 0.639062 0.520312 0.643750 0.523438 0.643750 0.526563 0.646875 0.534375 0.650000 0.532813 0.659375 0.521875 0.665625 0.518750 0.670312 0.514062 0.671875 0.509375 0.671875 0.504687 0.670312 0.503125 0.668750 0.495312 0.668750 0.485938 0.667188 0.482812 0.664062 0.478125 0.657813 0.470313 0.651563 0.468750 0.643750 0.465625 0.639062 0.462500
0 0.675000 0.512500 0.671875 0.515625 0.664062 0.525000 0.660937 0.531250 0.659375 0.535937 0.659375 0.542188 0.653125 0.548438 0.654687 0.553125 0.657813 0.553125 0.665625 0.562500 0.668750 0.564063 0.673438 0.560937 0.678125 0.564063 0.684375 0.567187 0.696875 0.567187 0.701562 0.559375 0.704688 0.556250 0.706250 0.556250 0.710938 0.551562 0.710938 0.548438 0.706250 0.540625 0.704688 0.529687 0.701562 0.523438 0.692187 0.514062 0.689063 0.512500 0.682813 0.510938
0 0.700000 0.560937 0.687500 0.562500 0.675000 0.560937 0.671875 0.557813 0.671875 0.556250 0.668750 0.553125 0.660937 0.551562 0.653125 0.551562 0.648438 0.554688 0.645312 0.557813 0.643750 0.565625 0.645312 0.571875 0.646875 0.576562 0.648438 0.579688 0.651563 0.582812 0.653125 0.587500 0.645312 0.593750 0.643750 0.598437 0.653125 0.617188 0.660937 0.618750 0.668750 0.610938 0.670312 0.601562 0.671875 0.596875 0.673438 0.593750 0.675000 0.592187 0.678125 0.590625 0.681250 0.590625 0.684375 0.593750 0.684375 0.595313 0.689063 0.600000 0.692187 0.601562 0.696875 0.600000 0.698438 0.592187 0.703125 0.589063 0.706250 0.582812 0.706250 0.576562 0.704688 0.573438 0.701562 0.570312
0 0.779687 0.365625 0.776563 0.368750 0.773438 0.375000 0.771875 0.379688 0.771875 0.396875 0.775000 0.401562 0.793750 0.420312 0.800000 0.420312 0.810937 0.410938 0.814063 0.407813 0.814063 0.398438 0.817187 0.393750 0.817187 0.387500 0.815625 0.384375 0.812500 0.379688 0.806250 0.373437 0.804688 0.368750 0.803125 0.367188 0.800000 0.365625
0 0.817187 0.409375 0.814063 0.410938 0.810937 0.410938 0.806250 0.414062 0.803125 0.420312 0.801562 0.428125 0.800000 0.432812 0.795312 0.439063 0.793750 0.442188 0.792188 0.451562 0.792188 0.460938 0.800000 0.468750 0.801562 0.473438 0.809375 0.481250 0.814063 0.484375 0.818750 0.485938 0.825000 0.485938 0.829688 0.484375 0.832812 0.482812 0.845313 0.475000 0.856250 0.464062 0.857812 0.460938 0.857812 0.453125 0.854688 0.448437 0.854688 0.445312 0.856250 0.428125 0.854688 0.425000 0.851562 0.421875 0.846875 0.418750 0.837500 0.414062 0.834375 0.414062 0.826562 0.415625 0.823438 0.414062 0.820312 0.410938
0 0.867188 0.482812 0.862500 0.482812 0.857812 0.484375 0.850000 0.487500 0.846875 0.489063 0.843750 0.492188 0.840625 0.496875 0.835938 0.509375 0.834375 0.515625 0.835938 0.525000 0.840625 0.526563 0.845313 0.525000 0.848437 0.526563 0.851562 0.531250 0.853125 0.532813 0.856250 0.534375 0.859375 0.534375 0.862500 0.532813 0.871875 0.525000 0.875000 0.521875 0.875000 0.517188 0.876563 0.512500 0.879687 0.509375 0.878125 0.498437 0.878125 0.493750 0.881250 0.492188 0.879687 0.487500 0.876563 0.485938 0.871875 0.485938
0 0.798438 0.589063 0.798438 0.606250 0.806250 0.614062 0.818750 0.615625 0.823438 0.610938 0.826562 0.610938 0.829688 0.607812 0.834375 0.601562 0.837500 0.601562 0.840625 0.598437 0.840625 0.593750 0.839063 0.590625 0.834375 0.585938 0.828125 0.582812 0.806250 0.582812 0.800000 0.585938
0 0.842187 0.528125 0.826562 0.525000 0.818750 0.531250 0.814063 0.531250 0.810937 0.532813 0.809375 0.543750 0.806250 0.550000 0.801562 0.554688 0.801562 0.565625 0.798438 0.575000 0.803125 0.579688 0.807813 0.581250 0.814063 0.584375 0.825000 0.582812 0.828125 0.581250 0.834375 0.576562 0.837500 0.571875 0.840625 0.570312 0.843750 0.570312 0.846875 0.568750 0.850000 0.565625 0.851562 0.560937 0.851562 0.551562 0.853125 0.550000 0.853125 0.542188 0.851562 0.539062 0.846875 0.532813
0 0.723437 0.560937 0.714063 0.570312 0.710938 0.576562 0.706250 0.587500 0.704688 0.592187 0.704688 0.598437 0.706250 0.601562 0.710938 0.606250 0.717187 0.609375 0.723437 0.610938 0.732812 0.610938 0.739062 0.614062 0.745313 0.610938 0.754687 0.614062 0.760938 0.614062 0.764062 0.610938 0.765625 0.607812 0.767188 0.596875 0.765625 0.593750 0.760938 0.592187 0.751563 0.587500 0.748437 0.584375 0.746875 0.579688 0.742188 0.579688 0.737500 0.576562 0.732812 0.571875 0.731250 0.567187 0.726562 0.562500
0 0.731484 0.529359 0.731484 0.528484 0.732531 0.519734 0.738484 0.511516 0.746703 0.509578 0.758953 0.516234 0.759484 0.526203 0.756328 0.531813 0.753875 0.534078 0.752656 0.534953 0.751781 0.536891 0.751609 0.543016 0.749500 0.547031 0.746703 0.550531 0.745125 0.550188 0.743547 0.551937 0.741797 0.557188 0.738297 0.560688 0.730422 0.560688 0.723422 0.557188 0.719234 0.552641 0.717828 0.541438 0.722031 0.535484 0.726750 0.533734
0 0.791500 0.576250 0.785203 0.581328 0.779609 0.585875 0.770328 0.589906 0.760172 0.586234 0.745828 0.576438 0.740578 0.567688 0.737609 0.556484 0.743547 0.539328 0.753531 0.528656 0.756500 0.525156 0.764375 0.522359 0.768406 0.519391 0.778906 0.515016 0.801469 0.515703 0.810219 0.523766 0.812672 0.534078 0.809531 0.546156 0.803406 0.554734 0.797094 0.561203 0.793594 0.568203
0 0.704688 0.628125 0.701562 0.629687 0.701562 0.632812 0.696875 0.637500 0.692187 0.639062 0.689063 0.642188 0.689063 0.646875 0.692187 0.650000 0.693750 0.653125 0.692187 0.656250 0.687500 0.660937 0.685937 0.664062 0.685937 0.670312 0.687500 0.673438 0.696875 0.678125 0.700000 0.681250 0.706250 0.690625 0.706250 0.692187 0.714063 0.693750 0.717187 0.690625 0.720313 0.684375 0.721875 0.678125 0.721875 0.667188 0.725000 0.659375 0.725000 0.643750 0.723437 0.640625 0.718750 0.635938 0.715625 0.634375 0.712500 0.634375
0 0.684375 0.671875 0.681250 0.673438 0.678125 0.676562 0.676562 0.676562 0.675000 0.678125 0.673438 0.681250 0.675000 0.687500 0.676562 0.692187 0.681250 0.700000 0.676562 0.709375 0.676562 0.714063 0.678125 0.718750 0.681250 0.723437 0.684375 0.725000 0.689063 0.726562 0.695312 0.726562 0.696875 0.729688 0.700000 0.731250 0.706250 0.725000 0.709375 0.718750 0.712500 0.715625 0.714063 0.715625 0.715625 0.714063 0.717187 0.710938 0.717187 0.704688 0.715625 0.700000 0.703125 0.687500 0.703125 0.684375 0.701562 0.681250 0.698438 0.678125 0.689063 0.673438
0 0.764062 0.731250 0.764062 0.739062 0.768750 0.743750 0.773438 0.745313 0.778125 0.745313 0.785937 0.753125 0.792188 0.753125 0.795312 0.751563 0.800000 0.746875 0.800000 0.745313 0.806250 0.737500 0.809375 0.734375 0.814063 0.734375 0.815625 0.735938 0.818750 0.735938 0.815625 0.734375 0.814063 0.731250 0.806250 0.725000 0.803125 0.723437 0.798438 0.721875 0.785937 0.721875 0.776563 0.723437 0.771875 0.725000 0.765625 0.728125
0 0.714063 0.985938 0.706250 0.975000 0.704688 0.965625 0.700000 0.960938 0.687500 0.960938 0.682813 0.962500 0.675000 0.967187 0.668750 0.967187 0.664062 0.968750 0.660937 0.970313 0.656250 0.975000 0.654687 0.978125 0.653125 0.982812 0.654687 0.985938 0.657813 0.989062 0.659375 0.992188 0.659375 0.998437 0.714063 0.998437
1 0.609375 0.939063 0.606250 0.942187 0.604688 0.945312 0.604688 0.951562 0.606250 0.953125 0.607812 0.962500 0.618750 0.962500 0.623437 0.960938 0.626563 0.957812 0.628125 0.954688 0.628125 0.945312 0.626563 0.942187 0.623437 0.939063 0.618750 0.937500 0.612500 0.937500
1 0.646875 0.889062 0.645312 0.892188 0.645312 0.898438 0.646875 0.901563 0.650000 0.904687 0.653125 0.906250 0.660937 0.906250 0.662500 0.904687 0.665625 0.904687 0.667188 0.901563 0.667188 0.895312 0.662500 0.890625 0.659375 0.889062
1 0.650000 0.926562 0.646875 0.925000 0.643750 0.925000 0.639062 0.926562 0.635938 0.928125 0.634375 0.929688 0.632812 0.932813 0.632812 0.937500 0.635938 0.940625 0.645312 0.940625 0.648438 0.937500 0.650000 0.932813
1 0.648438 0.945312 0.645312 0.946875 0.643750 0.951562 0.643750 0.956250 0.645312 0.960938 0.653125 0.960938 0.656250 0.957812 0.657813 0.954688 0.657813 0.950000 0.656250 0.946875 0.653125 0.945312
1 0.682813 0.934375 0.679688 0.935937 0.678125 0.939063 0.679688 0.943750 0.681250 0.946875 0.684375 0.950000 0.687500 0.951562 0.693750 0.945312 0.693750 0.939063 0.692187 0.935937 0.689063 0.934375
0 0.771875 0.407813 0.768750 0.432812 0.768750 0.439063 0.771875 0.445312 0.778125 0.451562 0.781250 0.456250 0.781250 0.457813 0.787500 0.457813 0.787500 0.454688 0.790625 0.450000 0.790625 0.445312 0.793750 0.437500 0.801562 0.423438 0.795312 0.421875 0.781250 0.409375 0.776563 0.410938
1 0.642188 0.968750 0.639062 0.970313 0.634375 0.975000 0.634375 0.984375 0.635938 0.987500 0.645312 0.989062 0.648438 0.987500 0.650000 0.985938 0.651563 0.982812 0.651563 0.975000 0.650000 0.971875 0.648438 0.970313 0.645312 0.968750