0 0.393750 0.514062 0.390625 0.515625 0.384375 0.521875 0.382812 0.525000 0.382812 0.535937 0.379688 0.540625 0.379688 0.553125 0.381250 0.557813 0.382812 0.560937 0.390625 0.568750 0.398438 0.581250 0.401562 0.584375 0.412500 0.582812 0.412500 0.581250 0.415625 0.578125 0.418750 0.576562 0.425000 0.576562 0.431250 0.573438 0.431250 0.565625 0.432812 0.560937 0.439063 0.550000 0.439063 0.546875 0.437500 0.542188 0.429688 0.534375 0.429688 0.531250 0.431250 0.529687 0.431250 0.526563 0.429688 0.523438 0.425000 0.518750 0.420312 0.517188 0.409375 0.518750 0.406250 0.518750 0.398438 0.514062
0 0.431250 0.573438 0.425000 0.576562 0.420312 0.578125 0.414062 0.584375 0.412500 0.587500 0.410938 0.603125 0.412500 0.609375 0.414062 0.612500 0.423438 0.621875 0.435937 0.628125 0.446875 0.628125 0.451562 0.621875 0.451562 0.614062 0.448437 0.607812 0.448437 0.604688 0.451562 0.595313 0.450000 0.589063 0.445312 0.584375 0.440625 0.582812 0.437500 0.579688 0.435937 0.575000
0 0.379688 0.634375 0.378125 0.653125 0.378125 0.657813 0.379688 0.662500 0.382812 0.665625 0.385937 0.667188 0.400000 0.668750 0.403125 0.668750 0.409375 0.665625 0.420312 0.664062 0.426563 0.665625 0.426563 0.662500 0.428125 0.659375 0.429688 0.657813 0.435937 0.653125 0.435937 0.642188 0.434375 0.639062 0.425000 0.629687 0.425000 0.626563 0.418750 0.620313 0.415625 0.618750 0.401562 0.618750 0.398438 0.620313 0.390625 0.625000 0.384375 0.629687
0 0.352187 0.570219 0.347500 0.573344 0.345938 0.576469 0.345938 0.581156 0.344375 0.585844 0.342813 0.588969 0.338125 0.592094 0.335000 0.596781 0.333437 0.601469 0.333437 0.604594 0.347500 0.618656 0.347500 0.623344 0.350625 0.629594 0.353750 0.632719 0.360000 0.635844 0.364687 0.635844 0.375625 0.634281 0.380312 0.632719 0.392813 0.624906 0.394375 0.607719 0.399062 0.601469 0.399062 0.598344 0.400625 0.595219 0.399062 0.588969 0.397500 0.585844 0.392813 0.581156 0.389688 0.579594 0.380312 0.578031 0.375625 0.576469 0.372500 0.574906 0.367812 0.570219 0.364687 0.568656 0.360000 0.568656 0.358438 0.570219
0 0.303125 0.525000 0.298438 0.529687 0.296875 0.534375 0.295312 0.535937 0.292187 0.537500 0.279687 0.537500 0.276562 0.539062 0.273438 0.545312 0.273438 0.551562 0.275000 0.556250 0.278125 0.559375 0.278125 0.562500 0.275000 0.567187 0.275000 0.571875 0.276562 0.576562 0.281250 0.581250 0.284375 0.582812 0.298438 0.582812 0.306250 0.589063 0.310937 0.590625 0.314063 0.590625 0.323437 0.581250 0.325000 0.578125 0.326562 0.571875 0.335938 0.562500 0.335938 0.553125 0.332813 0.546875 0.323437 0.539062 0.323437 0.535937 0.321875 0.532813 0.315625 0.526563 0.312500 0.525000
0 0.303125 0.600000 0.300000 0.601562 0.293750 0.606250 0.292187 0.609375 0.290625 0.615625 0.289062 0.629687 0.284375 0.640625 0.284375 0.648438 0.285938 0.651563 0.289062 0.654687 0.293750 0.657813 0.298438 0.657813 0.301563 0.659375 0.310937 0.668750 0.314063 0.670312 0.318750 0.671875 0.325000 0.671875 0.328125 0.670312 0.331250 0.667188 0.332813 0.667188 0.334375 0.665625 0.339062 0.659375 0.340625 0.659375 0.346875 0.653125 0.350000 0.648438 0.350000 0.635938 0.346875 0.626563 0.342187 0.615625 0.335938 0.609375 0.331250 0.606250 0.317188 0.601562 0.310937 0.600000
0 0.426563 0.667188 0.425000 0.670312 0.401562 0.670312 0.398438 0.671875 0.395313 0.676562 0.393750 0.681250 0.393750 0.687500 0.389062 0.698438 0.389062 0.706250 0.401562 0.718750 0.407813 0.717187 0.409375 0.714063 0.410938 0.709375 0.412500 0.700000 0.415625 0.698438 0.420312 0.698438 0.423438 0.696875 0.423438 0.693750 0.425000 0.692187 0.425000 0.678125 0.428125 0.675000
0 0.107813 0.712500 0.104688 0.715625 0.103125 0.720313 0.106250 0.729688 0.106250 0.732812 0.100000 0.739062 0.098437 0.743750 0.098437 0.750000 0.100000 0.754687 0.104688 0.759375 0.106250 0.759375 0.109375 0.762500 0.110937 0.765625 0.110937 0.770312 0.112500 0.773438 0.115625 0.776563 0.118750 0.778125 0.128125 0.778125 0.131250 0.776563 0.134375 0.773438 0.134375 0.767188 0.131250 0.762500 0.121875 0.754687 0.120313 0.751563 0.120313 0.742188 0.126562 0.735938 0.131250 0.734375 0.145313 0.735938 0.150000 0.735938 0.153125 0.734375 0.153125 0.729688 0.151562 0.725000 0.150000 0.721875 0.145313 0.717187 0.139063 0.714063 0.134375 0.714063 0.132812 0.715625 0.128125 0.715625 0.121875 0.712500
0 0.062500 0.746875 0.059375 0.750000 0.059375 0.757812 0.057813 0.760938 0.051562 0.767188 0.048438 0.773438 0.048438 0.779687 0.050000 0.784375 0.054688 0.795312 0.059375 0.801562 0.065625 0.806250 0.065625 0.810937 0.068750 0.817187 0.078125 0.815625 0.089063 0.804688 0.092188 0.798438 0.095312 0.785937 0.095312 0.779687 0.090625 0.771875 0.090625 0.757812 0.089063 0.754687 0.084375 0.750000 0.081250 0.748437 0.078125 0.748437 0.076563 0.750000 0.073438 0.750000 0.071875 0.748437 0.067187 0.748437 0.065625 0.746875
0 0.067187 0.817187 0.067187 0.829688 0.068750 0.834375 0.071875 0.840625 0.079687 0.848437 0.079687 0.857812 0.081250 0.864062 0.082812 0.867188 0.085938 0.870313 0.089063 0.871875 0.103125 0.873437 0.110937 0.871875 0.114062 0.865625 0.115625 0.853125 0.114062 0.846875 0.110937 0.839063 0.107813 0.832812 0.098437 0.821875 0.095312 0.821875 0.093750 0.820312 0.089063 0.820312 0.081250 0.815625
0 0.337500 0.564063 0.332813 0.565625 0.326562 0.571875 0.325000 0.579688 0.314063 0.590625 0.315625 0.595313 0.320312 0.600000 0.323437 0.601562 0.331250 0.601562 0.332813 0.598437 0.335938 0.590625 0.342187 0.584375 0.345313 0.576562 0.345313 0.573438 0.343750 0.570312
0 0.134375 0.859375 0.131250 0.860938 0.128125 0.864062 0.126562 0.867188 0.126562 0.878125 0.128125 0.881250 0.132812 0.885938 0.135937 0.887500 0.145313 0.887500 0.143750 0.881250 0.139063 0.867188