0 0.707812 0.178125 0.703125 0.179688 0.696875 0.185938 0.693750 0.187500 0.687500 0.189062 0.684375 0.190625 0.681250 0.196875 0.679688 0.198437 0.676562 0.200000 0.671875 0.201563 0.665625 0.207813 0.665625 0.218750 0.667188 0.223438 0.670312 0.229687 0.671875 0.231250 0.675000 0.232813 0.685937 0.234375 0.690625 0.237500 0.695312 0.237500 0.701562 0.240625 0.706250 0.245312 0.710938 0.248438 0.715625 0.250000 0.720313 0.248438 0.723437 0.245312 0.726562 0.240625 0.728125 0.235937 0.732812 0.231250 0.735938 0.225000 0.735938 0.215625 0.732812 0.206250 0.732812 0.196875 0.729688 0.190625 0.717187 0.179688 0.714063 0.178125
0 0.667781 0.237297 0.666219 0.241984 0.666219 0.249797 0.670906 0.259172 0.672469 0.265422 0.672469 0.270109 0.670906 0.273234 0.664656 0.281047 0.663094 0.284172 0.663094 0.293547 0.664656 0.296672 0.669344 0.301359 0.670906 0.301359 0.675594 0.306047 0.677156 0.310734 0.677156 0.316984 0.681844 0.321672 0.684969 0.323234 0.699031 0.321672 0.705281 0.313859 0.708406 0.309172 0.709969 0.304484 0.709969 0.291984 0.711531 0.285734 0.716219 0.277922 0.716219 0.263859 0.714656 0.260734 0.708406 0.252922 0.699031 0.245109 0.695906 0.245109 0.692781 0.241984 0.689656 0.240422 0.677156 0.235734
0 0.764062 0.231250 0.764062 0.246875 0.762500 0.253125 0.757812 0.257812 0.754687 0.264062 0.754687 0.268750 0.756250 0.271875 0.759375 0.275000 0.760938 0.278125 0.762500 0.287500 0.764062 0.290625 0.770312 0.295312 0.775000 0.306250 0.778125 0.310937 0.781250 0.314063 0.787500 0.314063 0.801562 0.306250 0.807813 0.304688 0.814063 0.304688 0.818750 0.303125 0.821875 0.300000 0.825000 0.293750 0.825000 0.281250 0.823438 0.278125 0.818750 0.271875 0.818750 0.265625 0.820312 0.264062 0.820312 0.259375 0.818750 0.250000 0.817187 0.245312 0.815625 0.242188 0.807813 0.232813 0.803125 0.229687 0.785937 0.228125 0.771875 0.228125 0.768750 0.229687
0 0.781250 0.142187 0.776563 0.143750 0.773438 0.145313 0.764062 0.154688 0.759375 0.154688 0.754687 0.156250 0.750000 0.160938 0.748437 0.165625 0.748437 0.181250 0.743750 0.187500 0.743750 0.193750 0.745313 0.196875 0.754687 0.209375 0.759375 0.212500 0.762500 0.212500 0.765625 0.215625 0.765625 0.220312 0.767188 0.223438 0.770312 0.225000 0.778125 0.225000 0.779687 0.226562 0.785937 0.226562 0.790625 0.225000 0.795312 0.221875 0.800000 0.221875 0.803125 0.218750 0.809375 0.206250 0.809375 0.203125 0.807813 0.193750 0.809375 0.164062 0.811172 0.157062 0.806250 0.153125 0.798438 0.153125 0.790625 0.145313 0.784375 0.142187
0 0.909375 0.203125 0.904687 0.204687 0.900000 0.209375 0.895312 0.209375 0.890625 0.206250 0.887500 0.206250 0.882812 0.207813 0.878125 0.210938 0.875000 0.214062 0.871875 0.218750 0.870313 0.223438 0.862500 0.226562 0.856250 0.232813 0.851562 0.234375 0.850000 0.246875 0.853125 0.256250 0.851562 0.264062 0.857812 0.275000 0.859375 0.284375 0.862500 0.287500 0.867188 0.289062 0.876563 0.289062 0.879687 0.290625 0.885938 0.295312 0.889062 0.296875 0.896875 0.296875 0.903125 0.293750 0.907813 0.289062 0.921875 0.287500 0.923438 0.279687 0.928125 0.279687 0.934375 0.278125 0.940625 0.271875 0.942187 0.268750 0.942187 0.265625 0.937500 0.251563 0.934375 0.245312 0.926562 0.239063 0.923438 0.235937 0.920312 0.231250 0.917188 0.223438 0.917188 0.214062 0.912500 0.206250
0 0.851562 0.287500 0.848437 0.289062 0.843750 0.293750 0.842187 0.300000 0.840625 0.303125 0.831250 0.304688 0.823438 0.312500 0.821875 0.315625 0.821875 0.326562 0.823438 0.329688 0.829688 0.335938 0.840625 0.345313 0.846875 0.348438 0.853125 0.356250 0.856250 0.354687 0.859375 0.351562 0.865625 0.351562 0.870313 0.353125 0.873437 0.353125 0.876563 0.351562 0.889062 0.340625 0.892188 0.337500 0.893750 0.334375 0.893750 0.331250 0.895312 0.328125 0.892188 0.318750 0.892188 0.307812 0.890625 0.303125 0.889062 0.300000 0.884375 0.295312 0.875000 0.290625 0.860938 0.287500
0 0.740625 0.314063 0.725000 0.329688 0.725000 0.339062 0.728125 0.342187 0.728125 0.353125 0.729688 0.362500 0.731250 0.365625 0.737500 0.371875 0.743750 0.385937 0.746875 0.387500 0.753125 0.387500 0.756250 0.385937 0.759375 0.378125 0.765625 0.376563 0.773438 0.379688 0.778125 0.379688 0.779687 0.376563 0.779687 0.357812 0.773438 0.351562 0.768750 0.342187 0.768750 0.328125 0.767188 0.325000 0.762500 0.320312 0.753125 0.315625 0.748437 0.314063
0 0.807813 0.328125 0.800000 0.335938 0.798438 0.340625 0.795312 0.343750 0.790625 0.343750 0.789062 0.345313 0.785937 0.345313 0.782813 0.350000 0.782813 0.381250 0.787500 0.390625 0.790625 0.393750 0.793750 0.395313 0.796875 0.395313 0.803125 0.400000 0.804688 0.401562 0.804688 0.403125 0.806250 0.404687 0.807813 0.404687 0.810937 0.407813 0.818750 0.407813 0.821875 0.406250 0.825000 0.403125 0.825000 0.401562 0.828125 0.398438 0.831250 0.396875 0.837500 0.396875 0.842187 0.392188 0.843750 0.385937 0.853125 0.376563 0.853125 0.362500 0.851562 0.356250 0.848437 0.350000 0.839063 0.342187 0.825000 0.331250 0.821875 0.329688 0.817187 0.328125
0 0.545312 0.823438 0.542188 0.823438 0.529687 0.825000 0.525000 0.826562 0.521875 0.828125 0.520312 0.835938 0.521875 0.842187 0.523438 0.843750 0.523438 0.846875 0.521875 0.848437 0.520312 0.854688 0.520312 0.870313 0.521875 0.878125 0.525000 0.884375 0.532813 0.892188 0.532813 0.895312 0.537500 0.900000 0.540625 0.901563 0.543750 0.900000 0.550000 0.893750 0.556250 0.892188 0.560937 0.887500 0.564063 0.882812 0.565625 0.878125 0.567187 0.870313 0.567187 0.860938 0.559375 0.845313 0.557813 0.835938 0.554688 0.831250 0.548438 0.825000
0 0.712500 0.714063 0.710938 0.709375 0.709375 0.706250 0.701562 0.695312 0.696875 0.692187 0.692187 0.692187 0.690625 0.693750 0.684375 0.693750 0.679688 0.695312 0.665625 0.709375 0.660937 0.709375 0.657813 0.710938 0.653125 0.714063 0.645312 0.720313 0.642188 0.723437 0.642188 0.729688 0.643750 0.732812 0.645312 0.734375 0.646875 0.734375 0.650000 0.737500 0.653125 0.739062 0.657813 0.740625 0.662500 0.740625 0.668750 0.745313 0.678125 0.745313 0.687500 0.742188 0.693750 0.740625 0.696875 0.739062 0.712500 0.723437
0 0.739062 0.735938 0.737500 0.743750 0.740625 0.746875 0.746875 0.754687 0.748437 0.757812 0.751563 0.767188 0.751563 0.779687 0.753125 0.793750 0.754687 0.798438 0.759375 0.803125 0.762500 0.810937 0.764062 0.812500 0.767188 0.814063 0.775000 0.814063 0.785937 0.820312 0.790625 0.825000 0.793750 0.826562 0.796875 0.826562 0.803125 0.823438 0.806250 0.818750 0.804688 0.804688 0.809375 0.800000 0.818750 0.792188 0.820312 0.789062 0.820312 0.775000 0.818750 0.771875 0.814063 0.767188 0.809375 0.765625 0.803125 0.759375 0.798438 0.748437 0.792188 0.742188 0.789062 0.740625 0.785937 0.740625 0.782813 0.739062 0.775000 0.729688 0.771875 0.728125 0.765625 0.728125 0.757812 0.731250 0.754687 0.734375 0.753125 0.739062 0.750000 0.740625 0.742188 0.735938
0 0.681250 0.745313 0.678125 0.748437 0.678125 0.750000 0.675000 0.753125 0.667188 0.759375 0.665625 0.762500 0.665625 0.770312 0.668750 0.775000 0.681250 0.785937 0.687500 0.792188 0.687500 0.793750 0.692187 0.798438 0.704688 0.798438 0.707812 0.801562 0.712500 0.803125 0.717187 0.803125 0.723437 0.801562 0.726562 0.800000 0.732812 0.793750 0.735938 0.787500 0.735938 0.781250 0.737500 0.778125 0.742188 0.771875 0.745313 0.765625 0.745313 0.757812 0.743750 0.754687 0.740625 0.751563 0.737500 0.750000 0.721875 0.748437 0.721875 0.746875 0.718750 0.742188 0.717187 0.740625 0.715625 0.740625 0.712500 0.737500 0.709375 0.735938 0.706250 0.737500 0.703125 0.737500 0.698438 0.740625 0.693750 0.742188 0.689063 0.742188 0.684375 0.743750
0 0.657813 0.768750 0.648438 0.771875 0.645312 0.775000 0.637500 0.776563 0.635938 0.779687 0.634375 0.784375 0.634375 0.796875 0.637500 0.801562 0.637500 0.804688 0.634375 0.807813 0.625000 0.812500 0.620313 0.817187 0.620313 0.831250 0.621875 0.834375 0.628125 0.837500 0.646875 0.843750 0.650000 0.840625 0.656250 0.839063 0.670312 0.839063 0.678125 0.837500 0.682813 0.835938 0.687500 0.831250 0.689063 0.826562 0.689063 0.818750 0.687500 0.817187 0.687500 0.810937 0.689063 0.798438 0.682813 0.792188 0.682813 0.790625 0.678125 0.785937 0.670312 0.782813 0.665625 0.778125
0 0.575000 0.742188 0.570312 0.742188 0.567187 0.750000 0.560937 0.756250 0.556250 0.757812 0.553125 0.760938 0.551562 0.770312 0.553125 0.778125 0.548438 0.782813 0.546875 0.789062 0.540625 0.795312 0.535937 0.798438 0.534375 0.798438 0.532813 0.800000 0.531250 0.803125 0.531250 0.809375 0.532813 0.823438 0.528125 0.828125 0.521875 0.829688 0.521875 0.834375 0.525000 0.840625 0.525000 0.848437 0.521875 0.859375 0.521875 0.870313 0.523438 0.878125 0.526563 0.884375 0.531250 0.885938 0.534375 0.889062 0.534375 0.893750 0.535937 0.896875 0.540625 0.898438 0.543750 0.896875 0.545312 0.895312 0.545312 0.893750 0.551562 0.892188 0.554688 0.889062 0.559375 0.887500 0.564063 0.876563 0.564063 0.871875 0.567187 0.867188 0.567187 0.864062 0.560937 0.853125 0.559375 0.843750 0.556250 0.840625 0.556250 0.835938 0.550000 0.825000 0.556250 0.820312 0.559375 0.823438 0.559375 0.825000 0.571875 0.826562 0.579688 0.823438 0.581250 0.821875 0.581250 0.820312 0.582812 0.818750 0.584375 0.818750 0.587500 0.815625 0.593750 0.815625 0.598437 0.810937 0.603125 0.798438 0.600000 0.789062 0.600000 0.782813 0.601562 0.781250 0.601562 0.775000 0.600000 0.771875 0.579688 0.751563 0.578125 0.745313
0 0.606250 0.743750 0.607812 0.748437 0.606250 0.756250 0.607812 0.759375 0.612500 0.767188 0.618750 0.773438 0.621875 0.773438 0.626563 0.770312 0.631250 0.773438 0.634375 0.773438 0.637500 0.771875 0.642188 0.767188 0.645312 0.767188 0.654687 0.768750 0.657813 0.767188 0.660937 0.760938 0.660937 0.754687 0.657813 0.751563 0.654687 0.750000 0.648438 0.750000 0.642188 0.746875 0.635938 0.740625 0.631250 0.737500 0.628125 0.735938 0.625000 0.735938 0.621875 0.737500 0.615625 0.745313 0.612500 0.746875
0 0.828125 0.840625 0.810937 0.840625 0.807813 0.842187 0.803125 0.846875 0.793750 0.851562 0.781250 0.851562 0.773438 0.854688 0.773438 0.860938 0.776563 0.868750 0.776563 0.871875 0.775000 0.873437 0.775000 0.878125 0.778125 0.881250 0.779687 0.887500 0.779687 0.903125 0.781250 0.909375 0.784375 0.917188 0.787500 0.921875 0.793750 0.928125 0.800000 0.929688 0.806250 0.934375 0.812500 0.940625 0.815625 0.942187 0.818750 0.942187 0.826562 0.939063 0.831250 0.934375 0.831250 0.931250 0.835938 0.926562 0.840625 0.926562 0.843750 0.923438 0.848437 0.921875 0.850000 0.918750 0.850000 0.906250 0.845313 0.898438 0.837500 0.890625 0.837500 0.873437 0.832812 0.864062 0.837500 0.856250 0.837500 0.848437 0.835938 0.845313 0.832812 0.842187
0 0.717187 0.903125 0.714063 0.906250 0.714063 0.915625 0.718750 0.928125 0.723437 0.937500 0.729688 0.945312 0.729688 0.946875 0.731250 0.948438 0.734375 0.950000 0.742188 0.950000 0.746875 0.954688 0.751563 0.956250 0.754687 0.956250 0.760938 0.953125 0.764062 0.950000 0.765625 0.945312 0.765625 0.932813 0.768750 0.929688 0.770312 0.929688 0.775000 0.925000 0.776563 0.921875 0.776563 0.918750 0.773438 0.915625 0.764062 0.910937 0.759375 0.909375 0.742188 0.909375 0.734375 0.907813 0.732812 0.904687 0.726562 0.903125 0.725000 0.904687 0.721875 0.904687 0.720313 0.903125
0 0.745313 0.829688 0.739062 0.829688 0.729688 0.832812 0.721875 0.840625 0.718750 0.845313 0.717187 0.850000 0.720313 0.876563 0.717187 0.885938 0.717187 0.895312 0.715625 0.896875 0.715625 0.904687 0.720313 0.904687 0.731250 0.910937 0.735938 0.909375 0.743750 0.909375 0.746875 0.907813 0.750000 0.904687 0.760938 0.903125 0.765625 0.898438 0.767188 0.895312 0.767188 0.878125 0.770312 0.873437 0.770312 0.860938 0.765625 0.856250 0.765625 0.854688 0.762500 0.851562 0.759375 0.851562 0.756250 0.850000 0.751563 0.845313 0.751563 0.837500 0.748437 0.831250
0 0.698438 0.837500 0.687500 0.837500 0.684375 0.839063 0.675000 0.846875 0.668750 0.846875 0.664062 0.848437 0.654687 0.853125 0.650000 0.853125 0.650000 0.856250 0.648438 0.857812 0.646875 0.865625 0.648438 0.868750 0.653125 0.873437 0.653125 0.879687 0.657813 0.884375 0.660937 0.884375 0.667188 0.890625 0.668750 0.893750 0.668750 0.898438 0.671875 0.903125 0.678125 0.909375 0.682813 0.912500 0.689063 0.915625 0.692187 0.915625 0.696875 0.912500 0.703125 0.912500 0.706250 0.910937 0.709375 0.907813 0.712500 0.898438 0.714063 0.881250 0.714063 0.857812 0.712500 0.848437 0.704688 0.840625
0 0.577656 0.886641 0.574531 0.892891 0.574531 0.899141 0.577656 0.908516 0.576094 0.917891 0.576094 0.922578 0.579219 0.930391 0.582344 0.931953 0.588594 0.933516 0.599531 0.933516 0.604219 0.936641 0.613594 0.936641 0.616719 0.938203 0.619844 0.955391 0.624531 0.956953 0.629219 0.956953 0.632344 0.955391 0.635469 0.952266 0.635469 0.950703 0.637031 0.949141 0.643281 0.946016 0.644844 0.936641 0.646406 0.933516 0.651094 0.927266 0.654219 0.921016 0.654219 0.916328 0.652656 0.911641 0.651094 0.908516 0.647969 0.905391 0.644844 0.894453 0.640156 0.889766 0.638594 0.885078 0.616719 0.874141 0.610469 0.877266 0.596406 0.877266
0 0.646875 0.948438 0.645312 0.951562 0.640625 0.957812 0.640625 0.967187 0.639062 0.971875 0.634375 0.979688 0.634375 0.998437 0.687500 0.998437 0.687500 0.995313 0.689063 0.993750 0.689063 0.989062 0.687500 0.987500 0.689063 0.981250 0.685937 0.973437 0.687500 0.965625 0.685937 0.960938 0.678125 0.960938 0.675000 0.962500 0.670312 0.960938 0.668750 0.960938 0.664062 0.956250 0.651563 0.948438
0 0.695750 0.997766 0.694875 0.993672 0.693422 0.982453 0.690203 0.976031 0.687734 0.968891 0.684953 0.959109 0.682484 0.952266 0.680734 0.946281 0.679266 0.942781 0.680578 0.938125 0.695453 0.937688 0.701734 0.947016 0.702453 0.948328 0.702313 0.948031 0.701000 0.944250 0.698078 0.935641 0.696328 0.929516 0.696187 0.925281 0.704063 0.924406 0.710328 0.930250 0.712672 0.934031 0.716016 0.945703 0.717766 0.948766 0.726234 0.979391 0.727391 0.984641 0.728703 0.990328 0.736875 0.990609 0.744313 0.992953 0.749266 0.997766 0.752188 0.998437
0 0.787500 0.987500 0.787500 0.995313 0.789062 0.998437 0.835938 0.998437 0.834375 0.995313 0.834375 0.992188 0.829688 0.987500 0.826562 0.985938 0.821875 0.985938 0.818750 0.984375 0.815625 0.981250 0.815625 0.976562 0.810937 0.971875 0.798438 0.971875 0.792188 0.978125
0 0.951562 0.887500 0.942187 0.889062 0.940625 0.892188 0.940625 0.903125 0.937500 0.906250 0.926562 0.906250 0.921875 0.907813 0.918750 0.909375 0.917188 0.926562 0.918750 0.929688 0.921875 0.932813 0.931250 0.937500 0.935937 0.939063 0.945312 0.939063 0.954688 0.937500 0.957812 0.935937 0.964063 0.929688 0.965625 0.926562 0.965625 0.920312 0.964063 0.910937 0.965625 0.896875 0.960938 0.892188
0 0.998437 0.889062 0.993750 0.890625 0.987500 0.895312 0.981250 0.896875 0.978125 0.898438 0.975000 0.904687 0.975000 0.907813 0.976562 0.912500 0.978125 0.915625 0.984375 0.920312 0.984375 0.932813 0.985938 0.935937 0.992188 0.937500 0.993750 0.935937 0.998437 0.935937
0 0.998437 0.928125 0.996875 0.934375 0.990625 0.940625 0.985938 0.950000 0.985938 0.975000 0.989062 0.981250 0.992188 0.984375 0.995313 0.985938 0.998437 0.985938
0 0.937500 0.954688 0.939063 0.968750 0.939063 0.975000 0.934375 0.981250 0.934375 0.990625 0.935937 0.993750 0.940625 0.998437 0.978125 0.998437 0.985938 0.993750 0.990625 0.989062 0.990625 0.984375 0.989062 0.981250 0.984375 0.975000 0.984375 0.964063 0.982812 0.957812 0.981250 0.954688 0.978125 0.953125 0.970313 0.954688 0.962500 0.948438 0.945312 0.948438 0.942187 0.950000
0 0.715625 0.292187 0.712500 0.293750 0.712500 0.298438 0.710938 0.304688 0.701562 0.314063 0.700000 0.317188 0.700000 0.323437 0.701562 0.326562 0.704688 0.329688 0.707812 0.331250 0.710938 0.329688 0.714063 0.326562 0.717187 0.320312 0.720313 0.312500 0.721875 0.306250 0.721875 0.301563 0.718750 0.295312
0 0.809688 0.158688 0.809688 0.174313 0.808125 0.194625 0.808125 0.229000 0.815938 0.236813 0.822188 0.239937 0.830000 0.241500 0.833125 0.241500 0.837813 0.238375 0.845625 0.238375 0.847188 0.236813 0.850313 0.236813 0.862813 0.224312 0.864375 0.221188 0.861250 0.205563 0.864375 0.194625 0.864375 0.185250 0.862813 0.180563 0.859688 0.177437 0.851875 0.174313 0.844063 0.166500 0.840938 0.164938 0.830000 0.161812 0.826875 0.158688 0.820625 0.157125
0 0.646266 0.869828 0.649391 0.876156 0.653109 0.884250 0.652937 0.887969 0.648797 0.890594 0.641797 0.890328 0.635813 0.886781 0.622469 0.878766 0.619094 0.875656 0.617406 0.873875 0.615891 0.871516 0.615812 0.869578 0.615641 0.868563 0.615891 0.868219
1 0.843750 0.925000 0.843750 0.937500 0.853125 0.937500 0.856250 0.934375 0.856250 0.926562 0.853125 0.923438 0.846875 0.923438
0 0.896875 0.998437 0.935937 0.998437 0.932813 0.993750 0.931250 0.993750 0.928125 0.990625 0.920312 0.981250 0.909375 0.981250 0.907813 0.984375 0.907813 0.987500 0.903125 0.992188 0.901563 0.992188