0 0.167187 0.015625 0.168750 0.020313 0.173437 0.025000 0.178125 0.026562 0.185938 0.026562 0.204687 0.031250 0.214062 0.034375 0.221875 0.037500 0.226562 0.042188 0.226562 0.046875 0.234375 0.039062 0.240625 0.035937 0.248438 0.028125 0.253125 0.018750 0.253125 0.014063 0.254688 0.010937 0.259375 0.004687 0.260937 0.000000 0.168750 0.000000 0.167187 0.009375
0 0.171875 0.026562 0.160938 0.037500 0.157812 0.053125 0.157812 0.059375 0.159375 0.062500 0.165625 0.068750 0.171875 0.071875 0.179688 0.079687 0.184375 0.082812 0.190625 0.085938 0.200000 0.085938 0.204687 0.084375 0.207813 0.082812 0.212500 0.079687 0.215625 0.076563 0.217188 0.073438 0.217188 0.070312 0.214062 0.067187 0.215625 0.062500 0.221875 0.054688 0.228125 0.048438 0.231250 0.043750 0.231250 0.039062 0.228125 0.039062 0.217188 0.034375 0.209375 0.032813 0.203125 0.032813 0.195312 0.031250 0.190625 0.028125 0.185938 0.026562
0 0.225000 0.121875 0.225000 0.126562 0.226562 0.129688 0.234375 0.137500 0.239063 0.140625 0.242188 0.140625 0.245312 0.142187 0.253125 0.140625 0.254688 0.139063 0.260937 0.139063 0.264062 0.137500 0.265625 0.134375 0.265625 0.129688 0.264062 0.126562 0.253125 0.115625 0.248438 0.112500 0.239063 0.112500 0.229687 0.117188
0 0.606250 0.043750 0.601562 0.046875 0.598437 0.050000 0.596875 0.053125 0.596875 0.060937 0.592187 0.065625 0.587500 0.065625 0.578125 0.070312 0.573438 0.075000 0.570312 0.079687 0.570312 0.092188 0.571875 0.095312 0.584375 0.107813 0.585938 0.114062 0.592187 0.120313 0.595313 0.121875 0.612500 0.121875 0.639062 0.115625 0.642188 0.114062 0.646875 0.109375 0.650000 0.104688 0.651563 0.101562 0.651563 0.095312 0.653125 0.092188 0.656250 0.087500 0.660937 0.082812 0.667188 0.071875 0.667188 0.064062 0.665625 0.060937 0.662500 0.057813 0.656250 0.054688 0.650000 0.054688 0.643750 0.051562 0.631250 0.050000 0.626563 0.048438 0.617188 0.043750
0 0.576562 0.181250 0.576562 0.184375 0.578125 0.189062 0.581250 0.192188 0.589063 0.195312 0.593750 0.200000 0.595313 0.204687 0.600000 0.209375 0.617188 0.215625 0.623437 0.215625 0.629687 0.214062 0.639062 0.209375 0.646875 0.209375 0.650000 0.207813 0.651563 0.206250 0.654687 0.200000 0.654687 0.193750 0.651563 0.187500 0.653125 0.179688 0.651563 0.175000 0.645312 0.170313 0.639062 0.168750 0.631250 0.160938 0.626563 0.159375 0.615625 0.159375 0.609375 0.160938 0.604688 0.164062 0.596875 0.164062 0.590625 0.165625 0.584375 0.168750 0.581250 0.171875
0 0.751563 0.204687 0.745313 0.198437 0.737500 0.198437 0.734375 0.200000 0.723437 0.209375 0.720313 0.206250 0.714063 0.206250 0.704688 0.215625 0.700000 0.217188 0.692187 0.215625 0.692187 0.218750 0.695312 0.223438 0.695312 0.228125 0.689063 0.237500 0.689063 0.240625 0.690625 0.245312 0.695312 0.250000 0.700000 0.251563 0.723437 0.251563 0.732812 0.248438 0.739062 0.245312 0.751563 0.234375 0.757812 0.228125 0.759375 0.225000 0.759375 0.220312 0.753125 0.214062 0.753125 0.209375
0 0.564063 0.215625 0.562500 0.232813 0.559375 0.239063 0.557813 0.246875 0.559375 0.250000 0.562500 0.253125 0.578125 0.260937 0.585938 0.260937 0.592187 0.257812 0.600000 0.260937 0.609375 0.260937 0.612500 0.259375 0.615625 0.256250 0.617188 0.253125 0.617188 0.240625 0.620313 0.229687 0.620313 0.226562 0.618750 0.218750 0.615625 0.215625 0.609375 0.212500 0.604688 0.210938 0.598437 0.209375 0.581250 0.209375 0.567187 0.214062
0 0.510938 0.176563 0.509375 0.181250 0.510938 0.184375 0.514062 0.187500 0.514062 0.200000 0.515625 0.204687 0.520312 0.209375 0.523438 0.210938 0.529687 0.210938 0.532813 0.212500 0.546875 0.226562 0.546875 0.228125 0.551562 0.232813 0.559375 0.232813 0.559375 0.226562 0.560937 0.225000 0.560937 0.217188 0.567187 0.210938 0.567187 0.198437 0.564063 0.193750 0.562500 0.182812 0.560937 0.178125 0.557813 0.175000 0.554688 0.175000 0.551562 0.173437 0.548438 0.170313 0.542188 0.167187 0.532813 0.167187 0.525000 0.168750 0.518750 0.171875
0 0.514062 0.221875 0.507812 0.221875 0.500000 0.226562 0.493750 0.228125 0.489063 0.228125 0.482812 0.221875 0.478125 0.218750 0.473438 0.218750 0.464062 0.221875 0.453125 0.226562 0.451562 0.228125 0.450000 0.231250 0.450000 0.239063 0.453125 0.248438 0.448437 0.253125 0.443750 0.254688 0.439063 0.259375 0.437500 0.262500 0.435937 0.267188 0.435937 0.270313 0.439063 0.276562 0.442188 0.278125 0.446875 0.278125 0.451562 0.279687 0.454688 0.282813 0.456250 0.289062 0.459375 0.292187 0.462500 0.293750 0.476562 0.293750 0.481250 0.292187 0.489063 0.287500 0.496875 0.285938 0.501563 0.281250 0.509375 0.278125 0.517188 0.270313 0.517188 0.254688 0.510938 0.248438 0.510938 0.245312 0.515625 0.235937 0.515625 0.225000
0 0.439063 0.309375 0.434375 0.314063 0.423438 0.314063 0.414062 0.317188 0.406250 0.325000 0.404687 0.329688 0.404687 0.339062 0.407813 0.345313 0.410938 0.350000 0.412500 0.351562 0.414062 0.357812 0.407813 0.359375 0.407813 0.356250 0.403125 0.360938 0.403125 0.365625 0.406250 0.368750 0.404687 0.373437 0.400000 0.371875 0.400000 0.368750 0.400000 0.375000 0.403125 0.379688 0.412500 0.379688 0.415625 0.376563 0.418750 0.379688 0.415625 0.382812 0.420312 0.384375 0.423438 0.387500 0.439063 0.385937 0.450000 0.387500 0.450000 0.392188 0.454688 0.385937 0.454688 0.382812 0.457813 0.379688 0.457813 0.365625 0.460938 0.362500 0.464062 0.360938 0.467187 0.360938 0.473438 0.354687 0.475000 0.351562 0.475000 0.343750 0.471875 0.337500 0.470313 0.335938 0.468750 0.335938 0.465625 0.332813 0.460938 0.331250 0.459375 0.329688 0.459375 0.328125 0.456250 0.325000 0.454688 0.317188 0.453125 0.314063 0.450000 0.310937 0.446875 0.309375
0 0.471875 0.364063 0.467187 0.368750 0.467187 0.378125 0.465625 0.381250 0.460938 0.385937 0.459375 0.390625 0.459375 0.398438 0.462500 0.404687 0.462500 0.410938 0.464062 0.414062 0.470313 0.420312 0.473438 0.421875 0.479687 0.423438 0.487500 0.423438 0.498437 0.434375 0.501563 0.435937 0.512500 0.435937 0.517188 0.434375 0.520312 0.432812 0.526563 0.426563 0.528125 0.417187 0.531250 0.414062 0.534375 0.414062 0.537500 0.412500 0.539062 0.410938 0.540625 0.407813 0.542188 0.401562 0.542188 0.392188 0.535937 0.385937 0.531250 0.384375 0.528125 0.381250 0.526563 0.381250 0.525000 0.379688 0.523438 0.375000 0.514062 0.367188 0.506250 0.364063 0.500000 0.362500 0.490625 0.362500 0.489063 0.360938 0.481250 0.360938 0.475000 0.362500
0 0.487500 0.331250 0.485938 0.334375 0.487500 0.360938 0.492188 0.362500 0.498437 0.364063 0.504687 0.364063 0.514062 0.367188 0.525000 0.379688 0.532813 0.379688 0.539062 0.376563 0.542188 0.373437 0.543750 0.370312 0.543750 0.360938 0.542188 0.357812 0.539062 0.354687 0.537500 0.351562 0.535937 0.340625 0.537500 0.332813 0.532813 0.328125 0.529687 0.326562 0.521875 0.326562 0.510938 0.328125 0.506250 0.326562 0.495312 0.326562 0.490625 0.328125
0 0.575000 0.365625 0.571875 0.367188 0.567187 0.370312 0.559375 0.376563 0.551562 0.384375 0.550000 0.387500 0.546875 0.396875 0.546875 0.406250 0.548438 0.421875 0.550000 0.426563 0.554688 0.435937 0.562500 0.434375 0.567187 0.434375 0.573438 0.439063 0.584375 0.439063 0.589063 0.435937 0.593750 0.435937 0.598437 0.431250 0.603125 0.423438 0.606250 0.417187 0.606250 0.410938 0.607812 0.407813 0.615625 0.400000 0.617188 0.395313 0.615625 0.385937 0.612500 0.382812 0.606250 0.379688 0.601562 0.379688 0.598437 0.378125 0.595313 0.375000 0.587500 0.365625
0 0.595313 0.301563 0.589063 0.298438 0.579688 0.298438 0.568750 0.301563 0.554688 0.301563 0.550000 0.304688 0.543750 0.306250 0.542188 0.310937 0.539062 0.314063 0.537500 0.340625 0.537500 0.348438 0.540625 0.353125 0.545312 0.354687 0.550000 0.359375 0.553125 0.360938 0.564063 0.360938 0.575000 0.359375 0.579688 0.357812 0.587500 0.350000 0.592187 0.348438 0.596875 0.343750 0.598437 0.340625 0.598437 0.334375 0.603125 0.326562 0.603125 0.323437 0.601562 0.321875 0.601562 0.317188 0.596875 0.312500 0.596875 0.306250 0.595313 0.304688
0 0.496875 0.287500 0.496875 0.290625 0.509375 0.303125 0.515625 0.304688 0.528125 0.306250 0.528125 0.310937 0.531250 0.314063 0.539062 0.314063 0.539062 0.307812 0.548438 0.304688 0.553125 0.301563 0.565625 0.301563 0.575000 0.300000 0.579688 0.298438 0.582812 0.296875 0.584375 0.295312 0.585938 0.292187 0.585938 0.285938 0.584375 0.284375 0.584375 0.279687 0.585938 0.278125 0.585938 0.271875 0.582812 0.265625 0.571875 0.257812 0.559375 0.251563 0.554688 0.251563 0.545312 0.253125 0.539062 0.248438 0.535937 0.246875 0.525000 0.246875 0.521875 0.248438 0.518750 0.251563 0.520312 0.260937 0.520312 0.264062 0.518750 0.265625 0.518750 0.270313 0.517188 0.275000 0.515625 0.278125 0.512500 0.281250 0.507812 0.282813 0.500000 0.284375
0 0.815625 0.290625 0.807813 0.290625 0.804688 0.292187 0.803125 0.298438 0.801562 0.301563 0.796875 0.306250 0.792188 0.306250 0.784375 0.304688 0.778125 0.306250 0.775000 0.307812 0.770312 0.310937 0.768750 0.314063 0.767188 0.318750 0.768750 0.326562 0.770312 0.331250 0.775000 0.335938 0.775000 0.340625 0.770312 0.348438 0.770312 0.356250 0.771875 0.359375 0.776563 0.364063 0.779687 0.365625 0.787500 0.367188 0.790625 0.367188 0.792188 0.365625 0.798438 0.364063 0.806250 0.364063 0.807813 0.365625 0.815625 0.365625 0.820312 0.364063 0.826562 0.359375 0.837500 0.348438 0.839063 0.345313 0.839063 0.335938 0.837500 0.334375 0.837500 0.326562 0.839063 0.325000 0.839063 0.317188 0.837500 0.312500 0.834375 0.309375 0.826562 0.306250 0.826562 0.303125 0.823438 0.296875 0.820312 0.293750
0 0.865625 0.303125 0.862500 0.306250 0.859375 0.312500 0.859375 0.317188 0.857812 0.320312 0.853125 0.325000 0.851562 0.325000 0.846875 0.329688 0.845313 0.332813 0.845313 0.343750 0.848437 0.350000 0.851562 0.354687 0.854688 0.357812 0.862500 0.359375 0.875000 0.359375 0.881250 0.362500 0.887500 0.368750 0.892188 0.370312 0.901563 0.370312 0.910937 0.365625 0.912500 0.364063 0.918750 0.350000 0.928125 0.340625 0.932813 0.331250 0.932813 0.320312 0.926562 0.314063 0.925000 0.314063 0.920312 0.309375 0.920312 0.306250 0.914062 0.300000 0.910937 0.298438 0.903125 0.296875 0.890625 0.296875 0.885938 0.298438 0.881250 0.301563 0.868750 0.301563
1 0.648438 0.162500 0.646875 0.170313 0.650000 0.175000 0.657813 0.178125 0.660937 0.178125 0.664062 0.175000 0.665625 0.171875 0.665625 0.164062 0.662500 0.160938 0.651563 0.160938
1 0.981250 0.273438 0.965625 0.273438 0.959375 0.276562 0.956250 0.279687 0.956250 0.292187 0.959375 0.298438 0.965625 0.304688 0.968750 0.306250 0.976562 0.300000 0.981250 0.298438 0.985938 0.293750 0.987500 0.290625 0.987500 0.281250 0.985938 0.278125
0 0.825000 0.384375 0.823438 0.387500 0.823438 0.409375 0.825000 0.412500 0.828125 0.415625 0.829688 0.415625 0.832812 0.418750 0.834375 0.431250 0.835938 0.434375 0.842187 0.440625 0.846875 0.442188 0.856250 0.442188 0.884375 0.440625 0.909375 0.435937 0.912500 0.434375 0.914062 0.432812 0.914062 0.431250 0.917188 0.428125 0.917188 0.418750 0.912500 0.407813 0.909375 0.404687 0.907813 0.401562 0.907813 0.396875 0.909375 0.387500 0.907813 0.379688 0.906250 0.376563 0.903125 0.373437 0.896875 0.371875 0.889062 0.371875 0.879687 0.362500 0.873437 0.359375 0.851562 0.360938 0.846875 0.367188 0.843750 0.368750 0.840625 0.368750 0.834375 0.371875 0.832812 0.373437
0 0.954688 0.389062 0.948438 0.387500 0.937500 0.387500 0.914062 0.389062 0.910937 0.390625 0.909375 0.393750 0.909375 0.407813 0.910937 0.412500 0.914062 0.417187 0.915625 0.426563 0.915625 0.443750 0.926562 0.451562 0.929688 0.453125 0.934375 0.454688 0.939063 0.454688 0.942187 0.453125 0.951562 0.442188 0.956250 0.440625 0.960938 0.440625 0.967187 0.437500 0.970313 0.434375 0.970313 0.431250 0.973437 0.428125 0.973437 0.418750 0.967187 0.407813 0.967187 0.398438 0.965625 0.395313 0.964063 0.393750
0 0.698438 0.492188 0.687500 0.492188 0.681250 0.498437 0.678125 0.500000 0.675000 0.500000 0.671875 0.503125 0.670312 0.503125 0.668750 0.504687 0.667188 0.507812 0.667188 0.518750 0.671875 0.531250 0.673438 0.534375 0.676562 0.537500 0.681250 0.539062 0.689063 0.540625 0.698438 0.539062 0.701562 0.537500 0.706250 0.532813 0.709375 0.526563 0.710938 0.521875 0.712500 0.515625 0.712500 0.506250 0.709375 0.501563 0.701562 0.493750
0 0.618750 0.465625 0.609375 0.464062 0.606250 0.465625 0.603125 0.470313 0.596875 0.471875 0.595313 0.476562 0.595313 0.484375 0.593750 0.490625 0.590625 0.493750 0.581250 0.500000 0.575000 0.506250 0.575000 0.514062 0.576562 0.517188 0.579688 0.520312 0.581250 0.520312 0.582812 0.525000 0.581250 0.532813 0.584375 0.535937 0.589063 0.534375 0.595313 0.531250 0.600000 0.529687 0.609375 0.521875 0.612500 0.517188 0.618750 0.504687 0.618750 0.500000 0.620313 0.496875 0.623437 0.493750 0.625000 0.489063 0.623437 0.482812 0.620313 0.476562 0.620313 0.468750
0 0.639062 0.584375 0.637500 0.596875 0.640625 0.603125 0.657813 0.604688 0.660937 0.607812 0.667188 0.615625 0.671875 0.617188 0.678125 0.617188 0.690625 0.614062 0.698438 0.610938 0.698438 0.601562 0.695312 0.585938 0.676562 0.579688 0.670312 0.578125 0.660937 0.576562 0.653125 0.576562 0.646875 0.578125 0.640625 0.581250
0 0.810937 0.420312 0.806250 0.420312 0.804688 0.421875 0.796875 0.423438 0.781250 0.423438 0.776563 0.425000 0.773438 0.428125 0.771875 0.431250 0.770312 0.437500 0.770312 0.448437 0.764062 0.459375 0.759375 0.471875 0.759375 0.481250 0.760938 0.484375 0.765625 0.489063 0.768750 0.490625 0.784375 0.495312 0.789062 0.500000 0.792188 0.501563 0.806250 0.501563 0.814063 0.493750 0.820312 0.490625 0.828125 0.482812 0.829688 0.479687 0.829688 0.476562 0.835938 0.470313 0.837500 0.467187 0.837500 0.456250 0.834375 0.450000 0.826562 0.442188 0.825000 0.432812 0.823438 0.429688 0.815625 0.421875
0 0.809375 0.500000 0.809375 0.506250 0.814063 0.510938 0.817187 0.512500 0.821875 0.514062 0.834375 0.514062 0.839063 0.512500 0.842187 0.510938 0.845313 0.507812 0.845313 0.506250 0.848437 0.503125 0.854688 0.503125 0.859375 0.506250 0.864062 0.506250 0.857812 0.498437 0.856250 0.492188 0.854688 0.489063 0.853125 0.487500 0.851562 0.487500 0.848437 0.484375 0.845313 0.482812 0.831250 0.482812 0.828125 0.484375 0.821875 0.490625 0.814063 0.493750 0.810937 0.496875
0 0.818750 0.535937 0.818750 0.542188 0.820312 0.545312 0.821875 0.546875 0.825000 0.548438 0.828125 0.548438 0.831250 0.550000 0.834375 0.559375 0.840625 0.565625 0.843750 0.567187 0.854688 0.567187 0.857812 0.565625 0.865625 0.557813 0.875000 0.557813 0.893750 0.559375 0.898438 0.556250 0.918750 0.557813 0.926562 0.553125 0.928125 0.539062 0.918750 0.529687 0.910937 0.528125 0.896875 0.528125 0.885938 0.529687 0.878125 0.532813 0.850000 0.531250 0.843750 0.528125 0.832812 0.528125 0.823438 0.531250
0 0.984375 0.584375 0.979688 0.585938 0.976562 0.587500 0.973437 0.592187 0.973437 0.595313 0.967187 0.601562 0.957812 0.603125 0.950000 0.603125 0.945312 0.604688 0.935937 0.612500 0.935937 0.621875 0.937500 0.625000 0.946875 0.637500 0.948438 0.640625 0.948438 0.645312 0.946875 0.656250 0.950000 0.662500 0.954688 0.665625 0.967187 0.671875 0.970313 0.670312 0.976562 0.675000 0.993750 0.679688 0.998437 0.678125 0.998437 0.585938 0.995313 0.584375
0 0.909375 0.689063 0.909375 0.692187 0.915625 0.698438 0.917188 0.706250 0.928125 0.715625 0.939063 0.728125 0.950000 0.732812 0.953125 0.735938 0.954688 0.739062 0.954688 0.754687 0.957812 0.757812 0.962500 0.759375 0.971875 0.759375 0.978125 0.762500 0.984375 0.771875 0.990625 0.775000 0.992188 0.776563 0.998437 0.787500 0.998437 0.676562 0.993750 0.678125 0.985938 0.676562 0.979688 0.673438 0.957812 0.671875 0.954688 0.675000 0.954688 0.684375 0.951562 0.687500 0.946875 0.687500 0.935937 0.676562 0.928125 0.676562 0.926562 0.685937 0.918750 0.685937
0 0.884375 0.445312 0.881250 0.448437 0.878125 0.454688 0.868750 0.464062 0.864062 0.473438 0.864062 0.492188 0.865625 0.496875 0.868750 0.500000 0.875000 0.501563 0.887500 0.501563 0.890625 0.498437 0.893750 0.496875 0.900000 0.496875 0.904687 0.500000 0.918750 0.500000 0.921875 0.498437 0.923438 0.496875 0.928125 0.489063 0.929688 0.479687 0.932813 0.479687 0.937500 0.476562 0.939063 0.473438 0.939063 0.468750 0.937500 0.467187 0.937500 0.460938 0.935937 0.457813 0.934375 0.456250 0.928125 0.451562 0.920312 0.446875 0.915625 0.445312 0.895312 0.443750 0.890625 0.443750
0 0.993750 0.348438 0.985938 0.356250 0.978125 0.359375 0.973437 0.362500 0.970313 0.367188 0.968750 0.371875 0.968750 0.379688 0.976562 0.387500 0.976562 0.390625 0.979688 0.393750 0.993750 0.403125 0.998437 0.403125 0.998437 0.350000
0 0.975000 0.389062 0.967187 0.390625 0.967187 0.396875 0.970313 0.410938 0.973437 0.414062 0.975000 0.418750 0.975000 0.426563 0.973437 0.431250 0.971875 0.434375 0.967187 0.439063 0.960938 0.442188 0.953125 0.443750 0.950000 0.445312 0.948438 0.448437 0.946875 0.453125 0.948438 0.459375 0.950000 0.459375 0.953125 0.462500 0.965625 0.467187 0.976562 0.467187 0.984375 0.464062 0.987500 0.462500 0.990625 0.459375 0.998437 0.456250 0.998437 0.403125 0.993750 0.403125 0.989062 0.398438 0.984375 0.396875 0.982812 0.395313 0.982812 0.393750 0.979688 0.390625
0 0.998437 0.453125 0.993750 0.456250 0.989062 0.457813 0.979688 0.465625 0.973437 0.468750 0.965625 0.468750 0.960938 0.467187 0.953125 0.462500 0.946875 0.460938 0.942187 0.465625 0.942187 0.473438 0.934375 0.482812 0.934375 0.485938 0.946875 0.498437 0.950000 0.498437 0.954688 0.503125 0.957812 0.504687 0.965625 0.506250 0.970313 0.510938 0.978125 0.510938 0.982812 0.512500 0.987500 0.512500 0.995313 0.510938 0.998437 0.509375
0 0.962500 0.512500 0.960938 0.509375 0.956250 0.504687 0.950000 0.501563 0.942187 0.498437 0.920312 0.501563 0.900000 0.500000 0.892188 0.500000 0.889062 0.501563 0.884375 0.504687 0.884375 0.507812 0.882812 0.509375 0.882812 0.512500 0.884375 0.514062 0.882812 0.520312 0.884375 0.523438 0.887500 0.526563 0.890625 0.528125 0.898438 0.529687 0.901563 0.529687 0.912500 0.528125 0.923438 0.534375 0.931250 0.540625 0.934375 0.539062 0.939063 0.535937 0.943750 0.534375 0.959375 0.518750
0 0.985938 0.512500 0.982812 0.510938 0.976562 0.514062 0.968750 0.512500 0.965625 0.514062 0.964063 0.515625 0.959375 0.521875 0.956250 0.523438 0.953125 0.523438 0.945312 0.528125 0.940625 0.528125 0.940625 0.531250 0.937500 0.534375 0.934375 0.534375 0.931250 0.537500 0.931250 0.540625 0.943750 0.540625 0.945312 0.543750 0.940625 0.548438 0.946875 0.548438 0.956250 0.545312 0.960938 0.546875 0.965625 0.546875 0.970313 0.542188 0.971875 0.539062 0.971875 0.535937 0.981250 0.526563 0.985938 0.517188
0 0.856250 0.217188 0.856250 0.223438 0.857812 0.226562 0.860938 0.229687 0.862500 0.232813 0.864062 0.237500 0.865625 0.248438 0.868750 0.254688 0.873437 0.259375 0.875000 0.264062 0.881250 0.270313 0.884375 0.271875 0.893750 0.271875 0.900000 0.270313 0.903125 0.268750 0.903125 0.262500 0.896875 0.256250 0.896875 0.243750 0.893750 0.229687 0.885938 0.228125 0.882812 0.225000 0.879687 0.217188 0.875000 0.217188 0.868750 0.220312 0.865625 0.220312 0.860938 0.217188
1 0.832812 0.025000 0.829688 0.028125 0.829688 0.039062 0.831250 0.042188 0.832812 0.043750 0.835938 0.045312 0.846875 0.045312 0.851562 0.040625 0.853125 0.037500 0.853125 0.028125 0.850000 0.025000 0.846875 0.023438 0.837500 0.023438
1 0.878125 0.046875 0.875000 0.045312 0.864062 0.045312 0.857812 0.051562 0.854688 0.056250 0.854688 0.065625 0.859375 0.070312 0.862500 0.071875 0.865625 0.071875 0.870313 0.070312 0.873437 0.068750 0.876563 0.065625 0.878125 0.065625 0.879687 0.064062 0.879687 0.062500 0.882812 0.059375 0.882812 0.051562
1 0.845313 0.053125 0.840625 0.051562 0.834375 0.053125 0.831250 0.054688 0.828125 0.059375 0.828125 0.067187 0.831250 0.070312 0.842187 0.070312 0.846875 0.065625 0.846875 0.056250
1 0.870313 0.076563 0.859375 0.076563 0.856250 0.078125 0.851562 0.082812 0.851562 0.098437 0.856250 0.103125 0.860938 0.103125 0.864062 0.101562 0.871875 0.096875 0.875000 0.093750 0.876563 0.087500 0.875000 0.081250
1 0.906250 0.095312 0.903125 0.093750 0.896875 0.093750 0.887500 0.096875 0.885938 0.100000 0.885938 0.104688 0.887500 0.107813 0.901563 0.109375 0.906250 0.104688 0.906250 0.101562 0.907813 0.098437
0 0.929688 0.548438 0.925000 0.550000 0.918750 0.556250 0.918750 0.560937 0.917188 0.567187 0.912500 0.571875 0.910937 0.581250 0.910937 0.584375 0.912500 0.587500 0.926562 0.589063 0.932813 0.585938 0.934375 0.582812 0.932813 0.578125 0.935937 0.573438 0.935937 0.568750 0.932813 0.564063 0.931250 0.551562