0 0.907813 0.587500 0.904687 0.585938 0.900000 0.585938 0.896875 0.587500 0.890625 0.593750 0.885938 0.593750 0.879687 0.589063 0.868750 0.589063 0.865625 0.590625 0.860938 0.593750 0.854688 0.601562 0.851562 0.604688 0.845313 0.604688 0.842187 0.606250 0.837500 0.610938 0.835938 0.614062 0.835938 0.618750 0.837500 0.621875 0.840625 0.625000 0.851562 0.629687 0.856250 0.631250 0.860938 0.631250 0.879687 0.629687 0.882812 0.626563 0.889062 0.618750 0.903125 0.606250 0.906250 0.600000 0.907813 0.595313
0 0.920312 0.606250 0.920312 0.610938 0.921875 0.614062 0.926562 0.618750 0.934375 0.623437 0.942187 0.631250 0.945312 0.632812 0.950000 0.634375 0.956250 0.635938 0.960938 0.635938 0.968750 0.632812 0.978125 0.631250 0.982812 0.634375 0.985938 0.634375 0.998437 0.621875 0.998437 0.610938 0.993750 0.609375 0.985938 0.601562 0.985938 0.598437 0.984375 0.595313 0.981250 0.592187 0.975000 0.589063 0.964063 0.589063 0.957812 0.592187 0.953125 0.592187 0.940625 0.590625 0.939063 0.589063 0.929688 0.589063 0.926562 0.590625 0.925000 0.592187 0.923438 0.595313
0 0.984375 0.684375 0.970313 0.685937 0.964063 0.682813 0.950000 0.682813 0.946875 0.684375 0.935937 0.695312 0.932813 0.701562 0.931250 0.710938 0.926562 0.720313 0.925000 0.726562 0.925000 0.732812 0.928125 0.739062 0.934375 0.743750 0.939063 0.745313 0.940625 0.746875 0.942187 0.750000 0.942187 0.753125 0.945312 0.759375 0.946875 0.760938 0.950000 0.762500 0.953125 0.762500 0.957812 0.760938 0.968750 0.754687 0.971875 0.751563 0.975000 0.746875 0.981250 0.735938 0.989062 0.728125 0.990625 0.723437 0.990625 0.714063 0.992188 0.712500 0.993750 0.700000 0.992188 0.693750 0.990625 0.690625
0 0.907813 0.725000 0.893750 0.725000 0.887500 0.728125 0.881250 0.735938 0.868750 0.754687 0.868750 0.759375 0.870313 0.762500 0.875000 0.765625 0.878125 0.771875 0.882812 0.778125 0.887500 0.782813 0.896875 0.782813 0.901563 0.781250 0.912500 0.776563 0.917188 0.773438 0.923438 0.767188 0.926562 0.762500 0.926562 0.748437 0.925000 0.743750 0.921875 0.737500 0.910937 0.726562
0 0.795312 0.732812 0.789062 0.739062 0.787500 0.742188 0.787500 0.745313 0.790625 0.756250 0.790625 0.759375 0.787500 0.764062 0.787500 0.775000 0.790625 0.778125 0.793750 0.779687 0.796875 0.785937 0.801562 0.787500 0.810937 0.798438 0.814063 0.801562 0.818750 0.801562 0.821875 0.800000 0.823438 0.798438 0.825000 0.793750 0.835938 0.782813 0.837500 0.776563 0.840625 0.773438 0.842187 0.770312 0.842187 0.765625 0.839063 0.762500 0.839063 0.757812 0.835938 0.751563 0.829688 0.745313 0.823438 0.742188 0.815625 0.734375 0.801562 0.731250
0 0.881250 0.695312 0.875000 0.695312 0.865625 0.698438 0.850000 0.698438 0.842187 0.695312 0.837500 0.696875 0.834375 0.704688 0.831250 0.707812 0.826562 0.709375 0.820312 0.715625 0.818750 0.720313 0.817187 0.728125 0.818750 0.734375 0.826562 0.742188 0.831250 0.743750 0.834375 0.745313 0.835938 0.750000 0.842187 0.760938 0.843750 0.768750 0.848437 0.768750 0.851562 0.767188 0.856250 0.764062 0.870313 0.750000 0.871875 0.746875 0.871875 0.743750 0.882812 0.732812 0.887500 0.726562 0.889062 0.723437 0.890625 0.718750 0.890625 0.707812 0.889062 0.703125 0.885938 0.700000 0.885938 0.698438 0.884375 0.696875
0 0.896875 0.634375 0.889062 0.632812 0.881250 0.629687 0.871875 0.628125 0.862500 0.629687 0.859375 0.631250 0.856250 0.634375 0.854688 0.639062 0.850000 0.643750 0.843750 0.645312 0.837500 0.650000 0.834375 0.654687 0.832812 0.657813 0.832812 0.668750 0.834375 0.671875 0.840625 0.679688 0.839063 0.689063 0.839063 0.692187 0.840625 0.695312 0.845313 0.695312 0.846875 0.696875 0.865625 0.696875 0.871875 0.695312 0.876563 0.693750 0.879687 0.692187 0.885938 0.685937 0.892188 0.676562 0.895312 0.668750 0.901563 0.660937 0.901563 0.643750 0.900000 0.639062 0.896875 0.635938
0 0.379688 0.648438 0.378125 0.650000 0.371875 0.650000 0.368750 0.651563 0.367188 0.653125 0.365625 0.656250 0.365625 0.662500 0.364063 0.665625 0.359375 0.668750 0.356250 0.675000 0.356250 0.685937 0.359375 0.689063 0.364063 0.692187 0.368750 0.692187 0.373437 0.696875 0.373437 0.706250 0.375000 0.710938 0.379688 0.715625 0.384375 0.717187 0.389062 0.717187 0.393750 0.715625 0.404687 0.704688 0.409375 0.703125 0.412500 0.704688 0.418750 0.703125 0.421875 0.701562 0.421875 0.698438 0.423438 0.696875 0.423438 0.692187 0.421875 0.687500 0.415625 0.676562 0.415625 0.665625 0.412500 0.659375 0.407813 0.654687 0.401562 0.651563 0.390625 0.651563 0.384375 0.648438
0 0.360938 0.557813 0.353125 0.557813 0.348438 0.562500 0.346875 0.567187 0.345313 0.576562 0.342187 0.579688 0.334375 0.579688 0.329688 0.581250 0.323437 0.587500 0.321875 0.590625 0.321875 0.603125 0.323437 0.606250 0.329688 0.612500 0.332813 0.618750 0.332813 0.623437 0.335938 0.626563 0.340625 0.628125 0.345313 0.628125 0.351562 0.626563 0.356250 0.621875 0.360938 0.621875 0.365625 0.625000 0.371875 0.625000 0.375000 0.623437 0.382812 0.615625 0.384375 0.612500 0.384375 0.600000 0.385937 0.596875 0.389062 0.593750 0.392188 0.587500 0.392188 0.581250 0.390625 0.576562 0.385937 0.571875 0.381250 0.570312 0.373437 0.570312 0.367188 0.562500 0.364063 0.559375
0 0.423438 0.570312 0.417187 0.573438 0.414062 0.576562 0.410938 0.578125 0.403125 0.578125 0.398438 0.581250 0.396875 0.585938 0.393750 0.590625 0.392188 0.609375 0.392188 0.617188 0.393750 0.620313 0.398438 0.625000 0.403125 0.628125 0.404687 0.628125 0.406250 0.629687 0.407813 0.634375 0.410938 0.637500 0.418750 0.637500 0.425000 0.640625 0.434375 0.640625 0.437500 0.639062 0.446875 0.631250 0.451562 0.626563 0.453125 0.620313 0.456250 0.617188 0.457813 0.614062 0.457813 0.607812 0.456250 0.603125 0.453125 0.600000 0.451562 0.596875 0.451562 0.587500 0.450000 0.582812 0.448437 0.579688 0.445312 0.576562 0.431250 0.570312
0 0.393750 0.500000 0.390625 0.501563 0.384375 0.507812 0.379688 0.520312 0.379688 0.525000 0.382812 0.529687 0.382812 0.535937 0.381250 0.537500 0.381250 0.545312 0.382812 0.548438 0.387500 0.551562 0.406250 0.560937 0.410938 0.562500 0.420312 0.562500 0.426563 0.559375 0.431250 0.554688 0.432812 0.551562 0.432812 0.548438 0.439063 0.542188 0.440625 0.542188 0.446875 0.535937 0.448437 0.531250 0.448437 0.528125 0.446875 0.526563 0.446875 0.521875 0.442188 0.515625 0.440625 0.512500 0.440625 0.507812 0.439063 0.504687 0.432812 0.501563 0.426563 0.501563 0.425000 0.503125 0.417187 0.503125 0.407813 0.498437 0.401562 0.498437
0 0.481250 0.529687 0.475000 0.535937 0.475000 0.539062 0.471875 0.542188 0.467187 0.542188 0.464062 0.543750 0.460938 0.550000 0.460938 0.557813 0.462500 0.564063 0.467187 0.571875 0.493750 0.598437 0.503125 0.598437 0.506250 0.596875 0.507812 0.595313 0.509375 0.592187 0.509375 0.584375 0.504687 0.576562 0.504687 0.571875 0.506250 0.562500 0.503125 0.556250 0.501563 0.554688 0.493750 0.548438 0.492188 0.545312 0.490625 0.537500 0.487500 0.532813 0.484375 0.529687
0 0.467187 0.615625 0.462500 0.615625 0.459375 0.617188 0.456250 0.620313 0.453125 0.625000 0.451562 0.631250 0.450000 0.634375 0.443750 0.639062 0.440625 0.645312 0.443750 0.654687 0.443750 0.659375 0.440625 0.664062 0.439063 0.668750 0.439063 0.673438 0.440625 0.676562 0.446875 0.678125 0.450000 0.676562 0.453125 0.673438 0.468750 0.673438 0.475000 0.670312 0.478125 0.667188 0.479687 0.662500 0.479687 0.648438 0.484375 0.639062 0.484375 0.629687 0.481250 0.626563 0.476562 0.625000 0.471875 0.618750 0.470313 0.617188
0 0.493750 0.473438 0.492188 0.476562 0.490625 0.481250 0.490625 0.490625 0.493750 0.496875 0.496875 0.498437 0.498437 0.501563 0.498437 0.507812 0.500000 0.510938 0.501563 0.512500 0.504687 0.514062 0.520312 0.512500 0.525000 0.510938 0.531250 0.504687 0.542188 0.506250 0.545312 0.506250 0.548438 0.504687 0.551562 0.501563 0.553125 0.496875 0.553125 0.475000 0.546875 0.468750 0.532813 0.460938 0.520312 0.457813 0.512500 0.457813 0.501563 0.468750 0.496875 0.471875 0.495312 0.471875
0 0.560937 0.434375 0.556250 0.435937 0.553125 0.437500 0.545312 0.440625 0.542188 0.442188 0.539062 0.445312 0.535937 0.450000 0.534375 0.456250 0.534375 0.460938 0.535937 0.464062 0.539062 0.468750 0.542188 0.471875 0.546875 0.475000 0.554688 0.479687 0.564063 0.482812 0.568750 0.482812 0.571875 0.481250 0.573438 0.478125 0.576562 0.473438 0.578125 0.470313 0.579688 0.465625 0.579688 0.460938 0.576562 0.456250 0.576562 0.448437 0.573438 0.442188 0.571875 0.440625 0.570312 0.440625 0.567187 0.437500
0 0.617188 0.453125 0.614062 0.451562 0.604688 0.451562 0.601562 0.453125 0.595313 0.459375 0.592187 0.460938 0.581250 0.460938 0.578125 0.464062 0.575000 0.470313 0.570312 0.481250 0.570312 0.492188 0.568750 0.503125 0.568750 0.506250 0.571875 0.509375 0.582812 0.509375 0.587500 0.510938 0.590625 0.514062 0.595313 0.515625 0.600000 0.514062 0.603125 0.512500 0.604688 0.510938 0.609375 0.501563 0.610938 0.496875 0.610938 0.490625 0.612500 0.487500 0.618750 0.481250 0.626563 0.478125 0.629687 0.475000 0.628125 0.470313 0.621875 0.470313 0.618750 0.468750 0.617188 0.462500 0.618750 0.460938
0 0.610938 0.364063 0.601562 0.371875 0.598437 0.379688 0.598437 0.400000 0.595313 0.406250 0.595313 0.410938 0.596875 0.417187 0.598437 0.421875 0.601562 0.428125 0.606250 0.429688 0.609375 0.432812 0.614062 0.439063 0.617188 0.440625 0.621875 0.440625 0.625000 0.437500 0.626563 0.432812 0.626563 0.428125 0.632812 0.421875 0.634375 0.421875 0.640625 0.415625 0.642188 0.412500 0.642188 0.403125 0.634375 0.395313 0.632812 0.392188 0.635938 0.384375 0.634375 0.375000 0.631250 0.373437 0.623437 0.371875 0.620313 0.368750 0.620313 0.367188 0.617188 0.364063
0 0.496875 0.392188 0.490625 0.390625 0.482812 0.392188 0.478125 0.396875 0.476562 0.401562 0.465625 0.403125 0.459375 0.406250 0.456250 0.409375 0.454688 0.412500 0.453125 0.420312 0.454688 0.431250 0.451562 0.437500 0.451562 0.440625 0.453125 0.443750 0.454688 0.445312 0.456250 0.445312 0.457813 0.454688 0.459375 0.459375 0.460938 0.462500 0.465625 0.467187 0.468750 0.468750 0.476562 0.468750 0.479687 0.467187 0.482812 0.464062 0.485938 0.462500 0.492188 0.467187 0.500000 0.467187 0.503125 0.465625 0.506250 0.462500 0.509375 0.457813 0.510938 0.454688 0.509375 0.446875 0.510938 0.442188 0.518750 0.434375 0.520312 0.426563 0.518750 0.420312 0.517188 0.417187 0.506250 0.407813 0.504687 0.404687 0.504687 0.400000 0.501563 0.396875 0.501563 0.395313 0.500000 0.393750
0 0.432812 0.359375 0.428125 0.359375 0.423438 0.360938 0.414062 0.365625 0.403125 0.375000 0.393750 0.371875 0.392188 0.375000 0.390625 0.379688 0.390625 0.384375 0.393750 0.390625 0.393750 0.400000 0.392188 0.406250 0.390625 0.407813 0.390625 0.410938 0.393750 0.417187 0.396875 0.420312 0.401562 0.421875 0.409375 0.421875 0.414062 0.426563 0.417187 0.428125 0.426563 0.428125 0.431250 0.426563 0.437500 0.420312 0.439063 0.415625 0.446875 0.409375 0.450000 0.406250 0.453125 0.400000 0.453125 0.390625 0.451562 0.387500 0.448437 0.385937 0.443750 0.385937 0.440625 0.382812 0.440625 0.378125 0.442188 0.368750 0.440625 0.364063 0.437500 0.360938
0 0.556250 0.309375 0.545312 0.315625 0.535937 0.323437 0.532813 0.326562 0.528125 0.335938 0.528125 0.342187 0.529687 0.346875 0.531250 0.350000 0.534375 0.353125 0.535937 0.353125 0.537500 0.354687 0.539062 0.357812 0.539062 0.371875 0.543750 0.376563 0.554688 0.376563 0.559375 0.378125 0.567187 0.382812 0.573438 0.382812 0.578125 0.387500 0.581250 0.389062 0.585938 0.389062 0.589063 0.387500 0.593750 0.382812 0.595313 0.378125 0.595313 0.367188 0.592187 0.362500 0.592187 0.353125 0.589063 0.343750 0.585938 0.340625 0.587500 0.334375 0.590625 0.326562 0.590625 0.320312 0.587500 0.314063 0.582812 0.310937 0.578125 0.310937 0.567187 0.312500 0.564063 0.309375
0 0.379688 0.281250 0.376563 0.282813 0.375000 0.284375 0.371875 0.290625 0.371875 0.295312 0.368750 0.298438 0.362500 0.300000 0.356250 0.300000 0.353125 0.301563 0.350000 0.304688 0.348438 0.307812 0.350000 0.332813 0.353125 0.334375 0.356250 0.334375 0.362500 0.339062 0.368750 0.345313 0.371875 0.346875 0.378125 0.348438 0.384375 0.353125 0.387500 0.354687 0.392188 0.356250 0.400000 0.356250 0.404687 0.351562 0.407813 0.346875 0.406250 0.332813 0.410938 0.328125 0.415625 0.326562 0.418750 0.325000 0.420312 0.323437 0.421875 0.320312 0.421875 0.306250 0.420312 0.303125 0.414062 0.300000 0.409375 0.295312 0.409375 0.293750 0.406250 0.290625 0.396875 0.282813 0.393750 0.281250
0 0.310937 0.357812 0.309375 0.362500 0.309375 0.379688 0.312500 0.382812 0.314063 0.382812 0.317188 0.401562 0.320312 0.403125 0.331250 0.403125 0.334375 0.404687 0.335938 0.406250 0.339062 0.412500 0.342187 0.414062 0.345313 0.414062 0.348438 0.410938 0.350000 0.406250 0.353125 0.403125 0.359375 0.401562 0.367188 0.393750 0.368750 0.390625 0.368750 0.384375 0.367188 0.381250 0.350000 0.364063 0.345313 0.362500 0.339062 0.362500 0.335938 0.359375 0.334375 0.354687 0.328125 0.359375 0.318750 0.360938
0 0.343750 0.332813 0.340625 0.337500 0.340625 0.340625 0.331250 0.356250 0.332813 0.360938 0.340625 0.365625 0.350000 0.376563 0.356250 0.379688 0.360938 0.379688 0.364063 0.381250 0.367188 0.384375 0.368750 0.387500 0.378125 0.384375 0.381250 0.382812 0.387500 0.376563 0.393750 0.368750 0.395313 0.364063 0.384375 0.353125 0.382812 0.353125 0.370312 0.343750 0.364063 0.340625 0.356250 0.339062 0.353125 0.337500 0.346875 0.332813
0 0.570312 0.256250 0.565625 0.256250 0.562500 0.257812 0.556250 0.264062 0.553125 0.268750 0.551562 0.273438 0.551562 0.279687 0.554688 0.282813 0.556250 0.290625 0.559375 0.292187 0.571875 0.292187 0.576562 0.287500 0.578125 0.284375 0.579688 0.279687 0.581250 0.270313 0.581250 0.265625 0.578125 0.262500 0.578125 0.260937 0.576562 0.259375
0 0.592187 0.223438 0.582812 0.223438 0.578125 0.225000 0.570312 0.231250 0.568750 0.232813 0.567187 0.235937 0.567187 0.251563 0.568750 0.254688 0.570312 0.256250 0.579688 0.260937 0.585938 0.260937 0.589063 0.259375 0.598437 0.250000 0.600000 0.246875 0.600000 0.235937 0.598437 0.229687 0.595313 0.225000
1 0.501563 0.251563 0.498437 0.251563 0.489063 0.253125 0.487500 0.257812 0.482812 0.265625 0.481250 0.271875 0.481250 0.278125 0.482812 0.284375 0.489063 0.290625 0.500000 0.290625 0.503125 0.289062 0.504687 0.287500 0.506250 0.284375 0.507812 0.279687 0.509375 0.271875 0.509375 0.260937 0.507812 0.257812
1 0.789062 0.101562 0.785937 0.106250 0.784375 0.110937 0.784375 0.121875 0.785937 0.125000 0.789062 0.129688 0.792188 0.132812 0.795312 0.134375 0.800000 0.134375 0.801562 0.132812 0.807813 0.132812 0.812500 0.131250 0.817187 0.126562 0.818750 0.121875 0.818750 0.109375 0.817187 0.106250 0.810937 0.100000 0.807813 0.098437 0.795312 0.098437
1 0.845313 0.062500 0.842187 0.064062 0.835938 0.070312 0.834375 0.075000 0.834375 0.079687 0.835938 0.084375 0.843750 0.092188 0.848437 0.093750 0.851562 0.093750 0.856250 0.092188 0.860938 0.087500 0.864062 0.081250 0.864062 0.071875 0.860938 0.065625 0.854688 0.062500
1 0.939063 0.037500 0.935937 0.037500 0.932813 0.040625 0.929688 0.045312 0.928125 0.048438 0.928125 0.056250 0.931250 0.059375 0.940625 0.059375 0.943750 0.056250 0.945312 0.051562 0.945312 0.043750 0.942187 0.039062
1 0.920312 0.092188 0.917188 0.090625 0.912500 0.090625 0.906250 0.093750 0.901563 0.098437 0.903125 0.104688 0.917188 0.104688 0.920312 0.101562 0.921875 0.098437 0.921875 0.095312
0 0.900000 0.142187 0.895312 0.137500 0.881250 0.135937 0.875000 0.135937 0.871875 0.137500 0.862500 0.146875 0.850000 0.160938 0.851562 0.165625 0.856250 0.167187 0.875000 0.167187 0.885938 0.165625 0.893750 0.162500 0.900000 0.156250 0.900000 0.151562 0.901563 0.150000 0.901563 0.146875
0 0.951562 0.134375 0.945312 0.140625 0.943750 0.143750 0.943750 0.153125 0.945312 0.156250 0.950000 0.160938 0.953125 0.162500 0.959375 0.164062 0.964063 0.162500 0.967187 0.160938 0.970313 0.157812 0.973437 0.151562 0.973437 0.142187 0.971875 0.139063 0.970313 0.137500 0.967187 0.135937 0.962500 0.134375
0 0.923438 0.000000 0.906250 0.000000 0.903125 0.003125 0.900000 0.010937 0.895312 0.015625 0.885938 0.015625 0.881250 0.018750 0.878125 0.021875 0.876563 0.025000 0.876563 0.035937 0.882812 0.053125 0.887500 0.057813 0.890625 0.059375 0.895312 0.059375 0.901563 0.064062 0.912500 0.064062 0.921875 0.059375 0.923438 0.050000 0.925000 0.043750 0.928125 0.040625 0.929688 0.035937 0.929688 0.015625 0.925000 0.007812 0.923438 0.003125
0 0.825000 0.015625 0.821875 0.015625 0.820312 0.017188 0.817187 0.017188 0.815625 0.015625 0.810937 0.015625 0.803125 0.023438 0.790625 0.043750 0.782813 0.050000 0.781250 0.051562 0.781250 0.053125 0.778125 0.056250 0.776563 0.067187 0.779687 0.070312 0.782813 0.070312 0.785937 0.073438 0.787500 0.078125 0.793750 0.078125 0.800000 0.076563 0.804688 0.075000 0.807813 0.073438 0.812500 0.068750 0.815625 0.062500 0.826562 0.045312 0.829688 0.037500 0.831250 0.029687 0.831250 0.026562 0.829688 0.025000 0.829688 0.020313
0 0.262500 0.000000 0.212500 0.000000 0.212500 0.003125 0.210938 0.004687 0.212500 0.025000 0.210938 0.028125 0.207813 0.031250 0.204687 0.037500 0.203125 0.042188 0.203125 0.046875 0.201563 0.048438 0.201563 0.051562 0.203125 0.056250 0.204687 0.059375 0.209375 0.062500 0.214062 0.064062 0.220312 0.064062 0.223438 0.067187 0.225000 0.071875 0.228125 0.075000 0.235937 0.075000 0.239063 0.073438 0.245312 0.067187 0.248438 0.060937 0.253125 0.056250 0.259375 0.054688 0.268750 0.045312 0.270313 0.042188 0.270313 0.026562 0.267188 0.023438 0.265625 0.023438 0.262500 0.020313
0 0.239063 0.125000 0.232813 0.125000 0.229687 0.128125 0.226562 0.132812 0.225000 0.137500 0.223438 0.139063 0.220312 0.140625 0.217188 0.140625 0.214062 0.142187 0.209375 0.146875 0.207813 0.150000 0.206250 0.156250 0.206250 0.167187 0.207813 0.170313 0.210938 0.171875 0.212500 0.175000 0.212500 0.178125 0.210938 0.190625 0.214062 0.193750 0.217188 0.193750 0.221875 0.192188 0.228125 0.185938 0.231250 0.184375 0.235937 0.184375 0.240625 0.181250 0.245312 0.176563 0.250000 0.170313 0.250000 0.165625 0.253125 0.160938 0.254688 0.156250 0.254688 0.140625 0.253125 0.137500 0.250000 0.134375 0.245312 0.132812 0.242188 0.129688 0.242188 0.128125
0 0.260937 0.195312 0.251563 0.206250 0.248438 0.212500 0.248438 0.223438 0.253125 0.229687 0.253125 0.235937 0.256250 0.242188 0.259375 0.243750 0.268750 0.243750 0.271875 0.242188 0.275000 0.239063 0.287500 0.239063 0.292187 0.234375 0.293750 0.229687 0.295312 0.220312 0.295312 0.206250 0.293750 0.203125 0.292187 0.201563 0.290625 0.201563 0.287500 0.198437 0.284375 0.196875 0.276562 0.193750 0.264062 0.193750
0 0.328125 0.150000 0.315625 0.159375 0.310937 0.159375 0.306250 0.162500 0.296875 0.170313 0.295312 0.170313 0.293750 0.171875 0.292187 0.175000 0.290625 0.179688 0.290625 0.185938 0.293750 0.192188 0.300000 0.200000 0.300000 0.203125 0.298438 0.218750 0.301563 0.221875 0.312500 0.221875 0.318750 0.220312 0.326562 0.215625 0.335938 0.214062 0.339062 0.212500 0.342187 0.209375 0.343750 0.206250 0.345313 0.193750 0.350000 0.187500 0.351562 0.184375 0.353125 0.178125 0.353125 0.171875 0.351562 0.168750 0.350000 0.167187 0.342187 0.162500 0.339062 0.162500 0.335938 0.160938 0.332813 0.157812 0.332813 0.154688
0 0.332813 0.121875 0.329688 0.120313 0.318750 0.121875 0.309375 0.112500 0.304688 0.110937 0.300000 0.110937 0.296875 0.112500 0.293750 0.115625 0.284375 0.131250 0.279687 0.140625 0.279687 0.148438 0.284375 0.156250 0.284375 0.160938 0.287500 0.167187 0.290625 0.168750 0.298438 0.168750 0.310937 0.164062 0.325000 0.154688 0.331250 0.153125 0.328125 0.150000 0.328125 0.146875 0.331250 0.140625 0.334375 0.137500 0.335938 0.134375 0.335938 0.125000
1 0.264062 0.162500 0.260937 0.165625 0.259375 0.168750 0.259375 0.176563 0.262500 0.182812 0.271875 0.184375 0.275000 0.182812 0.278125 0.176563 0.278125 0.171875 0.276562 0.168750 0.270313 0.162500
0 0.420312 0.092188 0.417187 0.090625 0.404687 0.090625 0.390625 0.096875 0.385937 0.100000 0.382812 0.103125 0.381250 0.106250 0.378125 0.115625 0.378125 0.125000 0.379688 0.132812 0.381250 0.137500 0.385937 0.142187 0.389062 0.143750 0.393750 0.143750 0.409375 0.142187 0.412500 0.140625 0.417187 0.135937 0.418750 0.131250 0.418750 0.128125 0.420312 0.123438 0.428125 0.115625 0.429688 0.112500 0.429688 0.109375 0.428125 0.101562 0.426563 0.098437
0 0.481250 0.117188 0.470313 0.112500 0.467187 0.114062 0.465625 0.118750 0.462500 0.121875 0.454688 0.128125 0.451562 0.129688 0.442188 0.128125 0.439063 0.128125 0.439063 0.131250 0.429688 0.142187 0.428125 0.145313 0.428125 0.150000 0.431250 0.153125 0.435937 0.154688 0.437500 0.157812 0.437500 0.168750 0.440625 0.171875 0.451562 0.171875 0.454688 0.168750 0.454688 0.165625 0.457813 0.162500 0.460938 0.160938 0.465625 0.160938 0.471875 0.157812 0.473438 0.154688 0.473438 0.145313 0.471875 0.143750 0.471875 0.135937 0.475000 0.129688 0.481250 0.121875
0 0.431250 0.076563 0.428125 0.079687 0.428125 0.087500 0.431250 0.082812 0.432812 0.093750 0.431250 0.095312 0.431250 0.103125 0.435937 0.110937 0.435937 0.118750 0.437500 0.125000 0.439063 0.126562 0.439063 0.129688 0.442188 0.131250 0.448437 0.131250 0.454688 0.129688 0.462500 0.123438 0.464062 0.123438 0.465625 0.121875 0.467187 0.117188 0.468750 0.115625 0.473438 0.114062 0.475000 0.107813 0.478125 0.103125 0.478125 0.098437 0.475000 0.095312 0.475000 0.093750 0.473438 0.092188 0.470313 0.090625 0.457813 0.090625 0.451562 0.089063 0.446875 0.087500 0.443750 0.085938 0.439063 0.081250 0.434375 0.078125
0 0.478125 0.000000 0.475000 0.003125 0.471875 0.009375 0.471875 0.014063 0.470313 0.017188 0.465625 0.021875 0.464062 0.025000 0.462500 0.031250 0.454688 0.031250 0.450000 0.034375 0.439063 0.045312 0.439063 0.053125 0.462500 0.053125 0.465625 0.056250 0.467187 0.060937 0.468750 0.070312 0.468750 0.079687 0.470313 0.087500 0.471875 0.090625 0.476562 0.095312 0.484375 0.096875 0.489063 0.092188 0.493750 0.082812 0.493750 0.073438 0.496875 0.068750 0.496875 0.057813 0.501563 0.046875 0.501563 0.040625 0.500000 0.035937 0.495312 0.031250 0.496875 0.017188 0.492188 0.010937 0.487500 0.009375 0.485938 0.006250 0.484375 0.000000
0 0.493750 0.000000 0.493750 0.003125 0.492188 0.004687 0.492188 0.014063 0.496875 0.018750 0.500000 0.018750 0.503125 0.020313 0.506250 0.023438 0.507812 0.035937 0.509375 0.039062 0.514062 0.043750 0.517188 0.043750 0.523438 0.037500 0.526563 0.029687 0.528125 0.026562 0.543750 0.025000 0.545312 0.009375 0.545312 0.000000
0 0.370312 0.000000 0.368750 0.003125 0.351594 0.011844 0.362969 0.026766 0.373437 0.050000 0.375000 0.053125 0.378125 0.056250 0.378125 0.060937 0.379688 0.064062 0.382812 0.067187 0.387500 0.068750 0.395313 0.068750 0.398438 0.067187 0.401562 0.064062 0.404687 0.056250 0.409375 0.057813 0.409375 0.059375 0.412500 0.064062 0.415625 0.065625 0.426563 0.065625 0.431250 0.060937 0.432812 0.057813 0.432812 0.050000 0.428125 0.042188 0.425000 0.032813 0.423438 0.025000 0.425000 0.006250 0.421875 0.000000 0.400000 0.001563 0.393750 0.001563
0 0.348438 0.012500 0.337500 0.012500 0.329688 0.017188 0.309375 0.017188 0.306250 0.018750 0.303125 0.021875 0.301563 0.025000 0.300000 0.029687 0.300000 0.037500 0.295312 0.042188 0.293750 0.042188 0.290625 0.045312 0.289062 0.048438 0.289062 0.051562 0.290625 0.056250 0.295312 0.060937 0.295312 0.067187 0.293750 0.076563 0.298438 0.084375 0.303125 0.087500 0.321875 0.087500 0.323437 0.089063 0.328125 0.096875 0.332813 0.100000 0.342187 0.100000 0.346875 0.098437 0.354687 0.090625 0.356250 0.087500 0.357812 0.079687 0.360938 0.075000 0.367188 0.068750 0.368750 0.065625 0.370312 0.057813 0.371875 0.054688 0.370312 0.046875 0.365625 0.032813 0.364063 0.029687 0.359375 0.026562 0.357812 0.021875 0.354687 0.017188
1 0.315625 0.093750 0.315625 0.106250 0.317188 0.109375 0.326562 0.110937 0.331250 0.106250 0.332813 0.103125 0.331250 0.100000 0.326562 0.095312 0.323437 0.093750
0 0.134375 0.643750 0.131250 0.643750 0.126562 0.648438 0.125000 0.653125 0.121875 0.656250 0.118750 0.656250 0.115625 0.657813 0.109375 0.665625 0.107813 0.668750 0.106250 0.675000 0.104688 0.689063 0.103125 0.695312 0.096875 0.706250 0.096875 0.725000 0.098437 0.728125 0.101562 0.731250 0.103125 0.731250 0.106250 0.734375 0.106250 0.735938 0.110937 0.740625 0.115625 0.739062 0.115625 0.728125 0.118750 0.725000 0.121875 0.723437 0.129688 0.723437 0.132812 0.720313 0.132812 0.718750 0.135937 0.715625 0.140625 0.715625 0.143750 0.712500 0.145313 0.709375 0.146875 0.704688 0.146875 0.654687 0.145313 0.653125 0.145313 0.650000
0 0.060937 0.603125 0.059375 0.606250 0.057813 0.610938 0.057813 0.618750 0.054688 0.625000 0.054688 0.629687 0.057813 0.635938 0.065625 0.645312 0.073438 0.648438 0.076563 0.651563 0.079687 0.653125 0.084375 0.653125 0.092188 0.648438 0.103125 0.646875 0.112500 0.646875 0.107813 0.642188 0.106250 0.637500 0.106250 0.631250 0.104688 0.628125 0.101562 0.625000 0.098437 0.623437 0.093750 0.621875 0.085938 0.621875 0.078125 0.620313 0.071875 0.614062 0.065625 0.604688
0 0.095312 0.729688 0.085938 0.729688 0.082812 0.731250 0.079687 0.734375 0.079687 0.735938 0.076563 0.739062 0.070312 0.739062 0.067187 0.740625 0.060937 0.746875 0.057813 0.751563 0.056250 0.754687 0.054688 0.762500 0.054688 0.770312 0.056250 0.771875 0.056250 0.781250 0.057813 0.785937 0.062500 0.790625 0.067187 0.793750 0.073438 0.793750 0.076563 0.792188 0.079687 0.784375 0.089063 0.773438 0.092188 0.771875 0.095312 0.771875 0.101562 0.768750 0.107813 0.762500 0.110937 0.753125 0.109375 0.742188 0.104688 0.740625
0 0.060937 0.743750 0.050000 0.742188 0.048438 0.743750 0.040625 0.743750 0.034375 0.740625 0.028125 0.742188 0.026562 0.746875 0.026562 0.759375 0.018750 0.768750 0.015625 0.771875 0.012500 0.771875 0.009375 0.775000 0.010937 0.790625 0.014063 0.790625 0.017188 0.787500 0.018750 0.790625 0.025000 0.795312 0.037500 0.795312 0.046875 0.784375 0.050000 0.782813 0.046875 0.778125 0.046875 0.773438 0.048438 0.771875 0.048438 0.765625 0.053125 0.760938 0.053125 0.757812 0.059375 0.748437
0 0.000000 0.725000 0.000000 0.776563 0.006250 0.776563 0.010937 0.771875 0.012500 0.771875 0.015625 0.768750 0.015625 0.767188 0.018750 0.764062 0.020313 0.764062 0.023438 0.760938 0.025000 0.757812 0.025000 0.754687 0.023438 0.746875 0.021875 0.742188 0.020313 0.739062 0.007812 0.726562 0.004687 0.725000
0 0.060937 0.651563 0.051562 0.651563 0.042188 0.654687 0.039062 0.656250 0.031250 0.664062 0.025000 0.667188 0.020313 0.668750 0.018750 0.671875 0.017188 0.679688 0.015625 0.692187 0.015625 0.704688 0.017188 0.712500 0.018750 0.717187 0.026562 0.725000 0.028125 0.725000 0.035937 0.734375 0.040625 0.737500 0.053125 0.737500 0.059375 0.734375 0.064062 0.729688 0.065625 0.729688 0.068750 0.726562 0.068750 0.725000 0.073438 0.720313 0.078125 0.718750 0.081250 0.714063 0.084375 0.707812 0.087500 0.695312 0.087500 0.684375 0.085938 0.678125 0.079687 0.671875 0.078125 0.671875 0.073438 0.667188 0.073438 0.662500 0.070312 0.659375
0 0.000000 0.646875 0.000000 0.721875 0.009375 0.721875 0.014063 0.717187 0.015625 0.714063 0.015625 0.682813 0.017188 0.675000 0.020313 0.668750 0.020313 0.665625 0.017188 0.662500 0.015625 0.662500 0.010937 0.657813 0.009375 0.653125 0.006250 0.648438 0.003125 0.646875