0 0.310937 0.004687 0.310937 0.009375 0.312500 0.012500 0.318750 0.021875 0.325000 0.028125 0.328125 0.029687 0.332813 0.031250 0.342187 0.031250 0.343750 0.032813 0.351562 0.032813 0.354687 0.029687 0.356250 0.026562 0.359375 0.017188 0.362500 0.017188 0.370312 0.018750 0.375000 0.017188 0.375000 0.010937 0.373437 0.006250 0.370312 0.003125 0.370312 0.001563 0.312500 0.000000 0.312500 0.003125
0 0.420312 0.012500 0.414062 0.009375 0.406250 0.009375 0.400000 0.012500 0.395313 0.017188 0.390625 0.018750 0.385937 0.018750 0.379688 0.021875 0.373437 0.028125 0.367188 0.031250 0.362500 0.035937 0.360938 0.039062 0.362500 0.046875 0.365625 0.048438 0.368750 0.048438 0.373437 0.053125 0.378125 0.054688 0.384375 0.054688 0.400000 0.045312 0.403125 0.043750 0.418750 0.043750 0.423438 0.040625 0.428125 0.035937 0.426563 0.026562 0.421875 0.023438
0 0.654687 0.073438 0.643750 0.073438 0.637500 0.076563 0.632812 0.079687 0.626563 0.087500 0.615625 0.087500 0.614062 0.089063 0.606250 0.089063 0.606250 0.095312 0.609375 0.106250 0.614062 0.114062 0.614062 0.120313 0.612500 0.121875 0.612500 0.128125 0.614062 0.131250 0.618750 0.135937 0.620313 0.135937 0.623437 0.139063 0.625000 0.142187 0.626563 0.146875 0.632812 0.150000 0.637500 0.150000 0.643750 0.146875 0.650000 0.142187 0.662500 0.129688 0.665625 0.125000 0.668750 0.118750 0.668750 0.110937 0.673438 0.100000 0.675000 0.093750 0.675000 0.089063 0.670312 0.082812 0.665625 0.081250 0.659375 0.078125
0 0.585938 0.215625 0.584375 0.218750 0.584375 0.223438 0.587500 0.226562 0.587500 0.229687 0.589063 0.232813 0.592187 0.235937 0.596875 0.237500 0.601562 0.237500 0.606250 0.242188 0.606250 0.248438 0.609375 0.254688 0.614062 0.259375 0.618750 0.262500 0.628125 0.262500 0.642188 0.260937 0.643750 0.259375 0.646875 0.259375 0.650000 0.253125 0.651563 0.243750 0.651563 0.221875 0.648438 0.217188 0.648438 0.210938 0.646875 0.207813 0.642188 0.203125 0.637500 0.203125 0.629687 0.198437 0.625000 0.198437 0.620313 0.195312 0.610938 0.195312 0.607812 0.198437 0.607812 0.200000 0.603125 0.204687 0.598437 0.206250 0.593750 0.210938 0.589063 0.212500
0 0.642188 0.265625 0.642188 0.271875 0.645312 0.278125 0.639062 0.284375 0.637500 0.287500 0.635938 0.293750 0.639062 0.300000 0.645312 0.306250 0.651563 0.309375 0.656250 0.314063 0.664062 0.323437 0.668750 0.325000 0.671875 0.323437 0.678125 0.317188 0.685937 0.315625 0.692187 0.315625 0.695312 0.312500 0.695312 0.300000 0.687500 0.285938 0.687500 0.281250 0.685937 0.276562 0.682813 0.270313 0.676562 0.264062 0.645312 0.264062
0 0.767188 0.196875 0.762500 0.196875 0.757812 0.198437 0.754687 0.201563 0.750000 0.210938 0.737500 0.212500 0.731250 0.214062 0.728125 0.215625 0.723437 0.220312 0.721875 0.223438 0.720313 0.245312 0.720313 0.256250 0.723437 0.262500 0.726562 0.265625 0.729688 0.267188 0.737500 0.268750 0.740625 0.271875 0.742188 0.281250 0.746875 0.281250 0.759375 0.275000 0.764062 0.273438 0.771875 0.273438 0.775000 0.271875 0.784375 0.262500 0.790625 0.254688 0.793750 0.250000 0.796875 0.237500 0.796875 0.226562 0.795312 0.221875 0.790625 0.212500 0.784375 0.206250
1 0.639062 0.178125 0.632812 0.184375 0.629687 0.190625 0.628125 0.195312 0.628125 0.198437 0.632812 0.203125 0.637500 0.203125 0.640625 0.206250 0.645312 0.207813 0.648438 0.206250 0.654687 0.201563 0.654687 0.198437 0.656250 0.196875 0.656250 0.189062 0.654687 0.184375 0.650000 0.179688 0.646875 0.178125
1 0.718750 0.184375 0.715625 0.185938 0.709375 0.192188 0.707812 0.196875 0.707812 0.203125 0.709375 0.207813 0.710938 0.210938 0.717187 0.214062 0.723437 0.215625 0.729688 0.214062 0.732812 0.212500 0.735938 0.209375 0.735938 0.193750 0.734375 0.190625 0.729688 0.185938 0.726562 0.184375
0 0.796875 0.109375 0.785937 0.109375 0.778125 0.117188 0.778125 0.121875 0.775000 0.128125 0.767188 0.132812 0.765625 0.132812 0.764062 0.134375 0.762500 0.137500 0.760938 0.142187 0.760938 0.150000 0.762500 0.154688 0.768750 0.160938 0.768750 0.171875 0.770312 0.176563 0.771875 0.179688 0.776563 0.184375 0.779687 0.185938 0.785937 0.187500 0.790625 0.185938 0.795312 0.182812 0.809375 0.182812 0.812500 0.181250 0.818750 0.175000 0.821875 0.168750 0.821875 0.160938 0.825000 0.156250 0.826562 0.151562 0.826562 0.142187 0.825000 0.134375 0.821875 0.128125 0.818750 0.125000 0.815625 0.123438 0.812500 0.123438 0.806250 0.120313 0.801562 0.115625 0.801562 0.114062
0 0.239063 0.379688 0.234375 0.384375 0.235937 0.407813 0.235937 0.410938 0.231250 0.418750 0.229687 0.423438 0.232813 0.443750 0.235937 0.443750 0.237500 0.442188 0.242188 0.442188 0.243750 0.440625 0.248438 0.442188 0.248438 0.445312 0.250000 0.446875 0.251563 0.450000 0.254688 0.448437 0.256250 0.446875 0.260937 0.437500 0.262500 0.432812 0.264062 0.406250 0.260937 0.398438 0.259375 0.387500 0.253125 0.385937 0.248438 0.385937 0.245312 0.384375
0 0.267188 0.350000 0.262500 0.350000 0.250000 0.351562 0.237500 0.364063 0.237500 0.367188 0.239063 0.382812 0.242188 0.382812 0.246875 0.385937 0.251563 0.387500 0.259375 0.389062 0.264062 0.384375 0.265625 0.378125 0.267188 0.356250
0 0.332813 0.350000 0.329688 0.346875 0.321875 0.343750 0.314063 0.337500 0.309375 0.337500 0.278125 0.339062 0.275000 0.340625 0.271875 0.343750 0.271875 0.345313 0.267188 0.350000 0.265625 0.359375 0.265625 0.384375 0.268750 0.387500 0.273438 0.390625 0.278125 0.392188 0.287500 0.389062 0.290625 0.385937 0.295312 0.384375 0.307812 0.381250 0.310937 0.379688 0.312500 0.378125 0.314063 0.375000 0.314063 0.371875 0.315625 0.368750 0.320312 0.364063 0.325000 0.362500 0.329688 0.359375 0.332813 0.356250
0 0.359375 0.385937 0.356250 0.382812 0.348438 0.379688 0.342187 0.373437 0.339062 0.373437 0.335938 0.371875 0.334375 0.368750 0.323437 0.367188 0.320312 0.368750 0.315625 0.371875 0.310937 0.378125 0.304688 0.378125 0.296875 0.382812 0.290625 0.387500 0.289062 0.389062 0.287500 0.392188 0.287500 0.407813 0.289062 0.410938 0.293750 0.415625 0.293750 0.425000 0.295312 0.429688 0.300000 0.434375 0.304688 0.435937 0.310937 0.435937 0.314063 0.434375 0.320312 0.428125 0.325000 0.426563 0.332813 0.428125 0.339062 0.426563 0.342187 0.425000 0.348438 0.418750 0.351562 0.412500 0.354687 0.409375 0.356250 0.409375 0.360938 0.404687 0.362500 0.400000 0.362500 0.393750 0.360938 0.389062
0 0.418750 0.382812 0.415625 0.384375 0.414062 0.385937 0.412500 0.390625 0.407813 0.395313 0.403125 0.396875 0.401562 0.398438 0.401562 0.400000 0.398438 0.403125 0.396875 0.407813 0.396875 0.415625 0.406250 0.429688 0.406250 0.443750 0.409375 0.450000 0.414062 0.453125 0.423438 0.453125 0.429688 0.450000 0.440625 0.451562 0.443750 0.451562 0.445312 0.450000 0.450000 0.450000 0.453125 0.448437 0.457813 0.443750 0.459375 0.439063 0.465625 0.432812 0.467187 0.429688 0.467187 0.421875 0.470313 0.415625 0.470313 0.403125 0.468750 0.400000 0.465625 0.396875 0.462500 0.395313 0.457813 0.393750 0.450000 0.393750 0.446875 0.390625 0.440625 0.382812
0 0.373437 0.412500 0.365625 0.417187 0.354687 0.417187 0.351562 0.418750 0.348438 0.425000 0.346875 0.435937 0.346875 0.462500 0.353125 0.465625 0.357812 0.465625 0.360938 0.468750 0.368750 0.478125 0.371875 0.479687 0.378125 0.479687 0.381250 0.478125 0.384375 0.475000 0.385937 0.475000 0.387500 0.473438 0.389062 0.470313 0.390625 0.456250 0.400000 0.448437 0.401562 0.445312 0.401562 0.431250 0.400000 0.428125 0.396875 0.425000 0.390625 0.421875 0.384375 0.415625 0.381250 0.414062
0 0.364063 0.382812 0.364063 0.393750 0.365625 0.396875 0.368750 0.400000 0.381250 0.400000 0.384375 0.398438 0.387500 0.395313 0.389062 0.392188 0.387500 0.379688 0.379688 0.378125 0.371875 0.378125 0.367188 0.379688
0 0.215625 0.456250 0.210938 0.457813 0.198437 0.465625 0.195312 0.470313 0.196875 0.485938 0.193750 0.490625 0.193750 0.501563 0.195312 0.506250 0.198437 0.512500 0.203125 0.517188 0.204687 0.517188 0.207813 0.520312 0.210938 0.528125 0.214062 0.531250 0.218750 0.532813 0.226562 0.532813 0.232813 0.526563 0.235937 0.521875 0.237500 0.510938 0.237500 0.501563 0.240625 0.493750 0.240625 0.475000 0.239063 0.471875 0.235937 0.470313 0.229687 0.468750 0.228125 0.465625 0.226562 0.460938 0.223438 0.457813 0.218750 0.456250
1 0.240625 0.468750 0.240625 0.475000 0.242188 0.481250 0.243750 0.484375 0.264062 0.484375 0.267188 0.481250 0.268750 0.478125 0.268750 0.468750 0.267188 0.465625 0.262500 0.462500 0.257812 0.460938 0.250000 0.460938 0.246875 0.462500
0 0.301563 0.456250 0.300000 0.457813 0.295312 0.457813 0.290625 0.460938 0.289062 0.464062 0.287500 0.468750 0.287500 0.475000 0.284375 0.478125 0.281250 0.478125 0.278125 0.479687 0.275000 0.482812 0.275000 0.496875 0.276562 0.503125 0.281250 0.512500 0.285938 0.514062 0.290625 0.518750 0.293750 0.523438 0.293750 0.525000 0.295312 0.526563 0.298438 0.528125 0.306250 0.528125 0.312500 0.531250 0.315625 0.531250 0.320312 0.529687 0.329688 0.520312 0.335938 0.518750 0.339062 0.517188 0.340625 0.515625 0.340625 0.514062 0.343750 0.510938 0.343750 0.500000 0.342187 0.496875 0.335938 0.489063 0.337500 0.485938 0.340625 0.481250 0.340625 0.475000 0.339062 0.470313 0.334375 0.465625 0.329688 0.464062 0.321875 0.464062 0.315625 0.462500 0.304688 0.456250
0 0.556250 0.404687 0.550000 0.404687 0.540625 0.409375 0.535937 0.414062 0.518750 0.414062 0.515625 0.415625 0.512500 0.418750 0.512500 0.423438 0.510938 0.426563 0.507812 0.429688 0.506250 0.432812 0.506250 0.446875 0.509375 0.450000 0.510938 0.456250 0.512500 0.459375 0.520312 0.467187 0.526563 0.467187 0.539062 0.465625 0.543750 0.468750 0.548438 0.470313 0.551562 0.470313 0.556250 0.468750 0.560937 0.464062 0.562500 0.459375 0.573438 0.448437 0.576562 0.442188 0.576562 0.429688 0.575000 0.426563 0.568750 0.420312 0.567187 0.415625 0.564063 0.412500 0.564063 0.410938 0.562500 0.409375
0 0.617188 0.456250 0.612500 0.457813 0.606250 0.464062 0.592187 0.479687 0.590625 0.482812 0.590625 0.517188 0.593750 0.520312 0.596875 0.521875 0.600000 0.521875 0.606250 0.526563 0.614062 0.528125 0.617188 0.531250 0.617188 0.532813 0.618750 0.534375 0.625000 0.537500 0.629687 0.537500 0.634375 0.535937 0.640625 0.532813 0.654687 0.518750 0.657813 0.512500 0.659375 0.507812 0.659375 0.481250 0.657813 0.476562 0.645312 0.464062 0.642188 0.462500 0.635938 0.460938 0.628125 0.457813 0.620313 0.456250
0 0.478125 0.443750 0.473438 0.443750 0.467187 0.446875 0.464062 0.450000 0.464062 0.451562 0.453125 0.453125 0.450000 0.454688 0.448437 0.456250 0.446875 0.459375 0.445312 0.464062 0.445312 0.470313 0.443750 0.475000 0.440625 0.479687 0.437500 0.489063 0.437500 0.495312 0.439063 0.498437 0.442188 0.501563 0.443750 0.501563 0.446875 0.504687 0.448437 0.509375 0.448437 0.515625 0.453125 0.520312 0.456250 0.521875 0.460938 0.521875 0.475000 0.520312 0.482812 0.518750 0.487500 0.515625 0.490625 0.515625 0.493750 0.514062 0.495312 0.510938 0.496875 0.503125 0.496875 0.493750 0.501563 0.489063 0.503125 0.485938 0.504687 0.481250 0.504687 0.470313 0.501563 0.464062 0.498437 0.460938 0.495312 0.460938 0.487500 0.459375 0.485938 0.459375 0.484375 0.457813 0.482812 0.454688 0.482812 0.450000 0.481250 0.446875
0 0.244000 0.625500 0.242438 0.627062 0.237750 0.628625 0.234625 0.631750 0.234625 0.647375 0.236187 0.656750 0.240875 0.664562 0.242438 0.672375 0.242438 0.680187 0.244000 0.683312 0.251812 0.684875 0.259625 0.680187 0.264313 0.680187 0.267437 0.678625 0.272125 0.673937 0.273687 0.669250 0.275250 0.661438 0.275250 0.634875 0.273687 0.628625 0.272125 0.627062 0.272125 0.623938
0 0.279687 0.554609 0.267188 0.554609 0.264062 0.557734 0.262500 0.560859 0.262500 0.563984 0.259375 0.567109 0.253125 0.567109 0.248438 0.568672 0.245312 0.570234 0.240625 0.574922 0.239063 0.578047 0.239063 0.590547 0.242188 0.596797 0.248438 0.603047 0.242188 0.613984 0.242188 0.617109 0.245312 0.623359 0.248438 0.624922 0.260937 0.624922 0.265625 0.620234 0.270313 0.620234 0.273438 0.623359 0.278125 0.623359 0.282813 0.621797 0.285938 0.620234 0.293750 0.612422 0.296875 0.606172 0.298438 0.599922 0.298438 0.579609 0.296875 0.573359 0.293750 0.570234 0.290625 0.570234 0.284375 0.563984 0.282813 0.559297
0 0.317188 0.543750 0.310937 0.546875 0.304688 0.546875 0.300000 0.548438 0.292187 0.556250 0.292187 0.565625 0.296875 0.575000 0.296875 0.579688 0.300000 0.585938 0.304688 0.589063 0.315625 0.589063 0.320312 0.587500 0.326562 0.584375 0.328125 0.582812 0.328125 0.581250 0.331250 0.578125 0.332813 0.575000 0.332813 0.560937 0.329688 0.554688 0.326562 0.550000 0.323437 0.546875
0 0.512500 0.528125 0.500000 0.515625 0.496875 0.514062 0.493750 0.514062 0.479687 0.518750 0.476562 0.520312 0.473438 0.523438 0.470313 0.525000 0.460938 0.525000 0.454688 0.526563 0.451562 0.529687 0.450000 0.529687 0.448437 0.531250 0.446875 0.534375 0.446875 0.543750 0.448437 0.562500 0.450000 0.565625 0.454688 0.568750 0.465625 0.573438 0.470313 0.573438 0.473438 0.575000 0.476562 0.578125 0.481250 0.579688 0.484375 0.579688 0.489063 0.578125 0.498437 0.573438 0.503125 0.568750 0.504687 0.565625 0.503125 0.554688 0.504687 0.551562 0.510938 0.545312 0.514062 0.539062 0.514062 0.531250
0 0.560937 0.503125 0.553125 0.503125 0.548438 0.504687 0.542188 0.510938 0.540625 0.514062 0.540625 0.520312 0.539062 0.523438 0.537500 0.525000 0.534375 0.526563 0.531250 0.526563 0.528125 0.528125 0.526563 0.529687 0.526563 0.531250 0.523438 0.534375 0.523438 0.542188 0.526563 0.553125 0.525000 0.559375 0.521875 0.560937 0.515625 0.560937 0.512500 0.562500 0.509375 0.565625 0.507812 0.568750 0.507812 0.584375 0.501563 0.590625 0.498437 0.598437 0.498437 0.603125 0.500000 0.609375 0.501563 0.612500 0.504687 0.615625 0.509375 0.618750 0.514062 0.620313 0.521875 0.628125 0.525000 0.629687 0.532813 0.631250 0.535937 0.631250 0.540625 0.629687 0.546875 0.626563 0.546875 0.625000 0.548438 0.623437 0.551562 0.621875 0.556250 0.621875 0.560937 0.620313 0.564063 0.617188 0.565625 0.612500 0.570312 0.607812 0.573438 0.607812 0.575000 0.609375 0.578125 0.609375 0.584375 0.606250 0.595313 0.606250 0.603125 0.603125 0.604688 0.601562 0.607812 0.595313 0.607812 0.582812 0.612500 0.575000 0.612500 0.570312 0.609375 0.562500 0.603125 0.556250 0.595313 0.553125 0.590625 0.548438 0.590625 0.526563 0.589063 0.523438 0.582812 0.520312 0.575000 0.520312 0.571875 0.517188 0.570312 0.510938 0.564063 0.504687
0 0.465625 0.612500 0.464062 0.615625 0.464062 0.618750 0.459375 0.623437 0.457813 0.626563 0.454688 0.639062 0.454688 0.643750 0.457813 0.648438 0.457813 0.657813 0.459375 0.660937 0.464062 0.665625 0.467187 0.667188 0.475000 0.667188 0.479687 0.664062 0.485938 0.664062 0.498437 0.665625 0.504687 0.659375 0.506250 0.654687 0.506250 0.646875 0.504687 0.642188 0.503125 0.639062 0.498437 0.634375 0.496875 0.631250 0.496875 0.628125 0.493750 0.621875 0.489063 0.615625 0.487500 0.614062 0.484375 0.612500 0.479687 0.610938 0.473438 0.609375 0.468750 0.610938
0 0.431250 0.553125 0.428125 0.556250 0.426563 0.559375 0.426563 0.576562 0.423438 0.585938 0.418750 0.592187 0.406250 0.604688 0.404687 0.607812 0.404687 0.621875 0.406250 0.628125 0.407813 0.631250 0.412500 0.637500 0.414062 0.640625 0.414062 0.650000 0.415625 0.654687 0.418750 0.657813 0.421875 0.659375 0.429688 0.659375 0.437500 0.653125 0.443750 0.653125 0.446875 0.651563 0.453125 0.643750 0.454688 0.640625 0.459375 0.625000 0.459375 0.614062 0.457813 0.601562 0.456250 0.595313 0.454688 0.592187 0.451562 0.589063 0.450000 0.578125 0.446875 0.570312 0.442188 0.562500 0.434375 0.554688
0 0.378125 0.590625 0.375000 0.589063 0.354687 0.589063 0.351562 0.592187 0.348438 0.596875 0.346875 0.601562 0.343750 0.604688 0.343750 0.606250 0.331250 0.610938 0.331250 0.618750 0.334375 0.621875 0.334375 0.626563 0.331250 0.629687 0.331250 0.642188 0.332813 0.645312 0.353125 0.645312 0.354687 0.646875 0.376563 0.645312 0.385937 0.634375 0.389062 0.628125 0.389062 0.621875 0.390625 0.620313 0.390625 0.615625 0.389062 0.610938 0.385937 0.606250 0.385937 0.601562 0.384375 0.596875
0 0.314063 0.656250 0.312500 0.662500 0.312500 0.675000 0.314063 0.678125 0.317188 0.681250 0.321875 0.682813 0.325000 0.684375 0.326562 0.685937 0.328125 0.689063 0.326562 0.696875 0.328125 0.703125 0.329688 0.706250 0.334375 0.710938 0.337500 0.712500 0.351562 0.714063 0.356250 0.714063 0.360938 0.712500 0.368750 0.706250 0.375000 0.704688 0.381250 0.704688 0.384375 0.701562 0.385937 0.698438 0.387500 0.693750 0.385937 0.682813 0.385937 0.679688 0.389062 0.675000 0.389062 0.664062 0.385937 0.657813 0.379688 0.651563 0.375000 0.648438 0.362500 0.646875 0.331250 0.646875 0.318750 0.651563
1 0.309375 0.643750 0.309375 0.653125 0.314063 0.656250 0.326562 0.650000 0.325000 0.639062 0.310937 0.640625
0 0.367188 0.709375 0.365625 0.712500 0.368750 0.717187 0.364063 0.721875 0.362500 0.721875 0.357812 0.726562 0.357812 0.731250 0.360938 0.737500 0.364063 0.740625 0.365625 0.743750 0.365625 0.748437 0.367188 0.751563 0.371875 0.756250 0.378125 0.759375 0.384375 0.759375 0.392188 0.767188 0.395313 0.768750 0.410938 0.768750 0.415625 0.767188 0.418750 0.765625 0.421875 0.762500 0.421875 0.751563 0.417187 0.742188 0.412500 0.737500 0.410938 0.732812 0.406250 0.728125 0.392188 0.721875 0.390625 0.720313 0.389062 0.715625 0.382812 0.709375 0.379688 0.707812 0.370312 0.707812
0 0.454688 0.693750 0.456250 0.703125 0.453125 0.707812 0.453125 0.717187 0.456250 0.723437 0.465625 0.731250 0.468750 0.735938 0.468750 0.737500 0.481250 0.739062 0.498437 0.737500 0.506250 0.735938 0.509375 0.732812 0.512500 0.732812 0.525000 0.720313 0.526563 0.715625 0.526563 0.707812 0.523438 0.700000 0.521875 0.690625 0.518750 0.689063 0.514062 0.689063 0.509375 0.685937 0.503125 0.684375 0.492188 0.682813 0.487500 0.682813 0.485938 0.684375 0.479687 0.684375 0.475000 0.681250 0.465625 0.681250 0.456250 0.690625
0 0.537500 0.748437 0.535937 0.746875 0.535937 0.743750 0.529687 0.740625 0.523438 0.734375 0.520312 0.732812 0.510938 0.732812 0.503125 0.735938 0.487500 0.735938 0.479687 0.737500 0.470313 0.740625 0.467187 0.743750 0.467187 0.764062 0.468750 0.765625 0.468750 0.768750 0.475000 0.767188 0.485938 0.768750 0.489063 0.771875 0.489063 0.773438 0.493750 0.778125 0.500000 0.781250 0.504687 0.782813 0.512500 0.784375 0.523438 0.784375 0.526563 0.782813 0.531250 0.778125 0.532813 0.775000 0.532813 0.767188 0.537500 0.762500 0.539062 0.757812
0 0.550000 0.626563 0.550000 0.631250 0.553125 0.635938 0.554688 0.642188 0.554688 0.650000 0.551562 0.660937 0.553125 0.664062 0.560937 0.667188 0.567187 0.673438 0.576562 0.675000 0.579688 0.678125 0.589063 0.676562 0.590625 0.673438 0.590625 0.667188 0.593750 0.664062 0.596875 0.662500 0.603125 0.662500 0.603125 0.657813 0.600000 0.656250 0.595313 0.654687 0.593750 0.648438 0.595313 0.646875 0.595313 0.640625 0.593750 0.637500 0.592187 0.635938 0.589063 0.634375 0.585938 0.634375 0.582812 0.632812 0.578125 0.628125 0.564063 0.628125 0.559375 0.623437 0.556250 0.623437
0 0.568750 0.676562 0.564063 0.675000 0.560937 0.675000 0.550000 0.679688 0.545312 0.684375 0.543750 0.687500 0.543750 0.695312 0.542188 0.696875 0.542188 0.703125 0.545312 0.707812 0.546875 0.714063 0.551562 0.715625 0.560937 0.712500 0.568750 0.709375 0.578125 0.704688 0.581250 0.701562 0.581250 0.690625 0.576562 0.685937 0.575000 0.681250 0.571875 0.678125
0 0.617188 0.590625 0.610938 0.596875 0.609375 0.600000 0.607812 0.604688 0.607812 0.610938 0.604688 0.617188 0.604688 0.623437 0.606250 0.626563 0.610938 0.631250 0.615625 0.632812 0.628125 0.632812 0.629687 0.634375 0.640625 0.634375 0.646875 0.631250 0.648438 0.629687 0.650000 0.626563 0.650000 0.615625 0.654687 0.607812 0.654687 0.603125 0.651563 0.596875 0.648438 0.593750 0.642188 0.590625 0.632812 0.589063 0.621875 0.589063
0 0.714063 0.626563 0.706250 0.628125 0.701562 0.626563 0.698438 0.621875 0.687500 0.621875 0.682813 0.626563 0.682813 0.628125 0.676562 0.635938 0.670312 0.642188 0.662500 0.645312 0.657813 0.648438 0.651563 0.654687 0.650000 0.657813 0.653125 0.665625 0.653125 0.673438 0.654687 0.678125 0.657813 0.681250 0.673438 0.681250 0.676562 0.684375 0.679688 0.681250 0.682813 0.673438 0.692187 0.664062 0.698438 0.660937 0.709375 0.660937 0.715625 0.657813 0.718750 0.654687 0.720313 0.651563 0.720313 0.648438 0.715625 0.639062
0 0.728125 0.510938 0.720313 0.512500 0.717187 0.512500 0.707812 0.510938 0.704688 0.514062 0.701562 0.520312 0.701562 0.529687 0.700000 0.532813 0.698438 0.534375 0.696875 0.534375 0.693750 0.537500 0.690625 0.543750 0.689063 0.550000 0.689063 0.556250 0.690625 0.559375 0.698438 0.567187 0.700000 0.581250 0.704688 0.585938 0.709375 0.587500 0.712500 0.587500 0.717187 0.584375 0.720313 0.579688 0.723437 0.579688 0.728125 0.582812 0.734375 0.582812 0.739062 0.578125 0.740625 0.570312 0.739062 0.564063 0.737500 0.562500 0.735938 0.554688 0.739062 0.543750 0.739062 0.539062 0.737500 0.535937 0.731250 0.528125 0.729688 0.525000
0 0.793750 0.726562 0.790625 0.725000 0.782813 0.723437 0.776563 0.728125 0.771875 0.728125 0.773438 0.734375 0.770312 0.737500 0.767188 0.735938 0.768750 0.746875 0.765625 0.750000 0.751563 0.750000 0.745313 0.745313 0.742188 0.745313 0.739062 0.743750 0.732812 0.745313 0.726562 0.748437 0.718750 0.748437 0.710938 0.756250 0.709375 0.756250 0.703125 0.762500 0.701562 0.765625 0.701562 0.782813 0.703125 0.787500 0.706250 0.792188 0.700000 0.796875 0.698438 0.810937 0.706250 0.821875 0.712500 0.828125 0.717187 0.829688 0.729688 0.829688 0.740625 0.823438 0.753125 0.823438 0.756250 0.821875 0.759375 0.818750 0.767188 0.800000 0.768750 0.789062 0.773438 0.781250 0.776563 0.778125 0.779687 0.778125 0.782813 0.775000 0.790625 0.773438 0.793750 0.775000 0.796875 0.773438 0.796875 0.765625 0.804688 0.759375 0.809375 0.754687 0.809375 0.743750 0.806250 0.743750 0.800000 0.740625 0.798438 0.737500 0.798438 0.734375 0.795312 0.731250
0 0.657813 0.820312 0.653125 0.825000 0.651563 0.829688 0.651563 0.832812 0.653125 0.840625 0.651563 0.854688 0.653125 0.857812 0.654687 0.859375 0.656250 0.859375 0.659375 0.862500 0.662500 0.864062 0.673438 0.864062 0.679688 0.860938 0.684375 0.856250 0.687500 0.850000 0.689063 0.843750 0.689063 0.832812 0.685937 0.826562 0.682813 0.823438 0.682813 0.821875 0.676562 0.818750 0.664062 0.818750
0 0.754687 0.918750 0.757812 0.921875 0.756250 0.926562 0.759375 0.928125 0.759375 0.921875
0 0.653125 0.876563 0.650000 0.879687 0.648438 0.887500 0.645312 0.890625 0.642188 0.890625 0.639062 0.893750 0.639062 0.898438 0.640625 0.903125 0.643750 0.906250 0.643750 0.921875 0.650000 0.928125 0.651563 0.928125 0.657813 0.934375 0.659375 0.939063 0.660937 0.940625 0.664062 0.942187 0.673438 0.942187 0.678125 0.939063 0.685937 0.939063 0.689063 0.935937 0.690625 0.928125 0.689063 0.915625 0.692187 0.910937 0.692187 0.898438 0.690625 0.893750 0.684375 0.887500 0.671875 0.878125 0.668750 0.876563
0 0.700000 0.912500 0.700000 0.925000 0.706250 0.931250 0.706250 0.935937 0.704688 0.945312 0.707812 0.948438 0.712500 0.950000 0.720313 0.950000 0.728125 0.954688 0.737500 0.954688 0.743750 0.953125 0.748437 0.951562 0.751563 0.948438 0.753125 0.948438 0.754687 0.946875 0.756250 0.943750 0.757812 0.931250 0.759375 0.931250 0.760938 0.929688 0.762500 0.926562 0.762500 0.923438 0.760938 0.920312 0.754687 0.914062 0.746875 0.912500 0.743750 0.910937 0.737500 0.906250 0.732812 0.904687 0.712500 0.904687 0.707812 0.906250 0.704688 0.907813
0 0.092188 0.487500 0.085938 0.485938 0.079687 0.485938 0.076563 0.487500 0.073438 0.490625 0.070312 0.495312 0.065625 0.507812 0.059375 0.517188 0.051562 0.525000 0.048438 0.529687 0.048438 0.540625 0.051562 0.548438 0.053125 0.551562 0.064062 0.553125 0.070312 0.551562 0.076563 0.548438 0.078125 0.543750 0.084375 0.529687 0.095312 0.518750 0.095312 0.510938 0.092188 0.507812 0.090625 0.504687 0.090625 0.500000 0.093750 0.493750
0 0.007812 0.439063 0.000000 0.439063 0.000000 0.501563 0.004687 0.500000 0.017188 0.493750 0.021875 0.489063 0.023438 0.484375 0.023438 0.475000 0.018750 0.460938 0.014063 0.453125 0.014063 0.446875 0.012500 0.443750
0 0.000000 0.395313 0.000000 0.425000 0.006250 0.425000 0.009375 0.423438 0.015625 0.418750 0.017188 0.417187 0.017188 0.415625 0.020313 0.412500 0.020313 0.406250 0.018750 0.403125 0.012500 0.396875 0.007812 0.395313
0 0.000000 0.539062 0.000000 0.601562 0.014063 0.601562 0.020313 0.600000 0.023438 0.598437 0.028125 0.595313 0.031250 0.592187 0.032813 0.587500 0.034375 0.584375 0.035937 0.582812 0.040625 0.581250 0.042188 0.575000 0.035937 0.568750 0.029687 0.565625 0.026562 0.565625 0.023438 0.564063 0.018750 0.559375 0.017188 0.556250 0.017188 0.545312 0.012500 0.540625 0.007812 0.542188 0.003125 0.540625
0 0.026562 0.626563 0.009375 0.626563 0.007812 0.628125 0.000000 0.628125 0.000000 0.714063 0.009375 0.714063 0.012500 0.712500 0.018750 0.707812 0.020313 0.706250 0.020313 0.704688 0.021875 0.703125 0.025000 0.701562 0.034375 0.700000 0.039062 0.698438 0.046875 0.693750 0.050000 0.687500 0.050000 0.679688 0.054688 0.675000 0.056250 0.671875 0.056250 0.664062 0.054688 0.660937 0.048438 0.654687 0.046875 0.654687 0.039062 0.646875 0.037500 0.643750 0.037500 0.639062 0.035937 0.634375 0.032813 0.629687
0 0.078125 0.732812 0.070312 0.734375 0.064062 0.742188 0.054688 0.745313 0.048438 0.745313 0.045312 0.746875 0.031250 0.760938 0.028125 0.765625 0.028125 0.771875 0.031250 0.776563 0.034375 0.779687 0.037500 0.779687 0.042188 0.776563 0.053125 0.767188 0.068750 0.756250 0.070312 0.756250 0.071875 0.754687 0.071875 0.753125 0.075000 0.750000 0.076563 0.746875 0.079687 0.737500
0 0.064062 0.804688 0.060937 0.803125 0.054688 0.801562 0.037500 0.801562 0.031250 0.807813 0.031250 0.809375 0.026562 0.814063 0.017188 0.817187 0.017188 0.823438 0.014063 0.826562 0.012500 0.832812 0.010937 0.845313 0.015625 0.848437 0.023438 0.850000 0.034375 0.851562 0.048438 0.851562 0.054688 0.848437 0.060937 0.842187 0.062500 0.834375 0.064062 0.831250 0.067187 0.828125 0.067187 0.825000
0 0.000000 0.768750 0.000000 0.850000 0.004687 0.850000 0.007812 0.848437 0.010937 0.845313 0.012500 0.842187 0.014063 0.834375 0.014063 0.820312 0.015625 0.815625 0.017188 0.812500 0.015625 0.804688 0.009375 0.796875 0.010937 0.793750 0.014063 0.789062 0.020313 0.782813 0.020313 0.773438 0.014063 0.773438 0.009375 0.778125 0.004687 0.771875 0.003125 0.770312
0 0.057813 0.906250 0.053125 0.910937 0.051562 0.914062 0.051562 0.920312 0.054688 0.931250 0.051562 0.935937 0.051562 0.943750 0.054688 0.948438 0.064062 0.954688 0.067187 0.956250 0.073438 0.957812 0.076563 0.959375 0.081250 0.964063 0.081250 0.965625 0.084375 0.968750 0.090625 0.970313 0.098437 0.970313 0.101562 0.964063 0.103125 0.962500 0.104688 0.962500 0.109375 0.959375 0.112500 0.956250 0.120313 0.943750 0.125000 0.934375 0.125000 0.929688 0.121875 0.923438 0.114062 0.915625 0.109375 0.914062 0.101562 0.914062 0.093750 0.909375 0.085938 0.909375 0.076563 0.904687 0.060937 0.904687
0 0.164062 0.939063 0.157812 0.935937 0.137500 0.934375 0.126562 0.934375 0.120313 0.940625 0.117188 0.945312 0.115625 0.950000 0.101562 0.964063 0.098437 0.970313 0.098437 0.973437 0.100000 0.984375 0.103125 0.990625 0.107813 0.992188 0.114062 0.998437 0.135937 0.998437 0.140625 0.993750 0.142187 0.989062 0.146875 0.985938 0.153125 0.987500 0.157812 0.985938 0.162500 0.981250 0.168750 0.968750 0.168750 0.965625 0.164062 0.956250
0 0.000000 0.984375 0.000000 0.998437 0.078125 0.998437 0.076563 0.993750 0.073438 0.987500 0.067187 0.981250 0.054688 0.976562 0.045312 0.973437 0.029687 0.973437 0.025000 0.978125 0.009375 0.978125 0.003125 0.981250
1 0.010937 0.951562 0.007812 0.953125 0.003125 0.957812 0.001563 0.962500 0.001563 0.965625 0.003125 0.970313 0.012500 0.979688 0.021875 0.979688 0.025000 0.978125 0.029687 0.973437 0.029687 0.960938 0.028125 0.957812 0.025000 0.954688 0.018750 0.951562
0 0.757812 0.837500 0.757812 0.850000 0.760938 0.853125 0.764062 0.854688 0.770312 0.856250 0.775000 0.856250 0.782813 0.851562 0.790625 0.850000 0.790625 0.840625 0.789062 0.834375 0.787500 0.831250 0.782813 0.826562 0.770312 0.826562 0.764062 0.829688 0.759375 0.834375
0 0.785937 0.881250 0.784375 0.884375 0.784375 0.896875 0.785937 0.900000 0.790625 0.903125 0.796875 0.904687 0.803125 0.904687 0.807813 0.898438 0.810937 0.895312 0.815625 0.895312 0.815625 0.901563 0.818750 0.904687 0.818750 0.906250 0.820312 0.907813 0.826562 0.912500 0.834375 0.910937 0.835938 0.907813 0.835938 0.893750 0.837500 0.890625 0.840625 0.887500 0.842187 0.884375 0.842187 0.875000 0.840625 0.864062 0.839063 0.860938 0.826562 0.859375 0.812500 0.860938 0.809375 0.862500 0.803125 0.868750 0.803125 0.870313 0.796875 0.876563 0.790625 0.878125 0.787500 0.879687
0 0.506250 0.578125 0.504687 0.573438 0.501563 0.573438 0.490625 0.579688 0.484375 0.579688 0.482812 0.581250 0.478125 0.581250 0.471875 0.579688 0.460938 0.575000 0.453125 0.575000 0.453125 0.585938 0.454688 0.590625 0.456250 0.593750 0.467187 0.595313 0.473438 0.592187 0.476562 0.595313 0.476562 0.596875 0.479687 0.600000 0.482812 0.601562 0.485938 0.601562 0.490625 0.600000 0.493750 0.598437 0.496875 0.593750 0.498437 0.587500 0.501563 0.584375 0.503125 0.584375 0.504687 0.582812 0.504687 0.581250