0 0.595313 0.304688 0.590625 0.309375 0.587500 0.315625 0.582812 0.320312 0.576562 0.323437 0.575000 0.326562 0.573438 0.331250 0.573438 0.334375 0.575000 0.339062 0.576562 0.342187 0.579688 0.345313 0.581250 0.348438 0.582812 0.353125 0.582812 0.359375 0.589063 0.365625 0.598437 0.370312 0.606250 0.371875 0.609375 0.371875 0.617188 0.370312 0.621875 0.373437 0.635938 0.373437 0.640625 0.370312 0.645312 0.365625 0.646875 0.362500 0.646875 0.357812 0.650000 0.354687 0.657813 0.354687 0.664062 0.351562 0.667188 0.348438 0.668750 0.345313 0.668750 0.331250 0.665625 0.326562 0.660937 0.321875 0.656250 0.320312 0.653125 0.318750 0.651563 0.317188 0.646875 0.309375 0.642188 0.304688 0.639062 0.303125 0.634375 0.301563 0.628125 0.301563 0.617188 0.303125 0.610938 0.300000 0.606250 0.300000 0.601562 0.301563
0 0.564063 0.362500 0.560937 0.360938 0.551562 0.360938 0.548438 0.362500 0.545312 0.367188 0.542188 0.373437 0.539062 0.376563 0.525000 0.373437 0.521875 0.375000 0.518750 0.378125 0.517188 0.381250 0.515625 0.385937 0.515625 0.392188 0.517188 0.395313 0.525000 0.401562 0.526563 0.406250 0.518750 0.414062 0.518750 0.418750 0.520312 0.421875 0.521875 0.423438 0.525000 0.425000 0.540625 0.423438 0.545312 0.423438 0.554688 0.428125 0.564063 0.428125 0.571875 0.414062 0.578125 0.396875 0.578125 0.389062 0.576562 0.382812 0.573438 0.376563 0.567187 0.365625
0 0.656250 0.387500 0.643750 0.400000 0.642188 0.403125 0.642188 0.409375 0.643750 0.415625 0.650000 0.432812 0.654687 0.437500 0.656250 0.437500 0.662500 0.443750 0.670312 0.446875 0.678125 0.454688 0.687500 0.450000 0.696875 0.450000 0.700000 0.448437 0.703125 0.445312 0.704688 0.440625 0.706250 0.434375 0.706250 0.428125 0.704688 0.425000 0.700000 0.418750 0.698438 0.415625 0.698438 0.410938 0.696875 0.407813 0.693750 0.403125 0.682813 0.396875 0.676562 0.390625 0.670312 0.387500 0.665625 0.385937 0.659375 0.385937
0 0.653125 0.468750 0.646875 0.471875 0.645312 0.473438 0.643750 0.476562 0.645312 0.490625 0.645312 0.496875 0.642188 0.500000 0.642188 0.509375 0.643750 0.515625 0.645312 0.518750 0.648438 0.521875 0.653125 0.525000 0.659375 0.525000 0.662500 0.526563 0.664062 0.528125 0.668750 0.534375 0.673438 0.535937 0.679688 0.535937 0.682813 0.534375 0.689063 0.528125 0.690625 0.523438 0.695312 0.521875 0.704688 0.521875 0.706250 0.520312 0.709375 0.520312 0.710938 0.517188 0.710938 0.501563 0.703125 0.485938 0.698438 0.481250 0.695312 0.473438 0.689063 0.467187 0.685937 0.465625 0.670312 0.465625 0.662500 0.468750
0 0.732812 0.428125 0.723437 0.428125 0.715625 0.431250 0.710938 0.432812 0.706250 0.437500 0.704688 0.440625 0.704688 0.443750 0.703125 0.446875 0.700000 0.450000 0.696875 0.451562 0.692187 0.453125 0.684375 0.454688 0.684375 0.462500 0.687500 0.464062 0.692187 0.464062 0.696875 0.465625 0.700000 0.468750 0.709375 0.471875 0.717187 0.471875 0.721875 0.470313 0.725000 0.468750 0.726562 0.467187 0.731250 0.457813 0.731250 0.453125 0.726562 0.446875 0.731250 0.442188 0.734375 0.435937
0 0.551562 0.464062 0.546875 0.467187 0.543750 0.473438 0.543750 0.481250 0.540625 0.484375 0.539062 0.484375 0.534375 0.489063 0.534375 0.498437 0.535937 0.501563 0.539062 0.504687 0.543750 0.506250 0.546875 0.520312 0.550000 0.521875 0.557813 0.521875 0.565625 0.523438 0.567187 0.525000 0.571875 0.525000 0.576562 0.523438 0.581250 0.518750 0.582812 0.515625 0.582812 0.512500 0.584375 0.509375 0.590625 0.501563 0.592187 0.496875 0.590625 0.493750 0.582812 0.485938 0.568750 0.473438 0.565625 0.471875 0.559375 0.470313
0 0.596875 0.496875 0.590625 0.500000 0.589063 0.503125 0.585938 0.507812 0.584375 0.510938 0.582812 0.517188 0.578125 0.523438 0.576562 0.528125 0.576562 0.560937 0.584375 0.568750 0.585938 0.568750 0.592187 0.575000 0.593750 0.581250 0.598437 0.585938 0.604688 0.585938 0.607812 0.584375 0.620313 0.576562 0.626563 0.570312 0.629687 0.565625 0.632812 0.559375 0.632812 0.550000 0.628125 0.534375 0.626563 0.531250 0.618750 0.523438 0.617188 0.520312 0.617188 0.515625 0.618750 0.514062 0.618750 0.509375 0.612500 0.503125 0.607812 0.500000 0.601562 0.496875
0 0.604688 0.590625 0.604688 0.595313 0.606250 0.598437 0.612500 0.601562 0.617188 0.606250 0.614062 0.609375 0.609375 0.609375 0.606250 0.612500 0.603125 0.618750 0.603125 0.625000 0.604688 0.628125 0.607812 0.632812 0.615625 0.640625 0.618750 0.642188 0.623437 0.643750 0.634375 0.643750 0.639062 0.645312 0.643750 0.650000 0.643750 0.651563 0.650000 0.657813 0.654687 0.659375 0.665625 0.657813 0.667188 0.654687 0.668750 0.640625 0.681250 0.640625 0.685937 0.635938 0.687500 0.631250 0.682813 0.623437 0.671875 0.614062 0.671875 0.603125 0.670312 0.596875 0.664062 0.590625 0.657813 0.587500 0.612500 0.587500 0.609375 0.589063
0 0.743750 0.550000 0.735938 0.551562 0.737500 0.557813 0.740625 0.567187 0.740625 0.575000 0.728125 0.585938 0.723437 0.590625 0.721875 0.595313 0.710938 0.604688 0.709375 0.607812 0.709375 0.612500 0.712500 0.618750 0.714063 0.620313 0.718750 0.621875 0.720313 0.623437 0.723437 0.631250 0.726562 0.632812 0.731250 0.632812 0.737500 0.629687 0.740625 0.626563 0.742188 0.621875 0.746875 0.617188 0.748437 0.614062 0.751563 0.603125 0.753125 0.595313 0.753125 0.587500 0.756250 0.579688 0.756250 0.562500 0.753125 0.556250 0.751563 0.554688
1 0.762500 0.559375 0.762500 0.567187 0.765625 0.573438 0.767188 0.575000 0.773438 0.578125 0.787500 0.576562 0.789062 0.573438 0.789062 0.560937 0.787500 0.557813 0.785937 0.556250 0.779687 0.553125 0.770312 0.553125 0.767188 0.554688
0 0.807813 0.642188 0.804688 0.643750 0.803125 0.645312 0.801562 0.648438 0.801562 0.651563 0.800000 0.654687 0.792188 0.662500 0.792188 0.671875 0.793750 0.675000 0.798438 0.681250 0.798438 0.684375 0.800000 0.687500 0.801562 0.689063 0.810937 0.696875 0.814063 0.698438 0.818750 0.700000 0.826562 0.700000 0.831250 0.698438 0.834375 0.695312 0.837500 0.690625 0.839063 0.687500 0.839063 0.671875 0.837500 0.664062 0.835938 0.657813 0.831250 0.648438 0.826562 0.643750 0.818750 0.642188
0 0.840625 0.625000 0.837500 0.626563 0.835938 0.628125 0.832812 0.634375 0.831250 0.639062 0.831250 0.646875 0.835938 0.660937 0.839063 0.665625 0.840625 0.676562 0.840625 0.685937 0.834375 0.698438 0.839063 0.703125 0.846875 0.703125 0.851562 0.700000 0.873437 0.700000 0.876563 0.698438 0.878125 0.696875 0.881250 0.690625 0.882812 0.684375 0.882812 0.662500 0.881250 0.657813 0.879687 0.654687 0.876563 0.651563 0.876563 0.648438 0.873437 0.645312 0.868750 0.632812 0.865625 0.629687 0.859375 0.626563 0.854688 0.625000
0 0.876563 0.621875 0.876563 0.635938 0.889062 0.648438 0.890625 0.651563 0.892188 0.657813 0.896875 0.662500 0.903125 0.665625 0.909375 0.665625 0.920312 0.671875 0.925000 0.673438 0.929688 0.673438 0.932813 0.671875 0.945312 0.657813 0.948438 0.656250 0.957812 0.654687 0.957812 0.639062 0.953125 0.629687 0.946875 0.623437 0.940625 0.623437 0.934375 0.617188 0.925000 0.615625 0.909375 0.615625 0.904687 0.612500 0.896875 0.610938 0.889062 0.612500 0.882812 0.615625
0 0.860938 0.589063 0.860938 0.593750 0.865625 0.598437 0.870313 0.601562 0.879687 0.606250 0.887500 0.606250 0.893750 0.607812 0.901563 0.612500 0.906250 0.614062 0.925000 0.612500 0.937500 0.612500 0.946875 0.617188 0.943750 0.612500 0.942187 0.607812 0.935937 0.601562 0.929688 0.596875 0.923438 0.593750 0.918750 0.592187 0.912500 0.592187 0.904687 0.589063 0.903125 0.585938 0.903125 0.582812 0.895312 0.575000 0.892188 0.573438 0.884375 0.573438 0.881250 0.575000 0.876563 0.578125 0.871875 0.584375 0.868750 0.585938 0.864062 0.585938
0 0.935937 0.670312 0.934375 0.682813 0.929688 0.684375 0.929688 0.693750 0.931250 0.696875 0.934375 0.700000 0.940625 0.703125 0.951562 0.703125 0.954688 0.706250 0.954688 0.712500 0.956250 0.715625 0.962500 0.721875 0.965625 0.723437 0.979688 0.723437 0.982812 0.720313 0.984375 0.717187 0.984375 0.714063 0.985938 0.710938 0.990625 0.709375 0.998437 0.710938 0.998437 0.689063 0.993750 0.684375 0.992188 0.678125 0.990625 0.675000 0.984375 0.668750 0.978125 0.665625 0.973437 0.664062 0.957812 0.662500 0.943750 0.662500
0 0.892188 0.329688 0.889062 0.334375 0.892188 0.340625 0.904687 0.353125 0.907813 0.357812 0.907813 0.360938 0.909375 0.364063 0.914062 0.368750 0.920312 0.371875 0.928125 0.373437 0.931250 0.375000 0.937500 0.379688 0.940625 0.379688 0.943750 0.381250 0.959375 0.393750 0.962500 0.396875 0.964063 0.401562 0.970313 0.403125 0.973437 0.400000 0.976562 0.392188 0.976562 0.389062 0.973437 0.385937 0.970313 0.381250 0.975000 0.378125 0.976562 0.373437 0.975000 0.367188 0.970313 0.362500 0.950000 0.362500 0.946875 0.360938 0.943750 0.357812 0.943750 0.356250 0.931250 0.345313 0.926562 0.343750 0.915625 0.343750 0.909375 0.337500 0.907813 0.331250 0.901563 0.328125 0.896875 0.328125
0 0.898438 0.400000 0.896875 0.404687 0.893750 0.406250 0.890625 0.406250 0.884375 0.410938 0.879687 0.415625 0.875000 0.421875 0.871875 0.435937 0.871875 0.442188 0.875000 0.445312 0.879687 0.448437 0.887500 0.450000 0.895312 0.457813 0.900000 0.459375 0.910937 0.460938 0.915625 0.459375 0.921875 0.453125 0.923438 0.448437 0.928125 0.443750 0.931250 0.437500 0.931250 0.428125 0.928125 0.421875 0.921875 0.415625 0.921875 0.414062 0.917188 0.409375 0.910937 0.406250 0.907813 0.406250 0.904687 0.404687
0 0.867688 0.439094 0.884703 0.391641 0.877563 0.387016 0.868109 0.383875 0.863703 0.376094 0.860969 0.370422 0.859297 0.367281 0.855937 0.365812 0.850266 0.364547 0.847328 0.362656 0.841656 0.360141 0.835984 0.360141 0.830531 0.368531 0.826328 0.367906 0.822125 0.366859 0.811000 0.364969 0.805531 0.369375 0.802391 0.372312 0.800703 0.380719 0.800703 0.386172 0.799453 0.392062 0.797344 0.393953 0.792938 0.400672 0.791469 0.402984 0.791891 0.407172 0.793141 0.417250 0.810359 0.422094 0.815609 0.426703 0.827172 0.436359 0.837031 0.445813 0.840188 0.450437 0.843328 0.452750 0.846484 0.454422 0.850266 0.452750
0 0.792094 0.412641 0.787266 0.413687 0.783281 0.415375 0.776984 0.422500 0.772781 0.426078 0.768578 0.431750 0.765641 0.440781 0.765219 0.448344 0.766266 0.458422 0.770250 0.467453 0.775297 0.474578 0.779922 0.479000 0.784750 0.481719 0.794203 0.482562 0.802172 0.482359 0.808469 0.480672 0.812469 0.478578 0.820453 0.476469 0.822547 0.475641 0.823172 0.476469 0.826328 0.479000 0.828641 0.481094 0.830734 0.482359 0.835359 0.485297 0.840812 0.487609 0.843125 0.489703 0.842703 0.495578 0.845438 0.503562 0.846063 0.511328 0.843969 0.524563 0.851734 0.524781 0.858672 0.518266 0.860344 0.512797 0.867281 0.512594 0.867688 0.508609 0.864750 0.500422 0.860969 0.496844 0.858453 0.490547 0.857609 0.484250 0.861812 0.477953 0.856984 0.473328 0.851531 0.468500 0.847531 0.463250
0 0.860938 0.481250 0.860938 0.489063 0.862500 0.492188 0.867188 0.496875 0.867188 0.504687 0.868750 0.509375 0.870313 0.512500 0.876563 0.518750 0.898438 0.520312 0.906250 0.518750 0.918750 0.520312 0.926562 0.521875 0.935937 0.526563 0.943750 0.528125 0.946875 0.526563 0.951562 0.521875 0.954688 0.517188 0.954688 0.507812 0.951562 0.498437 0.954688 0.498437 0.954688 0.495312 0.951562 0.489063 0.948438 0.485938 0.948438 0.484375 0.946875 0.482812 0.935937 0.475000 0.931250 0.473438 0.926562 0.473438 0.917188 0.468750 0.912500 0.464062 0.909375 0.462500 0.903125 0.460938 0.889062 0.460938 0.885938 0.462500 0.884375 0.468750 0.879687 0.470313 0.871875 0.471875 0.865625 0.475000 0.864062 0.476562 0.864062 0.478125
0 0.864062 0.542188 0.865625 0.553125 0.867188 0.556250 0.870313 0.559375 0.873437 0.560937 0.887500 0.560937 0.890625 0.559375 0.893750 0.556250 0.896875 0.548438 0.900000 0.545312 0.903125 0.546875 0.907813 0.551562 0.915625 0.556250 0.920312 0.557813 0.926562 0.554688 0.929688 0.551562 0.931250 0.548438 0.931250 0.545312 0.929688 0.535937 0.928125 0.529687 0.926562 0.526563 0.923438 0.523438 0.920312 0.521875 0.912500 0.518750 0.904687 0.517188 0.889062 0.518750 0.876563 0.523438 0.873437 0.526563 0.873437 0.529687 0.865625 0.537500
0 0.998437 0.401562 0.993750 0.403125 0.989062 0.406250 0.979688 0.418750 0.973437 0.426563 0.973437 0.445312 0.978125 0.454688 0.984375 0.460938 0.985938 0.465625 0.985938 0.470313 0.990625 0.478125 0.995313 0.481250 0.998437 0.479687
0 0.998437 0.495312 0.990625 0.503125 0.985938 0.504687 0.981250 0.504687 0.973437 0.507812 0.968750 0.510938 0.965625 0.514062 0.962500 0.518750 0.960938 0.525000 0.960938 0.539062 0.964063 0.543750 0.970313 0.550000 0.978125 0.546875 0.984375 0.546875 0.989062 0.548438 0.998437 0.554688
0 0.970313 0.550000 0.970313 0.568750 0.971875 0.571875 0.979688 0.579688 0.981250 0.579688 0.987500 0.585938 0.987500 0.593750 0.990625 0.596875 0.995313 0.598437 0.998437 0.598437 0.998437 0.553125 0.993750 0.551562 0.990625 0.548438 0.985938 0.546875 0.979688 0.546875 0.973437 0.548438
1 0.960938 0.540625 0.951562 0.540625 0.948438 0.546875 0.946875 0.551562 0.946875 0.559375 0.950000 0.567187 0.953125 0.568750 0.956250 0.568750 0.962500 0.565625 0.965625 0.559375 0.965625 0.548438 0.964063 0.545312 0.960938 0.542188
1 0.965625 0.573438 0.962500 0.575000 0.959375 0.578125 0.957812 0.581250 0.957812 0.590625 0.959375 0.593750 0.967187 0.601562 0.970313 0.601562 0.976562 0.595313 0.978125 0.592187 0.978125 0.587500 0.976562 0.582812 0.973437 0.579688 0.973437 0.578125 0.971875 0.576562