0 0.000000 0.001680 0.000000 0.033957 0.001328 0.037672 0.000000 0.040660 0.000000 0.267153 0.004656 0.277031 0.015734 0.295875 0.035687 0.300312 0.047875 0.284797 0.053406 0.272609 0.053406 0.242688 0.045656 0.222734 0.032359 0.198359 0.020172 0.170656 0.019063 0.147391 0.024594 0.127438 0.039000 0.107484 0.048984 0.087547 0.060063 0.056516 0.065609 0.033250 0.068922 0.013297 0.068922 0.001109 0.054516 0.001109 0.037906 0.004437 0.011297 0.002219
0 0.111031 0.004437 0.105500 0.021063 0.105500 0.043219 0.134313 0.053187 0.169766 0.039891 0.186391 0.033250 0.207453 0.029922 0.224063 0.031031 0.251766 0.039891 0.273937 0.047656 0.306078 0.047656 0.318266 0.057625 0.329344 0.055406 0.347078 0.055406 0.350406 0.068703 0.358156 0.072031 0.375891 0.063172 0.395828 0.076469 0.409125 0.088656 0.422422 0.084219 0.447922 0.082000 0.462328 0.091984 0.473406 0.093078 0.491141 0.103062 0.498891 0.115250 0.514406 0.119687 0.536563 0.098625 0.536563 0.082000 0.527703 0.056516 0.505547 0.041000 0.475625 0.032141 0.455672 0.027703 0.431297 0.012188 0.418000 0.007750 0.393609 0.004437 0.362594 0.001109 0.302750 0.003328 0.249563 0.000000 0.170875 0.001109
0 0.275047 0.058734 0.285016 0.083109 0.289453 0.104172 0.308281 0.131875 0.320484 0.151812 0.328234 0.169547 0.345969 0.180625 0.351500 0.200578 0.372563 0.206109 0.378109 0.221625 0.392516 0.231609 0.400266 0.239359 0.413563 0.255984 0.424641 0.267062 0.432406 0.284797 0.451234 0.319156 0.463437 0.340203 0.486703 0.347969 0.517734 0.333562 0.516625 0.301422 0.511078 0.273719 0.501109 0.250437 0.485594 0.236031 0.467859 0.217203 0.446813 0.196141 0.431297 0.179516 0.414672 0.159578 0.394719 0.134094 0.370344 0.114141 0.360375 0.105281 0.349297 0.082000 0.341531 0.064266 0.332672 0.057625 0.317156 0.056516 0.306078 0.050969
0 0.154250 0.062062 0.130984 0.057625 0.109922 0.065375 0.103281 0.084219 0.111031 0.113031 0.134313 0.141844 0.153141 0.167328 0.178641 0.189500 0.191937 0.211656 0.212984 0.223844 0.244016 0.241578 0.271719 0.257094 0.293891 0.272609 0.311609 0.281469 0.361484 0.303641 0.384750 0.309172 0.415781 0.309172 0.433516 0.294766 0.432406 0.277031 0.403594 0.251547 0.394719 0.242688 0.375891 0.243797 0.352609 0.232719 0.323797 0.208328 0.304969 0.193922 0.288344 0.178406 0.272828 0.165109 0.256203 0.156250 0.241797 0.144063 0.228500 0.150703 0.210766 0.134094 0.195250 0.119687 0.188609 0.091984 0.174203 0.072031
0 0.337094 0.540781 0.306078 0.520828 0.282797 0.502000 0.249563 0.496453 0.246234 0.517516 0.253984 0.536344 0.253984 0.550750 0.276156 0.560734 0.293891 0.582891 0.308281 0.610594 0.329344 0.629437 0.351500 0.656031 0.371453 0.681516 0.384750 0.710328 0.399156 0.743578 0.403594 0.757984 0.404703 0.780141 0.412453 0.805625 0.421328 0.834437 0.435734 0.855500 0.444594 0.867688 0.465641 0.876547 0.474516 0.869906 0.486703 0.859922 0.486703 0.830016 0.487813 0.798984 0.481156 0.772391 0.467859 0.754656 0.459000 0.730281 0.455672 0.703672 0.447922 0.685953 0.436828 0.654922 0.425750 0.636078 0.409125 0.616141 0.390297 0.600625 0.370344 0.579562 0.350406 0.560734
0 0.000000 0.751405 0.002437 0.754656 0.012406 0.765734 0.023500 0.793438 0.029031 0.822250 0.029031 0.852172 0.032359 0.878766 0.026813 0.903141 0.035687 0.917547 0.037906 0.926422 0.033469 0.937500 0.023500 0.954125 0.036797 0.975172 0.045656 0.980719 0.064500 0.975172 0.076687 0.955234 0.086656 0.935281 0.092203 0.916438 0.093313 0.867688 0.092203 0.836656 0.086656 0.810063 0.086656 0.774594 0.081109 0.746891 0.060063 0.705891 0.047875 0.704781 0.013516 0.704781 0.001328 0.704781 0.000000 0.696382
0 0.359266 0.838875 0.348187 0.847734 0.330453 0.858828 0.313828 0.873234 0.309391 0.895391 0.296094 0.916438 0.291672 0.953016 0.298313 0.997344 0.298588 0.998437 0.374903 0.998437 0.372563 0.980719 0.365906 0.951906 0.369234 0.936391 0.373672 0.914234 0.383641 0.894281 0.386969 0.873234 0.386969 0.855500 0.377000 0.842203
0 0.963203 0.141844 0.938828 0.135187 0.913344 0.125219 0.882313 0.120781 0.857937 0.120781 0.823578 0.116359 0.794766 0.106391 0.771500 0.097516 0.732719 0.075359 0.703906 0.057625 0.675094 0.033250 0.655141 0.016625 0.627437 0.002219 0.604172 0.004437 0.590875 0.015516 0.603063 0.042109 0.629656 0.065375 0.652922 0.080891 0.664000 0.105281 0.672875 0.111922 0.697250 0.144063 0.723844 0.157359 0.771500 0.181734 0.828016 0.188391 0.873453 0.193922 0.921094 0.196141 0.963203 0.182844 0.973187 0.166219
0 0.798094 0.003328 0.804750 0.022156 0.814719 0.031031 0.835766 0.044328 0.853500 0.054297 0.873453 0.076469 0.876766 0.093078 0.874563 0.107484 0.865687 0.110813 0.852391 0.116359 0.831344 0.111922 0.805844 0.107484 0.779250 0.098625 0.761531 0.088656 0.743797 0.076469 0.742687 0.058734 0.733828 0.044328 0.727172 0.019953 0.726063 0.004437 0.746016 0.003328 0.780359 0.006656
0 0.998437 0.147993 0.988703 0.140734 0.976500 0.147391 0.975406 0.164000 0.974297 0.181734 0.968750 0.196141 0.990906 0.213875 0.998437 0.225770 0.998437 0.296766 0.999781 0.296984 0.986484 0.302531 0.966531 0.299203 0.944375 0.299203 0.911125 0.289234 0.884531 0.288125 0.864578 0.278141 0.845750 0.277031 0.829125 0.272609 0.821359 0.285906 0.819156 0.305844 0.832453 0.320250 0.843531 0.326906 0.861266 0.341313 0.885641 0.351281 0.907797 0.357938 0.935500 0.367906 0.974297 0.370125 0.999781 0.366797 0.998437 0.366715
0 0.814719 0.359047 0.791438 0.356828 0.758203 0.352391 0.737141 0.357938 0.708328 0.363469 0.675094 0.382312 0.650703 0.396719 0.623000 0.423313 0.613031 0.436609 0.611922 0.459891 0.637406 0.467641 0.659578 0.461000 0.685063 0.444375 0.710547 0.436609 0.724953 0.428859 0.751547 0.417781 0.787016 0.419984 0.808063 0.422203 0.847969 0.437719 0.870125 0.453234 0.885641 0.469859 0.922203 0.454344 0.937719 0.463203 0.929969 0.434391 0.915563 0.421094 0.895609 0.398938 0.866797 0.376766 0.849063 0.366797
0 0.713875 0.940828 0.727172 0.954125 0.750437 0.958562 0.792547 0.966313 0.820250 0.968531 0.855719 0.975172 0.892281 0.986266 0.910016 0.991797 0.924357 0.998437 0.763672 0.998437 0.737141 0.994016 0.713875 0.980719 0.685063 0.968531 0.672875 0.947469 0.677312 0.935281 0.688391 0.933062
0 0.712766 0.889844 0.692813 0.892062 0.683953 0.896500 0.676203 0.916438 0.707219 0.935281 0.716094 0.946359 0.737141 0.955234 0.774828 0.957453 0.802531 0.967422 0.855719 0.972969 0.888969 0.987359 0.923313 0.991797 0.943266 0.995125 0.950413 0.998437 0.998437 0.957065 0.997563 0.956344 0.988703 0.939719 0.951016 0.931953 0.926641 0.923094 0.910016 0.919766 0.878984 0.918656 0.845750 0.912016 0.821359 0.908687 0.798094 0.899828 0.773719 0.897609 0.739359 0.886531
1 0.089266 0.800891 0.093000 0.843938 0.094875 0.878562 0.102359 0.886969 0.120141 0.894469 0.159437 0.894469 0.187500 0.903813 0.188437 0.921594 0.161297 0.931891 0.152875 0.936562 0.161297 0.961828 0.172531 0.969313 0.207141 0.963703 0.223047 0.953406 0.219312 0.942172 0.220250 0.930016 0.226797 0.915984 0.227734 0.898203 0.263281 0.894469 0.277328 0.913172 0.290422 0.922531 0.296969 0.901953 0.313812 0.871078 0.324109 0.859844 0.344687 0.842062 0.369953 0.843000 0.392406 0.855172 0.398953 0.872000 0.390531 0.885109 0.392406 0.909437 0.413922 0.918781 0.443859 0.919719 0.468188 0.909437 0.499063 0.898203 0.521516 0.905687 0.526203 0.923469 0.543031 0.930953 0.555203 0.919719 0.572047 0.920656 0.588891 0.918781 0.598234 0.924406 0.596375 0.935625 0.610406 0.932828 0.616016 0.920656 0.616953 0.908500 0.604797 0.892594 0.588891 0.876688 0.549594 0.860781 0.543031 0.850484 0.548656 0.845813 0.516844 0.810250 0.516844 0.823359 0.495328 0.828969 0.487844 0.841125 0.485031 0.858906 0.472859 0.872000 0.446672 0.871078 0.436375 0.862656 0.426078 0.850484 0.418594 0.841125 0.409250 0.823359 0.406437 0.811187 0.400828 0.781250 0.402688 0.758797 0.393344 0.739141 0.377437 0.754109 0.368078 0.770953 0.368078 0.786859 0.336266 0.786859 0.306328 0.787797 0.293219 0.788734 0.291359 0.799031 0.255797 0.810250 0.228672 0.807453 0.211828 0.810250 0.198734 0.814937 0.187500 0.825219 0.171594 0.817734 0.164109 0.807453 0.164109 0.789672 0.149141 0.785000 0.130422 0.794344 0.114516 0.792484 0.107969 0.787797 0.100484 0.798094
1 0.710516 0.878562 0.732969 0.882297 0.760109 0.888844 0.780688 0.897266 0.809688 0.905687 0.838703 0.915047 0.878922 0.915984 0.897641 0.917859 0.936938 0.921594 0.961266 0.928141 0.983719 0.926266 0.998437 0.914276 0.998437 0.765850 0.994953 0.765344 0.994016 0.788734 0.991203 0.803703 0.979047 0.808391 0.973422 0.803703 0.950031 0.798094 0.936938 0.789672 0.905125 0.786859 0.887344 0.786859 0.866766 0.790609 0.848047 0.794344 0.838703 0.806516 0.848984 0.819609 0.861156 0.817734 0.870516 0.817734 0.890156 0.824281 0.900453 0.835516 0.886422 0.846750 0.864891 0.860781 0.848984 0.871078 0.839641 0.870141 0.800344 0.858906 0.766656 0.856094 0.745141 0.862656 0.732969 0.871078
1 0.025812 0.167141 0.034359 0.190453 0.041359 0.218438 0.053016 0.241766 0.072453 0.240984 0.096547 0.234766 0.112875 0.239422 0.114422 0.268969 0.143969 0.274406 0.181281 0.263531 0.202266 0.258859 0.231812 0.268969 0.247359 0.275969 0.284672 0.286062 0.301766 0.285297 0.287000 0.274406 0.278453 0.265078 0.270672 0.259641 0.255906 0.247203 0.234922 0.237875 0.213938 0.230094 0.200719 0.216109 0.191391 0.209109 0.178953 0.207563 0.173500 0.201344 0.168062 0.185797 0.155625 0.175687 0.143188 0.165578 0.137750 0.156250 0.134641 0.143031 0.126859 0.136031 0.115203 0.125937 0.098875 0.129047 0.091891 0.146922 0.074000 0.157812 0.064672 0.181125 0.046797 0.183453 0.044469 0.171016
1 0.482125 0.191234 0.493000 0.186563 0.517109 0.174906 0.528766 0.166359 0.546641 0.158578 0.566078 0.155469 0.580844 0.150031 0.590172 0.133703 0.604938 0.117375 0.613500 0.109609 0.632922 0.105719 0.634484 0.112719 0.619719 0.135266 0.620484 0.148469 0.629047 0.160141 0.621266 0.167906 0.601828 0.171797 0.583172 0.181125 0.559859 0.192016 0.553641 0.195125 0.528766 0.210672 0.519438 0.238656 0.496891 0.247203 0.483672 0.226984 0.468906 0.211438 0.462687 0.197453 0.444031 0.180344 0.455688 0.166359 0.465797 0.150812 0.469687 0.120484 0.480562 0.125156 0.483672 0.135266 0.483672 0.150031 0.472016 0.167141 0.477453 0.184234
0 0.000000 0.923750 0.068094 0.940766 0.158703 0.980750 0.220000 0.978078 0.223870 0.998437 0.065387 0.998437 0.044109 0.991406 0.000000 0.993611