0 0.020078 0.046266 0.037531 0.024438 0.060234 0.025312 0.070703 0.060234 0.064594 0.089906 0.028813 0.123953 0.003484 0.141406 0.005234 0.061969
0 0.086422 0.162359 0.116094 0.127438 0.139672 0.124828 0.152766 0.066344 0.178953 0.055859 0.197281 0.055859 0.205125 0.093406 0.191172 0.144906 0.160609 0.180688 0.136172 0.213859 0.080312 0.233063 0.031422 0.239172 0.003484 0.238297 0.003484 0.160609 0.037531 0.170219
0 0.224344 0.001750 0.204266 0.020078 0.197281 0.041031 0.186797 0.053250 0.157125 0.069828 0.144906 0.089906 0.139672 0.103875 0.127438 0.121328 0.082047 0.147516 0.055859 0.152766 0.033172 0.151891 0.019203 0.139672 0.044516 0.113484 0.058484 0.094281 0.068953 0.069828 0.095141 0.033172 0.142187 0.000000
0 0.329688 0.000000 0.315984 0.034047 0.310750 0.068953 0.307266 0.096891 0.308141 0.126578 0.323844 0.145781 0.353531 0.156250 0.370984 0.137922 0.381453 0.104750 0.381453 0.073328 0.386703 0.047141 0.398922 0.019203 0.404156 0.001750
0 0.449547 0.140531 0.475734 0.115219 0.503672 0.087297 0.531594 0.057609 0.560406 0.002625 0.634609 0.003484 0.626750 0.027062 0.618016 0.051500 0.602297 0.079438 0.590078 0.098641 0.583094 0.109109 0.569141 0.128312 0.546438 0.145781 0.523750 0.170219 0.504547 0.184188 0.471375 0.185922 0.448672 0.188547 0.440812 0.143156
0 0.402406 0.146641 0.430344 0.173703 0.485328 0.225203 0.538578 0.250531 0.608422 0.258375 0.667766 0.283687 0.703562 0.295922 0.716656 0.316859 0.717531 0.334328 0.705313 0.353531 0.684359 0.349156 0.654672 0.336938 0.628484 0.337812 0.567391 0.324719 0.535969 0.315984 0.481844 0.299406 0.445188 0.273219 0.406781 0.248781 0.364875 0.212109 0.340438 0.181563 0.335203 0.172828 0.365750 0.141406 0.392813 0.133547
0 0.000875 0.325594 0.106500 0.355266 0.140531 0.390188 0.243547 0.463516 0.332578 0.478359 0.380594 0.465266 0.386703 0.508906 0.377094 0.531594 0.328219 0.539453 0.267109 0.528984 0.199016 0.518500 0.148391 0.485328 0.116969 0.454781 0.089031 0.422484 0.038406 0.400656 0.000875 0.391062
0 0.027937 0.724516 0.089906 0.708797 0.133547 0.680859 0.151016 0.666906 0.144906 0.640719 0.123953 0.641578 0.083797 0.635469 0.062844 0.650312 0.026188 0.664281 0.004359 0.666906 0.001750 0.746328
0 0.147516 0.668641 0.106500 0.716656 0.066344 0.755062 0.029672 0.791719 0.001750 0.838859 0.005234 0.906953 0.025312 0.920922 0.094281 0.838859 0.140531 0.780375 0.194656 0.722766 0.208625 0.694828 0.199016 0.675625 0.174578 0.652937 0.157125 0.671266
0 0.501047 0.587469 0.497563 0.625875 0.481844 0.655547 0.457406 0.680000 0.417250 0.713156 0.371859 0.742844 0.333453 0.784734 0.260125 0.833625 0.206000 0.868547 0.167594 0.869406 0.144031 0.854578 0.171969 0.808313 0.213859 0.782125 0.287188 0.731500 0.369234 0.670391 0.421609 0.625000 0.458281 0.595328 0.465266 0.579609
0 0.015719 0.916547 0.065469 0.911312 0.127438 0.926156 0.178953 0.934875 0.229578 0.948844 0.261875 0.995984 0.260201 0.998437 0.192588 0.998437 0.187141 0.995766 0.157125 0.997734 0.101250 0.985516 0.043641 0.980266 0.011344 0.986375 0.001750 0.982891 0.003484 0.919172
0 0.532469 0.891234 0.520250 0.905203 0.515016 0.929641 0.529859 0.938375 0.545563 0.954953 0.575250 0.951469 0.615391 0.963688 0.646828 0.968047 0.711422 0.970672 0.720141 0.994234 0.750703 0.999469 0.777766 0.985516 0.812672 0.984641 0.821406 0.977656 0.804813 0.960203 0.790859 0.946234 0.761172 0.925281 0.734984 0.918297 0.700063 0.906953 0.642453 0.904328 0.584844 0.900844 0.562156 0.893859
0 0.713156 0.637219 0.732375 0.616266 0.779500 0.615391 0.810922 0.643328 0.810063 0.673016 0.759422 0.713156 0.731500 0.742844 0.763516 0.767922 0.802203 0.761172 0.830125 0.748953 0.851078 0.728000 0.850203 0.701813 0.859812 0.673875 0.888109 0.662297 0.886875 0.645953 0.878141 0.611031 0.853703 0.586594 0.837984 0.567391 0.817047 0.555172 0.773391 0.541203 0.736734 0.538578 0.717734 0.553422 0.686484 0.557453 0.645953 0.597938 0.619766 0.631109 0.605797 0.657297 0.603172 0.685234 0.629359 0.690469 0.639844 0.680859 0.673016 0.663406 0.686969 0.652937
0 0.749828 0.401531 0.812672 0.385828 0.873781 0.384953 0.927891 0.409391 0.954078 0.442563 0.985516 0.472234 0.998437 0.480350 0.998437 0.371330 0.993359 0.361375 0.960203 0.349156 0.927031 0.324719 0.890359 0.310750 0.846719 0.302891 0.797828 0.298531 0.778625 0.308141 0.743719 0.318609 0.726250 0.330828 0.693094 0.362250 0.668641 0.388437 0.663406 0.416375 0.683484 0.436453 0.714906 0.413750 0.739344 0.412016
0 0.954219 0.569937 0.954219 0.599609 0.940250 0.622312 0.933266 0.629297 0.912328 0.645000 0.893109 0.657219 0.868672 0.678172 0.859953 0.692141 0.866062 0.723562 0.881766 0.721812 0.913188 0.722687 0.936484 0.721781 0.974297 0.697375 0.990016 0.691266 0.995250 0.668578 0.998437 0.644259 0.998437 0.581466 0.998984 0.579641 0.993953 0.568547 0.975812 0.573594
0 0.860688 0.004359 0.845844 0.039281 0.833625 0.074203 0.803953 0.107375 0.784734 0.123078 0.745453 0.120453 0.734109 0.099516 0.747203 0.069828 0.755938 0.033172 0.780375 0.008734 0.799578 0.002625
0 0.998437 0.872961 0.955828 0.873781 0.929641 0.877266 0.896469 0.892984 0.889484 0.905203 0.872031 0.954078 0.872906 0.989000 0.878406 0.998437 0.942332 0.998437 0.936625 0.982891 0.937500 0.951469 0.998437 0.936909
1 0.555187 0.335766 0.544109 0.363469 0.551859 0.393391 0.581781 0.422203 0.621672 0.424422 0.643844 0.416672 0.658250 0.413344 0.670438 0.390078 0.687063 0.362359 0.674859 0.346859 0.641625 0.342422 0.611703 0.345750 0.588438 0.337984 0.574031 0.342422
1 0.725844 0.333562 0.744688 0.320250 0.798984 0.309172 0.827797 0.300312 0.861031 0.308063 0.885422 0.303641 0.898719 0.312500 0.903141 0.322469 0.919766 0.330234 0.929750 0.322469 0.943047 0.324688 0.946359 0.337984 0.961875 0.353500 0.978500 0.355719 0.985156 0.350172 0.998437 0.356861 0.998437 0.280594 0.968531 0.281469 0.926422 0.287016 0.898719 0.285906 0.862141 0.289234 0.796766 0.283687 0.742469 0.287016 0.708109 0.295875 0.726953 0.306953
1 0.009969 0.241578 0.054297 0.236031 0.095297 0.230500 0.110813 0.217203 0.128547 0.206109 0.141844 0.207219 0.151812 0.218312 0.155141 0.230500 0.129656 0.254875 0.098625 0.263734 0.060953 0.269281 0.045437 0.277031 0.023266 0.280359 0.026594 0.267062 0.023266 0.259313
1 0.361266 0.390078 0.404484 0.411125 0.436609 0.424422 0.461000 0.466531 0.486484 0.524156 0.523047 0.524156 0.565156 0.504219 0.587328 0.480938 0.589531 0.453234 0.568484 0.459891 0.549641 0.476500 0.530813 0.486484 0.508641 0.483156 0.490906 0.472078 0.476500 0.456562 0.452125 0.404484 0.474297 0.387859 0.459891 0.369016 0.434391 0.386750 0.415562 0.393391 0.400047 0.383422 0.382312 0.370125 0.363469 0.362359 0.347969 0.372344 0.346859 0.384531
0 0.833672 0.434469 0.818547 0.442547 0.775203 0.451609 0.744953 0.461688 0.714719 0.463703 0.687500 0.454641 0.672375 0.463703 0.653219 0.466734 0.638109 0.471781 0.633063 0.493953 0.639109 0.502016 0.663312 0.511094 0.678422 0.522172 0.706656 0.525203 0.739922 0.519156 0.767141 0.513109 0.781250 0.515125 0.811484 0.507062 0.841734 0.493953 0.872984 0.494953 0.890125 0.503031 0.911297 0.523187 0.934469 0.541328 0.945562 0.552422 0.959672 0.564516 0.975812 0.570563 0.988906 0.558469 0.998437 0.538846 0.998437 0.535029 0.985891 0.533266 0.958672 0.533266 0.933469 0.524188 0.919359 0.511094 0.914312 0.500000 0.912297 0.483875 0.920359 0.469766 0.928422 0.463703 0.897172 0.462703 0.881047 0.463703 0.864922 0.459672 0.851812 0.448594
0 0.271484 0.623172 0.294094 0.709547 0.324953 0.812375 0.384594 0.804156 0.427781 0.791813 0.444234 0.828828 0.419562 0.863797 0.374312 0.886422 0.308500 0.843234 0.240625 0.734219 0.211828 0.625219 0.242688 0.602594
0 0.524453 0.658125 0.429844 0.715719 0.403109 0.763016 0.396937 0.826781 0.401047 0.886422 0.413391 0.939891 0.426959 0.998437 0.474087 0.998437 0.475094 0.997484 0.468922 0.909047 0.477141 0.775359 0.520328 0.726000 0.559406 0.686922
0 0.514156 0.894641 0.343469 0.946063 0.282606 0.998437 0.429078 0.998437 0.454516 0.981031 0.532672 0.956344
0 0.712688 0.239937 0.759813 0.202813 0.819812 0.232797 0.862656 0.265656 0.965484 0.261359 0.901219 0.189953 0.784094 0.141391 0.698406 0.147109 0.679844 0.194234 0.678406 0.224234
0 0.452469 0.361625 0.474750 0.260516 0.521016 0.214234 0.570719 0.214234 0.627281 0.161109 0.683844 0.128547 0.700969 0.087406 0.699266 0.066844 0.658125 0.099406 0.593000 0.167953 0.541578 0.181672 0.481594 0.198813 0.440469 0.251938 0.404469 0.287938 0.414766 0.365062 0.455891 0.363344
0 0.018859 0.461031 0.058266 0.430188 0.135391 0.414766 0.200531 0.437031 0.239937 0.445609 0.248516 0.425047 0.181672 0.363344 0.128547 0.354766 0.025703 0.402766 0.000000 0.397625 0.000000 0.469609