0 0.000000 0.160294 0.006797 0.151203 0.037047 0.157516 0.074844 0.180188 0.103828 0.189016 0.132812 0.206656 0.176922 0.216734 0.195813 0.216734 0.203375 0.236891 0.174391 0.252016 0.137859 0.243203 0.116437 0.238156 0.092484 0.220516 0.066031 0.212953 0.037047 0.200359 0.006797 0.190266 0.000000 0.181200
0 0.000000 0.195422 0.021922 0.205391 0.045859 0.212953 0.074844 0.221781 0.092484 0.226813 0.106344 0.235641 0.089969 0.253281 0.059734 0.259578 0.024453 0.245719 0.000000 0.237122
0 0.019406 0.297375 0.052172 0.306203 0.086187 0.318797 0.120219 0.330141 0.166828 0.357859 0.178172 0.369203 0.175656 0.389359 0.170609 0.398188 0.146672 0.401969 0.120219 0.384328 0.086187 0.369203 0.047125 0.344000 0.020672 0.325094
0 0.067281 0.427172 0.050906 0.441031 0.039563 0.475047 0.039563 0.524188 0.047125 0.553172 0.060984 0.580891 0.086187 0.599797 0.115172 0.599797 0.107609 0.574594 0.087453 0.562000 0.077375 0.546875 0.086187 0.510328 0.084922 0.476312 0.097531 0.444812 0.087453 0.423391
0 0.039563 0.364156 0.024453 0.380547 0.033266 0.412047 0.057203 0.419609 0.081156 0.419609 0.106344 0.438516 0.127766 0.447328 0.146672 0.462453 0.173141 0.487656 0.209672 0.495219 0.200859 0.459922 0.184469 0.443547 0.159281 0.424641 0.129031 0.401969 0.108875 0.386844 0.087453 0.374250 0.069812 0.369203
0 0.000000 0.616454 0.016891 0.614922 0.037047 0.625000 0.040828 0.653984 0.028219 0.684219 0.020672 0.716984 0.015625 0.751016 0.014359 0.772422 0.006797 0.781250 0.000000 0.781250 0.000000 0.657523 0.003031 0.647687 0.000000 0.648787
0 0.030750 0.714469 0.057203 0.728328 0.072328 0.756047 0.076109 0.783766 0.063516 0.817797 0.042094 0.845516 0.020672 0.866938 0.000000 0.876663 0.000000 0.830164 0.005547 0.825359 0.029484 0.795109 0.039563 0.776203 0.035781 0.754781 0.025703 0.737141
0 0.050906 0.849297 0.079891 0.835437 0.101313 0.835437 0.129031 0.837953 0.155500 0.836688 0.183219 0.840469 0.213453 0.846781 0.217234 0.861891 0.207156 0.879531 0.183219 0.875750 0.156750 0.871969 0.127766 0.871969 0.100047 0.880797 0.074844 0.885844 0.049641 0.870719
0 0.083672 0.897172 0.063516 0.913562 0.055953 0.941281 0.043344 0.961438 0.037047 0.985391 0.027307 0.998437 0.069423 0.998437 0.071063 0.996719 0.083672 0.966484 0.105094 0.940016 0.115172 0.912297 0.105094 0.897172
0 0.828375 0.918594 0.808219 0.928672 0.805703 0.951359 0.786797 0.970266 0.760354 0.998437 0.818747 0.998437 0.819562 0.999250 0.839719 0.975297 0.861141 0.956406 0.864922 0.927422 0.853578 0.918594
0 0.946828 0.974047 0.964469 0.955141 0.969500 0.932453 0.977062 0.911031 0.987141 0.899703 0.998437 0.891521 0.998437 0.967007 0.997234 0.974047 0.981476 0.998437 0.931610 0.998437 0.939266 0.990422
0 0.302922 0.825359 0.331906 0.829141 0.374750 0.845516 0.407516 0.861891 0.436484 0.875750 0.454141 0.899703 0.464219 0.922375 0.454141 0.938766 0.442797 0.945063 0.416328 0.936234 0.399953 0.906000 0.372234 0.893391 0.345766 0.874500 0.314266 0.871969 0.290328 0.869453 0.282766 0.858109 0.295359 0.843000
0 0.166828 0.696828 0.154234 0.704391 0.156750 0.725812 0.174391 0.749750 0.197078 0.776203 0.219766 0.807719 0.232359 0.826609 0.261344 0.850547 0.273938 0.856859 0.290328 0.843000 0.294109 0.822828 0.270156 0.808969 0.237406 0.771172 0.219766 0.754781 0.203375 0.725812 0.190781 0.710687
0 0.398687 0.803937 0.411297 0.792594 0.432719 0.792594 0.466734 0.792594 0.512094 0.786297 0.543594 0.787547 0.566281 0.801406 0.559984 0.820312 0.523438 0.820312 0.483109 0.821578 0.452875 0.825359 0.439016 0.827875 0.417594 0.836688 0.387344 0.835437 0.391125 0.820312
0 0.316781 0.662797 0.343250 0.666578 0.368453 0.675406 0.394906 0.685484 0.420109 0.694297 0.449094 0.705641 0.476812 0.719500 0.490672 0.737141 0.496969 0.762344 0.465469 0.766125 0.456656 0.748484 0.442797 0.738406 0.423891 0.729594 0.402469 0.727062 0.374750 0.718250 0.353328 0.711953 0.334422 0.708172 0.320562 0.700609 0.309219 0.681703
0 0.285281 0.630047 0.262594 0.636344 0.241172 0.650203 0.229844 0.671625 0.219766 0.694297 0.221016 0.714469 0.238656 0.738406 0.248734 0.748484 0.291578 0.744703 0.305438 0.720766 0.302922 0.690531 0.299141 0.690531 0.276469 0.701859 0.263859 0.710687 0.253781 0.705641 0.265125 0.689266 0.286547 0.672891 0.300406 0.651469 0.304187 0.631297
0 0.289062 0.214219 0.315531 0.194047 0.344500 0.178937 0.386094 0.171375 0.417594 0.168844 0.437750 0.160031 0.455391 0.152469 0.478078 0.160031 0.474297 0.181453 0.451609 0.194047 0.413813 0.201609 0.383563 0.209172 0.364672 0.215469 0.335688 0.225547 0.326859 0.244453 0.304187 0.252016 0.290328 0.238156
0 0.500750 0.204141 0.514609 0.181453 0.538562 0.161297 0.563766 0.149953 0.591484 0.142391 0.631797 0.137344 0.660781 0.137344 0.667094 0.146172 0.651969 0.161297 0.624250 0.175156 0.587703 0.181453 0.562500 0.194047 0.547375 0.204141 0.537297 0.230594 0.507062 0.234375 0.498234 0.216734
0 0.662047 0.162547 0.646922 0.190266 0.635578 0.226813 0.622984 0.258313 0.621719 0.282266 0.629281 0.309984 0.634328 0.323844 0.655750 0.316281 0.655750 0.293594 0.660781 0.255797 0.674641 0.229328 0.680953 0.205391 0.691031 0.185234 0.689766 0.163812 0.677172 0.154984
0 0.760328 0.144906 0.774188 0.129781 0.825859 0.118453 0.866172 0.108359 0.896422 0.094500 0.906500 0.104594 0.925406 0.110891 0.925406 0.133563 0.881297 0.138609 0.837203 0.146172 0.795609 0.158766 0.765375 0.173891 0.751516 0.163812
0 0.791828 0.166328 0.795609 0.190266 0.814516 0.200359 0.842234 0.200359 0.880047 0.189016 0.910281 0.183969 0.940531 0.178937 0.959422 0.161297 0.973281 0.151203 0.969500 0.134828 0.951859 0.131047 0.926656 0.138609 0.901469 0.143656 0.864922 0.143656 0.819562 0.156250
0 0.927922 0.195312 0.915328 0.205391 0.900203 0.240672 0.883828 0.277219 0.881297 0.317547 0.892641 0.362906 0.896422 0.381797 0.916578 0.372984 0.915328 0.342734 0.915328 0.320063 0.925406 0.293594 0.940531 0.262094 0.950609 0.220516 0.941781 0.201609
0 0.963203 0.236891 0.985891 0.236891 0.998437 0.247288 0.998437 0.307342 0.983359 0.284781 0.964469 0.275953 0.946828 0.257063 0.955641 0.252016
0 0.936750 0.289812 0.943047 0.317547 0.961953 0.337703 0.959422 0.366687 0.955641 0.396922 0.951859 0.425906 0.949344 0.447328 0.969500 0.458672 0.990922 0.452375 0.990922 0.420859 0.993453 0.396922 0.997234 0.378031 0.998437 0.359598 0.998437 0.324834 0.985891 0.307453 0.969500 0.292344 0.956906 0.291078
0 0.738906 0.270922 0.761594 0.279734 0.781750 0.298641 0.809469 0.332656 0.834672 0.336438 0.851063 0.350297 0.852313 0.372984 0.828375 0.374250 0.801922 0.362906 0.777969 0.345266 0.760328 0.330141 0.736391 0.302422 0.722531 0.293594 0.728828 0.283516
0 0.833422 0.390625 0.830891 0.429688 0.819562 0.456156 0.808219 0.478828 0.799391 0.506547 0.784281 0.540578 0.789313 0.560734 0.812000 0.559469 0.828375 0.536797 0.846016 0.500250 0.862406 0.464969 0.867438 0.432203 0.866172 0.408266 0.866172 0.376766 0.843500 0.372984
0 0.984625 0.541828 0.980844 0.559469 0.968250 0.585938 0.956906 0.609875 0.927922 0.641375 0.914062 0.659016 0.903984 0.679188 0.919109 0.695563 0.949344 0.681703 0.972031 0.657766 0.992188 0.632562 0.998437 0.616937 0.998437 0.532377 0.997234 0.533016
0 0.917844 0.630047 0.901469 0.625000 0.891375 0.603578 0.890125 0.580891 0.895156 0.567031 0.887594 0.555703 0.852313 0.550656 0.839719 0.548141 0.839719 0.527969 0.858625 0.520406 0.892641 0.520406 0.909016 0.520406 0.925406 0.538047 0.929188 0.565781 0.929188 0.592234 0.925406 0.609875
0 0.835938 0.626266 0.839719 0.662797 0.849797 0.691781 0.862406 0.715719 0.867438 0.742188 0.878781 0.772422 0.886344 0.783766 0.886344 0.801406 0.885078 0.816531 0.912797 0.821578 0.914062 0.795109 0.902719 0.772422 0.903984 0.742188 0.902719 0.716984 0.892641 0.657766 0.877516 0.630047 0.861141 0.622484
0 0.909016 0.749750 0.946828 0.733359 0.969500 0.735891 0.998484 0.735891 0.998437 0.735998 0.998437 0.773688 0.975812 0.773688 0.941781 0.778734 0.926656 0.785031 0.914062 0.771172
0 0.948078 0.786297 0.955641 0.807719 0.972031 0.820312 0.997234 0.843000 0.998437 0.844712 0.998437 0.800655 0.977062 0.790078
0 0.818297 0.768656 0.791828 0.786297 0.783016 0.807719 0.774188 0.846781 0.771672 0.877016 0.760328 0.903484 0.748984 0.936234 0.761594 0.951359 0.784281 0.945063 0.799391 0.900953 0.805703 0.861891 0.813250 0.830391 0.823344 0.808969 0.838453 0.795109 0.838453 0.776203
0 0.597781 0.672891 0.580141 0.681703 0.568797 0.701859 0.567547 0.730844 0.566281 0.759828 0.576359 0.792594 0.600297 0.808969 0.628031 0.812750 0.649453 0.803937 0.625500 0.779984 0.615422 0.776203 0.605344 0.752266 0.607859 0.727062 0.616688 0.708172 0.614156 0.677922
0 0.620469 0.635078 0.609125 0.642641 0.615422 0.667844 0.622984 0.688000 0.640625 0.715719 0.658266 0.737141 0.693547 0.762344 0.712453 0.786297 0.735125 0.790078 0.746469 0.773688 0.730094 0.757313 0.703625 0.733359 0.679688 0.700609 0.663312 0.674141 0.664562 0.647687 0.644406 0.631297 0.635578 0.631297
0 0.717484 0.651469 0.726312 0.681703 0.727578 0.713203 0.732609 0.742188 0.741437 0.756047 0.765375 0.757313 0.772938 0.732109 0.771672 0.703125 0.759078 0.681703 0.754031 0.651469 0.742687 0.643906
0 0.655750 0.623734 0.702375 0.608625 0.726312 0.603578 0.755297 0.603578 0.775453 0.622484 0.759078 0.638859 0.731344 0.637594 0.707406 0.638859 0.688516 0.648937 0.673391 0.652719 0.667094 0.642641
0 0.595266 0.548141 0.572578 0.560734 0.567547 0.584672 0.563766 0.601063 0.546125 0.631297 0.532266 0.652719 0.525953 0.675406 0.523438 0.704391 0.539813 0.715719 0.557453 0.694297 0.565016 0.656500 0.581406 0.633828 0.607859 0.616172 0.615422 0.585938 0.617938 0.553172
0 0.340719 0.525453 0.378531 0.540578 0.402469 0.540578 0.450359 0.539313 0.476812 0.549391 0.505797 0.572078 0.500750 0.597281 0.465469 0.599797 0.437750 0.585938 0.413813 0.575859 0.384828 0.573344 0.367188 0.570812 0.341984 0.565781 0.328125 0.558219 0.333172 0.539313
0 0.489422 0.212953 0.468000 0.212953 0.452875 0.220516 0.447828 0.241937 0.460437 0.255797 0.490672 0.252016 0.520922 0.258313 0.538562 0.262094 0.547375 0.279734 0.559984 0.306203 0.577625 0.321328 0.585187 0.294859 0.580141 0.259578 0.567547 0.240672 0.549906 0.231859 0.527219 0.236891 0.502016 0.239422
0 0.431453 0.286031 0.466734 0.307453 0.479328 0.317547 0.503281 0.311234 0.523438 0.306203 0.544859 0.311234 0.557453 0.335188 0.553672 0.356609 0.507062 0.366687 0.471781 0.362906 0.437750 0.335188 0.420109 0.312500 0.415078 0.288562
0 0.441531 0.389359 0.470516 0.407000 0.490672 0.417094 0.515875 0.412047 0.528484 0.383062 0.537297 0.366687 0.556203 0.355344 0.572578 0.351562 0.585187 0.356609 0.578875 0.385578 0.568797 0.415828 0.544859 0.442281 0.515875 0.456156 0.485641 0.461188 0.451609 0.451109 0.432719 0.424641 0.417594 0.404484 0.425156 0.394406
0 0.197078 0.386844 0.233625 0.407000 0.280234 0.419609 0.326859 0.415828 0.370969 0.407000 0.387344 0.404484 0.397422 0.423391 0.378531 0.441031 0.331906 0.452375 0.285281 0.451109 0.251266 0.451109 0.209672 0.433469 0.187000 0.417094 0.185734 0.405750
0 0.273938 0.462453 0.253781 0.482609 0.239922 0.498984 0.227313 0.516641 0.204641 0.549391 0.185734 0.570812 0.164312 0.588453 0.152969 0.603578 0.165578 0.625000 0.179438 0.613656 0.197078 0.582156 0.215984 0.560734 0.239922 0.548141 0.263859 0.535531 0.281500 0.516641 0.300406 0.491437 0.307969 0.463703 0.296625 0.456156
0 0.266375 0.550656 0.236141 0.556953 0.207156 0.573344 0.199594 0.597281 0.192031 0.628781 0.181953 0.643906 0.176922 0.665328 0.170609 0.688000 0.188250 0.701859 0.207156 0.690531 0.214719 0.653984 0.222281 0.627516 0.223531 0.606094 0.241172 0.590984 0.263859 0.585938 0.275203 0.562000
1 0.239641 0.846000 0.219781 0.857219 0.209422 0.888297 0.227562 0.915063 0.277625 0.931453 0.327688 0.929734 0.332875 0.902969 0.320781 0.874484 0.304391 0.888297 0.281078 0.891750 0.281078 0.878797 0.273312 0.864984 0.263813 0.853766 0.253453 0.845125
0 0.805828 0.461031 0.867687 0.506687 0.967844 0.537625 0.987000 0.519953 0.957531 0.487547 0.876531 0.471344 0.804344 0.434516