0 0.000000 0.807209 0.007922 0.805813 0.025812 0.784047 0.048359 0.770828 0.060797 0.763844 0.084109 0.751406 0.104328 0.732750 0.116766 0.722641 0.137750 0.709422 0.150187 0.700875 0.170391 0.680656 0.179719 0.669781 0.191391 0.655781 0.203828 0.653453 0.214703 0.660453 0.220156 0.667438 0.224031 0.676000 0.225594 0.688437 0.225594 0.700094 0.210047 0.717187 0.186719 0.745953 0.151734 0.777047 0.126094 0.802703 0.105875 0.813594 0.089547 0.829141 0.081000 0.837687 0.061563 0.852453 0.037469 0.862562 0.015703 0.876563 0.000000 0.885430
0 0.067781 0.242219 0.070891 0.251563 0.070125 0.261656 0.078672 0.272547 0.108984 0.298203 0.133859 0.319187 0.162625 0.343281 0.193719 0.368156 0.228703 0.381375 0.254359 0.390703 0.265234 0.398469 0.278453 0.404687 0.297109 0.411688 0.315766 0.417906 0.321984 0.410922 0.332094 0.414797 0.346078 0.420250 0.353859 0.417906 0.374844 0.420250 0.386500 0.420250 0.402828 0.428797 0.415266 0.435016 0.427703 0.441234 0.433922 0.438906 0.440922 0.428797 0.446359 0.418688 0.449469 0.403141 0.443250 0.394594 0.432375 0.384484 0.423047 0.374375 0.412937 0.368938 0.391953 0.367375 0.377172 0.358047 0.363188 0.347953 0.343750 0.337063 0.316547 0.335516 0.291672 0.332406 0.263687 0.319969 0.232594 0.313750 0.205375 0.294313 0.180500 0.269438 0.173500 0.258547 0.160297 0.247672 0.149406 0.236781 0.133078 0.222797 0.124531 0.217344 0.113656 0.212688 0.093437 0.231344 0.082562 0.233672 0.068563 0.234453
0 0.162625 0.229016 0.180500 0.225906 0.199938 0.215016 0.228703 0.195578 0.231812 0.183141 0.248906 0.176156 0.255906 0.163719 0.250469 0.152047 0.263687 0.146609 0.284672 0.124844 0.274563 0.118625 0.277672 0.104641 0.288563 0.101531 0.301766 0.100750 0.319656 0.078984 0.318094 0.068875 0.345313 0.057984 0.352297 0.047109 0.358516 0.030000 0.377172 0.006687 0.380375 0.000000 0.465323 0.000000 0.462687 0.007469 0.444031 0.031563 0.434703 0.041672 0.426156 0.050219 0.423813 0.057984 0.402047 0.083641 0.384172 0.097641 0.363969 0.131844 0.337531 0.164484 0.324312 0.185484 0.318094 0.194812 0.312656 0.203359 0.294000 0.229016 0.269125 0.243781 0.245031 0.263219 0.227141 0.269438 0.212375 0.274094 0.195281 0.275656 0.187500 0.276437 0.178953 0.266328 0.173500 0.253891 0.161844 0.239891
0 0.622828 0.101531 0.639141 0.090641 0.648469 0.082094 0.657813 0.075094 0.678016 0.064203 0.693563 0.055656 0.710672 0.046328 0.731656 0.040109 0.753422 0.035453 0.791516 0.035453 0.808609 0.044000 0.827266 0.058766 0.849813 0.077422 0.870031 0.089078 0.887125 0.100750 0.898016 0.110078 0.923656 0.129516 0.930656 0.138063 0.944656 0.152047 0.948531 0.163719 0.948531 0.183922 0.950875 0.197922 0.935328 0.208016 0.916672 0.210359 0.895672 0.208016 0.888687 0.187031 0.880906 0.169937 0.868469 0.162156 0.856812 0.172266 0.842813 0.169937 0.845156 0.156719 0.838156 0.145828 0.828047 0.134953 0.812500 0.134953 0.813281 0.131062 0.812500 0.120953 0.803953 0.119406 0.780625 0.117844 0.772078 0.108516 0.754969 0.108516 0.744094 0.109297 0.723109 0.111625 0.710672 0.117844 0.701344 0.126406 0.692781 0.133391 0.678797 0.145828 0.667141 0.149719 0.664031 0.159828 0.648469 0.159047 0.639922 0.158266 0.629047 0.162937 0.615828 0.163719 0.610391 0.161375 0.598719 0.152828 0.593281 0.141953 0.600281 0.113188 0.612719 0.108516
0 0.412937 0.455219 0.426156 0.444344 0.440141 0.438125 0.450250 0.431906 0.465797 0.422578 0.475125 0.414797 0.493000 0.407031 0.517109 0.401578 0.539641 0.398469 0.549750 0.393812 0.578516 0.397703 0.593281 0.401578 0.606500 0.400812 0.617375 0.399250 0.625937 0.410141 0.635266 0.419469 0.646922 0.423359 0.660922 0.421797 0.669469 0.430344 0.672578 0.438906 0.686563 0.449000 0.724656 0.465328 0.740203 0.476219 0.751094 0.487094 0.772859 0.513531 0.781406 0.525188 0.790734 0.536063 0.801609 0.546953 0.806281 0.555500 0.806281 0.564828 0.800844 0.577266 0.793062 0.583484 0.782953 0.586594 0.772078 0.584266 0.761969 0.581156 0.747984 0.578047 0.733984 0.574938 0.707562 0.551609 0.690453 0.544625 0.675688 0.531406 0.662469 0.522859 0.643031 0.508859 0.631375 0.500313 0.616609 0.490203 0.597953 0.478547 0.582406 0.472328 0.564516 0.467656 0.545094 0.467656 0.517875 0.471547 0.501563 0.474656 0.488344 0.482437 0.464234 0.491766 0.453359 0.500313 0.440141 0.508078 0.428484 0.511187 0.395062 0.509641 0.388062 0.494875 0.395062 0.476984 0.403609 0.464547
0 0.340641 0.716422 0.356969 0.695422 0.367844 0.685328 0.384953 0.672891 0.397391 0.660453 0.403609 0.642563 0.418375 0.639453 0.440922 0.637125 0.465016 0.630906 0.476672 0.618469 0.483672 0.623906 0.496109 0.630125 0.525656 0.634016 0.544312 0.643344 0.561406 0.658109 0.572297 0.669781 0.579297 0.679875 0.596391 0.707859 0.601063 0.721078 0.601828 0.734297 0.598719 0.747516 0.592500 0.750625 0.590172 0.761500 0.600281 0.777047 0.599500 0.789484 0.590172 0.797266 0.573844 0.812031 0.567625 0.826031 0.556750 0.833797 0.531094 0.847797 0.517109 0.854781 0.511656 0.850906 0.503891 0.850906 0.493000 0.850906 0.477453 0.849344 0.463469 0.840797 0.459578 0.820578 0.469687 0.808922 0.489109 0.786375 0.507781 0.778609 0.520984 0.766172 0.533422 0.753734 0.533422 0.742844 0.525656 0.732750 0.520219 0.721859 0.504672 0.707859 0.499219 0.700875 0.484453 0.691547 0.461125 0.693094 0.443250 0.707859 0.433922 0.715641 0.426922 0.721078 0.405937 0.731188 0.396609 0.738188 0.378734 0.753734 0.372516 0.760734 0.359297 0.765391 0.344531 0.762281 0.328984 0.739734 0.334422 0.726531
0 0.861469 0.864109 0.883234 0.869563 0.898016 0.863344 0.908891 0.861781 0.934547 0.854016 0.945422 0.849344 0.967969 0.847797 0.995953 0.847797 0.998437 0.847558 0.998437 0.783957 0.977297 0.782500 0.954750 0.785609 0.935328 0.787156 0.919000 0.792594 0.898781 0.795703 0.883234 0.801922 0.868469 0.805031 0.865359 0.812031 0.849031 0.833016 0.845922 0.842344 0.847484 0.853234 0.852141 0.863344
0 0.803172 0.964391 0.817172 0.956625 0.828828 0.947297 0.845156 0.941078 0.860703 0.941078 0.893344 0.931750 0.910453 0.925531 0.953203 0.912313 0.965641 0.902984 0.974969 0.890547 0.988969 0.875781 0.992844 0.867219 0.999063 0.856344 0.998437 0.855918 0.998437 0.954666 0.995188 0.960516 0.978859 0.977609 0.960203 0.991609 0.939203 0.997828 0.933503 0.998437 0.810016 0.998437 0.807063 0.997047 0.800062 0.993937 0.792281 0.979172 0.792281 0.969844
0 0.096297 0.037187 0.113266 0.020922 0.128139 0.000000 0.236307 0.000000 0.237703 0.003250 0.232047 0.015984 0.218609 0.022344 0.203766 0.025875 0.200219 0.030125 0.197391 0.047797 0.182547 0.058406 0.169828 0.065469 0.158516 0.081734 0.147203 0.093047 0.142250 0.102937 0.133063 0.121328 0.130234 0.131219 0.129531 0.141125 0.125281 0.164453 0.124578 0.177172 0.122453 0.187078 0.116094 0.206172 0.108312 0.216062 0.097000 0.225250 0.089937 0.231625 0.077203 0.233734 0.067312 0.233031 0.055281 0.227375 0.055281 0.215359 0.055281 0.201922 0.054578 0.179297 0.055281 0.164453 0.055281 0.154547 0.062359 0.123438 0.072969 0.104359 0.075078 0.090922 0.083563 0.073250 0.092047 0.061937 0.093469 0.052750
0 0.589162 0.000000 0.583422 0.008906 0.569281 0.013859 0.557969 0.035781 0.545250 0.063344 0.530406 0.095156 0.524031 0.110016 0.517672 0.123438 0.495766 0.146063 0.480203 0.175062 0.477375 0.189906 0.471719 0.204750 0.478078 0.214656 0.487281 0.221719 0.492938 0.225969 0.499297 0.225969 0.508484 0.223141 0.513437 0.218891 0.518375 0.215359 0.528984 0.211109 0.537469 0.206172 0.545953 0.199094 0.553031 0.190609 0.560797 0.177172 0.575656 0.145359 0.592625 0.117781 0.619484 0.078203 0.638578 0.047094 0.656953 0.014563 0.669398 0.000000
0 0.423641 0.877125 0.427172 0.867219 0.436375 0.867219 0.453344 0.868641 0.461109 0.873594 0.464656 0.884891 0.473141 0.895500 0.482328 0.916719 0.497172 0.957016 0.512719 0.988125 0.521387 0.998437 0.444191 0.998437 0.443437 0.996609 0.442031 0.988828 0.437781 0.981766 0.433547 0.971156 0.427172 0.953484 0.421516 0.935797 0.420812 0.925203 0.420109 0.910344 0.422234 0.901859 0.422234 0.888437
0 0.358266 0.552250 0.374484 0.544562 0.391562 0.538594 0.422297 0.538594 0.441094 0.538594 0.465000 0.542859 0.476094 0.543719 0.492312 0.543719 0.508531 0.536891 0.532453 0.531766 0.553797 0.527500 0.563188 0.527500 0.567453 0.534328 0.579406 0.542859 0.587094 0.547125 0.594781 0.552250 0.609297 0.553969 0.629781 0.555672 0.651125 0.555672 0.658813 0.551406 0.675891 0.550547 0.663078 0.557375 0.646859 0.563359 0.633203 0.569328 0.627219 0.577875 0.627219 0.592391 0.623797 0.600062 0.621250 0.607750 0.608438 0.600062 0.596484 0.588109 0.580266 0.587266 0.570016 0.588109 0.552938 0.593234 0.534156 0.597500 0.521344 0.598359 0.504266 0.602625 0.490609 0.603484 0.481219 0.601781 0.463281 0.597500 0.447062 0.597500 0.430844 0.599219 0.411203 0.600922 0.387297 0.599219 0.375344 0.593234 0.359125 0.581281 0.356563 0.569328 0.356563 0.563359
0 0.699797 0.550547 0.681016 0.551406 0.669906 0.555672 0.664781 0.556516 0.657109 0.558234 0.641734 0.567625 0.634047 0.571031 0.632344 0.579578 0.630641 0.600062 0.634047 0.611172 0.643437 0.614578 0.660516 0.621406 0.679297 0.622266 0.694672 0.623125 0.718578 0.622266 0.732234 0.618859 0.742484 0.612016 0.749312 0.608609 0.757000 0.608609 0.766391 0.609453 0.780906 0.604344 0.801406 0.598359 0.814203 0.592391 0.827016 0.590672 0.842391 0.590672 0.857750 0.594094 0.874828 0.594094 0.885922 0.595797 0.892766 0.596656 0.896172 0.588109 0.902156 0.580438 0.909844 0.573594 0.915812 0.569328 0.927766 0.568484 0.931188 0.573594 0.934594 0.582984 0.941422 0.589828 0.946547 0.590672 0.956797 0.582984 0.966187 0.580438 0.977281 0.577875 0.992656 0.557375 0.998437 0.548404 0.998437 0.512101 0.997781 0.509563 0.983266 0.501031 0.973875 0.503594 0.972172 0.510422 0.965328 0.523219 0.959359 0.531766 0.954234 0.540297 0.950812 0.548844 0.941422 0.556516 0.933750 0.558234 0.921797 0.558234 0.914109 0.555672 0.903859 0.548844 0.898734 0.543719 0.898734 0.535172 0.898734 0.530047 0.889344 0.512984 0.881656 0.506141 0.869703 0.506141 0.861172 0.511266 0.850062 0.518094 0.834703 0.518953 0.826156 0.516391 0.816766 0.511266 0.803969 0.505297 0.794562 0.513828 0.797125 0.520656 0.783469 0.518953 0.791156 0.534328 0.803109 0.544562 0.806516 0.553969 0.808234 0.560797 0.803109 0.576156 0.798844 0.585547 0.789453 0.586406 0.778344 0.586406 0.764688 0.584703 0.745906 0.579578 0.733094 0.575313 0.717719 0.565063
0 0.657109 0.666672 0.657109 0.679469 0.651984 0.695703 0.648562 0.715328 0.637469 0.730703 0.627219 0.740953 0.619531 0.744359 0.602453 0.753750 0.592219 0.757172 0.595625 0.764859 0.608438 0.779375 0.611844 0.794734 0.621250 0.799859 0.636609 0.804984 0.650266 0.806688 0.663078 0.806688 0.675031 0.801578 0.689547 0.793031 0.704062 0.784500 0.716016 0.775953 0.721141 0.768266 0.721141 0.752906 0.719438 0.740094 0.717719 0.723875 0.717719 0.706797 0.716875 0.698266 0.727969 0.693141 0.727969 0.686297 0.719438 0.676063 0.710047 0.670938 0.705766 0.662391 0.701500 0.654719 0.689547 0.654719 0.679297 0.654719 0.670766 0.653859
1 0.284844 0.413078 0.274594 0.454063 0.275437 0.480531 0.292516 0.496750 0.330094 0.507859 0.380469 0.503594 0.394125 0.490781 0.414625 0.448094 0.408641 0.437844 0.391562 0.425891 0.363391 0.422469 0.342047 0.432719 0.328375 0.414781 0.315578 0.425891 0.294234 0.420766
1 0.444500 0.429297 0.470969 0.420766 0.498297 0.405391 0.521344 0.395156 0.536719 0.393437 0.548672 0.390031 0.569156 0.396000 0.589656 0.401984 0.605016 0.399422 0.615266 0.397719 0.622094 0.406250 0.630641 0.413937 0.646859 0.421625 0.659672 0.416500 0.669063 0.422469 0.675031 0.435281 0.685281 0.445531 0.701500 0.449797 0.713453 0.445531 0.723703 0.452359 0.736516 0.453203 0.740781 0.431016 0.757859 0.429297 0.762984 0.435281 0.771516 0.435281 0.774078 0.419063 0.788594 0.415641 0.798844 0.412234 0.812500 0.397719 0.829578 0.388312 0.857750 0.365266 0.850062 0.360141 0.839828 0.363562 0.798844 0.366969 0.762984 0.366125 0.743344 0.374656 0.726266 0.374656 0.699797 0.376359 0.672469 0.378922 0.638312 0.374656 0.612703 0.381484 0.577703 0.380641 0.546109 0.375516 0.501703 0.374656 0.483781 0.378078 0.453891 0.380641 0.442797 0.386609 0.449625 0.395156 0.453891 0.407953
1 0.194984 0.535359 0.203406 0.555953 0.209953 0.580281 0.214641 0.601797 0.229609 0.610219 0.262344 0.598984 0.280125 0.589641 0.303516 0.577469 0.313812 0.556891 0.308203 0.540047 0.294156 0.549406 0.283875 0.559688 0.263281 0.566250 0.238953 0.567172 0.229609 0.555953 0.211828 0.535359 0.203406 0.530687
1 0.083641 0.459578 0.095812 0.471750 0.110781 0.482969 0.140719 0.496078 0.160359 0.504484 0.174406 0.500750 0.187500 0.488578 0.202469 0.469875 0.207141 0.455844 0.191250 0.457703 0.168781 0.468938 0.147266 0.474547 0.133234 0.466125 0.120141 0.453031 0.110781 0.442734 0.091125 0.437125 0.080844 0.450219
0 0.127190 0.998437 0.180522 0.998437 0.175828 0.955063 0.188922 0.850297 0.213250 0.807266 0.267500 0.784812 0.274984 0.741781 0.220734 0.739922 0.155250 0.799781 0.123453 0.870875 0.127188 0.999969
0 0.000000 0.696537 0.029906 0.782953 0.059844 0.865266 0.101000 0.869016 0.173969 0.857781 0.222609 0.870875 0.211375 0.912031 0.132797 0.941969 0.000000 0.906674
0 0.570906 0.493578 0.648859 0.476437 0.748641 0.437453 0.823469 0.395359 0.898297 0.340797 0.962219 0.336125 0.976250 0.368859 0.907656 0.435906 0.901422 0.435906 0.848406 0.468641 0.792281 0.516969 0.687828 0.537234 0.627031 0.549719 0.572453 0.534125
0 0.436812 0.328328 0.492953 0.303375 0.563109 0.337672 0.597406 0.359500 0.651969 0.376656 0.703422 0.353266 0.630141 0.294031 0.553750 0.255047 0.494500 0.230109 0.446172 0.245688 0.408750 0.295578
0 0.969797 0.183375 0.907016 0.295969 0.892938 0.334953 0.894016 0.418313 0.915672 0.472453 0.905922 0.527672 0.902672 0.595875 0.891844 0.659750 0.868031 0.682484 0.858281 0.688984 0.874531 0.729047 0.936234 0.721469 0.955734 0.658672 0.975219 0.483281 0.969797 0.396656 0.957891 0.352266 0.998437 0.255766 0.998437 0.186553 0.997953 0.176875