0 0.042875 0.090844 0.023797 0.098109 0.017437 0.123547 0.009266 0.133547 0.003813 0.151703 0.000000 0.165581 0.000000 0.317865 0.003813 0.325219 0.020172 0.323406 0.033797 0.307953 0.039250 0.287969 0.042875 0.269797 0.041969 0.247094 0.041969 0.228922 0.041969 0.203484 0.041062 0.183500 0.041062 0.164422 0.043781 0.153531 0.054688 0.132625 0.061953 0.118094 0.065594 0.098109 0.063766 0.090844
0 0.010172 0.000906 0.001094 0.019984 0.000000 0.022538 0.000000 0.043779 0.006547 0.048141 0.027437 0.046328 0.034703 0.038156 0.038328 0.029063 0.046516 0.018172 0.052875 0.003641 0.041969 0.002719 0.023797 0.000000
0 0.065594 0.007266 0.055594 0.020891 0.055594 0.032703 0.062859 0.046328 0.063766 0.055422 0.063766 0.066312 0.063766 0.082672 0.077391 0.089031 0.089203 0.079937 0.089203 0.058141 0.093750 0.046328 0.095562 0.029984 0.096469 0.014531 0.101922 0.005453 0.089203 0.005453
0 0.007453 0.500547 0.000000 0.506754 0.000000 0.531392 0.004719 0.540516 0.013813 0.557781 0.018344 0.574125 0.016531 0.589578 0.010172 0.603203 0.000000 0.615405 0.000000 0.675914 0.013813 0.668609 0.035609 0.644078 0.041062 0.630453 0.051047 0.605016 0.058328 0.595938 0.061953 0.575937 0.060141 0.559594 0.055594 0.543234 0.048328 0.527797 0.030156 0.516891 0.019266 0.505094
0 0.141891 0.931141 0.131000 0.916609 0.123734 0.904797 0.121906 0.881172 0.116453 0.864828 0.105562 0.852109 0.095562 0.844844 0.076484 0.853922 0.075578 0.866641 0.072859 0.888437 0.081938 0.912969 0.088297 0.943859 0.096469 0.958391 0.116453 0.975656 0.131906 0.990187 0.146337 0.998437 0.202311 0.998437 0.199125 0.992922 0.180047 0.973844 0.170969 0.963844 0.151891 0.943859
0 0.106469 0.002719 0.100109 0.010906 0.096469 0.024531 0.101922 0.037250 0.105562 0.044516 0.105562 0.055422 0.114641 0.060859 0.128266 0.063594 0.137359 0.052687 0.143719 0.039969 0.153703 0.021797 0.159156 0.010000 0.163703 0.002719 0.153703 0.002719 0.124641 0.000906
0 0.160063 0.055422 0.136453 0.055422 0.122813 0.062687 0.115547 0.067219 0.109187 0.074484 0.110109 0.089031 0.121906 0.101750 0.134625 0.103563 0.161875 0.099922 0.189141 0.099922 0.212750 0.097203 0.235469 0.096297 0.254547 0.088125 0.263625 0.064500 0.268172 0.045422 0.270891 0.035422 0.277250 0.024531 0.293609 0.014531 0.295422 0.003641 0.279063 0.000000 0.255453 0.000000 0.240000 0.010000 0.237281 0.020891 0.229109 0.046328 0.216391 0.058141 0.207297 0.060859 0.182781 0.059047
0 0.179141 0.106281 0.160969 0.101750 0.145531 0.104469 0.141891 0.111734 0.140984 0.126266 0.140984 0.139891 0.140984 0.164422 0.140984 0.189859 0.142812 0.206219 0.148250 0.223469 0.148250 0.234375 0.144625 0.252547 0.149172 0.260719 0.165516 0.264359 0.181875 0.260719 0.190953 0.249812 0.189141 0.223469 0.188234 0.205313 0.187312 0.186234 0.182781 0.175328 0.182781 0.158062 0.183687 0.138984 0.184594 0.117188
0 0.160063 0.263437 0.144625 0.262531 0.137359 0.267078 0.114641 0.277984 0.097391 0.290703 0.091938 0.296141 0.088297 0.310688 0.085578 0.324313 0.090109 0.335203 0.111016 0.333391 0.134625 0.327031 0.150984 0.311594 0.169156 0.303422 0.182781 0.288875 0.204578 0.276156 0.219109 0.267984 0.248188 0.261625 0.270891 0.263437 0.282703 0.266172 0.296328 0.266172 0.307234 0.246188 0.307234 0.233469 0.299969 0.227109 0.277250 0.222562 0.253641 0.225297 0.228203 0.226203 0.209125 0.228016 0.194578 0.229828 0.190047 0.239828 0.189141 0.252547 0.180953 0.260719
0 0.172781 0.307047 0.160063 0.327937 0.160063 0.337938 0.158250 0.355203 0.156438 0.373359 0.152797 0.391531 0.151891 0.407891 0.151891 0.422422 0.148250 0.439687 0.143719 0.461484 0.140078 0.475109 0.143719 0.488734 0.154609 0.496906 0.168234 0.506906 0.174594 0.512359 0.190953 0.506000 0.193672 0.487828 0.194578 0.467844 0.195500 0.449672 0.196406 0.431500 0.196406 0.413328 0.200031 0.400625 0.191859 0.385172 0.205484 0.371547 0.205484 0.361563 0.193672 0.357922 0.193672 0.337031 0.193672 0.320672
0 0.261812 0.327937 0.252719 0.348844 0.245453 0.365187 0.241828 0.391531 0.251812 0.403344 0.269984 0.411516 0.283609 0.413328 0.293609 0.394266 0.298141 0.373359 0.299062 0.365187 0.313594 0.347922 0.321766 0.336125 0.336297 0.320672 0.343562 0.310688 0.349016 0.295234 0.357188 0.277078 0.359016 0.256172 0.359922 0.231656 0.358109 0.218016 0.350828 0.208937 0.340844 0.207125 0.327219 0.214391 0.319047 0.227109 0.322672 0.242547 0.316313 0.276156 0.309953 0.286156 0.292703 0.301594 0.278156 0.316141
0 0.159156 0.505094 0.151891 0.521437 0.132812 0.546875 0.127359 0.560500 0.119187 0.578672 0.115547 0.592297 0.126453 0.608641 0.140984 0.612281 0.162797 0.594109 0.167328 0.574125 0.170063 0.554141 0.183687 0.533250 0.201859 0.514172 0.213656 0.494187 0.221844 0.470563 0.229109 0.446953 0.234563 0.431500 0.236375 0.406062 0.231828 0.397891 0.216391 0.401531 0.204578 0.410609 0.196406 0.420609 0.196406 0.442406 0.196406 0.466031 0.192766 0.488734 0.190047 0.506906 0.185500 0.513266 0.169156 0.512359
0 0.097391 0.636813 0.079219 0.644984 0.077391 0.653156 0.085578 0.684953 0.094656 0.711297 0.106469 0.725828 0.119187 0.744906 0.124641 0.762172 0.125547 0.775797 0.118281 0.790328 0.105562 0.803047 0.094656 0.816672 0.097391 0.831219 0.114641 0.836672 0.133719 0.828484 0.141891 0.813953 0.157344 0.794875 0.163703 0.786703 0.163703 0.763984 0.157344 0.743094 0.148250 0.723109 0.144625 0.712203 0.134625 0.684953 0.125547 0.657703 0.119187 0.636813
0 0.212750 0.650438 0.210031 0.667703 0.202766 0.687688 0.193672 0.714938 0.185500 0.737641 0.174594 0.755812 0.166422 0.770344 0.164609 0.787609 0.173687 0.805781 0.179141 0.814859 0.187312 0.819406 0.193672 0.808500 0.203672 0.796687 0.211844 0.789422 0.220016 0.769437 0.222750 0.754906 0.231828 0.735828 0.240000 0.714031 0.242734 0.684047 0.253641 0.661344 0.250906 0.637719 0.244547 0.625906 0.232734 0.625906 0.218203 0.639531
0 0.309953 0.530516 0.296328 0.544156 0.300875 0.565953 0.317219 0.597750 0.319953 0.612281 0.312688 0.628641 0.309047 0.643172 0.298141 0.656797 0.283609 0.678594 0.275437 0.695859 0.261812 0.710391 0.253641 0.728563 0.249094 0.749453 0.245453 0.764891 0.254547 0.773078 0.274531 0.775797 0.288156 0.763078 0.304500 0.741281 0.314500 0.721297 0.322672 0.700406 0.334484 0.680422 0.349016 0.670422 0.363547 0.642266 0.365375 0.616828 0.363547 0.598656 0.359922 0.578672 0.351750 0.557781 0.346297 0.549594 0.333578 0.534156 0.329031 0.534156 0.319953 0.530516
0 0.341750 0.001812 0.340844 0.015438 0.335391 0.032703 0.340844 0.053594 0.342656 0.079937 0.349922 0.092656 0.369000 0.098109 0.383547 0.089938 0.388984 0.073578 0.386266 0.055422 0.383547 0.042703 0.383547 0.020891 0.392625 0.008172 0.392625 0.004547 0.388078 0.004547 0.379000 0.004547 0.359922 0.004547
0 0.514359 0.000000 0.508000 0.010906 0.500734 0.026344 0.486187 0.042703 0.473469 0.063594 0.472563 0.079937 0.474375 0.099922 0.479828 0.107187 0.498000 0.109922 0.505266 0.100828 0.514359 0.091750 0.525250 0.075406 0.525250 0.059047 0.532516 0.044516 0.547063 0.029063 0.561594 0.013625 0.572500 0.008172 0.575219 0.002719 0.566141 0.003641 0.552500 0.003641 0.533438 0.002719
0 0.465297 0.175328 0.456219 0.163516 0.436234 0.151703 0.415328 0.139891 0.403531 0.138984 0.387172 0.146250 0.380813 0.158062 0.385359 0.170781 0.398984 0.184406 0.413516 0.194406 0.428047 0.206219 0.448953 0.217109 0.476203 0.228922 0.487094 0.238016 0.511625 0.247094 0.527078 0.251641 0.563406 0.255266 0.579766 0.248000 0.588844 0.246188 0.592484 0.226203 0.586125 0.215297 0.572500 0.212578 0.557953 0.216203 0.536156 0.209844 0.519797 0.205313 0.503453 0.196219 0.481656 0.186234
0 0.427141 0.354281 0.410797 0.371547 0.397172 0.382453 0.390813 0.396078 0.382625 0.410609 0.375359 0.427875 0.367188 0.440594 0.364469 0.460578 0.349016 0.492375 0.344484 0.500547 0.336297 0.520531 0.335391 0.537797 0.352656 0.550516 0.374453 0.547781 0.382625 0.542328 0.389891 0.526891 0.392625 0.510531 0.395344 0.488734 0.398078 0.468750 0.404438 0.453313 0.414422 0.437859 0.424422 0.414250 0.426234 0.401531 0.441672 0.386984 0.450766 0.382453 0.458938 0.368828 0.447125 0.357016 0.436234 0.350656
0 0.523438 0.370641 0.498906 0.391531 0.481656 0.412422 0.466203 0.430594 0.456219 0.437859 0.448031 0.449672 0.439859 0.461484 0.434406 0.473297 0.427141 0.478750 0.417156 0.492375 0.411703 0.497813 0.403531 0.503266 0.397172 0.509625 0.392625 0.519625 0.398078 0.535062 0.408062 0.539609 0.422609 0.537797 0.435313 0.529609 0.446219 0.518719 0.457125 0.504172 0.472563 0.485109 0.478016 0.479656 0.495281 0.465109 0.508000 0.457844 0.517984 0.437859 0.528891 0.426047 0.541609 0.418781 0.553422 0.415156 0.571578 0.401531 0.577937 0.386078 0.577031 0.373359 0.567047 0.361563 0.555234 0.354281 0.534344 0.365187
0 0.496187 0.514172 0.476203 0.529609 0.466203 0.539609 0.458938 0.547781 0.449859 0.560500 0.434406 0.574125 0.418969 0.590484 0.414422 0.600469 0.414422 0.612281 0.414422 0.631359 0.408969 0.643172 0.407156 0.656797 0.408062 0.663156 0.425328 0.675875 0.442594 0.667703 0.454391 0.660422 0.457125 0.644078 0.460750 0.626812 0.460750 0.609563 0.468016 0.593203 0.483469 0.582297 0.495281 0.575937 0.505266 0.565953 0.514359 0.549594 0.521625 0.535062 0.521625 0.516891 0.517078 0.506000 0.508000 0.509625
0 0.388984 0.666781 0.380813 0.664062 0.367188 0.677687 0.359922 0.692219 0.359922 0.710391 0.359922 0.725828 0.360828 0.750359 0.359922 0.772172 0.359922 0.795781 0.359922 0.816672 0.359922 0.833937 0.359922 0.857563 0.358109 0.872094 0.360828 0.885719 0.373547 0.897531 0.395344 0.895719 0.404438 0.875734 0.408062 0.855734 0.406250 0.849375 0.390813 0.841203 0.386266 0.825766 0.395344 0.809406 0.404438 0.795781 0.405344 0.770344 0.405344 0.755812 0.401703 0.725828 0.401703 0.709484 0.401703 0.692219 0.401703 0.677687
0 0.470750 0.798516 0.456219 0.803953 0.437141 0.802141 0.421687 0.797609 0.408969 0.798516 0.397172 0.807594 0.388078 0.822125 0.389891 0.839391 0.398984 0.846656 0.407156 0.851203 0.425328 0.851203 0.448031 0.848469 0.466203 0.847563 0.490734 0.845750 0.495281 0.828484 0.508906 0.812141 0.519797 0.799422 0.522531 0.778531 0.522531 0.762172 0.521625 0.750359 0.509813 0.740375 0.499812 0.748547 0.490734 0.766719 0.488016 0.783062
0 0.458938 0.885719 0.438953 0.892078 0.413516 0.900250 0.398078 0.909344 0.372641 0.921141 0.354469 0.930234 0.345391 0.941141 0.343562 0.952937 0.349016 0.968391 0.363547 0.972922 0.379906 0.966562 0.401703 0.957484 0.421687 0.946578 0.442594 0.938406 0.458938 0.932047 0.474375 0.922969 0.486187 0.922969 0.516172 0.923875 0.544328 0.926594 0.558859 0.937500 0.574312 0.937500 0.584297 0.922969 0.578859 0.904797 0.569766 0.894797 0.558859 0.889359 0.545234 0.887531 0.526156 0.885719 0.508000 0.884813 0.490734 0.884813 0.469844 0.885719
0 0.543824 0.998437 0.542516 0.995641 0.533438 0.983828 0.533438 0.964750 0.537969 0.948406 0.551594 0.940219 0.568859 0.949312 0.585203 0.963844 0.589750 0.976562 0.588844 0.996547 0.588641 0.998437
0 0.581578 0.642266 0.562500 0.633172 0.547063 0.633172 0.528891 0.637719 0.507078 0.647703 0.482563 0.651344 0.468938 0.653156 0.456219 0.660422 0.439859 0.668609 0.426234 0.679500 0.440766 0.689500 0.455312 0.694047 0.478922 0.688594 0.498906 0.686766 0.518891 0.678594 0.543422 0.672234 0.559781 0.673141 0.577031 0.686766 0.589750 0.695859 0.602469 0.702219 0.607016 0.680422 0.607016 0.663156 0.597016 0.652250
0 0.587938 0.007266 0.582484 0.029063 0.582484 0.046328 0.575219 0.066312 0.568859 0.082672 0.562500 0.103563 0.557953 0.120828 0.561594 0.140813 0.566141 0.162609 0.581578 0.170781 0.598844 0.175328 0.606109 0.165328 0.610641 0.147172 0.610641 0.127188 0.600656 0.110828 0.599750 0.099922 0.607922 0.078125 0.610641 0.059047 0.620641 0.029063 0.617922 0.014531 0.610641 0.009078 0.602469 0.007266
0 0.560688 0.153531 0.547969 0.141719 0.527078 0.126266 0.518891 0.119000 0.510719 0.117188 0.504359 0.117188 0.495281 0.132625 0.500734 0.147172 0.522531 0.167156 0.537969 0.181688 0.556141 0.193500 0.575219 0.198031 0.591562 0.204391 0.623359 0.206219 0.650625 0.205313 0.666969 0.198031 0.683328 0.191672 0.687859 0.182594 0.702391 0.176234 0.701484 0.158969 0.691500 0.152609 0.679688 0.149891 0.662422 0.151703 0.644266 0.159891 0.630625 0.166250 0.622453 0.170781 0.610641 0.174422 0.600656 0.174422 0.590656 0.172609 0.573406 0.166250
0 0.557047 0.314312 0.534344 0.310688 0.516172 0.302500 0.497094 0.297063 0.450766 0.298875 0.420781 0.302500 0.396250 0.308859 0.380813 0.315219 0.353562 0.321578 0.344484 0.326125 0.331766 0.329766 0.327219 0.338844 0.332672 0.358828 0.331766 0.366094 0.344484 0.370641 0.367188 0.368828 0.394438 0.361563 0.408062 0.353375 0.436234 0.347016 0.458938 0.342484 0.474375 0.339750 0.493453 0.342484 0.517984 0.348844 0.534344 0.356109 0.553422 0.354281 0.571578 0.353375 0.587938 0.353375 0.614281 0.352469 0.625187 0.329766 0.625187 0.316141 0.610641 0.307953 0.585203 0.311594
0 0.610641 0.215297 0.592484 0.218938 0.593391 0.236187 0.602469 0.258000 0.621547 0.274344 0.627906 0.291609 0.636078 0.310688 0.647891 0.326125 0.656063 0.344297 0.666063 0.359734 0.676969 0.379719 0.694219 0.397891 0.707844 0.411516 0.726922 0.430594 0.746000 0.446953 0.765984 0.448766 0.770531 0.437859 0.757812 0.405156 0.745094 0.390625 0.734188 0.375188 0.720563 0.360641 0.708750 0.339750 0.697859 0.316141 0.690594 0.302500 0.679688 0.284344 0.671516 0.267984 0.660609 0.253453 0.649703 0.238016 0.641531 0.224375 0.631547 0.212578 0.621547 0.212578
0 0.718750 0.233469 0.706031 0.250734 0.706938 0.267078 0.725109 0.278891 0.744188 0.279797 0.760531 0.266172 0.769625 0.248906 0.765984 0.232563 0.765078 0.214391 0.765078 0.199859 0.771437 0.190766 0.793234 0.198953 0.815047 0.207125 0.822313 0.218938 0.842297 0.218016 0.850469 0.205313 0.845938 0.192594 0.832297 0.180781 0.820500 0.170781 0.806875 0.161703 0.784156 0.149891 0.765078 0.148078 0.751453 0.148984 0.742375 0.148078 0.734188 0.160797 0.721469 0.161703 0.715109 0.165328 0.721469 0.178047 0.725109 0.198953 0.725109 0.210750
0 0.756000 0.274344 0.779609 0.283438 0.788703 0.290703 0.808687 0.302500 0.815047 0.307047 0.836844 0.317047 0.848656 0.328859 0.858641 0.337031 0.873187 0.344297 0.885000 0.358828 0.890438 0.372453 0.882266 0.385172 0.872281 0.390625 0.852297 0.382453 0.835938 0.377906 0.829578 0.371547 0.814141 0.358828 0.799594 0.347016 0.787797 0.337938 0.772344 0.326125 0.756000 0.317047 0.735109 0.311594 0.724203 0.297969 0.709672 0.293422 0.696047 0.288875 0.695125 0.271625 0.709672 0.269797 0.721469 0.277078 0.744188 0.281609
0 0.719656 0.004547 0.737828 0.017266 0.755094 0.022703 0.775078 0.034516 0.794156 0.039969 0.820500 0.045422 0.849562 0.049062 0.867734 0.050875 0.885000 0.059953 0.894984 0.072672 0.892266 0.086297 0.881359 0.098109 0.861375 0.098109 0.834125 0.094484 0.815953 0.091750 0.798688 0.088125 0.780516 0.080844 0.763266 0.075406 0.745094 0.065406 0.733281 0.057234 0.722391 0.048141 0.705125 0.039062 0.694219 0.032703 0.687859 0.029063 0.686953 0.015438 0.694219 0.005453
0 0.742375 0.005453 0.772344 0.014531 0.798688 0.021797 0.824125 0.028156 0.840484 0.036344 0.857734 0.045422 0.881359 0.053594 0.895891 0.058141 0.904062 0.049062 0.904062 0.031797 0.894078 0.018172 0.883172 0.013625 0.865000 0.008172 0.855922 0.004547 0.833219 0.002719 0.809594 0.002719 0.785969 0.002719 0.765984 0.002719
0 0.994906 0.069953 0.998437 0.079671 0.998437 0.029014 0.978563 0.022703 0.958578 0.021797 0.942219 0.034516 0.930422 0.051781 0.931328 0.069953 0.946766 0.071766 0.948578 0.054500 0.959484 0.045422 0.989469 0.049062 0.994000 0.059953
0 0.985828 0.062687 0.967656 0.051781 0.954938 0.051781 0.942219 0.063594 0.945859 0.075406 0.941313 0.088125 0.937687 0.103563 0.933141 0.120828 0.928594 0.141719 0.924063 0.157156 0.924063 0.171687 0.921328 0.185312 0.915875 0.203484 0.914062 0.220750 0.907703 0.239828 0.899531 0.258000 0.894984 0.266172 0.894984 0.283438 0.894984 0.297063 0.905891 0.307953 0.922234 0.294328 0.928594 0.278891 0.933141 0.258000 0.944953 0.238016 0.954938 0.222562 0.956766 0.193500 0.962203 0.174422 0.964031 0.148078 0.967656 0.136266 0.974922 0.115375 0.979469 0.097203 0.985828 0.081766
0 0.998437 0.275506 0.994906 0.266172 0.983109 0.257078 0.963125 0.255266 0.954938 0.269797 0.952219 0.287969 0.953125 0.304328 0.960391 0.322500 0.963125 0.340656 0.968563 0.350656 0.975828 0.367922 0.981281 0.382453 0.984922 0.399703 0.984922 0.415156 0.984016 0.429688 0.982187 0.448766 0.982187 0.464203 0.976750 0.484187 0.976750 0.502359 0.987641 0.512359 0.996734 0.504172 0.998437 0.498397
0 0.959484 0.366094 0.942219 0.371547 0.936766 0.388813 0.928594 0.404250 0.925875 0.448766 0.922234 0.466031 0.922234 0.482375 0.923141 0.520531 0.923141 0.530516 0.927687 0.565047 0.934047 0.575031 0.941313 0.589578 0.951312 0.601375 0.963125 0.614094 0.978563 0.619547 0.997641 0.625000 0.998437 0.621753 0.998437 0.577525 0.995828 0.572313 0.982187 0.552328 0.977656 0.542328 0.974922 0.534156 0.974922 0.516891 0.974922 0.497813 0.972203 0.482375 0.974016 0.466937 0.974922 0.446047 0.974922 0.426969 0.974922 0.405156 0.974016 0.391531
0 0.578859 0.474203 0.560688 0.466031 0.547969 0.471469 0.536156 0.476922 0.536156 0.491453 0.543422 0.510531 0.551594 0.531438 0.561594 0.547781 0.569766 0.573219 0.570672 0.589578 0.581578 0.606828 0.593391 0.624094 0.609734 0.643172 0.620641 0.660422 0.623359 0.672234 0.643344 0.671328 0.650625 0.651344 0.649703 0.635906 0.637906 0.615000 0.628813 0.595938 0.623359 0.585938 0.612469 0.569578 0.609734 0.545969 0.601562 0.521437 0.596109 0.506906 0.593391 0.488734
0 0.684234 0.496906 0.681500 0.515984 0.681500 0.543234 0.681500 0.556875 0.676969 0.575031 0.676047 0.598656 0.682406 0.616828 0.686953 0.637719 0.687859 0.665875 0.692406 0.687688 0.709672 0.694047 0.717844 0.687688 0.722391 0.671328 0.720563 0.642266 0.720563 0.623188 0.719656 0.596844 0.718750 0.574125 0.725109 0.546875 0.730562 0.525078 0.731469 0.503266 0.719656 0.490547 0.708750 0.482375 0.694219 0.482375 0.685141 0.484187
0 0.767813 0.654984 0.757812 0.640437 0.744188 0.629547 0.729656 0.634078 0.722391 0.643172 0.726922 0.664062 0.728750 0.683141 0.729656 0.704031 0.734188 0.729469 0.743281 0.756719 0.743281 0.776703 0.745094 0.790328 0.754172 0.803047 0.759625 0.799422 0.768719 0.806688 0.771437 0.818500 0.776891 0.813953 0.795062 0.816672 0.810500 0.825766 0.835031 0.830313 0.843203 0.813047 0.839578 0.800328 0.825937 0.792156 0.805953 0.784891 0.792328 0.772172 0.779609 0.761266 0.776891 0.739469 0.775078 0.716750 0.775078 0.691312 0.773250 0.670422
0 0.663328 0.847563 0.651531 0.842109 0.642438 0.845750 0.633359 0.853016 0.633359 0.872094 0.630625 0.882078 0.616094 0.908438 0.601562 0.911156 0.609734 0.922063 0.612469 0.934781 0.604281 0.950219 0.601562 0.969297 0.597922 0.995641 0.602288 0.998437 0.666604 0.998437 0.659703 0.996547 0.643344 0.982016 0.638812 0.970203 0.641531 0.949312 0.649703 0.931141 0.663328 0.912062 0.666969 0.891172 0.672422 0.865734
0 0.998437 0.776979 0.998547 0.779438 0.989469 0.795781 0.978563 0.812141 0.973109 0.833031 0.975828 0.853922 0.977656 0.873906 0.988547 0.892078 0.998437 0.903518
1 0.910984 0.313375 0.906594 0.348484 0.919766 0.374828 0.898703 0.444172 0.918891 0.457344 0.931188 0.398531 0.946109 0.366047 0.961906 0.369563 0.977703 0.392375 0.975953 0.373062 0.963656 0.351125 0.953125 0.316016 0.949609 0.289672 0.952250 0.265094 0.939953 0.259828 0.929422 0.279141 0.925906 0.290563 0.921531 0.300203
1 0.965422 0.663625 0.961031 0.686453 0.951375 0.711031 0.953125 0.730344 0.980344 0.730344 0.997016 0.747016 0.999656 0.763687 0.998437 0.762977 0.998437 0.673144 0.981219 0.661875
1 0.956641 0.889219 0.946109 0.916438 0.930297 0.939250 0.944344 0.945406 0.946984 0.962078 0.952250 0.969984 0.962781 0.960328 0.971562 0.932234 0.987359 0.932234 0.993500 0.946281 0.995266 0.971734 0.998437 0.952237 0.998437 0.903496 0.994375 0.899750 0.975062 0.866391 0.972437 0.882203
1 0.184406 0.571953 0.183453 0.628859 0.192125 0.668406 0.194063 0.712766 0.218172 0.647188 0.219141 0.631750 0.236500 0.613422 0.246141 0.590281 0.218172 0.584484
1 0.921781 0.586156 0.923547 0.602047 0.919141 0.636469 0.917375 0.654125 0.934141 0.638234 0.960625 0.640891 0.950031 0.624125 0.949156 0.599406 0.935031 0.585281
0 0.000000 0.319201 0.009344 0.359687 0.006859 0.392031 0.037969 0.403234 0.056641 0.384578 0.039219 0.289984 0.000000 0.172314