0 0.293156 0.686016 0.340781 0.684531 0.388391 0.683031 0.406250 0.694937 0.376484 0.738094 0.325891 0.760422 0.276781 0.752969 0.215781 0.718750 0.168156 0.693453 0.119047 0.662203 0.086313 0.626484 0.061016 0.587797 0.061016 0.550594 0.072922 0.517859 0.090781 0.520828 0.117563 0.555063 0.141375 0.590781 0.184531 0.620531 0.229172 0.642859 0.269344 0.674109
0 0.386906 0.394344 0.375000 0.440469 0.340781 0.516375 0.311016 0.580359 0.248516 0.622031 0.205359 0.629469 0.171125 0.614578 0.125000 0.575891 0.093750 0.526781 0.087797 0.498516 0.114578 0.476187 0.150297 0.505953 0.177078 0.562500 0.227672 0.559531 0.261906 0.520828 0.287203 0.482141 0.309531 0.437500 0.321422 0.403281 0.361609 0.375000 0.380953 0.370531
0 0.470647 0.000000 0.428578 0.043156 0.351187 0.101187 0.303578 0.126484 0.254469 0.142859 0.233625 0.151781 0.229172 0.183031 0.258922 0.205359 0.327375 0.206844 0.395828 0.168156 0.467266 0.102672 0.537203 0.023813 0.566619 0.000000
0 0.550594 0.050594 0.601187 0.050594 0.627969 0.059531 0.635422 0.084828 0.622031 0.108625 0.586313 0.105656 0.552078 0.129469 0.483625 0.190469 0.415172 0.242563 0.337797 0.269344 0.284219 0.278281 0.244047 0.273813 0.229172 0.247031 0.244047 0.223219 0.294641 0.215781 0.376484 0.191969 0.419641 0.153281 0.473219 0.098219 0.517859 0.063984
0 0.489578 0.221719 0.443453 0.275297 0.430063 0.315469 0.409219 0.354172 0.397328 0.386906 0.401781 0.409219 0.444937 0.416672 0.470234 0.385422 0.474703 0.349703 0.498516 0.316969 0.541672 0.267859 0.605656 0.196422 0.645828 0.166672 0.668156 0.133922 0.669641 0.108625 0.654766 0.096719 0.630953 0.096719 0.602672 0.125000 0.561016 0.157734 0.513391 0.202375
0 0.413687 0.471719 0.392859 0.502969 0.364578 0.526781 0.349703 0.558031 0.355656 0.595234 0.366078 0.635422 0.392859 0.651781 0.413687 0.633922 0.428578 0.586313 0.443453 0.552078 0.464281 0.520828 0.508922 0.470234 0.546125 0.418156 0.568453 0.377969 0.614578 0.357141 0.645828 0.351187 0.666672 0.337797 0.668156 0.300594 0.633922 0.291672 0.593750 0.297625 0.559531 0.308031 0.520828 0.327375 0.497031 0.354172 0.474703 0.392859 0.440469 0.440469
0 0.827375 0.206844 0.796125 0.254469 0.767859 0.315469 0.754469 0.373516 0.739578 0.428578 0.703875 0.473219 0.660719 0.502969 0.613094 0.520828 0.614578 0.546125 0.650297 0.559531 0.694937 0.550594 0.742563 0.526781 0.784219 0.485125 0.811016 0.430063 0.825891 0.360125 0.837797 0.315469 0.867563 0.254469 0.851187 0.217266
0 0.877969 0.690469 0.872031 0.720234 0.892859 0.784219 0.901781 0.861609 0.915172 0.936016 0.922625 0.995531 0.922625 0.998437 0.989331 0.998437 0.991078 0.991078 0.982141 0.925594 0.967266 0.855656 0.955359 0.806547 0.953875 0.758922 0.931547 0.712797 0.910719 0.681547
0 0.888391 0.494047 0.860125 0.544641 0.852672 0.583328 0.830359 0.635422 0.808031 0.697922 0.799109 0.758922 0.794641 0.828875 0.788687 0.912203 0.819937 0.916672 0.855656 0.907734 0.860125 0.857141 0.863094 0.794641 0.866078 0.739578 0.872031 0.706844 0.882437 0.669641 0.904766 0.622031 0.925594 0.566969 0.936016 0.534219 0.931547 0.489578
0 0.998437 0.447343 0.979172 0.444937 0.956844 0.468750 0.956844 0.520828 0.970234 0.590781 0.962797 0.636906 0.946422 0.674109 0.925594 0.711313 0.950891 0.747031 0.979172 0.729172 0.998437 0.688787
1 0.144297 0.046875 0.148891 0.056062 0.147984 0.068938 0.149813 0.082719 0.140625 0.092828 0.127750 0.099266 0.126844 0.114891 0.144297 0.147063 0.158094 0.159922 0.166359 0.170953 0.166359 0.197609 0.149813 0.207719 0.131437 0.204969 0.143375 0.216000 0.152578 0.223344 0.158094 0.237125 0.169125 0.249078 0.180141 0.227937 0.189344 0.209563 0.188422 0.187500 0.177391 0.172797 0.170953 0.151656 0.171875 0.135109 0.192094 0.101109 0.196688 0.089156 0.188422 0.076281 0.181984 0.070766 0.174625 0.052391 0.174625 0.045031 0.156250 0.044125
1 0.795450 0.000000 0.779406 0.038609 0.756437 0.045031 0.745406 0.049625 0.743563 0.074453 0.754594 0.082719 0.767469 0.115813 0.739891 0.177391 0.734375 0.241734 0.730703 0.283094 0.738969 0.336391 0.746328 0.378672 0.756437 0.355703 0.757359 0.343750 0.765625 0.334562 0.766547 0.311578 0.760109 0.297797 0.773891 0.289516 0.779406 0.284922 0.791359 0.270219 0.801469 0.247250 0.804234 0.230703 0.803312 0.216906 0.818016 0.205875 0.845594 0.204047 0.858453 0.201281 0.872250 0.190250 0.881437 0.181062 0.887875 0.157172 0.874078 0.154406 0.875922 0.134187 0.857531 0.118562 0.856625 0.096500 0.848344 0.085484 0.833641 0.056984 0.839156 0.050547 0.837313 0.033094 0.834562 0.015625 0.832089 0.000000
1 0.768297 0.513719 0.780484 0.492375 0.787344 0.481703 0.800313 0.471797 0.806406 0.454266 0.812500 0.446641 0.830031 0.447406 0.846797 0.439781 0.861281 0.429109 0.871953 0.430641 0.881094 0.436734 0.881094 0.448172 0.878813 0.467219 0.871187 0.477141 0.855187 0.480188 0.844516 0.479422 0.835359 0.490094 0.822406 0.496953 0.817828 0.503813 0.800313 0.508391 0.782016 0.512187
1 0.856703 0.878813 0.855187 0.861281 0.855187 0.843750 0.862047 0.831563 0.867375 0.807172 0.877281 0.791156 0.874234 0.780484 0.868906 0.776672 0.869672 0.765250 0.875000 0.751531 0.872719 0.724844 0.880328 0.741609 0.884141 0.746953 0.885672 0.759906 0.882625 0.777437 0.887953 0.786578 0.883391 0.791156 0.883391 0.804875 0.891000 0.822406 0.894813 0.832313 0.889484 0.837656 0.882625 0.845281 0.886437 0.852891 0.877281 0.863563 0.866609 0.875000