0 0.273625 0.001531 0.250766 0.041156 0.232469 0.073172 0.218750 0.091469 0.197406 0.132625 0.182172 0.149391 0.147859 0.130328 0.147859 0.115094 0.155484 0.084609 0.166156 0.060219 0.190547 0.035063 0.198172 0.012953 0.212656 0.002281
0 0.580031 0.229422 0.608234 0.185219 0.641766 0.157781 0.695125 0.133391 0.736281 0.110516 0.790562 0.108656 0.828844 0.111750 0.875000 0.110516 0.882625 0.086125 0.866609 0.072406 0.849844 0.060219 0.817828 0.055641 0.761437 0.051828 0.732469 0.065547 0.656250 0.096031 0.627281 0.118906 0.584609 0.143297 0.537344 0.187500 0.529719 0.214938 0.533531 0.234750 0.553359 0.234000 0.574688 0.223328
0 0.333844 0.188266 0.362812 0.225609 0.384141 0.262188 0.399391 0.285062 0.429875 0.321641 0.469516 0.355187 0.504578 0.378047 0.524391 0.402438 0.522109 0.425312 0.511437 0.446641 0.493141 0.438266 0.439031 0.412344 0.404719 0.374234 0.374234 0.337656 0.336125 0.289641 0.311734 0.258391 0.299547 0.230938 0.284297 0.217219 0.273625 0.192828 0.280484 0.185219 0.294203 0.180641 0.314031 0.186734 0.321641 0.187500
0 0.227141 0.226375 0.239328 0.262188 0.240859 0.283531 0.245422 0.321641 0.241609 0.378047 0.232469 0.411578 0.226375 0.439031 0.203500 0.484750 0.176063 0.516766 0.136437 0.521344 0.120031 0.478062 0.126531 0.455031 0.153141 0.438734 0.167625 0.410797 0.179016 0.387000 0.182922 0.340703 0.185969 0.310219 0.187500 0.273625 0.186734 0.247719 0.189031 0.212656 0.208844 0.211891
0 0.838422 0.365094 0.868906 0.357469 0.905484 0.359000 0.942078 0.395578 0.967219 0.437500 0.983234 0.442828 0.998437 0.444124 0.998437 0.501339 0.992375 0.516000 0.998437 0.526170 0.998437 0.366377 0.965703 0.339172 0.915391 0.318594 0.869672 0.308688 0.845281 0.312500 0.816313 0.338422 0.808687 0.358234
0 0.714938 0.438266 0.709609 0.475609 0.701984 0.501531 0.689781 0.544203 0.686734 0.573172 0.685219 0.599078 0.682172 0.650922 0.679109 0.682922 0.677594 0.717984 0.668438 0.740859 0.656250 0.768297 0.650922 0.810969 0.648625 0.817078 0.627281 0.814781 0.612047 0.804109 0.601375 0.781250 0.601375 0.762953 0.605187 0.729422 0.612812 0.697406 0.615859 0.666922 0.620422 0.630328 0.625000 0.596797 0.628047 0.563266 0.632625 0.531250 0.637188 0.503812 0.644813 0.473328 0.652438 0.448937 0.661578 0.432172 0.667687 0.424547 0.678359 0.415391 0.684453 0.415391 0.704266 0.425312 0.711891 0.429875
0 0.956563 0.464172 0.942828 0.493906 0.927594 0.522859 0.918437 0.551828 0.907781 0.574688 0.898625 0.589938 0.887953 0.603656 0.866609 0.621953 0.846797 0.638719 0.814781 0.660062 0.804109 0.669203 0.790391 0.687500 0.784297 0.699688 0.803359 0.698172 0.833844 0.717984 0.836891 0.727141 0.865859 0.697406 0.893297 0.669969 0.911578 0.642531 0.925313 0.621188 0.942078 0.593750 0.952750 0.573937 0.961891 0.555641 0.977141 0.529719 0.987813 0.516000 0.998437 0.480507 0.998437 0.444685 0.995922 0.442938 0.974187 0.447016
0 0.802594 0.708078 0.782781 0.697406 0.767531 0.688266 0.756859 0.698172 0.753047 0.739328 0.772859 0.740859 0.798781 0.774391 0.817078 0.794203 0.838422 0.815547 0.862813 0.841469 0.868906 0.858234 0.881094 0.875000 0.888719 0.893297 0.899391 0.913109 0.907016 0.931406 0.923781 0.954266 0.941264 0.998437 0.973792 0.998437 0.983234 0.990094 0.983234 0.955031 0.962656 0.919969 0.947406 0.878813 0.929109 0.842219 0.907781 0.804109 0.889484 0.785828 0.872719 0.770578 0.855937 0.758391 0.824687 0.726375
0 0.580031 0.772109 0.555641 0.758391 0.541922 0.754578 0.534297 0.778969 0.528203 0.798781 0.556406 0.809453 0.571641 0.827750 0.592984 0.846031 0.657781 0.876531 0.685969 0.891000 0.710359 0.905484 0.743906 0.922250 0.803359 0.942078 0.842984 0.960359 0.870422 0.967984 0.876531 0.956563 0.882625 0.929109 0.826984 0.897109 0.807172 0.881859 0.769062 0.860516 0.701984 0.836125 0.669969 0.818594 0.657781 0.814031 0.639484 0.821641 0.612047 0.814781 0.602891 0.799547 0.598328 0.779719
0 0.445984 0.000000 0.433688 0.028969 0.419969 0.051828 0.409297 0.071641 0.381859 0.108234 0.365094 0.125000 0.345281 0.138719 0.326984 0.131859 0.322406 0.122719 0.319359 0.098328 0.323172 0.075453 0.335359 0.061734 0.342984 0.054109 0.361281 0.026672 0.370422 0.014484 0.394250 0.000000
0 0.314031 0.538875 0.302594 0.567078 0.296500 0.589938 0.293438 0.600609 0.282781 0.617375 0.275156 0.634141 0.258391 0.657016 0.237047 0.685969 0.230938 0.705797 0.203500 0.739328 0.195891 0.759141 0.186734 0.771344 0.166922 0.795734 0.154719 0.814031 0.161578 0.844516 0.176828 0.870422 0.207313 0.859000 0.217984 0.823938 0.227141 0.801062 0.250000 0.779719 0.257625 0.772109 0.272859 0.758391 0.282016 0.762953 0.285062 0.746188 0.288109 0.738563 0.301828 0.724844 0.306406 0.712656 0.314031 0.698937 0.323172 0.679875 0.332313 0.653203 0.346031 0.610516 0.365859 0.586125 0.376531 0.554109 0.387188 0.523625 0.389484 0.502281 0.362047 0.496188 0.345281 0.493141 0.330031 0.509141
0 0.472562 0.873469 0.457313 0.910828 0.453500 0.934453 0.463422 0.946641 0.455031 0.960359 0.442828 0.974078 0.450453 0.998437 0.439279 0.998437 0.435219 0.996953 0.434074 0.998437 0.371477 0.998437 0.373469 0.993141 0.384141 0.958078 0.407016 0.897109 0.420734 0.869672 0.439781 0.848328 0.454266 0.850609 0.470281 0.865859
0 0.434453 0.525156 0.440547 0.559453 0.451219 0.592984 0.460359 0.620422 0.471797 0.685969 0.472562 0.734000 0.482469 0.778969 0.480938 0.810969 0.465703 0.826219 0.498469 0.852891 0.516766 0.849844 0.519813 0.825453 0.530484 0.807172 0.530484 0.769062 0.529719 0.711125 0.526672 0.666922 0.525156 0.641000 0.519062 0.622719 0.512953 0.593750 0.503812 0.563266 0.496188 0.534297 0.487047 0.509906 0.480938 0.487047 0.465703 0.484000 0.447406 0.488563 0.442828 0.492375 0.436734 0.501531
0 0.416156 0.622719 0.404719 0.657016 0.387953 0.716469 0.351375 0.786578 0.319359 0.841469 0.299547 0.881094 0.281250 0.919203 0.252281 0.951219 0.237047 0.964937 0.203500 0.934453 0.228656 0.886438 0.245422 0.862047 0.291922 0.793438 0.304875 0.752281 0.320125 0.711125 0.326219 0.673016 0.342984 0.654719 0.361281 0.633391 0.373641 0.626359 0.406250 0.613563
0 0.136437 0.399391 0.134906 0.423781 0.122719 0.455797 0.090703 0.475609 0.067828 0.496953 0.044969 0.518297 0.029719 0.536578 0.001531 0.553359 0.004578 0.466469 0.039641 0.439781 0.070125 0.426063 0.079266 0.409297 0.101375 0.391000 0.128047 0.393297
0 0.131094 0.601375 0.105937 0.676828 0.095281 0.733234 0.087656 0.783531 0.085359 0.806406 0.089938 0.841469 0.081563 0.871953 0.073938 0.921500 0.049547 0.929109 0.023625 0.926062 0.014484 0.915391 0.018297 0.897109 0.024391 0.866609 0.032016 0.849844 0.031250 0.802594 0.029719 0.762953 0.035063 0.734000 0.041156 0.680641 0.059453 0.622719 0.071641 0.593750 0.091469 0.558688 0.103656 0.554109 0.118906 0.564781 0.126531 0.577750 0.131094 0.586891
1 0.489453 0.496984 0.498875 0.445219 0.527109 0.430156 0.528984 0.392500 0.522406 0.372734 0.535578 0.292734 0.577000 0.282375 0.622172 0.298375 0.644766 0.305906 0.625000 0.340734 0.620297 0.393453 0.625000 0.432984 0.607109 0.464984 0.579812 0.508281 0.577000 0.556281 0.564766 0.593938 0.551578 0.635359 0.540281 0.738891 0.531813 0.691828 0.519578 0.620297 0.508281 0.581703 0.506406 0.560047 0.498875 0.525219
1 0.429219 0.630641 0.448984 0.664531 0.436750 0.738891 0.422625 0.786891 0.407562 0.870672 0.432047 0.835844 0.464047 0.850906 0.461219 0.815141 0.478156 0.790656 0.483812 0.772781 0.470625 0.759594 0.477219 0.742656 0.469688 0.727594 0.473453 0.703125 0.464984 0.686188 0.465922 0.673953 0.464047 0.656062 0.459344 0.628766 0.448047 0.626875
1 0.002828 0.847141 0.017891 0.835844 0.023531 0.855609 0.016938 0.903609 0.021656 0.925266 0.051766 0.919609 0.064000 0.921500 0.069656 0.902672 0.076250 0.864078 0.081891 0.852781 0.091297 0.847141 0.083766 0.836781 0.087531 0.819844 0.092250 0.794422 0.110125 0.826437 0.117656 0.841484 0.108250 0.890437 0.108250 0.929031 0.116719 0.936562 0.087232 0.998437 0.067566 0.998437 0.055531 0.993031 0.040469 0.993031 0.031573 0.998437 0.002411 0.998437 0.001875 0.954438 0.001875 0.877266
1 0.099781 0.736062 0.124250 0.754891 0.137422 0.745484 0.144016 0.689953 0.165656 0.650422 0.172250 0.608063 0.170375 0.568531 0.165656 0.534641 0.151547 0.525219 0.081891 0.542172 0.049891 0.532750 0.024469 0.560047 0.016000 0.583578 0.025422 0.595828 0.028234 0.625000 0.004703 0.667359 0.007531 0.711594 0.013172 0.750188 0.032000 0.785953 0.034828 0.720062 0.052703 0.668297 0.046125 0.638172 0.055531 0.621234 0.069656 0.585469 0.082828 0.567578 0.105422 0.551578 0.135547 0.564766 0.130828 0.601469 0.120484 0.632531 0.108250 0.666422 0.104484 0.681469 0.100719 0.707828 0.097891 0.724781
0 0.320656 0.260266 0.335234 0.364375 0.378953 0.472656 0.391453 0.608000 0.387281 0.630906 0.351891 0.645469 0.310250 0.472656 0.266516 0.366469 0.264437 0.254031 0.289422 0.231125
0 0.628812 0.572594 0.614234 0.672547 0.608000 0.766234 0.622563 0.841203 0.595500 0.957797 0.553859 0.982781 0.541359 0.959875 0.551781 0.851609 0.558016 0.743328 0.560109 0.612156 0.589250 0.566344
0 0.385203 0.851609 0.374797 0.989031 0.375549 0.998437 0.319389 0.998437 0.318578 0.924484 0.328984 0.851609
0 0.834531 0.042469 0.899500 0.089953 0.998437 0.098149 0.998437 0.043905 0.979453 0.037484 0.921984 0.019984 0.827047 0.012500