0 0.292469 0.008016 0.274031 0.026438 0.243594 0.045672 0.224359 0.055281 0.208328 0.068109 0.189109 0.079328 0.163469 0.084141 0.145828 0.078531 0.107375 0.092141 0.089750 0.078531 0.108172 0.056094 0.121000 0.041672 0.172281 0.022437 0.183500 0.009609 0.220359 0.000000
0 0.212344 0.094547 0.205125 0.117781 0.190703 0.143422 0.160250 0.154641 0.108969 0.164266 0.102563 0.169078 0.073719 0.188297 0.052891 0.213937 0.028844 0.262016 0.004812 0.295672 0.005609 0.157047 0.024844 0.126609 0.052078 0.118594 0.077719 0.100969 0.117781 0.096156 0.167469 0.077719 0.191500 0.087344
0 0.087781 0.241281 0.182750 0.209250 0.279922 0.184406 0.332922 0.220844 0.340109 0.256188 0.343422 0.287109 0.335688 0.318016 0.323547 0.333484 0.291516 0.336797 0.270531 0.318578 0.262813 0.282141 0.257281 0.264469 0.244031 0.271641 0.220844 0.280484 0.165641 0.292625 0.118156 0.314703 0.056313 0.357781 0.048594 0.373234 0.008828 0.366063 0.003859 0.313609 0.052453 0.260047
0 0.712469 0.266641 0.688688 0.288719 0.668313 0.307406 0.641141 0.322688 0.620750 0.344766 0.600375 0.366844 0.581687 0.390625 0.573203 0.371094 0.554516 0.359203 0.570656 0.337125 0.591031 0.306562 0.608016 0.287875 0.636891 0.275984 0.670859 0.252203 0.694641 0.250516 0.704828 0.254750
0 0.837297 0.077281 0.822859 0.095109 0.810969 0.112094 0.799078 0.132469 0.763422 0.135016 0.748125 0.149453 0.702281 0.171531 0.679344 0.197016 0.670000 0.214000 0.649625 0.241172 0.641141 0.247969 0.615656 0.247109 0.615656 0.230125 0.600375 0.246266 0.595281 0.251359 0.586781 0.259844 0.564703 0.263250 0.508656 0.282781 0.491672 0.297219 0.474688 0.312500 0.462812 0.324391 0.445828 0.344766 0.418641 0.340516 0.406766 0.311656 0.422891 0.291266 0.436484 0.277687 0.470453 0.274281 0.469594 0.247109 0.484031 0.225031 0.504422 0.206359 0.591875 0.167297 0.626703 0.143516 0.697187 0.099359 0.728594 0.072188 0.771062 0.055203 0.808422 0.052656 0.831359 0.062844
0 0.249656 0.045000 0.253063 0.073031 0.261547 0.095109 0.305703 0.105297 0.329484 0.112094 0.351562 0.129078 0.370250 0.134172 0.415250 0.161344 0.448375 0.205500 0.456859 0.237766 0.461953 0.256453 0.450922 0.273438 0.440734 0.283625 0.428844 0.284484 0.398266 0.265797 0.384687 0.233531 0.372797 0.208047 0.349016 0.199563 0.328641 0.191062 0.311656 0.187672 0.286172 0.179172 0.264094 0.179172 0.238625 0.162187 0.208047 0.148609 0.192766 0.126531 0.208906 0.099359 0.187672 0.089172
0 0.586781 0.394016 0.580000 0.438172 0.582547 0.465359 0.585938 0.506109 0.589328 0.531594 0.609719 0.575750 0.626703 0.599531 0.643687 0.648781 0.648781 0.742188 0.650469 0.771062 0.674250 0.782953 0.698031 0.780406 0.706516 0.768516 0.711609 0.743031 0.720109 0.676797 0.720109 0.664906 0.714172 0.620750 0.710766 0.595281 0.698875 0.564703 0.681047 0.544328 0.656422 0.506969 0.647922 0.483187 0.647922 0.462812 0.637734 0.420344 0.630938 0.401672 0.622453 0.379578 0.610563 0.372797
0 0.006797 0.438172 0.040766 0.451766 0.067937 0.484891 0.091719 0.531594 0.113797 0.592734 0.139266 0.650469 0.164734 0.670859 0.194469 0.658969 0.183422 0.585094 0.150313 0.472141 0.131625 0.450922 0.107844 0.439875 0.085766 0.406766 0.073875 0.394875 0.063687 0.390625 0.026328 0.379578 0.003391 0.370250
0 0.575750 0.399969 0.534141 0.429688 0.459406 0.467906 0.437328 0.487437 0.411859 0.507812 0.401672 0.512906 0.414406 0.474688 0.419500 0.457703 0.399969 0.444125 0.371094 0.444969 0.343922 0.456859 0.325234 0.473844 0.306562 0.506109 0.290422 0.553672 0.281078 0.585938 0.265797 0.601219 0.225031 0.612266 0.202953 0.602078 0.180875 0.588484 0.198703 0.561312 0.294125 0.510109 0.320547 0.476797 0.421203 0.406766 0.492531 0.369391 0.548578 0.357500 0.572344 0.368547 0.572344 0.388922 0.584234 0.404219
0 0.419500 0.456016 0.413547 0.473844 0.388922 0.525641 0.362609 0.568953 0.342219 0.616516 0.335422 0.669156 0.335422 0.721812 0.330328 0.801625 0.332875 0.839000 0.336281 0.886547 0.328641 0.901828 0.313344 0.899281 0.296359 0.900984 0.281922 0.910328 0.277687 0.861922 0.270891 0.831359 0.265391 0.757125 0.263094 0.710016 0.259656 0.653719 0.273438 0.604313 0.298906 0.549422 0.320984 0.489984 0.341375 0.462812 0.377031 0.447516 0.405906 0.448375
0 0.078969 0.510359 0.095109 0.553672 0.106141 0.618203 0.108703 0.655578 0.127375 0.665766 0.140969 0.709922 0.138422 0.765969 0.136719 0.796531 0.131625 0.785500 0.107844 0.751531 0.088313 0.743031 0.068781 0.777859 0.068781 0.743031 0.055203 0.705672 0.033125 0.653016 0.024625 0.615656 0.016141 0.576594 0.005938 0.543484 0.010187 0.505266 0.028875 0.493375 0.049250 0.491672
0 0.006797 0.600375 0.027172 0.636891 0.033969 0.672547 0.045859 0.726906 0.057750 0.771062 0.050109 0.791438 0.038219 0.798234 0.014438 0.763422 0.000000 0.747281 0.000844 0.613109
0 0.084062 0.756625 0.068781 0.777859 0.069641 0.796531 0.076422 0.847484 0.068781 0.879750 0.053500 0.896734 0.039906 0.935797 0.033125 0.961281 0.033125 0.998437 0.104649 0.998437 0.108703 0.975719 0.115484 0.933250 0.130781 0.899281 0.137563 0.833047 0.137563 0.804172 0.128234 0.787188 0.116344 0.773609 0.109547 0.760016 0.093406 0.752375
0 0.422047 0.750672 0.404219 0.796531 0.417797 0.864469 0.446672 0.935797 0.502719 0.989297 0.518892 0.998437 0.406197 0.998437 0.374547 0.950141 0.355812 0.885703 0.351562 0.792734 0.366844 0.724359 0.405906 0.726906
0 0.478641 0.722609 0.484578 0.784594 0.484578 0.815172 0.491375 0.842344 0.554219 0.854234 0.615359 0.872062 0.657813 0.898391 0.693484 0.908578 0.724062 0.913672 0.751234 0.950187 0.752078 0.986703 0.729917 0.998437 0.723374 0.998437 0.689234 0.979063 0.650172 0.953578 0.583937 0.936594 0.510906 0.915375 0.471844 0.897531 0.436188 0.890750 0.414109 0.846594 0.405609 0.800734 0.420047 0.759969 0.431937 0.732797 0.460813 0.700531
0 0.646234 0.772766 0.630938 0.799937 0.658969 0.842391 0.698031 0.889953 0.733703 0.920516 0.762563 0.978266 0.780189 0.998437 0.891015 0.998437 0.858531 0.979109 0.831359 0.940047 0.809266 0.882297 0.763422 0.843234 0.726047 0.817766 0.693781 0.795687 0.663219 0.783797
0 0.788047 0.588484 0.770203 0.623297 0.761719 0.683594 0.768609 0.721500 0.816922 0.837297 0.849187 0.922219 0.903031 0.976562 0.940891 0.962125 0.924766 0.900141 0.892500 0.819469 0.875453 0.751375 0.849031 0.722656 0.835250 0.682438 0.839844 0.630938 0.842391 0.573203 0.810969 0.571500
0 0.846641 0.194469 0.819469 0.217391 0.807578 0.234375 0.815219 0.256453 0.855984 0.272594 0.906922 0.270891 0.954484 0.287031 0.990156 0.275984 0.998437 0.276188 0.998437 0.207926 0.941750 0.222484 0.895891 0.209750 0.858531 0.199563
0 0.998437 0.033637 0.992703 0.033969 0.955328 0.040766 0.938344 0.061141 0.906078 0.107000 0.877203 0.142656 0.865312 0.159641 0.853438 0.174937 0.850891 0.192766 0.879750 0.206359 0.900141 0.191062 0.952781 0.136719 0.998437 0.118795
1 0.597447 0.998437 0.600812 0.994953 0.612906 0.987906 0.640125 0.982859 0.660281 0.971781 0.679437 0.979844 0.695563 0.988906 0.691866 0.998437
1 0.058828 0.373156 0.073531 0.377750 0.084562 0.386031 0.104781 0.381437 0.130516 0.376844 0.163609 0.374078 0.180141 0.376844 0.194859 0.370406 0.205875 0.354781 0.244484 0.348344 0.250000 0.339156 0.216906 0.332719 0.188422 0.322609 0.181062 0.310656 0.165437 0.304234 0.159000 0.298719 0.134187 0.308828 0.119484 0.315250 0.099266 0.329969 0.077203 0.340078 0.065250 0.352016 0.057906 0.363047
1 0.657594 0.320016 0.674297 0.323359 0.699359 0.327547 0.716078 0.311672 0.743656 0.298297 0.772062 0.292453 0.786266 0.294953 0.800469 0.279906 0.811328 0.264875 0.806312 0.250672 0.808828 0.229781 0.802141 0.211391 0.764531 0.218922 0.713562 0.220594 0.698531 0.220594 0.715234 0.198859 0.738641 0.175469 0.772062 0.168781 0.780422 0.160422 0.770391 0.154578 0.741984 0.153750 0.722766 0.152906 0.707719 0.166281 0.691016 0.177141 0.684328 0.188000 0.693516 0.195516 0.689344 0.208062 0.675969 0.210562 0.664266 0.209719 0.656750 0.216406 0.642547 0.229781 0.640047 0.247328 0.629172 0.250672 0.622500 0.238141 0.602437 0.246484 0.596594 0.265703 0.568187 0.274062 0.534766 0.294125 0.564844 0.298297 0.587406 0.290781 0.603281 0.289938 0.619156 0.270719 0.639203 0.264875 0.665937 0.249000 0.685156 0.239812 0.706891 0.241484 0.718578 0.246484 0.726109 0.270719 0.694359 0.294953 0.666781 0.306656
1 0.805484 0.896562 0.805484 0.914937 0.823859 0.911594 0.829719 0.924125 0.834719 0.952547 0.846422 0.961734 0.871484 0.993484 0.881835 0.998437 0.917124 0.998437 0.929141 0.988469 0.946688 0.994313 0.950348 0.998437 0.998437 0.984543 0.989312 0.948359 0.998437 0.904779 0.998437 0.807512 0.999328 0.807156 0.965906 0.815516 0.945016 0.844750 0.950031 0.871484 0.933328 0.886531 0.925797 0.899906 0.932484 0.926641 0.940844 0.948359 0.934156 0.959219 0.921625 0.970922 0.909922 0.974266 0.891547 0.966750 0.880687 0.954219 0.868984 0.945016 0.861469 0.935000 0.850609 0.921625 0.840578 0.910766 0.834719 0.900734 0.827203 0.888203 0.818844 0.892375
0 0.022625 0.491547 0.088438 0.458641 0.180984 0.450406 0.314672 0.396937 0.271484 0.370203 0.197437 0.380484 0.078156 0.409281 0.000000 0.456578 0.004109 0.508000