0 0.615938 0.740484 0.636328 0.728031 0.669156 0.725766 0.712187 0.726906 0.743891 0.743891 0.776719 0.765406 0.800500 0.774453 0.845781 0.791438 0.866172 0.794844 0.895609 0.790312 0.929578 0.786906 0.945422 0.789172 0.951094 0.799359 0.961281 0.809562 0.963547 0.823141 0.959016 0.832203 0.936375 0.843531 0.885422 0.850313 0.846922 0.851453 0.810688 0.850313 0.793703 0.842391 0.760875 0.828797 0.728031 0.808422 0.703125 0.792578 0.683875 0.778984 0.658969 0.775594 0.644250 0.781250 0.623875 0.780125 0.612547 0.763141
0 0.562719 0.834469 0.598953 0.876359 0.647641 0.929578 0.680484 0.982797 0.696567 0.998437 0.789920 0.998437 0.776719 0.976000 0.723500 0.909188 0.677078 0.860500 0.636328 0.833328 0.618203 0.811828 0.580844 0.798234 0.564984 0.798234 0.553672 0.815219
0 0.714453 0.614812 0.734828 0.632922 0.790312 0.649906 0.860500 0.706516 0.911453 0.745016 0.922781 0.760875 0.946562 0.789172 0.966938 0.811828 0.994109 0.828797 0.998437 0.831480 0.998437 0.754212 0.985047 0.730297 0.959016 0.698594 0.912594 0.662359 0.887687 0.637453 0.852578 0.621609 0.818609 0.595562 0.791438 0.586500 0.764266 0.576313 0.739359 0.570656 0.721234 0.579703 0.711047 0.595562
0 0.321563 0.563859 0.354391 0.559328 0.405344 0.559328 0.463094 0.558203 0.494797 0.557063 0.521969 0.554797 0.526500 0.545750 0.535547 0.555937 0.542344 0.559328 0.560469 0.550266 0.568391 0.538953 0.576313 0.536687 0.584234 0.553672 0.619344 0.550266 0.634062 0.543484 0.645375 0.546875 0.673687 0.548000 0.694063 0.543484 0.707656 0.537813 0.721234 0.541219 0.735953 0.549141 0.741625 0.558203 0.735953 0.567250 0.720109 0.575187 0.706516 0.596688 0.695203 0.601219 0.656703 0.617078 0.617078 0.618203 0.577453 0.619344 0.549141 0.629531 0.512906 0.630656 0.492531 0.630656 0.465359 0.629531 0.446109 0.629531 0.412141 0.622734 0.380437 0.622734 0.364578 0.628391 0.343078 0.626125 0.324953 0.623875 0.307969 0.622734 0.310234 0.597828 0.315891 0.577453
0 0.211734 0.495922 0.230984 0.465359 0.249094 0.444969 0.266078 0.435922 0.287594 0.433656 0.323828 0.438172 0.353266 0.435922 0.373641 0.435922 0.397422 0.440437 0.426859 0.441578 0.465359 0.446109 0.499328 0.443844 0.524234 0.448375 0.552531 0.448375 0.581969 0.443844 0.601219 0.449500 0.629531 0.465359 0.644250 0.485734 0.641984 0.497063 0.626125 0.503844 0.612547 0.510641 0.604625 0.502719 0.595562 0.497063 0.568391 0.499328 0.549141 0.502719 0.543484 0.518563 0.540078 0.526500 0.523094 0.526500 0.514047 0.514047 0.499328 0.511781 0.489125 0.518563 0.483469 0.525359 0.473281 0.512906 0.448375 0.508375 0.441578 0.520828 0.430250 0.523094 0.416672 0.511781 0.401953 0.507250 0.396281 0.515172 0.381562 0.516297 0.371375 0.503844 0.357797 0.497063 0.332875 0.494797 0.312500 0.493656 0.288719 0.508375 0.269469 0.517437 0.249094 0.524234 0.240031 0.529891 0.229844 0.531031 0.207203 0.520828 0.206062 0.509516
0 0.532156 0.286453 0.562719 0.266078 0.591031 0.262688 0.629531 0.232109 0.663500 0.195875 0.692937 0.182297 0.730297 0.165313 0.772188 0.150594 0.803891 0.129078 0.831063 0.109828 0.859375 0.110953 0.877484 0.114359 0.883156 0.124547 0.886547 0.142656 0.877484 0.151719 0.862766 0.163047 0.846922 0.176625 0.819750 0.198141 0.797094 0.211734 0.752938 0.230984 0.718969 0.250219 0.695203 0.268344 0.654438 0.293250 0.637453 0.306844 0.630656 0.326094 0.617078 0.330609 0.612547 0.322688 0.598953 0.327219 0.575187 0.327219 0.557063 0.335141 0.535547 0.334016 0.511781 0.324953 0.507250 0.303437 0.509516 0.288719
0 0.074734 0.272875 0.100766 0.253625 0.112094 0.243438 0.125672 0.258156 0.147187 0.261547 0.178891 0.263813 0.215125 0.268344 0.241172 0.272875 0.270609 0.280797 0.310234 0.292125 0.335141 0.296656 0.370250 0.314766 0.396281 0.312500 0.418938 0.320422 0.438172 0.320422 0.471016 0.327219 0.504984 0.338547 0.520828 0.339672 0.541219 0.346469 0.555937 0.349859 0.562719 0.355531 0.566125 0.366844 0.559328 0.377031 0.542344 0.386094 0.515172 0.401953 0.478937 0.401953 0.433656 0.390625 0.383828 0.381562 0.354391 0.375906 0.305703 0.367984 0.272875 0.364578 0.254750 0.349859 0.237766 0.347594 0.214000 0.346469 0.209469 0.334016 0.195875 0.328344 0.177766 0.326094 0.153984 0.328344 0.149453 0.321563 0.152859 0.311375 0.122281 0.304578 0.110953 0.301172 0.089453 0.302312 0.077000 0.305703 0.065672 0.295516
0 0.078125 0.743891 0.095109 0.733703 0.108703 0.730297 0.132469 0.743891 0.177766 0.740484 0.199281 0.720109 0.226453 0.675953 0.236641 0.634062 0.240031 0.603484 0.246828 0.570656 0.274000 0.548000 0.286453 0.541219 0.309109 0.540078 0.320422 0.552531 0.318156 0.564984 0.313625 0.579703 0.309109 0.600094 0.306844 0.623875 0.294391 0.644250 0.287594 0.673687 0.276266 0.700859 0.262688 0.738219 0.247969 0.760875 0.233250 0.774453 0.214000 0.784641 0.189078 0.795969 0.159641 0.800500 0.131344 0.802766 0.093969 0.788047 0.072469 0.765406
0 0.305703 0.030578 0.323828 0.067937 0.379297 0.065672 0.449500 0.069062 0.519703 0.063406 0.563859 0.055484 0.617078 0.055484 0.665766 0.060016 0.692937 0.057750 0.716719 0.037359 0.725766 0.031703 0.725766 0.015844 0.713313 0.003391 0.641984 0.000000 0.467625 0.003391 0.394016 0.001125 0.339672 0.002266 0.311375 0.002266 0.303437 0.016984
0 0.002578 0.139078 0.012016 0.116766 0.035203 0.083281 0.048938 0.055797 0.054937 0.033484 0.060953 0.018891 0.064391 0.005156 0.121047 0.004297 0.121906 0.048078 0.109031 0.099594 0.089281 0.139078 0.058375 0.171703 0.047219 0.188875 0.032625 0.216344 0.022328 0.228359 0.018891 0.245531 0.004297 0.257563 0.002578 0.242109 0.001719 0.182000
0 0.236953 0.089281 0.230938 0.134781 0.228359 0.183719 0.223219 0.204328 0.223219 0.227500 0.224078 0.254984 0.229219 0.261844 0.234375 0.267000 0.248969 0.271297 0.264422 0.276438 0.279875 0.281594 0.291891 0.285031 0.297906 0.285031 0.296187 0.267859 0.294469 0.239531 0.293609 0.212906 0.285891 0.188875 0.288469 0.169984 0.295328 0.157969 0.297047 0.139078 0.282453 0.133063 0.266141 0.123625 0.256703 0.114187 0.245531 0.104734
0 0.867953 0.078125 0.895438 0.124484 0.920328 0.145094 0.947797 0.169984 0.982141 0.196594 0.998437 0.213012 0.998437 0.122703 0.995875 0.119328 0.955531 0.079844 0.928922 0.060094 0.918609 0.037781 0.902297 0.020609 0.891141 0.008578 0.873109 0.001719 0.856797 0.007734 0.855078 0.028328 0.859375 0.057516
0 0.000000 0.729484 0.012234 0.723828 0.017891 0.691828 0.017891 0.636297 0.015063 0.587344 0.019766 0.542172 0.028234 0.487578 0.030125 0.447094 0.029172 0.431094 0.022594 0.403797 0.019766 0.382156 0.021656 0.364266 0.006594 0.357687 0.001875 0.357687
0 0.631594 0.065891 0.605234 0.080000 0.593000 0.096953 0.590172 0.113891 0.608063 0.121422 0.648531 0.122359 0.668297 0.112953 0.676766 0.098828 0.685234 0.080953 0.663594 0.070594
1 0.505953 0.546875 0.528281 0.543156 0.545641 0.556797 0.567953 0.534469 0.591516 0.540672 0.584078 0.551828 0.621281 0.534469 0.643594 0.539438 0.667156 0.540672 0.675844 0.544391 0.705609 0.530750 0.722969 0.536953 0.745281 0.551828 0.753969 0.565469 0.787453 0.559281 0.814734 0.534469 0.845734 0.539438 0.866812 0.535719 0.871781 0.522078 0.871781 0.492312 0.812250 0.483625 0.766375 0.478672 0.730406 0.476187 0.685766 0.476187 0.651047 0.489828 0.636156 0.503469 0.613844 0.518359 0.602672 0.503469 0.574156 0.502234 0.546875 0.507188 0.553078 0.520828 0.533234 0.533234 0.524547 0.517109 0.494797 0.514641 0.499750 0.525797 0.504719 0.534469
1 0.022328 0.285219 0.023563 0.308781 0.033484 0.317453 0.033484 0.329859 0.033484 0.339781 0.002484 0.354656 0.024797 0.364578 0.027281 0.384422 0.032234 0.410469 0.034719 0.431547 0.034719 0.438984 0.060766 0.437750 0.074406 0.434031 0.079359 0.412953 0.089281 0.390625 0.079359 0.384422 0.075641 0.372031 0.081844 0.353422 0.100453 0.339781 0.112844 0.345984 0.121531 0.350938 0.137656 0.354656 0.140125 0.368297 0.147562 0.381937 0.158734 0.393109 0.167406 0.409219 0.182297 0.415422 0.190969 0.419141 0.204609 0.389391 0.234375 0.370781 0.246781 0.350938 0.235609 0.349703 0.208328 0.349703 0.205859 0.334828 0.181047 0.334828 0.167406 0.336063 0.150047 0.331094 0.145094 0.316219 0.121531 0.311266 0.093000 0.311266 0.069437 0.310016 0.062000 0.297625 0.050844 0.292656
0 0.744563 0.038953 0.854531 0.116844 0.978250 0.153500 0.998437 0.147741 0.998437 0.074391 0.888891 0.045812 0.829328 0.013750 0.785797 0.004578 0.728531 0.004578 0.730813 0.025203
0 0.139750 0.387172 0.139750 0.474234 0.167234 0.536094 0.222219 0.602531 0.311578 0.705625 0.288656 0.737688 0.164953 0.641469 0.082469 0.529219 0.080187 0.423828 0.105391 0.373422