0 0.400797 0.026719 0.372906 0.062156 0.373484 0.112109 0.365937 0.178328 0.371172 0.250922 0.378141 0.317141 0.401953 0.376391 0.426922 0.435641 0.461781 0.469906 0.504188 0.466422 0.507094 0.454234 0.491406 0.420531 0.473984 0.384531 0.460031 0.325281 0.454234 0.271844 0.447266 0.216656 0.447266 0.177156 0.446672 0.116172 0.446672 0.080734 0.447266 0.050531 0.434484 0.029047 0.418797 0.025562 0.408922 0.025562
0 0.234078 0.691797 0.229438 0.734203 0.227109 0.783000 0.221891 0.824234 0.212594 0.862562 0.207953 0.893938 0.216078 0.901484 0.249187 0.898578 0.269516 0.853859 0.281141 0.838172 0.284625 0.813203 0.286937 0.779500 0.286937 0.740016 0.284031 0.722578 0.284625 0.696438 0.280547 0.673797 0.260219 0.669719 0.251516 0.676703
0 0.210844 0.909031 0.192844 0.947953 0.185875 0.982219 0.185167 0.998437 0.251230 0.998437 0.265547 0.962266 0.261391 0.925297 0.260219 0.907297 0.240469 0.898578 0.230016 0.904969 0.217828 0.907875
0 0.622094 0.750469 0.602922 0.779500 0.583766 0.812609 0.570984 0.825969 0.554719 0.848047 0.550063 0.863156 0.519281 0.890453 0.505344 0.920078 0.477469 0.942734 0.466422 0.966547 0.454234 0.983391 0.441686 0.998437 0.389470 0.998437 0.389172 0.988031 0.414734 0.958406 0.440281 0.930531 0.453641 0.917172 0.484438 0.886391 0.497219 0.871859 0.515797 0.829469 0.527422 0.807969 0.544266 0.763828 0.552391 0.756859 0.588984 0.728969 0.605828 0.723750 0.618031 0.733625
0 0.649984 0.878828 0.639516 0.900906 0.621516 0.929375 0.607000 0.948531 0.590156 0.972937 0.582016 0.988609 0.571602 0.998437 0.494144 0.998437 0.507672 0.982219 0.523344 0.967703 0.541359 0.942141 0.572719 0.895094 0.584344 0.874766 0.599437 0.839328 0.608734 0.831781 0.637203 0.831203 0.649984 0.851531 0.654047 0.861406
0 0.722000 0.968281 0.712703 0.977000 0.702828 0.993266 0.698574 0.998437 0.647352 0.998437 0.647656 0.998484 0.648813 0.975844 0.659844 0.956094 0.671469 0.934594 0.677859 0.928781 0.705156 0.925297 0.717938 0.938078 0.726656 0.953766
0 0.787062 0.831203 0.795188 0.858500 0.792859 0.882312 0.784734 0.904391 0.778922 0.921234 0.777766 0.933437 0.784156 0.951437 0.789375 0.961891 0.808547 0.976422 0.834109 0.960734 0.839922 0.954922 0.870125 0.952609 0.884062 0.964797 0.910203 0.960156 0.910781 0.952609 0.878250 0.935172 0.864891 0.935172 0.846313 0.932266 0.843406 0.916594 0.846313 0.891609 0.850375 0.856188 0.848047 0.839328 0.845141 0.827141 0.824234 0.816687 0.808547 0.816094 0.800422 0.823656 0.797516 0.827141 0.792859 0.838750 0.788797 0.853281
0 0.784156 0.437969 0.760344 0.454234 0.751625 0.464109 0.717359 0.484438 0.665656 0.510578 0.619766 0.523937 0.587828 0.537875 0.551813 0.556453 0.519859 0.569813 0.492563 0.573297 0.475719 0.553562 0.475719 0.536125 0.480359 0.517547 0.524516 0.500109 0.568078 0.488500 0.619188 0.477469 0.675531 0.448422 0.737109 0.414156 0.758594 0.387437 0.799250 0.390922 0.802734 0.406594 0.791125 0.421703
0 0.934594 0.504188 0.917750 0.522766 0.904391 0.551234 0.902656 0.568078 0.889875 0.611062 0.886391 0.684828 0.905547 0.738266 0.935172 0.779500 0.972344 0.828875 0.998437 0.835706 0.998437 0.771419 0.993844 0.767312 0.975844 0.752781 0.962484 0.713297 0.956094 0.690641 0.950859 0.668562 0.952609 0.602344 0.961313 0.568078 0.972344 0.545422 0.985719 0.511734 0.985125 0.499531 0.971187 0.490828 0.956094 0.489656 0.943891 0.497219
0 0.503016 0.029047 0.505344 0.074938 0.517547 0.102234 0.538453 0.134172 0.552969 0.159156 0.568078 0.194000 0.577953 0.219563 0.585500 0.249766 0.592469 0.284031 0.561109 0.287516 0.551813 0.272422 0.529734 0.245703 0.517547 0.216656 0.498375 0.188203 0.485594 0.158000 0.469906 0.120812 0.458297 0.076672 0.450750 0.048797 0.446672 0.012781 0.454812 0.001750 0.468750 0.009875 0.487922 0.026141
0 0.575047 0.004641 0.561109 0.020906 0.550063 0.041234 0.538453 0.071438 0.532641 0.102813 0.547172 0.140562 0.570984 0.158578 0.603516 0.178906 0.633125 0.174250 0.641844 0.148703 0.632547 0.122562 0.622672 0.110937 0.604672 0.099906 0.605250 0.075516 0.618031 0.049375 0.633125 0.020328 0.670891 0.004063
0 0.923359 0.913062 0.968359 0.938141 0.998437 0.955837 0.951614 0.998437 0.928500 0.988937 0.913062 0.979937 0.892484 0.974156 0.895703 0.961938 0.910500 0.956141 0.909844 0.941359 0.892484 0.945859 0.864203 0.924641 0.874484 0.897641 0.900203 0.904703 0.915641 0.912422
0 0.872531 0.778109 0.998437 0.722018 0.998437 0.663725 0.929187 0.700672 0.859313 0.723328 0.813984 0.732781