0 0.000000 0.845716 0.005094 0.839984 0.021719 0.834437 0.029484 0.815609 0.041672 0.806734 0.053859 0.803406 0.079344 0.804516 0.101500 0.800094 0.123672 0.808953 0.163562 0.808953 0.179078 0.820031 0.190156 0.824469 0.207891 0.808953 0.216750 0.795656 0.216750 0.783469 0.206781 0.775703 0.186828 0.767953 0.161344 0.761297 0.149156 0.752437 0.124781 0.748000 0.095969 0.744688 0.071594 0.740250 0.050531 0.736922 0.008422 0.754656 0.000000 0.756463
0 0.059391 0.813391 0.064937 0.827797 0.079344 0.839984 0.093750 0.838875 0.105937 0.857719 0.119234 0.871016 0.130312 0.867688 0.145828 0.875437 0.158016 0.888734 0.181297 0.887641 0.182406 0.910906 0.185734 0.928641 0.199031 0.959656 0.205672 0.991797 0.210666 0.998437 0.144027 0.998437 0.131422 0.978500 0.118125 0.958562 0.099297 0.943047 0.089312 0.935281 0.069375 0.920875 0.043891 0.898719 0.029484 0.871016 0.019500 0.842203 0.025047 0.818922 0.044984 0.808953
0 0.479391 0.735812 0.458328 0.725844 0.426203 0.710328 0.398500 0.700359 0.379656 0.689266 0.358594 0.679297 0.345297 0.669328 0.333109 0.667109 0.314266 0.660469 0.307625 0.653813 0.278813 0.648266 0.261078 0.647156 0.253328 0.659359 0.244453 0.674859 0.267734 0.690375 0.293219 0.703672 0.300969 0.716984 0.327578 0.728062 0.336438 0.735812 0.356391 0.738031 0.370781 0.739141 0.397391 0.742469 0.408469 0.750219 0.447250 0.751328 0.456109 0.755766 0.492688 0.762406 0.514844 0.769062 0.539234 0.771281 0.558062 0.776813 0.574687 0.783469 0.604609 0.786797 0.612359 0.795656 0.635641 0.801203 0.645609 0.794547 0.645609 0.774594 0.644500 0.763516 0.630094 0.746891 0.611266 0.748000 0.578016 0.748000 0.560281 0.749109 0.537016 0.751328 0.522609 0.751328 0.500437 0.748000
0 0.258859 0.760188 0.241141 0.769062 0.228937 0.781250 0.224516 0.796766 0.221187 0.812281 0.215641 0.830016 0.237813 0.848844 0.257750 0.842203 0.264406 0.834437 0.273266 0.822250 0.285469 0.818922 0.304297 0.813391 0.327578 0.807844 0.344187 0.807844 0.358594 0.804516 0.373000 0.807844 0.397391 0.814500 0.421766 0.826688 0.449469 0.831109 0.473844 0.831109 0.497125 0.834437 0.519281 0.838875 0.546984 0.841094 0.582453 0.843313 0.589094 0.855500 0.622344 0.856609 0.647828 0.857719 0.668891 0.857719 0.668891 0.842203 0.667781 0.828906 0.665563 0.811172 0.652266 0.797875 0.642281 0.802312 0.619016 0.801203 0.610156 0.796766 0.593531 0.794547 0.572469 0.786797 0.546984 0.777922 0.522609 0.772391 0.503766 0.765734 0.463875 0.759094 0.447250 0.753547 0.425094 0.754656 0.401812 0.751328 0.392953 0.744688 0.369688 0.741359 0.353063 0.736922 0.338656 0.736922 0.313172 0.742469 0.277703 0.746891
0 0.307625 0.816719 0.285469 0.820031 0.265516 0.830016 0.243344 0.845516 0.238922 0.857719 0.262187 0.871016 0.282141 0.872125 0.295438 0.877656 0.325359 0.876547 0.366359 0.877656 0.387406 0.885422 0.415109 0.898719 0.439500 0.907578 0.458328 0.917547 0.471625 0.928641 0.501547 0.931953 0.514844 0.935281 0.537016 0.948578 0.563609 0.961875 0.576906 0.975172 0.600172 0.989578 0.623453 0.994016 0.630636 0.998437 0.671899 0.998437 0.679969 0.988469 0.681078 0.977391 0.676641 0.967422 0.662234 0.955234 0.648937 0.940828 0.637859 0.926422 0.613469 0.913125 0.595750 0.898719 0.570250 0.888734 0.549203 0.876547 0.529250 0.868797 0.496016 0.863250 0.469422 0.849953 0.446141 0.843313 0.425094 0.835547 0.405141 0.827797 0.389625 0.822250 0.368578 0.817812 0.354172 0.810063 0.346406 0.812281 0.326469 0.813391
0 0.458328 0.921984 0.449469 0.916438 0.429516 0.917547 0.395172 0.910906 0.371891 0.910906 0.327578 0.902031 0.287672 0.897609 0.261078 0.904250 0.257750 0.910906 0.265516 0.943047 0.265516 0.951906 0.285469 0.965203 0.291000 0.972969 0.303187 0.967422 0.320922 0.972969 0.347516 0.976281 0.386297 0.978500 0.417328 0.985156 0.452797 0.986266 0.482719 0.984047 0.514844 0.974062 0.525938 0.972969 0.549203 0.979609 0.572469 0.979609 0.581344 0.980719 0.566938 0.966313 0.538125 0.948578 0.517062 0.938609 0.491578 0.929750
0 0.998437 0.001680 0.988031 0.001109 0.995781 0.022156 0.998437 0.033957 0.998437 0.040660 0.996891 0.047656 0.985813 0.062062 0.976953 0.073141 0.972516 0.090875 0.959219 0.118578 0.957000 0.139625 0.955891 0.166219 0.954781 0.186172 0.949250 0.210547 0.958109 0.227172 0.969187 0.228281 0.981391 0.233828 0.995781 0.258203 0.998437 0.267153
0 0.829563 0.188391 0.819594 0.202797 0.799641 0.218312 0.788563 0.233828 0.785234 0.265953 0.781922 0.291438 0.788563 0.314719 0.788563 0.344641 0.785234 0.371234 0.776375 0.398938 0.768609 0.429969 0.767516 0.457672 0.766406 0.497563 0.773047 0.524156 0.781922 0.549641 0.802969 0.575141 0.811828 0.596187 0.842859 0.597297 0.860594 0.587328 0.870563 0.565156 0.849516 0.539672 0.836219 0.518609 0.830672 0.469859 0.836219 0.451016 0.827344 0.423313 0.815156 0.403375 0.826234 0.385641 0.842859 0.382312 0.851734 0.382312 0.860594 0.363469 0.858375 0.349062 0.857266 0.315828 0.849516 0.300312 0.855047 0.269281 0.856156 0.232719 0.856156 0.212766 0.859484 0.193922
0 0.875000 0.400047 0.849516 0.390078 0.831781 0.385641 0.818484 0.403375 0.818484 0.415562 0.842859 0.437719 0.845078 0.451016 0.865031 0.468750 0.909359 0.490906 0.924859 0.506422 0.924859 0.523047 0.914891 0.536344 0.904922 0.545219 0.894953 0.559625 0.911563 0.565156 0.913781 0.580672 0.914891 0.593969 0.913781 0.609484 0.935953 0.605047 0.940375 0.618344 0.943703 0.626109 0.943703 0.639406 0.945922 0.648266 0.960328 0.641625 0.972516 0.652703 0.990250 0.669328 0.998437 0.687852 0.998437 0.594859 0.989141 0.584000 0.983594 0.567375 0.983594 0.534125 0.983594 0.495344 0.983594 0.469859 0.965875 0.445484 0.944813 0.436609 0.920437 0.425531 0.893844 0.404484
0 0.583562 0.587328 0.559172 0.591750 0.559172 0.607266 0.582453 0.620563 0.595750 0.634969 0.614578 0.641625 0.628984 0.649375 0.662234 0.648266 0.682187 0.648266 0.717641 0.649375 0.738703 0.653813 0.766406 0.671547 0.781922 0.692594 0.804078 0.710328 0.826234 0.729172 0.841750 0.738031 0.853938 0.733594 0.860594 0.740250 0.873891 0.746891 0.893844 0.748000 0.908250 0.759094 0.919328 0.769062 0.922656 0.780141 0.947031 0.769062 0.963656 0.754656 0.960328 0.740250 0.942594 0.713656 0.925969 0.709219 0.892734 0.691484 0.862813 0.683734 0.839531 0.671547 0.820703 0.656031 0.801859 0.641625 0.783016 0.623891 0.760859 0.608375 0.734266 0.593969 0.712094 0.590641 0.693266 0.587328 0.661125 0.586219 0.641172 0.586219 0.621234 0.582891 0.600172 0.580672
0 0.998437 0.842985 0.988031 0.841094 0.972516 0.842203 0.960328 0.831109 0.937063 0.831109 0.923766 0.830016 0.909359 0.816719 0.888297 0.816719 0.880547 0.803406 0.865031 0.795656 0.855047 0.794547 0.846187 0.776813 0.835109 0.766844 0.825141 0.743578 0.812937 0.726953 0.801859 0.712547 0.791891 0.698141 0.777484 0.685953 0.766406 0.675969 0.755313 0.667109 0.740906 0.657141 0.716531 0.653813 0.696594 0.649375 0.667781 0.649375 0.657797 0.656031 0.657797 0.675969 0.660016 0.688172 0.674422 0.700359 0.699906 0.713656 0.717641 0.728062 0.735375 0.735812 0.748672 0.754656 0.765297 0.786797 0.785234 0.811172 0.796328 0.831109 0.809625 0.845516 0.832891 0.862141 0.860594 0.868797 0.886078 0.878766 0.921547 0.884313 0.948141 0.889844 0.978063 0.895391 0.998437 0.898026
0 0.907141 0.593969 0.888297 0.582891 0.876109 0.584000 0.860594 0.587328 0.857266 0.605047 0.857266 0.623891 0.872781 0.647156 0.902703 0.657141 0.925969 0.672656 0.953672 0.689266 0.963656 0.705891 0.974734 0.716984 0.989141 0.736922 0.998437 0.751405 0.998437 0.696382 0.998000 0.683734 0.983594 0.666000 0.970297 0.650484 0.960328 0.642734 0.949250 0.644953 0.943703 0.627219 0.940375 0.607266 0.931516 0.602844 0.912672 0.609484
1 0.065687 0.817734 0.081594 0.837391 0.089078 0.837391 0.103109 0.852359 0.116203 0.863578 0.132109 0.870141 0.147078 0.878562 0.166734 0.884172 0.189188 0.878562 0.210703 0.880422 0.231281 0.878562 0.258422 0.883234 0.275266 0.890719 0.292109 0.896328 0.340750 0.903813 0.363219 0.908500 0.378187 0.912234 0.419344 0.916922 0.411859 0.900078 0.395953 0.894469 0.389406 0.886047 0.357594 0.881359 0.340750 0.876688 0.311750 0.875750 0.290234 0.875750 0.263094 0.872937 0.247188 0.864516 0.236906 0.852359 0.214453 0.842062 0.207891 0.823359 0.228484 0.775641 0.185437 0.756922 0.206031 0.775641 0.216313 0.785922 0.213516 0.799031 0.201344 0.822422 0.187312 0.827094 0.177953 0.824281 0.154562 0.815875 0.141469 0.809313 0.115266 0.806516 0.108719 0.817734 0.093750 0.819609 0.087203 0.813063 0.080656 0.804641
1 0.382156 0.152359 0.368938 0.178016 0.367375 0.195891 0.370484 0.220000 0.382922 0.238656 0.389922 0.247984 0.398469 0.258859 0.413250 0.268187 0.424906 0.280625 0.443562 0.285297 0.462219 0.293063 0.456781 0.279078 0.455219 0.262750 0.437344 0.234766 0.432687 0.220766 0.421797 0.209891 0.415578 0.196672 0.404687 0.178016 0.390703 0.160922
1 0.873437 0.119719 0.899875 0.142250 0.904547 0.168687 0.941078 0.200563 0.951187 0.194344 0.948844 0.162469 0.936406 0.164031 0.938750 0.150812 0.948078 0.125156 0.927078 0.107281 0.920859 0.084734 0.903766 0.102609 0.878109 0.109609
1 0.000000 0.845709 0.006687 0.841891 0.024563 0.867531 0.044000 0.898625 0.020672 0.893969 0.007469 0.890078 0.000000 0.889721
0 0.836234 0.951422 0.961484 0.914125 0.998437 0.923750 0.998437 0.993611 0.937500 0.996734 0.798922 0.991406
0 0.732297 0.535672 0.686984 0.620953 0.716297 0.738219 0.734953 0.834172 0.798922 0.876812 0.822906 0.916781 0.793594 0.922109 0.750953 0.924781 0.647016 0.839500 0.623031 0.722234 0.593703 0.636953 0.636344 0.519688 0.702984 0.517016
0 0.000000 0.656244 0.007391 0.642281 0.082016 0.642281 0.180625 0.684922 0.255250 0.698250 0.351187 0.642281 0.391172 0.650281 0.393828 0.698250 0.295219 0.759547 0.183297 0.767531 0.068688 0.700906 0.000000 0.690184