0 0.019828 0.000000 0.000000 0.058433 0.027375 0.066094 0.053656 0.057797 0.088219 0.046734 0.121406 0.034297 0.153203 0.027375 0.173953 0.010781 0.189810 0.000000 0.087191 0.000000 0.086844 0.006641 0.070250 0.023234 0.053656 0.016313 0.038438 0.012172
0 0.173953 0.132469 0.125547 0.131078 0.102047 0.125547 0.074391 0.125547 0.055031 0.126938 0.027375 0.121406 0.000000 0.099232 0.000000 0.147111 0.010781 0.153203 0.034297 0.162891 0.066094 0.168422 0.099281 0.176719 0.142141 0.176719 0.173953 0.182250 0.185016 0.157359 0.191922 0.132469
0 0.246487 0.000000 0.233406 0.043969 0.218203 0.075781 0.201609 0.114484 0.191922 0.149062 0.172563 0.193313 0.158734 0.227875 0.131078 0.252766 0.093750 0.287328 0.074391 0.306687 0.082687 0.327437 0.113109 0.331578 0.143531 0.317750 0.171187 0.283188 0.207141 0.247234 0.220969 0.214047 0.238937 0.176719 0.245859 0.129703 0.255531 0.107578 0.274891 0.071625 0.287328 0.037063 0.298391 0.019078 0.303480 0.000000
0 0.027375 0.185016 0.010781 0.226500 0.000000 0.241718 0.000000 0.595823 0.016313 0.603984 0.038438 0.598453 0.042594 0.561125 0.046734 0.527937 0.043969 0.442203 0.046734 0.404875 0.046734 0.368922 0.030141 0.331578 0.030141 0.294250 0.046734 0.262438 0.066094 0.232031 0.086844 0.211281 0.077156 0.193313 0.059187 0.186391
0 0.204860 0.000000 0.179484 0.008016 0.161500 0.020469 0.125547 0.031531 0.090984 0.049500 0.060562 0.064719 0.026000 0.092375 0.041203 0.120016 0.064719 0.124172 0.097891 0.118641 0.122781 0.110344 0.139375 0.107578 0.149062 0.096516 0.169797 0.096516 0.185016 0.075781 0.204375 0.064719 0.226500 0.056422 0.238937 0.034297 0.247234 0.006641 0.251207 0.000000 0.309734 0.000000 0.310844 0.001109 0.314984 0.016313 0.323281 0.006641 0.326051 0.000000
0 0.525291 0.000000 0.522406 0.001109 0.501656 0.017703 0.450500 0.026000 0.411781 0.032906 0.396578 0.067484 0.435281 0.075781 0.482297 0.075781 0.521016 0.059187 0.555594 0.045359 0.584625 0.012172 0.610179 0.000000
0 0.581859 0.030141 0.556969 0.067484 0.522406 0.097891 0.486453 0.129703 0.439438 0.172563 0.414547 0.205750 0.389656 0.247234 0.366156 0.280422 0.370297 0.309453 0.397953 0.316375 0.407625 0.299781 0.438047 0.276266 0.464328 0.241703 0.487828 0.212672 0.507188 0.191922 0.539000 0.164266 0.558359 0.135234 0.581859 0.113109 0.603984 0.092375 0.627484 0.061953 0.642703 0.034297 0.637172 0.023234 0.623344 0.012172 0.599828 0.023234
0 0.352328 0.178094 0.338500 0.168422 0.314984 0.176719 0.292859 0.207141 0.297016 0.241703 0.301156 0.276266 0.298391 0.308078 0.298391 0.339875 0.298391 0.364766 0.302547 0.406250 0.299781 0.429750 0.287328 0.464328 0.273500 0.479531 0.277656 0.505812 0.297016 0.518250 0.321906 0.507188 0.334344 0.485063 0.346797 0.461562 0.359234 0.426984 0.359234 0.389656 0.355094 0.374453 0.362000 0.357859 0.344031 0.345406 0.355094 0.330203 0.350938 0.312219 0.356469 0.298391 0.349563 0.287328 0.349563 0.269359 0.364766 0.256906 0.353703 0.248625 0.348172 0.223734 0.348172 0.197453
0 0.284562 0.185016 0.256906 0.225109 0.237562 0.247234 0.226500 0.269359 0.208516 0.294250 0.191922 0.323281 0.167031 0.348172 0.147672 0.364766 0.125547 0.393812 0.097891 0.421453 0.085453 0.440812 0.059187 0.462937 0.049500 0.496125 0.059187 0.514109 0.084078 0.523781 0.106188 0.497516 0.124172 0.480922 0.146297 0.460172 0.171187 0.438047 0.183625 0.417313 0.202984 0.389656 0.209906 0.378594 0.230641 0.352328 0.250000 0.324672 0.263828 0.299781 0.284562 0.274891 0.297016 0.255531 0.298391 0.245859 0.299781 0.220969 0.298391 0.202984 0.305312 0.186391 0.301156 0.176719
0 0.171187 0.685562 0.189156 0.704922 0.201609 0.728422 0.211281 0.754703 0.214047 0.771297 0.204375 0.790656 0.191922 0.794797 0.178094 0.796187 0.168422 0.780969 0.157359 0.758844 0.149062 0.740875 0.136609 0.715984 0.125547 0.691094 0.115875 0.671734 0.104813 0.657906 0.093750 0.646844 0.079922 0.630250 0.068859 0.609516 0.060562 0.590156 0.050891 0.574938 0.043969 0.555594 0.045359 0.532078 0.046734 0.509953 0.048125 0.493359 0.064719 0.512719 0.092375 0.529312 0.108953 0.562500 0.135234 0.608125 0.153203 0.639937 0.162891 0.662062
0 0.666203 0.805859 0.645469 0.810016 0.608125 0.797563 0.579094 0.790656 0.523781 0.776828 0.490594 0.775438 0.456031 0.783734 0.433906 0.789266 0.414547 0.797563 0.399344 0.814156 0.375828 0.845969 0.370297 0.868094 0.366156 0.895734 0.362000 0.909562 0.386891 0.910953 0.403484 0.912328 0.411781 0.898500 0.426984 0.881906 0.432516 0.861172 0.446344 0.847344 0.464328 0.836281 0.490594 0.832141 0.515484 0.826609 0.548672 0.833516 0.581859 0.844578 0.610891 0.852875 0.638547 0.865328 0.668969 0.859797 0.684188 0.855641 0.688328 0.837672
0 0.620578 0.674500 0.583234 0.652375 0.561125 0.639937 0.537609 0.628875 0.522406 0.623344 0.500281 0.617813 0.476766 0.617813 0.446344 0.609516 0.417313 0.609516 0.391047 0.615047 0.362000 0.639937 0.339875 0.656531 0.332969 0.671734 0.341266 0.686953 0.353703 0.696625 0.374453 0.689719 0.395187 0.673125 0.431141 0.670359 0.456031 0.666203 0.498891 0.666203 0.544531 0.689719 0.587391 0.717375 0.602594 0.732578 0.635781 0.763000 0.656531 0.778203 0.675891 0.796187 0.684188 0.804484 0.699391 0.803094 0.717375 0.790656 0.713219 0.768531 0.704922 0.753312 0.684188 0.735344 0.664828 0.710453 0.644078 0.689719
0 0.612281 0.667594 0.598453 0.649609 0.583234 0.630250 0.570797 0.619188 0.555594 0.601219 0.541766 0.583234 0.522406 0.561125 0.509953 0.543141 0.494750 0.529312 0.475391 0.516875 0.474000 0.498891 0.486453 0.483687 0.512719 0.483687 0.540375 0.500281 0.559734 0.518250 0.577703 0.537609 0.591531 0.558359 0.623344 0.591531 0.630250 0.603984 0.649609 0.619188 0.660672 0.635781 0.671734 0.651000 0.684188 0.662062 0.688328 0.681422 0.698016 0.707688 0.702156 0.728422 0.702156 0.751938 0.688328 0.733953 0.671734 0.713219 0.659297 0.702156 0.639937 0.692484 0.628875 0.680031
0 0.496125 0.834906 0.491984 0.857031 0.485063 0.875000 0.475391 0.886062 0.460172 0.894359 0.447734 0.904031 0.436672 0.906797 0.422844 0.908188 0.403484 0.910953 0.382750 0.916484 0.359234 0.916484 0.335734 0.922016 0.313609 0.928922 0.299781 0.939984 0.295625 0.956578 0.298391 0.970406 0.317750 0.981469 0.342641 0.981469 0.370297 0.981469 0.407625 0.975937 0.438047 0.971797 0.471234 0.955203 0.497516 0.942750 0.516875 0.920625 0.527937 0.894359 0.536234 0.876375 0.545906 0.847344 0.552828 0.837672 0.541766 0.830750 0.518250 0.830750
0 0.753312 0.014937 0.721516 0.031531 0.710453 0.034297 0.700781 0.045359 0.710453 0.064719 0.727047 0.082687 0.751938 0.075781 0.793422 0.061953 0.810016 0.060562 0.832141 0.068859 0.862562 0.071625 0.926156 0.079922 0.963500 0.057797 0.993922 0.053656 0.998437 0.050302 0.976731 0.000000 0.967641 0.008016 0.946906 0.009406 0.908188 0.010781 0.872234 0.014937 0.848734 0.010781 0.827984 0.005250 0.800328 0.005250 0.771297 0.014937
0 0.998437 0.089755 0.999453 0.089609 0.962109 0.092375 0.927547 0.090984 0.901266 0.090984 0.866703 0.097891 0.833516 0.104813 0.807250 0.115875 0.778203 0.131078 0.757469 0.153203 0.729812 0.175328 0.714609 0.201609 0.699391 0.223734 0.688328 0.251375 0.699391 0.279031 0.715984 0.284562 0.736719 0.284562 0.749172 0.262438 0.763000 0.240328 0.783734 0.205750 0.801719 0.185016 0.834906 0.168422 0.862562 0.154594 0.887438 0.146297 0.942750 0.146297 0.974562 0.143531 0.998437 0.141575
0 0.938609 0.155969 0.899891 0.162891 0.868094 0.180859 0.823844 0.204375 0.790656 0.240328 0.764375 0.267969 0.749172 0.298391 0.731188 0.321906 0.724281 0.338500 0.728422 0.360625 0.750547 0.370297 0.772672 0.366156 0.789266 0.349563 0.789266 0.327437 0.819687 0.297016 0.850109 0.267969 0.886062 0.245859 0.919250 0.220969 0.956578 0.211281 0.989766 0.205750 0.998437 0.205090 0.998437 0.146297 0.980094 0.146297
0 0.603984 0.186391 0.569406 0.198844 0.556969 0.218203 0.577703 0.252766 0.583234 0.281797 0.598453 0.309453 0.626109 0.335734 0.646844 0.364766 0.664828 0.391047 0.691094 0.415922 0.720125 0.450500 0.751938 0.480922 0.771297 0.503047 0.796187 0.518250 0.816922 0.493359 0.812781 0.460172 0.792031 0.440812 0.769906 0.417313 0.743641 0.385516 0.720125 0.364766 0.698016 0.338500 0.678656 0.312219 0.656531 0.283188 0.628875 0.243094 0.619188 0.215438
0 0.612281 0.438047 0.570797 0.413156 0.555594 0.403484 0.526547 0.397953 0.497516 0.397953 0.469859 0.396578 0.460172 0.422844 0.469859 0.443578 0.480922 0.453266 0.500281 0.443578 0.547297 0.461562 0.574938 0.483687 0.595688 0.501656 0.620578 0.529312 0.651000 0.562500 0.684188 0.612281 0.692484 0.645469 0.709078 0.666203 0.725656 0.682797 0.757469 0.686953 0.761609 0.663437 0.746406 0.617813 0.732578 0.591531 0.703547 0.547297 0.682797 0.509953 0.664828 0.486453 0.645469 0.462937
0 0.883297 0.397953 0.863938 0.378594 0.837672 0.357859 0.825219 0.348172 0.803094 0.360625 0.800328 0.382750 0.819687 0.414547 0.840438 0.442203 0.870859 0.468469 0.908188 0.493359 0.928922 0.521016 0.953813 0.545906 0.967641 0.570797 0.977328 0.598453 0.993922 0.627484 0.998437 0.630526 0.998437 0.527601 0.987000 0.509953 0.969031 0.490594 0.957969 0.467094 0.946906 0.461562 0.928922 0.442203 0.915094 0.428375
0 0.886062 0.592922 0.850109 0.570797 0.823844 0.550062 0.808625 0.552828 0.782359 0.573563 0.789266 0.598453 0.814156 0.620578 0.832141 0.639937 0.851500 0.652375 0.879141 0.664828 0.902656 0.685562 0.931688 0.713219 0.946906 0.738109 0.973172 0.751938 0.998437 0.740436 0.998437 0.697548 0.982859 0.675891 0.957969 0.655141 0.937219 0.637172 0.916484 0.615047
0 0.998437 0.734275 0.985625 0.738109 0.964875 0.749172 0.931688 0.757469 0.902656 0.774063 0.875000 0.786500 0.854266 0.805859 0.829375 0.832141 0.808625 0.851500 0.794797 0.876375 0.764375 0.884672 0.733953 0.913719 0.727047 0.922016 0.711844 0.935844 0.696625 0.948281 0.685562 0.963500 0.699391 0.987000 0.717375 0.996688 0.733953 0.991156 0.757469 0.977328 0.782359 0.960734 0.812781 0.944141 0.830750 0.920625 0.855641 0.892969 0.875000 0.870859 0.883297 0.857031 0.905422 0.836281 0.919250 0.826609 0.951047 0.819687 0.974562 0.810016 0.998437 0.801536
1 0.214906 0.990484 0.221687 0.942937 0.237547 0.887453 0.228484 0.844422 0.242078 0.768563 0.266984 0.684781 0.277172 0.642891 0.256797 0.591938 0.261328 0.525141 0.287359 0.511547 0.303219 0.525141 0.360953 0.457203 0.382469 0.486641 0.373422 0.544391 0.357563 0.585141 0.350766 0.619109 0.356438 0.638359 0.337187 0.645156 0.328125 0.658734 0.336047 0.680250 0.328125 0.708562 0.325859 0.749328 0.325859 0.771969 0.331516 0.785547 0.337187 0.807063 0.337187 0.841031 0.314531 0.851219 0.299812 0.854625 0.273781 0.880656 0.254531 0.912359 0.255656 0.930484 0.248875 0.949734 0.244344 0.989359
1 0.382469 0.153766 0.368891 0.174141 0.358703 0.193391 0.343969 0.218297 0.351906 0.242078 0.351906 0.251125 0.359828 0.261328 0.347375 0.287359 0.357563 0.281703 0.388141 0.239813 0.410781 0.204703 0.410781 0.178672 0.397188 0.163953
1 0.383609 0.040531 0.400673 0.000000 0.450185 0.000000 0.444750 0.012234 0.409641 0.030344 0.398328 0.046203 0.393797 0.063172 0.407375 0.080156 0.388141 0.092625 0.377937 0.101672 0.372281 0.083563 0.377937 0.065437
0 0.294109 0.372797 0.244422 0.457687 0.196797 0.536359 0.157453 0.615047 0.109828 0.702016 0.070484 0.720641 0.060141 0.695797 0.111891 0.557078 0.145031 0.478391 0.223703 0.368656 0.271328 0.341734
0 0.217500 0.569500 0.223703 0.656453 0.188516 0.718578 0.103609 0.795188 0.041500 0.817969 0.004234 0.795188 0.000000 0.791861 0.000000 0.748183 0.022859 0.747563 0.084984 0.720641 0.157453 0.615047 0.186438 0.555000
0 0.608828 0.753781 0.511516 0.714438 0.401781 0.583984 0.379000 0.536359 0.383141 0.490812 0.468031 0.561219 0.488750 0.596406 0.538438 0.627469
0 0.532219 0.062203 0.484594 0.089125 0.488750 0.182297 0.515656 0.318953 0.579844 0.405922 0.606766 0.428703 0.641969 0.407984 0.590203 0.316891 0.544641 0.238203 0.538438 0.136750