0 0.291797 0.084844 0.312500 0.076578 0.332156 0.077609 0.339406 0.084844 0.345609 0.107609 0.350781 0.169703 0.355953 0.225578 0.366312 0.278359 0.361141 0.332156 0.360094 0.365266 0.360094 0.375625 0.348719 0.383906 0.328016 0.387000 0.312500 0.365266 0.310438 0.321813 0.304219 0.287672 0.304219 0.258688 0.292844 0.220406 0.290766 0.182125 0.286625 0.146937 0.281453 0.111750
0 0.536016 0.207984 0.547391 0.193500 0.560844 0.186266 0.576359 0.185219 0.590859 0.185219 0.606375 0.194531 0.628109 0.227656 0.672594 0.278359 0.687094 0.317672 0.680875 0.384938 0.681906 0.419078 0.691219 0.449094 0.675703 0.462547 0.646734 0.461500 0.632250 0.444953 0.627062 0.391141 0.628109 0.354922 0.619828 0.332156 0.602234 0.301125 0.581547 0.270078 0.560844 0.257656 0.538078 0.234891
0 0.456328 0.206953 0.445984 0.221438 0.451156 0.235922 0.455297 0.274219 0.468750 0.331125 0.486344 0.375625 0.510141 0.401484 0.520484 0.433563 0.523594 0.452187 0.543250 0.452187 0.555672 0.436672 0.571187 0.407703 0.564984 0.390109 0.541188 0.355953 0.529797 0.344578 0.516344 0.300078 0.507031 0.261797 0.500828 0.241094 0.500828 0.219375 0.488406 0.207984 0.467719 0.198672
0 0.407703 0.234891 0.387000 0.275250 0.377688 0.326984 0.368375 0.361141 0.366312 0.400453 0.350781 0.428391 0.337328 0.449094 0.341469 0.503937 0.352859 0.517391 0.366312 0.522563 0.376656 0.515313 0.395281 0.490484 0.412875 0.436672 0.425297 0.378719 0.431500 0.335266 0.437703 0.307328 0.445984 0.298016 0.435641 0.284562 0.430469 0.266969 0.440812 0.262828 0.439781 0.246281 0.425297 0.234891 0.417016 0.229719
0 0.463578 0.002063 0.467719 0.018625 0.490484 0.038281 0.532906 0.041391 0.550500 0.044500 0.574297 0.061047 0.593953 0.095203 0.611547 0.121063 0.627062 0.145906 0.645703 0.159359 0.663281 0.161422 0.674672 0.153141 0.669500 0.126234 0.655016 0.085891 0.639484 0.067266 0.620859 0.036219 0.598094 0.019656 0.581547 0.001031
0 0.085891 0.167625 0.070359 0.186266 0.072438 0.214203 0.076578 0.234891 0.092094 0.250406 0.111750 0.270078 0.135547 0.301125 0.164531 0.324922 0.185219 0.352859 0.196609 0.382859 0.199703 0.411844 0.210062 0.435641 0.233859 0.441844 0.244203 0.429422 0.256625 0.375625 0.233859 0.315609 0.200750 0.283531 0.180047 0.263859 0.145906 0.234891 0.124172 0.211094 0.129344 0.188328 0.112797 0.166594 0.097266 0.157281
0 0.675703 0.502891 0.692266 0.473922 0.721234 0.481172 0.751234 0.455297 0.767797 0.409766 0.793672 0.380797 0.805047 0.359063 0.809187 0.341469 0.830922 0.323875 0.850578 0.310438 0.865062 0.328016 0.860922 0.348719 0.849547 0.365266 0.850578 0.384938 0.840234 0.391141 0.845406 0.410797 0.828844 0.422187 0.826781 0.436672 0.828844 0.450125 0.817469 0.451156 0.814359 0.464609 0.816437 0.474953 0.805047 0.478062 0.796766 0.497719 0.782281 0.499797 0.751234 0.531875 0.724344 0.552562 0.690188 0.555672 0.669500 0.536016 0.665359 0.520484
0 0.810219 0.486344 0.806078 0.521516 0.806078 0.602234 0.816437 0.652937 0.829891 0.701578 0.842297 0.728484 0.851609 0.764687 0.859891 0.783312 0.886797 0.797813 0.908531 0.797813 0.919906 0.784359 0.919906 0.759516 0.914734 0.735719 0.900250 0.712953 0.886797 0.675703 0.881625 0.644656 0.876453 0.622938 0.872312 0.600172 0.864031 0.577406 0.864031 0.556703 0.855750 0.540156 0.855750 0.516344 0.858859 0.492547 0.850578 0.477031 0.829891 0.467719
0 0.651906 0.717094 0.670531 0.686047 0.705719 0.671563 0.731578 0.648797 0.748141 0.637422 0.762625 0.636375 0.769875 0.649828 0.768828 0.677766 0.747109 0.691219 0.708812 0.716062 0.699500 0.733656 0.696406 0.766766 0.716062 0.792625 0.725375 0.812297 0.726406 0.829891 0.717094 0.842297 0.704672 0.845406 0.691219 0.836094 0.678813 0.823672 0.662250 0.804016 0.649828 0.783312 0.648797 0.757453 0.645703 0.735719
0 0.447016 0.612578 0.469781 0.582578 0.504969 0.550500 0.523594 0.526703 0.542219 0.506000 0.564984 0.489453 0.604297 0.495656 0.625000 0.509109 0.647766 0.524625 0.661219 0.562906 0.667422 0.587750 0.652937 0.599125 0.651906 0.634312 0.640516 0.645703 0.615688 0.644656 0.604297 0.632250 0.604297 0.597063 0.602234 0.559812 0.590859 0.554641 0.573266 0.567047 0.561875 0.589813 0.540156 0.607406 0.522563 0.628109 0.491516 0.651906 0.466688 0.656047 0.450125 0.656047 0.437703 0.657078 0.431500 0.639484 0.433563 0.619828
0 0.541188 0.777109 0.510141 0.790562 0.501859 0.831953 0.499797 0.880594 0.509109 0.908531 0.529797 0.935437 0.541188 0.963375 0.556703 0.974750 0.580500 0.998547 0.582922 0.998437 0.650723 0.998437 0.620859 0.958203 0.600172 0.930250 0.582578 0.891969 0.563953 0.872312 0.561875 0.855750 0.570156 0.842297 0.585672 0.825750 0.586719 0.799875 0.572234 0.779188 0.553594 0.770906
0 0.920477 0.998437 0.946813 0.966469 0.958203 0.935437 0.957156 0.878516 0.980953 0.848516 0.999594 0.847469 0.998437 0.848005 0.998437 0.978984 0.987588 0.998437
0 0.794703 0.662250 0.772969 0.712953 0.754344 0.739859 0.744000 0.765734 0.729516 0.798844 0.731578 0.824703 0.731578 0.849547 0.728484 0.871281 0.735719 0.894047 0.739859 0.905422 0.769875 0.904391 0.780219 0.885766 0.788500 0.848516 0.785391 0.818500 0.789531 0.762625 0.804016 0.737797 0.818500 0.710891 0.823672 0.702609 0.817469 0.662250 0.804016 0.655016
0 0.735719 0.916797 0.764687 0.975781 0.768361 0.998437 0.825074 0.998437 0.821609 0.962328 0.806078 0.927156 0.783312 0.906453 0.779188 0.905422 0.754344 0.906453
0 0.267376 0.998437 0.273172 0.989234 0.289734 0.955094 0.310438 0.912672 0.310438 0.885766 0.328016 0.832984 0.344578 0.822641 0.374594 0.817469 0.390109 0.820578 0.392172 0.829891 0.390109 0.863000 0.366312 0.906453 0.359063 0.945781 0.340438 0.983031 0.325160 0.998437
0 0.793672 0.130375 0.776078 0.232828 0.747109 0.287672 0.726406 0.308359 0.722266 0.341469 0.719156 0.366312 0.726406 0.387000 0.744000 0.398391 0.761594 0.394250 0.779188 0.366312 0.795734 0.310438 0.816437 0.278359 0.830922 0.279391 0.819531 0.257656 0.832984 0.245234 0.849547 0.231781 0.838156 0.228688 0.835063 0.201781 0.831953 0.175906 0.832984 0.153141 0.846438 0.124172 0.841266 0.100375 0.829891 0.091063 0.812297 0.086922 0.796766 0.107609
0 0.903359 0.279391 0.929219 0.272141 0.951984 0.282484 0.976828 0.305250 0.980953 0.320781 0.998437 0.327786 0.998437 0.390936 0.971641 0.379766 0.950953 0.358031 0.915766 0.338375 0.899219 0.322844 0.884734 0.299047 0.894047 0.288703
0 0.909563 0.455297 0.914734 0.428391 0.931297 0.409766 0.953016 0.404594 0.970609 0.403562 0.989234 0.414938 0.998437 0.426597 0.998437 0.506743 0.985094 0.534969 0.975781 0.563953 0.966469 0.584641 0.950953 0.587750 0.938531 0.579469 0.931297 0.551531 0.933359 0.525656 0.946813 0.500828 0.954063 0.482203 0.964406 0.460469 0.965437 0.453234 0.958203 0.445984 0.943703 0.465641 0.937500 0.495656 0.919906 0.495656 0.903359 0.482203 0.905422 0.473922
0 0.989234 0.573266 0.998437 0.572635 0.998437 0.631203 0.987172 0.631203 0.961297 0.611547 0.930250 0.588781 0.946813 0.586719 0.974750 0.588781
0 0.000923 0.998437 0.001031 0.978891 0.022766 0.957156 0.027937 0.936469 0.046562 0.936469 0.061047 0.937500 0.077609 0.956125 0.069328 0.979922 0.055109 0.998437
0 0.117969 0.741922 0.127281 0.769875 0.151078 0.816437 0.161422 0.871281 0.155219 0.919906 0.171766 0.945781 0.186266 0.947844 0.192469 0.924047 0.199703 0.893000 0.196609 0.844375 0.190391 0.804016 0.182125 0.779188 0.179016 0.758484 0.169703 0.732609 0.153141 0.727437 0.141766 0.720203 0.128312 0.721234 0.117969 0.730547
0 0.209016 0.674672 0.209016 0.699500 0.221438 0.739859 0.241094 0.785391 0.252484 0.831953 0.249375 0.852656 0.245234 0.878516 0.240062 0.891969 0.239031 0.905422 0.254547 0.914734 0.282484 0.899219 0.290766 0.858859 0.301125 0.840234 0.293875 0.805047 0.293875 0.783312 0.283531 0.759516 0.276281 0.742969 0.275250 0.722266 0.272141 0.698469 0.262828 0.676734 0.253516 0.662250 0.249375 0.649828 0.232828 0.645703 0.223516 0.644656 0.214203 0.655016
0 0.376656 0.611547 0.353891 0.637422 0.333203 0.683984 0.346641 0.721234 0.362172 0.753313 0.372516 0.767797 0.383906 0.784359 0.394250 0.788500 0.407703 0.760547 0.412875 0.740891 0.414938 0.726406 0.400453 0.707781 0.392172 0.691219 0.392172 0.670531 0.398391 0.656047 0.411844 0.643625 0.420109 0.626031 0.430469 0.610516 0.435641 0.594984 0.443922 0.575328 0.444953 0.569125 0.421156 0.575328 0.400453 0.591891
0 0.439781 0.666391 0.434609 0.715031 0.422187 0.741922 0.408734 0.767797 0.389078 0.806078 0.391141 0.826781 0.407703 0.832984 0.424250 0.825750 0.443922 0.797813 0.454266 0.764687 0.464609 0.741922 0.479094 0.739859 0.477031 0.730547 0.480125 0.712953 0.492547 0.707781 0.484266 0.697438 0.486344 0.682953 0.486344 0.672594 0.483234 0.661219 0.473922 0.659141 0.457375 0.664328
0 0.036719 0.784375 0.035156 0.757031 0.031250 0.734375 0.028125 0.714844 0.032031 0.688281 0.045312 0.675000 0.062500 0.668750 0.075000 0.667969 0.084375 0.676562 0.086719 0.688281 0.088281 0.709375 0.079687 0.739062 0.077344 0.767969 0.078906 0.801562 0.078125 0.822656 0.074219 0.836719 0.068750 0.849219 0.059375 0.860938 0.051562 0.869531 0.042969 0.881250 0.035156 0.889062 0.026562 0.896094 0.015625 0.897656 0.007031 0.892969 0.000000 0.878125 0.007812 0.860156 0.016406 0.839844 0.028125 0.814063 0.033594 0.800781
0 0.057813 0.283594 0.067969 0.302344 0.073438 0.317188 0.089063 0.356250 0.100000 0.387500 0.105469 0.401562 0.122656 0.428906 0.132031 0.449219 0.138281 0.455469 0.144531 0.466406 0.153906 0.475000 0.163281 0.480469 0.182812 0.469531 0.182812 0.453906 0.181250 0.437500 0.178906 0.425781 0.164844 0.410938 0.155469 0.397656 0.146094 0.371875 0.148438 0.362500 0.134375 0.350781 0.133594 0.330469 0.118750 0.324219 0.119531 0.313281 0.124219 0.307812 0.117969 0.300000 0.108594 0.289062 0.099219 0.272656 0.086719 0.260156 0.075000 0.247656 0.060937 0.246094 0.052344 0.249219 0.043750 0.261719 0.046094 0.272656
0 0.008594 0.426563 0.040625 0.460938 0.067187 0.480469 0.078906 0.503125 0.086719 0.519531 0.092969 0.529687 0.106250 0.539844 0.117969 0.548438 0.133594 0.546875 0.144531 0.530469 0.134375 0.514062 0.127344 0.489063 0.107031 0.466406 0.098437 0.445312 0.064062 0.419531 0.041406 0.398438 0.024219 0.382031 0.010937 0.370312 0.000781 0.368750 0.000781 0.417187
0 0.003125 0.568750 0.012500 0.561719 0.028125 0.556250 0.046094 0.555469 0.054688 0.562500 0.060156 0.567187 0.061719 0.579688 0.058594 0.592969 0.047656 0.608594 0.034375 0.614844 0.022656 0.620313 0.003125 0.628906
0 0.959375 0.192969 0.944531 0.174219 0.922656 0.132812 0.914062 0.102344 0.911719 0.078906 0.915625 0.053125 0.927344 0.046875 0.938281 0.046094 0.957031 0.060156 0.973437 0.085156 0.978906 0.104688 0.980469 0.130469 0.983594 0.140625 0.986719 0.155469 0.982031 0.172656
0 0.284797 0.002125 0.283375 0.022016 0.276281 0.048297 0.263500 0.056813 0.250000 0.065344 0.254266 0.078828 0.267047 0.083812 0.276984 0.083812 0.296172 0.068187 0.304688 0.055391 0.315344 0.039766 0.321016 0.022734 0.330250 0.013500 0.328125 0.000703
0 0.239344 0.600859 0.233672 0.615062 0.235797 0.627844 0.258516 0.633516 0.268469 0.629969 0.281953 0.615062 0.285516 0.614344 0.291188 0.623578 0.291188 0.641328 0.285516 0.662641 0.279125 0.675422 0.274859 0.694609 0.279125 0.723016 0.279125 0.742891 0.286937 0.757109 0.289766 0.770594 0.293328 0.778406 0.303984 0.783375 0.324578 0.781250 0.335234 0.767047 0.335234 0.723016 0.337359 0.694609 0.331672 0.684656 0.341625 0.645594 0.343750 0.605828 0.327422 0.583094 0.316047 0.576000 0.282672 0.576000 0.269172 0.577422 0.253547 0.587359 0.246453 0.592328
1 0.428391 0.002063 0.428391 0.063125 0.400453 0.117969 0.433563 0.201781 0.423219 0.224547 0.441844 0.252484 0.433563 0.271109 0.441844 0.283531 0.444953 0.303187 0.460469 0.290766 0.455297 0.250406 0.448047 0.217297 0.461500 0.195578 0.479094 0.170734 0.492547 0.195578 0.499797 0.149000 0.508078 0.115891 0.492547 0.094156 0.479094 0.084844 0.459438 0.071406 0.450125 0.021734 0.461500 0.000000
1 0.850578 0.169703 0.843344 0.210062 0.849547 0.228688 0.826781 0.257656 0.836094 0.278359 0.814359 0.281453 0.805047 0.304219 0.795734 0.326984 0.814359 0.335266 0.838156 0.315609 0.861969 0.322844 0.864031 0.344578 0.852656 0.365266 0.852656 0.388031 0.846438 0.393219 0.846438 0.402531 0.850578 0.409766 0.844375 0.417016 0.831953 0.424250 0.836094 0.438734 0.834016 0.450125 0.823672 0.450125 0.819531 0.456328 0.826781 0.468750 0.851609 0.478062 0.860922 0.488406 0.863000 0.526703 0.863000 0.551531 0.863000 0.577406 0.873344 0.591891 0.887828 0.645703 0.890938 0.668453 0.914734 0.635344 0.908531 0.591891 0.890938 0.591891 0.898172 0.555672 0.907484 0.512203 0.891969 0.496688 0.899219 0.451156 0.912672 0.359063 0.880594 0.301125 0.901281 0.228688 0.926125 0.181078 0.934391 0.149000 0.901281 0.152109 0.900250 0.135547 0.885766 0.146937 0.857828 0.157281
1 0.867141 0.800906 0.871281 0.855750 0.852656 0.896109 0.834016 0.948875 0.865062 0.974750 0.857828 0.999594 0.858031 0.998437 0.884023 0.998437 0.884734 0.961297 0.880594 0.928187 0.930250 0.920937 0.937500 0.905422 0.919906 0.858859 0.905422 0.814359 0.894047 0.804016
1 0.115781 0.561000 0.106359 0.611828 0.092250 0.640062 0.112016 0.678656 0.129891 0.694656 0.165656 0.717250 0.177906 0.743594 0.183547 0.726656 0.202375 0.709719 0.192953 0.686188 0.188250 0.632531 0.194844 0.572297 0.167547 0.571344 0.144953 0.547813