0 0.115891 0.053812 0.084844 0.041391 0.080719 0.031047 0.064156 0.015516 0.057953 0.008281 0.038281 0.009312 0.022766 0.019656 0.010344 0.033109 0.004141 0.046562 0.001031 0.060016 0.001031 0.077609 0.001031 0.098297 0.003109 0.122109 0.005172 0.140734 0.011375 0.161422 0.014484 0.181078 0.023797 0.197641 0.036219 0.205922 0.057953 0.204891 0.071406 0.200750 0.073469 0.184188 0.057953 0.177984 0.057953 0.162453 0.055875 0.149000 0.055875 0.134516 0.053812 0.121063 0.049672 0.111750 0.057953 0.107609 0.073469 0.116922 0.090031 0.116922 0.106578 0.111750 0.121063 0.102438 0.132453 0.088984 0.135547 0.080719 0.136594 0.072438 0.136594 0.064156 0.129344 0.057953
0 0.181078 0.070359 0.164531 0.082781 0.159359 0.094156 0.151078 0.105547 0.140734 0.117969 0.128312 0.128312 0.127281 0.136594 0.127281 0.156250 0.127281 0.164531 0.141766 0.164531 0.161422 0.165563 0.172812 0.156250 0.187297 0.142797 0.200750 0.137625 0.220406 0.123141 0.223516 0.113828 0.235922 0.106578 0.256625 0.104516 0.286625 0.101406 0.309391 0.095203 0.333203 0.094156 0.359063 0.085891 0.375625 0.076578 0.389078 0.066219 0.391141 0.052766 0.390109 0.034141 0.382859 0.017594 0.369406 0.009312 0.360094 0.009312 0.341469 0.012422 0.322844 0.018625 0.308359 0.023797 0.293875 0.026906 0.280422 0.032078 0.271109 0.036219 0.258688 0.037250 0.249375 0.038281 0.241094 0.042422 0.233859 0.043453 0.228688 0.036219 0.214203 0.044500 0.191437 0.049672 0.201781 0.058984 0.191437 0.062094
0 0.425297 0.001031 0.424250 0.017594 0.426328 0.032078 0.431500 0.046562 0.435641 0.055875 0.447016 0.070359 0.458406 0.070359 0.465641 0.074500 0.476000 0.083812 0.487375 0.091063 0.511172 0.079672 0.516344 0.063125 0.518422 0.047594 0.514281 0.036219 0.510141 0.023797 0.503937 0.013453 0.495656 0.005172 0.482203 0.003109 0.464609 0.001031 0.450125 0.001031
0 0.318703 0.339406 0.306297 0.352859 0.291797 0.366312 0.286625 0.383906 0.279391 0.399422 0.269047 0.411844 0.262828 0.430469 0.261797 0.447016 0.260766 0.463578 0.273172 0.487375 0.275250 0.498766 0.277312 0.514281 0.273172 0.530844 0.269047 0.552562 0.260766 0.566016 0.259734 0.580500 0.264906 0.594984 0.276281 0.599125 0.291797 0.598094 0.304219 0.596031 0.323875 0.575328 0.324922 0.554641 0.337328 0.544281 0.347688 0.536016 0.345609 0.520484 0.339406 0.502891 0.333203 0.485313 0.332156 0.467719 0.331125 0.457375 0.330094 0.442875 0.331125 0.432531 0.345609 0.418047 0.349750 0.412875 0.351828 0.394250 0.361141 0.389078 0.369406 0.383906 0.371484 0.369406 0.366312 0.361141 0.359063 0.352859 0.358031 0.337328 0.347688 0.332156 0.332156 0.332156
0 0.998437 0.228266 0.994406 0.233859 0.982000 0.251453 0.966469 0.270078 0.951984 0.292844 0.941641 0.314562 0.934391 0.330094 0.934391 0.353891 0.938531 0.381828 0.937500 0.405625 0.936469 0.419078 0.944750 0.429422 0.959234 0.432531 0.969578 0.428391 0.973719 0.418047 0.982000 0.410797 0.998547 0.405625 0.998437 0.401266 0.998437 0.366104 0.995453 0.357000 0.989234 0.345609 0.994406 0.326984 0.998437 0.317671
0 0.749172 0.240062 0.733656 0.250406 0.716062 0.261797 0.694328 0.271109 0.673641 0.276281 0.655016 0.283531 0.642594 0.296984 0.634312 0.310438 0.633281 0.330094 0.639484 0.325953 0.631203 0.343547 0.628109 0.363203 0.616719 0.371484 0.604297 0.376656 0.584641 0.377688 0.573266 0.377688 0.560844 0.377688 0.551531 0.367344 0.548422 0.355953 0.543250 0.340438 0.552562 0.335266 0.560844 0.331125 0.566016 0.317672 0.566016 0.308359 0.566016 0.300078 0.566016 0.285594 0.576359 0.274219 0.586719 0.265937 0.596031 0.254547 0.596031 0.241094 0.602234 0.228688 0.610516 0.242141 0.625000 0.240062 0.628109 0.227656 0.640516 0.216266 0.648797 0.216266 0.648797 0.226609 0.661219 0.223516 0.681906 0.213156 0.695359 0.206953 0.721234 0.203844 0.738828 0.202813 0.747109 0.209016 0.749172 0.226609
0 0.151078 0.466688 0.167625 0.485313 0.173844 0.500828 0.181078 0.515313 0.192469 0.533938 0.198672 0.551531 0.206953 0.571187 0.218344 0.583609 0.224547 0.602234 0.230750 0.617750 0.238000 0.639484 0.235922 0.652937 0.233859 0.660187 0.234891 0.674672 0.236969 0.689156 0.235922 0.700531 0.230750 0.709844 0.231781 0.723297 0.225578 0.730547 0.217297 0.740891 0.207984 0.749172 0.197641 0.752281 0.176953 0.752281 0.170734 0.745031 0.166594 0.734687 0.167625 0.717094 0.164531 0.699500 0.166594 0.688125 0.171766 0.677766 0.175906 0.664328 0.177984 0.646734 0.173844 0.634312 0.171766 0.621891 0.166594 0.612578 0.158312 0.593953 0.151078 0.580500 0.144875 0.564984 0.141766 0.555672 0.134516 0.534969 0.130375 0.515313 0.124172 0.503937 0.124172 0.494625 0.127281 0.474953 0.137625 0.465641
0 0.006203 0.425297 0.016563 0.428391 0.020703 0.438734 0.022766 0.450125 0.025875 0.463578 0.025875 0.474953 0.030016 0.485313 0.042422 0.493578 0.055875 0.496688 0.069328 0.498766 0.065187 0.514281 0.071406 0.517391 0.082781 0.518422 0.100375 0.518422 0.092094 0.523594 0.086922 0.533938 0.096234 0.545328 0.108656 0.549469 0.104516 0.557734 0.104516 0.563953 0.107609 0.574297 0.109688 0.581547 0.125203 0.588781 0.121063 0.599125 0.115891 0.606375 0.125203 0.618797 0.126234 0.631203 0.130375 0.640516 0.131422 0.648797 0.131422 0.658109 0.131422 0.668453 0.135547 0.680875 0.138656 0.690188 0.127281 0.700531 0.114859 0.695359 0.101406 0.683984 0.093125 0.676734 0.086922 0.675703 0.071406 0.678813 0.080719 0.664328 0.082781 0.645703 0.074500 0.623969 0.068297 0.612578 0.062094 0.601203 0.052766 0.591891 0.045531 0.581547 0.040359 0.571187 0.026906 0.558781 0.015516 0.546359 0.004141 0.537047 0.003109 0.517391 0.003109 0.500828 0.002063 0.483234 0.002063 0.463578 0.002063 0.442875
0 0.002063 0.723297 0.017594 0.732609 0.042422 0.730547 0.081750 0.725375 0.101406 0.725375 0.117969 0.727437 0.128312 0.735719 0.142797 0.737797 0.149000 0.753313 0.144875 0.769875 0.135547 0.777109 0.115891 0.776078 0.106578 0.776078 0.102438 0.784359 0.091063 0.788500 0.071406 0.785391 0.054844 0.785391 0.033109 0.788500 0.007250 0.791594 0.006203 0.776078 0.004141 0.750203
0 0.002063 0.614656 0.016563 0.614656 0.027937 0.633281 0.023797 0.650875 0.019656 0.663281 0.005172 0.669500 0.003109 0.658109 0.003109 0.645703 0.001031 0.632250
0 0.316641 0.666391 0.309391 0.653969 0.305250 0.630172 0.312500 0.617750 0.320781 0.610516 0.331125 0.601203 0.342516 0.600172 0.358031 0.599125 0.375625 0.591891 0.389078 0.586719 0.401484 0.574297 0.413906 0.567047 0.426328 0.552562 0.438734 0.543250 0.452187 0.533938 0.465641 0.522563 0.486344 0.507031 0.511172 0.503937 0.530844 0.504969 0.536016 0.519453 0.530844 0.532906 0.526703 0.546359 0.518422 0.547391 0.513250 0.550500 0.512203 0.558781 0.500828 0.559812 0.494625 0.567047 0.500828 0.573266 0.500828 0.579469 0.492547 0.585672 0.473922 0.585672 0.464609 0.587750 0.466688 0.592922 0.470812 0.600172 0.462547 0.609484 0.449094 0.610516 0.444953 0.616719 0.448047 0.620859 0.451156 0.626031 0.442875 0.632250 0.433563 0.632250 0.420109 0.632250 0.422187 0.644656 0.420109 0.648797 0.411844 0.648797 0.399422 0.645703 0.389078 0.651906 0.380797 0.650875 0.371484 0.657078 0.368375 0.662250 0.361141 0.663281 0.355953 0.666391 0.351828 0.668453 0.338375 0.671563
0 0.711922 0.329062 0.698469 0.338375 0.697438 0.352859 0.686047 0.357000 0.677766 0.367344 0.669500 0.370453 0.661219 0.370453 0.647766 0.382859 0.641563 0.390109 0.648797 0.396312 0.639484 0.403562 0.631203 0.409766 0.618797 0.404594 0.613625 0.413906 0.607406 0.419078 0.614656 0.427359 0.604297 0.435641 0.589813 0.438734 0.577406 0.441844 0.577406 0.450125 0.578437 0.461500 0.567047 0.465641 0.553594 0.469781 0.551531 0.479094 0.551531 0.487375 0.546359 0.506000 0.537047 0.523594 0.530844 0.538078 0.527734 0.551531 0.522563 0.569125 0.514281 0.589813 0.509109 0.606375 0.507031 0.628109 0.510141 0.641563 0.512203 0.650875 0.512203 0.664328 0.511172 0.673641 0.516344 0.680875 0.531875 0.686047 0.552562 0.678813 0.553594 0.669500 0.562906 0.652937 0.572234 0.641563 0.576359 0.631203 0.576359 0.613625 0.578437 0.605344 0.587750 0.592922 0.584641 0.578437 0.586719 0.558781 0.597063 0.545328 0.604297 0.536016 0.615688 0.517391 0.629141 0.501859 0.652937 0.478062 0.670531 0.458406 0.686047 0.444953 0.706750 0.422187 0.728484 0.393219 0.749172 0.375625 0.756422 0.359063 0.753313 0.342516 0.746063 0.332156 0.727437 0.325953
0 0.506000 0.644656 0.493578 0.636375 0.483234 0.630172 0.465641 0.629141 0.457375 0.638453 0.448047 0.639484 0.440812 0.636375 0.429422 0.641563 0.424250 0.649828 0.408734 0.650875 0.399422 0.659141 0.392172 0.660187 0.382859 0.662250 0.367344 0.665359 0.353891 0.669500 0.339406 0.672594 0.322844 0.672594 0.306297 0.672594 0.294906 0.675703 0.284562 0.680875 0.278359 0.695359 0.281453 0.722266 0.295938 0.727437 0.326984 0.734687 0.345609 0.736750 0.378719 0.734687 0.406656 0.726406 0.440812 0.715031 0.465641 0.702609 0.491516 0.694328 0.515313 0.699500 0.539109 0.705719 0.573266 0.716062 0.598094 0.708812 0.607406 0.692266 0.602234 0.673641 0.592922 0.657078 0.569125 0.656047 0.557734 0.665359 0.554641 0.678813 0.539109 0.682953 0.528766 0.685016 0.515313 0.679844 0.510141 0.673641 0.510141 0.663281
0 0.309391 0.732609 0.315609 0.748141 0.323875 0.759516 0.340438 0.769875 0.358031 0.775047 0.372516 0.778141 0.380797 0.788500 0.387000 0.799875 0.390109 0.816437 0.393219 0.831953 0.393219 0.848516 0.388031 0.886797 0.377688 0.899219 0.373547 0.918875 0.366312 0.937500 0.369406 0.951984 0.369406 0.963375 0.383906 0.968547 0.394250 0.974750 0.410797 0.976828 0.421156 0.966469 0.441844 0.949922 0.448047 0.939563 0.454266 0.926125 0.456328 0.901281 0.456328 0.891969 0.461500 0.871281 0.463578 0.854719 0.464609 0.841266 0.465641 0.821609 0.465641 0.807125 0.473922 0.796766 0.477031 0.783312 0.468750 0.780219 0.460469 0.776078 0.453234 0.763656 0.447016 0.752281 0.441844 0.747109 0.429422 0.735719 0.414938 0.730547 0.399422 0.729516 0.383906 0.733656 0.360094 0.734687 0.342516 0.734687 0.331125 0.734687
0 0.368375 0.812297 0.350781 0.813328 0.335266 0.819531 0.324922 0.825750 0.310438 0.849547 0.296984 0.874375 0.285594 0.893000 0.280422 0.906453 0.273172 0.921984 0.262828 0.934391 0.249375 0.944750 0.241094 0.955094 0.225578 0.970609 0.215234 0.985094 0.203312 0.998437 0.287855 0.998437 0.288703 0.998547 0.305250 0.989234 0.317672 0.975781 0.329062 0.954063 0.332156 0.938531 0.338375 0.931297 0.348719 0.916797 0.359063 0.898172 0.372516 0.882656 0.383906 0.868172 0.389078 0.849547 0.390109 0.832984 0.384938 0.820578
0 0.800906 0.378719 0.787453 0.390109 0.775047 0.409766 0.770906 0.423219 0.767797 0.432531 0.758484 0.444953 0.747109 0.464609 0.728484 0.477031 0.719156 0.487375 0.709844 0.489453 0.713984 0.499797 0.707781 0.517391 0.698469 0.536016 0.685016 0.562906 0.672594 0.581547 0.666391 0.588781 0.665359 0.605344 0.663281 0.621891 0.659141 0.630172 0.678813 0.642594 0.699500 0.644656 0.715031 0.637422 0.725375 0.631203 0.736750 0.616719 0.741922 0.593953 0.757453 0.574297 0.774000 0.550500 0.779188 0.540156 0.784359 0.530844 0.783312 0.519453 0.793672 0.508078 0.805047 0.486344 0.813328 0.472891 0.822641 0.469781 0.822641 0.460469 0.824703 0.438734 0.834016 0.423219 0.834016 0.407703 0.834016 0.391141 0.836094 0.380797 0.820578 0.379766
0 0.998437 0.568756 0.977859 0.551531 0.946813 0.536016 0.930250 0.527734 0.911625 0.537047 0.915766 0.560844 0.924047 0.572234 0.944750 0.589813 0.961297 0.597063 0.970609 0.609484 0.970609 0.619828 0.970609 0.639484 0.966469 0.648797 0.959234 0.667422 0.953016 0.682953 0.953016 0.692266 0.950953 0.708812 0.946813 0.725375 0.940609 0.732609 0.935437 0.740891 0.932328 0.749172 0.918875 0.758484 0.908531 0.770906 0.897141 0.778141 0.897141 0.792625 0.899219 0.802984 0.915766 0.815391 0.927156 0.815391 0.945781 0.814359 0.973719 0.804016 0.984062 0.785391 0.997516 0.761594 0.998437 0.751656
0 0.768828 0.848516 0.752281 0.866094 0.744000 0.878516 0.733656 0.891969 0.722266 0.904391 0.709844 0.916797 0.695359 0.931297 0.681906 0.941641 0.667422 0.950953 0.653969 0.963375 0.640516 0.975781 0.619828 0.992344 0.609921 0.998437 0.730436 0.998437 0.730547 0.999594 0.737797 0.990266 0.745031 0.985094 0.753313 0.984062 0.768828 0.985094 0.766766 0.974750 0.763656 0.963375 0.761594 0.954063 0.757453 0.939563 0.766766 0.935437 0.766766 0.923016 0.759516 0.911625 0.758484 0.902313 0.771938 0.899219 0.776078 0.893000 0.776078 0.880594 0.778141 0.861969 0.780219 0.846438 0.781250 0.839203
0 0.812172 0.826828 0.797531 0.818688 0.786125 0.838219 0.782875 0.861000 0.782875 0.875656 0.781250 0.891922 0.756844 0.901688 0.756844 0.916344 0.773109 0.927734 0.756844 0.940750 0.761719 0.966797 0.771484 0.986328 0.766927 0.998437 0.841469 0.998437 0.841469 0.976562 0.836594 0.955406 0.834969 0.930984 0.833328 0.909828 0.833328 0.885422 0.833328 0.861000 0.830078 0.839844
1 0.612641 0.096672 0.601391 0.109031 0.595766 0.121406 0.610391 0.137141 0.622750 0.155125 0.639609 0.166359 0.659844 0.178734 0.677828 0.176484 0.683453 0.160750 0.672219 0.142766 0.668844 0.104547 0.648609 0.097797 0.637359 0.089922
1 0.710438 0.078687 0.714922 0.106797 0.736281 0.113531 0.744156 0.124781 0.732906 0.130391 0.743031 0.146141 0.741906 0.175359 0.788000 0.200094 0.812719 0.233812 0.809359 0.275406 0.784625 0.258547 0.753141 0.230437 0.754266 0.249547 0.737406 0.258547 0.737406 0.276531 0.755391 0.306875 0.758766 0.364203 0.767766 0.373203 0.790250 0.387813 0.805984 0.374328 0.810484 0.361953 0.814969 0.343969 0.803734 0.334984 0.773375 0.330484 0.772250 0.311375 0.788000 0.292266 0.794734 0.288891 0.808234 0.303500 0.828469 0.318125 0.879047 0.372078 0.875672 0.354094 0.868938 0.322609 0.867812 0.299016 0.865563 0.273156 0.864437 0.256297 0.858812 0.234938 0.858812 0.223703 0.858812 0.201219 0.845328 0.176484 0.840828 0.149500 0.840828 0.137141 0.813844 0.138266 0.785750 0.133766 0.766641 0.125906 0.761016 0.093297 0.756516 0.078687 0.729547 0.064078 0.714922 0.067453
1 0.842656 0.410453 0.838781 0.417438 0.838000 0.430656 0.831000 0.446984 0.821672 0.453203 0.825562 0.479641 0.828672 0.505281 0.827109 0.518500 0.831000 0.527828 0.841109 0.530938 0.858984 0.528609 0.864422 0.517719 0.861313 0.484297 0.858984 0.468750 0.855875 0.453203 0.853547 0.419000
1 0.073531 0.188766 0.065047 0.212109 0.063625 0.240391 0.065750 0.274328 0.066453 0.312500 0.072828 0.319563 0.095453 0.318859 0.095453 0.292000 0.091203 0.265844 0.099687 0.256641 0.107469 0.239672 0.104641 0.221297 0.115953 0.213516 0.124438 0.210687 0.131500 0.203625 0.133625 0.195844 0.127969 0.181000 0.108875 0.182406 0.090500 0.183109
1 0.115250 0.330875 0.101109 0.357047 0.103219 0.390266 0.114531 0.422094 0.122313 0.441172 0.126562 0.467344 0.137156 0.464516 0.151297 0.460969 0.154844 0.443297 0.164734 0.434812 0.183109 0.433406 0.198672 0.430578 0.209281 0.429859 0.222000 0.429156 0.229781 0.419969 0.222000 0.405125 0.217766 0.390266 0.229781 0.367641 0.231906 0.357750 0.228359 0.340078 0.221297 0.325219 0.224828 0.300484 0.226250 0.281391 0.214219 0.263719 0.205734 0.258766 0.203625 0.275734 0.199375 0.287750 0.184531 0.306844 0.174625 0.314625 0.158375 0.311094 0.154844 0.327344 0.152016 0.349969 0.137875 0.352797 0.127266 0.352094 0.121609 0.342187
1 0.598844 0.711969 0.615812 0.693578 0.627828 0.696406 0.646203 0.688625 0.658234 0.684391 0.677312 0.687922 0.682969 0.686516 0.677312 0.671656 0.671656 0.653984 0.675906 0.649750 0.686516 0.658938 0.697828 0.668125 0.711250 0.678031 0.721859 0.696406 0.706313 0.713375 0.688625 0.719031 0.677312 0.713375 0.663172 0.707719 0.646922 0.705594 0.632062 0.710547 0.622875 0.718328 0.615109 0.719734
1 0.081109 0.029031 0.077703 0.020484 0.086234 0.007687 0.097344 0.005984 0.111844 0.009391 0.121250 0.018781 0.123797 0.026469 0.119531 0.038422 0.107578 0.040984 0.089656 0.038422
1 0.057203 0.119531 0.076844 0.166500 0.087094 0.130641 0.095625 0.165641 0.099891 0.175031 0.111844 0.175031 0.107578 0.157109 0.102453 0.114406 0.092219 0.120391 0.075141 0.119531
1 0.002562 0.668547 0.010250 0.663422 0.026469 0.658297 0.041844 0.654031 0.050375 0.661719 0.059766 0.665125 0.067453 0.656594 0.078547 0.651469 0.080266 0.662563 0.070016 0.674516 0.075984 0.682203 0.047813 0.685625 0.035000 0.695875 0.024766 0.706109 0.011953 0.707828 0.001703 0.710375 0.000000 0.682203
1 0.460219 0.866625 0.471312 0.862359 0.490953 0.854672 0.508875 0.874312 0.501203 0.882000 0.496078 0.890547 0.484969 0.899078 0.472172 0.907609 0.465328 0.918719 0.457656 0.918719 0.458500 0.900781 0.463625 0.882859
1 0.779547 0.771859 0.783813 0.797469 0.794063 0.806016 0.814547 0.824797 0.835891 0.838453 0.845281 0.791500 0.837609 0.780391 0.824797 0.766734 0.813703 0.763312