0 0.539187 0.184578 0.601516 0.184578 0.648484 0.204828 0.699484 0.241250 0.740672 0.283156 0.765875 0.263922 0.744125 0.227031 0.699484 0.192687 0.663047 0.160297 0.591812 0.131969 0.527047 0.133578 0.517328 0.156250 0.528656 0.174063
0 0.601516 0.075297 0.628234 0.067203 0.636328 0.061531 0.626625 0.045344 0.586141 0.037234 0.559422 0.055047 0.533516 0.072859 0.518938 0.077719 0.559422 0.073672
0 0.446078 0.243688 0.506437 0.305437 0.537062 0.355687 0.547266 0.409859 0.549703 0.441219 0.531094 0.467938 0.513281 0.476031 0.494656 0.459844 0.490609 0.419359 0.492234 0.386984 0.466391 0.346266 0.425844 0.300359 0.409656 0.261500 0.419359 0.243688 0.435562 0.243688
0 0.428797 0.328609 0.425844 0.358641 0.431516 0.376453 0.447703 0.420984 0.455797 0.449313 0.448516 0.473609 0.403172 0.467938 0.393453 0.411266 0.373219 0.366750 0.378891 0.308453 0.371594 0.284172 0.361078 0.263922 0.359453 0.231547 0.369172 0.216969 0.391031 0.225062 0.401547 0.246922 0.413703 0.279312 0.427469 0.314125
0 0.276062 0.227500 0.262313 0.275266 0.262313 0.307641 0.263922 0.331937 0.292266 0.334359 0.328688 0.344078 0.352984 0.366750 0.343266 0.382938 0.314922 0.386984 0.292266 0.388594 0.258250 0.382938 0.231547 0.370797 0.215922 0.344687 0.216969 0.300359 0.227500 0.249359 0.241250 0.215344 0.276062 0.208875
0 0.324641 0.659812 0.332734 0.620141 0.350547 0.595859 0.385359 0.587766 0.399125 0.593422 0.413703 0.559422 0.437984 0.603141 0.450125 0.623375 0.476938 0.624375 0.498984 0.598531 0.448516 0.565094 0.409656 0.536750 0.383453 0.529672 0.323031 0.542422 0.294687 0.582906 0.276062 0.619328 0.275594 0.644625 0.279516 0.663469 0.295219 0.681531 0.312500 0.676031
0 0.514891 0.515797 0.514891 0.544141 0.540797 0.560328 0.571562 0.570844 0.589375 0.598375 0.607078 0.625719 0.636328 0.627516 0.690578 0.629141 0.741578 0.625094 0.725391 0.607281 0.668000 0.597766 0.652234 0.601344 0.625000 0.569562 0.595859 0.530375 0.571562 0.510125 0.545656 0.503656 0.525422 0.507703
0 0.642016 0.529859 0.702719 0.541969 0.743203 0.533875 0.787734 0.519297 0.854922 0.511203 0.849250 0.477203 0.849250 0.461016 0.820922 0.470734 0.778016 0.474781 0.741578 0.482875 0.683297 0.484484 0.648484 0.478828 0.622484 0.492688 0.621766 0.511203
0 0.654141 0.278500 0.706766 0.331125 0.763437 0.351359 0.825781 0.357031 0.850062 0.344891 0.834688 0.323031 0.820109 0.304406 0.773969 0.302781 0.720828 0.272797 0.686531 0.229109 0.660625 0.233156 0.648484 0.255828
0 0.837922 0.318172 0.884875 0.358641 0.917266 0.403984 0.911594 0.446078 0.897016 0.463891 0.897016 0.484125 0.892969 0.490609 0.902688 0.508422 0.922922 0.514891 0.953688 0.498703 0.973938 0.452562 0.972312 0.399938 0.937500 0.331125 0.884875 0.292266 0.830641 0.284172 0.802297 0.296312
0 0.731062 0.166781 0.783672 0.197531 0.833875 0.257453 0.892969 0.288219 0.918875 0.284172 0.935078 0.274453 0.929406 0.250156 0.892969 0.219391 0.848453 0.199156 0.779625 0.142484 0.755344 0.134391 0.729437 0.126297 0.709203 0.142484 0.716484 0.160297
0 0.935078 0.270406 0.975547 0.300359 0.994172 0.314922 0.994172 0.354594 0.988500 0.369172 0.960172 0.355406 0.941547 0.339219 0.919687 0.314922 0.884875 0.294687 0.913219 0.292266 0.929406 0.278500
0 0.396359 0.596328 0.391031 0.620141 0.378891 0.670344 0.369172 0.693000 0.361078 0.701094 0.332562 0.705281 0.308453 0.713250 0.296312 0.733484 0.315359 0.760469 0.340031 0.764250 0.407219 0.733484 0.419359 0.699484 0.443656 0.664672 0.437984 0.616094 0.431516 0.595859 0.418578 0.575547 0.409984 0.571250 0.407109 0.586297
0 0.705156 0.753719 0.773156 0.764250 0.860594 0.768297 0.929406 0.754531 0.971500 0.750484 0.982031 0.715672 0.933453 0.710000 0.864641 0.707578 0.798250 0.701906 0.733484 0.697859 0.697047 0.701094 0.694625 0.727812
0 0.591000 0.892156 0.621766 0.884062 0.643625 0.871922 0.712437 0.881641 0.769922 0.889734 0.803922 0.873547 0.840344 0.863828 0.862203 0.855734 0.850875 0.833062 0.824156 0.822531 0.790156 0.833062 0.743203 0.846828 0.709203 0.833062 0.674391 0.823344 0.603953 0.819297 0.559422 0.841156 0.544844 0.863016 0.562656 0.879203
0 0.617719 0.794203 0.571562 0.822531 0.518938 0.858969 0.455797 0.909969 0.409656 0.962594 0.385359 0.948828 0.386984 0.918062 0.435562 0.863828 0.520563 0.788531 0.575609 0.752109 0.603141 0.749672 0.611234 0.772344 0.611234 0.788531
0 0.783672 0.691391 0.731062 0.677625 0.691656 0.678750 0.672312 0.685922 0.666281 0.699484 0.671953 0.727812 0.698672 0.749672 0.690578 0.773969 0.672766 0.786109 0.654141 0.792578 0.628234 0.758578 0.613672 0.711625 0.613672 0.671141 0.642000 0.637141 0.696250 0.622578 0.748859 0.629047 0.781250 0.656578
0 0.791781 0.680859 0.854109 0.679250 0.965828 0.703531 0.998437 0.708953 0.998437 0.659430 0.935875 0.646859 0.863016 0.634719 0.791781 0.632281 0.761813 0.636328 0.787734 0.668719
0 0.773969 0.636328 0.821734 0.625000 0.860594 0.629047 0.909172 0.630672 0.949641 0.634719 0.998219 0.638766 0.998437 0.638867 0.998437 0.596328 0.980406 0.595859 0.949641 0.592609 0.891359 0.584516 0.816062 0.578047 0.773969 0.582094 0.747250 0.590188 0.745625 0.612047 0.759391 0.632281
0 0.910781 0.395891 0.898641 0.450938 0.902688 0.502750 0.921312 0.553750 0.918141 0.582719 0.903813 0.584859 0.887328 0.574109 0.866547 0.536844 0.848453 0.476844 0.858156 0.428266 0.858156 0.386172 0.862906 0.357250 0.876250 0.360391 0.906734 0.386172
0 0.243281 0.603250 0.247891 0.662578 0.282828 0.696203 0.281516 0.728500 0.269641 0.730484 0.248547 0.714000 0.228766 0.690922 0.215578 0.671156 0.207016 0.636859 0.213563 0.596734 0.215141 0.573969 0.242266 0.560500 0.253172 0.585438
0 0.292719 0.692906 0.289422 0.748281 0.303922 0.817516 0.312500 0.867609 0.319094 0.907172 0.305906 0.931563 0.292719 0.942781 0.268328 0.924969 0.256469 0.884094 0.256469 0.834656 0.248547 0.783234 0.245250 0.742359 0.239984 0.706094 0.254484 0.723891 0.274266 0.735094 0.280859 0.730484 0.286125 0.697516
0 0.477328 0.754875 0.433625 0.792000 0.410687 0.829266 0.388313 0.915078 0.368531 0.961234 0.350734 0.964531 0.337547 0.951344 0.332281 0.915078 0.348766 0.851141 0.365250 0.799703 0.396000 0.765141 0.447656 0.722578 0.470734 0.727187 0.477328 0.748281
0 0.506081 0.998437 0.523469 0.987609 0.548516 0.961234 0.566328 0.982328 0.592018 0.998437 0.616640 0.998437 0.619062 0.999469 0.637531 0.994203 0.640828 0.973094 0.604938 0.937500 0.578188 0.908484 0.545234 0.906516 0.502375 0.926297 0.474688 0.957938 0.423266 0.997500 0.421312 0.998437
0 0.688768 0.998437 0.714000 0.987609 0.755531 0.995516 0.768587 0.998437 0.842652 0.998437 0.849156 0.996172 0.856406 0.969812 0.841250 0.959922 0.813562 0.957938 0.781906 0.951344 0.757516 0.944750 0.722578 0.938156 0.678406 0.944750 0.642141 0.969141 0.636859 0.988922 0.635547 0.994203 0.626321 0.998437
0 0.685000 0.931563 0.752234 0.936187 0.824766 0.934859 0.884094 0.931563 0.910266 0.900234 0.892344 0.880875 0.850781 0.886609 0.804984 0.883437 0.778609 0.890031 0.735766 0.885422 0.661922 0.878828 0.630281 0.882125 0.622844 0.905250 0.656641 0.923000
0 0.947281 0.832078 0.943984 0.868328 0.984859 0.884813 0.998437 0.892646 0.998437 0.944216 0.932766 0.914484 0.919578 0.894703 0.895844 0.850531 0.901125 0.817562 0.914312 0.804375 0.934094 0.802406 0.948594 0.813609
0 0.663703 0.558344 0.688078 0.577688 0.695953 0.592750 0.700266 0.597766 0.721047 0.601344 0.725344 0.592031 0.709578 0.580562 0.698828 0.565516 0.685922 0.551891 0.674453 0.544719
1 0.815250 0.947953 0.838125 0.947953 0.851203 0.949266 0.862313 0.940109 0.868859 0.948609 0.881938 0.961031 0.894344 0.959734 0.896969 0.948609 0.894344 0.936187 0.898281 0.924422 0.906766 0.915922 0.922469 0.910703 0.935531 0.911344 0.927687 0.904156 0.908078 0.878000 0.903500 0.866891 0.894344 0.847937 0.881281 0.857734 0.866234 0.861656 0.848594 0.866891 0.828969 0.867547 0.802828 0.880625 0.826359 0.883891 0.844672 0.882578 0.855125 0.887813 0.875391 0.884547 0.885859 0.878000 0.900891 0.883234 0.912656 0.891078 0.919844 0.901547 0.906766 0.911344 0.891078 0.926391 0.885859 0.931609 0.870156 0.935531 0.854469 0.935531 0.840750 0.936844 0.827672 0.940109
0 0.359922 0.284062 0.344047 0.349344 0.298172 0.446375 0.252297 0.509891 0.234656 0.545188 0.199375 0.522250 0.224078 0.456969 0.291109 0.344047 0.319344 0.278766
0 0.481672 0.149969 0.522250 0.134094 0.606938 0.114688 0.689859 0.111156 0.742781 0.109391 0.702203 0.070578 0.569875 0.081156 0.471078 0.082922 0.441078 0.111156 0.458734 0.155266
0 0.492250 0.702203 0.522250 0.649281 0.615750 0.578703 0.656328 0.561063 0.629875 0.516953 0.591047 0.522250 0.488719 0.599875 0.451672 0.672219 0.469313 0.698672
0 0.458734 0.832172 0.504312 0.796891 0.605750 0.755719 0.641047 0.732203 0.702797 0.688094 0.685156 0.679266 0.585172 0.711609 0.514594 0.766016 0.438141 0.816000 0.445500 0.830703
0 0.703969 0.374047 0.744547 0.453437 0.788656 0.508125 0.846875 0.522250 0.935094 0.499312 0.936859 0.524016 0.834531 0.564594 0.730438 0.536359 0.679266 0.444609 0.658094 0.377562