0 0.998437 0.840370 0.993500 0.828531 0.979547 0.809359 0.955734 0.782641 0.934828 0.766375 0.907531 0.761156 0.898813 0.786703 0.906953 0.808203 0.930187 0.827953 0.962703 0.868609 0.969672 0.894750 0.973750 0.919141 0.981875 0.954578 0.987687 0.976656 0.994656 0.993500 0.997742 0.998437
0 0.998437 0.412796 0.994656 0.413797 0.977234 0.424844 0.957484 0.437609 0.946438 0.462016 0.926109 0.489312 0.900562 0.495125 0.884297 0.478859 0.881969 0.453297 0.914500 0.412641 0.927859 0.388828 0.951094 0.375469 0.998437 0.366471
0 0.384391 0.515563 0.411391 0.552859 0.428109 0.595297 0.447406 0.634516 0.484047 0.705891 0.519422 0.741250 0.548359 0.784984 0.584359 0.769547 0.574719 0.736750 0.557359 0.712313 0.540641 0.682734 0.527141 0.664094 0.503344 0.622938 0.493703 0.586938 0.485984 0.563781 0.451906 0.533563 0.431328 0.505922 0.414609 0.478266 0.397250 0.469266 0.380531 0.473766 0.379250 0.488547 0.379250 0.503984 0.379250 0.523281
0 0.619734 0.406891 0.614578 0.436469 0.602359 0.471844 0.597859 0.516203 0.591437 0.552859 0.585641 0.591437 0.579219 0.623578 0.577937 0.660875 0.577937 0.693672 0.580500 0.716172 0.594656 0.732250 0.605578 0.729688 0.626797 0.727109 0.625516 0.702672 0.619078 0.675672 0.617797 0.650594 0.632594 0.613297 0.639016 0.595938 0.647375 0.550922 0.654453 0.526484 0.658953 0.492406 0.663453 0.451906 0.675672 0.419109 0.680813 0.398531 0.682094 0.368313 0.668594 0.360594 0.638375 0.372172 0.633875 0.381812 0.627437 0.396609
0 0.662813 0.957953 0.625516 0.912937 0.589500 0.871141 0.575359 0.852500 0.562500 0.837063 0.542563 0.813922 0.521344 0.797203 0.502063 0.772766 0.491125 0.764406 0.473125 0.752828 0.451266 0.740609 0.427469 0.725187 0.406250 0.721328 0.401750 0.743828 0.415891 0.762469 0.458328 0.808125 0.486625 0.845422 0.504625 0.867922 0.525844 0.890438 0.547703 0.903297 0.570859 0.936734 0.582437 0.951516 0.639656 0.996531 0.643516 0.992672 0.658312 0.984953 0.669875 0.972094
0 0.316875 0.858922 0.335516 0.905219 0.346453 0.943156 0.349672 0.985594 0.348263 0.998437 0.282502 0.998437 0.282156 0.979172 0.275719 0.950875 0.271859 0.911656 0.273797 0.862781 0.281500 0.835141 0.290516 0.826125 0.300156 0.834484 0.309156 0.853781
0 0.059443 0.000000 0.068672 0.007594 0.098250 0.037172 0.121406 0.065453 0.141328 0.096328 0.140687 0.117547 0.118187 0.131687 0.094391 0.130406 0.078953 0.109187 0.069313 0.091172 0.053891 0.069313 0.026875 0.051313 0.001797 0.033313 0.000000 0.032044
0 0.353469 0.238891 0.345141 0.263188 0.340969 0.281938 0.326391 0.307641 0.311812 0.350000 0.280562 0.400688 0.223609 0.439578 0.203469 0.462500 0.184719 0.482641 0.198609 0.508328 0.222922 0.515969 0.259719 0.492359 0.286812 0.467359 0.354859 0.404172 0.369438 0.355562 0.388188 0.318750 0.409719 0.286109 0.413188 0.259719 0.413188 0.231250 0.398609 0.214578 0.381250 0.220828 0.363188 0.237500
0 0.293969 0.293969 0.346531 0.244438 0.379859 0.218750 0.403469 0.202781 0.438188 0.177078 0.450688 0.162500 0.465281 0.136812 0.477781 0.125000 0.504172 0.113891 0.527781 0.107641 0.520828 0.082641 0.494438 0.062500 0.472922 0.079859 0.424312 0.113891 0.405562 0.132641 0.364578 0.168062 0.333328 0.206938 0.274312 0.236109 0.262156 0.253750 0.225672 0.280875 0.245328 0.295844 0.277141 0.292109
0 0.450909 0.000000 0.445141 0.011109 0.430562 0.037500 0.416672 0.067359 0.402078 0.105562 0.392359 0.124312 0.385422 0.143062 0.370828 0.162500 0.350000 0.175000 0.333328 0.168750 0.327078 0.152078 0.334031 0.129172 0.343062 0.100688 0.354172 0.070828 0.368750 0.045141 0.393609 0.000000
0 0.325000 0.173609 0.280562 0.195828 0.225000 0.216672 0.190969 0.223609 0.162500 0.218062 0.132641 0.216672 0.128469 0.234031 0.133328 0.252078 0.162500 0.261109 0.193750 0.272922 0.227781 0.265969 0.262156 0.247188 0.295141 0.220828 0.327781 0.206938 0.340969 0.191672 0.345828 0.179859 0.340969 0.177781
0 0.057641 0.731250 0.078469 0.760422 0.097219 0.783328 0.113891 0.807641 0.121531 0.829859 0.128469 0.850000 0.153469 0.885422 0.169438 0.927781 0.213188 0.976391 0.243062 0.950000 0.225000 0.923609 0.220141 0.909031 0.206250 0.888188 0.199312 0.859719 0.180562 0.818750 0.159031 0.786812 0.144438 0.755562 0.122922 0.725688 0.098609 0.710422 0.070141 0.711109 0.061109 0.721531
0 0.127781 0.893062 0.123609 0.932641 0.116672 0.957641 0.107641 0.996531 0.106897 0.998437 0.171124 0.998437 0.172922 0.993062 0.175688 0.965969 0.179172 0.955562 0.176391 0.937500 0.165281 0.915281 0.156938 0.900688 0.150000 0.888891 0.146531 0.883328
0 0.405562 0.737500 0.379172 0.714578 0.360422 0.704172 0.340969 0.684031 0.315969 0.659719 0.307641 0.639578 0.300688 0.611812 0.293750 0.590969 0.287500 0.572922 0.269531 0.533719 0.248609 0.518750 0.234719 0.513188 0.223609 0.522922 0.215281 0.538188 0.215969 0.559031 0.220828 0.581250 0.224312 0.602781 0.229172 0.636109 0.237672 0.656047 0.258219 0.687906 0.288188 0.721531 0.317359 0.760422 0.384031 0.804172 0.418750 0.838891 0.443062 0.860422 0.466672 0.857641 0.474312 0.838188 0.474312 0.829859 0.468750 0.818062 0.456938 0.805562 0.434719 0.785422 0.421531 0.759719 0.413188 0.749312 0.395141 0.741672
0 0.203469 0.608328 0.150688 0.643750 0.134031 0.668750 0.115969 0.685422 0.088891 0.701391 0.049312 0.718750 0.011109 0.730562 0.000000 0.731254 0.000000 0.665762 0.041672 0.656938 0.079859 0.624312 0.121531 0.602078 0.165969 0.569438 0.213188 0.556250 0.221531 0.568750 0.224312 0.589578 0.216672 0.602078
0 0.014578 0.237500 0.000000 0.240582 0.000000 0.302073 0.051391 0.299312 0.086109 0.304859 0.113188 0.316672 0.140281 0.327781 0.170141 0.330562 0.200000 0.333328 0.232641 0.307641 0.238188 0.299312 0.233328 0.290281 0.163891 0.277078 0.111812 0.256250 0.063188 0.229859 0.031938 0.233328
0 0.083328 0.395828 0.061109 0.395828 0.027078 0.410422 0.000688 0.422922 0.000000 0.423463 0.000000 0.362447 0.042359 0.352781 0.075688 0.347219 0.115969 0.351391 0.140969 0.364578 0.115281 0.384031 0.102078 0.395828
0 0.181250 0.413188 0.148609 0.431938 0.127078 0.440969 0.105562 0.460422 0.098609 0.477078 0.079859 0.497922 0.061812 0.525000 0.052078 0.545141 0.035422 0.568750 0.011109 0.589578 0.000000 0.595327 0.000000 0.524132 0.003469 0.519438 0.009031 0.501391 0.038891 0.467359 0.050688 0.447219 0.074312 0.422922 0.096531 0.395828 0.124312 0.379859 0.168750 0.366672 0.186109 0.383328 0.181938 0.398609
0 0.761734 0.202047 0.703875 0.185516 0.679891 0.181375 0.654266 0.184688 0.631938 0.202047 0.650125 0.217766 0.685687 0.242563 0.711313 0.253312 0.735281 0.257437 0.770828 0.265703 0.808031 0.273141 0.825391 0.275625 0.860953 0.284719 0.920469 0.298781 0.946922 0.293812 0.955187 0.280594 0.949406 0.250828 0.915516 0.235953 0.895672 0.236766 0.869219 0.234297 0.831188 0.221063 0.812172 0.218578 0.790672 0.212797
0 0.742719 0.357469 0.784062 0.389719 0.831188 0.431047 0.848547 0.453375 0.879141 0.488922 0.892359 0.497188 0.926250 0.506281 0.946094 0.501328 0.977516 0.521156 0.992391 0.536875 0.998437 0.556931 0.998437 0.578863 0.995703 0.583172 0.968422 0.584000 0.950234 0.575734 0.920469 0.555891 0.908063 0.544312 0.882437 0.531906 0.859297 0.521984 0.838625 0.508766 0.822922 0.502156 0.787375 0.484781 0.772484 0.468250 0.757609 0.454203 0.741078 0.436844 0.719578 0.416172 0.703875 0.396328 0.697250 0.378141 0.687328 0.357469 0.685687 0.342594 0.717094 0.341766
0 0.698078 0.684031 0.728672 0.702219 0.762562 0.730328 0.776625 0.753469 0.796469 0.794813 0.836969 0.832016 0.861766 0.856812 0.877484 0.893188 0.897328 0.914688 0.930516 0.912000 0.931531 0.862672 0.910547 0.841109 0.894844 0.825391 0.876656 0.785719 0.862594 0.765875 0.840281 0.733625 0.819609 0.713797 0.793984 0.688984 0.771656 0.675766 0.751813 0.659219 0.731984 0.641859 0.702219 0.632766 0.693125 0.635250 0.692297 0.655922 0.692297 0.673281
0 0.684031 0.677406 0.698906 0.718750 0.710484 0.761734 0.740250 0.799766 0.756781 0.826219 0.774141 0.860125 0.789016 0.885750 0.802250 0.909719 0.820437 0.933703 0.830359 0.961812 0.832844 0.997359 0.823780 0.998437 0.809795 0.998437 0.771656 0.962625 0.760094 0.948578 0.734453 0.922953 0.721234 0.902281 0.705516 0.876656 0.688938 0.838000 0.670437 0.800984 0.652609 0.757609 0.649312 0.735281 0.622844 0.684859 0.623672 0.649312 0.634422 0.637734 0.658406 0.648484 0.668313 0.660047 0.677406 0.669969
0 0.531306 0.000000 0.511719 0.010156 0.472656 0.036719 0.431250 0.068750 0.410938 0.082031 0.408125 0.098422 0.402500 0.111531 0.378906 0.143750 0.413281 0.116406 0.476562 0.080469 0.492969 0.065625 0.532687 0.060859 0.568672 0.039266 0.609375 0.010156 0.625093 0.000000
0 0.057891 0.555672 0.080094 0.563359 0.089484 0.555672 0.087766 0.545422 0.104000 0.528344 0.111688 0.520656 0.126203 0.519812 0.135594 0.520656 0.134734 0.501031 0.138156 0.492484 0.150109 0.496750 0.161203 0.487359 0.162906 0.474563 0.174859 0.472844 0.184250 0.448938 0.192797 0.425031 0.215844 0.400266 0.235484 0.381484 0.259391 0.355016 0.283297 0.336234 0.290984 0.325984 0.302937 0.321719 0.303797 0.310625 0.294406 0.298672 0.276469 0.293547 0.251703 0.297813 0.244875 0.300375 0.231219 0.311469 0.199625 0.341359 0.191938 0.359297 0.185109 0.372094 0.185109 0.393437 0.183406 0.405391 0.174859 0.416500 0.159500 0.428453 0.144125 0.439547 0.126203 0.448938 0.110828 0.460891 0.095453 0.478828 0.081797 0.495047 0.066422 0.515547 0.059594 0.524938 0.055328 0.540297
1 0.022641 0.580281 0.007672 0.604609 0.003000 0.618641 0.016094 0.652328 0.034812 0.645766 0.061937 0.634547 0.090000 0.611156 0.109656 0.595250 0.173281 0.553141 0.190125 0.514781 0.184500 0.476422 0.214453 0.461453 0.233156 0.439937 0.238766 0.423094 0.259359 0.406250 0.267781 0.395953 0.277141 0.380984 0.287422 0.370703 0.299594 0.354797 0.310812 0.343562 0.322047 0.323922 0.330469 0.305203 0.341687 0.256547 0.322984 0.274328 0.316422 0.299594 0.305203 0.320172 0.293969 0.330469 0.283687 0.344500 0.267781 0.356656 0.250938 0.371625 0.237844 0.380047 0.225672 0.395016 0.223797 0.413734 0.209766 0.419344 0.204156 0.436187 0.189188 0.440875 0.180766 0.459578 0.171406 0.467062 0.163922 0.477359 0.156438 0.500750 0.145203 0.494203 0.137719 0.510109 0.139594 0.523203 0.131172 0.520391 0.108719 0.532563 0.097500 0.546594 0.092812 0.567172 0.074109 0.566250 0.049781 0.558750 0.046969 0.566250 0.047906 0.584016 0.033875 0.583078
1 0.396047 0.209859 0.418500 0.209859 0.428797 0.205188 0.425062 0.189281 0.450313 0.179922 0.448453 0.165891 0.474641 0.154656 0.478391 0.135953 0.492422 0.120047 0.519547 0.122844 0.534531 0.106938 0.528906 0.081672 0.535453 0.061094 0.559781 0.043313 0.586922 0.039578 0.612187 0.019922 0.640263 0.000000 0.712130 0.000000 0.705750 0.013375 0.687031 0.039578 0.652406 0.077937 0.617797 0.117234 0.572891 0.162141 0.540141 0.195828 0.527031 0.234187 0.508328 0.261313 0.455000 0.266938 0.407281 0.317453 0.383891 0.342719 0.410078 0.300609 0.414766 0.266000 0.420375 0.246344 0.416641 0.230438 0.405406 0.219219
1 0.070359 0.753375 0.095625 0.786109 0.119016 0.831969 0.138656 0.864703 0.144281 0.881547 0.134922 0.903063 0.131172 0.918031 0.121813 0.953594 0.112469 0.980719 0.105906 0.994766 0.104984 0.967625 0.106844 0.938625 0.097500 0.909625 0.093750 0.861906 0.088141 0.813250
1 0.102172 0.708453 0.119953 0.743078 0.136781 0.748688 0.142406 0.764594 0.152688 0.782375 0.177953 0.810438 0.191984 0.805766 0.195734 0.777688 0.178891 0.741203 0.168594 0.709391 0.162047 0.693484 0.145203 0.678516 0.133984 0.666359 0.120891 0.677578 0.104047 0.696297
0 0.258072 0.998437 0.272922 0.983031 0.359797 0.969813 0.463672 0.950922 0.461781 0.909375 0.401344 0.896156 0.244594 0.962250 0.187984 0.998437
0 0.894641 0.416453 0.921844 0.398312 0.899172 0.325797 0.905969 0.196625 0.946766 0.142219 0.987562 0.096906 0.987562 0.060641 0.919578 0.062906 0.874250 0.133156 0.858391 0.194344 0.856109 0.319000 0.862922 0.402859