0 0.294953 0.147266 0.290672 0.177219 0.279969 0.196484 0.262844 0.197563 0.245719 0.182578 0.226453 0.162250 0.212547 0.122641 0.215750 0.076625 0.217891 0.037031 0.228594 0.007062 0.229444 0.000000 0.307393 0.000000 0.300297 0.026328 0.293875 0.031672 0.293875 0.047734 0.293875 0.068062 0.285313 0.065922 0.287453 0.081984 0.292812 0.096953 0.282109 0.110875 0.283172 0.124781
0 0.000000 0.154984 0.024188 0.164391 0.057359 0.170813 0.107656 0.175078 0.135484 0.176156 0.161172 0.179359 0.189000 0.187922 0.196484 0.208266 0.193281 0.231813 0.181500 0.241437 0.159031 0.242516 0.134422 0.248938 0.098031 0.247859 0.033812 0.244656 0.000000 0.238859
0 0.000000 0.474820 0.012422 0.484375 0.031672 0.514344 0.054156 0.549656 0.068062 0.564641 0.101234 0.571063 0.113016 0.581766 0.120500 0.606375 0.121578 0.628859 0.146187 0.650250 0.172937 0.662031 0.199703 0.686641 0.236094 0.696281 0.253203 0.680219 0.253203 0.650250 0.239297 0.638484 0.220031 0.622437 0.193281 0.592469 0.165453 0.559297 0.137625 0.535750 0.110875 0.507922 0.091609 0.475812 0.079844 0.452266 0.061641 0.426578 0.037031 0.400906 0.029531 0.395547 0.000000 0.378239
0 0.293875 0.582828 0.270328 0.579625 0.253203 0.586047 0.241437 0.606375 0.241437 0.633141 0.251062 0.655609 0.257484 0.678078 0.257484 0.699484 0.258563 0.742297 0.250000 0.759422 0.238234 0.778687 0.223250 0.802219 0.209328 0.832187 0.203984 0.853594 0.214687 0.903891 0.224312 0.942422 0.224312 0.958469 0.218969 0.974531 0.232875 0.995938 0.241403 0.998437 0.281157 0.998437 0.294953 0.993797 0.302437 0.972391 0.305656 0.948844 0.290672 0.894266 0.286391 0.863234 0.284250 0.832187 0.300297 0.799016 0.309938 0.777609 0.321703 0.747641 0.330266 0.713406 0.337750 0.689859 0.327063 0.697344 0.319562 0.696281 0.315281 0.672734 0.316359 0.650250 0.308859 0.644906 0.302437 0.626719 0.302437 0.612797 0.313141 0.608516 0.312078 0.592469 0.303516 0.589250
0 0.390203 0.566781 0.375219 0.547516 0.353813 0.548594 0.329187 0.574266 0.350594 0.594609 0.352734 0.612797 0.351672 0.623500 0.350594 0.635281 0.361297 0.650250 0.361297 0.666313 0.354875 0.674875 0.366656 0.694141 0.370937 0.706984 0.364516 0.709125 0.366656 0.727313 0.373078 0.740156 0.362375 0.749781 0.367719 0.764766 0.379500 0.771187 0.381641 0.781891 0.366656 0.784031 0.365578 0.797938 0.382703 0.816141 0.386984 0.839688 0.386984 0.870719 0.384844 0.899609 0.382703 0.942422 0.382703 0.955266 0.396625 0.970250 0.414813 0.980953 0.423375 0.972391 0.443703 0.964891 0.451203 0.942422 0.456547 0.880344 0.444781 0.842891 0.449062 0.817203 0.446922 0.781891 0.451203 0.759422 0.447984 0.729453 0.440500 0.711266 0.428719 0.688781 0.423375 0.662031 0.419094 0.623500 0.414813 0.603172 0.408391 0.581766
0 0.547516 0.693062 0.527187 0.681297 0.503641 0.653469 0.483313 0.634203 0.459766 0.623500 0.434078 0.618156 0.420156 0.620297 0.416953 0.656672 0.437281 0.686641 0.450125 0.706984 0.474750 0.727313 0.495078 0.751922 0.519688 0.777609 0.535750 0.790453 0.551797 0.804359 0.560359 0.826844 0.560359 0.848250 0.558219 0.865375 0.596750 0.893188 0.616016 0.902828 0.625641 0.897469 0.634203 0.888906 0.637422 0.865375 0.627781 0.832187 0.620297 0.807578 0.607453 0.775469 0.599953 0.754062 0.580688 0.743359 0.574266 0.730516 0.558219 0.715547
0 0.381703 0.000000 0.307140 0.000000 0.307797 0.009203 0.311000 0.029531 0.321703 0.055219 0.333469 0.072344 0.337750 0.085187 0.338828 0.101234 0.338828 0.123719 0.338828 0.139766 0.337750 0.156891 0.336688 0.179359 0.335609 0.192203 0.331328 0.202906 0.323844 0.229672 0.321703 0.244656 0.321703 0.259625 0.327063 0.283172 0.329187 0.299234 0.330266 0.315281 0.338828 0.330266 0.366656 0.299234 0.378422 0.277828 0.367719 0.239297 0.377359 0.200766 0.380562 0.180438 0.381641 0.157969 0.411594 0.154750 0.415875 0.146187 0.415875 0.109797 0.410531 0.079844 0.405188 0.060578 0.393406 0.031672 0.385922 0.004922
0 0.400331 0.000000 0.399828 0.013484 0.389125 0.020969 0.395547 0.035953 0.403047 0.054156 0.406250 0.064859 0.412672 0.080906 0.415875 0.093750 0.421234 0.119438 0.422297 0.131203 0.419094 0.151547 0.430859 0.140844 0.447984 0.114078 0.453344 0.102313 0.454406 0.074484 0.460828 0.033812 0.460828 0.018828 0.463726 0.000000
0 0.503422 0.000000 0.502563 0.001719 0.499359 0.017766 0.494000 0.042375 0.499359 0.058437 0.498281 0.103375 0.506844 0.115156 0.514344 0.115156 0.522906 0.050938 0.532531 0.018828 0.555016 0.011344 0.591391 0.030609 0.593531 0.006000 0.595220 0.000000
0 0.584969 0.050938 0.576406 0.028469 0.547516 0.009203 0.541094 0.026328 0.534672 0.035953 0.525047 0.055219 0.523969 0.077703 0.523969 0.100172 0.517547 0.120500 0.508984 0.146187 0.502563 0.161172 0.500422 0.178297 0.499359 0.196484 0.499359 0.214687 0.498281 0.246797 0.503641 0.269266 0.513266 0.309938 0.514344 0.329187 0.528250 0.358094 0.535750 0.380562 0.542172 0.409453 0.550734 0.423375 0.571063 0.450125 0.590328 0.461906 0.612797 0.474750 0.631000 0.474750 0.640625 0.454406 0.640625 0.443703 0.629922 0.412672 0.617078 0.390203 0.586047 0.318500 0.578547 0.304578 0.563562 0.282109 0.558219 0.245719 0.560359 0.211469 0.561438 0.195422 0.572125 0.156891 0.578547 0.138703 0.581766 0.119438 0.582828 0.090547
0 0.403047 0.150469 0.386984 0.159031 0.382703 0.179359 0.375219 0.203984 0.372000 0.227531 0.372000 0.242516 0.375219 0.255344 0.382703 0.278891 0.379500 0.299234 0.355953 0.320641 0.346312 0.329187 0.338828 0.338828 0.328125 0.363438 0.311000 0.406250 0.308859 0.423375 0.306719 0.440500 0.291734 0.457625 0.276750 0.474750 0.272469 0.487578 0.273547 0.505781 0.278891 0.528250 0.281031 0.540031 0.279969 0.574266 0.286391 0.580688 0.319562 0.575344 0.329187 0.559297 0.335609 0.545375 0.328125 0.536812 0.330266 0.517547 0.345250 0.495078 0.355953 0.476891 0.368797 0.456547 0.376281 0.430859 0.393406 0.399828 0.404109 0.380562 0.414813 0.360234 0.419094 0.339891 0.425516 0.325984 0.430859 0.316359 0.437281 0.298156 0.444781 0.271406 0.451203 0.244656 0.456547 0.229672 0.456547 0.211469 0.456547 0.195422 0.452266 0.176156
0 0.573203 0.168672 0.591391 0.157969 0.603172 0.155828 0.621359 0.155828 0.652391 0.162250 0.704844 0.193281 0.710187 0.212547 0.710187 0.237156 0.714469 0.255344 0.715547 0.270328 0.719813 0.282109 0.727313 0.298156 0.740156 0.319562 0.744438 0.396625 0.727313 0.409453 0.709125 0.415875 0.699484 0.414813 0.681297 0.396625 0.660953 0.368797 0.656672 0.350594 0.654531 0.323844 0.649188 0.302437 0.644906 0.276750 0.641688 0.250000 0.637422 0.228594 0.625641 0.224312 0.609594 0.226453 0.583906 0.228594 0.577484 0.228594 0.561438 0.229672 0.559297 0.211469 0.564641 0.179359
0 0.635281 0.540031 0.657750 0.571063 0.670594 0.593531 0.681297 0.609594 0.687719 0.634203 0.687719 0.645969 0.677016 0.652391 0.662031 0.652391 0.649188 0.648109 0.635281 0.642766 0.617078 0.625641 0.590328 0.608516 0.580688 0.581766 0.573203 0.561438 0.553937 0.526109 0.533609 0.502563 0.520766 0.491859 0.505781 0.481172 0.481172 0.467250 0.452266 0.451203 0.428719 0.426578 0.424437 0.365578 0.425516 0.345250 0.433000 0.323844 0.444781 0.301375 0.472609 0.288531 0.495078 0.302437 0.484375 0.323844 0.480094 0.350594 0.481172 0.373078 0.481172 0.393406 0.485437 0.408391 0.507922 0.413734 0.537891 0.426578 0.562500 0.445844 0.587109 0.469391 0.603172 0.491859 0.618156 0.512203
0 0.611173 0.998437 0.622437 0.975594 0.635281 0.953125 0.649188 0.941359 0.658813 0.925297 0.663094 0.898547 0.668453 0.873937 0.675937 0.817203 0.681297 0.789391 0.686641 0.759422 0.697344 0.723031 0.703766 0.685578 0.721953 0.669516 0.746578 0.680219 0.757281 0.694141 0.759422 0.715547 0.757281 0.742297 0.753000 0.761563 0.760484 0.773328 0.770125 0.770125 0.754062 0.797938 0.746578 0.803297 0.755141 0.809719 0.754062 0.832187 0.746578 0.838609 0.757281 0.841828 0.747641 0.854672 0.742297 0.866437 0.738016 0.888906 0.733734 0.902828 0.712328 0.946703 0.702703 0.962750 0.692000 0.993797 0.686357 0.998437
0 0.813588 0.998437 0.817203 0.993797 0.839688 0.970250 0.851453 0.948844 0.860016 0.928516 0.826844 0.910312 0.807578 0.917813 0.802219 0.934937 0.790453 0.949922 0.774406 0.961688 0.755141 0.975594 0.736938 0.989516 0.725541 0.998437
0 0.827906 0.995938 0.829649 0.998437 0.900257 0.998437 0.896406 0.988437 0.886766 0.961688 0.880344 0.941359 0.876063 0.912453 0.872859 0.881422 0.870719 0.856812 0.856812 0.812922 0.848250 0.785109 0.837547 0.758344 0.828984 0.740156 0.820422 0.728375 0.791531 0.728375 0.784031 0.741219 0.776547 0.766906 0.776547 0.779750 0.793672 0.827906 0.804359 0.853594 0.800078 0.884625 0.806500 0.907109 0.806500 0.917813 0.824703 0.915672 0.858953 0.926375 0.857875 0.942422 0.846109 0.957406 0.834328 0.978813
0 0.869656 0.455484 0.864297 0.422297 0.854672 0.409453 0.826844 0.382703 0.808641 0.372000 0.791531 0.374141 0.795812 0.409453 0.794734 0.427656 0.793672 0.449062 0.796875 0.474750 0.806500 0.487578 0.814000 0.515406 0.814000 0.534672 0.827906 0.568922 0.837547 0.586047 0.852531 0.607453 0.863234 0.629922 0.875000 0.647047 0.879281 0.653469 0.892125 0.672734 0.917813 0.706984 0.933859 0.735875 0.939219 0.747641 0.947781 0.762625 0.976672 0.762625 0.987375 0.751922 0.987375 0.739078 0.979875 0.719813 0.976672 0.705906 0.971313 0.693062 0.963828 0.667375 0.960609 0.653469 0.956328 0.643828 0.945641 0.628859 0.938141 0.618156 0.927437 0.596750 0.908172 0.566781 0.893188 0.535750 0.882484 0.512203 0.872859 0.481172
0 0.980953 0.842891 0.958469 0.817203 0.950984 0.800078 0.942422 0.776547 0.937078 0.757281 0.925297 0.727313 0.921016 0.713406 0.908172 0.693062 0.887844 0.670594 0.876063 0.656672 0.854672 0.653469 0.837547 0.655609 0.828984 0.667375 0.834328 0.697344 0.850391 0.726234 0.857875 0.743359 0.864297 0.761563 0.868578 0.780828 0.875000 0.805438 0.882484 0.828984 0.885703 0.838609 0.891047 0.853594 0.897469 0.866437 0.904969 0.879281 0.922094 0.899609 0.932797 0.910312 0.945641 0.927437 0.954188 0.940281 0.963828 0.952062 0.973453 0.960609 0.967031 0.941359 0.986297 0.954188 0.998437 0.966829 0.998437 0.868683 0.989516 0.858953
0 0.998437 0.520316 0.993797 0.512203 0.980953 0.492938 0.959547 0.471531 0.952062 0.459766 0.946703 0.447984 0.921016 0.439422 0.901750 0.434078 0.892125 0.443703 0.896406 0.459766 0.897469 0.472609 0.899609 0.490797 0.924234 0.526109 0.932797 0.538953 0.942422 0.552875 0.954188 0.571063 0.959547 0.587109 0.960609 0.604234 0.957406 0.618156 0.952062 0.633141 0.952062 0.643828 0.963828 0.669516 0.968109 0.681297 0.973453 0.697344 0.986297 0.726234 0.988437 0.735875 0.998078 0.754062 0.998437 0.757910
0 0.969970 0.000000 0.970250 0.002781 0.964891 0.020969 0.955266 0.028469 0.952062 0.041313 0.952062 0.052016 0.944562 0.064859 0.933859 0.076625 0.933859 0.083047 0.932797 0.099094 0.926375 0.105516 0.917813 0.118359 0.914594 0.130141 0.913531 0.140844 0.909250 0.156891 0.903891 0.174016 0.903891 0.187922 0.904969 0.199703 0.908172 0.212547 0.913531 0.224312 0.919953 0.236094 0.923156 0.244656 0.937078 0.239297 0.944562 0.240375 0.949922 0.231813 0.969172 0.213609 0.976672 0.197563 0.979875 0.177219 0.980953 0.165453 0.982016 0.151547 0.992719 0.129063 0.999141 0.110875 0.998437 0.109883
1 0.279000 0.861906 0.286484 0.875937 0.287422 0.890906 0.294906 0.901203 0.308016 0.905875 0.320172 0.904938 0.337953 0.906812 0.347312 0.917109 0.359469 0.904938 0.377250 0.893719 0.375375 0.878750 0.378187 0.852547 0.361344 0.832891 0.365078 0.816062 0.360406 0.789859 0.372563 0.775828 0.366953 0.764594 0.355719 0.754297 0.359469 0.736531 0.349172 0.718750 0.358531 0.700969 0.351984 0.685063 0.338891 0.665422 0.345438 0.653250 0.346375 0.641094 0.340750 0.622375 0.341687 0.596187 0.332328 0.580281 0.304266 0.575594 0.296781 0.578406 0.317359 0.593375 0.325781 0.607406 0.312688 0.626125 0.314563 0.648578 0.323922 0.663547 0.322047 0.681328 0.321109 0.696297 0.331406 0.688812 0.339828 0.695359 0.343562 0.712203 0.331406 0.724359 0.335141 0.759922 0.337016 0.774891 0.335141 0.787047 0.332328 0.797344 0.319234 0.795469 0.309875 0.802016 0.309875 0.812313 0.326719 0.816062 0.336078 0.823547 0.327656 0.836641 0.308938 0.833828 0.300531 0.842250 0.304266 0.858156
1 0.260297 0.281813 0.255609 0.291172 0.266844 0.308938 0.278063 0.318297 0.282750 0.339828 0.279937 0.362281 0.277141 0.377250 0.278063 0.395016 0.289297 0.399703 0.305203 0.396891 0.320172 0.382859 0.319234 0.368828 0.322984 0.349172 0.331406 0.310812 0.327656 0.293969 0.326719 0.265906 0.320172 0.244391 0.313625 0.261234 0.304266 0.274328 0.293969 0.278063 0.281813 0.271516 0.270578 0.271516
1 0.180766 0.108719 0.204156 0.092812 0.213516 0.067547 0.207891 0.050719 0.208828 0.031062 0.221937 0.011422 0.225672 0.000188 0.225566 0.000000 0.182525 0.000000 0.182641 0.000188 0.189188 0.014219 0.181703 0.025453 0.177016 0.039484 0.177953 0.054453 0.173281 0.072234 0.173281 0.088141 0.172344 0.101234
1 0.293031 0.154562 0.294906 0.121813 0.307078 0.107781 0.311750 0.085328 0.297719 0.082516 0.302391 0.068484 0.311750 0.050719 0.297719 0.041359 0.294906 0.020766 0.303328 0.014219 0.310812 0.028250 0.325781 0.069422 0.331406 0.080656 0.323922 0.104047 0.329531 0.114328 0.328594 0.141469 0.329531 0.162984 0.322047 0.188250 0.309875 0.159250
0 0.000000 0.414412 0.033062 0.385703 0.098609 0.335969 0.161906 0.322406 0.200344 0.238766 0.089578 0.274938 0.000000 0.310772