0 0.202891 0.271687 0.230875 0.276359 0.257703 0.288016 0.304344 0.300844 0.359141 0.300844 0.381297 0.283344 0.404625 0.274016 0.420937 0.258859 0.422109 0.239047 0.404625 0.225047 0.390625 0.216891 0.361469 0.215719 0.346312 0.221547 0.332328 0.230875 0.323000 0.237875 0.298500 0.237875 0.279844 0.237875 0.243703 0.236703 0.221547 0.235547 0.204062 0.235547 0.192391 0.247203 0.190062 0.257703
0 0.333484 0.406953 0.343984 0.415109 0.355641 0.415109 0.373141 0.408109 0.381297 0.392953 0.408109 0.378969 0.432609 0.361469 0.453594 0.353313 0.488578 0.353313 0.525891 0.352141 0.545703 0.350984 0.564359 0.346312 0.578359 0.335828 0.581859 0.328828 0.594688 0.316000 0.590016 0.304344 0.577187 0.292672 0.565531 0.288016 0.532875 0.288016 0.500234 0.288016 0.475750 0.290344 0.447766 0.299672 0.420937 0.309000 0.405781 0.319500 0.388297 0.326500 0.369641 0.335828 0.360312 0.352141 0.347484 0.367297 0.334656 0.380125
0 0.493234 0.228547 0.511891 0.212219 0.524719 0.208719 0.566703 0.208719 0.604016 0.207563 0.626172 0.207563 0.680969 0.205219 0.698453 0.206391 0.740437 0.207563 0.753266 0.207563 0.764922 0.216891 0.788250 0.233203 0.799906 0.243703 0.796406 0.258859 0.787078 0.271687 0.763766 0.274016 0.746266 0.274016 0.733437 0.269359 0.724109 0.260031 0.717125 0.247203 0.700797 0.243703 0.676312 0.248375 0.670469 0.263531 0.664641 0.276359 0.633156 0.275188 0.591187 0.274016 0.566703 0.264688 0.539875 0.255359 0.511891 0.261188 0.493234 0.246031
0 0.229031 0.488156 0.256219 0.469719 0.279500 0.460016 0.292125 0.452250 0.319297 0.452250 0.344531 0.458078 0.373641 0.459047 0.403734 0.442547 0.413438 0.425078 0.427984 0.408578 0.447406 0.389172 0.463891 0.373641 0.483312 0.363937 0.497859 0.362969 0.507562 0.362969 0.520188 0.367812 0.531828 0.372672 0.536687 0.384313 0.540562 0.398875 0.533766 0.410516 0.514359 0.415375 0.491078 0.419250 0.472625 0.435750 0.455156 0.465844 0.440609 0.487187 0.422172 0.516297 0.398875 0.530859 0.366844 0.529891 0.345500 0.516297 0.318328 0.511453 0.302797 0.511453 0.287266 0.511453 0.272703 0.523094 0.259125 0.532797 0.245531 0.534750 0.226125 0.524062 0.224187 0.507562
0 0.482344 0.454188 0.502719 0.443516 0.529891 0.445453 0.552219 0.435750 0.563859 0.421203 0.593938 0.362969 0.603656 0.337734 0.623062 0.325109 0.642469 0.316375 0.653141 0.315406 0.663812 0.316375 0.667703 0.329969 0.669641 0.339672 0.670609 0.348406 0.651203 0.368781 0.639563 0.381406 0.625969 0.411484 0.617234 0.436719 0.597828 0.459047 0.568719 0.468750 0.550266 0.483312 0.529891 0.483312 0.498828 0.480391 0.480391 0.474578 0.474578 0.464875
0 0.234859 0.576469 0.252328 0.561922 0.259125 0.553188 0.281438 0.552219 0.307641 0.557063 0.335797 0.556094 0.360047 0.554156 0.370734 0.548328 0.394016 0.546391 0.418281 0.545422 0.446422 0.544453 0.464875 0.543484 0.486219 0.540562 0.502719 0.535719 0.520188 0.535719 0.545422 0.542500 0.559000 0.559000 0.556094 0.574531 0.543484 0.592969 0.515328 0.601703 0.479422 0.613359 0.447406 0.613359 0.418281 0.614328 0.388203 0.614328 0.354234 0.612391 0.323172 0.610437 0.290172 0.607531 0.263000 0.604625 0.241656 0.599766 0.230984 0.592000
0 0.588125 0.483312 0.599766 0.466812 0.607531 0.454188 0.621125 0.440609 0.634703 0.428953 0.655078 0.416344 0.670609 0.401781 0.687109 0.393047 0.701672 0.390141 0.711375 0.392078 0.712344 0.404703 0.710406 0.426047 0.693906 0.447406 0.673531 0.464875 0.662844 0.475547 0.651203 0.495922 0.645375 0.509516 0.640531 0.532797 0.649266 0.557063 0.654109 0.571625 0.656062 0.590062 0.655078 0.607531 0.658000 0.625969 0.652172 0.638594 0.628875 0.639563 0.614328 0.632766 0.599766 0.613359 0.591031 0.597828 0.581328 0.574531 0.579391 0.546391 0.578422 0.518250 0.580359 0.500781 0.582297 0.491078
0 0.669641 0.285328 0.668672 0.311531 0.672547 0.329000 0.683234 0.348406 0.693906 0.365875 0.710406 0.384313 0.730781 0.392078 0.762813 0.395969 0.781250 0.404703 0.811328 0.422172 0.826859 0.436719 0.844328 0.447406 0.859859 0.451281 0.872484 0.450313 0.890922 0.439641 0.888969 0.427016 0.870531 0.410516 0.860828 0.395000 0.837531 0.373641 0.811328 0.358109 0.784156 0.345500 0.757953 0.339672 0.738547 0.330937 0.732719 0.313469 0.731750 0.294063 0.728844 0.280469 0.724969 0.269797 0.720109 0.262031 0.716234 0.256219 0.703609 0.243594 0.683234 0.247484 0.676438 0.256219 0.666734 0.267859
0 0.665766 0.564828 0.675469 0.555125 0.682266 0.538625 0.696812 0.529891 0.709438 0.521156 0.745344 0.510484 0.777375 0.509516 0.815219 0.509516 0.840453 0.509516 0.863750 0.508547 0.890922 0.501750 0.906438 0.492047 0.914203 0.479422 0.926828 0.475547 0.946234 0.479422 0.955937 0.484281 0.971469 0.497859 0.971469 0.520188 0.957875 0.538625 0.950109 0.531828 0.937500 0.525031 0.931672 0.532797 0.918094 0.538625 0.907422 0.549297 0.906438 0.563859 0.894797 0.570656 0.876359 0.566766 0.872484 0.573562 0.867625 0.581328 0.847250 0.587156 0.838516 0.580359 0.810359 0.580359 0.785125 0.578422 0.762813 0.575500 0.748250 0.575500 0.731750 0.585203 0.719141 0.592000 0.696812 0.597828 0.685172 0.602672 0.671578 0.608500 0.658969 0.601703 0.656062 0.583266 0.656062 0.570656
0 0.727875 0.606563 0.749219 0.625969 0.768641 0.642469 0.798719 0.653141 0.829781 0.661875 0.849187 0.669641 0.898687 0.685172 0.925859 0.684203 0.958844 0.678375 0.992812 0.677406 0.998437 0.674837 0.998437 0.623062 0.992812 0.623062 0.963703 0.624031 0.937500 0.627906 0.922937 0.628875 0.902562 0.627906 0.861797 0.618203 0.838516 0.609469 0.816188 0.598797 0.791922 0.593938 0.774453 0.591031 0.762813 0.586188 0.749219 0.583266 0.741453 0.592969
0 0.794844 0.278531 0.827828 0.302797 0.847250 0.314438 0.870531 0.327062 0.888969 0.335797 0.912266 0.342578 0.931672 0.352297 0.957875 0.358109 0.995734 0.362000 0.998437 0.362406 0.998437 0.297446 0.980203 0.296000 0.950109 0.289203 0.917125 0.276594 0.875391 0.247484 0.857922 0.233891 0.847250 0.222250 0.828797 0.212531 0.811328 0.204781 0.793859 0.197016 0.768641 0.200891 0.765719 0.212531 0.776391 0.218359 0.792891 0.233891 0.797750 0.240687 0.801625 0.250391 0.800656 0.261063 0.791922 0.268828
0 0.326094 0.938469 0.323172 0.955937 0.346469 0.971469 0.379469 0.977297 0.423141 0.977297 0.459047 0.967578 0.489125 0.956906 0.512422 0.946234 0.536687 0.938469 0.566766 0.926828 0.590062 0.919063 0.611406 0.917125 0.629859 0.904500 0.623062 0.886063 0.609469 0.855984 0.591031 0.856953 0.576469 0.871500 0.544453 0.880234 0.531828 0.880234 0.526016 0.870531 0.517281 0.871500 0.500781 0.888000 0.491078 0.896734 0.482344 0.887031 0.464875 0.898687 0.444484 0.906438 0.421203 0.912266 0.399844 0.912266 0.380437 0.912266 0.357141 0.912266 0.339672 0.918094 0.326094 0.928766
0 0.632766 0.775422 0.651203 0.799687 0.678375 0.824922 0.695844 0.845297 0.724969 0.850156 0.761844 0.841422 0.781250 0.840453 0.801625 0.837531 0.822016 0.850156 0.848219 0.859859 0.871500 0.873453 0.906438 0.874422 0.920031 0.870531 0.919063 0.843359 0.884125 0.818125 0.852094 0.808422 0.793859 0.801625 0.753109 0.801625 0.737578 0.797750 0.713313 0.774453 0.688078 0.752141 0.671578 0.729812 0.651203 0.730781 0.636641 0.745344 0.623062 0.759906
0 0.086375 0.638594 0.089281 0.661875 0.082500 0.681281 0.077641 0.701672 0.083469 0.733703 0.084437 0.753109 0.095109 0.781250 0.108703 0.805516 0.120344 0.826859 0.129078 0.846266 0.134906 0.854031 0.151391 0.863750 0.161109 0.867625 0.176625 0.865687 0.180516 0.854031 0.181484 0.839484 0.184391 0.827828 0.183422 0.818125 0.171781 0.805516 0.152375 0.784156 0.138781 0.749219 0.136844 0.730781 0.136844 0.710406 0.137813 0.691000 0.138781 0.668672 0.140719 0.650234 0.137813 0.633734 0.122281 0.625969 0.106750 0.622094 0.085406 0.625969
0 0.348406 0.770578 0.360047 0.756984 0.380437 0.756016 0.410516 0.774453 0.433812 0.789984 0.460984 0.795813 0.485250 0.797750 0.506594 0.783188 0.526984 0.764750 0.570656 0.747281 0.585203 0.746312 0.583266 0.759906 0.562891 0.777375 0.535719 0.810359 0.512422 0.833656 0.499812 0.852094 0.462922 0.858891 0.417312 0.855984 0.384313 0.842391 0.350344 0.816188 0.341609 0.794844
0 0.866656 0.126172 0.870531 0.109672 0.891891 0.098984 0.910328 0.101906 0.943328 0.124219 0.963703 0.157219 0.985047 0.165953 0.998437 0.168315 0.998437 0.219328 0.976313 0.219328 0.932641 0.205750 0.900625 0.175656 0.881219 0.165953 0.854031 0.143641
0 0.002906 0.568719 0.009703 0.604625 0.007766 0.636641 0.007766 0.651203 0.012609 0.663812 0.033000 0.641500 0.055313 0.651203 0.066969 0.627906 0.065016 0.607531 0.079578 0.603656 0.068906 0.593938 0.062109 0.584234 0.061141 0.574531 0.084437 0.577453 0.066969 0.559984 0.055313 0.553188 0.046578 0.538625 0.059203 0.534750 0.059203 0.525031 0.043672 0.516297 0.028141 0.498828 0.017469 0.488156 0.001937 0.487187
1 0.879203 0.566703 0.866375 0.579531 0.879203 0.606344 0.893188 0.609844 0.948000 0.588859 0.985313 0.595844 0.972484 0.581859 0.954984 0.565531 0.942172 0.532875 0.920016 0.548047 0.911844 0.563203