0 0.998437 0.000703 0.998437 0.035941 0.998578 0.044750 0.992891 0.085938 0.998437 0.129835 0.998437 0.166012 0.971594 0.197437 0.921875 0.151281 0.927563 0.043328 0.943188 0.000703
0 0.854406 0.022016 0.886359 0.089484 0.925422 0.153406 0.973016 0.222297 0.997875 0.277703 0.996453 0.313203 0.968047 0.364344 0.936078 0.378547 0.936078 0.343750 0.950281 0.318891 0.933234 0.259125 0.906063 0.203797 0.857953 0.159094 0.815344 0.071734 0.801141 0.052562 0.760656 0.068187 0.757109 0.027703 0.779828 0.002844 0.836641 0.000703
0 0.018469 0.178266 0.000000 0.178639 0.000000 0.243414 0.007812 0.243609 0.073547 0.241281 0.092688 0.231719 0.095875 0.211516 0.073547 0.206203 0.032094 0.223219
0 0.000000 0.776144 0.012781 0.781953 0.036219 0.801141 0.071734 0.870734 0.096594 0.936078 0.112219 0.987922 0.108964 0.998437 0.173581 0.998437 0.174719 0.948859 0.171172 0.909797 0.156953 0.941766 0.117891 0.940344 0.116484 0.902703 0.119313 0.852984 0.117891 0.810375 0.093047 0.759234 0.046875 0.727266 0.006391 0.701703 0.000000 0.706543
0 0.061078 0.492891 0.087359 0.533375 0.119313 0.573859 0.153406 0.639922 0.174719 0.712359 0.179688 0.799719 0.183234 0.852984 0.181813 0.884938 0.156953 0.943891 0.117891 0.934656 0.119313 0.883516 0.122875 0.821016 0.105109 0.725141 0.084516 0.659797 0.022016 0.549000 0.004266 0.521312 0.025563 0.514203 0.038359 0.494313 0.061078 0.485797
0 0.291906 0.288359 0.252844 0.290484 0.208812 0.290484 0.166188 0.304688 0.091625 0.322438 0.061078 0.348719 0.025563 0.386359 0.000000 0.414005 0.000000 0.338908 0.014922 0.326000 0.043328 0.292609 0.089484 0.267750 0.142750 0.253547 0.222297 0.240766 0.282672 0.239344 0.311797 0.267047 0.316766 0.294031 0.299000 0.299719
0 0.089500 0.208328 0.100125 0.234906 0.146312 0.214484 0.143703 0.250844 0.175594 0.228531 0.185156 0.243406 0.244688 0.231719 0.291906 0.237219 0.332391 0.256391 0.364344 0.286937 0.386359 0.316766 0.423297 0.323859 0.433953 0.297578 0.419750 0.250000 0.401984 0.223016 0.368609 0.203828 0.308234 0.186078 0.258516 0.173297 0.164062 0.162641 0.094812 0.157313 0.074625 0.139250 0.067172 0.155187 0.014922 0.181812 0.020453 0.190875 0.022875 0.207797 0.026781 0.224281 0.049109 0.216844 0.060797 0.216844
0 0.110797 0.317469 0.179688 0.333094 0.229406 0.331672 0.282672 0.328125 0.318187 0.329547 0.348719 0.333094 0.398438 0.347297 0.435375 0.362922 0.442469 0.377125 0.436078 0.405547 0.414766 0.409094 0.401984 0.409094 0.382812 0.400563 0.327422 0.386359 0.263500 0.381391 0.191047 0.372156 0.142750 0.370031 0.114344 0.370734 0.070312 0.357953 0.070312 0.342328 0.096594 0.318891 0.114344 0.310375
0 0.093047 0.009938 0.096594 0.000703 0.161937 0.001422 0.164062 0.014922 0.156953 0.063203 0.161937 0.091625 0.141328 0.120031 0.112922 0.118609 0.098719 0.090203 0.105109 0.054688 0.108672 0.033375 0.105828 0.013500
0 0.317469 0.701703 0.313922 0.743609 0.306813 0.789766 0.290484 0.828828 0.274859 0.882109 0.260656 0.905547 0.233672 0.941047 0.203828 0.932531 0.201703 0.914766 0.208812 0.879266 0.220875 0.847297 0.231531 0.818891 0.240766 0.776281 0.242188 0.731531 0.244313 0.701703 0.251422 0.664062 0.253547 0.621453 0.256391 0.585938 0.269172 0.582391 0.269172 0.617891 0.267750 0.646312 0.276281 0.671172 0.301141 0.683234
0 0.565344 0.529125 0.534094 0.550422 0.509234 0.564625 0.487922 0.590906 0.468047 0.619313 0.443187 0.646312 0.414766 0.669031 0.392047 0.686797 0.368609 0.693891 0.340203 0.696016 0.311797 0.694609 0.279828 0.678266 0.264203 0.649859 0.277703 0.634234 0.309656 0.627125 0.322438 0.621453 0.341625 0.612922 0.355828 0.609375 0.370031 0.600141 0.398438 0.580969 0.416188 0.561078 0.443187 0.531250 0.457391 0.518469 0.482250 0.499297 0.501422 0.486500 0.533375 0.482953 0.551141 0.487922 0.560375 0.504266
0 0.459516 0.687500 0.465906 0.742188 0.471594 0.777703 0.476562 0.811078 0.483672 0.843047 0.492891 0.882109 0.503547 0.921172 0.512078 0.938922 0.521312 0.960234 0.535516 0.992188 0.539813 0.998437 0.466499 0.998437 0.455969 0.969453 0.439625 0.930391 0.420453 0.886359 0.411219 0.848719 0.406250 0.777703 0.406250 0.730109 0.404125 0.685375 0.418328 0.669750 0.433953 0.664062 0.444609 0.664062
0 0.330969 0.000703 0.329547 0.042609 0.330969 0.063922 0.340203 0.080250 0.338781 0.098016 0.321016 0.108672 0.304688 0.115766 0.299719 0.105109 0.285516 0.078828 0.281953 0.050422 0.276281 0.005687 0.283375 0.002125
0 0.352984 0.093047 0.379266 0.085938 0.407672 0.083812 0.432531 0.080250 0.455250 0.066047 0.480109 0.050422 0.510656 0.036219 0.528406 0.025562 0.553266 0.012781 0.565344 0.005687 0.597297 0.000703 0.622156 0.007109 0.606531 0.024859 0.585234 0.046172 0.567469 0.062500 0.548297 0.080250 0.535516 0.090906 0.496453 0.120734 0.473719 0.129969 0.386359 0.145594 0.368609 0.145594 0.352984 0.142750 0.336641 0.128547 0.335234 0.114344 0.345172 0.100141
0 0.534094 0.107250 0.510656 0.122875 0.500000 0.137078 0.489344 0.147734 0.468047 0.163359 0.453828 0.169031 0.441766 0.170453 0.411219 0.165484 0.384938 0.160516 0.352984 0.139203 0.318891 0.133516 0.297578 0.122875 0.267750 0.121453 0.246453 0.133516 0.240766 0.152703 0.252844 0.156250 0.263500 0.169031 0.288359 0.181109 0.316766 0.183234 0.334516 0.193891 0.355828 0.202422 0.384234 0.215203 0.394891 0.220172 0.419750 0.223719 0.441047 0.227266 0.492891 0.213781 0.539062 0.186797 0.572438 0.158375 0.585234 0.144172 0.590203 0.117891 0.592328 0.093047 0.574578 0.085938 0.549719 0.095875
0 0.598016 0.039062 0.604406 0.085234 0.599437 0.117188 0.600859 0.145594 0.617188 0.154828 0.632812 0.149859 0.643469 0.128547 0.647016 0.107250 0.656250 0.073156 0.659797 0.030547 0.654828 0.002125 0.624297 0.000703
0 0.698859 0.108672 0.710938 0.177563 0.725141 0.195312 0.728687 0.245031 0.732250 0.286219 0.737922 0.344453 0.730828 0.365766 0.713062 0.369313 0.704547 0.341625 0.681109 0.299000 0.670453 0.249297 0.669031 0.208094 0.654828 0.167609 0.640625 0.133516 0.643469 0.117891 0.674000 0.090906
0 0.716625 0.094453 0.750000 0.124297 0.781953 0.165484 0.794750 0.211641 0.796172 0.236500 0.796172 0.266328 0.799719 0.296875 0.796875 0.325281 0.787641 0.376422 0.772016 0.406953 0.748578 0.426141 0.725859 0.454547 0.695312 0.467328 0.666906 0.423297 0.695312 0.394891 0.723719 0.364344 0.745031 0.328828 0.743609 0.284797 0.750000 0.249297 0.736500 0.188922 0.715203 0.160516 0.709516 0.125000
0 0.746453 0.424719 0.728687 0.447438 0.726562 0.468750 0.747875 0.493609 0.784797 0.514922 0.818891 0.514922 0.875703 0.515625 0.914766 0.520594 0.950281 0.532672 0.976562 0.527703 0.982250 0.502844 0.971594 0.485078 0.953828 0.455250 0.924000 0.451703 0.902703 0.448156 0.872156 0.451000 0.847297 0.456672 0.786938 0.453125 0.760656 0.433953 0.751422 0.430391
0 0.779828 0.678984 0.776281 0.740766 0.774859 0.797578 0.762078 0.859375 0.753547 0.893469 0.733672 0.933953 0.705250 0.975141 0.684404 0.998437 0.641224 0.998437 0.632812 0.978688 0.639203 0.957391 0.669750 0.918328 0.685375 0.884938 0.699578 0.831672 0.712359 0.764203 0.723016 0.703828 0.744312 0.661219 0.756391 0.639922 0.777703 0.655547 0.778922 0.665766
0 0.982250 0.888500 0.945312 0.948156 0.930953 0.998437 0.842396 0.998437 0.859375 0.955969 0.880688 0.925422 0.901984 0.884938 0.926844 0.850859 0.946734 0.836641 0.960938 0.836641 0.985797 0.849437 0.990766 0.893469
0 0.998437 0.745215 0.996328 0.755938 0.981500 0.770781 0.961422 0.799578 0.937844 0.821406 0.917766 0.840609 0.895953 0.858062 0.878484 0.866797 0.856672 0.875531 0.831328 0.852094 0.842000 0.822016 0.862781 0.808313 0.884609 0.789109 0.897703 0.776016 0.913406 0.751578 0.957500 0.696812 0.970141 0.646828 0.978875 0.611906 0.998078 0.605797 0.998437 0.605182
1 0.704656 0.466188 0.699531 0.495641 0.694422 0.528937 0.677766 0.552000 0.676484 0.599391 0.681609 0.672391 0.676484 0.723609 0.684172 0.810703 0.696984 0.842719 0.708500 0.794063 0.723875 0.719781 0.721313 0.687750 0.696984 0.659578 0.698266 0.614750 0.716187 0.568641 0.729000 0.554563 0.735406 0.534062 0.749484 0.508453 0.734125 0.491797 0.732844 0.476438
1 0.301234 0.823516 0.276891 0.881141 0.255125 0.922125 0.235906 0.947750 0.223109 0.991297 0.223109 0.998437 0.345389 0.998437 0.326844 0.900359 0.319156 0.867062 0.338375 0.835047 0.357578 0.819672 0.355016 0.801734 0.329406 0.794063 0.308906 0.797906
1 0.252125 0.399656 0.245750 0.532531 0.254250 0.584609 0.268062 0.595234 0.295703 0.583547 0.318031 0.594172 0.342469 0.603734 0.364797 0.563344 0.369047 0.530406 0.365859 0.518703 0.359484 0.503828 0.348859 0.481500 0.338219 0.454938 0.341406 0.436859 0.352047 0.421984 0.344594 0.404969 0.332906 0.393281 0.301016 0.403906 0.292516 0.395406 0.277641 0.406031 0.270203 0.396469
1 0.249125 0.291312 0.236766 0.321328 0.243828 0.324859 0.277359 0.321328 0.295906 0.325734 0.302078 0.323094 0.296781 0.312500 0.308266 0.304562 0.315328 0.287781 0.319734 0.274547 0.321500 0.257766 0.311797 0.251594 0.300313 0.242766 0.297672 0.254234 0.297672 0.272781 0.299437 0.286016 0.290609 0.294844 0.272953 0.294844 0.265891 0.291312
1 0.694562 0.079641 0.691531 0.101813 0.704641 0.130047 0.704641 0.161297 0.714719 0.205641 0.722781 0.246969 0.727828 0.276203 0.736891 0.318547 0.746969 0.283266 0.730844 0.265125 0.741937 0.254031 0.732859 0.228828 0.740922 0.214719 0.742938 0.189516 0.728828 0.178422 0.728828 0.154234 0.747984 0.137094 0.757062 0.129031 0.741937 0.116937 0.717734 0.103828
0 0.616609 0.850844 0.656797 0.957203 0.680804 0.998437 0.760260 0.998437 0.756063 0.983203 0.699328 0.886297 0.661516 0.801219
0 0.854844 0.266594 0.886047 0.337500 0.835000 0.487812 0.800969 0.598437 0.747078 0.660828 0.713047 0.666500 0.693188 0.623953 0.764094 0.496328 0.806641 0.343172 0.809469 0.266594
0 0.922922 0.209875 0.934266 0.317656 0.937094 0.428266 0.965469 0.536031 0.990984 0.584250 0.931422 0.598437 0.874703 0.448109 0.871875 0.266594 0.871875 0.201375
0 0.250750 0.266594 0.208203 0.425422 0.117453 0.547375 0.089094 0.510516 0.128797 0.419750 0.196859 0.275109