0 0.108844 0.000000 0.091297 0.042141 0.071984 0.082516 0.054422 0.122891 0.036875 0.166781 0.008781 0.175563 0.001750 0.156250 0.000000 0.094797 0.010531 0.077250 0.019312 0.049156 0.028094 0.024578 0.035109 0.001750
0 0.177313 0.001750 0.173812 0.021063 0.168547 0.045641 0.163266 0.068469 0.131672 0.093047 0.100063 0.119375 0.080766 0.136937 0.098312 0.154500 0.131672 0.135187 0.170297 0.114109 0.198391 0.089531 0.212438 0.057937 0.214188 0.033359 0.214188 0.003516
0 0.519656 0.000000 0.507375 0.007016 0.514391 0.029844 0.542484 0.033359 0.565312 0.031594 0.584625 0.021063 0.625000 0.003516 0.582859 0.000000
0 0.754922 0.000000 0.749656 0.045641 0.749656 0.086031 0.756672 0.147469 0.758422 0.184344 0.774234 0.221203 0.804078 0.231734 0.814609 0.191359 0.811094 0.122891 0.814609 0.080766 0.816359 0.059688 0.816359 0.015797 0.818125 0.000000 0.777734 0.003516
0 0.835672 0.000000 0.830406 0.014047 0.846203 0.029844 0.860250 0.042141 0.898875 0.010531 0.876047 0.003516
0 0.431875 0.502109 0.451187 0.461734 0.486313 0.423109 0.542484 0.368688 0.600422 0.312500 0.639047 0.279141 0.674156 0.258078 0.705766 0.231734 0.742625 0.215937 0.767203 0.222969 0.761937 0.259828 0.726828 0.294937 0.696984 0.317766 0.654844 0.352875 0.600422 0.407297 0.568813 0.445922 0.535469 0.481047 0.500344 0.512641 0.482797 0.528438 0.456453 0.516156
0 0.716297 0.396766 0.693469 0.384484 0.667141 0.417844 0.668891 0.479281 0.672406 0.521422 0.656594 0.549516 0.653094 0.586375 0.644313 0.628516 0.628516 0.714531 0.625000 0.756672 0.626750 0.793547 0.654844 0.819875 0.691719 0.823391 0.698734 0.777734 0.682937 0.728578 0.691719 0.668891 0.696984 0.623250 0.709266 0.570578 0.726828 0.533703 0.728578 0.495078 0.726828 0.454703 0.719797 0.438906 0.718047 0.424859
0 0.779500 0.409062 0.763687 0.405547 0.746141 0.410813 0.747891 0.454703 0.753156 0.498594 0.754922 0.546000 0.763687 0.607437 0.758422 0.654844 0.732094 0.693469 0.709266 0.733844 0.744375 0.753156 0.774234 0.726828 0.811094 0.667141 0.814609 0.600422 0.811094 0.533703 0.797047 0.474016 0.795297 0.437156
0 0.877812 0.500344 0.862016 0.496844 0.837438 0.509125 0.840938 0.554781 0.863766 0.635531 0.884828 0.688203 0.900625 0.744375 0.911172 0.795297 0.918187 0.835672 0.919937 0.891859 0.928719 0.912922 0.962078 0.914672 0.974375 0.846203 0.965594 0.753156 0.946281 0.688203 0.923453 0.630266 0.925203 0.575844 0.907656 0.531953 0.902391 0.509125
0 0.316016 0.235250 0.270359 0.237016 0.226469 0.247547 0.180828 0.280906 0.143953 0.312500 0.108844 0.358141 0.087781 0.398531 0.082516 0.452953 0.082516 0.495078 0.080766 0.538969 0.084266 0.572328 0.117625 0.574094 0.138688 0.560047 0.131672 0.495078 0.138688 0.440656 0.152734 0.387984 0.180828 0.351125 0.244031 0.310750 0.287922 0.287922 0.321281 0.275625
0 0.324797 0.496844 0.370438 0.503859 0.396766 0.547750 0.433641 0.595156 0.447687 0.653094 0.451187 0.716297 0.451187 0.768953 0.435391 0.807578 0.428375 0.846203 0.407297 0.881312 0.384484 0.912922 0.365172 0.925203 0.340594 0.907656 0.342344 0.872547 0.370438 0.811094 0.387984 0.730344 0.370438 0.637297 0.335328 0.563547 0.316016 0.535469 0.300203 0.505625
0 0.365172 0.668094 0.319516 0.696172 0.294937 0.736563 0.266859 0.775188 0.240516 0.806781 0.212438 0.833125 0.187844 0.843656 0.170297 0.866469 0.180828 0.903344 0.205406 0.915625 0.244031 0.877000 0.287922 0.826094 0.328297 0.782203 0.352875 0.745344 0.377453 0.703203
0 0.215937 0.547750 0.184344 0.572328 0.161516 0.621484 0.145719 0.667141 0.128156 0.735609 0.121141 0.798813 0.107094 0.840938 0.103578 0.877812 0.087781 0.912922 0.105344 0.939250 0.121141 0.942766 0.140453 0.916438 0.166781 0.833922 0.180828 0.777734 0.189609 0.723313 0.196625 0.688203 0.215937 0.642563 0.244031 0.588125 0.240516 0.547750
0 0.837438 0.689953 0.825141 0.719797 0.809344 0.758422 0.786516 0.804078 0.772469 0.886594 0.765453 0.941016 0.765453 0.984906 0.757464 0.998437 0.810307 0.998437 0.812844 0.981391 0.828656 0.933984 0.835672 0.865516 0.854984 0.798813 0.879562 0.753156 0.874297 0.693469
0 0.553016 0.793547 0.537219 0.811094 0.561797 0.846203 0.584625 0.895359 0.591641 0.948031 0.591641 0.998437 0.629466 0.998437 0.630266 0.983141 0.640797 0.958562 0.632016 0.919937 0.621484 0.877812 0.605687 0.846203 0.582859 0.818125
1 0.100960 0.998437 0.090188 0.973062 0.086375 0.941313 0.078766 0.908281 0.099078 0.894313 0.104172 0.871438 0.094000 0.854922 0.101625 0.832062 0.111781 0.815547 0.107984 0.788875 0.121953 0.768547 0.113062 0.743141 0.123219 0.727891 0.137187 0.689781 0.137187 0.660562 0.115594 0.641516 0.097812 0.631359 0.063516 0.649141 0.045734 0.668187 0.053359 0.678359 0.067328 0.684703 0.055891 0.713922 0.045734 0.740594 0.040656 0.758391 0.026672 0.757109 0.030484 0.781250 0.055891 0.802844 0.050813 0.823172 0.040656 0.849844 0.024141 0.896844 0.011437 0.899391 0.001266 0.896844 0.001266 0.998437
1 0.720281 0.052078 0.706297 0.091469 0.702484 0.148625 0.717734 0.179109 0.732984 0.213422 0.752031 0.213422 0.763469 0.198172 0.760922 0.153703 0.755844 0.130844 0.746953 0.088922 0.748219 0.055891 0.734250 0.054625
1 0.818094 0.011437 0.816812 0.043188 0.826984 0.085109 0.813016 0.114328 0.819359 0.138469 0.820625 0.163875 0.809203 0.209609 0.801578 0.233734 0.783797 0.243906 0.763469 0.274391 0.734250 0.301063 0.720281 0.312500 0.713922 0.341719 0.698672 0.370938 0.724078 0.388719 0.722813 0.416672 0.736781 0.426828 0.764734 0.401422 0.781250 0.412859 0.796500 0.429375 0.813016 0.506859 0.824437 0.621188 0.832062 0.528453 0.842219 0.497969 0.854922 0.487812 0.866359 0.406500 0.854922 0.302344 0.838422 0.266766 0.838422 0.196906 0.868906 0.188016 0.872719 0.142281 0.854922 0.071141 0.856203 0.038109 0.849844 0.022859
1 0.742634 0.998437 0.750000 0.988422 0.756938 0.962969 0.762734 0.945609 0.760422 0.931719 0.770828 0.913188 0.760422 0.887734 0.771984 0.873844 0.795141 0.776625 0.806719 0.751156 0.824078 0.719906 0.827547 0.680562 0.814813 0.658563 0.807875 0.687500 0.796297 0.703703 0.789359 0.717594 0.771984 0.737266 0.755781 0.751156 0.728016 0.741891 0.718750 0.722219 0.732641 0.697922 0.746531 0.663188 0.758109 0.648141 0.761578 0.608797 0.754625 0.592594 0.758109 0.584484 0.754625 0.575234 0.755781 0.557875 0.752313 0.539359 0.747687 0.516203 0.751156 0.498844 0.746531 0.480328 0.738422 0.444437 0.728016 0.428234 0.717594 0.438656 0.724531 0.450234 0.736109 0.466437 0.731484 0.480328 0.737266 0.490734 0.728016 0.509266 0.723375 0.526625 0.738422 0.540516 0.728016 0.553234 0.721063 0.563656 0.737266 0.578703 0.716437 0.601859 0.711812 0.616891 0.719906 0.627313 0.703703 0.642359 0.696766 0.657406 0.694438 0.684031 0.686344 0.699078 0.693281 0.712969 0.690969 0.731484 0.701391 0.748844 0.699078 0.763891 0.694438 0.784719 0.696766 0.809031 0.695609 0.824078 0.697922 0.856484 0.692125 0.877313 0.699078 0.914359 0.706016 0.932875 0.695609 0.944438 0.693281 0.978016 0.694438 0.993062 0.686914 0.998437
1 0.243063 0.672453 0.228016 0.633109 0.250000 0.581016 0.280094 0.511578 0.276625 0.432875 0.299766 0.366891 0.300922 0.335641 0.289359 0.306719 0.305563 0.290516 0.328703 0.304391 0.342594 0.337969 0.361109 0.378469 0.379625 0.393516 0.390047 0.408563 0.383109 0.432875 0.372688 0.495375 0.379625 0.521984 0.365734 0.506938 0.342594 0.493063 0.317125 0.482641 0.305563 0.488422 0.309031 0.537031 0.318281 0.559031 0.329859 0.575234 0.340281 0.586812 0.331016 0.608797 0.287031 0.641203 0.260422 0.662031
1 0.270828 0.859953 0.263891 0.890047 0.273141 0.892359 0.267359 0.922453 0.280094 0.930562 0.271984 0.944438 0.263891 0.958328 0.278938 0.965281 0.271984 0.989578 0.280094 0.998437 0.380781 0.998437 0.380781 0.967594 0.396984 0.910875 0.376156 0.924766 0.346062 0.922453 0.329859 0.905094 0.329859 0.885422 0.339125 0.842594 0.368063 0.796297 0.375000 0.775469 0.380781 0.721063 0.366891 0.733797 0.363422 0.751156 0.353016 0.762734 0.350687 0.784719 0.337969 0.813656 0.325234 0.825234 0.325234 0.842594 0.311344 0.854172 0.289359 0.848375
0 0.443297 0.236891 0.471438 0.335406 0.492547 0.450328 0.516000 0.567609 0.508969 0.623906 0.551187 0.628594 0.574641 0.565266 0.553531 0.480828 0.516000 0.365891 0.504281 0.260344 0.469094 0.204062
0 0.199359 0.799813 0.290844 0.706000 0.389344 0.645016 0.476141 0.612172 0.560578 0.605141 0.553531 0.569953 0.483172 0.551187 0.326016 0.605141 0.222828 0.706000 0.189984 0.750563
0 0.197016 0.804500 0.213438 0.924125 0.206417 0.998437 0.258000 0.998437 0.258000 0.917094 0.260344 0.858453 0.218125 0.797469
0 0.396391 0.476141 0.438609 0.537125 0.469094 0.647359 0.452672 0.750563 0.452672 0.797469 0.476141 0.811547 0.506625 0.792781 0.518359 0.708344 0.499594 0.555875 0.447984 0.445641 0.403422 0.429219