0 0.000000 0.757077 0.002688 0.753313 0.058563 0.688125 0.104094 0.648797 0.154797 0.634312 0.195156 0.611547 0.225172 0.598094 0.253109 0.609484 0.259313 0.622938 0.255172 0.641563 0.247937 0.665359 0.238625 0.672594 0.218953 0.679844 0.183781 0.700531 0.149625 0.711922 0.132031 0.728484 0.094781 0.750203 0.067875 0.777109 0.032703 0.802984 0.009938 0.812297 0.000000 0.809814
0 0.000000 0.131685 0.010969 0.102438 0.030625 0.067266 0.057531 0.032078 0.073047 0.022766 0.089609 0.022766 0.105125 0.037250 0.095813 0.058984 0.080297 0.085891 0.052359 0.127281 0.023391 0.191437 0.006828 0.231781 0.000000 0.244231
0 0.000000 0.327786 0.000625 0.328016 0.020281 0.333203 0.033734 0.331125 0.047188 0.314562 0.051328 0.286625 0.048219 0.264906 0.059609 0.249375 0.075125 0.254547 0.087547 0.261797 0.093750 0.286625 0.092719 0.333203 0.072016 0.368375 0.043047 0.393219 0.005797 0.393219 0.000000 0.390936
0 0.125828 0.286625 0.136172 0.255594 0.158938 0.232828 0.187906 0.224547 0.203438 0.224547 0.213781 0.240062 0.217922 0.254547 0.211719 0.273172 0.197234 0.292844 0.179641 0.321813 0.164109 0.359063 0.151703 0.394250 0.149625 0.443922 0.150656 0.472891 0.156875 0.504969 0.156875 0.519453 0.144453 0.526703 0.120656 0.526703 0.108234 0.516344 0.103063 0.493578 0.101000 0.460469 0.090641 0.418047 0.089609 0.404594 0.093750 0.366312 0.101000 0.342516 0.110313 0.306297
0 0.000000 0.572635 0.006828 0.572234 0.044078 0.570156 0.069953 0.559812 0.096859 0.561875 0.119625 0.567047 0.137203 0.583609 0.140312 0.596031 0.138250 0.614656 0.123766 0.631203 0.105125 0.634312 0.079266 0.627062 0.066844 0.622938 0.015109 0.631203 0.000000 0.631203
0 0.382219 0.898859 0.380500 0.929766 0.406250 0.996734 0.409264 0.998437 0.526495 0.998437 0.526437 0.999312 0.510984 0.979562 0.483516 0.970125 0.464625 0.953813 0.452609 0.938359 0.451750 0.910031 0.459484 0.895438 0.470641 0.902297 0.480078 0.921187 0.485234 0.942656 0.493812 0.955531 0.509266 0.956391 0.526437 0.950375 0.535891 0.934062 0.528156 0.916031 0.524719 0.876547 0.504984 0.852500 0.493812 0.832766 0.466344 0.823312 0.443172 0.823312 0.419125 0.833625 0.405391 0.850797 0.392516 0.868812 0.389078 0.878266
0 0.329844 0.463594 0.310953 0.503953 0.292922 0.544297 0.273188 0.581219 0.261156 0.596672 0.262875 0.618125 0.262016 0.629297 0.255156 0.649891 0.244844 0.674797 0.238844 0.680797 0.253438 0.692828 0.278328 0.690250 0.292062 0.666203 0.307516 0.619844 0.315250 0.588078 0.336703 0.569203 0.361609 0.546016 0.376203 0.505672 0.377063 0.485063 0.367609 0.462734 0.361609 0.452437 0.345297 0.452437 0.333281 0.454156
0 0.354734 0.442141 0.349594 0.420672 0.347875 0.399203 0.352156 0.359719 0.363328 0.341688 0.387359 0.342547 0.398516 0.356281 0.404531 0.370875 0.408828 0.397500 0.405391 0.435266 0.413125 0.488500 0.411406 0.540000 0.407969 0.571766 0.406250 0.590656 0.405391 0.606109 0.398516 0.620703 0.398516 0.636156 0.395953 0.654188 0.381359 0.667063 0.369328 0.665344 0.358172 0.658484 0.349594 0.642172 0.349594 0.606109 0.353016 0.581219 0.360750 0.548594 0.378781 0.503094 0.379641 0.484203 0.371047 0.464453 0.366766 0.451578
0 0.206219 0.145094 0.202781 0.108172 0.207078 0.086703 0.218234 0.072109 0.229391 0.073828 0.243125 0.079844 0.251719 0.086703 0.249141 0.095297 0.255156 0.136500 0.261156 0.174281 0.278328 0.181141 0.275750 0.188016 0.271469 0.205187 0.278328 0.217203 0.281766 0.241250 0.283484 0.257563 0.290344 0.273859 0.297219 0.292750 0.300656 0.312500 0.306656 0.326234 0.310094 0.343406 0.304937 0.359719 0.292922 0.368297 0.276609 0.369156 0.265453 0.364875 0.251719 0.350281 0.242266 0.331391 0.229391 0.264422 0.217375 0.216344 0.219953 0.193172 0.218234 0.172563 0.213078 0.156250
0 0.452609 0.033484 0.459484 0.006875 0.481797 0.013734 0.507563 0.025750 0.517000 0.039484 0.524719 0.058375 0.525578 0.085859 0.532453 0.120188 0.544469 0.172563 0.542750 0.190594 0.543609 0.212906 0.544469 0.236953 0.544469 0.254125 0.538469 0.271297 0.529016 0.259266 0.507563 0.238672 0.498969 0.224938 0.485234 0.173422 0.477500 0.129641 0.460344 0.103875 0.455188 0.073828 0.451750 0.054937
0 0.673250 0.064391 0.666375 0.097016 0.678406 0.120188 0.700719 0.157109 0.727328 0.181141 0.735922 0.210344 0.745359 0.226641 0.750516 0.260125 0.753094 0.309922 0.753953 0.326234 0.760813 0.347703 0.779703 0.356281 0.803750 0.366594 0.816625 0.350281 0.808031 0.331391 0.799453 0.289312 0.802031 0.240391 0.791719 0.189734 0.779703 0.161406 0.763391 0.142516 0.741937 0.116766 0.738500 0.092719 0.728187 0.066969 0.710172 0.048078 0.697281 0.042922 0.680109 0.050656
0 0.504125 0.584656 0.510125 0.649891 0.507563 0.685953 0.490391 0.702266 0.475797 0.728875 0.480937 0.756359 0.490391 0.767516 0.511844 0.768375 0.527297 0.758063 0.527297 0.731453 0.534172 0.714281 0.547047 0.675656 0.546187 0.650750 0.541031 0.592375 0.531594 0.572625 0.521297 0.562328 0.505844 0.567484
0 0.680109 0.543438 0.685266 0.600969 0.707594 0.659344 0.727328 0.708281 0.741078 0.711703 0.752234 0.717719 0.766828 0.721156 0.775406 0.718578 0.788297 0.697109 0.789141 0.673937 0.783141 0.648187 0.756531 0.619844 0.740219 0.552031 0.734203 0.503094 0.712734 0.479047 0.691281 0.458453 0.653500 0.434406 0.638906 0.424969 0.627750 0.432688 0.623453 0.443859 0.626031 0.467031 0.636328 0.487641 0.652641 0.503094 0.674109 0.527984
0 0.466344 0.525406 0.451750 0.556312 0.436297 0.565766 0.430281 0.584656 0.413984 0.597531 0.401953 0.610406 0.400234 0.620703 0.403672 0.634437 0.411406 0.645609 0.429438 0.649891 0.449172 0.649891 0.459484 0.641312 0.473219 0.618125 0.489531 0.589797 0.498109 0.569203 0.504125 0.553750 0.512703 0.537438 0.510125 0.511672 0.496391 0.503094 0.471500 0.503094
0 0.480937 0.499656 0.480078 0.458453 0.475797 0.434406 0.468062 0.388906 0.454328 0.368297 0.452609 0.331391 0.448312 0.297906 0.454328 0.276438 0.464625 0.261844 0.484375 0.249828 0.500688 0.243812 0.515281 0.248109 0.527297 0.268719 0.528156 0.291031 0.517859 0.313359 0.525578 0.353703 0.525578 0.382891 0.527297 0.399203 0.534172 0.416375 0.530734 0.441281 0.529016 0.470469 0.532453 0.486781 0.540172 0.500516 0.540172 0.519406 0.534172 0.530563 0.528156 0.532281 0.517000 0.518547 0.510125 0.511672 0.497250 0.502234
0 0.551344 0.879125 0.559922 0.872250 0.571078 0.872250 0.583969 0.886844 0.589109 0.892859 0.586531 0.906594 0.588250 0.934922 0.592547 0.982141 0.595920 0.998437 0.538831 0.998437 0.537609 0.990734 0.535031 0.959828 0.538469 0.940938 0.540172 0.924625 0.540172 0.903156 0.543609 0.888562
0 0.647500 0.891141 0.633750 0.916891 0.641484 0.976984 0.646348 0.998437 0.693527 0.998437 0.688703 0.966687 0.684406 0.951234 0.679266 0.931484 0.682688 0.910891 0.674109 0.893719 0.660375 0.879984
0 0.749656 0.910891 0.735063 0.937500 0.705016 0.969266 0.702708 0.998437 0.758581 0.998437 0.760813 0.993297 0.767687 0.973563 0.784000 0.951234 0.802031 0.936641 0.811469 0.918609 0.829500 0.882563 0.836359 0.860234 0.836359 0.834484 0.836359 0.813016 0.813188 0.833625 0.783141 0.870531 0.775406 0.883406 0.765109 0.898016
0 0.938531 0.820734 0.937672 0.850797 0.929094 0.898016 0.919641 0.920328 0.905047 0.951234 0.904188 0.967547 0.903328 0.984719 0.904858 0.998437 0.940949 0.998437 0.947109 0.989016 0.953984 0.956391 0.973734 0.905734 0.981453 0.867953 0.982313 0.841344 0.983172 0.813016 0.982313 0.793266 0.966000 0.791547 0.953125 0.790687 0.941969 0.798422
0 0.806312 0.733172 0.785719 0.757219 0.762531 0.782109 0.737641 0.803578 0.725625 0.820734 0.707594 0.835344 0.702437 0.851641 0.695563 0.869672 0.710172 0.880844 0.728187 0.883406 0.749656 0.867953 0.771125 0.846500 0.799453 0.821594 0.823484 0.794984 0.850969 0.770094 0.871562 0.752922 0.889594 0.728875 0.890453 0.704844 0.872422 0.694547 0.854391 0.699688 0.834656 0.721156
0 0.840656 0.270437 0.826922 0.305625 0.825203 0.339969 0.820906 0.373453 0.826063 0.410375 0.821766 0.453297 0.822625 0.474766 0.823484 0.507391 0.830359 0.527125 0.849250 0.538297 0.868125 0.533141 0.869844 0.513391 0.873281 0.461875 0.877578 0.388047 0.877578 0.358000 0.882734 0.333969 0.885297 0.321078 0.886156 0.293609 0.885297 0.262703 0.871562 0.250688 0.855250 0.251547 0.845812 0.260125
0 0.941969 0.145094 0.930797 0.166547 0.921359 0.242953 0.921359 0.297906 0.929938 0.348562 0.930797 0.396641 0.937672 0.418953 0.941969 0.433547 0.961703 0.434406 0.978016 0.433547 0.980594 0.400922 0.980594 0.366594 0.968578 0.302203 0.975453 0.247250 0.974594 0.216344 0.990906 0.185438 0.992609 0.163984 0.987469 0.132219 0.979734 0.117609 0.966000 0.116766 0.945391 0.127062
0 0.828125 0.940625 0.835156 0.886719 0.839844 0.860156 0.839063 0.831250 0.844531 0.812500 0.850000 0.800781 0.860938 0.789062 0.870313 0.784375 0.879687 0.790625 0.896875 0.813281 0.892188 0.860156 0.887500 0.893750 0.875781 0.925781 0.877344 0.967969 0.876563 0.973437 0.868750 0.964844 0.849219 0.963281 0.844531 0.978125 0.837760 0.998437 0.805617 0.998437 0.810937 0.989062 0.819531 0.971094 0.827344 0.953906
0 0.046094 0.200000 0.045312 0.175781 0.050000 0.156250 0.052344 0.129688 0.081250 0.101562 0.107031 0.073438 0.121875 0.042969 0.121875 0.031250 0.140625 0.014844 0.159375 0.006250 0.171094 0.007812 0.179688 0.020313 0.184375 0.032031 0.173437 0.048438 0.162500 0.067969 0.162500 0.084375 0.151562 0.094531 0.129688 0.128125 0.112500 0.154688 0.106250 0.169531 0.107813 0.179688 0.113281 0.206250 0.117188 0.225000 0.113281 0.237500 0.106250 0.250000 0.096875 0.259375 0.089063 0.257812 0.080469 0.253125 0.065625 0.246875 0.050000 0.238281 0.046875 0.216406
0 0.298438 0.143750 0.325781 0.134375 0.354687 0.126562 0.384375 0.117969 0.409375 0.114062 0.431250 0.117969 0.453125 0.131250 0.471875 0.141406 0.479687 0.152344 0.482031 0.174219 0.492969 0.213281 0.463281 0.196094 0.441406 0.175000 0.417969 0.171094 0.393750 0.170313 0.370312 0.178906 0.351562 0.189062 0.329688 0.191406 0.307031 0.189844 0.298438 0.178906 0.291406 0.157031
0 0.243750 0.007812 0.285938 0.022656 0.310937 0.030469 0.325781 0.038281 0.345313 0.050000 0.358594 0.060937 0.365625 0.074219 0.375000 0.082812 0.385937 0.093750 0.407813 0.099219 0.413281 0.043750 0.406250 0.034375 0.394531 0.021094 0.375781 0.004687 0.355469 0.000781
0 0.867188 0.004687 0.864062 0.031250 0.865625 0.048438 0.868750 0.078906 0.876563 0.089063 0.903906 0.089063 0.908594 0.076563 0.907031 0.050781 0.907813 0.028906 0.915625 0.001563
0 0.680469 0.004687 0.694531 0.024219 0.704688 0.039844 0.726562 0.057031 0.743750 0.064844 0.761719 0.071094 0.771875 0.071094 0.775781 0.050781 0.772656 0.039062 0.761719 0.025781 0.750781 0.014063 0.736719 0.001563
0 0.807813 0.002344 0.806250 0.014844 0.809375 0.027344 0.819531 0.041406 0.836719 0.044531 0.849219 0.034375 0.853125 0.025781 0.856250 0.001563
1 0.220828 0.267313 0.204813 0.284266 0.180344 0.320969 0.201047 0.421687 0.222703 0.473453 0.230234 0.513938 0.208578 0.529938 0.204813 0.594875 0.216109 0.602406 0.259406 0.605234 0.278234 0.569469 0.282000 0.526172 0.270703 0.473453 0.267891 0.372734 0.251875 0.346391 0.243406 0.332266 0.234000 0.282375
1 0.923000 0.410391 0.926766 0.473453 0.914531 0.514875 0.907000 0.559109 0.935234 0.625000 0.960656 0.657000 0.981359 0.656062 0.998437 0.650839 0.998437 0.456681 0.998313 0.449922 0.982297 0.438625 0.967250 0.446156 0.942766 0.438625 0.932422 0.420750 0.934297 0.407562
1 0.983250 0.798187 0.988891 0.825484 0.986062 0.867844 0.977594 0.902672 0.975719 0.913031 0.984188 0.924328 0.970062 0.931859 0.956891 0.953500 0.948422 0.975156 0.940891 0.994922 0.938470 0.998437 0.998437 0.783700 0.987953 0.782188
1 0.542750 0.062672 0.536750 0.093578 0.539312 0.106453 0.531594 0.118469 0.552203 0.133922 0.539312 0.147672 0.545328 0.157109 0.543609 0.178578 0.549625 0.190594 0.571078 0.177719 0.591687 0.184578 0.595125 0.206906 0.608000 0.212906 0.617438 0.190594 0.616594 0.144234 0.615734 0.122766 0.617438 0.110750 0.608859 0.098734 0.602844 0.091859 0.592547 0.097016 0.574516 0.093578 0.566797 0.086703 0.559062 0.072109
1 0.547047 0.216344 0.547047 0.226641 0.542750 0.254984 0.536750 0.273859 0.526437 0.302203 0.535031 0.335688 0.529016 0.353703 0.533313 0.368297 0.535031 0.387188 0.536750 0.399203 0.543609 0.412094 0.534172 0.431828 0.532453 0.443859 0.535891 0.459312 0.529875 0.476484 0.535891 0.491937 0.547047 0.507391 0.546187 0.542578 0.543609 0.558891 0.543609 0.599250 0.553063 0.608688 0.568516 0.606969 0.584828 0.570062 0.595984 0.550312 0.609719 0.550312 0.603703 0.576922 0.628609 0.575203 0.625172 0.555453 0.609719 0.515109 0.597703 0.494500 0.571937 0.439562 0.564219 0.400922 0.558203 0.376891 0.565938 0.357141 0.584828 0.335688 0.612297 0.309063 0.622594 0.288469 0.633750 0.253266 0.624312 0.249828 0.616594 0.256703 0.615734 0.275578 0.605422 0.271297 0.595125 0.248109 0.586531 0.233516 0.577094 0.212047 0.560781 0.210344
1 0.528125 0.905469 0.524219 0.879687 0.528125 0.843750 0.535937 0.807813 0.534375 0.775781 0.536719 0.739844 0.547656 0.696094 0.558594 0.661719 0.566406 0.688281 0.583594 0.686719 0.592969 0.696094 0.599219 0.677344 0.592187 0.657813 0.598437 0.642969 0.625000 0.646875 0.633594 0.639062 0.639844 0.661719 0.632031 0.682031 0.639062 0.698438 0.633594 0.724219 0.611719 0.717969 0.594531 0.733594 0.583594 0.751563 0.589844 0.778125 0.614062 0.784375 0.617188 0.803125 0.623437 0.820312 0.614844 0.839063 0.606250 0.869531 0.598437 0.885938 0.591406 0.879687 0.583594 0.867969 0.565625 0.871875 0.557813 0.866406 0.547656 0.879687 0.541406 0.891406 0.536719 0.925000
1 0.236031 0.991625 0.223813 0.987250 0.183656 0.981141 0.165328 0.941859 0.229047 0.864172 0.265719 0.891234 0.291031 0.892109 0.297141 0.905203 0.303250 0.960203 0.292766 0.998609 0.281422 0.986375 0.270078 0.978531
1 0.193266 0.228703 0.199375 0.166719 0.200250 0.141406 0.196750 0.111734 0.188891 0.093406 0.201125 0.073328 0.184531 0.049750 0.195875 0.005234 0.228172 0.006984 0.250875 0.012219 0.267453 0.016578 0.267453 0.053250 0.272703 0.079438 0.259609 0.105625 0.264844 0.129188 0.277063 0.138797 0.282297 0.150141 0.289281 0.192047 0.287531 0.209500 0.275313 0.206875 0.277063 0.185922 0.270953 0.172828 0.260469 0.149266 0.250875 0.109984 0.253484 0.084672 0.240391 0.074203 0.224687 0.069828 0.208094 0.078563 0.201984 0.098641 0.202859 0.130937 0.207234 0.153625 0.208969 0.177203 0.219453 0.230453
1 0.875000 0.096891 0.861031 0.133547 0.866266 0.163234 0.888094 0.158000 0.911656 0.155375 0.909922 0.173703 0.899438 0.184188 0.904672 0.208625 0.911656 0.282828 0.918641 0.192906 0.936109 0.140531 0.960547 0.116969 0.971891 0.113484 0.965781 0.103875 0.957047 0.089906 0.960547 0.075938 0.951813 0.048016 0.937844 0.067219 0.925625 0.071578 0.910797 0.082922 0.895953 0.091656