0 0.007406 0.044406 0.018094 0.043578 0.023844 0.043578 0.037828 0.029609 0.041125 0.039469 0.056750 0.045234 0.067437 0.051812 0.075656 0.058391 0.069906 0.072375 0.064141 0.082234 0.041125 0.088000 0.030422 0.088000 0.011516 0.092109 0.001641 0.092922
0 0.384875 0.064969 0.400500 0.062500 0.420234 0.060031 0.433391 0.055922 0.453125 0.055094 0.465453 0.054281 0.480266 0.055922 0.500828 0.061672 0.510687 0.070719 0.518922 0.089641 0.520563 0.114312 0.518094 0.129109 0.510687 0.146375 0.502469 0.156250 0.491781 0.171047 0.477797 0.174344 0.466281 0.166125 0.463812 0.157078 0.466219 0.150344 0.466219 0.145266 0.463141 0.140828 0.461047 0.137328 0.459453 0.131750 0.453125 0.127469 0.462172 0.115953 0.466281 0.107734 0.467922 0.102797 0.457234 0.106078 0.448187 0.108547 0.439969 0.108547 0.429281 0.108547 0.415297 0.108547 0.399672 0.109375 0.388156 0.116781 0.383219 0.105266 0.374172 0.107734 0.361844 0.111016 0.342922 0.118422 0.329766 0.116781 0.322375 0.107734 0.322375 0.094578 0.329766 0.078953 0.342922 0.069906 0.340453 0.055922 0.349500 0.064969 0.365125 0.067437
0 0.603625 0.203125 0.601969 0.194906 0.604437 0.181750 0.592922 0.164469 0.581422 0.164469 0.569078 0.175984 0.569078 0.189969 0.558391 0.199828 0.551813 0.213813 0.546047 0.229438 0.546047 0.253297 0.553453 0.273031 0.566609 0.288656 0.588000 0.296875 0.606078 0.302625 0.629938 0.299344 0.646375 0.287000 0.661188 0.273031 0.673516 0.260688 0.686672 0.249172 0.699828 0.236016 0.712172 0.225328 0.726156 0.212172 0.734375 0.199828 0.745062 0.187500 0.753297 0.171875 0.753297 0.159547 0.745891 0.147203 0.731078 0.148031 0.713000 0.156250 0.700656 0.171047 0.682562 0.184203 0.663656 0.200656 0.651312 0.213813 0.639797 0.222047 0.628297 0.233547 0.616781 0.244250 0.603625 0.250828 0.601156 0.245063 0.598688 0.231906 0.599500 0.216281
0 0.376641 0.246703 0.392266 0.235203 0.407078 0.226969 0.419406 0.217922 0.429281 0.205594 0.435031 0.190797 0.430094 0.183391 0.421047 0.180094 0.405422 0.180094 0.378297 0.180094 0.366781 0.189141 0.352797 0.201484 0.338000 0.210531 0.319906 0.222859 0.299344 0.238484 0.284547 0.254109 0.267266 0.263984 0.253297 0.273031 0.240953 0.287828 0.231078 0.303453 0.222859 0.322375 0.236844 0.317437 0.254937 0.308391 0.269734 0.301812 0.283719 0.301812 0.294406 0.305094 0.300984 0.296875 0.314969 0.288656 0.328953 0.276313 0.345391 0.263156 0.359375 0.254109
0 0.254109 0.355266 0.263984 0.360203 0.266453 0.351156 0.281250 0.350328 0.296047 0.358547 0.303453 0.373359 0.318250 0.395562 0.336344 0.403781 0.355266 0.425172 0.379937 0.430094 0.396375 0.430094 0.412000 0.426813 0.427625 0.414469 0.429281 0.402953 0.421047 0.383219 0.409547 0.373359 0.397203 0.369250 0.384047 0.359375 0.373359 0.349500 0.363484 0.341281 0.351969 0.333062 0.340453 0.322375 0.328125 0.312500 0.315797 0.303453 0.311672 0.296047 0.289469 0.306750 0.277953 0.306750 0.265625 0.306750 0.254937 0.307563 0.237672 0.314969 0.224500 0.320719 0.215453 0.324016 0.221219 0.338000 0.231906 0.342922
0 0.066609 0.340453 0.084703 0.350328 0.108547 0.361016 0.123359 0.370063 0.138156 0.384047 0.150500 0.393922 0.167766 0.406250 0.170234 0.423516 0.171875 0.437500 0.176812 0.454766 0.157078 0.444906 0.139797 0.435031 0.125000 0.428453 0.112672 0.425984 0.100328 0.424344 0.095391 0.411188 0.086344 0.407891 0.069078 0.400500 0.054281 0.393922 0.038656 0.388984 0.023844 0.385688 0.009047 0.379937 0.000000 0.377469 0.000828 0.328953 0.014797 0.328953 0.032891 0.332234 0.047703 0.332234
0 0.455594 0.380750 0.476969 0.379937 0.491781 0.374172 0.504938 0.370891 0.518094 0.366781 0.532078 0.365125 0.551813 0.363484 0.567438 0.361844 0.580594 0.357734 0.601969 0.353625 0.618422 0.349500 0.642266 0.349500 0.666125 0.349500 0.672703 0.361016 0.682562 0.374172 0.685031 0.383219 0.678453 0.385688 0.666125 0.385688 0.646375 0.392266 0.637328 0.397203 0.628297 0.404609 0.618422 0.408719 0.599500 0.415297 0.588000 0.421047 0.561672 0.425984 0.546875 0.425172 0.527953 0.425172 0.507406 0.426813 0.483547 0.428453 0.466281 0.431750 0.445719 0.431750 0.425172 0.431750 0.416125 0.426813 0.424344 0.419406 0.429281 0.408719 0.421875 0.389797 0.420234 0.381578 0.436672 0.380750
0 0.581422 0.429281 0.572375 0.429281 0.552625 0.433391 0.534547 0.435859 0.522203 0.435859 0.510687 0.445719 0.507406 0.458063 0.513156 0.466281 0.524672 0.469578 0.536188 0.467109 0.556750 0.466281 0.567438 0.463812 0.583063 0.460531 0.592922 0.459703 0.604437 0.456422 0.611016 0.453953 0.614313 0.444078 0.614313 0.430094 0.606078 0.427625 0.591281 0.428453
0 0.565797 0.509875 0.590453 0.505750 0.605266 0.503297 0.617594 0.503297 0.640625 0.503297 0.648031 0.501641 0.659547 0.508219 0.660359 0.521375 0.646375 0.532078 0.638984 0.541937 0.624172 0.548516 0.617594 0.552625 0.598688 0.555922 0.583063 0.562500 0.566609 0.568250 0.549344 0.572375 0.523031 0.575656 0.497531 0.575656 0.472859 0.570719 0.454766 0.562500 0.441609 0.558391 0.425984 0.550172 0.417766 0.541125 0.409547 0.529609 0.399672 0.509047 0.393922 0.495062 0.393094 0.482734 0.395562 0.472859 0.407078 0.464641 0.421047 0.464641 0.428453 0.469578 0.435859 0.478625 0.441609 0.487672 0.452297 0.496703 0.462172 0.504109 0.479437 0.510687 0.491781 0.519734 0.511516 0.519734 0.523844 0.516453 0.544406 0.513156 0.553453 0.509875
0 0.422703 0.685859 0.411188 0.697375 0.402953 0.714641 0.395562 0.729437 0.390625 0.747531 0.385688 0.767266 0.392266 0.781250 0.400500 0.793578 0.413656 0.791125 0.426813 0.782078 0.444906 0.768094 0.450656 0.755750 0.461344 0.736016 0.466281 0.718750 0.466281 0.705594 0.456422 0.688328 0.447375 0.671875 0.439969 0.656250 0.431750 0.641453 0.429281 0.625828 0.429281 0.611844 0.439969 0.602797 0.454766 0.596219 0.440797 0.586344 0.428453 0.574828 0.416125 0.563328 0.402953 0.557562 0.388984 0.557562 0.377469 0.564141 0.377469 0.578953 0.384047 0.593750 0.395562 0.602797 0.402141 0.607734 0.410359 0.618422 0.420234 0.633219 0.423516 0.648844 0.427625 0.662000 0.426813 0.670234
0 0.546875 0.611016 0.538656 0.609375 0.525500 0.609375 0.515625 0.607734 0.506578 0.611016 0.503297 0.627469 0.511516 0.643922 0.526312 0.651312 0.540297 0.651312 0.550984 0.648031 0.561672 0.635687 0.572375 0.625828 0.564141 0.618422
0 0.310859 0.569906 0.315797 0.582234 0.325656 0.603625 0.335531 0.620062 0.345391 0.637328 0.362672 0.658719 0.375000 0.671047 0.388156 0.680094 0.401312 0.693250 0.407078 0.704766 0.399672 0.719578 0.398844 0.731078 0.389797 0.753297 0.381578 0.752469 0.370063 0.741781 0.356078 0.731078 0.337172 0.715453 0.322375 0.698187 0.314969 0.687500 0.298516 0.670234 0.290297 0.654609 0.279609 0.637328 0.274672 0.619250 0.259875 0.607734 0.246703 0.585531 0.241781 0.569906 0.239312 0.555094 0.239312 0.545234 0.264797 0.534547 0.285359 0.536188 0.294406 0.546875
0 0.539469 0.672703 0.559203 0.674344 0.580594 0.671047 0.600328 0.675172 0.618422 0.675172 0.636516 0.675172 0.654609 0.675172 0.675984 0.684203 0.680094 0.708063 0.680094 0.717109 0.671875 0.724500 0.648844 0.726156 0.629938 0.731078 0.617594 0.734375 0.594578 0.736016 0.581422 0.735203 0.555094 0.736844 0.539469 0.736844 0.529609 0.737672 0.512328 0.735203 0.495891 0.725328 0.478625 0.716281 0.466281 0.704766 0.458063 0.686672 0.448187 0.666125 0.437500 0.657078 0.430922 0.643094 0.430094 0.629109 0.433391 0.611016 0.442438 0.601969 0.452297 0.597859 0.469578 0.597859 0.481906 0.604437 0.488484 0.622531 0.494250 0.640625 0.498359 0.649672 0.505750 0.672703 0.518922 0.675172
0 0.085531 0.668578 0.103625 0.667766 0.115125 0.666937 0.125828 0.674344 0.130750 0.687500 0.124172 0.707234 0.116781 0.719578 0.100328 0.726156 0.084703 0.733547 0.059203 0.740125 0.046875 0.741781 0.032891 0.744250 0.018922 0.749172 0.002469 0.754109 0.000000 0.694078 0.015625 0.690797 0.029609 0.685859 0.046047 0.682562 0.062500 0.677625 0.070719 0.670234
0 0.007406 0.808391 0.020563 0.803453 0.034547 0.801812 0.044406 0.802625 0.049344 0.817437 0.049344 0.835531 0.035359 0.851156 0.027141 0.867594 0.016453 0.875000 0.002469 0.888984 0.002469 0.815797
0 0.185859 0.751641 0.171047 0.765625 0.155422 0.784547 0.143094 0.796047 0.128297 0.810859 0.111016 0.825656 0.095391 0.842922 0.093750 0.851969 0.091281 0.868422 0.094578 0.888156 0.095391 0.896375 0.073188 0.898844 0.067437 0.909547 0.057563 0.919406 0.045234 0.898844 0.040297 0.886516 0.036187 0.874172 0.035359 0.861016 0.037000 0.851156 0.049344 0.841281 0.049344 0.827297 0.048516 0.814969 0.045234 0.802625 0.055922 0.799344 0.069906 0.787000 0.078953 0.777953 0.097047 0.761516 0.115125 0.750828 0.127469 0.739313 0.138984 0.726156 0.148031 0.708063 0.156250 0.691609 0.162828 0.685031 0.180922 0.680094 0.200656 0.687500 0.206422 0.702297 0.206422 0.716281 0.199016 0.735203
0 0.482734 0.808391 0.493422 0.823188 0.500000 0.838000 0.509875 0.862672 0.508219 0.884875 0.507406 0.906250 0.509875 0.925172 0.514797 0.945719 0.516453 0.967922 0.515625 0.983547 0.503297 0.994250 0.494658 0.998437 0.463621 0.998437 0.458875 0.995891 0.451484 0.980266 0.449828 0.958062 0.447375 0.940797 0.444078 0.925172 0.444078 0.901313 0.446547 0.884047 0.449828 0.871703 0.453125 0.859375 0.444906 0.839641 0.433391 0.822375 0.417766 0.804281 0.403781 0.789469 0.419406 0.787000 0.429281 0.779609 0.439969 0.769734 0.446547 0.764797 0.454766 0.771375 0.463000 0.786188
0 0.231906 0.906250 0.263156 0.904609 0.281250 0.907891 0.304281 0.898031 0.325656 0.894734 0.346219 0.894734 0.359375 0.896375 0.376641 0.907078 0.381578 0.921047 0.380750 0.933391 0.377469 0.943250 0.361016 0.943250 0.348687 0.940797 0.334703 0.940797 0.324016 0.939141 0.319078 0.949828 0.310031 0.961344 0.293578 0.967109 0.284547 0.952297 0.262328 0.954766 0.250828 0.958062 0.235203 0.956422 0.222047 0.955594 0.217109 0.958875 0.200656 0.971219 0.196547 0.966281 0.186672 0.966281 0.166125 0.970391 0.166125 0.963000 0.160359 0.963000 0.149672 0.965453 0.138984 0.962172 0.129109 0.962172 0.119250 0.962172 0.088813 0.966281 0.075656 0.958875 0.064141 0.953953 0.055094 0.945719 0.058391 0.931750 0.064141 0.917766 0.072375 0.906250 0.078953 0.898031 0.100328 0.897203 0.117594 0.891453 0.132406 0.896375 0.144734 0.901313 0.157078 0.901313 0.177625 0.902953 0.200656 0.902953 0.217109 0.906250
0 0.583875 0.980266 0.603625 0.980266 0.624172 0.980266 0.640625 0.980266 0.657078 0.981078 0.677625 0.983547 0.694078 0.986844 0.718750 0.986844 0.739313 0.992594 0.759875 0.999172 0.761238 0.998437 0.521057 0.998437 0.523031 0.993422 0.527953 0.980266 0.538656 0.976156 0.556750 0.975328
0 0.769734 0.926812 0.799344 0.920234 0.824016 0.920234 0.838813 0.920234 0.854438 0.920234 0.872531 0.918578 0.887328 0.908719 0.883219 0.921047 0.893922 0.934203 0.904609 0.947375 0.909547 0.963000 0.898031 0.970391 0.884875 0.977797 0.871703 0.968750 0.868422 0.960531 0.850328 0.967109 0.842109 0.967922 0.829766 0.971219 0.817437 0.961344 0.809203 0.950656 0.804281 0.945719 0.785359 0.948188 0.777953 0.958062 0.768094 0.971219 0.764797 0.990953 0.754109 0.986844 0.731906 0.981078 0.718750 0.974500 0.697375 0.965453 0.682562 0.961344 0.664469 0.959703 0.661188 0.970391 0.644734 0.968750 0.625828 0.962172 0.614313 0.949016 0.607734 0.930094 0.606906 0.913656 0.611844 0.902953 0.633219 0.893094 0.647203 0.888984 0.665297 0.893094 0.685859 0.904609 0.703953 0.912828 0.718750 0.917766 0.739313 0.919406 0.753297 0.922703
0 0.809203 0.828953 0.823188 0.819078 0.846219 0.809203 0.866781 0.802625 0.893094 0.792766 0.916125 0.786188 0.949016 0.778781 0.980266 0.773031 0.998437 0.771612 0.998437 0.808657 0.998359 0.809203 0.981078 0.810859 0.972859 0.817437 0.951484 0.828953 0.924344 0.834703 0.925172 0.849500 0.904609 0.847859 0.891453 0.851156 0.873359 0.864312 0.855266 0.875828 0.833875 0.884047 0.822375 0.892266 0.807563 0.900500 0.788656 0.909547 0.767266 0.917766 0.754109 0.913656 0.737672 0.902141 0.731078 0.890625 0.736844 0.872531 0.747531 0.856078 0.763156 0.847859 0.782891 0.839641 0.796875 0.830594
0 0.886516 0.621703 0.902141 0.643922 0.918578 0.663656 0.942437 0.675984 0.965453 0.675984 0.986844 0.685859 0.998437 0.685123 0.998437 0.630912 0.988484 0.628297 0.970391 0.622531 0.951484 0.608547 0.939969 0.595391 0.921875 0.578953 0.907078 0.569078 0.893922 0.551813 0.875000 0.556750 0.862672 0.560031 0.851156 0.564141 0.843750 0.574828 0.852797 0.591281 0.866781 0.601156 0.877469 0.612672
0 0.750828 0.569906 0.770563 0.565797 0.785359 0.555094 0.800172 0.541937 0.820719 0.531250 0.835531 0.523844 0.856906 0.513984 0.878297 0.504938 0.890625 0.496703 0.913656 0.487672 0.930094 0.481906 0.958062 0.485203 0.965453 0.499172 0.967109 0.513156 0.950656 0.527141 0.939141 0.537828 0.920234 0.545234 0.905422 0.547703 0.894734 0.549344 0.875000 0.553453 0.862672 0.556750 0.846219 0.564969 0.835531 0.583063 0.828953 0.589641 0.824828 0.599500 0.813328 0.603625 0.806750 0.594578 0.790297 0.603625 0.791937 0.619250 0.783719 0.625828 0.769734 0.619250 0.765625 0.609375 0.754109 0.616781 0.743422 0.624172 0.731906 0.627469 0.721219 0.624172 0.721219 0.614313 0.696547 0.606906 0.686672 0.601156 0.669406 0.587172 0.662000 0.569906 0.659547 0.553453 0.671047 0.541125 0.694078 0.537828 0.709703 0.553453 0.717922 0.571547 0.740953 0.573187
0 0.942437 0.390625 0.958875 0.386516 0.982734 0.373359 0.998437 0.366052 0.998437 0.447959 0.997531 0.451484 0.987672 0.463000 0.972859 0.464641 0.969578 0.449828 0.962172 0.458875 0.947375 0.461344 0.942437 0.453125 0.921875 0.463812 0.913656 0.469578 0.900500 0.475328 0.884875 0.475328 0.868422 0.481906 0.845391 0.480266 0.831422 0.477797 0.824016 0.468750 0.824016 0.451484 0.831422 0.438328 0.844578 0.429281 0.865125 0.421875 0.893094 0.413656 0.908719 0.403781
0 0.718750 0.380750 0.744250 0.381578 0.763156 0.379109 0.782078 0.379109 0.803453 0.379937 0.837172 0.385688 0.857734 0.388984 0.881578 0.396375 0.902141 0.404609 0.878297 0.414469 0.863484 0.418578 0.847859 0.426813 0.830594 0.430094 0.822375 0.427625 0.815797 0.442438 0.803453 0.444906 0.802625 0.435859 0.788656 0.430922 0.787828 0.438328 0.773844 0.444906 0.768094 0.434203 0.758219 0.453953 0.745062 0.457234 0.742594 0.438328 0.734375 0.449016 0.728625 0.457234 0.721219 0.454766 0.717109 0.443250 0.716281 0.435859 0.691609 0.441609 0.682562 0.444906 0.682562 0.457234 0.668578 0.449828 0.652953 0.458063 0.641453 0.461344 0.627469 0.461344 0.618422 0.454766 0.615953 0.444906 0.610203 0.433391 0.596219 0.429281 0.587172 0.424344 0.606078 0.416937 0.625000 0.407078 0.639797 0.398844 0.653781 0.391453 0.681750 0.384875 0.703125 0.384047
0 0.998437 0.326241 0.998437 0.365125 0.982734 0.374172 0.967922 0.380750 0.944078 0.378297 0.923516 0.371703 0.903781 0.372531 0.885688 0.381578 0.870063 0.392266 0.847859 0.388984 0.828125 0.385688 0.834703 0.372531 0.846219 0.359375 0.862672 0.354438 0.876641 0.353625 0.901313 0.349500 0.917766 0.337172 0.939969 0.325656 0.965453 0.329766 0.986016 0.332234
0 0.939141 0.254937 0.958875 0.245891 0.978625 0.231906 0.994250 0.229438 0.998437 0.229438 0.998437 0.278714 0.995891 0.282078 0.981078 0.296047 0.964641 0.310859 0.953953 0.321547 0.940797 0.325656 0.920234 0.332234 0.900500 0.345391 0.885688 0.359375 0.865125 0.354438 0.844578 0.357734 0.828125 0.352797 0.830594 0.330594 0.833062 0.315797 0.843750 0.306750 0.874172 0.296047 0.888984 0.283719 0.911187 0.273031 0.928453 0.264797
0 0.752469 0.265625 0.764797 0.257406 0.767266 0.245063 0.767266 0.225328 0.767266 0.209703 0.767266 0.194906 0.770563 0.180094 0.780422 0.165297 0.796875 0.161187 0.812500 0.161187 0.824828 0.166125 0.833875 0.180922 0.833875 0.202297 0.827297 0.226156 0.822375 0.238484 0.819906 0.256578 0.814969 0.280422 0.810031 0.300172 0.801812 0.318250 0.786188 0.334703 0.761516 0.348687 0.749172 0.352797 0.741781 0.365125 0.731906 0.370891 0.726156 0.359375 0.715453 0.356906 0.698187 0.365125 0.685859 0.367594 0.671875 0.361844 0.657891 0.351969 0.641453 0.344578 0.630750 0.344578 0.640625 0.324828 0.657891 0.314969 0.685859 0.311672 0.706422 0.310031 0.722859 0.300984 0.745062 0.284547
0 0.815797 0.090453 0.843750 0.097859 0.863484 0.102797 0.892266 0.111016 0.911187 0.117594 0.936672 0.124172 0.956422 0.134875 0.956719 0.148141 0.957734 0.160312 0.951484 0.165297 0.942437 0.171047 0.913656 0.177625 0.881578 0.170234 0.870891 0.162000 0.854438 0.171875 0.847047 0.168578 0.840453 0.157891 0.828953 0.150500 0.820719 0.157891 0.806750 0.152953 0.803453 0.147203 0.792766 0.152953 0.782891 0.143094 0.770563 0.152953 0.760687 0.144734 0.750000 0.137328 0.741781 0.134047 0.727797 0.132406 0.711344 0.128297 0.685859 0.125828 0.675984 0.122531 0.657891 0.117594 0.646375 0.105266 0.643094 0.085531 0.648844 0.075656 0.667766 0.064969 0.673516 0.057563 0.703953 0.065797 0.723688 0.070719 0.754938 0.077297 0.782078 0.084703 0.796875 0.088000
0 0.592109 0.819078 0.597859 0.849500 0.598688 0.870891 0.606078 0.885688 0.615125 0.892266 0.628297 0.892266 0.636516 0.881578 0.638984 0.872531 0.631578 0.852797 0.620891 0.836344 0.611844 0.819906 0.591281 0.805094
1 0.092906 0.495781 0.097969 0.506750 0.113172 0.500000 0.146109 0.498313 0.165547 0.490703 0.172297 0.498313 0.173984 0.510141 0.172297 0.531250 0.157094 0.540547 0.160469 0.547297 0.175672 0.541391 0.200172 0.531250 0.206078 0.521109 0.222969 0.513516 0.241547 0.505906 0.228047 0.495781 0.220438 0.489859 0.205234 0.479734 0.195094 0.468750 0.180750 0.454391 0.162156 0.446797 0.131750 0.449328 0.114859 0.462844 0.108953 0.482266 0.101344 0.485641
1 0.583609 0.492406 0.588688 0.500844 0.619094 0.500000 0.639359 0.491547 0.661312 0.503375 0.679906 0.516891 0.698484 0.527875 0.711156 0.513516 0.737328 0.491547 0.771109 0.485641 0.802359 0.485641 0.822641 0.483109 0.823484 0.477203 0.817562 0.466219 0.819250 0.445094 0.808281 0.441719 0.804906 0.431594 0.787156 0.433281 0.779563 0.446797 0.767734 0.442563 0.768578 0.455234 0.752531 0.457766 0.737328 0.455234 0.717906 0.452703 0.717063 0.443406 0.684125 0.445953 0.692562 0.466219 0.679906 0.466219 0.661312 0.462844 0.636828 0.466219 0.617406 0.466219 0.603047 0.456078 0.577703 0.467063 0.606422 0.474656 0.635141 0.483953 0.653719 0.488172 0.616547 0.488172
1 0.835297 0.973812 0.851808 0.998437 0.919023 0.998437 0.910469 0.990703 0.902875 0.974656 0.884297 0.978047 0.875844 0.966219 0.864859 0.965375 0.847969 0.971281
1 0.020561 0.998437 0.028719 0.981422 0.057437 0.955234 0.075172 0.962000 0.096281 0.972125 0.109797 0.977203 0.215375 0.989859 0.250000 0.998312 0.230578 0.998437
1 0.228891 0.956922 0.260984 0.956078 0.285469 0.954391 0.293078 0.963688 0.304906 0.958609 0.320953 0.936656 0.345438 0.940875 0.373312 0.944250 0.383453 0.931594 0.385984 0.918922 0.375000 0.906250 0.358953 0.890203 0.364016 0.882594 0.391891 0.886828 0.423141 0.893578 0.427359 0.916391 0.440875 0.948484 0.429906 0.947641 0.409625 0.961156 0.390203 0.963688 0.369937 0.966219 0.351344 0.974656 0.343750 0.979734 0.327703 0.972125 0.313344 0.970438 0.284625 0.972125 0.266047 0.967906 0.247469 0.971281
0 0.058281 0.402875 0.058281 0.414703 0.047297 0.451016 0.037156 0.490703 0.042234 0.517734 0.043922 0.540547 0.067562 0.566719 0.075172 0.581078 0.085297 0.594594 0.112328 0.619938 0.125000 0.629219 0.136828 0.634297 0.146953 0.635141 0.155406 0.630062 0.162156 0.622469 0.168078 0.609797 0.157938 0.587000 0.144422 0.560813 0.128375 0.544766 0.105578 0.521109 0.092063 0.503375 0.086156 0.492406 0.087844 0.475500 0.094594 0.454391 0.099656 0.427359 0.091219 0.412156 0.081922 0.403719
0 0.127531 0.641891 0.144422 0.660469 0.158781 0.669766 0.190031 0.680750 0.212844 0.688344 0.229734 0.696797 0.251688 0.701859 0.277031 0.696797 0.285469 0.680750 0.290547 0.666391 0.285469 0.656250 0.273656 0.644422 0.260984 0.635984 0.237328 0.630062 0.222125 0.630906 0.213687 0.626687 0.200172 0.620781 0.180750 0.608953 0.164703 0.597125 0.166391 0.609797 0.167234 0.619938 0.162156 0.628375 0.156250 0.633453 0.149500 0.638516 0.140203 0.640203
0 0.164031 0.442547 0.239219 0.516016 0.355406 0.545063 0.420328 0.529687 0.516016 0.510891 0.548484 0.495516 0.527969 0.463047 0.374203 0.473297 0.271672 0.444250 0.215297 0.396406 0.181125 0.396406