0 0.142203 0.000000 0.115547 0.023016 0.081641 0.043609 0.048938 0.058141 0.006547 0.069047 0.000000 0.068681 0.000000 0.015481 0.012594 0.008484 0.045297 0.012109 0.081641 0.001219
0 0.000000 0.363367 0.004125 0.364578 0.029547 0.368219 0.059828 0.363375 0.071953 0.358531 0.076797 0.376703 0.070734 0.391234 0.039250 0.403344 0.011391 0.399703 0.000000 0.398031
0 0.000000 0.167068 0.003047 0.166922 0.024391 0.184453 0.043437 0.205031 0.051828 0.237812 0.053359 0.271344 0.048781 0.300312 0.039641 0.323937 0.022109 0.325453 0.009141 0.307172 0.003813 0.286578 0.016000 0.256859 0.012953 0.230938 0.012187 0.220281 0.006094 0.206562 0.000000 0.195778
0 0.000000 0.088303 0.007094 0.089281 0.035984 0.110297 0.076688 0.131297 0.102937 0.162812 0.118703 0.186453 0.127891 0.199578 0.121328 0.220594 0.134453 0.244219 0.139703 0.253406 0.131828 0.263922 0.121328 0.246844 0.092437 0.216656 0.066172 0.186453 0.050422 0.172000 0.034656 0.154938 0.007094 0.144437 0.000000 0.138463
0 0.106875 0.140500 0.110812 0.108984 0.116078 0.077469 0.129203 0.055141 0.147578 0.036766 0.175156 0.035453 0.205359 0.035453 0.234250 0.035453 0.248687 0.049891 0.242125 0.069594 0.211922 0.069594 0.183031 0.070906 0.159406 0.084031 0.150203 0.108984 0.152844 0.143125 0.150203 0.170687 0.133141 0.178578 0.117391 0.168063
0 0.138391 0.202203 0.165969 0.208766 0.194859 0.233719 0.231625 0.261297 0.255250 0.280984 0.274953 0.316438 0.280203 0.346641 0.264437 0.349266 0.242125 0.321688 0.215859 0.290172 0.185656 0.277047 0.159406 0.254734 0.137078 0.240281 0.129203 0.217969
0 0.143641 0.265234 0.168594 0.286234 0.194859 0.311188 0.196172 0.344016 0.173844 0.374219 0.154156 0.384719 0.133141 0.391281 0.133141 0.371594 0.150203 0.345328 0.165969 0.326937 0.152844 0.315125 0.131828 0.312500 0.114766 0.288859 0.110812 0.270484 0.120016 0.269172
0 0.076688 0.395219 0.108188 0.408344 0.150203 0.424109 0.180406 0.445109 0.198797 0.458250 0.213234 0.476625 0.217172 0.497641 0.204047 0.508141 0.181719 0.488453 0.152844 0.471375 0.127891 0.464813 0.096375 0.447734 0.070109 0.438547 0.058297 0.425422 0.059609 0.399156
0 0.189625 0.632109 0.173062 0.653406 0.143469 0.675906 0.120969 0.707859 0.120969 0.744563 0.132812 0.776516 0.149391 0.781250 0.167141 0.757578 0.157672 0.716141 0.188453 0.694844 0.209750 0.666438 0.213312 0.646312 0.206203 0.633281
0 0.094937 0.833328 0.084281 0.845172 0.089016 0.867656 0.096125 0.893703 0.109141 0.923297 0.123344 0.959984 0.137547 0.994313 0.137547 0.998437 0.175189 0.998437 0.170688 0.973016 0.156484 0.939875 0.152938 0.909094 0.143469 0.885422 0.135187 0.857000 0.125703 0.845172 0.112688 0.832156
0 0.225141 0.160984 0.232250 0.124297 0.238156 0.095875 0.264203 0.068656 0.291437 0.060375 0.316281 0.073391 0.337594 0.101797 0.344703 0.134937 0.344703 0.156250 0.331672 0.158625 0.306813 0.132578 0.300906 0.107719 0.293797 0.100609 0.279594 0.107719 0.270125 0.136125 0.272484 0.170453 0.264203 0.189391 0.242891 0.184656
0 0.438203 0.003547 0.460703 0.020125 0.468984 0.048531 0.471359 0.081672 0.486750 0.112453 0.516328 0.140859 0.531719 0.140859 0.530547 0.107719 0.521062 0.074578 0.508047 0.044984 0.497391 0.003547 0.467797 0.002375
0 0.621688 0.002375 0.637078 0.022484 0.658375 0.034328 0.670219 0.018937 0.664297 0.003547 0.640625 0.001187
0 0.717562 0.036687 0.703359 0.054453 0.678500 0.067469 0.663109 0.084047 0.670219 0.116000 0.693891 0.137313 0.716375 0.158625 0.742422 0.171641 0.756625 0.163359 0.743609 0.142047 0.717562 0.114813 0.703359 0.101797 0.715203 0.092328 0.729406 0.088781 0.748344 0.069844 0.742422 0.044984
0 0.830016 0.095875 0.809891 0.105344 0.795687 0.120734 0.783859 0.146781 0.757812 0.168094 0.740063 0.195312 0.753078 0.217797 0.774391 0.204781 0.785031 0.189391 0.806344 0.170453 0.825281 0.149141 0.839484 0.129031 0.851328 0.104172
0 0.848953 0.002375 0.863156 0.031953 0.880922 0.065109 0.892750 0.091141 0.909328 0.086406 0.911687 0.067469 0.904594 0.031953 0.896313 0.011844 0.893937 0.001187 0.876188 0.001187
0 0.830016 0.176375 0.844219 0.192938 0.837125 0.233188 0.826469 0.261594 0.803984 0.290016 0.787406 0.320781 0.767281 0.336172 0.748344 0.330250 0.755437 0.317234 0.780297 0.271062 0.787406 0.240297 0.806344 0.227266 0.800422 0.190578 0.818188 0.178734
0 0.930641 0.269891 0.908141 0.279359 0.878547 0.295922 0.850141 0.301844 0.807531 0.321969 0.788594 0.350375 0.781484 0.382344 0.776750 0.429688 0.789766 0.446266 0.808719 0.426141 0.820547 0.383516 0.839484 0.363406 0.870266 0.350375 0.904594 0.330250 0.942469 0.326703 0.960234 0.312500 0.962594 0.279359 0.949578 0.266328
0 0.561312 0.364578 0.549484 0.384703 0.535281 0.415484 0.531719 0.440344 0.512781 0.475859 0.480828 0.498344 0.465438 0.525563 0.460703 0.550422 0.490297 0.549250 0.509234 0.538594 0.534094 0.511359 0.548297 0.487687 0.567234 0.462828 0.579078 0.436797 0.574344 0.403641 0.576703 0.385891 0.587359 0.375234 0.575516 0.363406
0 0.618141 0.389437 0.615766 0.433234 0.626422 0.464016 0.641813 0.494797 0.664297 0.527937 0.687969 0.551609 0.714016 0.572922 0.742422 0.598953 0.773203 0.584750 0.767281 0.544500 0.741234 0.536219 0.723484 0.522016 0.704547 0.484141 0.685609 0.460469 0.666672 0.430875 0.658375 0.409562 0.637078 0.385891
0 0.653641 0.539766 0.634703 0.550422 0.603938 0.564625 0.595641 0.595406 0.579078 0.619078 0.570781 0.638016 0.567234 0.645125 0.586172 0.654594 0.605109 0.651047 0.621688 0.622625 0.637078 0.602516 0.639437 0.587125 0.660750 0.590672 0.685609 0.576469 0.685609 0.546875 0.669031 0.537406
0 0.759000 0.492422 0.745969 0.509000 0.757812 0.532672 0.777938 0.545687 0.809891 0.567000 0.835938 0.593047 0.859609 0.616719 0.886844 0.632109 0.897484 0.619078 0.880922 0.582391 0.852516 0.555156 0.832391 0.529125 0.808719 0.518469 0.786219 0.498344
0 0.219219 0.630922 0.235797 0.615531 0.255922 0.615531 0.279594 0.646312 0.303266 0.672344 0.328125 0.687734 0.362453 0.700750 0.390859 0.711406 0.393234 0.733906 0.371922 0.744563 0.348250 0.745734 0.313922 0.729172 0.289062 0.714969 0.271312 0.699578 0.254734 0.677078 0.240531 0.656953
0 0.369562 0.591859 0.400328 0.589484 0.435844 0.604875 0.464250 0.622625 0.485563 0.649859 0.490297 0.677078 0.504500 0.696016 0.504500 0.719703 0.491484 0.736266 0.471359 0.729172 0.458328 0.703125 0.458328 0.679453 0.444125 0.661687 0.427562 0.639203 0.410984 0.634469 0.382578 0.623812 0.356531 0.607250
0 0.545922 0.645125 0.525813 0.674719 0.523438 0.696016 0.516328 0.714969 0.504500 0.731531 0.484375 0.746922 0.468984 0.768234 0.451234 0.784797 0.444125 0.810844 0.466625 0.817937 0.484375 0.808469 0.496219 0.794266 0.529359 0.765859 0.558953 0.739812 0.573156 0.705500 0.584984 0.671172 0.582625 0.652219 0.558953 0.646312
0 0.779125 0.614344 0.759000 0.634469 0.773203 0.660516 0.803984 0.688922 0.833562 0.719703 0.872625 0.742188 0.901047 0.775328 0.916438 0.789531 0.931812 0.765859 0.925906 0.744563 0.898672 0.725609 0.861984 0.675906 0.840672 0.654594 0.818188 0.632109 0.792141 0.616719
0 0.691531 0.609609 0.706906 0.636844 0.731766 0.664062 0.754266 0.697203 0.780297 0.722063 0.788594 0.752844 0.789766 0.778875 0.762547 0.762312 0.744797 0.741000 0.728219 0.722063 0.712828 0.703125 0.699813 0.685375 0.685609 0.662875 0.674953 0.642750 0.669031 0.628547 0.678500 0.611984
0 0.646547 0.692469 0.672578 0.706672 0.691531 0.716141 0.714016 0.735078 0.742422 0.746922 0.761359 0.776516 0.782672 0.802562 0.789766 0.833328 0.777938 0.852266 0.756625 0.852266 0.742422 0.816766 0.725859 0.788359 0.697437 0.768234 0.670219 0.739812 0.659562 0.726797 0.640625 0.722063
0 0.852516 0.793094 0.826469 0.815578 0.809891 0.833328 0.794500 0.854641 0.760188 0.872391 0.740063 0.897250 0.731766 0.916188 0.728219 0.948156 0.736500 0.973016 0.760188 0.975375 0.764922 0.956438 0.774391 0.928031 0.785031 0.907906 0.822922 0.891328 0.851328 0.860563 0.879734 0.826234 0.882109 0.799000
0 0.902219 0.629734 0.928266 0.627375 0.948391 0.642750 0.968516 0.672344 0.975609 0.717328 0.974438 0.756391 0.967328 0.789531 0.956672 0.799000 0.946016 0.777703 0.940109 0.748109 0.938922 0.717328 0.929453 0.688922 0.905781 0.668797 0.885656 0.655781 0.884469 0.640391
0 0.426375 0.935125 0.451234 0.915016 0.467797 0.897250 0.497391 0.879500 0.521062 0.873578 0.547109 0.860563 0.568422 0.846359 0.584984 0.846359 0.586172 0.872391 0.563688 0.897250 0.530547 0.911453 0.504500 0.920922 0.476094 0.939875 0.451234 0.950516 0.431109 0.955250
0 0.233422 0.770594 0.235797 0.796641 0.242891 0.838063 0.257109 0.873578 0.298531 0.892516 0.339969 0.912641 0.373109 0.928031 0.390859 0.913828 0.381391 0.886594 0.355344 0.868844 0.328125 0.854641 0.308000 0.852266 0.290250 0.846359 0.280781 0.839250 0.278406 0.817937 0.276047 0.790719 0.276047 0.774141 0.259469 0.771781
0 0.215672 0.888969 0.236984 0.912641 0.266578 0.939875 0.296172 0.950516 0.335234 0.950516 0.367188 0.946969 0.383766 0.944609 0.384938 0.981297 0.347062 0.991953 0.309188 0.991953 0.268937 0.986031 0.242891 0.963547 0.212125 0.948156 0.195547 0.923297 0.194359 0.897250 0.203828 0.886594
1 0.268656 0.508391 0.288875 0.545703 0.295094 0.572922 0.305969 0.566703 0.318406 0.587688 0.317625 0.627328 0.315297 0.652984 0.324625 0.662312 0.348719 0.673203 0.357281 0.676312 0.362719 0.663875 0.354172 0.656875 0.344844 0.645219 0.351062 0.633547 0.354937 0.620328 0.344844 0.600125 0.354172 0.587688 0.368938 0.572141 0.361937 0.544156 0.360391 0.494406 0.344063 0.488187 0.337063 0.488187 0.326953 0.499844 0.312187 0.503734 0.294313 0.506062 0.280312 0.506844 0.277203 0.506844
1 0.521297 0.661531 0.532953 0.632781 0.546953 0.583016 0.551609 0.555813 0.543844 0.543375 0.539953 0.518500 0.553172 0.515391 0.572609 0.522391 0.585047 0.533266 0.606812 0.556594 0.603703 0.573688 0.588156 0.589234 0.585828 0.608672 0.579609 0.621109 0.574156 0.635109 0.548500 0.643656 0.536063 0.655312 0.531406 0.663875 0.529844 0.670859
1 0.809703 0.022547 0.796484 0.069969 0.821359 0.092500 0.844687 0.097172 0.856344 0.115828 0.847016 0.136031 0.838469 0.156250 0.847797 0.171797 0.891328 0.199781 0.911531 0.177234 0.934859 0.178016 0.943406 0.153922 0.926312 0.139141 0.934078 0.102609 0.902984 0.105719 0.892875 0.099500 0.877328 0.107281 0.859453 0.099500 0.848562 0.086281 0.847797 0.069187 0.855562 0.056750 0.861781 0.045094 0.856344 0.028766 0.853234 0.010109 0.833016 0.017109 0.826797 0.017875
1 0.295094 0.010109 0.292750 0.027203 0.319969 0.060641 0.353391 0.132922 0.356500 0.104937 0.354937 0.076187 0.385266 0.063750 0.407813 0.061406 0.382156 0.027203 0.361156 0.003891 0.311406 0.001563 0.302859 0.004672
1 0.264766 0.277516 0.283422 0.265078 0.288094 0.258859 0.307531 0.277516 0.330063 0.286062 0.344844 0.263531 0.344063 0.225438 0.350281 0.164031 0.372828 0.188906 0.384484 0.268187 0.385266 0.324937 0.379047 0.333484 0.372047 0.360703 0.372047 0.396453 0.360391 0.414328 0.347953 0.395672 0.341734 0.361469 0.331625 0.329609 0.310641 0.323391 0.296641 0.316391 0.290422 0.321047 0.287312 0.310172 0.276437 0.298500
1 0.223563 0.691078 0.208016 0.715953 0.224344 0.738500 0.218906 0.765703 0.224344 0.776578 0.246109 0.772703 0.267875 0.778922 0.283422 0.779687 0.298203 0.786687 0.298969 0.773469 0.284203 0.750156 0.265547 0.751703 0.253109 0.742375 0.243781 0.729172 0.243781 0.720609 0.227453 0.719844 0.223563 0.710516 0.231344 0.701953
1 0.560078 0.309281 0.552031 0.238406 0.552828 0.192500 0.556859 0.172359 0.535922 0.161891 0.561688 0.121625 0.564109 0.081344 0.556859 0.004828 0.606000 0.003219 0.626125 0.036250 0.627734 0.092625 0.617266 0.114375 0.596328 0.130484 0.587469 0.150609 0.579406 0.173156 0.582641 0.203766 0.603578 0.217469 0.619687 0.238406 0.632578 0.249672 0.630156 0.273844 0.581828 0.298000 0.606000 0.335859 0.629344 0.362438 0.612438 0.384188 0.583437 0.373719 0.552828 0.342297
1 0.840375 0.480828 0.830703 0.509016 0.831500 0.531578 0.857281 0.557344 0.887891 0.563781 0.898359 0.543656 0.916078 0.541234 0.912047 0.521906 0.885469 0.511437 0.885469 0.494516 0.874188 0.472781