0 0.267578 0.175781 0.218750 0.175781 0.177734 0.193359 0.123047 0.222656 0.078125 0.253906 0.044922 0.285156 0.007812 0.320312 0.000000 0.351562 0.000000 0.363770 0.005859 0.376953 0.044922 0.371094 0.080078 0.316406 0.126953 0.281250 0.175781 0.257812 0.218750 0.232422 0.269531 0.218750 0.289062 0.199219
0 0.070312 0.001953 0.044922 0.017578 0.019531 0.039062 0.009766 0.064453 0.039062 0.072266 0.080078 0.062500 0.097656 0.044922 0.128906 0.025391 0.176062 0.000766 0.152344 0.001953 0.115234 0.000000
0 0.007812 0.078125 0.000000 0.113281 0.009766 0.136719 0.068359 0.123047 0.125000 0.123047 0.171875 0.093750 0.214844 0.070312 0.238281 0.046875 0.263672 0.001953 0.205078 0.003906 0.175781 0.021484 0.142578 0.048828 0.095703 0.074219 0.054688 0.080078
0 0.093750 0.335938 0.119141 0.361328 0.136719 0.406250 0.146484 0.435547 0.126953 0.468750 0.125000 0.507812 0.148438 0.523438 0.162109 0.548828 0.146484 0.589844 0.142578 0.613281 0.164062 0.640625 0.152344 0.675781 0.121094 0.677734 0.082031 0.650391 0.078125 0.587891 0.091797 0.544922 0.095703 0.480469 0.093750 0.423828 0.070312 0.378906 0.058594 0.355469 0.070312 0.333984
0 0.136719 0.457031 0.173828 0.423828 0.214844 0.394531 0.257812 0.371094 0.302734 0.341797 0.328125 0.304688 0.345703 0.275391 0.355469 0.246094 0.375000 0.242188 0.386719 0.248047 0.394531 0.271484 0.382812 0.326172 0.339844 0.388672 0.294922 0.423828 0.261719 0.441406 0.234375 0.464844 0.207031 0.490234 0.177734 0.517578 0.148438 0.517578 0.130859 0.496094
0 0.320312 0.056641 0.292969 0.058594 0.277344 0.074219 0.267578 0.101562 0.273438 0.146484 0.275391 0.164062 0.287109 0.191406 0.285156 0.222656 0.300781 0.251953 0.312500 0.230469 0.314453 0.187500 0.314453 0.152344 0.316406 0.123047 0.324219 0.097656
0 0.414062 0.222656 0.443359 0.238281 0.484375 0.238281 0.478516 0.283203 0.472656 0.294922 0.437500 0.283203 0.417969 0.277344 0.404297 0.271484 0.384766 0.242188 0.388672 0.220703
0 0.552734 0.138672 0.533203 0.148438 0.531250 0.201172 0.525391 0.259766 0.517578 0.296875 0.509766 0.339844 0.507812 0.392578 0.527344 0.429688 0.558594 0.453125 0.582031 0.447266 0.572266 0.404297 0.560547 0.369141 0.564453 0.337891 0.582031 0.287109 0.582031 0.234375 0.574219 0.187500 0.568359 0.152344
0 0.574219 0.035156 0.562500 0.062500 0.576172 0.099609 0.626953 0.158203 0.677734 0.201172 0.738281 0.234375 0.769531 0.283203 0.814453 0.324219 0.833984 0.337891 0.849609 0.310547 0.837891 0.273438 0.802734 0.230469 0.751953 0.197266 0.699219 0.148438 0.662109 0.109375 0.630859 0.064453 0.613281 0.033203
0 0.750000 0.001953 0.716797 0.019531 0.685547 0.050781 0.669922 0.089844 0.699219 0.117188 0.730469 0.087891 0.761719 0.062500 0.791016 0.041016 0.832031 0.007812 0.810547 0.000000
0 0.660156 0.000000 0.638672 0.013672 0.619141 0.027344 0.595703 0.027344 0.587891 0.013672 0.587891 0.000000 0.630859 0.000000
0 0.634766 0.396484 0.601562 0.425781 0.574219 0.449219 0.552734 0.468750 0.517578 0.488281 0.484375 0.523438 0.445312 0.562500 0.412109 0.601562 0.388672 0.638672 0.388672 0.673828 0.410156 0.697266 0.451172 0.679688 0.466797 0.628906 0.517578 0.576172 0.550781 0.529297 0.605469 0.488281 0.640625 0.458984 0.660156 0.421875
0 0.546875 0.591797 0.562500 0.544922 0.593750 0.517578 0.632812 0.505859 0.707031 0.486328 0.734375 0.480469 0.814453 0.500000 0.857422 0.498047 0.878906 0.525391 0.867188 0.556641 0.826172 0.537109 0.773438 0.529297 0.732422 0.523438 0.687500 0.544922 0.634766 0.558594 0.609375 0.574219 0.585938 0.601562 0.576172 0.609375
0 0.486328 0.707031 0.523438 0.683594 0.552734 0.646484 0.585938 0.611328 0.638672 0.591797 0.705078 0.574219 0.765625 0.562500 0.792969 0.550781 0.822266 0.552734 0.830078 0.585938 0.789062 0.613281 0.726562 0.613281 0.671875 0.642578 0.619141 0.666016 0.597656 0.679688 0.564453 0.699219 0.541016 0.718750 0.517578 0.748047 0.498047 0.757812 0.482422 0.738281
0 0.199219 0.812500 0.230469 0.802734 0.261719 0.798828 0.292969 0.792969 0.324219 0.775391 0.367188 0.757812 0.384766 0.726562 0.455078 0.708984 0.468750 0.703125 0.472656 0.734375 0.451172 0.763672 0.396484 0.781250 0.355469 0.806641 0.326172 0.832031 0.281250 0.841797 0.251953 0.849609 0.216797 0.851562 0.197266 0.841797
0 0.505859 0.814453 0.542969 0.798828 0.599609 0.787109 0.636719 0.792969 0.716797 0.791016 0.755859 0.791016 0.798828 0.755859 0.847656 0.734375 0.873047 0.732422 0.880859 0.763672 0.837891 0.802734 0.783203 0.830078 0.742188 0.849609 0.667969 0.849609 0.589844 0.843750 0.513672 0.857422
0 0.810547 0.867188 0.783203 0.867188 0.730469 0.863281 0.673828 0.863281 0.623047 0.878906 0.572266 0.908203 0.513672 0.955078 0.492188 0.998437 0.567187 0.998437 0.570312 0.996094 0.605469 0.960938 0.634766 0.937500 0.707031 0.919922 0.759766 0.914062 0.822266 0.912109 0.830078 0.888672
0 0.609996 0.998437 0.621094 0.990234 0.671875 0.953125 0.716797 0.939453 0.761719 0.933594 0.816406 0.925781 0.851562 0.933594 0.837891 0.966797 0.777344 0.976562 0.730469 0.980469 0.696832 0.998437
0 0.910156 0.587891 0.886719 0.578125 0.865234 0.595703 0.861328 0.632812 0.882812 0.673828 0.917969 0.738281 0.923828 0.775391 0.923828 0.814453 0.908203 0.863281 0.896484 0.923828 0.894531 0.962891 0.935219 0.961125 0.960938 0.902344 0.968750 0.830078 0.976562 0.781250 0.966797 0.722656 0.939453 0.648438 0.921875 0.625000
0 0.126953 0.923828 0.111328 0.853516 0.113281 0.808594 0.132812 0.757812 0.150391 0.720703 0.181641 0.685547 0.228516 0.685547 0.273438 0.685547 0.337891 0.708984 0.361328 0.718750 0.365234 0.757812 0.316406 0.773438 0.277344 0.748047 0.230469 0.738281 0.187500 0.765625 0.171875 0.822266 0.166016 0.882812 0.169922 0.933594
0 0.404297 0.791016 0.359375 0.814453 0.316406 0.869141 0.269531 0.910156 0.228516 0.957031 0.197266 0.996094 0.194593 0.998437 0.268359 0.998437 0.281250 0.976562 0.326172 0.937500 0.382812 0.896484 0.416016 0.847656 0.433594 0.800781
0 0.056641 0.763672 0.031250 0.794922 0.000000 0.853516 0.012019 0.998437 0.015625 0.994141 0.037109 0.947266 0.048828 0.892578 0.072266 0.847656 0.095703 0.802734 0.093750 0.769531
0 0.865234 0.386719 0.876953 0.345703 0.904297 0.302734 0.937500 0.261719 0.992188 0.216797 0.998437 0.205078 0.998437 0.300000 0.982422 0.316406 0.937500 0.345703 0.914062 0.386719 0.908203 0.414062 0.892578 0.402344
0 0.828125 0.234375 0.875000 0.191406 0.919922 0.146484 0.962891 0.085938 0.998437 0.058105 0.998437 0.135417 0.976562 0.171875 0.931641 0.216797 0.902344 0.238281 0.863281 0.263672 0.832031 0.259766
1 0.354172 0.004844 0.338422 0.070250 0.331156 0.124750 0.322672 0.145344 0.333578 0.174422 0.337203 0.190172 0.326313 0.191375 0.326313 0.219234 0.314203 0.224078 0.317828 0.245875 0.314203 0.261625 0.305719 0.267687 0.312984 0.299172 0.326313 0.302813 0.342047 0.273734 0.345688 0.250734 0.373547 0.234984 0.385656 0.215594 0.403828 0.214391 0.420781 0.199859 0.414734 0.165938 0.431687 0.122328 0.448641 0.086000 0.451062 0.055719 0.457125 0.007266 0.431687 0.003641 0.390500 0.003641
1 0.194859 0.504594 0.178313 0.569859 0.162688 0.613969 0.149812 0.709562 0.165437 0.696688 0.204969 0.680141 0.217828 0.672797 0.226109 0.636953 0.198531 0.624078 0.201281 0.596500 0.215078 0.565250 0.222422 0.544125 0.236219 0.523891 0.233453 0.508266 0.237125 0.490812 0.241734 0.472422 0.238047 0.464156 0.226109 0.480703
1 0.159000 0.954047 0.148891 0.975187 0.139703 0.989891 0.140795 0.998437 0.195766 0.998437 0.196687 0.999078 0.216906 0.970594 0.205875 0.958641 0.189344 0.943937 0.175547 0.924625 0.162688 0.938422
1 0.170031 0.877750 0.167281 0.851109 0.171875 0.827203 0.184750 0.809750 0.187500 0.784000 0.196687 0.773891 0.211391 0.751844 0.221500 0.742641 0.247250 0.741734 0.254594 0.750000 0.238047 0.778500 0.220594 0.790438 0.204969 0.800547 0.194859 0.818016 0.188422 0.830875 0.197609 0.846500 0.207719 0.857531 0.181984 0.863047
0 0.000000 0.840570 0.004672 0.838031 0.130266 0.784906 0.139922 0.714859 0.000000 0.773407
0 0.231703 0.239094 0.251016 0.342938 0.246187 0.468531 0.219625 0.565125 0.205125 0.640000 0.246187 0.632750 0.287250 0.553063 0.308984 0.449203 0.308984 0.280156 0.282406 0.243922 0.260672 0.243922
0 0.296906 0.823547 0.280000 0.879094 0.287250 0.999844 0.287301 0.998437 0.357511 0.998437 0.342797 0.958797 0.342797 0.828375