0 0.000000 0.107717 0.000500 0.107109 0.014359 0.086953 0.024453 0.078125 0.050906 0.085687 0.034531 0.124750 0.008062 0.176406 0.000000 0.203479
0 0.077375 0.052922 0.066031 0.073078 0.062250 0.114672 0.063516 0.157516 0.084922 0.183969 0.102578 0.219250 0.125250 0.240672 0.135328 0.243203 0.150453 0.224297 0.135328 0.202875 0.122734 0.182719 0.108875 0.152469 0.106344 0.132312 0.115172 0.107109 0.115172 0.071828 0.101313 0.057969 0.092484 0.050406
0 0.121469 0.141125 0.147937 0.138609 0.189516 0.156250 0.217234 0.172625 0.236141 0.200359 0.248734 0.230594 0.234875 0.268391 0.250000 0.288562 0.241172 0.307453 0.214719 0.293594 0.205891 0.264609 0.202109 0.235641 0.200859 0.226813 0.180703 0.195312 0.160531 0.195312 0.131547 0.178937 0.120219 0.161297
0 0.040828 0.167594 0.030750 0.201609 0.016891 0.233109 0.013109 0.260844 0.010578 0.287297 0.034531 0.306203 0.064766 0.313766 0.093750 0.312500 0.098797 0.282266 0.087453 0.263359 0.073594 0.267141 0.059734 0.283516 0.049641 0.283516 0.044609 0.269656 0.053422 0.241937 0.062250 0.211687 0.066031 0.196578 0.072328 0.182719 0.063516 0.170109
0 0.000000 0.588543 0.016891 0.592234 0.057203 0.592234 0.078625 0.584672 0.089969 0.575859 0.089969 0.545609 0.072328 0.544359 0.044609 0.545609 0.010578 0.550656 0.000000 0.548012
0 0.208422 0.427172 0.189516 0.428422 0.181953 0.451109 0.160531 0.476312 0.140375 0.504031 0.123984 0.520406 0.118953 0.541828 0.129031 0.555703 0.150453 0.558219 0.165578 0.559469 0.176922 0.546875 0.161797 0.534281 0.159281 0.529234 0.176922 0.517891 0.199594 0.496469 0.225266 0.464250 0.229844 0.444812 0.227313 0.430953
0 0.145406 0.564516 0.113906 0.570812 0.102578 0.596016 0.092484 0.616172 0.081156 0.640125 0.063516 0.669109 0.050906 0.693047 0.057203 0.715719 0.078625 0.722031 0.089969 0.715719 0.088703 0.698078 0.108875 0.672891 0.127766 0.645156 0.154234 0.609875 0.152969 0.577109
0 0.000000 0.697096 0.035781 0.701859 0.048391 0.710687 0.077375 0.733359 0.084922 0.761094 0.091234 0.788812 0.100047 0.826609 0.068547 0.845516 0.042094 0.808969 0.034531 0.764875 0.020672 0.743453 0.000000 0.739471
0 0.020672 0.756047 0.004281 0.773688 0.000000 0.779399 0.000000 0.902404 0.001766 0.902219 0.011844 0.892141 0.000500 0.868203 0.000500 0.845516 0.010578 0.825359 0.028219 0.803937 0.038312 0.796375 0.034531 0.767391
0 0.462953 0.942547 0.441531 0.946328 0.413813 0.960187 0.383563 0.969000 0.368453 0.989156 0.366975 0.998437 0.407059 0.998437 0.411297 0.992938 0.430188 0.990422 0.462953 0.990422 0.476812 0.974047 0.480594 0.950094
0 0.166828 0.819047 0.160531 0.839219 0.160531 0.859375 0.176922 0.880797 0.192031 0.906000 0.208422 0.933719 0.226062 0.953875 0.251266 0.966484 0.267641 0.970266 0.273938 0.941281 0.255047 0.924906 0.229844 0.878281 0.226062 0.848031 0.204641 0.827875 0.183219 0.820312
0 0.081156 0.958922 0.135328 0.971516 0.170609 0.985391 0.184469 0.991687 0.179438 0.966484 0.190781 0.947578 0.209672 0.946328 0.228578 0.961438 0.236141 0.992938 0.230198 0.998437 0.083358 0.998437 0.068547 0.994203 0.064766 0.974047
0 0.340719 0.772422 0.316781 0.783766 0.306703 0.803937 0.300406 0.839219 0.291578 0.873234 0.277719 0.904734 0.276469 0.928672 0.275203 0.967734 0.306703 0.981609 0.318047 0.984125 0.321828 0.958922 0.318047 0.919859 0.334422 0.875750 0.341984 0.835437 0.352063 0.800156 0.365922 0.786297 0.355844 0.772422
0 0.451609 0.800156 0.420109 0.791328 0.394906 0.788812 0.374750 0.803937 0.358359 0.831656 0.347031 0.866938 0.335688 0.893391 0.335688 0.917344 0.338203 0.937500 0.357109 0.943797 0.381047 0.918594 0.389875 0.873234 0.399953 0.846781 0.406250 0.829141 0.420109 0.824094
0 0.242437 0.766125 0.253781 0.740922 0.278984 0.725812 0.299141 0.719500 0.339469 0.691781 0.362141 0.682969 0.404984 0.681703 0.421375 0.693047 0.418844 0.705641 0.387344 0.715719 0.354594 0.725812 0.321828 0.753531 0.296625 0.772422 0.265125 0.790078 0.244953 0.779984
0 0.134078 0.643906 0.159281 0.642641 0.197078 0.656500 0.222281 0.672891 0.244953 0.713203 0.262594 0.734625 0.246219 0.749750 0.237406 0.749750 0.218500 0.727062 0.204641 0.703125 0.187000 0.693047 0.161797 0.693047 0.141641 0.689266 0.130297 0.670359
0 0.290328 0.625000 0.325609 0.607359 0.359625 0.601063 0.393656 0.599797 0.422625 0.601063 0.444047 0.627516 0.457906 0.662797 0.432719 0.680438 0.418844 0.664062 0.410031 0.643906 0.389875 0.638859 0.357109 0.642641 0.335688 0.647687 0.313000 0.656500 0.296625 0.657766 0.289062 0.643906
0 0.457906 0.675406 0.486891 0.688000 0.507062 0.716984 0.519656 0.754781 0.532266 0.774953 0.554937 0.797625 0.558719 0.812750 0.547375 0.822828 0.519656 0.815266 0.495719 0.786297 0.471781 0.751016 0.460437 0.724547 0.439016 0.695563 0.435234 0.685484
0 0.601562 0.497734 0.597781 0.530500 0.578875 0.563250 0.558719 0.589719 0.537297 0.614922 0.528484 0.645156 0.537297 0.660281 0.547375 0.661547 0.575094 0.641375 0.592734 0.603578 0.614156 0.582156 0.629281 0.554437 0.635578 0.507812 0.630547 0.492688 0.619203 0.492688
0 0.447828 0.560734 0.476812 0.550656 0.500750 0.550656 0.522172 0.549391 0.544859 0.538047 0.553672 0.515375 0.559984 0.482609 0.575094 0.478828 0.588969 0.486391 0.587703 0.521672 0.575094 0.560734 0.552422 0.578375 0.523438 0.592234 0.485641 0.598531 0.468000 0.604844 0.445312 0.584672
0 0.727578 0.403219 0.720016 0.433469 0.716234 0.471266 0.722531 0.500250 0.733875 0.527969 0.748984 0.540578 0.740172 0.570812 0.732609 0.607359 0.750250 0.630047 0.771672 0.606094 0.790578 0.558219 0.794359 0.520406 0.781750 0.493953 0.766641 0.483875 0.770406 0.451109 0.772938 0.420859 0.757812 0.404484 0.746469 0.398188
0 0.877516 0.323844 0.864922 0.345266 0.876266 0.381797 0.890125 0.412047 0.897687 0.444812 0.907766 0.480094 0.910281 0.525453 0.919109 0.554437 0.943047 0.548141 0.943047 0.515375 0.948078 0.470016 0.943047 0.438516 0.925406 0.391891 0.915328 0.349047 0.903984 0.321328 0.896422 0.316281
0 0.360891 0.412047 0.364672 0.451109 0.367188 0.482609 0.374750 0.512859 0.398687 0.524188 0.432719 0.533016 0.470516 0.544359 0.484375 0.539313 0.483109 0.517891 0.471781 0.498984 0.450359 0.490172 0.423891 0.491437 0.410031 0.475047 0.399953 0.444812 0.394906 0.418344 0.384828 0.404484
0 0.142891 0.372984 0.158016 0.350297 0.189516 0.349047 0.246219 0.364156 0.295359 0.369203 0.331906 0.385578 0.354594 0.395672 0.347031 0.422125 0.341984 0.432203 0.314266 0.419609 0.268906 0.405750 0.237406 0.398188 0.212203 0.396922 0.180703 0.399453 0.155500 0.391891
0 0.392391 0.186484 0.382312 0.202875 0.382312 0.226813 0.384828 0.250750 0.378531 0.278484 0.369703 0.325094 0.368453 0.350297 0.378531 0.375500 0.401203 0.367937 0.401203 0.333922 0.412547 0.302422 0.420109 0.267141 0.425156 0.231859 0.425156 0.199094 0.410031 0.178937
0 0.452875 0.288562 0.454141 0.315016 0.478078 0.338969 0.496969 0.360391 0.513359 0.375500 0.522172 0.398188 0.519656 0.419609 0.510844 0.444812 0.503281 0.471266 0.524703 0.475047 0.547375 0.448594 0.561234 0.417094 0.559984 0.385578 0.546125 0.357859 0.520922 0.333922 0.496969 0.299906 0.471781 0.286031
0 0.228578 0.404484 0.244953 0.432203 0.252516 0.457406 0.261344 0.495219 0.268906 0.534281 0.286547 0.562000 0.310484 0.554437 0.318047 0.522938 0.309219 0.486391 0.305438 0.461188 0.291578 0.429688 0.281500 0.412047 0.257563 0.407000
0 0.641891 0.321328 0.663312 0.317547 0.697328 0.313766 0.731344 0.317547 0.737656 0.331406 0.752766 0.344000 0.785531 0.341484 0.809469 0.331406 0.829641 0.354078 0.829641 0.370469 0.800656 0.369203 0.776719 0.360391 0.750250 0.356609 0.720016 0.360391 0.696063 0.360391 0.674641 0.361641 0.657000 0.360391 0.636844 0.351562 0.624250 0.337703
0 0.738906 0.315016 0.752766 0.299906 0.777969 0.283516 0.806953 0.277219 0.824594 0.269656 0.844766 0.265875 0.895156 0.258313 0.920359 0.252016 0.930438 0.254531 0.921625 0.281000 0.886344 0.299906 0.852313 0.302422 0.823344 0.313766 0.796875 0.327625 0.769156 0.335188 0.748984 0.335188
0 0.640625 0.170109 0.665828 0.186484 0.707406 0.216734 0.733875 0.245719 0.750250 0.260844 0.751516 0.287297 0.735125 0.302422 0.714969 0.279734 0.694813 0.255797 0.672125 0.238156 0.650703 0.215469 0.630547 0.197828 0.617938 0.182719 0.622984 0.171375
0 0.614156 0.066781 0.594000 0.090719 0.577625 0.136094 0.565016 0.170109 0.547375 0.192797 0.542344 0.212953 0.544859 0.250750 0.566281 0.249500 0.583922 0.210437 0.602828 0.165078 0.616688 0.134828 0.624250 0.109625 0.633063 0.084422 0.629281 0.069297
0 0.275203 0.173891 0.319297 0.161297 0.352063 0.149953 0.386094 0.128531 0.423891 0.114672 0.444047 0.104594 0.436484 0.137344 0.416328 0.154984 0.373484 0.180188 0.340719 0.204141 0.310484 0.219250 0.295359 0.223031 0.273938 0.211687 0.270156 0.195312
0 0.436484 0.147422 0.452875 0.161297 0.465469 0.177672 0.484375 0.202875 0.508313 0.223031 0.525953 0.244453 0.527219 0.269656 0.507062 0.279734 0.478078 0.262094 0.464219 0.231859 0.449094 0.207906 0.431453 0.186484 0.417594 0.166328 0.411297 0.158766 0.423891 0.148688
0 0.311750 0.001266 0.304187 0.023938 0.297891 0.045359 0.301656 0.080641 0.309219 0.100812 0.309219 0.126016 0.275203 0.166328 0.294109 0.168844 0.330641 0.153734 0.349547 0.120969 0.349547 0.083172 0.345766 0.049141 0.339469 0.018906 0.325609 0.003781
0 0.236141 0.001266 0.256297 0.021422 0.281500 0.040328 0.299141 0.061750 0.296625 0.030234 0.307969 0.011344 0.299141 0.000000 0.266375 0.000000
0 0.045859 0.001266 0.040828 0.020156 0.048391 0.037797 0.057203 0.051656 0.072328 0.052922 0.078625 0.036547 0.074844 0.010078 0.079891 0.000000 0.059734 0.002516
0 0.808219 0.003781 0.828375 0.021422 0.853578 0.046625 0.892641 0.075609 0.917844 0.095766 0.921625 0.117188 0.924141 0.139875 0.902719 0.146172 0.880047 0.133563 0.856094 0.100812 0.832156 0.071828 0.809469 0.045359 0.788047 0.015125
0 0.954391 0.099547 0.935484 0.113406 0.930438 0.137344 0.906500 0.160031 0.883828 0.176406 0.863656 0.187750 0.847281 0.207906 0.839719 0.238156 0.844766 0.258313 0.867438 0.257063 0.885078 0.246969 0.891375 0.216734 0.903984 0.202875 0.930438 0.197828 0.951859 0.171375 0.963203 0.141125 0.968250 0.118453
0 0.973281 0.162547 0.987141 0.190266 0.983359 0.228078 0.975812 0.262094 0.969500 0.298641 0.956906 0.326359 0.938000 0.327625 0.925406 0.298641 0.936750 0.252016 0.949344 0.212953 0.953125 0.186484
0 0.949344 0.031500 0.978328 0.054187 0.998437 0.074771 0.998437 0.128027 0.997234 0.126016 0.980844 0.100812 0.956906 0.078125 0.939266 0.065531 0.932969 0.044109
1 0.384734 0.007484 0.384734 0.032750 0.380984 0.060813 0.379109 0.095437 0.367891 0.116016 0.376313 0.130047 0.409062 0.116953 0.436187 0.108531 0.447422 0.115078 0.447422 0.134734 0.452094 0.148766 0.469875 0.141281 0.455844 0.127250 0.460516 0.112281 0.451156 0.094500 0.437125 0.086078 0.429641 0.071109 0.429641 0.045844 0.428703 0.024328 0.438063 0.011234 0.437125 0.002812 0.410000 0.000937
1 0.732781 0.004672 0.726234 0.025266 0.715938 0.063625 0.702844 0.106656 0.703781 0.141281 0.708453 0.157187 0.694422 0.175891 0.676641 0.179641 0.695359 0.202094 0.719687 0.225484 0.744953 0.217062 0.745891 0.180578 0.759922 0.140344 0.742141 0.129109 0.749625 0.106656 0.758047 0.089828 0.781437 0.093563 0.787984 0.062687 0.773953 0.045844 0.773953 0.026203 0.785172 0.001875
1 0.651391 0.252625 0.658875 0.302203 0.676641 0.311563 0.718750 0.315312 0.719687 0.304078 0.701906 0.283500 0.695359 0.260109 0.666359 0.239516
1 0.906812 0.583828 0.893719 0.636234 0.924594 0.751312 0.947047 0.833641 0.975109 0.821484 0.981656 0.791547 0.986344 0.726047 0.981656 0.644641 0.968563 0.609094 0.955469 0.584766 0.924594 0.569797
1 0.364000 0.514188 0.361609 0.542891 0.360016 0.577969 0.364000 0.596297 0.397484 0.595500 0.417406 0.596297 0.418203 0.589922 0.406250 0.583547 0.399078 0.568406 0.404656 0.558031 0.412625 0.545281 0.412625 0.536516 0.392703 0.532531 0.384719 0.521359 0.379141 0.515781
1 0.362406 0.650516 0.358422 0.686391 0.383125 0.683188 0.415016 0.689578 0.428578 0.696750 0.428578 0.681594 0.418203 0.672031 0.414219 0.658484 0.396687 0.644937 0.379141 0.646531
1 0.366391 0.733422 0.352047 0.760516 0.357625 0.775672 0.363203 0.795594 0.352844 0.801984 0.352047 0.814734 0.375953 0.800375 0.404656 0.786031 0.410234 0.770094 0.406250 0.750156 0.402266 0.726250 0.383922 0.723859
1 0.367188 0.271047 0.352844 0.289375 0.348062 0.334828 0.352844 0.367500 0.364000 0.404172 0.390312 0.405766 0.403063 0.397797 0.422188 0.363516 0.438937 0.327641 0.421391 0.297359 0.409437 0.311703 0.400672 0.335625 0.399078 0.353953 0.400672 0.365109 0.389516 0.371500 0.377547 0.370688 0.365594 0.349969 0.371172 0.321266 0.366391 0.299750 0.369578 0.281406
1 0.325734 0.906406 0.313781 0.937500 0.327328 0.956625 0.336094 0.978953 0.367984 0.980547 0.387125 0.964609 0.395094 0.951844 0.403063 0.922359 0.408641 0.916766 0.408641 0.896844 0.409437 0.879312 0.396687 0.867344 0.385516 0.897641 0.379141 0.917563 0.371172 0.927937 0.356828 0.943875 0.345656 0.945469 0.331312 0.936703 0.330516 0.919969
1 0.938781 0.336422 0.937984 0.365109 0.949938 0.467156 0.973062 0.462375 0.972250 0.424906 0.983422 0.412156 0.994578 0.403375 0.998437 0.390905 0.998437 0.381769 0.991391 0.370688 0.979437 0.349172 0.948344 0.334031
0 0.404422 0.582500 0.431828 0.582500 0.448500 0.546766 0.477094 0.495547 0.494953 0.472906 0.512828 0.446703 0.506875 0.402625 0.480656 0.413344 0.453266 0.463375 0.423484 0.522938 0.405609 0.565813
0 0.604547 0.233469 0.612891 0.309719 0.625984 0.393094 0.654578 0.420500 0.674828 0.422875 0.676016 0.396672 0.659344 0.371656 0.651000 0.287078 0.634328 0.215609