0 0.002203 0.171156 0.019328 0.181094 0.051187 0.179109 0.074047 0.173406 0.098812 0.158156 0.115969 0.167687 0.131219 0.186734 0.133125 0.207703 0.112156 0.230563 0.072141 0.240094 0.033672 0.246250 0.002203 0.243484 0.001656 0.220297
0 0.279844 0.173406 0.268406 0.144813 0.258875 0.123859 0.251250 0.106703 0.243641 0.083844 0.230297 0.072406 0.213141 0.043828 0.192188 0.024766 0.178844 0.005719 0.165516 0.000000 0.138828 0.000000 0.121687 0.005719 0.121687 0.034297 0.150266 0.057172 0.173125 0.093375 0.197906 0.135297 0.205531 0.186734 0.224578 0.209609 0.247453 0.221031 0.261703 0.219750 0.279922 0.225266 0.290422 0.217531 0.294281 0.202625
0 0.247453 0.003812 0.272219 0.001906 0.285562 0.007625 0.287469 0.034297 0.279844 0.051453 0.260781 0.062875 0.239828 0.055266 0.209344 0.036203 0.188375 0.013344 0.187172 0.002203 0.215047 0.001906
0 0.300797 0.015250 0.329375 0.005719 0.365594 0.007625 0.397984 0.028578 0.447516 0.051453 0.485625 0.085750 0.516125 0.116234 0.531359 0.133391 0.546609 0.142906 0.542797 0.165781 0.531359 0.182922 0.500875 0.182922 0.476109 0.167687 0.458953 0.150531 0.445625 0.135297 0.411313 0.110516 0.371297 0.097188 0.338906 0.081937 0.310328 0.081937 0.298891 0.066687 0.293172 0.034297
0 0.274125 0.068594 0.302703 0.087656 0.333188 0.114328 0.363687 0.141000 0.403703 0.161969 0.447516 0.173406 0.479922 0.184828 0.493250 0.205797 0.498969 0.234375 0.481453 0.241828 0.432281 0.236281 0.388453 0.221031 0.346531 0.205797 0.310328 0.165781 0.279844 0.139094 0.264594 0.106703 0.251250 0.078125
0 0.651406 0.040016 0.624734 0.020953 0.615203 0.007625 0.615203 0.001906 0.639984 0.000000 0.695234 0.001906 0.700953 0.024766 0.681891 0.041922
0 0.729531 0.053359 0.742875 0.028578 0.740969 0.009531 0.740969 0.001906 0.790641 0.001656 0.792422 0.028578 0.782891 0.057172 0.763828 0.072406 0.748594 0.066687
0 0.605672 0.142906 0.636172 0.120047 0.678094 0.108609 0.714297 0.108609 0.742875 0.118141 0.773359 0.160062 0.805750 0.184828 0.849578 0.198172 0.881969 0.207703 0.910562 0.224844 0.923891 0.238187 0.923891 0.255328 0.916516 0.265016 0.857203 0.261047 0.813375 0.243906 0.771453 0.226750 0.750500 0.219125 0.731437 0.196266 0.706672 0.165781 0.691422 0.152438 0.674281 0.160062 0.630453 0.182922 0.609484 0.192453 0.596156 0.177203 0.594250 0.160062
0 0.556141 0.274391 0.521844 0.295344 0.483734 0.312500 0.455141 0.342984 0.417031 0.373469 0.401797 0.398250 0.367500 0.440172 0.344625 0.468750 0.325578 0.485906 0.323672 0.506859 0.344625 0.522109 0.367500 0.504953 0.403703 0.476375 0.432281 0.438266 0.460859 0.409687 0.504687 0.367766 0.540891 0.350609 0.592344 0.322031 0.605672 0.299156 0.617828 0.294281 0.606781 0.271094 0.588531 0.268672
0 0.260047 0.248453 0.249359 0.259141 0.243641 0.287734 0.249359 0.306781 0.258875 0.339172 0.274125 0.371563 0.270313 0.400156 0.253156 0.419203 0.216953 0.417297 0.165516 0.419203 0.146453 0.407781 0.196000 0.436359 0.217531 0.458266 0.237922 0.489703 0.274125 0.478281 0.316047 0.445891 0.331281 0.400156 0.335094 0.354422 0.319859 0.310594 0.306516 0.278203 0.277719 0.246250
0 0.155984 0.518297 0.114062 0.529719 0.058797 0.548781 0.028313 0.552594 0.000000 0.553125 0.004422 0.576406 0.024844 0.584688 0.051187 0.605938 0.098812 0.600234 0.146453 0.583078 0.178844 0.573547 0.194094 0.556406 0.182656 0.533531
0 0.000000 0.354687 0.043562 0.362047 0.074047 0.379188 0.114062 0.398250 0.152172 0.424922 0.182656 0.434453 0.205531 0.451594 0.220766 0.474469 0.239828 0.506859 0.268406 0.518297 0.260781 0.546875 0.247453 0.565937 0.222672 0.565937 0.197906 0.550687 0.176937 0.516391 0.150266 0.487812 0.112156 0.468750 0.075953 0.453500 0.049281 0.443984 0.024500 0.423016 0.001641 0.413484 0.000000 0.395313
0 0.001641 0.314406 0.032125 0.301063 0.058797 0.289641 0.085484 0.270578 0.117875 0.268672 0.136922 0.268672 0.140734 0.301063 0.142641 0.327750 0.138031 0.337344 0.123594 0.331562 0.096906 0.335359 0.068328 0.344891 0.055000 0.356328 0.022641 0.353906 0.000000 0.340625
0 0.003547 0.251531 0.023187 0.247344 0.056875 0.252312 0.075953 0.255328 0.082812 0.268328 0.035328 0.296484 0.012141 0.301453 0.000000 0.293172
0 0.003547 0.712656 0.035937 0.722187 0.075953 0.737422 0.098812 0.756484 0.108344 0.771719 0.108344 0.786969 0.102625 0.796500 0.079766 0.796500 0.055000 0.796500 0.032125 0.783156 0.001641 0.771719 0.001641 0.743141
0 0.003547 0.794594 0.024500 0.790781 0.072141 0.802203 0.100719 0.828891 0.119781 0.853656 0.138828 0.893672 0.167422 0.935594 0.173125 0.958453 0.171234 0.981328 0.161042 0.998437 0.149911 0.998437 0.135016 0.996562 0.114062 0.992766 0.095000 0.960359 0.091203 0.933687 0.072141 0.908922 0.056891 0.876531 0.028313 0.847937 0.001656 0.842531 0.001641 0.813641
0 0.189702 0.998437 0.178516 0.964844 0.172656 0.929688 0.168750 0.892578 0.172656 0.865234 0.201953 0.839844 0.225391 0.839844 0.233203 0.861328 0.231250 0.890625 0.231250 0.927734 0.241016 0.964844 0.262500 0.994141 0.268976 0.998437
0 0.133594 0.750000 0.174609 0.750000 0.211719 0.755859 0.241016 0.771484 0.264453 0.794922 0.295703 0.818359 0.334766 0.857422 0.358203 0.904297 0.362109 0.925781 0.325000 0.941406 0.295703 0.914062 0.278125 0.894531 0.256641 0.878906 0.239063 0.855469 0.209766 0.830078 0.170703 0.828125 0.139453 0.812500 0.125781 0.785156 0.114062 0.755859
0 0.260547 0.679688 0.270313 0.710938 0.283984 0.751953 0.297656 0.777344 0.319141 0.812500 0.328906 0.847656 0.348438 0.876953 0.367969 0.904297 0.393359 0.931641 0.418750 0.947266 0.438281 0.945312 0.455859 0.943359 0.459766 0.925781 0.453906 0.900391 0.442188 0.873047 0.410938 0.835938 0.381641 0.806641 0.356250 0.771484 0.338672 0.720703 0.325000 0.683594 0.315234 0.656250 0.285938 0.656250 0.272266 0.660156
0 0.438281 0.832031 0.426563 0.783203 0.430469 0.748047 0.453906 0.708984 0.483203 0.685547 0.502734 0.662109 0.551562 0.648438 0.594531 0.652344 0.633594 0.664062 0.658984 0.681641 0.662891 0.707031 0.653125 0.734375 0.610156 0.724609 0.578906 0.716797 0.561328 0.716797 0.532031 0.724609 0.508594 0.751953 0.496875 0.787109 0.498828 0.820312 0.491016 0.843750 0.465625 0.855469
0 0.541625 0.643219 0.586719 0.591797 0.590625 0.564453 0.584766 0.533203 0.582812 0.509766 0.565234 0.480469 0.549609 0.457031 0.546047 0.432859 0.562063 0.421266 0.606234 0.435625 0.633594 0.468750 0.647266 0.511719 0.660937 0.580078 0.655078 0.623047 0.616719 0.654813 0.584141 0.647641
0 0.606250 0.353516 0.627734 0.380859 0.645312 0.384766 0.651172 0.417969 0.651172 0.449219 0.655359 0.492484 0.657031 0.521484 0.657031 0.546875 0.674609 0.558594 0.686328 0.550781 0.700000 0.521484 0.709766 0.496094 0.715625 0.455078 0.707812 0.412109 0.696094 0.369141 0.684375 0.332031 0.664844 0.318359 0.635547 0.298828 0.614062 0.318359
0 0.725391 0.542969 0.744922 0.496094 0.758594 0.449219 0.778125 0.412109 0.793750 0.378906 0.809375 0.351562 0.828906 0.330078 0.850391 0.310547 0.866016 0.310547 0.869922 0.328125 0.873828 0.349609 0.858203 0.384766 0.844531 0.423828 0.821094 0.466797 0.809375 0.501953 0.792297 0.553781 0.774625 0.585797 0.761969 0.599062 0.734047 0.598406 0.725391 0.570312
0 0.731391 0.683516 0.715625 0.697266 0.696094 0.720703 0.676562 0.738281 0.655078 0.751953 0.635547 0.779297 0.619922 0.814453 0.629687 0.851562 0.637500 0.878906 0.639453 0.902344 0.635547 0.929688 0.637500 0.951172 0.655078 0.960938 0.674609 0.945312 0.684375 0.916016 0.688281 0.871094 0.688281 0.835938 0.686328 0.796875 0.698047 0.785156 0.723437 0.765625 0.746875 0.753906 0.766891 0.734875 0.776172 0.699219 0.754687 0.679688
0 0.825000 0.822266 0.803516 0.804688 0.805469 0.779297 0.803516 0.753906 0.797656 0.720703 0.795703 0.707031 0.795703 0.679688 0.807422 0.656250 0.828906 0.621094 0.852344 0.593750 0.873828 0.589844 0.891406 0.613281 0.889453 0.640625 0.871875 0.673828 0.862109 0.705078 0.862109 0.732422 0.873828 0.751953 0.879687 0.775391 0.879687 0.816406 0.850391 0.833984
0 0.733203 0.234375 0.701953 0.234375 0.678516 0.242188 0.658984 0.257812 0.655078 0.287109 0.664844 0.310547 0.692187 0.318359 0.727344 0.316406 0.758594 0.302734 0.783984 0.302734 0.826953 0.298828 0.867969 0.298828 0.899219 0.298828 0.928516 0.289062 0.950000 0.271484 0.967578 0.246094 0.969531 0.224609 0.951953 0.222656 0.927016 0.223609 0.931422 0.246250 0.928516 0.265625 0.879687 0.269531 0.846484 0.263672 0.813281 0.248047 0.782031 0.242188 0.754687 0.238281
0 0.886297 0.595078 0.873828 0.560547 0.867969 0.519531 0.869922 0.480469 0.873828 0.447266 0.905078 0.408203 0.905078 0.371094 0.901172 0.341797 0.889453 0.318359 0.912891 0.310547 0.942187 0.333984 0.963672 0.351562 0.953906 0.390625 0.962094 0.429516 0.932422 0.480469 0.930469 0.521484 0.938281 0.554688 0.924609 0.582031 0.916891 0.595750
0 0.903125 0.609375 0.944141 0.582031 0.985156 0.562500 0.998437 0.551562 0.998437 0.615709 0.983203 0.628906 0.950000 0.664062 0.926562 0.679688 0.895609 0.670219 0.887500 0.640625
0 0.819141 0.851562 0.797656 0.871094 0.805469 0.894531 0.832812 0.908203 0.893359 0.906250 0.940234 0.888672 0.983203 0.863281 0.998437 0.848252 0.998437 0.777865 0.983203 0.789062 0.961719 0.828125 0.926562 0.853516 0.897266 0.845703 0.869922 0.839844 0.840625 0.839844
0 0.903125 0.826172 0.893359 0.798828 0.883594 0.767578 0.885547 0.740234 0.907031 0.722656 0.928516 0.710938 0.963672 0.708984 0.998437 0.708984 0.998437 0.755234 0.996875 0.755859 0.971484 0.755859 0.959766 0.763672 0.965625 0.777344 0.967578 0.798828 0.962094 0.821141 0.931516 0.844422
0 0.965625 0.273438 0.971484 0.244141 0.973437 0.216797 0.973437 0.201172 0.971484 0.169922 0.969531 0.136719 0.969531 0.119141 0.953906 0.099609 0.950000 0.076172 0.922656 0.068359 0.889453 0.068359 0.866016 0.070312 0.848437 0.080078 0.828906 0.078125 0.883594 0.050781 0.910937 0.041016 0.936328 0.033203 0.959766 0.033203 0.998437 0.054195 0.998437 0.310880 0.979469 0.305875
0 0.807422 0.007812 0.823047 0.001953 0.994375 0.000000 0.957812 0.017578 0.920703 0.029297 0.875781 0.044922 0.840625 0.064453 0.821000 0.056313 0.813266 0.028703
0 0.000547 0.648734 0.008281 0.653156 0.016016 0.648734 0.029266 0.645984 0.040313 0.644328 0.044719 0.642109 0.052453 0.636594 0.057969 0.627766 0.056313 0.613406 0.047484 0.605672 0.039750 0.599609 0.028156 0.592984 0.020984 0.587453 0.000547 0.579719
1 0.529641 0.003203 0.525641 0.016031 0.505609 0.032859 0.500000 0.051281 0.487984 0.056891 0.488781 0.071313 0.511219 0.072922 0.519234 0.076125 0.543266 0.064906 0.557688 0.046469 0.584937 0.045672 0.600969 0.060094 0.611375 0.072109 0.625000 0.079328 0.646641 0.068906 0.656250 0.052891 0.651438 0.044078 0.627406 0.033656 0.616187 0.016828 0.602563 0.004000 0.575328 0.005609 0.553687 0.001609
1 0.694719 0.003203 0.695516 0.014422 0.693109 0.028844 0.685891 0.040063 0.677891 0.051281 0.672281 0.080922 0.665859 0.091344 0.661062 0.100156 0.664266 0.105766 0.683500 0.097750 0.695516 0.100969 0.718750 0.108969 0.729969 0.116187 0.738781 0.114578 0.766828 0.124203 0.780453 0.114578 0.782859 0.100156 0.778844 0.083328 0.787656 0.076922 0.793266 0.067312 0.784453 0.053687 0.763625 0.066500 0.748391 0.071313 0.733969 0.057688 0.732375 0.047281 0.737984 0.030453 0.741984 0.021641 0.738781 0.010422 0.737984 0.001609 0.716344 0.003203
1 0.810891 0.116187 0.834141 0.140219 0.854969 0.173078 0.871000 0.181094 0.894234 0.169875 0.907859 0.161859 0.919078 0.165859 0.942313 0.169078 0.967141 0.159453 0.962344 0.149844 0.959937 0.136219 0.967953 0.129000 0.963141 0.118594 0.963937 0.108969 0.952719 0.099359 0.945516 0.088938 0.939906 0.078531 0.932687 0.073719 0.903844 0.071313 0.878203 0.070516 0.860578 0.073719 0.851766 0.084937 0.838937 0.108969 0.822922 0.109781
1 0.399031 0.629812 0.393422 0.641828 0.393422 0.647437 0.428687 0.685891 0.449516 0.713141 0.452719 0.692312 0.453531 0.677078 0.452719 0.662656 0.452719 0.653047 0.462344 0.641031 0.455922 0.633813 0.438297 0.638625 0.424672 0.642625 0.415063 0.633016
1 0.004812 0.706734 0.012016 0.701922 0.026438 0.716344 0.048078 0.724359 0.072922 0.731578 0.085734 0.738781 0.084937 0.717953 0.088141 0.685891 0.088141 0.669875 0.062500 0.658656 0.048078 0.647437 0.032047 0.644234 0.015219 0.655453 0.003203 0.653844 0.003203 0.674672
1 0.394234 0.780453 0.387016 0.786062 0.389422 0.797281 0.388625 0.809297 0.402250 0.809297 0.409453 0.815703 0.415859 0.807687 0.417469 0.802891 0.412656 0.794078 0.409453 0.782859 0.403047 0.774031
1 0.932000 0.497797 0.935922 0.518219 0.938281 0.540203 0.939078 0.548844 0.934359 0.562188 0.925719 0.577891 0.921797 0.588094 0.911594 0.594375 0.894313 0.597516 0.886469 0.591234 0.869969 0.561406 0.871547 0.593594 0.877828 0.603016 0.902953 0.607719 0.917875 0.596734 0.939859 0.581813 0.957922 0.564547 0.975187 0.552766 0.974406 0.541766 0.979109 0.533922 0.996391 0.538625 0.998437 0.535737 0.998437 0.508633 0.997172 0.507219 0.982250 0.514297 0.976766 0.511156 0.968125 0.504078 0.957922 0.501734 0.949281 0.497016
1 0.756125 0.756125 0.751406 0.762406 0.768687 0.772609 0.769469 0.782828 0.777328 0.793031 0.795391 0.798531 0.805594 0.791453 0.803234 0.778109 0.798531 0.767109 0.796953 0.756906 0.779672 0.760828 0.767109 0.754547
1 0.767109 0.681531 0.793813 0.712156 0.806375 0.665828 0.817375 0.653266 0.821297 0.643844 0.809516 0.633641 0.798531 0.634422 0.793031 0.639141 0.795391 0.654047 0.797734 0.665828 0.793031 0.672891 0.788312 0.681531 0.785172 0.687031 0.780469 0.686250 0.775750 0.680750
0 0.359828 0.622500 0.433594 0.703469 0.543344 0.831203 0.561328 0.883375 0.534344 0.910359 0.496563 0.895969 0.377812 0.735844 0.309453 0.649484 0.320250 0.629703
0 0.586516 0.573922 0.539734 0.635094 0.523547 0.680078 0.550531 0.735844 0.584719 0.757437 0.577516 0.800609 0.548734 0.813203 0.482172 0.768234 0.451578 0.672875 0.465969 0.617109 0.545141 0.568531