0 0.000000 0.023094 0.024453 0.023094 0.046203 0.024453 0.065219 0.038047 0.073375 0.054344 0.074734 0.078797 0.061141 0.097828 0.042125 0.111406 0.024453 0.118203 0.006797 0.108703 0.016297 0.091031 0.025812 0.073375 0.008156 0.065219 0.000000 0.065219
0 0.000000 0.120922 0.016297 0.122281 0.038047 0.129078 0.051625 0.146734 0.054344 0.172547 0.050266 0.199734 0.035328 0.218750 0.012234 0.213313 0.012234 0.201094 0.017656 0.186141 0.009516 0.171203 0.001359 0.164406
0 0.099187 0.142656 0.123641 0.125000 0.148094 0.110047 0.161688 0.091031 0.183422 0.082875 0.205156 0.077453 0.229625 0.074734 0.250000 0.077453 0.267656 0.082875 0.266297 0.096469 0.244563 0.108703 0.217391 0.115484 0.191578 0.125000 0.163047 0.139953 0.138594 0.161688 0.123641 0.172547 0.105984 0.176625 0.095109 0.164406
0 0.269016 0.059781 0.289406 0.048906 0.326094 0.043484 0.355984 0.043484 0.384516 0.052984 0.411688 0.076094 0.427984 0.088313 0.434781 0.101906 0.434781 0.118203 0.425266 0.137234 0.392656 0.126359 0.381797 0.108703 0.361406 0.097828 0.347828 0.091031 0.330156 0.084234 0.298906 0.078797
0 0.302984 0.158969 0.328797 0.148094 0.355984 0.148094 0.384516 0.148094 0.402172 0.141297 0.434781 0.144016 0.457875 0.149453 0.483703 0.164406 0.495922 0.183422 0.483703 0.194297 0.472828 0.205156 0.447016 0.186141 0.413047 0.180703 0.380437 0.183422 0.347828 0.194297 0.317937 0.198375 0.296203 0.182062 0.288047 0.171203
0 0.520375 0.055703 0.552984 0.055703 0.604625 0.061141 0.626359 0.074734 0.639953 0.099187 0.637234 0.126359 0.612766 0.150812 0.585594 0.152172 0.582875 0.134516 0.595109 0.118203 0.603266 0.107344 0.592391 0.096469 0.569297 0.089672 0.529891 0.082875 0.508156 0.073375
0 0.648094 0.163047 0.673906 0.141297 0.699734 0.122281 0.726906 0.104625 0.760875 0.085594 0.778531 0.074734 0.804344 0.073375 0.805703 0.096469 0.789406 0.110047 0.763594 0.129078 0.739125 0.144016 0.718750 0.156250 0.698375 0.169844 0.683422 0.182062 0.667125 0.190219 0.649453 0.201094 0.629078 0.192938 0.634516 0.177984
0 0.785328 0.163047 0.807063 0.152172 0.842391 0.133156 0.884516 0.120922 0.915766 0.120922 0.938859 0.135875 0.951094 0.169844 0.949734 0.191578 0.929344 0.202453 0.903531 0.191578 0.902172 0.165766 0.889953 0.157609 0.868203 0.165766 0.839672 0.175266 0.824734 0.188859 0.805703 0.198375 0.786687 0.195656 0.778531 0.179344
0 0.855984 0.177984 0.839672 0.190219 0.827453 0.209234 0.822016 0.233703 0.828797 0.259516 0.838313 0.279891 0.830156 0.312500 0.830156 0.335594 0.849187 0.350547 0.877719 0.335594 0.881797 0.311141 0.880437 0.289406 0.870922 0.267656 0.865484 0.241844 0.862766 0.224187 0.865484 0.216031 0.884516 0.201094 0.892656 0.180703 0.877719 0.173906
0 0.720109 0.165766 0.737766 0.167125 0.740484 0.184781 0.755437 0.203797 0.769016 0.229625 0.774453 0.252719 0.796203 0.269016 0.815219 0.302984 0.823375 0.327453 0.809781 0.334234 0.789406 0.326094 0.763594 0.302984 0.744563 0.277172 0.732344 0.254078 0.729625 0.233703 0.717391 0.216031 0.702453 0.198375 0.705156 0.177984
0 0.648094 0.255437 0.679344 0.263594 0.703797 0.282609 0.720109 0.305703 0.750000 0.330156 0.778531 0.353266 0.798906 0.383156 0.808422 0.411688 0.786687 0.413047 0.763594 0.395375 0.739125 0.373641 0.697016 0.347828 0.660328 0.316578 0.642656 0.300266 0.630437 0.279891
0 0.589672 0.255437 0.585594 0.275813 0.585594 0.297547 0.601906 0.327453 0.610047 0.347828 0.620922 0.379078 0.620922 0.411688 0.620922 0.441578 0.642656 0.445656 0.653531 0.423906 0.658969 0.375000 0.650813 0.341031 0.635875 0.296203 0.625000 0.273094 0.612766 0.256797
0 0.551625 0.207875 0.574734 0.201094 0.585594 0.218750 0.582875 0.239125 0.567937 0.266297 0.554344 0.293484 0.535328 0.307063 0.513594 0.326094 0.495922 0.336953 0.486406 0.351906 0.482344 0.364125 0.461953 0.357344 0.459234 0.330156 0.483703 0.305703 0.500000 0.277172 0.517656 0.256797 0.531250 0.237766 0.540766 0.220109
0 0.502719 0.192938 0.531250 0.194297 0.538047 0.207875 0.531250 0.225547 0.513594 0.244563 0.491844 0.254078 0.478266 0.277172 0.451094 0.301625 0.426625 0.317937 0.404891 0.345109 0.383156 0.342391 0.385875 0.317937 0.396734 0.297547 0.421203 0.271734 0.455156 0.239125 0.482344 0.209234
0 0.360047 0.358703 0.389953 0.360047 0.429344 0.369563 0.453797 0.369563 0.474188 0.369563 0.502719 0.391297 0.533969 0.411688 0.528531 0.426625 0.514953 0.433422 0.483703 0.413047 0.460594 0.411688 0.437500 0.411688 0.411688 0.406250 0.388594 0.399453 0.361406 0.388594 0.360047 0.376359
0 0.385875 0.221469 0.358703 0.233703 0.339672 0.245922 0.320656 0.260875 0.304344 0.279891 0.289406 0.302984 0.271734 0.328797 0.262234 0.351906 0.255437 0.370922 0.256797 0.387234 0.266297 0.391297 0.283969 0.395375 0.297547 0.373641 0.315219 0.346469 0.330156 0.315219 0.357344 0.290766 0.370922 0.271734 0.385875 0.254078 0.408969 0.245922 0.418484 0.236406 0.402172 0.228266
0 0.226906 0.224187 0.236406 0.239125 0.229625 0.264953 0.217391 0.292125 0.206516 0.315219 0.191578 0.341031 0.179344 0.358703 0.186141 0.377719 0.213313 0.372281 0.229625 0.354625 0.244563 0.326094 0.259516 0.296203 0.269016 0.271734 0.273094 0.252719 0.258156 0.236406 0.248641 0.221469 0.239125 0.210594
0 0.517656 0.457875 0.539406 0.456516 0.562500 0.461953 0.585594 0.476906 0.610047 0.494562 0.648094 0.517656 0.665766 0.535328 0.699734 0.542125 0.711953 0.554344 0.701094 0.572016 0.680703 0.569297 0.653531 0.565219 0.629078 0.551625 0.604625 0.531250 0.570656 0.516297 0.548906 0.506797 0.517656 0.487766 0.512234 0.474188
0 0.101906 0.294844 0.086953 0.305703 0.091031 0.316578 0.100547 0.328797 0.108703 0.347828 0.127719 0.375000 0.141297 0.394016 0.164406 0.415766 0.179344 0.427984 0.197016 0.419844 0.198375 0.403531 0.179344 0.383156 0.164406 0.366844 0.148094 0.342391 0.135875 0.322016 0.122281 0.302984
0 0.214672 0.400812 0.248641 0.402172 0.286687 0.410328 0.315219 0.419844 0.328797 0.442938 0.328797 0.460594 0.324734 0.471469 0.302984 0.468750 0.270375 0.449734 0.245922 0.440219 0.220109 0.434781 0.203797 0.426625
0 0.118203 0.455156 0.135875 0.444297 0.154891 0.444297 0.179344 0.444297 0.198375 0.451094 0.220109 0.451094 0.236406 0.448375 0.251359 0.448375 0.270375 0.456516 0.283969 0.464672 0.282609 0.476906 0.262234 0.480984 0.225547 0.482344 0.184781 0.482344 0.141297 0.483703 0.116844 0.482344
0 0.043484 0.476906 0.069297 0.478266 0.089672 0.486406 0.110047 0.487766 0.153531 0.491844 0.173906 0.490484 0.194297 0.487766 0.216031 0.489125 0.229625 0.491844 0.201094 0.504078 0.188859 0.513594 0.167125 0.513594 0.138594 0.524453 0.104625 0.525813 0.072016 0.527172 0.051625 0.523094 0.031250 0.498641
0 0.259516 0.485047 0.281250 0.485047 0.297547 0.486406 0.297547 0.505437 0.282609 0.520375 0.266297 0.531250 0.244563 0.527172 0.226906 0.532609 0.210594 0.547547 0.195656 0.563859 0.182062 0.584234 0.163047 0.597828 0.144016 0.610047 0.137234 0.595109 0.142656 0.576094 0.150812 0.557063 0.172547 0.531250 0.192938 0.517656 0.213313 0.508156 0.233703 0.498641
0 0.077453 0.631797 0.120922 0.622281 0.176625 0.612766 0.218750 0.605984 0.239125 0.610047 0.247281 0.625000 0.239125 0.644016 0.216031 0.650813 0.182062 0.644016 0.157609 0.653531 0.118203 0.658969 0.095109 0.664406 0.081516 0.669844 0.065219 0.657609 0.062500 0.644016
0 0.482344 0.552984 0.509516 0.559781 0.536687 0.562500 0.561141 0.569297 0.596469 0.576094 0.623641 0.580156 0.650813 0.580156 0.677984 0.584234 0.695656 0.596469 0.691578 0.616844 0.677984 0.635875 0.648094 0.630437 0.620922 0.623641 0.580156 0.615484 0.547547 0.610047 0.523094 0.601906 0.501359 0.595109 0.470109 0.588313 0.464672 0.572016
0 0.830156 0.468750 0.809781 0.486406 0.797547 0.510875 0.802984 0.531250 0.824734 0.547547 0.845109 0.565219 0.877719 0.574734 0.903531 0.588313 0.919844 0.586953 0.918484 0.566578 0.899453 0.550266 0.883156 0.539406 0.855984 0.532609 0.836953 0.523094 0.835594 0.510875 0.850547 0.491844 0.858703 0.485047 0.854625 0.468750
0 0.667125 0.675266 0.687500 0.648094 0.706516 0.634516 0.739125 0.631797 0.767656 0.631797 0.801625 0.619563 0.824734 0.626359 0.813859 0.648094 0.788047 0.657609 0.754078 0.660328 0.729625 0.664406 0.707875 0.686141 0.701094 0.714672 0.669844 0.730984 0.644016 0.718750 0.648094 0.695656
0 0.926625 0.233703 0.934781 0.211953 0.942937 0.194297 0.964672 0.183422 0.982344 0.168484 0.998437 0.161976 0.998437 0.196706 0.995922 0.198375 0.974187 0.211953 0.959234 0.224187 0.952453 0.247281 0.929344 0.250000
0 0.369563 0.702453 0.380437 0.690219 0.399453 0.675266 0.408969 0.656250 0.411688 0.627719 0.411688 0.604625 0.413047 0.593750 0.425266 0.593750 0.445656 0.596469 0.451094 0.630437 0.455156 0.654891 0.459234 0.673906 0.451094 0.699734 0.434781 0.709234 0.413047 0.724187 0.389953 0.735047 0.368203 0.720109
0 0.274453 0.722828 0.251359 0.725547 0.222828 0.729625 0.194297 0.728266 0.180703 0.720109 0.172547 0.703797 0.169844 0.691578 0.168484 0.676625 0.164406 0.671203 0.145375 0.679344 0.144016 0.694297 0.137234 0.713313 0.135875 0.728266 0.152172 0.741844 0.169844 0.745922 0.202453 0.756797 0.224187 0.762234 0.264953 0.760875 0.281250 0.751359 0.283969 0.737766
0 0.097828 0.740484 0.089672 0.764953 0.077453 0.781250 0.054344 0.792125 0.025812 0.802984 0.005437 0.822016 0.001359 0.853266 0.023094 0.843750 0.050266 0.831516 0.085594 0.817937 0.120922 0.801625 0.127719 0.778531 0.120922 0.748641
0 0.000000 0.751359 0.020375 0.741844 0.039406 0.741844 0.042125 0.755437 0.035328 0.770375 0.024453 0.789406 0.012234 0.809781 0.000000 0.808422 0.001359 0.781250
0 0.292125 0.733703 0.278531 0.747281 0.275813 0.763594 0.275813 0.782609 0.277172 0.804344 0.278531 0.831516 0.281250 0.853266 0.279891 0.875000 0.270375 0.898094 0.264953 0.925266 0.275813 0.945656 0.302984 0.937500 0.316578 0.917125 0.322016 0.887234 0.323375 0.865484 0.322016 0.834234 0.313859 0.798906 0.309781 0.769016 0.319297 0.747281
0 0.305703 0.673906 0.313859 0.699734 0.322016 0.732344 0.326094 0.762234 0.334234 0.797547 0.341031 0.826094 0.342391 0.853266 0.347828 0.869563 0.364125 0.879078 0.375000 0.860047 0.373641 0.817937 0.364125 0.770375 0.355984 0.733703 0.350547 0.695656 0.339672 0.679344 0.323375 0.676625
0 0.385875 0.855984 0.398094 0.822016 0.410328 0.797547 0.421203 0.775813 0.434781 0.760875 0.452453 0.750000 0.463312 0.736406 0.479625 0.758156 0.482344 0.771734 0.457875 0.798906 0.447016 0.823375 0.433422 0.850547 0.426625 0.875000 0.419844 0.892656 0.391297 0.902172 0.380437 0.877719
0 0.482344 0.728266 0.502719 0.724187 0.533969 0.726906 0.563859 0.740484 0.588313 0.751359 0.610047 0.764953 0.638594 0.769016 0.653531 0.775813 0.638594 0.794844 0.619563 0.809781 0.593750 0.792125 0.565219 0.777172 0.542125 0.773094 0.502719 0.766297 0.482344 0.750000
0 0.532609 0.881797 0.504078 0.895375 0.493203 0.906250 0.476906 0.923906 0.461953 0.938859 0.434781 0.956516 0.406250 0.966031 0.384516 0.972828 0.377719 0.995922 0.381792 0.998437 0.437841 0.998437 0.440219 0.998641 0.470109 0.983703 0.500000 0.970109 0.516297 0.947016 0.523094 0.926625 0.529891 0.911687 0.543484 0.904891 0.548906 0.891297
0 0.133156 0.877719 0.160328 0.892656 0.190219 0.908969 0.207875 0.930703 0.218750 0.952453 0.209234 0.978266 0.199791 0.998437 0.160488 0.998437 0.163047 0.989125 0.168484 0.966031 0.164406 0.941578 0.153531 0.925266 0.137234 0.907609 0.123641 0.892656
0 0.202453 0.998437 0.221469 0.978266 0.244563 0.968750 0.266297 0.956516 0.286687 0.947016 0.316578 0.934781 0.349187 0.913047 0.362766 0.910328 0.383156 0.902172 0.403531 0.902172 0.421203 0.903531 0.419844 0.913047 0.394016 0.927984 0.372281 0.942937 0.351906 0.951094 0.327453 0.964672 0.301625 0.979625 0.278531 0.994563 0.269145 0.998437
0 0.667125 0.779891 0.661687 0.796203 0.667125 0.816578 0.676625 0.834234 0.680703 0.851906 0.690219 0.868203 0.692937 0.894016 0.701094 0.921203 0.718750 0.937500 0.728266 0.926625 0.721469 0.892656 0.720109 0.861406 0.713313 0.832875 0.701094 0.801625 0.697016 0.785328
0 0.672547 0.735047 0.694297 0.735047 0.716031 0.737766 0.756797 0.759516 0.777172 0.774453 0.805703 0.778531 0.832875 0.781250 0.857344 0.781250 0.854625 0.804344 0.841031 0.811141 0.805703 0.820656 0.778531 0.816578 0.748641 0.798906 0.725547 0.781250 0.687500 0.767656 0.668484 0.754078
0 0.652172 0.868203 0.637234 0.898094 0.635875 0.918484 0.631797 0.941578 0.629078 0.966031 0.629078 0.997281 0.628851 0.998437 0.673363 0.998437 0.673906 0.998641 0.673906 0.964672 0.677984 0.932063 0.683422 0.908969 0.686141 0.881797 0.676625 0.860047
0 0.736406 0.940219 0.763594 0.942937 0.782609 0.971469 0.801625 0.998437 0.758156 0.998437 0.758156 0.990484 0.737766 0.972828 0.724187 0.953797
0 0.858703 0.964672 0.880437 0.956516 0.907609 0.957875 0.942937 0.967391 0.970109 0.978266 0.998437 0.983703 0.929349 0.998437 0.915766 0.997281 0.880437 0.998641 0.857344 0.994563 0.847828 0.982344
0 0.952453 0.813859 0.944297 0.834234 0.940219 0.858703 0.933422 0.885875 0.933422 0.919844 0.942937 0.940219 0.960594 0.951094 0.978266 0.960594 0.998437 0.972828 0.998437 0.944212 0.987766 0.938859 0.974187 0.925266 0.967391 0.891297 0.979625 0.847828 0.975547 0.820656
0 0.952453 0.703797 0.982344 0.699734 0.995922 0.713313 0.998437 0.727984 0.998437 0.794385 0.997281 0.786687 0.970109 0.756797 0.953797 0.735047 0.941578 0.714672
0 0.832875 0.669844 0.857344 0.675266 0.876359 0.691578 0.900813 0.709234 0.925266 0.730984 0.937500 0.744563 0.951094 0.758156 0.966031 0.783969 0.956516 0.802984 0.925266 0.783969 0.907609 0.755437 0.888594 0.743203 0.854625 0.724187 0.828797 0.709234 0.815219 0.687500
1 0.003672 0.649813 0.027578 0.655328 0.048719 0.658094 0.067094 0.670031 0.078125 0.716000 0.071688 0.742641 0.063422 0.763781 0.055141 0.784922 0.021141 0.797797 0.034000 0.765625 0.041359 0.756437 0.033094 0.740812 0.022062 0.750000 0.005516 0.746328 0.001844 0.728859 0.008266 0.721500 0.000922 0.708641 0.001844 0.666359
1 0.009187 0.881437 0.022984 0.892469 0.036766 0.890625 0.042281 0.881437 0.034000 0.869484 0.041359 0.865812 0.057906 0.877750 0.056984 0.891547 0.048719 0.942094 0.043203 0.973344 0.056063 0.988047 0.063422 0.999078 0.064957 0.998437 0.008700 0.998437 0.007359 0.979781 0.018375 0.954969 0.026656 0.933828 0.009187 0.920953 0.002750 0.925547 0.000000 0.878672
1 0.566312 0.738563 0.569359 0.675312 0.586891 0.674547 0.592984 0.684453 0.613563 0.674547 0.627281 0.659297 0.639484 0.674547 0.643297 0.689031 0.637188 0.707313 0.630328 0.726375 0.631859 0.744672 0.616609 0.748469 0.609000 0.755328 0.605938 0.757625 0.587656 0.747719
1 0.569359 0.789641 0.561734 0.794969 0.551063 0.818594 0.541922 0.833078 0.555641 0.833078 0.562500 0.824687 0.570125 0.836125 0.590703 0.858234 0.613563 0.855937 0.621953 0.847563 0.633391 0.855188 0.641766 0.843750 0.641000 0.823938 0.635672 0.809453 0.627281 0.801062 0.613563 0.807922 0.599078 0.805641 0.589172 0.798781 0.585359 0.792687
1 0.859750 0.640250 0.862813 0.664641 0.868906 0.682922 0.925313 0.725609 0.926062 0.718750 0.907781 0.707313 0.896344 0.690547 0.902437 0.662344 0.919203 0.660062 0.930641 0.648625 0.931406 0.636437 0.942828 0.615859 0.924547 0.615859 0.905484 0.625766 0.898625 0.614328 0.882625 0.622719 0.876531 0.629578
1 0.852141 0.731703 0.844516 0.756094 0.845281 0.772859 0.852141 0.783531 0.855937 0.804875 0.862047 0.827750 0.861281 0.849078 0.853656 0.860516 0.858234 0.863562 0.878813 0.856703 0.903203 0.852891 0.923781 0.836125 0.918437 0.817078 0.906250 0.795734 0.884906 0.785062 0.871187 0.772859 0.871187 0.760672 0.872719 0.743906 0.866609 0.734000
0 0.499422 0.662156 0.488187 0.725750 0.482578 0.783734 0.478844 0.819266 0.462000 0.866031 0.465750 0.881000 0.497547 0.847328 0.512516 0.785594 0.527469 0.712656 0.536828 0.652797 0.520000 0.641578