0 0.000000 0.674718 0.009531 0.681078 0.020609 0.689937 0.040563 0.699906 0.052750 0.707672 0.080453 0.728719 0.093750 0.732047 0.108156 0.735375 0.132531 0.745344 0.161344 0.763078 0.191266 0.768609 0.206781 0.776375 0.228937 0.774156 0.247781 0.774156 0.253328 0.765297 0.261078 0.756422 0.275484 0.755313 0.288781 0.745344 0.289891 0.729828 0.284359 0.719859 0.276594 0.714313 0.264406 0.715422 0.245562 0.711000 0.230047 0.707672 0.207891 0.703234 0.192375 0.699906 0.163562 0.694375 0.146937 0.681078 0.128109 0.672203 0.117016 0.658906 0.095969 0.645609 0.093750 0.643391 0.098188 0.630094 0.082672 0.627875 0.068266 0.627875 0.059391 0.630094 0.052750 0.625672 0.044984 0.611266 0.039453 0.600172 0.029484 0.601281 0.022828 0.609047 0.021719 0.611266 0.005094 0.599062 0.000000 0.598519
0 0.015450 0.998437 0.016172 0.994687 0.036125 0.982484 0.048312 0.975844 0.064937 0.965875 0.080453 0.959219 0.097078 0.953672 0.113703 0.951469 0.140297 0.941484 0.155813 0.940375 0.181297 0.932625 0.200141 0.931516 0.210109 0.920437 0.203453 0.903813 0.191266 0.887187 0.185734 0.875000 0.185734 0.858375 0.203453 0.849516 0.227844 0.850625 0.251109 0.848406 0.254438 0.870563 0.259969 0.891625 0.268844 0.913781 0.272156 0.934844 0.267734 0.954781 0.262187 0.969187 0.248891 0.986922 0.235812 0.998437
0 0.171328 0.115906 0.175750 0.128109 0.176859 0.145828 0.169109 0.155813 0.158016 0.159125 0.142516 0.155813 0.119234 0.145828 0.088203 0.129219 0.077125 0.113703 0.066047 0.100406 0.056078 0.086000 0.041672 0.072687 0.029484 0.060500 0.013969 0.043891 0.000000 0.037366 0.061603 0.000000 0.074906 0.015078 0.087094 0.027266 0.098188 0.040563 0.114813 0.056078 0.123672 0.070484 0.143609 0.090422
0 0.210666 0.000000 0.221187 0.017281 0.240031 0.054969 0.253328 0.084891 0.259969 0.109266 0.258859 0.130312 0.244453 0.138078 0.222297 0.141406 0.203453 0.124781 0.191266 0.095969 0.175750 0.086000 0.168000 0.073797 0.160234 0.043891 0.150266 0.010641 0.144027 0.000000
0 0.218902 0.000000 0.230047 0.019500 0.238922 0.035016 0.251109 0.048312 0.257750 0.066047 0.265516 0.079344 0.278813 0.101500 0.292109 0.121453 0.304297 0.145828 0.312063 0.166891 0.319812 0.191266 0.325359 0.220078 0.316484 0.238922 0.315375 0.250000 0.316484 0.261078 0.332000 0.271063 0.341984 0.264406 0.354172 0.259969 0.371891 0.250000 0.378547 0.236703 0.378547 0.206781 0.373000 0.175750 0.364141 0.151375 0.355281 0.120344 0.348625 0.093750 0.344187 0.078234 0.337547 0.063828 0.325359 0.046094 0.317594 0.040563 0.308734 0.022828 0.302078 0.011750 0.292109 0.007312 0.289802 0.000000
0 0.555844 0.904922 0.544766 0.884969 0.522609 0.858375 0.514844 0.849516 0.487141 0.836219 0.468313 0.828453 0.433953 0.818484 0.418437 0.804078 0.410688 0.791891 0.401812 0.799641 0.386297 0.799641 0.364141 0.797422 0.356391 0.789672 0.332000 0.808516 0.314266 0.814047 0.294328 0.824031 0.269953 0.829563 0.261078 0.859484 0.266625 0.882750 0.295438 0.900484 0.317594 0.890516 0.323141 0.881656 0.340875 0.878328 0.356391 0.868344 0.367469 0.870563 0.387406 0.873891 0.396281 0.881656 0.409578 0.884969 0.436172 0.896062 0.457219 0.908250 0.472734 0.910469 0.481609 0.927078 0.476062 0.950359 0.477172 0.968078 0.483828 0.984703 0.494341 0.998437 0.553845 0.998437 0.554750 0.995781 0.558062 0.963656 0.559172 0.922656
0 0.100406 0.636750 0.125891 0.645609 0.151375 0.646719 0.176859 0.648937 0.237813 0.647828 0.262187 0.652266 0.299859 0.652266 0.343078 0.644500 0.367469 0.641172 0.402922 0.634531 0.443922 0.624563 0.480500 0.624563 0.493797 0.631203 0.508203 0.636750 0.508203 0.645609 0.504875 0.657797 0.494906 0.666672 0.478281 0.679969 0.462766 0.692156 0.442812 0.689937 0.421766 0.695484 0.404031 0.696594 0.385187 0.698797 0.359703 0.705453 0.332000 0.711000 0.312063 0.719859 0.299859 0.723187 0.279922 0.720969 0.265516 0.714313 0.236703 0.709891 0.212328 0.707672 0.186828 0.699906 0.164672 0.693266 0.146937 0.684391 0.135859 0.677750 0.114813 0.666672 0.103719 0.657797 0.087094 0.646719 0.071594 0.637859 0.060500 0.631203 0.082672 0.631203
0 0.672535 0.000000 0.669984 0.005094 0.652266 0.010641 0.641172 0.007312 0.622344 0.013969 0.610156 0.021719 0.590203 0.029484 0.570250 0.035016 0.554750 0.038344 0.532578 0.040563 0.512641 0.038344 0.499328 0.030578 0.468313 0.035016 0.440609 0.037234 0.404031 0.047203 0.389625 0.072687 0.409578 0.094859 0.409578 0.104828 0.450578 0.095969 0.478281 0.093750 0.505984 0.097078 0.539234 0.104828 0.540344 0.113703 0.554750 0.115906 0.578016 0.112594 0.591313 0.117016 0.612359 0.108156 0.617906 0.099297 0.635641 0.091531 0.655578 0.091531 0.655578 0.068266 0.658906 0.056078 0.678859 0.047203 0.693266 0.041672 0.718750 0.036125 0.750891 0.029484 0.776375 0.016172 0.788563 0.010641 0.790084 0.000000
0 0.777484 0.117016 0.766406 0.111484 0.750891 0.107047 0.732047 0.107047 0.713203 0.107047 0.685500 0.108156 0.656687 0.114813 0.627875 0.115906 0.603500 0.119234 0.575797 0.120344 0.555844 0.125891 0.537016 0.136969 0.515953 0.145828 0.501547 0.152484 0.490469 0.165781 0.478281 0.183516 0.469422 0.187937 0.460547 0.199031 0.451688 0.212328 0.427313 0.226734 0.410688 0.228937 0.392953 0.240031 0.396281 0.262187 0.406250 0.276594 0.417328 0.291000 0.455016 0.294328 0.477172 0.279922 0.489359 0.266625 0.501547 0.248891 0.510422 0.237813 0.525938 0.222297 0.545875 0.212328 0.572469 0.199031 0.597969 0.192375 0.635641 0.180188 0.675531 0.180188 0.715422 0.175750 0.754219 0.169109 0.783016 0.163562 0.789672 0.124781
0 0.786344 0.292109 0.767516 0.293219 0.756422 0.299859 0.728719 0.302078 0.714313 0.306516 0.689937 0.309844 0.664453 0.314266 0.624563 0.328672 0.602391 0.344187 0.566938 0.358594 0.533687 0.366359 0.512641 0.375219 0.489359 0.395172 0.453906 0.410688 0.421766 0.430625 0.396281 0.457219 0.375219 0.476062 0.365250 0.494906 0.365250 0.510422 0.381875 0.517062 0.417328 0.510422 0.452797 0.496016 0.474953 0.483828 0.517062 0.455016 0.551422 0.443922 0.583562 0.431734 0.645609 0.404031 0.683281 0.381875 0.735375 0.364141 0.776375 0.355281 0.800750 0.351953 0.800750 0.333109 0.800750 0.310953
0 0.640078 0.545875 0.620125 0.545875 0.591313 0.548094 0.575797 0.553641 0.552531 0.553641 0.520391 0.558062 0.499328 0.552531 0.472734 0.545875 0.451688 0.542547 0.421766 0.535906 0.390734 0.529250 0.371891 0.533687 0.325359 0.529250 0.294328 0.537016 0.255547 0.544766 0.234484 0.572469 0.242250 0.597969 0.261078 0.604609 0.296547 0.604609 0.303187 0.600172 0.333109 0.600172 0.364141 0.602391 0.396281 0.602391 0.407359 0.607937 0.430625 0.617906 0.461656 0.617906 0.500437 0.621234 0.523719 0.623453 0.556953 0.626766 0.585766 0.620125 0.606828 0.614578 0.626766 0.606828 0.647828 0.587984 0.657797 0.568047
0 0.608348 0.998437 0.624563 0.991359 0.630094 0.979172 0.613469 0.974734 0.594641 0.963656 0.594641 0.940375 0.600172 0.925969 0.609047 0.909359 0.615687 0.892734 0.622344 0.873891 0.627875 0.853938 0.632313 0.835109 0.632313 0.821813 0.624563 0.805187 0.613469 0.794109 0.604609 0.784125 0.591313 0.764187 0.587984 0.746453 0.579125 0.740906 0.563609 0.746453 0.548094 0.756422 0.530359 0.771937 0.527031 0.779703 0.548094 0.799641 0.558062 0.816266 0.571359 0.858375 0.585766 0.865031 0.589094 0.880547 0.590203 0.897156 0.579125 0.940375 0.565828 0.962547 0.553641 0.990250 0.552664 0.998437
0 0.798531 0.583562 0.784125 0.602391 0.768609 0.612359 0.761969 0.616797 0.749781 0.617906 0.733156 0.627875 0.728719 0.635641 0.719859 0.635641 0.696594 0.635641 0.693266 0.646719 0.694375 0.654484 0.684391 0.666672 0.675531 0.661125 0.661125 0.656687 0.655578 0.676641 0.648937 0.696594 0.642281 0.704344 0.632313 0.694375 0.624563 0.704344 0.625672 0.716531 0.628984 0.736484 0.630094 0.743125 0.631203 0.757531 0.631203 0.766406 0.612359 0.765297 0.613469 0.786344 0.622344 0.801859 0.625672 0.812937 0.631203 0.826234 0.633422 0.837328 0.612359 0.911563 0.605719 0.928187 0.600172 0.950359 0.599062 0.966984 0.621234 0.981391 0.637859 0.980281 0.661125 0.963656 0.677750 0.938172 0.692156 0.910469 0.697688 0.892734 0.699906 0.872781 0.701016 0.843969 0.692156 0.802969 0.694375 0.771937 0.716531 0.742016 0.732047 0.716531 0.754219 0.688828 0.771937 0.672203 0.800750 0.660016 0.826234 0.640078 0.831781 0.617906 0.829563 0.592422
0 0.875000 0.000000 0.875000 0.013969 0.862813 0.037234 0.839531 0.057188 0.828453 0.084891 0.815156 0.098188 0.800750 0.114813 0.819594 0.122563 0.819594 0.141406 0.807406 0.166891 0.805187 0.191266 0.816266 0.204562 0.825141 0.236703 0.828453 0.269953 0.839531 0.293219 0.871672 0.284359 0.887187 0.266625 0.892734 0.245562 0.886078 0.205672 0.875000 0.193484 0.875000 0.159125 0.878328 0.122563 0.893844 0.093750 0.927078 0.050531 0.942594 0.012859 0.942594 0.000000
0 0.998437 0.095005 0.989141 0.102609 0.950359 0.118125 0.948141 0.130312 0.943703 0.142516 0.931516 0.155813 0.914891 0.173531 0.898266 0.191266 0.886078 0.200141 0.887187 0.220078 0.902703 0.246672 0.928187 0.246672 0.958109 0.218969 0.985813 0.199031 0.998437 0.187013
0 0.998437 0.454652 0.988031 0.459437 0.971406 0.479391 0.958109 0.489359 0.935953 0.510422 0.922656 0.533687 0.897156 0.562500 0.891625 0.575797 0.879437 0.593531 0.867250 0.607937 0.848406 0.652266 0.850625 0.682187 0.866141 0.724297 0.890516 0.730937 0.921547 0.740906 0.943703 0.742016 0.947031 0.709891 0.934844 0.677750 0.930406 0.652266 0.934844 0.624563 0.951469 0.585766 0.972516 0.554750 0.998000 0.528141 0.998437 0.525960
0 0.974734 0.647828 0.960328 0.643391 0.948141 0.667781 0.943703 0.693266 0.950359 0.728719 0.961437 0.777484 0.962547 0.799641 0.964766 0.812937 0.954781 0.830672 0.933734 0.849516 0.921547 0.867250 0.913781 0.883859 0.903813 0.888297 0.900484 0.901594 0.893844 0.916000 0.884969 0.924859 0.878328 0.944813 0.860594 0.955891 0.845078 0.957000 0.845078 0.968078 0.858375 0.986922 0.866141 0.998000 0.876109 0.999109 0.882783 0.998437 0.897458 0.998437 0.928187 0.991359 0.954781 0.963656 0.981391 0.922656 0.996891 0.887187 0.998437 0.881191 0.998437 0.673611 0.996891 0.677750
0 0.927078 0.740906 0.888297 0.730937 0.859484 0.720969 0.846187 0.694375 0.827344 0.693266 0.820703 0.706563 0.808516 0.713203 0.793000 0.718750 0.769719 0.723187 0.739812 0.744234 0.722078 0.764187 0.713203 0.783016 0.706563 0.815156 0.705453 0.861703 0.712094 0.887187 0.737594 0.887187 0.753109 0.872781 0.757531 0.850625 0.766406 0.834000 0.777484 0.824031 0.788563 0.807406 0.781922 0.795219 0.786344 0.785234 0.807406 0.777484 0.832891 0.783016 0.867250 0.788563 0.906031 0.796328 0.947031 0.806297 0.960328 0.809625 0.964766 0.788563 0.959219 0.760859 0.949250 0.745344 0.938172 0.744234
0 0.713203 0.890516 0.701016 0.900484 0.691047 0.917109 0.685500 0.935953 0.677750 0.953672 0.668891 0.963656 0.652266 0.973625 0.636750 0.990250 0.626112 0.998437 0.708054 0.998437 0.709891 0.996891 0.720969 0.978063 0.737594 0.949250 0.759750 0.928187 0.777484 0.893844 0.798531 0.858375 0.824031 0.827344 0.841750 0.793000 0.842859 0.780813 0.821813 0.778594 0.819594 0.777484 0.793000 0.777484 0.785234 0.786344 0.784125 0.801859 0.786344 0.808516 0.771937 0.825141 0.761969 0.834000 0.755313 0.847297 0.750891 0.863922 0.745344 0.880547 0.733156 0.889406
1 0.037609 0.584953 0.038547 0.599922 0.057266 0.621438 0.071297 0.630797 0.107781 0.631734 0.133984 0.634547 0.161109 0.627062 0.181703 0.628922 0.198547 0.628922 0.256547 0.639219 0.286484 0.643906 0.333266 0.642969 0.344500 0.643906 0.366953 0.638281 0.387531 0.633609 0.454906 0.616766 0.401578 0.612094 0.388469 0.618641 0.369766 0.619578 0.358531 0.610219 0.349172 0.615828 0.327656 0.617703 0.312688 0.610219 0.286484 0.607406 0.251875 0.614891 0.214453 0.625187 0.184500 0.623313 0.172344 0.615828 0.156438 0.606469 0.160172 0.591500 0.152688 0.571859 0.142406 0.569984 0.111531 0.585891 0.099359 0.590563 0.091875 0.597125 0.083453 0.587766 0.076906 0.582141 0.052578 0.584953
1 0.307969 0.528562 0.334141 0.527156 0.361703 0.527156 0.379391 0.527859 0.385047 0.523609 0.392109 0.521500 0.405547 0.527156 0.420391 0.534922 0.433828 0.539875 0.451500 0.529984 0.459984 0.520781 0.468469 0.506641 0.466344 0.500984 0.455734 0.509469 0.449375 0.513719 0.445844 0.501703 0.439484 0.497453 0.423219 0.503109 0.409781 0.510891 0.387156 0.515125 0.372312 0.509469 0.364531 0.500281 0.362422 0.491094 0.333422 0.490391 0.313625 0.492500 0.317875 0.505234 0.309391 0.518672
1 0.731969 0.523625 0.724969 0.533734 0.693875 0.543062 0.696984 0.573391 0.739734 0.564828 0.780937 0.580375 0.813594 0.581938 0.837687 0.596703 0.855562 0.603703 0.861781 0.597484 0.864891 0.578828 0.856344 0.569500 0.849344 0.557828 0.840797 0.549281 0.831469 0.546172 0.824469 0.553172 0.805813 0.550062 0.799594 0.541516 0.779391 0.534516 0.757625 0.530625 0.747516 0.523625 0.739734 0.523625
1 0.966734 0.572609 0.960516 0.585047 0.951187 0.602922 0.943406 0.617687 0.970609 0.613812 0.984609 0.608359 0.998437 0.614957 0.998437 0.565582 0.981500 0.562500 0.968281 0.562500
0 0.000000 0.282743 0.065453 0.354641 0.119438 0.447172 0.164422 0.519156 0.186266 0.511438 0.158000 0.406047 0.104016 0.305797 0.015344 0.192703 0.000000 0.185484
0 0.313516 0.123297 0.254391 0.211984 0.196562 0.321219 0.197844 0.411187 0.195266 0.503719 0.196562 0.534578 0.233828 0.523000 0.268531 0.357203 0.316078 0.219688
0 0.619031 0.485781 0.745625 0.532406 0.878875 0.547953 0.998437 0.557420 0.998437 0.509776 0.991094 0.508359 0.761281 0.462078 0.633281 0.429703
0 0.000000 0.639005 0.208125 0.639969 0.454891 0.714500 0.583406 0.711938 0.579562 0.745344 0.510156 0.783906 0.407328 0.777484 0.278813 0.731219 0.140000 0.687516 0.000000 0.684730