0 0.029547 0.020219 0.066078 0.073078 0.114266 0.138375 0.145359 0.181906 0.167141 0.197453 0.188125 0.183453 0.178797 0.150812 0.139922 0.086281 0.098719 0.024094 0.077734 0.003109 0.011656 0.003109
0 0.052859 0.214547 0.034984 0.243312 0.021766 0.266641 0.003891 0.278297 0.003891 0.183453 0.031094 0.181906 0.040422 0.199000
0 0.112719 0.284516 0.116609 0.327266 0.108828 0.375469 0.089391 0.414328 0.069969 0.439984 0.031094 0.478859 0.015547 0.495953 0.000000 0.511500 0.001563 0.419000 0.032656 0.385578 0.067625 0.327266 0.087063 0.282953 0.101063 0.279078
0 0.231656 0.197453 0.199000 0.266641 0.199000 0.333484 0.179578 0.426000 0.152359 0.468750 0.143031 0.511500 0.121266 0.512281 0.086281 0.500625 0.109609 0.459422 0.121266 0.415109 0.134484 0.356813 0.146141 0.311719 0.156250 0.251859 0.160141 0.222328 0.175687 0.187344 0.196672 0.167906 0.218438 0.173359
0 0.214547 0.323391 0.243312 0.363812 0.245641 0.418219 0.233984 0.455531 0.210672 0.507625 0.195125 0.548813 0.171797 0.569813 0.127484 0.566703 0.100281 0.569813 0.041984 0.548813 0.027984 0.513844 0.045094 0.498297 0.064516 0.496734 0.087844 0.515391 0.126703 0.521609 0.160141 0.500625 0.189672 0.436094 0.195125 0.405000 0.199000 0.370031
0 0.314063 0.313281 0.317172 0.356031 0.341266 0.428328 0.383234 0.490516 0.422109 0.537156 0.433766 0.564359 0.411219 0.578359 0.389453 0.572141 0.362250 0.535609 0.307828 0.485078 0.288406 0.451641 0.268969 0.384016 0.261188 0.342813 0.247984 0.317937 0.232437 0.296172 0.243312 0.263531 0.280625 0.258859 0.300063 0.293844
0 0.290734 0.544937 0.301609 0.591578 0.323391 0.647547 0.335047 0.698078 0.352141 0.752484 0.362250 0.771922 0.362250 0.814672 0.346703 0.844219 0.327266 0.823234 0.314063 0.803797 0.284516 0.722172 0.267406 0.649875 0.244094 0.576031 0.224656 0.551156 0.227766 0.527828 0.241766 0.513844 0.262750 0.504516 0.272859 0.511500 0.284516 0.537156
0 0.051313 0.556594 0.070734 0.607125 0.107281 0.691078 0.121266 0.752484 0.125156 0.775813 0.119719 0.797578 0.101828 0.801469 0.080844 0.772703 0.069187 0.739266 0.055188 0.687188 0.031875 0.648328 0.004672 0.587688 0.003109 0.558922 0.012438 0.531719 0.037312 0.552703
0 0.422891 0.504516 0.495953 0.533266 0.513844 0.572141 0.512281 0.628109 0.494406 0.690297 0.488969 0.733047 0.488969 0.778141 0.503734 0.795250 0.529391 0.789797 0.538719 0.778141 0.538719 0.733828 0.546484 0.679422 0.569813 0.614891 0.572141 0.568250 0.564359 0.539484 0.527047 0.471078 0.485078 0.463312 0.435797 0.451750 0.407344 0.455531 0.389453 0.476531 0.393344 0.495953 0.409219 0.503828
0 0.696516 0.399562 0.694969 0.447766 0.665422 0.494406 0.652203 0.533266 0.634328 0.576031 0.614891 0.604781 0.605563 0.624219 0.595453 0.647547 0.583797 0.688750 0.576031 0.715953 0.562812 0.736938 0.548813 0.712063 0.560484 0.649875 0.573688 0.605563 0.576031 0.562812 0.574469 0.539484 0.587688 0.502172 0.614375 0.469813 0.628109 0.424437 0.642109 0.401125 0.653766 0.376250 0.674750 0.358359 0.688750 0.366141
0 0.565922 0.750938 0.622672 0.797578 0.670859 0.857437 0.670859 0.911844 0.670859 0.974031 0.666731 0.998437 0.606141 0.998437 0.612563 0.970922 0.609453 0.898625 0.574469 0.850437 0.539484 0.815453 0.521609 0.788250 0.554266 0.747047
0 0.587688 0.883078 0.587688 0.919625 0.578359 0.956938 0.579906 0.985703 0.580887 0.998437 0.528487 0.998437 0.527828 0.978703 0.534828 0.928172 0.534828 0.893188 0.534828 0.867531 0.541047 0.836438 0.556594 0.838000 0.573688 0.841891 0.585359 0.871422
0 0.884641 0.758703 0.886969 0.791359 0.881531 0.841891 0.875313 0.900188 0.879203 0.942937 0.893833 0.998437 0.951720 0.998437 0.942641 0.967578 0.939828 0.916516 0.941391 0.846547 0.941391 0.807687 0.941391 0.750938 0.920391 0.747047 0.900969 0.752484
0 0.680969 0.764922 0.733047 0.783578 0.762594 0.826344 0.791359 0.859766 0.830219 0.904844 0.849656 0.939063 0.863656 0.999687 0.863656 0.998437 0.800479 0.998437 0.797578 0.955375 0.774250 0.918062 0.737719 0.877641 0.702734 0.844219 0.653766 0.817016 0.630437 0.782031 0.665422 0.766484 0.670859 0.764922
0 0.293844 0.129047 0.326500 0.191234 0.377016 0.253422 0.414328 0.294625 0.451641 0.317172 0.443875 0.348266 0.418219 0.346703 0.379359 0.315609 0.332719 0.282953 0.315609 0.251859 0.292281 0.210672 0.262750 0.191234 0.241766 0.166359 0.226219 0.140703 0.231656 0.121266 0.252641 0.109609 0.264297 0.117375 0.286062 0.127484
0 0.002328 0.784359 0.023328 0.805344 0.025656 0.830219 0.002328 0.851984 0.002328 0.846547
0 0.000928 0.998437 0.006219 0.927391 0.048969 0.966266 0.071461 0.998437
0 0.802562 0.003547 0.823156 0.044750 0.825281 0.067469 0.857250 0.069609 0.876422 0.055391 0.876422 0.019891 0.857250 0.000703
0 0.998437 0.178639 0.948156 0.179688 0.894891 0.186797 0.839484 0.197437 0.766328 0.215203 0.745734 0.235078 0.750703 0.261359 0.793328 0.267047 0.872875 0.250703 0.951000 0.242188 0.998437 0.243414
0 0.820312 0.288359 0.894172 0.303984 0.917609 0.334516 0.929688 0.357250 0.960234 0.394891 0.993609 0.438922 0.998437 0.446333 0.998437 0.513517 0.977984 0.503547 0.951703 0.473016 0.931813 0.443187 0.894891 0.387781 0.848719 0.336641 0.793328 0.327422 0.763500 0.316766 0.749297 0.284797 0.762781 0.270594 0.789766 0.267047 0.805391 0.288359
0 0.864344 0.361500 0.865766 0.396312 0.864344 0.473016 0.869313 0.520594 0.877125 0.605828 0.883516 0.651984 0.910516 0.694609 0.905547 0.723016 0.891328 0.737219 0.878547 0.740766 0.850141 0.734375 0.839484 0.695312 0.816766 0.607953 0.806109 0.554688 0.801844 0.490766 0.808953 0.426844 0.800375 0.360328 0.822703 0.339078 0.848219 0.341203
1 0.339391 0.616031 0.330437 0.644219 0.357328 0.721063 0.363734 0.744109 0.399594 0.715938 0.411109 0.735141 0.434172 0.733859 0.438016 0.681359 0.425203 0.640375 0.393187 0.637813 0.363734 0.645484 0.356047 0.623719
1 0.762031 0.455937 0.758203 0.519984 0.760766 0.603234 0.737703 0.646766 0.738984 0.699281 0.719781 0.759484 0.730016 0.781250 0.768437 0.803016 0.796625 0.833766 0.806859 0.859375 0.817109 0.861938 0.824797 0.795344 0.831203 0.732578 0.838891 0.710813 0.824797 0.669828 0.815828 0.628844 0.808141 0.600672 0.806859 0.580172 0.792781 0.553281 0.799188 0.541750 0.790219 0.504609 0.799188 0.494359 0.791500 0.452094 0.799188 0.435453 0.786375 0.429047
1 0.706969 0.858094 0.735141 0.964391 0.732982 0.998437 0.795529 0.998437 0.792781 0.984891 0.785094 0.951594 0.773562 0.925969 0.756922 0.902922 0.731297 0.877313