0 0.761328 0.451141 0.814953 0.487891 0.853250 0.536922 0.914516 0.585938 0.960484 0.650281 0.998437 0.690959 0.998437 0.789385 0.988813 0.788906 0.961250 0.746016 0.909922 0.695469 0.857078 0.654109 0.806531 0.600484 0.772828 0.557594 0.746781 0.525422 0.729938 0.477938 0.728406 0.448828
0 0.733000 0.219828 0.752141 0.219062 0.778188 0.234375 0.804234 0.260422 0.860906 0.259656 0.916047 0.255063 0.963547 0.251984 0.998437 0.251984 0.998437 0.313355 0.996484 0.314031 0.942859 0.314797 0.932141 0.321688 0.899969 0.330109 0.844828 0.331641 0.811125 0.325516 0.775891 0.307141 0.742188 0.297953 0.717672 0.271906 0.707719 0.242797 0.726109 0.215234
0 0.166203 0.006891 0.163141 0.033703 0.166969 0.055141 0.179234 0.070469 0.209859 0.119484 0.232844 0.162375 0.281859 0.199141 0.297187 0.228250 0.309437 0.246625 0.310203 0.280328 0.299484 0.292578 0.267313 0.278031 0.248922 0.267313 0.225953 0.235141 0.196844 0.216766 0.172328 0.189188 0.143234 0.166203 0.115656 0.135563 0.103406 0.083484 0.110297 0.042125 0.131734 0.000766 0.153188 0.003063
0 0.133781 0.001063 0.111062 0.041359 0.100344 0.052078 0.073844 0.061000 0.041734 0.072781 0.000000 0.102734 0.004594 0.020688 0.026750 0.007484 0.032813 0.000000 0.113437 0.001063
0 0.474875 0.008422 0.449609 0.058203 0.432750 0.087313 0.415906 0.105703 0.391391 0.160844 0.386797 0.212922 0.427391 0.254297 0.454969 0.280328 0.519297 0.295656 0.544578 0.268844 0.510875 0.244328 0.477172 0.224422 0.471047 0.207563 0.464922 0.173859 0.474875 0.146297 0.494797 0.104937 0.522359 0.062047 0.534625 0.031406 0.534625 0.005359 0.504750 0.006891 0.487891 0.005359
0 0.866266 0.003828 0.849422 0.024516 0.820312 0.055141 0.792734 0.094969 0.769766 0.122547 0.728406 0.153188 0.679375 0.182297 0.638016 0.199141 0.596656 0.232844 0.566016 0.257359 0.552234 0.245859 0.547641 0.201437 0.592828 0.175391 0.617344 0.149359 0.677078 0.115656 0.698531 0.091141 0.758266 0.040594 0.782781 0.008422 0.795031 0.002297
0 0.350969 0.664016 0.410719 0.663250 0.459734 0.688531 0.536328 0.739078 0.573094 0.781969 0.582281 0.830984 0.600672 0.866219 0.632828 0.879250 0.692578 0.884609 0.736234 0.895328 0.746953 0.909109 0.731641 0.929031 0.701000 0.944344 0.682625 0.947406 0.670359 0.943578 0.661172 0.937453 0.655766 0.928594 0.646047 0.889734 0.612859 0.885688 0.610625 0.913719 0.599906 0.927500 0.592234 0.935156 0.564672 0.926734 0.541687 0.908344 0.523313 0.877719 0.498797 0.811844 0.489609 0.782734 0.466625 0.772016 0.426797 0.749031 0.380844 0.728359 0.353266 0.709203 0.341016 0.701547 0.335656 0.679344
0 0.289516 0.579812 0.221359 0.592063 0.184594 0.611984 0.155484 0.634953 0.126375 0.665594 0.109531 0.700828 0.097266 0.743719 0.074297 0.786609 0.037531 0.791969 0.032937 0.769000 0.031406 0.719969 0.056672 0.674016 0.075063 0.640313 0.079563 0.602672 0.113625 0.562734 0.189953 0.539219 0.232844 0.525422 0.294125 0.527734 0.310969 0.546109 0.305609 0.567562
0 0.363812 0.518531 0.342375 0.553766 0.317859 0.604313 0.302547 0.653344 0.290281 0.674781 0.291047 0.703891 0.320156 0.728406 0.343141 0.734531 0.356922 0.755969 0.345438 0.772828 0.322453 0.770531 0.304078 0.763641 0.304844 0.797328 0.302547 0.832563 0.299484 0.860141 0.304844 0.896906 0.324750 0.916813 0.349266 0.903797 0.355391 0.863969 0.376844 0.802703 0.377609 0.739891 0.373016 0.724578 0.346969 0.709250 0.330109 0.686281 0.344672 0.664828 0.373781 0.664062 0.394453 0.612750 0.412078 0.563719 0.408234 0.539219 0.394453 0.526953 0.373016 0.507812
0 0.409766 0.266547 0.392922 0.317094 0.350031 0.363047 0.325516 0.398281 0.264250 0.468750 0.229937 0.518094 0.172328 0.526953 0.141828 0.545109 0.118719 0.535391 0.139406 0.510875 0.144000 0.486359 0.157781 0.472578 0.209094 0.454203 0.242031 0.405172 0.277266 0.365344 0.313266 0.310203 0.343141 0.259656 0.353859 0.247391 0.376844 0.230547 0.404406 0.231312 0.421266 0.252750
0 0.530797 0.409766 0.583641 0.399047 0.637250 0.380672 0.701594 0.376078 0.779719 0.373016 0.845594 0.363812 0.890781 0.367641 0.878516 0.393688 0.872391 0.404406 0.824906 0.419734 0.769766 0.433516 0.711547 0.445766 0.662531 0.454969 0.589000 0.465688 0.536922 0.479469 0.492500 0.466453 0.474109 0.438875 0.482531 0.420500 0.514703 0.409000
0 0.700063 0.261188 0.685516 0.298719 0.661000 0.327813 0.619641 0.346203 0.578281 0.372250 0.504750 0.398281 0.467984 0.412078 0.448062 0.391391 0.451906 0.373016 0.471812 0.350031 0.556828 0.316328 0.602016 0.285687 0.644922 0.250453 0.664828 0.221359 0.689344 0.219828 0.710781 0.223656 0.703891 0.246625
0 0.337781 0.448062 0.369172 0.438875 0.405938 0.440406 0.444234 0.467219 0.465688 0.485594 0.470281 0.500922 0.543813 0.501687 0.605078 0.497094 0.670953 0.508578 0.674781 0.528500 0.634953 0.549937 0.590531 0.553000 0.562953 0.556063 0.533859 0.547641 0.495563 0.533859 0.464922 0.507812 0.445000 0.507812 0.412844 0.507812 0.369937 0.518531 0.342375 0.483297 0.334719 0.457266
0 0.477172 0.511641 0.520828 0.545344 0.577516 0.569859 0.611219 0.594359 0.632656 0.615812 0.638781 0.631125 0.670188 0.633422 0.700063 0.627297 0.736828 0.646453 0.752141 0.683203 0.778188 0.706187 0.765172 0.726109 0.736062 0.728406 0.688578 0.697766 0.644141 0.683984 0.608922 0.671719 0.569094 0.648750 0.523125 0.615047 0.492500 0.593594 0.464922 0.572156 0.434281 0.556828 0.415906 0.543047 0.395984 0.524656 0.412078 0.507812 0.430453 0.516234 0.448828 0.503219
0 0.870094 0.844063 0.824906 0.903031 0.782016 0.961250 0.762634 0.998437 0.862416 0.998437 0.877750 0.962016 0.897672 0.914516 0.922188 0.888484 0.924484 0.871625 0.921422 0.851719 0.909156 0.844828 0.890781 0.847125
0 0.325511 0.998437 0.343141 0.995703 0.402875 0.995703 0.478703 0.974266 0.516234 0.981156 0.551469 0.999547 0.552117 0.998437 0.570170 0.998437 0.585172 0.954344 0.567562 0.934437 0.533859 0.923719 0.481766 0.920656 0.432750 0.924484 0.348500 0.929078 0.302547 0.936734 0.248922 0.941328 0.235141 0.961250 0.227484 0.994938 0.237171 0.998437
0 0.079656 0.951281 0.049781 0.959719 0.032937 0.970438 0.002297 0.998781 0.002297 0.998437 0.098828 0.998437 0.111828 0.985750 0.121016 0.965078 0.111062 0.957422 0.098812 0.952047
0 0.961250 0.009187 0.935969 0.041359 0.928312 0.049016 0.877750 0.076594 0.837922 0.091906 0.790438 0.110297 0.775891 0.117188 0.801937 0.078891 0.826437 0.049781 0.863203 0.014547 0.873922 0.003828
0 0.000531 0.440437 0.040891 0.437297 0.071313 0.436234 0.096469 0.449875 0.115359 0.462453 0.131078 0.485531 0.137906 0.516984 0.110641 0.523797 0.094906 0.518563 0.076031 0.516984 0.043516 0.516469 0.019406 0.514359 0.003141 0.519609
0 0.543750 0.000000 0.562406 0.030547 0.577672 0.018797 0.594125 0.014094 0.604703 0.022328 0.622328 0.025844 0.629375 0.016453 0.642297 0.016453 0.659922 0.023500 0.668141 0.014094 0.683406 0.000000 0.563578 0.001172
1 0.003906 0.586906 0.013672 0.600594 0.028313 0.587891 0.042000 0.597656 0.042000 0.613281 0.052734 0.621094 0.064453 0.625000 0.074219 0.632812 0.076172 0.605469 0.100594 0.591797 0.110344 0.563469 0.125000 0.562500 0.137688 0.549813 0.128906 0.543937 0.113281 0.536125 0.083000 0.536125 0.054688 0.535156 0.003906 0.532219 0.003906 0.558594
1 0.164062 0.629875 0.162109 0.649406 0.174812 0.653312 0.195312 0.644531 0.216797 0.648438 0.234375 0.653312 0.233406 0.679688 0.248047 0.684562 0.276375 0.686531 0.276375 0.667969 0.291016 0.654297 0.301750 0.634766 0.282219 0.628906 0.261719 0.636719 0.241219 0.628906 0.213875 0.617188 0.198250 0.610344 0.186531 0.616219 0.171875 0.624031
1 0.710938 0.619141 0.705078 0.637687 0.734375 0.641594 0.769531 0.639656 0.795906 0.639656 0.819344 0.612313 0.796875 0.599609 0.794922 0.583984 0.786125 0.573250 0.768563 0.558594 0.769531 0.575187 0.739250 0.571281 0.721688 0.583000 0.707031 0.598625 0.700187 0.607422
1 0.176750 0.005859 0.166016 0.022469 0.164062 0.038094 0.172844 0.062500 0.190437 0.042000 0.221687 0.039062 0.249031 0.027344 0.236328 0.016594 0.224609 0.007812 0.217781 0.001953 0.199219 0.005859 0.190437 0.005859
1 0.902344 0.704094 0.885750 0.720703 0.868156 0.742188 0.855469 0.764656 0.859375 0.778312 0.891594 0.775391 0.920906 0.760750 0.956063 0.743156 0.927734 0.728516 0.923828 0.714844 0.914062 0.704094
1 0.469719 0.669922 0.500000 0.680656 0.521484 0.668937 0.550781 0.676750 0.620125 0.679688 0.569344 0.662109 0.554688 0.639656 0.523438 0.618156 0.489250 0.602531 0.461906 0.583984 0.471687 0.615234 0.469719 0.654297
1 0.847656 0.525391 0.887687 0.563469 0.927734 0.590812 0.924813 0.562500 0.947266 0.539062 0.943359 0.518563 0.893563 0.510750 0.862313 0.516594
1 0.583984 0.042969 0.632812 0.052734 0.687500 0.065438 0.705078 0.073250 0.731437 0.053719 0.750969 0.031250 0.773438 0.001953 0.728516 0.001953 0.686531 0.014656 0.650391 0.032219 0.636719 0.023438 0.612313 0.028313 0.597656 0.021484
0 0.005344 0.221531 0.012844 0.212969 0.025688 0.206547 0.036391 0.210828 0.037453 0.225813 0.035313 0.245078 0.036391 0.263266 0.032109 0.277188 0.019266 0.291094 0.001063 0.308219 0.002141 0.237578
0 0.777203 0.196734 0.793391 0.165156 0.808781 0.148156 0.834688 0.126297 0.845203 0.116578 0.848453 0.102813 0.854922 0.095531 0.867062 0.105250 0.876781 0.102000 0.884875 0.094719 0.885688 0.086625 0.890547 0.082578 0.899453 0.089859 0.909969 0.094719 0.927781 0.092297 0.935078 0.085000 0.943984 0.072859 0.953688 0.083391 0.960984 0.093109 0.978781 0.097953 0.995797 0.097156 0.998437 0.097363 0.998437 0.126646 0.982844 0.127922 0.973125 0.136813 0.967453 0.144922 0.969891 0.154625 0.967453 0.166781 0.953688 0.161922 0.937500 0.161109 0.918062 0.161109 0.900266 0.166781 0.884875 0.173250 0.875969 0.179734 0.854109 0.191875 0.845203 0.208875 0.824969 0.228297 0.813641 0.240453 0.798250 0.240453 0.778828 0.228297 0.769922 0.222641 0.766672 0.211297
0 0.240672 0.027766 0.298063 0.062953 0.362859 0.070344 0.394328 0.072203 0.510969 0.101828 0.555406 0.087016 0.564656 0.042578 0.455422 0.025922 0.353609 0.001844 0.231422 0.003703 0.251781 0.031469
0 0.368422 0.177734 0.483203 0.201797 0.573922 0.196234 0.723875 0.222156 0.786813 0.192531 0.781266 0.164766 0.572063 0.140703 0.483203 0.151812 0.375828 0.127750
0 0.846063 0.416547 0.799781 0.473938 0.709063 0.499859 0.666484 0.523922 0.627609 0.557250 0.635016 0.616500 0.664625 0.625750 0.731281 0.568359 0.796078 0.536891 0.868281 0.470234 0.883094 0.438766
0 0.970094 0.212906 0.986766 0.286953 0.968250 0.346203 0.962688 0.436922 0.994172 0.510969 0.998437 0.521902 0.998437 0.196399 0.999719 0.196234
0 0.000000 0.584281 0.084422 0.666484 0.175500 0.684250 0.297687 0.706469 0.351016 0.713141 0.368781 0.748688 0.331016 0.773125 0.173281 0.759781 0.053312 0.726469 0.000000 0.668703