0 0.912672 0.009938 0.920477 0.000000 0.987588 0.000000 0.976828 0.018219 0.948875 0.037875 0.930250 0.072016 0.911625 0.085469 0.895078 0.095813 0.887828 0.082375 0.887828 0.045109 0.893000 0.023391
0 0.768361 0.000000 0.775047 0.044078 0.765734 0.089609 0.782281 0.116516 0.801953 0.131000 0.818500 0.135141 0.834016 0.117547 0.842297 0.085469 0.828844 0.040984 0.825074 0.000000
0 0.737142 0.000000 0.741922 0.027531 0.749172 0.059609 0.761594 0.086500 0.778141 0.117547 0.810219 0.145484 0.823672 0.165156 0.823672 0.182734 0.819531 0.200328 0.797813 0.203438 0.789531 0.192047 0.772969 0.177562 0.754344 0.163078 0.722266 0.136172 0.697438 0.087547 0.688125 0.051328 0.675703 0.022344 0.666557 0.000000
0 0.323875 0.022344 0.308359 0.075125 0.311469 0.123766 0.325953 0.164109 0.343547 0.211719 0.365266 0.255172 0.381828 0.281047 0.397344 0.292422 0.418047 0.295531 0.430469 0.291391 0.432531 0.263453 0.411844 0.231375 0.399422 0.186875 0.380797 0.138250 0.380797 0.127891 0.372516 0.101000 0.372516 0.069953 0.378719 0.050297 0.377688 0.033734 0.359063 0.022344 0.342516 0.017172
0 0.573266 0.161016 0.590859 0.196187 0.622938 0.244828 0.650875 0.269656 0.693297 0.276906 0.732609 0.283109 0.752281 0.284141 0.761594 0.271734 0.778141 0.235516 0.762625 0.214813 0.755375 0.210672 0.744000 0.217922 0.704672 0.211719 0.691219 0.214813 0.656047 0.189984 0.633281 0.158938 0.614656 0.132031 0.607406 0.110313 0.588781 0.096859 0.574297 0.091687 0.560844 0.093750 0.554641 0.119625 0.557734 0.135141
0 0.520484 0.325531 0.510141 0.384516 0.493578 0.434188 0.482203 0.473516 0.481172 0.527313 0.480125 0.579063 0.497719 0.635969 0.511172 0.673219 0.522563 0.692875 0.536016 0.707375 0.550500 0.707375 0.560844 0.673219 0.550500 0.632859 0.540156 0.597687 0.532906 0.560437 0.532906 0.512828 0.552562 0.449703 0.557734 0.426953 0.564984 0.394875 0.572234 0.366922 0.586719 0.331750 0.577406 0.313125 0.568094 0.307953 0.547391 0.304844 0.528766 0.313125
0 0.577406 0.373141 0.605344 0.467297 0.626031 0.518000 0.656047 0.568703 0.685016 0.576984 0.705719 0.576984 0.717094 0.566641 0.717094 0.543875 0.715031 0.513859 0.702609 0.503516 0.685016 0.485922 0.674672 0.462125 0.650875 0.416594 0.639484 0.390734 0.633281 0.366922 0.633281 0.349344 0.640516 0.332781 0.629141 0.318297 0.614656 0.308984 0.594984 0.314156 0.587750 0.331750
0 0.818500 0.588375 0.835063 0.621484 0.866094 0.628719 0.902313 0.659766 0.937500 0.695984 0.976828 0.733234 0.998547 0.764281 0.998437 0.766526 0.998437 0.672508 0.965437 0.640109 0.934391 0.612172 0.900250 0.588375 0.879547 0.571813 0.858859 0.564563 0.835063 0.568703 0.815391 0.576984
0 0.634312 0.597687 0.653969 0.628719 0.660187 0.647344 0.634312 0.679422 0.604297 0.709437 0.575328 0.738406 0.562906 0.760141 0.561875 0.775656 0.558781 0.802563 0.572234 0.812906 0.593953 0.806703 0.614656 0.800500 0.653969 0.736344 0.683984 0.708406 0.697438 0.682531 0.712953 0.640109 0.698469 0.615266 0.679844 0.578016 0.652937 0.570781 0.638453 0.572844 0.629141 0.587328
0 0.785391 0.804641 0.770906 0.827406 0.747109 0.850172 0.738828 0.882250 0.751234 0.947437 0.758295 0.998437 0.832127 0.998437 0.826781 0.980547 0.818500 0.948469 0.808156 0.893625 0.814359 0.860516 0.830922 0.824297 0.832984 0.798422 0.819531 0.793250 0.795734 0.792219
0 0.838156 0.651484 0.816437 0.688734 0.818500 0.733234 0.822641 0.767391 0.840234 0.798422 0.840234 0.861547 0.838156 0.903969 0.854719 0.916391 0.869203 0.927766 0.889906 0.915359 0.887828 0.898797 0.886797 0.858438 0.893000 0.817047 0.891969 0.780844 0.879547 0.760141 0.861969 0.739453 0.875406 0.698047 0.880594 0.664937 0.874375 0.653562 0.853688 0.640109
0 0.912672 0.764281 0.905422 0.799469 0.904391 0.861547 0.913703 0.906047 0.948875 0.949500 0.977859 0.990891 0.984080 0.998437 0.998437 0.906298 0.983031 0.879141 0.970609 0.846031 0.966469 0.813953 0.966469 0.783938 0.958203 0.770484 0.945781 0.751859 0.932328 0.747719
0 0.949922 0.098922 0.956125 0.077187 0.974750 0.067875 0.998437 0.093125 0.998437 0.209260 0.993375 0.187906 0.954063 0.138250 0.942672 0.121687
0 0.935437 0.139281 0.914734 0.170328 0.895078 0.193094 0.898172 0.259313 0.904391 0.299672 0.909563 0.328641 0.919906 0.346234 0.942672 0.352437 0.960266 0.341062 0.968547 0.325531 0.966469 0.294500 0.956125 0.263453 0.955094 0.235516 0.955094 0.207578 0.962328 0.192047 0.974750 0.175500 0.961297 0.145484 0.942672 0.131000
0 0.727437 0.419703 0.759516 0.407281 0.792625 0.408313 0.819531 0.406250 0.869203 0.383484 0.881625 0.360719 0.882656 0.329672 0.890938 0.310016 0.899219 0.316219 0.909563 0.342094 0.938531 0.355547 0.928187 0.387625 0.903359 0.423844 0.890938 0.447641 0.879547 0.446609 0.843344 0.447641 0.809187 0.453844 0.771938 0.467297 0.749172 0.465234 0.730547 0.453844 0.730547 0.438328
0 0.683984 0.289328 0.710891 0.329672 0.752281 0.372109 0.769875 0.392797 0.794703 0.392797 0.814359 0.381422 0.825750 0.362797 0.823672 0.342094 0.788500 0.326578 0.764687 0.310016 0.744000 0.287250 0.722266 0.283109 0.695359 0.281047
0 0.784359 0.254141 0.777109 0.283109 0.780219 0.308984 0.801953 0.331750 0.821609 0.335891 0.843344 0.361750 0.858859 0.371063 0.874375 0.372109 0.873344 0.348297 0.857828 0.321406 0.832984 0.305875 0.816437 0.285187 0.823672 0.262422 0.823672 0.244828 0.805047 0.237578 0.792625 0.240687
0 0.158312 0.595609 0.158312 0.647344 0.171766 0.702188 0.209016 0.784969 0.222469 0.829469 0.230750 0.839813 0.248344 0.852234 0.264906 0.853266 0.279391 0.843953 0.287672 0.814984 0.284562 0.789109 0.256625 0.746688 0.234891 0.709437 0.215234 0.671156 0.212125 0.641141 0.194531 0.613203 0.194531 0.593547 0.173844 0.579063
0 0.325953 0.579063 0.298016 0.614234 0.268000 0.654594 0.268000 0.712547 0.273172 0.761172 0.298016 0.804641 0.311469 0.819125 0.331125 0.828438 0.343547 0.823266 0.353891 0.811875 0.359063 0.788078 0.349750 0.763250 0.329062 0.728063 0.319750 0.687703 0.328016 0.664937 0.346641 0.641141 0.334234 0.614234 0.344578 0.587328 0.364234 0.579063 0.365266 0.555250 0.341469 0.551125 0.326984 0.568703
0 0.143828 0.251031 0.135547 0.308984 0.128312 0.357609 0.102438 0.391766 0.099344 0.418672 0.093125 0.440391 0.099344 0.461094 0.106578 0.472469 0.128312 0.476609 0.136594 0.463156 0.146937 0.432125 0.161422 0.401078 0.188328 0.350375 0.188328 0.320359 0.181078 0.281047 0.181078 0.261375 0.183156 0.243797 0.171766 0.237578 0.157281 0.233437 0.146937 0.236547
0 0.253516 0.262422 0.294906 0.284141 0.334234 0.312094 0.366312 0.349344 0.397344 0.389687 0.412875 0.403141 0.436672 0.407281 0.441844 0.387625 0.421156 0.343125 0.397344 0.305875 0.378719 0.278969 0.347688 0.255172 0.310438 0.226203 0.282484 0.202406 0.258688 0.191016 0.230750 0.192047 0.223516 0.199297 0.238000 0.231375 0.245234 0.250000
0 0.255594 0.318297 0.245234 0.374172 0.221438 0.415563 0.211734 0.454937 0.221922 0.485500 0.290984 0.518344 0.340813 0.520609 0.351000 0.501359 0.335141 0.480984 0.304578 0.471922 0.267203 0.453797 0.301125 0.377281 0.314562 0.345203 0.299047 0.312094 0.293875 0.294500 0.270078 0.274828 0.257656 0.272766 0.246281 0.285187 0.247312 0.301734
0 0.166594 0.189984 0.162453 0.203438 0.168672 0.226203 0.190391 0.254141 0.196609 0.263453 0.193500 0.310016 0.198672 0.362797 0.197641 0.406250 0.186828 0.518344 0.225312 0.512687 0.227578 0.497969 0.206062 0.465125 0.219375 0.414531 0.228688 0.383484 0.240062 0.320359 0.240062 0.275875 0.243172 0.250000 0.232828 0.230344 0.222469 0.204469 0.216266 0.194125 0.189359 0.182734 0.176953 0.184812
0 0.135547 0.025453 0.119000 0.070984 0.096234 0.110313 0.056906 0.156875 0.045531 0.170328 0.028969 0.189984 0.031047 0.207578 0.047594 0.222062 0.080719 0.238625 0.112797 0.223094 0.119000 0.184812 0.140734 0.147563 0.154188 0.132031 0.160391 0.096859 0.164531 0.065813 0.177984 0.035797 0.186266 0.020281 0.180463 0.000000 0.152937 0.000000 0.132453 0.006828
0 0.000923 0.000000 0.055109 0.000000 0.051734 0.004766 0.040359 0.042016 0.034141 0.095813 0.033109 0.132031 0.024828 0.152734 0.016563 0.173422 0.000000 0.180672
0 0.393219 0.103063 0.388031 0.077187 0.405625 0.029594 0.419088 0.000000 0.495371 0.000000 0.494625 0.002688 0.480125 0.036844 0.458406 0.052359 0.448047 0.068922 0.443922 0.097891 0.443922 0.117547 0.443922 0.137203 0.439781 0.161016 0.430469 0.172391 0.414938 0.178594 0.407703 0.183781 0.394250 0.162047 0.384938 0.132031 0.382859 0.113406
0 0.156250 0.910187 0.165563 0.903969 0.188328 0.908109 0.211094 0.920531 0.230750 0.931906 0.268000 0.937094 0.278359 0.945359 0.315609 0.958813 0.340438 0.978484 0.361141 0.992969 0.373634 0.998437 0.276839 0.998437 0.255594 0.990891 0.224547 0.981578 0.199703 0.972266 0.187297 0.967094 0.157281 0.953641 0.143828 0.938125 0.141766 0.924672
0 0.376656 0.804641 0.382859 0.777734 0.401484 0.759109 0.415984 0.759109 0.438734 0.766344 0.445984 0.778766 0.452187 0.817047 0.448047 0.856375 0.451156 0.879141 0.453234 0.907078 0.452187 0.926734 0.447016 0.948469 0.433563 0.936047 0.419078 0.936047 0.407703 0.942266 0.396312 0.938125 0.391141 0.885344 0.381828 0.841891 0.377688 0.824297
0 0.394250 0.959844 0.381828 0.980547 0.381020 0.998437 0.446440 0.998437 0.449094 0.986750 0.449094 0.969156 0.440812 0.946406 0.431500 0.939156 0.419078 0.942266 0.403562 0.943297
0 0.352859 0.646313 0.365266 0.671156 0.405625 0.687703 0.420109 0.710469 0.420109 0.733234 0.419078 0.751859 0.415984 0.759109 0.439781 0.766344 0.444953 0.779797 0.451156 0.799469 0.476000 0.761172 0.493578 0.747719 0.484266 0.730125 0.478062 0.682531 0.485313 0.671156 0.490484 0.659766 0.465641 0.659766 0.431500 0.627688 0.406656 0.608031 0.400453 0.592516 0.381828 0.581125 0.368375 0.575953 0.358031 0.583203 0.347688 0.590437 0.339406 0.598719 0.336297 0.615266 0.343547 0.630797
0 0.089844 0.598437 0.086719 0.621094 0.087500 0.646875 0.099219 0.682031 0.119531 0.730469 0.145313 0.776563 0.165625 0.789062 0.182812 0.789062 0.189844 0.776563 0.182031 0.760156 0.171875 0.734375 0.162500 0.714063 0.158594 0.691406 0.145313 0.668750 0.141406 0.650781 0.136719 0.634375 0.143750 0.617969 0.148438 0.603125 0.139063 0.584375 0.121094 0.578906 0.104688 0.581250 0.096094 0.585938
0 0.069531 0.822656 0.096875 0.857812 0.109375 0.884375 0.111719 0.922656 0.110156 0.940625 0.109375 0.963281 0.111719 0.983594 0.123438 0.998437 0.127812 0.998437 0.201270 0.998437 0.202344 0.998437 0.202344 0.982031 0.189062 0.971875 0.172656 0.964844 0.156250 0.954688 0.140625 0.937500 0.142187 0.926562 0.152344 0.907813 0.163281 0.901563 0.161719 0.884375 0.153125 0.867969 0.142187 0.848437 0.130469 0.830469 0.112500 0.814844 0.101562 0.807813 0.092969 0.811719 0.078906 0.810937 0.071094 0.813281
0 0.001563 0.557031 0.020313 0.576562 0.025781 0.588281 0.039844 0.591406 0.054688 0.590625 0.067969 0.578906 0.067969 0.566406 0.059375 0.538281 0.042969 0.514844 0.025781 0.494531 0.011719 0.478906 0.002344 0.458594
0 0.014063 0.603906 0.010156 0.622656 0.020313 0.649219 0.032813 0.678906 0.042969 0.701562 0.056250 0.725000 0.064844 0.752344 0.068750 0.788281 0.068750 0.802344 0.075781 0.807031 0.086719 0.809375 0.096875 0.807031 0.103125 0.803906 0.109375 0.803906 0.115625 0.768750 0.112500 0.729688 0.104688 0.712500 0.093750 0.679688 0.083594 0.664062 0.076563 0.651563 0.072656 0.633594 0.075781 0.613281 0.081250 0.596094 0.081250 0.582031 0.067969 0.577344 0.053906 0.593750 0.036719 0.594531 0.025000 0.593750 0.020313 0.592969
1 0.508078 0.277938 0.451156 0.341062 0.445984 0.441437 0.484266 0.437297 0.506000 0.392797 0.520484 0.313125 0.539109 0.270703
1 0.481172 0.600781 0.465641 0.625625 0.461500 0.659766 0.496688 0.655625 0.477031 0.680469 0.496688 0.722891 0.484266 0.739453 0.501859 0.747719 0.477031 0.766344 0.462547 0.801531 0.488406 0.823266 0.485313 0.890516 0.513250 0.902938 0.530844 0.882250 0.562906 0.915359 0.582578 0.920531 0.602234 0.925703 0.627062 0.877062 0.593953 0.864656 0.573266 0.836719 0.587750 0.823266 0.574297 0.810844 0.559812 0.798422 0.561875 0.769453 0.542219 0.709437 0.526703 0.694953 0.513250 0.672188 0.495656 0.629766
1 0.858031 0.000000 0.870234 0.024422 0.853688 0.036844 0.841266 0.040984 0.844375 0.090641 0.858859 0.117547 0.897141 0.157906 0.907484 0.170328 0.929219 0.137203 0.940609 0.112375 0.932328 0.058563 0.905422 0.093750 0.886797 0.094781 0.883687 0.078234 0.865062 0.076156 0.878516 0.043047 0.883687 0.018219 0.884023 0.000000
1 0.152484 0.795938 0.158125 0.827000 0.143078 0.843000 0.150609 0.850531 0.150609 0.859000 0.165656 0.865594 0.184484 0.902297 0.247547 0.931469 0.240016 0.887234 0.245672 0.849578 0.220250 0.834531 0.213672 0.811000 0.211781 0.778984 0.201437 0.752641 0.189188 0.727219 0.179781 0.709344 0.167547 0.708391 0.168484 0.727219 0.176953 0.732875 0.172250 0.739453 0.176953 0.751687 0.188250 0.768641 0.183547 0.790281 0.166609 0.791234
1 0.151953 0.543609 0.156250 0.572797 0.171703 0.583109 0.203469 0.589969 0.206047 0.612297 0.213766 0.637187 0.220641 0.664656 0.241250 0.661234 0.264422 0.641484 0.243812 0.601984 0.248969 0.575375 0.235234 0.542750 0.224078 0.517859 0.183422 0.524000 0.178891 0.500219 0.169984 0.473219 0.153672 0.456047 0.133063 0.470641 0.133063 0.489531 0.139937 0.518719 0.147672 0.527297
1 0.912797 0.974562 0.924422 0.984016 0.934594 0.993453 0.940406 0.994188 0.938265 0.998437 0.878587 0.998437 0.861187 0.984016 0.880094 0.953484 0.874266 0.930234 0.888078 0.914969 0.896797 0.902609 0.890984 0.898250 0.881547 0.879359 0.885172 0.853203 0.893891 0.857562 0.900438 0.864828 0.904797 0.878641 0.910609 0.902609 0.910609 0.921516 0.909891 0.943312 0.907703 0.957125 0.911344 0.967297
1 0.897531 0.797234 0.898984 0.776156 0.887359 0.765984 0.898250 0.746359 0.894625 0.717297 0.885906 0.705672 0.891719 0.664969 0.926594 0.685312 0.943312 0.702766 0.968750 0.733281 0.982563 0.748547 0.992000 0.769625 0.997094 0.780516 0.985469 0.816859 0.989828 0.853922 0.984734 0.868453 0.975297 0.859016 0.971656 0.840109 0.965109 0.809594 0.967297 0.789250 0.960750 0.771078 0.952031 0.754359 0.941141 0.744188 0.925141 0.746359 0.912797 0.756547 0.907703 0.771797 0.904797 0.805234
1 0.125672 0.208109 0.127937 0.162813 0.146063 0.151500 0.160781 0.142437 0.158516 0.123188 0.176625 0.113000 0.170969 0.093750 0.183422 0.049594 0.190219 0.023547 0.188371 0.000000 0.227170 0.000000 0.229844 0.009969 0.215125 0.062047 0.199281 0.102812 0.190219 0.120922 0.190219 0.165078 0.186828 0.179797 0.153984 0.197922 0.166437 0.220562 0.147187 0.231891 0.135875 0.220562
1 0.931297 0.593547 0.917844 0.562500 0.898172 0.518000 0.867141 0.521109 0.844375 0.528359 0.830922 0.546984 0.846438 0.570781 0.816437 0.570781 0.811266 0.539734 0.812297 0.515938 0.797813 0.506625 0.815391 0.488000 0.812297 0.464203 0.823672 0.456953 0.831953 0.467297 0.865062 0.472469 0.883687 0.456953 0.894047 0.431078 0.910594 0.452812 0.926125 0.473516 0.947844 0.507656 0.962328 0.562500 0.953016 0.624594
0 0.352078 0.772812 0.409109 0.772812 0.423984 0.695953 0.466141 0.636453 0.478531 0.574469 0.466141 0.549672 0.389281 0.651328 0.362000 0.713313