0 0.129609 0.060375 0.112750 0.075469 0.106531 0.095000 0.103875 0.118078 0.104766 0.137609 0.106531 0.166906 0.098547 0.188203 0.092328 0.213063 0.078125 0.229047 0.070141 0.239703 0.076344 0.271656 0.083453 0.298297 0.095875 0.324047 0.103875 0.330250 0.116297 0.296516 0.122516 0.264562 0.130500 0.243250 0.141156 0.212188 0.151812 0.179328 0.159797 0.159797 0.170453 0.125172 0.173125 0.098547 0.172234 0.080781 0.162469 0.067469 0.151812 0.058594
0 0.185953 0.200266 0.160656 0.224469 0.149641 0.250875 0.139750 0.279484 0.128734 0.303703 0.116641 0.331203 0.107828 0.359812 0.099031 0.379625 0.093531 0.420328 0.083625 0.447844 0.081422 0.481953 0.080328 0.512766 0.080328 0.543578 0.097937 0.561172 0.116641 0.557875 0.126547 0.525969 0.132047 0.488563 0.139750 0.473156 0.139750 0.451141 0.147453 0.440141 0.149641 0.421438 0.149641 0.401625 0.160656 0.378516 0.171656 0.357609 0.172750 0.326797 0.183766 0.310297 0.192562 0.296000 0.207969 0.269594 0.229969 0.242078 0.237672 0.216766 0.226672 0.195859 0.203563 0.183766
0 0.374125 0.089125 0.351016 0.094625 0.334500 0.097937 0.312500 0.116641 0.291594 0.143047 0.268484 0.173859 0.240984 0.213469 0.224469 0.254188 0.206859 0.296000 0.202469 0.329000 0.189266 0.340016 0.198063 0.353219 0.201359 0.373016 0.191469 0.390625 0.204672 0.409328 0.217875 0.431344 0.223375 0.457750 0.233281 0.475359 0.258578 0.479750 0.282797 0.463250 0.283891 0.442344 0.272891 0.422531 0.265188 0.402734 0.258578 0.381828 0.264078 0.373016 0.256375 0.365313 0.255281 0.351016 0.266281 0.357609 0.269594 0.341109 0.260781 0.330109 0.267391 0.304797 0.278391 0.286094 0.287188 0.264078 0.297094 0.240984 0.309203 0.214562 0.332313 0.184859 0.359812 0.162859 0.384016 0.134250 0.397234 0.119938 0.385125 0.088031
0 0.415937 0.112234 0.384016 0.145250 0.367516 0.176063 0.345516 0.202469 0.343313 0.224469 0.338906 0.245375 0.336703 0.259687 0.329000 0.281687 0.315797 0.307000 0.299297 0.334500 0.283891 0.368625 0.269594 0.387328 0.276187 0.419234 0.291594 0.439047 0.312500 0.420328 0.342203 0.390625 0.355406 0.351016 0.375219 0.307000 0.386219 0.265188 0.397234 0.231078 0.406031 0.193656 0.424734 0.161750 0.447844 0.143047 0.459953 0.127641 0.453344 0.111141 0.424734 0.095734
0 0.561172 0.058313 0.540266 0.083625 0.518266 0.128734 0.499563 0.160656 0.483047 0.183766 0.467656 0.205766 0.450047 0.221172 0.426938 0.229969 0.411531 0.238781 0.407125 0.262984 0.396125 0.272891 0.409328 0.287188 0.429141 0.283891 0.462141 0.275094 0.486359 0.250875 0.511656 0.229969 0.521563 0.203563 0.534766 0.182656 0.564484 0.137547 0.576578 0.108937 0.585391 0.085828 0.599688 0.073719 0.596391 0.057219 0.567781 0.044016
0 0.651406 0.000000 0.636000 0.025312 0.620594 0.057219 0.605187 0.085828 0.590891 0.114437 0.574391 0.144141 0.555672 0.176063 0.546875 0.195859 0.540266 0.215672 0.522672 0.229969 0.525969 0.239875 0.507266 0.264078 0.490750 0.286094 0.506156 0.301500 0.492953 0.315797 0.488563 0.330109 0.505062 0.345516 0.530375 0.359812 0.542469 0.379625 0.546875 0.344406 0.556781 0.315797 0.582094 0.277281 0.604094 0.249781 0.618391 0.214562 0.637109 0.166156 0.654703 0.119938 0.670109 0.088031 0.692125 0.063828 0.699828 0.038516 0.713031 0.024203 0.700922 0.007703 0.694328 0.005500
0 0.498453 0.334500 0.485250 0.329000 0.462141 0.342203 0.459953 0.360922 0.469844 0.393922 0.481953 0.431344 0.487453 0.463250 0.488563 0.502859 0.488563 0.545781 0.497359 0.597484 0.509469 0.655813 0.517172 0.696516 0.512766 0.728437 0.528172 0.751547 0.551281 0.754844 0.558984 0.732828 0.566688 0.708625 0.569984 0.669016 0.561172 0.614000 0.557875 0.577688 0.544672 0.554578 0.529266 0.538078 0.528172 0.506156 0.552375 0.490750 0.546875 0.465453 0.544672 0.434641 0.535875 0.398328 0.529266 0.371922 0.518266 0.357609 0.508359 0.349906
0 0.732828 0.041813 0.709734 0.064922 0.697625 0.112234 0.696516 0.165047 0.704219 0.217875 0.715234 0.290500 0.737234 0.354312 0.750437 0.388422 0.774641 0.413734 0.801062 0.430234 0.818656 0.454453 0.846172 0.456641 0.856078 0.430234 0.846172 0.402734 0.826359 0.387328 0.801062 0.354312 0.783453 0.314703 0.772453 0.281687 0.768047 0.251984 0.763641 0.203563 0.761437 0.171656 0.763641 0.135344 0.765844 0.105641 0.761437 0.079219 0.753734 0.049516
0 0.903391 0.005500 0.901188 0.047313 0.886891 0.093531 0.878078 0.136437 0.869281 0.170547 0.860469 0.207969 0.861578 0.242078 0.898984 0.255281 0.918797 0.224469 0.926500 0.177156 0.930891 0.137547 0.938594 0.119938 0.950703 0.107828 0.944109 0.093531 0.966109 0.088031 0.961703 0.068219 0.957312 0.056125 0.974906 0.062719 0.974906 0.044016 0.967203 0.029703 0.983719 0.007703 0.965016 0.000000 0.926500 0.002203
0 0.834062 0.499563 0.771344 0.484156 0.738344 0.463250 0.716328 0.437937 0.693219 0.406031 0.661312 0.368625 0.649203 0.344406 0.630500 0.351016 0.611797 0.368625 0.611797 0.391719 0.640406 0.430234 0.671219 0.467656 0.698719 0.495156 0.725125 0.521563 0.755938 0.541375 0.814266 0.554578 0.848375 0.555672 0.870375 0.555672 0.890188 0.551281 0.894594 0.538078 0.880281 0.518266 0.856078 0.500656
0 0.578781 0.508359 0.557875 0.497359 0.545781 0.498453 0.532578 0.506156 0.530375 0.531469 0.540266 0.552375 0.565578 0.576578 0.605187 0.610703 0.629406 0.639297 0.642609 0.683312 0.649203 0.717422 0.647000 0.738344 0.659109 0.736141 0.664609 0.754844 0.661312 0.772453 0.674516 0.773547 0.684422 0.787859 0.697625 0.818656 0.709734 0.846172 0.720734 0.856078 0.737234 0.853875 0.748234 0.835172 0.742734 0.815359 0.736141 0.771344 0.724031 0.750437 0.713031 0.711922 0.697625 0.677813 0.688828 0.645906 0.678922 0.612891 0.659109 0.579891 0.625000 0.553484 0.609594 0.543578 0.591984 0.527062
0 0.373016 0.588688 0.335609 0.562281 0.294891 0.564484 0.307000 0.595297 0.318000 0.620594 0.353219 0.653609 0.382922 0.686625 0.400531 0.725125 0.424734 0.761437 0.446750 0.794453 0.470953 0.830766 0.492953 0.869281 0.520469 0.898984 0.554578 0.913297 0.579891 0.921000 0.594187 0.903391 0.583187 0.871484 0.561172 0.842875 0.544672 0.808766 0.518266 0.782344 0.491859 0.746031 0.483047 0.725125 0.498453 0.710828 0.467656 0.695422 0.459953 0.681125 0.463250 0.672312 0.454453 0.670109 0.445641 0.656906 0.452250 0.644813 0.435734 0.639297 0.425844 0.636000 0.425844 0.618391 0.410438 0.614000 0.393922 0.607391
0 0.012438 0.472891 0.034563 0.535125 0.044250 0.562781 0.053922 0.609797 0.066375 0.638828 0.107859 0.641594 0.157625 0.659563 0.156250 0.683078 0.138281 0.688609 0.116156 0.688609 0.116156 0.699672 0.107859 0.692750 0.098172 0.709344 0.094031 0.694141 0.085734 0.703812 0.071906 0.692750 0.051156 0.678922 0.027656 0.659563 0.005531 0.638828 0.005531 0.608406 0.001375 0.564156 0.002766 0.529594 0.002766 0.488109
0 0.013828 0.768813 0.002766 0.788156 0.001375 0.813047 0.001375 0.909844 0.001375 0.967922 0.000682 0.998437 0.051262 0.998437 0.052547 0.990047 0.048391 0.951328 0.042859 0.916766 0.044250 0.907078 0.023500 0.897406 0.009672 0.886344 0.009672 0.854531 0.012438 0.833797 0.020734 0.815813 0.017969 0.786781
0 0.193578 0.593203 0.189437 0.633297 0.194969 0.677547 0.214328 0.735625 0.226766 0.795078 0.244750 0.851766 0.264109 0.896016 0.277938 0.943031 0.298672 0.977594 0.326328 0.974828 0.331859 0.944406 0.333234 0.909844 0.316641 0.872516 0.308359 0.825500 0.286234 0.778484 0.266875 0.725938 0.261344 0.684453 0.255812 0.644359 0.255812 0.612563 0.240594 0.590437 0.208797 0.583516
0 0.212938 0.781250 0.214328 0.738391 0.197734 0.717641 0.168687 0.712109 0.152109 0.742531 0.150719 0.799219 0.154875 0.857297 0.174219 0.909844 0.217094 0.969297 0.239717 0.998437 0.311310 0.998437 0.306969 0.985891 0.286234 0.955469 0.269641 0.930594 0.246125 0.902937 0.225391 0.864219 0.215703 0.829641 0.214328 0.807516
0 0.320797 0.674781 0.301437 0.642969 0.279312 0.627766 0.258578 0.626375 0.265484 0.673391 0.280703 0.714875 0.298672 0.753594 0.315266 0.799219 0.322172 0.842094 0.334625 0.897406 0.336000 0.936125 0.341531 0.977594 0.349380 0.998437 0.384185 0.998437 0.395469 0.985891 0.384406 0.947172 0.377484 0.914000 0.373344 0.878047 0.369188 0.844859 0.369188 0.796453 0.363656 0.766047 0.352594 0.732859 0.342922 0.699672
0 0.378875 0.730094 0.366422 0.749453 0.366422 0.796453 0.377484 0.871125 0.377484 0.907078 0.384406 0.949938 0.398234 0.994188 0.398856 0.998437 0.470357 0.998437 0.461844 0.981750 0.452156 0.962391 0.442484 0.898781 0.436953 0.864219 0.436953 0.828266 0.431422 0.799219 0.430031 0.774344 0.428656 0.759125 0.410672 0.742531 0.405141 0.730094
0 0.572453 0.999719 0.620859 0.973453 0.655422 0.949938 0.683078 0.930594 0.716266 0.904312 0.749453 0.891875 0.785391 0.872516 0.824109 0.858687 0.849000 0.862828 0.851766 0.900172 0.836562 0.922297 0.807516 0.925062 0.786781 0.920906 0.768813 0.914000 0.741156 0.922297 0.712109 0.941641 0.683078 0.959625 0.647125 0.983125 0.611172 0.991422
0 0.584906 0.999719 0.583614 0.998437 0.714353 0.998437 0.714875 0.999719 0.756359 0.980359 0.786781 0.958234 0.801984 0.938875 0.797844 0.922297 0.770188 0.914000 0.745297 0.916766 0.714875 0.940266 0.673391 0.966531 0.645734 0.983125 0.625000 0.992812 0.604266 0.994188
0 0.998437 0.962822 0.990047 0.949938 0.973453 0.912609 0.965156 0.871125 0.952703 0.843469 0.949938 0.810281 0.941641 0.786781 0.938875 0.760516 0.938875 0.738391 0.936125 0.709344 0.940266 0.681688 0.976219 0.678922 0.981750 0.709344 0.998344 0.752219 0.998437 0.759794
1 0.500453 0.001125 0.511781 0.037359 0.488000 0.056609 0.501578 0.083781 0.514047 0.108703 0.540078 0.064531 0.570656 0.041891 0.596688 0.056609 0.595562 0.079250 0.577453 0.122281 0.615938 0.062281 0.632922 0.018109 0.644250 0.001125
1 0.558203 0.321563 0.543484 0.357797 0.543484 0.381562 0.537813 0.389500 0.542344 0.426859 0.545750 0.437047 0.544609 0.452906 0.552531 0.477813 0.575187 0.486859 0.584234 0.471016 0.588766 0.431391 0.587641 0.382703 0.583109 0.346469 0.576313 0.307969 0.613672 0.245703 0.617078 0.227578 0.588766 0.264953 0.576313 0.278531 0.569516 0.298906 0.567250 0.313625
1 0.454031 0.810688 0.443844 0.842391 0.441578 0.876359 0.440437 0.899000 0.447234 0.931844 0.454031 0.949953 0.455156 0.968078 0.454031 0.978266 0.467625 0.994109 0.463417 0.998437 0.509208 0.998437 0.502719 0.974859 0.509516 0.947688 0.498187 0.894469 0.478937 0.852578 0.467625 0.827672
1 0.460828 0.416672 0.454031 0.447234 0.464219 0.474406 0.458563 0.527625 0.458563 0.568391 0.459687 0.603484 0.460828 0.639719 0.452906 0.660094 0.466484 0.670297 0.465359 0.692937 0.483469 0.699734 0.497063 0.702000 0.490266 0.734828 0.510641 0.760875 0.521969 0.751812 0.510641 0.740484 0.503844 0.721234 0.509516 0.704250 0.508375 0.677078 0.498187 0.665766 0.498187 0.646516 0.490266 0.630656 0.490266 0.584234 0.486859 0.554797 0.485734 0.528766 0.478937 0.498187 0.483469 0.475547 0.483469 0.458563 0.471016 0.405344
1 0.055484 0.485734 0.054344 0.450641 0.081516 0.400812 0.088313 0.326094 0.072469 0.233250 0.089453 0.192484 0.088313 0.156250 0.107563 0.148328 0.096234 0.101906 0.120016 0.061141 0.113219 0.002266 0.057750 0.049812 0.013594 0.044156 0.005656 0.243438 0.004531 0.379297 0.006797 0.457422 0.013594 0.467625 0.021516 0.493656 0.039625 0.504984 0.047547 0.503844
0 0.053828 0.525922 0.074547 0.592187 0.066266 0.689500 0.072469 0.790953 0.066266 0.875859 0.041406 0.908984 0.000000 0.904844 0.016563 0.778531 0.024844 0.650156 0.031062 0.509359
0 0.180141 0.507297 0.157359 0.619094 0.113875 0.730906 0.099391 0.822016 0.084891 0.875859 0.060047 0.867563 0.072469 0.739187 0.109734 0.604609 0.118016 0.528000
0 0.670859 0.538344 0.646016 0.695719 0.639813 0.795094 0.641875 0.871719 0.639813 0.919328 0.610812 0.935906 0.592187 0.927609 0.579766 0.807531 0.585969 0.689500 0.633594 0.517641
0 0.761969 0.449313 0.774391 0.544562 0.761969 0.685359 0.743328 0.749547 0.747484 0.834437 0.778531 0.855141 0.795094 0.836516 0.811672 0.691578 0.828234 0.577688 0.813734 0.447250 0.782672 0.414109