0 0.970594 0.837313 0.997312 0.896984 0.998437 0.901954 0.953303 0.998437 0.949234 0.969109 0.921594 0.888578 0.877125 0.860938 0.858453 0.815250 0.866734 0.795031 0.887875 0.783094 0.915578 0.782813 0.951641 0.824875
0 0.554328 0.774172 0.608828 0.875906 0.673670 0.998437 0.602844 0.998437 0.561594 0.928594 0.514359 0.851375 0.472563 0.775984 0.479828 0.737828 0.493453 0.719656 0.516172 0.712391 0.546141 0.742375
0 0.672422 0.819578 0.747812 0.810500 0.843203 0.798688 0.943125 0.753266 0.932234 0.698766 0.884078 0.718750 0.818672 0.726016 0.738734 0.748734 0.650625 0.746000 0.588844 0.748734 0.573406 0.764172 0.573406 0.795969 0.616094 0.818672 0.649703 0.816859
0 0.915875 0.433500 0.956766 0.535250 0.979469 0.567047 0.995828 0.635172 0.995828 0.673328 0.998437 0.691205 0.998437 0.789516 0.995828 0.794156 0.954938 0.762359 0.936766 0.716937 0.927687 0.660609 0.924969 0.607922 0.902250 0.569766 0.882266 0.512531 0.868641 0.492547 0.856828 0.433500 0.854109 0.405344 0.881359 0.392625 0.902250 0.394438
0 0.922234 0.131000 0.915875 0.178234 0.940406 0.217297 0.927687 0.235469 0.936766 0.255453 0.944953 0.279063 0.945859 0.319047 0.954031 0.321766 0.952219 0.355375 0.954031 0.414422 0.956766 0.480734 0.947672 0.503453 0.920422 0.439859 0.888625 0.371734 0.868641 0.262719 0.861375 0.197312 0.861375 0.138266 0.890438 0.108281 0.913156 0.112828
0 0.853203 0.253641 0.861375 0.326313 0.859562 0.394438 0.857734 0.417156 0.855016 0.458031 0.865922 0.505266 0.857734 0.537062 0.853203 0.564312 0.868641 0.596109 0.870453 0.607922 0.845938 0.630625 0.818672 0.607922 0.809594 0.556141 0.805047 0.474375 0.806875 0.433500 0.809594 0.362641 0.794156 0.312688 0.791422 0.260906 0.802328 0.215484 0.823219 0.188234 0.843203 0.199125 0.850469 0.228203
0 0.803234 0.424422 0.794156 0.459844 0.777797 0.503453 0.764172 0.537062 0.735109 0.594297 0.714203 0.626094 0.700578 0.646078 0.666969 0.676047 0.623359 0.696047 0.564312 0.707844 0.523438 0.706031 0.514359 0.676047 0.538875 0.644266 0.582484 0.624266 0.616094 0.607922 0.638812 0.587938 0.664250 0.553422 0.688766 0.517078 0.711484 0.480734 0.725109 0.439859 0.738734 0.397172 0.752359 0.371734 0.773250 0.365375 0.786875 0.365375 0.793234 0.385359
0 0.835031 0.082844 0.809594 0.144625 0.782344 0.196406 0.762359 0.228203 0.736922 0.271797 0.698766 0.326313 0.666969 0.378094 0.648797 0.423516 0.636984 0.448953 0.605203 0.467109 0.585203 0.451672 0.576125 0.415328 0.596109 0.374453 0.632453 0.312688 0.670609 0.253641 0.688766 0.206391 0.716031 0.171875 0.736922 0.147344 0.756906 0.120094 0.779609 0.092844 0.788703 0.062859 0.805047 0.049234 0.815953 0.053781
0 0.503178 0.000000 0.496187 0.041969 0.482563 0.091938 0.462578 0.167328 0.446219 0.240000 0.430781 0.285422 0.418969 0.305422 0.394438 0.317219 0.380813 0.321766 0.362641 0.289969 0.366281 0.260906 0.382625 0.190047 0.393531 0.129172 0.416250 0.038328 0.427517 0.000000
0 0.584524 0.000000 0.577937 0.051047 0.557953 0.140078 0.530703 0.208219 0.512531 0.250906 0.482563 0.280891 0.458031 0.285422 0.453484 0.249094 0.475297 0.206391 0.488922 0.147344 0.507078 0.099203 0.527984 0.024703 0.527984 0.000000
0 0.566141 0.294516 0.496187 0.328125 0.462578 0.358109 0.423516 0.387172 0.362641 0.409891 0.317219 0.430781 0.273625 0.485281 0.261812 0.541609 0.235469 0.587031 0.194578 0.556141 0.187312 0.512531 0.210031 0.469844 0.248188 0.406250 0.320859 0.358109 0.364469 0.330844 0.448031 0.294516 0.509813 0.260906 0.538875 0.244547 0.555234 0.250906 0.555234 0.278156
0 0.587031 0.378094 0.553422 0.467109 0.505266 0.550688 0.468938 0.603375 0.435313 0.636984 0.400797 0.662422 0.380813 0.642438 0.378094 0.606109 0.418969 0.568859 0.459844 0.510719 0.484375 0.476203 0.509813 0.428953 0.527984 0.383547 0.537062 0.347203 0.557953 0.323578 0.577937 0.326313 0.588844 0.353562
0 0.568859 0.598844 0.518891 0.639719 0.494375 0.686953 0.473469 0.741453 0.446219 0.782344 0.418969 0.812313 0.385359 0.844109 0.344484 0.866828 0.303594 0.894078 0.284516 0.905891 0.269078 0.887719 0.264531 0.862281 0.289062 0.835031 0.320859 0.815047 0.369000 0.766891 0.407156 0.726016 0.432594 0.665156 0.452578 0.628813 0.459844 0.619734 0.487094 0.585203 0.546141 0.565219 0.573406 0.571578 0.582484 0.605203
0 0.174594 0.371734 0.167328 0.451672 0.160969 0.501641 0.150078 0.560688 0.136453 0.603375 0.122813 0.633359 0.101922 0.676047 0.092844 0.701484 0.081938 0.757812 0.074672 0.789609 0.040156 0.789609 0.021984 0.749641 0.033797 0.687859 0.051969 0.631547 0.076484 0.583391 0.101922 0.508906 0.112828 0.433500 0.112828 0.395344 0.121906 0.368094 0.144625 0.359016 0.162797 0.360828
0 0.347203 0.297234 0.283609 0.321766 0.242734 0.335391 0.201859 0.339937 0.179141 0.353562 0.140984 0.362641 0.120094 0.367188 0.079219 0.394438 0.051969 0.410797 0.000000 0.404094 0.000000 0.350062 0.015625 0.342656 0.058328 0.344484 0.103750 0.319953 0.190047 0.297234 0.244547 0.265437 0.306328 0.242734 0.362641 0.230922 0.363547 0.256359 0.356281 0.280891
0 0.362328 0.214859 0.323422 0.225531 0.310875 0.230547 0.276359 0.234938 0.250000 0.238078 0.221766 0.236828 0.187250 0.229297 0.143328 0.207328 0.115078 0.187875 0.074297 0.177203 0.044172 0.172813 0.011547 0.161516 0.000000 0.159114 0.000000 0.100266 0.004641 0.095625 0.051703 0.093750 0.086219 0.109437 0.125750 0.127016 0.182234 0.155250 0.230547 0.164656 0.285766 0.170937 0.334094 0.169672 0.366094 0.180344 0.368594 0.196031 0.368594 0.205453
0 0.000000 0.832905 0.069281 0.841109 0.136422 0.864328 0.196031 0.911391 0.257531 0.967875 0.330953 0.996109 0.335816 0.998437 0.195666 0.998437 0.185359 0.980422 0.130766 0.949047 0.072422 0.917672 0.015938 0.911391 0.000000 0.910068
1 0.000000 0.299140 0.006938 0.291953 0.043109 0.247109 0.087969 0.234078 0.127031 0.225406 0.132812 0.215281 0.163188 0.223953 0.199359 0.239875 0.209484 0.248547 0.187797 0.273141 0.098094 0.302078 0.073500 0.323781 0.040219 0.342594 0.001156 0.351266 0.000000 0.353064 0.000000 0.406250 0.027203 0.406250 0.030094 0.430844 0.009844 0.459781 0.000000 0.467859
1 0.929500 0.132516 0.918609 0.160375 0.923453 0.193078 0.927078 0.205188 0.922234 0.236672 0.939203 0.230625 0.941625 0.243938 0.929500 0.265750 0.948891 0.271797 0.941625 0.308141 0.948891 0.306922 0.951312 0.342047 0.958578 0.400188 0.965844 0.443797 0.958578 0.469234 0.951312 0.499516 0.950094 0.514047 0.962203 0.531000 0.975531 0.537062 0.980375 0.555234 0.975531 0.570984 0.988859 0.575828 0.998437 0.543513 0.998437 0.488021 0.991281 0.465594 0.977953 0.425625 0.974328 0.392922 0.975531 0.367484 0.985219 0.343266 0.998437 0.345733 0.998437 0.216279 0.992484 0.206391 0.971906 0.164000 0.951312 0.159156 0.958578 0.131297 0.944047 0.115547
1 0.193078 0.002906 0.194123 0.000000 0.284946 0.000000 0.289969 0.039250 0.277859 0.103438 0.282703 0.145828 0.269375 0.165219 0.253641 0.164000 0.217297 0.155516 0.195500 0.148250 0.150672 0.127672 0.178531 0.116766 0.214875 0.105859 0.230625 0.085266 0.239094 0.062250 0.226984 0.051359 0.199125 0.022281
0 0.205562 0.363484 0.085437 0.405734 0.009812 0.490266 0.000000 0.512074 0.000000 0.637555 0.025391 0.572563 0.145500 0.443547 0.205562 0.410187
0 0.392391 0.414641 0.476922 0.528078 0.559219 0.574781 0.652641 0.628172 0.768297 0.634844 0.801656 0.597031 0.630391 0.536969 0.490266 0.445781 0.445781 0.376828