0 0.000000 0.072479 0.025922 0.086000 0.068313 0.094484 0.121609 0.092047 0.134938 0.106594 0.130094 0.135656 0.107078 0.146562 0.079219 0.132031 0.052562 0.128391 0.033188 0.128391 0.002906 0.117484 0.000000 0.116289
0 0.000000 0.176036 0.005328 0.167156 0.046516 0.192594 0.069531 0.224078 0.084062 0.261625 0.080422 0.306438 0.075578 0.328250 0.056203 0.336719 0.036828 0.314922 0.029547 0.296750 0.039250 0.273734 0.034406 0.250734 0.027125 0.227719 0.006547 0.207125 0.000000 0.201048
0 0.000000 0.283160 0.013813 0.288281 0.036828 0.311281 0.036828 0.334297 0.016234 0.333094 0.000000 0.323215
0 0.000000 0.353213 0.008969 0.341562 0.042875 0.356109 0.071953 0.373062 0.109500 0.386391 0.138562 0.399703 0.156734 0.410609 0.167641 0.427562 0.171266 0.451797 0.144625 0.449375 0.109500 0.431203 0.071953 0.416672 0.042875 0.404547 0.016234 0.388813 0.000000 0.377227
0 0.023500 0.485703 0.050141 0.480859 0.084062 0.499031 0.116766 0.501453 0.136141 0.507516 0.164000 0.534156 0.184594 0.559594 0.196703 0.568078 0.182172 0.585031 0.173687 0.591078 0.155516 0.576547 0.136141 0.555953 0.121609 0.541422 0.104656 0.536578 0.080422 0.532953 0.042875 0.529312 0.013813 0.511141 0.007750 0.494187
0 0.035609 0.536578 0.057406 0.535375 0.085266 0.540219 0.115547 0.551109 0.142203 0.564438 0.150672 0.593500 0.157953 0.638328 0.147047 0.675875 0.130094 0.674656 0.115547 0.648016 0.121609 0.614094 0.111922 0.589875 0.097391 0.576547 0.082844 0.575344 0.056203 0.576547 0.036828 0.566859 0.021078 0.551109
0 0.000000 0.566859 0.015016 0.566859 0.041672 0.574125 0.069531 0.581391 0.088906 0.582609 0.102234 0.589875 0.099812 0.601984 0.075578 0.614094 0.057406 0.615313 0.029547 0.608047 0.002906 0.605625 0.000000 0.606542
0 0.036828 0.790937 0.059828 0.787312 0.086484 0.787312 0.116766 0.800625 0.134938 0.805469 0.154312 0.810312 0.172484 0.815172 0.190656 0.815172 0.205188 0.815172 0.210031 0.835750 0.194281 0.840594 0.162797 0.844234 0.130094 0.844234 0.108281 0.840594 0.081641 0.839391 0.052562 0.828484 0.034406 0.812750
0 0.496172 0.926266 0.477063 0.928500 0.466953 0.944250 0.465828 0.965609 0.474812 0.994828 0.474812 0.998437 0.510797 0.998437 0.510797 0.976844 0.510797 0.952109 0.514156 0.936375
0 0.572609 0.956609 0.588359 0.926266 0.611953 0.910516 0.627703 0.888047 0.646813 0.865563 0.665922 0.840828 0.695141 0.821719 0.716500 0.828469 0.708641 0.853187 0.705266 0.870047 0.687281 0.895906 0.658047 0.918391 0.640063 0.936375 0.620953 0.950984 0.606344 0.971219 0.583859 0.983594 0.569250 0.986953 0.567000 0.974594
0 0.959313 0.921766 0.964922 0.937500 0.962687 0.949859 0.952563 0.961109 0.935703 0.971219 0.926703 0.984719 0.925578 0.999328 0.928263 0.998437 0.958099 0.998437 0.964922 0.998203 0.978422 0.973469 0.982906 0.948734 0.980672 0.927391 0.969422 0.915016
0 0.880625 0.883547 0.858141 0.894781 0.852516 0.913891 0.858141 0.931875 0.870500 0.954359 0.881750 0.968969 0.887359 0.991453 0.890210 0.998437 0.922462 0.998437 0.918844 0.994828 0.925578 0.974594 0.930078 0.958859 0.926703 0.937500 0.906469 0.900406 0.897484 0.892531
0 0.332390 0.998437 0.346672 0.980219 0.359031 0.954359 0.342172 0.926266 0.327562 0.892531 0.333188 0.859938 0.339922 0.831828 0.351172 0.827344 0.362406 0.839703 0.363531 0.847578 0.360156 0.865563 0.371406 0.892531 0.386016 0.931875 0.391641 0.953234 0.386016 0.967844 0.387141 0.999328 0.386858 0.998437
0 0.102750 0.883547 0.121859 0.892531 0.139844 0.903781 0.162312 0.909391 0.189297 0.909391 0.216281 0.909391 0.245500 0.909391 0.255625 0.927391 0.250000 0.949859 0.228641 0.955484 0.211781 0.950984 0.183672 0.944250 0.164563 0.946500 0.137594 0.943125 0.117359 0.928500 0.093750 0.903781
0 0.219656 0.728422 0.219656 0.746406 0.210656 0.767766 0.209531 0.786875 0.224141 0.813844 0.229766 0.838578 0.230891 0.868938 0.239891 0.892531 0.256750 0.907156 0.271359 0.903781 0.281469 0.890281 0.272484 0.855438 0.257875 0.811594 0.254500 0.780125 0.254500 0.759891 0.263484 0.743031 0.269109 0.722797 0.246625 0.718297
0 0.131969 0.768891 0.144328 0.741906 0.163438 0.714922 0.181438 0.695812 0.203906 0.682328 0.220766 0.658719 0.229766 0.653109 0.252250 0.656469 0.260109 0.676703 0.251125 0.698063 0.223016 0.718297 0.202781 0.737406 0.188172 0.756516 0.181438 0.776750 0.162312 0.794734 0.143203 0.800359 0.133094 0.790250
0 0.228641 0.481109 0.228641 0.502469 0.228641 0.535078 0.217406 0.556438 0.214031 0.584531 0.205031 0.621625 0.211781 0.644109 0.214031 0.650859 0.236516 0.647484 0.241000 0.628375 0.246625 0.608141 0.248875 0.586781 0.255625 0.564297 0.260109 0.539562 0.262359 0.520453 0.262359 0.503594 0.244375 0.487859
0 0.284844 0.505844 0.272484 0.513719 0.266859 0.530578 0.263484 0.555312 0.266859 0.576656 0.278109 0.594656 0.287094 0.611516 0.299453 0.632875 0.312953 0.641859 0.332062 0.654234 0.347797 0.657594 0.356797 0.660969 0.362406 0.650859 0.356797 0.632875 0.333188 0.601391 0.324188 0.583406 0.311828 0.573297 0.305078 0.551937 0.296094 0.531703
0 0.370281 0.669969 0.364656 0.693562 0.370281 0.721672 0.369156 0.744156 0.375906 0.766641 0.389391 0.779000 0.409625 0.786875 0.442219 0.801484 0.462453 0.808234 0.492812 0.810484 0.504047 0.792484 0.487187 0.772250 0.471453 0.765516 0.451219 0.754266 0.432109 0.754266 0.407375 0.741906 0.408500 0.716047 0.401750 0.692453 0.396141 0.671094 0.383766 0.667719
0 0.526531 0.774500 0.517531 0.791359 0.509672 0.810484 0.505172 0.829594 0.498422 0.859938 0.497297 0.882422 0.517531 0.888047 0.528781 0.876797 0.544516 0.859938 0.550141 0.835203 0.547891 0.813844 0.559125 0.799234 0.578234 0.784625 0.598469 0.749781 0.614203 0.738531 0.610844 0.716047 0.587234 0.714922 0.570375 0.717172 0.567000 0.743031 0.542266 0.761016
0 0.632187 0.721672 0.631063 0.748656 0.616453 0.775625 0.596219 0.799234 0.577109 0.817219 0.561375 0.839703 0.561375 0.858812 0.574859 0.875672 0.598469 0.861063 0.615328 0.832953 0.633312 0.807109 0.651297 0.780125 0.668172 0.758766 0.659172 0.725047
0 0.806437 0.703688 0.786203 0.716047 0.768203 0.738531 0.750219 0.765516 0.735609 0.791359 0.732234 0.826219 0.732234 0.856563 0.735609 0.865563 0.764844 0.855438 0.777203 0.834078 0.780578 0.810484 0.785078 0.789125 0.787313 0.761016 0.813172 0.741906 0.819922 0.722797 0.823297 0.701438
0 0.844656 0.755391 0.828906 0.759891 0.808672 0.781250 0.801937 0.799234 0.791813 0.813844 0.782828 0.830703 0.778328 0.846453 0.761469 0.859938 0.741234 0.870047 0.732234 0.885797 0.745734 0.903781 0.764844 0.903781 0.780578 0.875672 0.804188 0.854313 0.823297 0.829594 0.839031 0.804859 0.860391 0.786875 0.857016 0.766641
0 0.962687 0.667719 0.943563 0.683453 0.923344 0.698063 0.918844 0.716047 0.910969 0.735156 0.896359 0.759891 0.879500 0.779000 0.862641 0.805984 0.862641 0.822844 0.878375 0.829594 0.888484 0.816094 0.907594 0.790250 0.928953 0.772250 0.946937 0.747531 0.962687 0.731797 0.979547 0.711562 0.981797 0.687953 0.981797 0.675578
0 0.471453 0.565422 0.493938 0.592406 0.516406 0.610391 0.525406 0.631750 0.528781 0.658719 0.534391 0.682328 0.545641 0.705937 0.559125 0.712688 0.574859 0.712688 0.584984 0.682328 0.571500 0.649734 0.568125 0.622750 0.552391 0.599141 0.537766 0.576656 0.523156 0.565422 0.505172 0.550812 0.483812 0.544063 0.472578 0.550812
0 0.350047 0.530578 0.362406 0.521578 0.379266 0.515969 0.401750 0.515969 0.419734 0.520453 0.441094 0.523828 0.474812 0.506969 0.492812 0.484484 0.504047 0.483359 0.517531 0.497984 0.509672 0.515969 0.497297 0.532828 0.481563 0.542938 0.459078 0.550812 0.420859 0.560922 0.387141 0.562047 0.353422 0.557547 0.352297 0.547438
0 0.162312 0.392313 0.188172 0.392313 0.208406 0.404672 0.227516 0.419297 0.251125 0.432781 0.275859 0.456391 0.296094 0.475500 0.318562 0.486734 0.325313 0.501344 0.321937 0.512594 0.297219 0.509219 0.273609 0.500219 0.247750 0.481109 0.229766 0.468750 0.201656 0.453016 0.182547 0.442891 0.169063 0.427156 0.161203 0.409172
0 0.438844 0.429406 0.459078 0.422656 0.478187 0.409172 0.502922 0.396813 0.523156 0.392313 0.549016 0.393437 0.574859 0.406922 0.598469 0.431656 0.609719 0.449641 0.598469 0.462000 0.586109 0.465375 0.565875 0.448516 0.554625 0.436156 0.541141 0.433906 0.525406 0.435031 0.508547 0.442891 0.479312 0.450766 0.462453 0.463125 0.445594 0.450766
0 0.652422 0.523828 0.638938 0.541813 0.638938 0.563172 0.634437 0.593531 0.645687 0.617125 0.677156 0.653109 0.696266 0.673344 0.728859 0.680078 0.741234 0.671094 0.740109 0.639609 0.715375 0.625000 0.692891 0.611516 0.681656 0.603641 0.671531 0.585656 0.670406 0.565422 0.677156 0.541813 0.671531 0.528328
0 0.745734 0.637359 0.759219 0.619375 0.780578 0.619375 0.813172 0.621625 0.836781 0.623875 0.866000 0.616000 0.900859 0.603641 0.923344 0.591281 0.932328 0.598016 0.919969 0.618250 0.900859 0.639609 0.887359 0.646359 0.863766 0.650859 0.823297 0.653109 0.789562 0.654234 0.767094 0.660969 0.745734 0.655344
0 0.758094 0.593531 0.794063 0.590156 0.810922 0.563172 0.818797 0.541813 0.828906 0.515969 0.834531 0.495734 0.835656 0.477750 0.849141 0.464250 0.863766 0.456391 0.880625 0.454141 0.894109 0.463125 0.887359 0.483359 0.871625 0.518203 0.858141 0.550812 0.844656 0.581156 0.833406 0.608141 0.824422 0.619375 0.798562 0.616000 0.773828 0.618250 0.755844 0.610391
0 0.998437 0.541720 0.989656 0.542938 0.973922 0.565422 0.952563 0.589031 0.936828 0.605891 0.922219 0.619375 0.909844 0.642984 0.895234 0.675578 0.886234 0.696937 0.899734 0.714922 0.916594 0.705937 0.931203 0.680078 0.943563 0.656469 0.957062 0.632875 0.977297 0.612641 0.998437 0.594660
0 0.951438 0.378828 0.959313 0.396813 0.953687 0.429406 0.937953 0.466500 0.927828 0.493484 0.925578 0.532828 0.934578 0.560922 0.951438 0.567672 0.968297 0.541813 0.971672 0.510344 0.980672 0.477750 0.987406 0.450766 0.998656 0.428281 0.998437 0.425891 0.998437 0.372297 0.997531 0.369828 0.975047 0.366453
0 0.706391 0.408047 0.697391 0.421531 0.700766 0.439516 0.718750 0.464250 0.744609 0.485609 0.763719 0.500219 0.800812 0.514844 0.827781 0.502469 0.830031 0.477750 0.836781 0.463125 0.857016 0.454141 0.873875 0.446266 0.879500 0.437281 0.868250 0.426031 0.860391 0.420406 0.842406 0.438406 0.827781 0.442891 0.806437 0.457516 0.804188 0.458641 0.785078 0.458641 0.760344 0.442891 0.744609 0.415922 0.726625 0.412547
0 0.536641 0.378828 0.546766 0.370953 0.560250 0.361953 0.589484 0.358594 0.618703 0.367578 0.641187 0.366453 0.662547 0.376578 0.681656 0.391188 0.688406 0.417047 0.690641 0.438406 0.674906 0.455266 0.658047 0.457516 0.646813 0.431656 0.643437 0.412547 0.638938 0.402422 0.625453 0.396813 0.602969 0.397937 0.583859 0.395688 0.569250 0.392313
0 0.571500 0.276531 0.596219 0.273156 0.636688 0.273156 0.662547 0.278781 0.682781 0.296766 0.699641 0.313625 0.710875 0.345094 0.710875 0.365328 0.694016 0.382188 0.672656 0.378828 0.660297 0.358594 0.663672 0.345094 0.668172 0.334984 0.656922 0.323734 0.635563 0.310250 0.613078 0.317000 0.583859 0.314750 0.563625 0.315875 0.562500 0.296766
0 0.912094 0.177609 0.909844 0.197844 0.913219 0.232687 0.918844 0.269781 0.918844 0.293391 0.927828 0.323734 0.933453 0.349594 0.937953 0.373203 0.953687 0.374328 0.967172 0.361953 0.977297 0.336109 0.978422 0.319250 0.966047 0.287766 0.961563 0.269781 0.954812 0.242813 0.948063 0.213578 0.948063 0.184359 0.936828 0.174234
0 0.958187 0.088797 0.979547 0.085437 0.998437 0.098350 0.998437 0.134446 0.995281 0.143891 0.988531 0.161875 0.978422 0.184359 0.970547 0.205703 0.966047 0.225937 0.963797 0.239438 0.954812 0.229312 0.955937 0.195594 0.945812 0.168609 0.959313 0.147250 0.960438 0.125906 0.959313 0.105672
0 0.924453 0.000000 0.934578 0.013484 0.943563 0.034844 0.951438 0.060703 0.951438 0.088797 0.953687 0.115781 0.940203 0.121406 0.931203 0.095547 0.919969 0.064078 0.909844 0.042719 0.896359 0.021359 0.880625 0.000000 0.906469 0.002250
0 0.794063 0.100047 0.815422 0.080937 0.854766 0.067453 0.881750 0.070813 0.907594 0.075313 0.921094 0.082063 0.927828 0.109031 0.916594 0.122531 0.901984 0.136016 0.894109 0.145016 0.886234 0.132641 0.895234 0.111281 0.890734 0.097797 0.880625 0.097797 0.860391 0.101172 0.840156 0.113531 0.827781 0.128141 0.808672 0.130391 0.792938 0.134891 0.782828 0.125906 0.786203 0.112406
0 0.777203 0.082063 0.749094 0.098922 0.741234 0.113531 0.733359 0.134891 0.734484 0.180984 0.750219 0.225937 0.761469 0.250672 0.772703 0.269781 0.794063 0.252922 0.801937 0.220328 0.779453 0.185484 0.777203 0.152875 0.774953 0.128141 0.779453 0.104547 0.791813 0.086563
0 0.501797 0.228187 0.513047 0.207953 0.543391 0.207953 0.573734 0.218078 0.596219 0.230437 0.624328 0.231562 0.671531 0.240563 0.687281 0.255172 0.682781 0.276531 0.673781 0.272031 0.656922 0.264156 0.623203 0.265281 0.596219 0.270906 0.577109 0.265281 0.555750 0.254047 0.532156 0.256297 0.516406 0.264156 0.500672 0.250672
0 0.616453 0.224812 0.643437 0.203469 0.663672 0.188844 0.687281 0.166359 0.708641 0.166359 0.721000 0.177609 0.707516 0.198969 0.685031 0.218078 0.673781 0.228187 0.664797 0.232687 0.643437 0.230437
0 0.126344 0.204594 0.143203 0.195594 0.170187 0.207953 0.199422 0.218078 0.219656 0.231562 0.242125 0.239438 0.275859 0.243938 0.298344 0.250672 0.299453 0.263047 0.280344 0.277656 0.235391 0.277656 0.196047 0.264156 0.165687 0.251797 0.142094 0.241687 0.125219 0.231562 0.116234 0.214703
0 0.309578 0.255172 0.326437 0.257422 0.335437 0.276531 0.348922 0.290016 0.371406 0.297891 0.392766 0.309125 0.415250 0.312500 0.430984 0.308000 0.453469 0.292266 0.473703 0.294516 0.483812 0.319250 0.478187 0.337234 0.461328 0.350719 0.443344 0.349594 0.432109 0.351844 0.399500 0.351844 0.363531 0.334984 0.332062 0.321500 0.309578 0.306875 0.293844 0.288891 0.292719 0.273156 0.298344 0.263047
0 0.396141 0.147250 0.413000 0.159625 0.434359 0.187719 0.448969 0.204594 0.464703 0.221453 0.474812 0.237188 0.484938 0.257422 0.486063 0.267531 0.463578 0.274281 0.441094 0.254047 0.429859 0.233812 0.407375 0.205703 0.398375 0.192219 0.393891 0.182109 0.396141 0.160750
0 0.355672 0.011234 0.348922 0.030344 0.348922 0.068562 0.348922 0.100047 0.345547 0.118031 0.345547 0.140516 0.335437 0.169734 0.330937 0.191094 0.347797 0.216953 0.366906 0.216953 0.373656 0.200094 0.388266 0.166359 0.387141 0.136016 0.386016 0.109031 0.387141 0.087688 0.386937 0.063344 0.380391 0.040469 0.374781 0.012359
0 0.419734 0.079812 0.408500 0.088797 0.408500 0.103422 0.416359 0.116906 0.436594 0.134891 0.447844 0.150625 0.460203 0.180984 0.471453 0.201219 0.479312 0.222578 0.492812 0.246172 0.497297 0.232687 0.500672 0.213578 0.508547 0.203469 0.499547 0.176484 0.492812 0.152875 0.477063 0.124781 0.461328 0.114656 0.438844 0.096672
0 0.438844 0.065203 0.465828 0.075313 0.489438 0.082063 0.514156 0.077563 0.543391 0.065203 0.560250 0.061828 0.588359 0.065203 0.613078 0.065203 0.616453 0.085437 0.607469 0.101172 0.573734 0.101172 0.542266 0.103422 0.529906 0.110156 0.509672 0.118031 0.477063 0.116906 0.459078 0.101172 0.436594 0.086563
0 0.554625 0.031469 0.569250 0.015734 0.590609 0.011234 0.605219 0.012359 0.623203 0.015734 0.651297 0.011234 0.680531 0.005625 0.685031 0.017984 0.670406 0.032594 0.649063 0.049453 0.637813 0.051703 0.608594 0.057328 0.584984 0.056203 0.556875 0.052828
0 0.133094 0.055078 0.127469 0.076438 0.133094 0.094422 0.143203 0.113531 0.151078 0.132641 0.165687 0.157375 0.178063 0.168609 0.208406 0.169734 0.226391 0.165250 0.226391 0.145016 0.212906 0.138266 0.194922 0.133766 0.187047 0.122531 0.178063 0.088797 0.162312 0.058453 0.147703 0.044969
0 0.076891 0.044969 0.094875 0.038219 0.121859 0.029234 0.154453 0.024734 0.170187 0.025859 0.190422 0.043844 0.215156 0.067453 0.233141 0.086563 0.234266 0.109031 0.229766 0.118031 0.209531 0.112406 0.185922 0.101172 0.176938 0.071938 0.162312 0.051703 0.146578 0.037094 0.138719 0.046094 0.115109 0.060703 0.097125 0.076438 0.085875 0.079812 0.072391 0.069687
0 0.173563 0.000000 0.165687 0.012359 0.180312 0.024734 0.200547 0.023609 0.207281 0.007875 0.209375 0.000000 0.192188 0.000000
0 0.228641 0.002250 0.223016 0.011234 0.221891 0.023609 0.221891 0.035969 0.228641 0.042719 0.252250 0.041594 0.261234 0.025859 0.272922 0.000609 0.256031 0.000609
1 0.051328 0.631203 0.033734 0.644656 0.017172 0.723297 0.017172 0.755375 0.032703 0.774000 0.017172 0.804016 0.024422 0.816437 0.031656 0.839203 0.020281 0.852656 0.000000 0.848967 0.000000 0.880216 0.007859 0.888859 0.031656 0.893000 0.042016 0.891969 0.049250 0.875406 0.056500 0.847469 0.052359 0.834016 0.040984 0.822641 0.031656 0.811266 0.029594 0.794703 0.055469 0.785391 0.064781 0.785391 0.059609 0.768828 0.068922 0.715031 0.102031 0.691219 0.118578 0.670531 0.110313 0.651906 0.104094 0.648797 0.093750 0.652937 0.080297 0.655016 0.066844 0.631203
1 0.333766 0.584531 0.362953 0.575109 0.384594 0.578875 0.399656 0.584531 0.411891 0.594875 0.400609 0.650422 0.391188 0.626875 0.368594 0.629703 0.358250 0.618406 0.348828 0.604297 0.335656 0.594875
1 0.328125 0.658891 0.331891 0.691828 0.319656 0.716297 0.343187 0.713484 0.345063 0.745484 0.334719 0.781250 0.330000 0.839609 0.346016 0.830203 0.359187 0.835844 0.362953 0.857500 0.371422 0.866906 0.402484 0.861250 0.398719 0.833016 0.391188 0.795375 0.390250 0.783125 0.369547 0.771844 0.374250 0.760547 0.367656 0.741719 0.361063 0.707828 0.363891 0.674891 0.358250 0.664531 0.348828 0.658891
0 0.452797 0.048250 0.492109 0.078625 0.524281 0.148313 0.556438 0.201922 0.588609 0.180484 0.567156 0.130453 0.522484 0.044672 0.465312 0.019656
0 0.423609 0.817531 0.486156 0.781797 0.530828 0.769875 0.562094 0.749031 0.554656 0.716266 0.520406 0.717766 0.471266 0.738609 0.431063 0.775844 0.410203 0.804125 0.414672 0.819016