0 0.059625 0.003078 0.074016 0.021594 0.090453 0.056531 0.096625 0.080187 0.095594 0.127469 0.087375 0.167563 0.083266 0.191203 0.108969 0.205594 0.109984 0.225125 0.115125 0.203531 0.128500 0.170641 0.130547 0.131578 0.135688 0.099719 0.127469 0.051391 0.114109 0.019531 0.103828 0.001031 0.079156 0.000000
0 0.039062 0.002063 0.026734 0.022609 0.012328 0.045234 0.000000 0.045234 0.000000 0.022609 0.002063 0.006172 0.009250 0.001031
0 0.213813 0.001031 0.214844 0.022609 0.222047 0.055516 0.214844 0.080187 0.235406 0.084297 0.248766 0.084297 0.250828 0.054484 0.250828 0.030844 0.250828 0.009250 0.249797 0.000000 0.232313 0.001031
0 0.191203 0.111016 0.182984 0.144937 0.172703 0.188109 0.165500 0.240547 0.161391 0.277547 0.144937 0.315578 0.128500 0.351562 0.135688 0.365953 0.151109 0.370063 0.176812 0.350531 0.190172 0.311469 0.199422 0.279609 0.202516 0.240547 0.211766 0.191203 0.216906 0.151109 0.223062 0.116156 0.212781 0.106906
0 0.237453 0.145969 0.236437 0.179891 0.234375 0.215875 0.216906 0.268297 0.206625 0.307359 0.193250 0.335109 0.184000 0.355672 0.186062 0.371094 0.205594 0.377266 0.222047 0.350531 0.239516 0.315578 0.251844 0.274469 0.260078 0.244656 0.264188 0.203531 0.267266 0.185031 0.270359 0.162422 0.265219 0.140828 0.255969 0.141859
0 0.282687 0.167563 0.272406 0.196344 0.271375 0.233344 0.282687 0.270359 0.298109 0.308391 0.318672 0.320719 0.332031 0.304281 0.321750 0.270359 0.312500 0.227172 0.304281 0.189141 0.297078 0.155219 0.298109 0.136719 0.304281 0.118219 0.326891 0.115125 0.336141 0.117188 0.340250 0.100734 0.334094 0.082234 0.313531 0.087375 0.300172 0.100734 0.294000 0.125406 0.285766 0.153172
0 0.311469 0.120266 0.324828 0.121297 0.335109 0.125406 0.341281 0.145969 0.343344 0.171672 0.350531 0.205594 0.360812 0.241578 0.372125 0.284750 0.378297 0.321750 0.371094 0.360812 0.351562 0.354641 0.343344 0.342313 0.341281 0.294000 0.321750 0.240547 0.316609 0.204562 0.306328 0.172703 0.303250 0.155219 0.300172 0.138781 0.303250 0.127469
0 0.393703 0.242594 0.390625 0.277547 0.396797 0.338203 0.402953 0.373156 0.424547 0.419406 0.445109 0.445109 0.469781 0.470812 0.492391 0.481078 0.507812 0.462578 0.496500 0.442016 0.479031 0.422484 0.455391 0.399875 0.446141 0.357734 0.434828 0.308391 0.424547 0.259047 0.413234 0.246703
0 0.472859 0.308391 0.485203 0.351562 0.500609 0.399875 0.510891 0.444078 0.518094 0.480063 0.521172 0.513984 0.534547 0.535562 0.546875 0.537625 0.559203 0.529406 0.560234 0.503703 0.545844 0.447156 0.537625 0.397828 0.532484 0.363891 0.516031 0.328953 0.506781 0.309422 0.495484 0.297078 0.483141 0.300172
0 0.432766 0.186062 0.423516 0.200453 0.437906 0.226156 0.462578 0.253906 0.493422 0.285766 0.518094 0.313531 0.535562 0.341281 0.556125 0.372125 0.579766 0.387547 0.593141 0.383422 0.595187 0.358766 0.569484 0.325859 0.542766 0.284750 0.516031 0.246703 0.490344 0.223062 0.469781 0.199422 0.448187 0.180922
0 0.491359 0.165500 0.516031 0.137750 0.555094 0.103828 0.572578 0.090453 0.598266 0.086344 0.622938 0.078125 0.647609 0.074016 0.659953 0.075047 0.665094 0.083266 0.658922 0.102797 0.634250 0.114109 0.595187 0.124391 0.566406 0.139797 0.550984 0.163453 0.524266 0.182984 0.495484 0.186062
0 0.447156 0.090453 0.465672 0.061672 0.490344 0.035984 0.513984 0.020563 0.537625 0.017469 0.563328 0.021594 0.598266 0.029812 0.619859 0.040094 0.640422 0.061672 0.623969 0.077094 0.592109 0.070922 0.566406 0.055516 0.547906 0.055516 0.516031 0.056531 0.500609 0.070922 0.481078 0.095594 0.466688 0.116156 0.451281 0.108969
0 0.669203 0.072984 0.667141 0.101766 0.651734 0.135688 0.640422 0.170641 0.632203 0.200453 0.621922 0.230266 0.606500 0.259047 0.607531 0.277547 0.631172 0.285766 0.646594 0.265219 0.662000 0.226156 0.673312 0.185031 0.689766 0.142891 0.697984 0.117188 0.685656 0.089438
0 0.702094 0.138781 0.737047 0.150078 0.773031 0.163453 0.799750 0.175781 0.820312 0.180922 0.834703 0.191203 0.858344 0.210734 0.870688 0.240547 0.874797 0.268297 0.860406 0.283719 0.847047 0.275500 0.834703 0.252875 0.825453 0.224094 0.807984 0.211766 0.780219 0.202516 0.755547 0.199422 0.727797 0.184000 0.701063 0.168578 0.693875 0.169609 0.697984 0.155219
0 0.657891 0.280641 0.651734 0.309422 0.651734 0.345391 0.651734 0.372125 0.652750 0.398844 0.662000 0.431750 0.667141 0.466688 0.674344 0.494453 0.680516 0.510891 0.694906 0.507812 0.701063 0.491359 0.696953 0.463609 0.690797 0.437906 0.686672 0.415297 0.673312 0.390625 0.688734 0.374172 0.687703 0.341281 0.683594 0.308391 0.683594 0.286797 0.673312 0.277547
0 0.592109 0.402953 0.609578 0.431750 0.620891 0.463609 0.633219 0.498562 0.641453 0.519125 0.641453 0.544813 0.647609 0.581828 0.654813 0.604437 0.660984 0.609578 0.649672 0.625000 0.638359 0.628078 0.621922 0.609578 0.613687 0.581828 0.606500 0.534547 0.603406 0.502672 0.590047 0.470812 0.574625 0.454359 0.569484 0.433797 0.566406 0.419406 0.566406 0.405016 0.581828 0.401938
0 0.696953 0.381375 0.719578 0.384453 0.738078 0.398844 0.758641 0.411188 0.784328 0.427625 0.815172 0.449219 0.839844 0.466688 0.859375 0.488281 0.874797 0.503703 0.858344 0.521172 0.836766 0.518094 0.800781 0.476969 0.758641 0.458469 0.727797 0.438938 0.700047 0.421469 0.688734 0.406047 0.688734 0.390625
0 0.720594 0.341281 0.744250 0.359781 0.774047 0.373156 0.806953 0.389594 0.828531 0.401938 0.858344 0.413234 0.878906 0.417359 0.886109 0.420437 0.890219 0.434828 0.880969 0.447156 0.863484 0.449219 0.823391 0.432766 0.796672 0.423516 0.770969 0.411188 0.743219 0.394734 0.718547 0.377266 0.703125 0.362875
0 0.716484 0.249797 0.700047 0.262125 0.708266 0.280641 0.722656 0.302219 0.747328 0.322781 0.775078 0.352594 0.802844 0.374172 0.826484 0.393703 0.849094 0.403984 0.863484 0.395766 0.839844 0.366984 0.811063 0.334094 0.783312 0.303250 0.759656 0.284750 0.732938 0.263156
0 0.765719 0.204781 0.800656 0.230984 0.827516 0.272406 0.854234 0.299141 0.874797 0.323813 0.897406 0.342313 0.907687 0.355672 0.912828 0.374172 0.901516 0.387547 0.877875 0.377266 0.857312 0.350531 0.829562 0.319703 0.799750 0.291938 0.773031 0.268297 0.757609 0.249797 0.747281 0.216422
0 0.068875 0.196344 0.064766 0.214844 0.074016 0.247734 0.080187 0.283719 0.080187 0.314562 0.076063 0.346422 0.076063 0.379312 0.080187 0.406047 0.102797 0.407078 0.109984 0.380344 0.109984 0.352594 0.115125 0.315578 0.115125 0.279609 0.105875 0.248766 0.107937 0.226156 0.103828 0.212781 0.098687 0.203531 0.082234 0.196344
0 0.051391 0.140828 0.039062 0.154188 0.032891 0.174750 0.030844 0.194281 0.022609 0.213813 0.009250 0.229234 0.004109 0.250828 0.006172 0.281656 0.013359 0.313531 0.020563 0.343344 0.047281 0.352594 0.054484 0.335109 0.048313 0.311469 0.041125 0.282687 0.035984 0.260078 0.035984 0.236437 0.048313 0.213813 0.058594 0.189141 0.062703 0.170641 0.068875 0.157281 0.068875 0.147000
0 0.254937 0.383422 0.234375 0.403984 0.212781 0.432766 0.202516 0.457437 0.191203 0.488281 0.188109 0.512953 0.182984 0.557156 0.182984 0.593141 0.185031 0.622938 0.199422 0.643500 0.214844 0.649672 0.228203 0.627062 0.229234 0.600328 0.223062 0.577719 0.223062 0.538656 0.224094 0.502672 0.236437 0.473891 0.252875 0.445109 0.274469 0.411188 0.277547 0.383422
0 0.585938 0.205594 0.567438 0.207641 0.561266 0.218953 0.573609 0.253906 0.586969 0.287828 0.598266 0.309422 0.608547 0.333062 0.629109 0.356703 0.647609 0.356703 0.651734 0.333062 0.634250 0.314562 0.619859 0.286797 0.601359 0.278578 0.602391 0.259047 0.604437 0.243625 0.593141 0.217922
0 0.974500 0.158312 0.974500 0.174750 0.967313 0.197375 0.959094 0.229234 0.944703 0.262125 0.933391 0.287828 0.925172 0.315578 0.921047 0.346422 0.915906 0.370063 0.933391 0.381375 0.954969 0.369031 0.960109 0.332031 0.968344 0.301187 0.982734 0.265219 0.993016 0.233344 0.998437 0.212391 0.998437 0.152616 0.998156 0.150078 0.985812 0.151109
0 0.809000 0.086344 0.791531 0.094578 0.797703 0.123359 0.805922 0.153172 0.818250 0.174750 0.843953 0.191203 0.868625 0.221016 0.874797 0.250828 0.879937 0.280641 0.894328 0.306328 0.916938 0.298109 0.921047 0.273438 0.902547 0.253906 0.879937 0.209703 0.844984 0.143922 0.837781 0.116156 0.831625 0.094578 0.823391 0.085328
0 0.641125 0.001016 0.655234 0.033266 0.668344 0.053422 0.688516 0.077625 0.703625 0.113906 0.711688 0.125000 0.727828 0.123984 0.737906 0.112906 0.737906 0.095766 0.728828 0.075609 0.707656 0.046375 0.696578 0.024188 0.682453 0.002016
0 0.723797 0.003031 0.741937 0.015125 0.772172 0.029234 0.811484 0.038312 0.848797 0.044359 0.866938 0.053422 0.889109 0.063516 0.885078 0.087703 0.847781 0.089719 0.811484 0.078625 0.781250 0.072578 0.742938 0.061484 0.720766 0.052422 0.708672 0.026203 0.696578 0.003031
0 0.004031 0.307453 0.013109 0.334672 0.024188 0.353828 0.028219 0.369953 0.034281 0.393141 0.039313 0.422375 0.039313 0.480844 0.037297 0.500000 0.031250 0.522172 0.016125 0.565531 0.002016 0.565531 0.002016 0.510078 0.002016 0.448594 0.002016 0.408266 0.000000 0.351812 0.001016 0.324594
0 0.070563 0.460687 0.082656 0.492938 0.093750 0.526203 0.096781 0.578625 0.092734 0.625000 0.089719 0.653219 0.073594 0.661297 0.084672 0.685484 0.106859 0.680438 0.121969 0.643141 0.128031 0.598797 0.133063 0.548391 0.127016 0.512094 0.117938 0.478828 0.110891 0.461688 0.098797 0.442547 0.082656 0.446578
0 0.168344 0.546375 0.155234 0.552422 0.154234 0.574594 0.157266 0.593750 0.150203 0.627016 0.142141 0.655234 0.142141 0.680438 0.130047 0.717734 0.116937 0.758063 0.126016 0.783266 0.143141 0.789313 0.157266 0.775203 0.165328 0.736891 0.179437 0.693547 0.188516 0.662297 0.184469 0.634078 0.182453 0.598797 0.181453 0.574594 0.179437 0.550406
0 0.233875 0.497984 0.246969 0.493953 0.256047 0.501016 0.257063 0.519156 0.255047 0.537297 0.255047 0.569562 0.261094 0.598797 0.263109 0.627016 0.257063 0.660281 0.277219 0.694562 0.273188 0.730844 0.248984 0.737906 0.228828 0.709672 0.225813 0.681453 0.229844 0.639109 0.235891 0.599797 0.228828 0.573594 0.233875 0.547375 0.232859 0.522172 0.225813 0.514109
0 0.003031 0.620969 0.011094 0.643141 0.019156 0.670359 0.019156 0.692547 0.027219 0.716734 0.027219 0.752016 0.029234 0.778219 0.013109 0.790328 0.001016 0.779234 0.000000 0.739922
0 0.282266 0.521172 0.320562 0.560484 0.340719 0.583672 0.353828 0.609875 0.366938 0.629031 0.377016 0.649188 0.400203 0.659281 0.406250 0.689516 0.406250 0.698594 0.388109 0.698594 0.362906 0.682453 0.335688 0.649188 0.325609 0.622984 0.306453 0.598797 0.287297 0.582656 0.268141 0.561484 0.255047 0.545359 0.267141 0.532266
0 0.468750 0.652219 0.479844 0.685484 0.480844 0.733875 0.483875 0.762094 0.494953 0.809469 0.494953 0.862906 0.518141 0.876016 0.536297 0.864922 0.534281 0.841734 0.530234 0.814516 0.524188 0.785281 0.521172 0.755047 0.522172 0.722781 0.517141 0.690531 0.508063 0.662297 0.498984 0.642141 0.478828 0.637094
0 0.519156 0.618953 0.521172 0.650203 0.522172 0.681453 0.528219 0.714719 0.534281 0.768141 0.541328 0.821578 0.546375 0.841734 0.557453 0.847781 0.576609 0.839719 0.576609 0.811484 0.570563 0.764109 0.563516 0.718750 0.557453 0.665328 0.552422 0.639109 0.554437 0.617938 0.537297 0.612906
0 0.325609 0.668344 0.309469 0.692547 0.304438 0.718750 0.305437 0.744953 0.309469 0.772172 0.310484 0.801406 0.313516 0.828625 0.310484 0.855844 0.310484 0.873984 0.324594 0.875000 0.341734 0.864922 0.342734 0.827625 0.344766 0.774188 0.338703 0.742938 0.337703 0.721781 0.337703 0.705641 0.338703 0.685484
0 0.660281 0.683469 0.660281 0.709672 0.660281 0.737906 0.656250 0.761094 0.652219 0.788312 0.652219 0.822578 0.655234 0.844766 0.658266 0.862906 0.653219 0.889109 0.642141 0.932453 0.646172 0.951609 0.669359 0.955641 0.685484 0.925406 0.695563 0.863906 0.692547 0.812500 0.692547 0.762094 0.692547 0.729844 0.700609 0.706656 0.692547 0.684469 0.679437 0.683469
0 0.730844 0.834672 0.718750 0.858875 0.708672 0.900203 0.694562 0.929438 0.681453 0.946578 0.671375 0.960688 0.657266 0.969766 0.639109 0.983875 0.620969 0.989922 0.614920 0.998437 0.676406 0.998437 0.706656 0.982859 0.730844 0.932453 0.752016 0.889109 0.763109 0.852828 0.757062 0.832656
0 0.845766 0.682453 0.821578 0.690531 0.818547 0.706656 0.831656 0.737906 0.836688 0.773187 0.841734 0.810484 0.850812 0.848797 0.853828 0.889109 0.857859 0.913312 0.884078 0.922375 0.893141 0.901203 0.890125 0.832656 0.879031 0.775203 0.872984 0.734875 0.857859 0.707656
0 0.917344 0.396172 0.901203 0.399187 0.890125 0.419359 0.890125 0.456656 0.899188 0.514109 0.901203 0.548391 0.902219 0.588703 0.915328 0.614922 0.923391 0.645156 0.933469 0.648187 0.952625 0.635078 0.944562 0.616937 0.940531 0.587703 0.936484 0.559469 0.935484 0.528219 0.928422 0.492938 0.925406 0.460687 0.930438 0.434469 0.927422 0.409281
0 0.191531 0.836688 0.215719 0.868953 0.244953 0.892141 0.265125 0.931453 0.279234 0.951609 0.300406 0.964719 0.322578 0.975812 0.330641 0.988906 0.327566 0.998437 0.299163 0.998437 0.295359 0.998984 0.266125 0.980844 0.247984 0.957656 0.223797 0.924391 0.192547 0.896172 0.175406 0.861891 0.169359 0.843750
0 0.106859 0.892141 0.110891 0.912297 0.136094 0.938516 0.163312 0.961688 0.189516 0.985891 0.204271 0.998437 0.150808 0.998437 0.137094 0.982859 0.118953 0.957656 0.108875 0.936484 0.098797 0.920359 0.089719 0.906250 0.086688 0.897172 0.093750 0.893141
0 0.001016 0.843750 0.025203 0.849797 0.044359 0.860891 0.065531 0.877016 0.082656 0.900203 0.091734 0.916328 0.101813 0.935484 0.110891 0.955641 0.108875 0.964719 0.094766 0.964719 0.068547 0.936484 0.057453 0.911297 0.043344 0.896172 0.026203 0.889109 0.016125 0.882062 0.003031 0.884078
0 0.458672 0.882062 0.461688 0.927422 0.469766 0.978828 0.484099 0.998437 0.534395 0.998437 0.530234 0.993953 0.506047 0.963703 0.504031 0.941531 0.493953 0.916328 0.492938 0.887094 0.486891 0.881047
0 0.021172 0.903219 0.018141 0.929438 0.019156 0.956656 0.027219 0.991938 0.030189 0.998437 0.063453 0.998437 0.061484 0.995969 0.056453 0.962703 0.056453 0.939516 0.047375 0.915328 0.043344 0.901203 0.032266 0.899188
0 0.998437 0.277946 0.994953 0.285281 0.987906 0.313516 0.980844 0.333672 0.971781 0.363906 0.966734 0.390125 0.955641 0.416328 0.940531 0.443547 0.932453 0.465719 0.939516 0.482859 0.951609 0.480844 0.962703 0.472781 0.979844 0.444562 0.998437 0.399187
0 0.380047 0.000000 0.385078 0.009078 0.390125 0.016125 0.401203 0.012094 0.410781 0.000000 0.393141 0.002016
1 0.040609 0.030016 0.024719 0.057375 0.045906 0.099750 0.072391 0.128000 0.071500 0.142125 0.072391 0.164187 0.060906 0.180078 0.052078 0.208328 0.055609 0.221578 0.047672 0.237469 0.037953 0.260422 0.049438 0.308969 0.059141 0.316031 0.074156 0.323969 0.079453 0.308969 0.075031 0.286016 0.075922 0.252469 0.067094 0.220688 0.074156 0.195094 0.082094 0.183609 0.078563 0.173906 0.090047 0.156250 0.082094 0.145656 0.092688 0.136828 0.089156 0.127125 0.094453 0.118297 0.088281 0.110344 0.093578 0.097984 0.090047 0.088281 0.090047 0.075922 0.085625 0.054734 0.075922 0.029125 0.055609 0.027359
1 0.293078 0.311625 0.263953 0.331922 0.252469 0.338094 0.296609 0.360172 0.315141 0.391953 0.326625 0.437859 0.315141 0.467875 0.305437 0.502297 0.297500 0.519062 0.297500 0.527891 0.340750 0.579094 0.361047 0.587047 0.381359 0.522594 0.393719 0.488172 0.382234 0.459047 0.353109 0.432562 0.373406 0.409609 0.400781 0.395484 0.387531 0.369875 0.356641 0.361937 0.337219 0.345156 0.331031 0.319563 0.313375 0.322203 0.305437 0.315141
1 0.082984 0.700031 0.067969 0.742406 0.048547 0.796250 0.026484 0.840391 0.052078 0.847453 0.062672 0.858938 0.073266 0.873938 0.089156 0.886297 0.112109 0.892484 0.118297 0.907484 0.135953 0.885422 0.108578 0.872172 0.111234 0.839516 0.105937 0.797141 0.119172 0.751234 0.119172 0.727406 0.107703 0.700922
1 0.064438 0.474922 0.062672 0.522594 0.054734 0.555266 0.030891 0.572031 0.022953 0.585281 0.036187 0.609109 0.064438 0.624125 0.085625 0.647953 0.088281 0.617938 0.090922 0.604703 0.085625 0.594109 0.090922 0.572922 0.085625 0.551734 0.090922 0.541141 0.083859 0.502297 0.074156 0.481984
1 0.313375 0.879234 0.293078 0.918969 0.280719 0.951625 0.307203 0.970156 0.326625 0.980750 0.333688 0.994000 0.327688 0.998437 0.371517 0.998437 0.372531 0.933094 0.388422 0.854516 0.386656 0.815672 0.354875 0.845688 0.347812 0.866000 0.331922 0.873062
1 0.638234 0.400781 0.610000 0.414906 0.617063 0.446688 0.630297 0.489047 0.650594 0.520828 0.648828 0.534953 0.653250 0.541141 0.652359 0.557031 0.662078 0.574688 0.651484 0.581750 0.653250 0.600281 0.666484 0.607344 0.657656 0.619703 0.645297 0.630297 0.644422 0.667375 0.628531 0.687672 0.608234 0.695625 0.617938 0.730047 0.619703 0.760953 0.625875 0.803312 0.634703 0.806844 0.646188 0.794484 0.640891 0.776844 0.648828 0.768891 0.647062 0.759188 0.647062 0.745062 0.655891 0.736234 0.662078 0.728281 0.661188 0.681500 0.686797 0.682375 0.696500 0.692969 0.696500 0.733578 0.691203 0.765359 0.693859 0.829797 0.694734 0.874828 0.691203 0.905719 0.683266 0.940141 0.696500 0.915438 0.712391 0.860703 0.728281 0.837750 0.746828 0.827156 0.753891 0.810375 0.745062 0.753000 0.721219 0.705328 0.727406 0.676203 0.702688 0.642656 0.694734 0.626766 0.684141 0.589687 0.696500 0.581750 0.704453 0.561438 0.694734 0.512891 0.673547 0.490812 0.667375 0.456391 0.652359 0.411375
1 0.922203 0.645141 0.926219 0.664469 0.917359 0.688625 0.914953 0.706344 0.915750 0.734531 0.922203 0.769172 0.922203 0.802187 0.939109 0.845688 0.966500 0.854547 0.991469 0.837625 0.981797 0.807828 0.974547 0.756281 0.978578 0.724875 0.968906 0.716812 0.973750 0.670906 0.995484 0.640297 0.998437 0.599758 0.998437 0.558416 0.992266 0.543656 0.990656 0.525938 0.965687 0.531578 0.958437 0.516266 0.965687 0.498547 0.960047 0.480828 0.944750 0.484859 0.934281 0.475187 0.931063 0.459891 0.945547 0.438141 0.932672 0.440562 0.927828 0.443781 0.927031 0.473578 0.929453 0.501766 0.939922 0.513047 0.932672 0.521906 0.942328 0.532375 0.945547 0.542844 0.936688 0.546875 0.946359 0.553312 0.943937 0.561375 0.940719 0.565406 0.956031 0.583125 0.943937 0.593594 0.948781 0.616953 0.952000 0.634672 0.941531 0.646750
1 0.576578 0.003672 0.608859 0.029344 0.625734 0.044750 0.641875 0.058688 0.639672 0.073359 0.655078 0.070422 0.663875 0.075563 0.670484 0.063828 0.666078 0.057219 0.658016 0.057219 0.658016 0.035937 0.645547 0.022734 0.647000 0.013938 0.642609 0.002938 0.600063 0.002203
1 0.628672 0.121031 0.622797 0.157719 0.618391 0.188531 0.611062 0.202469 0.599328 0.216406 0.605187 0.226672 0.612531 0.234016 0.624266 0.206859 0.633063 0.191469 0.628672 0.176063 0.640406 0.159922 0.649203 0.148922 0.647734 0.137172 0.652875 0.129109 0.652141 0.118844 0.649937 0.114437 0.644078 0.116641
1 0.939703 0.011000 0.936031 0.060891 0.925766 0.101969 0.950703 0.104906 0.991781 0.107094 0.989578 0.081422 0.997656 0.049875 0.998437 0.031394 0.998437 0.003735 0.962438 0.004406 0.937500 0.003672
1 0.933094 0.148187 0.921359 0.173125 0.927969 0.224469 0.933094 0.253078 0.941172 0.254547 0.944109 0.231078 0.957312 0.223734 0.952172 0.213469 0.963906 0.208328 0.963172 0.198797 0.971984 0.186328 0.972719 0.167984 0.965375 0.154047 0.953641 0.143047
0 0.921813 0.138453 0.978281 0.151203 0.998437 0.152041 0.998437 0.118977 0.971000 0.109312 0.921813 0.098375 0.903594 0.114766