0 0.884289 0.000000 0.883016 0.014594 0.875828 0.044406 0.854234 0.075250 0.855266 0.099922 0.861438 0.120484 0.877875 0.101969 0.899469 0.118422 0.911797 0.115344 0.940578 0.060859 0.951891 0.004312 0.952303 0.000000
0 0.274078 0.175719 0.274078 0.191938 0.274078 0.211578 0.281766 0.234625 0.290297 0.256828 0.311641 0.298672 0.324453 0.319156 0.346656 0.360141 0.370563 0.388312 0.385922 0.412234 0.423500 0.440406 0.448266 0.460891 0.486688 0.486516 0.512297 0.498469 0.527656 0.513828 0.546453 0.518094 0.563531 0.519812 0.576328 0.523219 0.582313 0.510422 0.587437 0.494187 0.590000 0.485656 0.593406 0.465156 0.582313 0.459187 0.562672 0.456625 0.550719 0.450656 0.526813 0.425891 0.504609 0.416500 0.487531 0.396859 0.463625 0.378078 0.432891 0.344781 0.403000 0.314031 0.392766 0.293547 0.371406 0.260250 0.356906 0.232922 0.347500 0.220969 0.340672 0.199625 0.328719 0.186812 0.323594 0.178281 0.311641 0.168891 0.299687 0.162063 0.284328 0.166328
0 0.584875 0.336234 0.607062 0.341359 0.634391 0.355016 0.652328 0.361844 0.672813 0.369531 0.687328 0.372094 0.700984 0.385766 0.712938 0.399422 0.736000 0.413078 0.753078 0.424188 0.779547 0.430156 0.806016 0.439547 0.837609 0.433578 0.860656 0.421625 0.883703 0.400266 0.897375 0.384047 0.913594 0.349891 0.919562 0.308906 0.916156 0.295250 0.906766 0.279031 0.882000 0.276469 0.870906 0.290125 0.869188 0.302937 0.861516 0.319156 0.852969 0.338797 0.836750 0.352453 0.821375 0.364406 0.805156 0.366125 0.792344 0.366125 0.760766 0.347344 0.737703 0.332828 0.723187 0.325984 0.700984 0.320016 0.677078 0.300375 0.657453 0.296109 0.643781 0.293547 0.632688 0.289281 0.613906 0.289281 0.592547 0.290984 0.577187 0.298672 0.572063 0.314031 0.573766 0.325141
0 0.491797 0.043375 0.479000 0.064719 0.455937 0.092891 0.449969 0.109125 0.443141 0.127047 0.443141 0.144984 0.443984 0.156078 0.446547 0.170594 0.454234 0.181687 0.461062 0.191094 0.474734 0.197063 0.490953 0.197922 0.503750 0.197922 0.517422 0.193641 0.529375 0.182547 0.530219 0.163766 0.521687 0.151812 0.519984 0.139000 0.518266 0.125344 0.519125 0.091188 0.522547 0.074109 0.523391 0.057031 0.523391 0.046797 0.510594 0.039953
0 0.615672 0.727297 0.624219 0.711750 0.633547 0.706312 0.645984 0.704750 0.659203 0.714078 0.670859 0.724187 0.681750 0.738969 0.687969 0.749844 0.694187 0.767719 0.697297 0.792594 0.708953 0.809703 0.721391 0.822922 0.747828 0.853234 0.771141 0.873437 0.796016 0.898328 0.821672 0.923969 0.840328 0.941078 0.861313 0.951187 0.880750 0.964391 0.892406 0.968281 0.904078 0.970609 0.919625 0.985391 0.925062 0.999375 0.924846 0.998437 0.820821 0.998437 0.820125 0.999375 0.791359 0.980719 0.767250 0.958953 0.723719 0.923969 0.701953 0.902984 0.672422 0.874219 0.657656 0.855562 0.645219 0.826797 0.633547 0.805031 0.615672 0.775500 0.616453 0.749844 0.613344 0.737406
0 0.575250 0.676000 0.590797 0.674438 0.604016 0.671328 0.625781 0.671328 0.643656 0.672109 0.665422 0.671328 0.691859 0.663563 0.729172 0.640234 0.751703 0.620797 0.775031 0.597484 0.796797 0.583484 0.826344 0.556281 0.843437 0.538406 0.851984 0.521297 0.865984 0.515078 0.884641 0.511187 0.903297 0.517406 0.909516 0.530625 0.911844 0.546172 0.900969 0.567172 0.883078 0.581156 0.859766 0.616141 0.839547 0.641016 0.805344 0.670547 0.779687 0.693094 0.738500 0.719531 0.708953 0.725750 0.680969 0.731969 0.673203 0.723422 0.659203 0.710969 0.644437 0.703984 0.632000 0.705531 0.621109 0.711750 0.614891 0.728078 0.614891 0.738188 0.604781 0.743625 0.582250 0.734297 0.574469 0.728859 0.565141 0.721859 0.558141 0.718750 0.552703 0.712531 0.551922 0.698531 0.551922 0.684547 0.562812 0.679109
0 0.284516 0.512750 0.301609 0.492531 0.320281 0.497203 0.345922 0.518969 0.360703 0.543844 0.400344 0.574938 0.418219 0.594375 0.439203 0.611469 0.439984 0.623141 0.465641 0.656563 0.473422 0.679875 0.479641 0.700875 0.501406 0.714859 0.534047 0.722641 0.543375 0.726531 0.559703 0.738188 0.573688 0.745188 0.578359 0.756063 0.576031 0.766953 0.568250 0.778609 0.555031 0.779391 0.544156 0.784828 0.527047 0.786375 0.510734 0.785609 0.499062 0.780156 0.471078 0.769281 0.457859 0.765391 0.440766 0.751406 0.419781 0.724187 0.398016 0.679875 0.379359 0.644906 0.361469 0.629359 0.334266 0.600594 0.316391 0.584266 0.300063 0.570281 0.292281 0.546953 0.285297 0.527516
0 0.457859 0.812031 0.467187 0.854781 0.465641 0.867219 0.470313 0.930187 0.479641 0.970609 0.495953 0.993156 0.501024 0.998437 0.716222 0.998437 0.699625 0.990047 0.663094 0.980719 0.629672 0.981500 0.609453 0.981500 0.583016 0.980719 0.562812 0.969844 0.548047 0.958172 0.538719 0.923203 0.534828 0.909984 0.524719 0.897547 0.530938 0.883547 0.533266 0.859453 0.516172 0.848562 0.511500 0.826797 0.511500 0.801156 0.503734 0.786375 0.486625 0.780937 0.467969 0.781719 0.455531 0.794156 0.454750 0.804266
0 0.138876 0.998437 0.139922 0.992375 0.139141 0.962063 0.142250 0.929422 0.143031 0.902984 0.153922 0.860234 0.157812 0.842344 0.163250 0.815922 0.167906 0.798813 0.178797 0.782500 0.191234 0.769281 0.212219 0.760734 0.231656 0.759172 0.246422 0.768500 0.254203 0.780156 0.250312 0.801156 0.240203 0.816703 0.234766 0.829906 0.232437 0.848562 0.232437 0.858672 0.238656 0.861000 0.238656 0.866453 0.228547 0.874219 0.223875 0.900656 0.230875 0.909984 0.243312 0.912313 0.240984 0.922422 0.226219 0.923969 0.220766 0.928641 0.223875 0.945734 0.231656 0.949625 0.234766 0.959734 0.223875 0.965953 0.216891 0.969844 0.215034 0.998437
0 0.854328 0.821359 0.862094 0.836125 0.870641 0.847797 0.883859 0.861000 0.895516 0.871891 0.903297 0.895219 0.902516 0.915422 0.894750 0.927859 0.884641 0.936406 0.898625 0.941078 0.902516 0.946516 0.908734 0.969844 0.921172 0.983828 0.925844 0.995484 0.925149 0.998437 0.995891 0.998437 0.993469 0.990047 0.983359 0.974500 0.980250 0.956625 0.970922 0.916984 0.968594 0.876563 0.959266 0.855562 0.954609 0.841578 0.939828 0.816703 0.924281 0.802703 0.909516 0.789484 0.900188 0.787937 0.880750 0.788719 0.869875 0.785609 0.859766 0.777828 0.849656 0.780937 0.844219 0.791047 0.843437 0.801156 0.848109 0.807375
0 0.880750 0.483203 0.898625 0.494875 0.914953 0.505750 0.926609 0.515859 0.942172 0.524406 0.958484 0.536844 0.970156 0.546953 0.985703 0.560937 0.998437 0.570868 0.998437 0.486552 0.993469 0.482437 0.968594 0.472328 0.958484 0.459891 0.937500 0.445125 0.916516 0.431125 0.903297 0.424906 0.883078 0.418688 0.871422 0.423359 0.864422 0.435016 0.864422 0.445125 0.865203 0.457563 0.869875 0.467656 0.876859 0.475437
0 0.155469 0.281875 0.139922 0.291203 0.132922 0.305969 0.122047 0.316078 0.115047 0.323844 0.114266 0.332406 0.114266 0.347953 0.119719 0.365828 0.125937 0.382156 0.130594 0.407813 0.132922 0.424906 0.136813 0.463000 0.136813 0.476219 0.137594 0.497203 0.145359 0.529078 0.147703 0.544625 0.152359 0.583484 0.154688 0.599031 0.156250 0.612250 0.171016 0.654234 0.180344 0.668219 0.192016 0.680656 0.206781 0.682984 0.219219 0.675219 0.225438 0.670547 0.232437 0.657344 0.226219 0.646453 0.220000 0.628578 0.223875 0.594375 0.223875 0.586594 0.243312 0.584266 0.245641 0.575719 0.217656 0.558609 0.200563 0.546172 0.199781 0.529844 0.196672 0.501859 0.196672 0.480094 0.209109 0.454453 0.206000 0.424906 0.195125 0.372828 0.193562 0.353391 0.186563 0.333953 0.180344 0.316078 0.177234 0.302078 0.164031 0.291984
0 0.155469 0.246109 0.167141 0.265547 0.186563 0.295859 0.193562 0.313750 0.200563 0.340172 0.202109 0.373594 0.206781 0.392250 0.208328 0.426469 0.209891 0.454453 0.197453 0.483984 0.198234 0.503422 0.201344 0.532188 0.202109 0.548500 0.220000 0.559391 0.233984 0.553953 0.241766 0.552391 0.254203 0.538406 0.269750 0.504203 0.272078 0.482437 0.277516 0.436562 0.277516 0.413250 0.269750 0.340172 0.261188 0.321516 0.248750 0.295859 0.237094 0.262438 0.223109 0.255438 0.211438 0.244562 0.198234 0.236781 0.183453 0.228234 0.169469 0.229016 0.155469 0.236781 0.155469 0.237562
0 0.716506 0.000000 0.716734 0.002797 0.718281 0.016016 0.720609 0.056438 0.729938 0.092188 0.736938 0.110078 0.745484 0.122516 0.752484 0.130281 0.761813 0.145828 0.766484 0.152828 0.777359 0.152828 0.789031 0.150500 0.802234 0.139609 0.796016 0.108516 0.786687 0.067313 0.781250 0.046328 0.776578 0.012906 0.775750 0.000000
0 0.591966 0.000000 0.592344 0.001250 0.597797 0.016797 0.614109 0.031563 0.627328 0.045547 0.657656 0.067313 0.674750 0.090641 0.681750 0.101531 0.708953 0.121734 0.727609 0.145828 0.735391 0.152047 0.752484 0.190141 0.765703 0.211125 0.778141 0.234453 0.794469 0.253891 0.810797 0.267109 0.821672 0.277984 0.832563 0.284203 0.853547 0.294313 0.865984 0.295094 0.870641 0.291203 0.873750 0.270984 0.869875 0.259328 0.865203 0.240672 0.854328 0.218906 0.839547 0.203359 0.827109 0.183141 0.817781 0.173813 0.807687 0.167594 0.803797 0.141953 0.794469 0.152828 0.785141 0.155937 0.765703 0.156719 0.757922 0.148172 0.741609 0.120953 0.732281 0.106969 0.722172 0.075875 0.719062 0.056438 0.715953 0.029234 0.706625 0.024563 0.681488 0.000000
0 0.875313 0.139609 0.876094 0.147391 0.878422 0.159047 0.876859 0.166047 0.877641 0.174594 0.888531 0.185484 0.897859 0.197922 0.913406 0.214234 0.921953 0.218125 0.931281 0.226672 0.935172 0.237562 0.939063 0.254672 0.947609 0.283422 0.949156 0.291984 0.953828 0.301313 0.961594 0.328516 0.970922 0.333953 0.977141 0.342500 0.981812 0.351062 0.989578 0.355719 0.992688 0.368156 0.995031 0.380594 0.998437 0.380001 0.998437 0.224418 0.988031 0.207250 0.974812 0.186250 0.960828 0.172266 0.948391 0.151281 0.943719 0.142719 0.928953 0.130281 0.911844 0.118625 0.900969 0.119406 0.887750 0.115516 0.877641 0.115516 0.876859 0.125625
0 0.460203 0.874219 0.443094 0.861781 0.429875 0.853234 0.407344 0.843125 0.392563 0.833797 0.372359 0.824469 0.352922 0.816703 0.340484 0.814359 0.330375 0.822141 0.321047 0.834578 0.321828 0.842344 0.328828 0.849344 0.338938 0.856344 0.342047 0.867219 0.345922 0.877328 0.352141 0.888219 0.360703 0.895219 0.371578 0.902984 0.380906 0.909984 0.395672 0.910766 0.408109 0.909984 0.412781 0.910766 0.419781 0.916203 0.429875 0.920859 0.437656 0.927859 0.442312 0.935641 0.450094 0.947297 0.455531 0.955844 0.462531 0.976828 0.475750 0.991609 0.481569 0.998437 0.499254 0.998437 0.495953 0.995484 0.479641 0.971391 0.470313 0.928641 0.464078 0.891328 0.464078 0.885109
0 0.524719 0.826797 0.527828 0.839234 0.544937 0.859453 0.546484 0.875000 0.556594 0.890547 0.563594 0.912313 0.571359 0.927078 0.572922 0.934859 0.578359 0.943406 0.583797 0.956625 0.586906 0.965172 0.594688 0.973719 0.603234 0.977609 0.611000 0.979938 0.628891 0.981500 0.662312 0.981500 0.698078 0.989266 0.708172 0.990047 0.708953 0.981500 0.705063 0.972953 0.686406 0.958953 0.668531 0.944969 0.656875 0.931750 0.646766 0.918531 0.641328 0.901438 0.628891 0.889766 0.628109 0.876563 0.622672 0.862562 0.614109 0.858672 0.610234 0.840016 0.602453 0.826031 0.588469 0.825250 0.579141 0.809703 0.576797 0.799594 0.572922 0.794937 0.558141 0.796484 0.550375 0.791047 0.542594 0.789484 0.524719 0.788719 0.519281 0.791828 0.518500 0.801922 0.520828 0.811250
0 0.198094 0.032281 0.187844 0.069844 0.174187 0.099734 0.158812 0.139859 0.147719 0.156078 0.141734 0.167172 0.139172 0.190234 0.136609 0.208156 0.138313 0.223531 0.146859 0.231219 0.161375 0.230359 0.172469 0.226094 0.180156 0.221828 0.189547 0.218406 0.207484 0.197063 0.216875 0.177422 0.240781 0.132172 0.251875 0.100578 0.257859 0.088625 0.261266 0.076672 0.261266 0.061297 0.267250 0.025437 0.267250 0.009219 0.267901 0.000000 0.254628 0.000000 0.234797 0.030562 0.222000 0.031422
1 0.577578 0.673656 0.592344 0.669000 0.611781 0.669781 0.651438 0.675219 0.663875 0.667438 0.677859 0.658109 0.675531 0.651125 0.661531 0.644125 0.659984 0.634797 0.656094 0.602141 0.647547 0.609141 0.632000 0.617687 0.612563 0.627797 0.604781 0.638687 0.593125 0.649563 0.583797 0.659672
1 0.582023 0.000000 0.587688 0.010578 0.610234 0.047891 0.627328 0.078203 0.629672 0.106969 0.635109 0.138844 0.639766 0.149719 0.648328 0.193250 0.645219 0.204906 0.650656 0.220453 0.642875 0.233672 0.645984 0.249219 0.649094 0.264000 0.641328 0.279547 0.642875 0.290422 0.651438 0.289641 0.661531 0.271766 0.656875 0.261656 0.659984 0.240672 0.656875 0.204141 0.658422 0.147391 0.668531 0.124844 0.708953 0.131062 0.699625 0.120187 0.675531 0.092969 0.659984 0.082094 0.652984 0.068094 0.636656 0.056438 0.626563 0.044781 0.614891 0.035453 0.607125 0.020672 0.590016 0.005906 0.588878 0.000000
1 0.558141 0.577266 0.578359 0.571047 0.589234 0.562500 0.598562 0.549281 0.606344 0.536063 0.620328 0.524406 0.608672 0.502641 0.620328 0.489422 0.630437 0.479328 0.620328 0.464547 0.615672 0.452109 0.627328 0.437344 0.634328 0.430344 0.640547 0.420250 0.638219 0.400031 0.625781 0.409359 0.612563 0.417906 0.585359 0.409359 0.566703 0.395359 0.565922 0.422578 0.561250 0.439672 0.567469 0.453672 0.582250 0.455219 0.593125 0.461438 0.601672 0.466109 0.603234 0.481656 0.598562 0.505750 0.578359 0.533734 0.569031 0.526734 0.555031 0.534516 0.558141 0.553953
1 0.544937 0.088312 0.531719 0.145063 0.531719 0.174594 0.538719 0.237562 0.549594 0.267109 0.565141 0.250000 0.558922 0.231344 0.560484 0.201797 0.562031 0.165266 0.561250 0.141953 0.557375 0.115516 0.555031 0.103078
0 0.507515 0.000000 0.504719 0.006984 0.553969 0.103000 0.583516 0.213797 0.566281 0.314750 0.578594 0.383687 0.608125 0.408297 0.640141 0.386141 0.642594 0.218719 0.610594 0.039000 0.584128 0.000000
0 0.669687 0.267969 0.649984 0.341828 0.627828 0.457547 0.610594 0.553562 0.507188 0.622500 0.480109 0.681594 0.492406 0.711141 0.553969 0.676672 0.649984 0.592953 0.706609 0.494469 0.728766 0.299969 0.699234 0.245813
0 0.856685 0.000000 0.851875 0.122703 0.837109 0.238422 0.824797 0.361531 0.802641 0.457547 0.750938 0.445234 0.743547 0.263047 0.787859 0.014375 0.798916 0.000000