0 0.183469 0.146109 0.161141 0.140016 0.128672 0.125812 0.090125 0.111609 0.079969 0.101469 0.069828 0.105516 0.059672 0.083203 0.057656 0.058844 0.053594 0.040578 0.055625 0.022328 0.067797 0.008109 0.073891 0.006094 0.106344 0.004063 0.169250 0.004063 0.242313 0.000000 0.260578 0.010141 0.246375 0.014203 0.230141 0.024344 0.215922 0.030437 0.181438 0.028406 0.157078 0.030437 0.134766 0.028406 0.124609 0.028406 0.122578 0.044641 0.124609 0.058844 0.144906 0.060875 0.179406 0.075078 0.197672 0.085234 0.207813 0.107547 0.201719 0.119719 0.207813 0.131906
0 0.384359 0.062906 0.368125 0.052766 0.355953 0.040578 0.339719 0.030437 0.327531 0.022328 0.317391 0.010141 0.345797 0.002031 0.382328 0.002031 0.404641 0.000000 0.416828 0.010141 0.426969 0.022328 0.429000 0.040578 0.426969 0.060875 0.410734 0.064938 0.404641 0.064938
0 0.552781 0.062906 0.542641 0.048703 0.542641 0.034500 0.545922 0.002531 0.583219 0.004063 0.593359 0.006094 0.597422 0.022328 0.597422 0.034500 0.593359 0.060875 0.577125 0.062906
0 0.595391 0.087250 0.603516 0.107547 0.615688 0.121750 0.648156 0.121750 0.660328 0.103484 0.674531 0.081172 0.680625 0.062906 0.682656 0.038562 0.686703 0.020297 0.691422 0.000625 0.664219 0.000625 0.642078 0.003156 0.619750 0.004063 0.613656 0.036531 0.605547 0.064938
0 0.842953 0.198859 0.824703 0.168422 0.812516 0.140016 0.800344 0.103484 0.786141 0.056813 0.778031 0.014203 0.773969 0.004063 0.853109 0.000000 0.838906 0.012172 0.842953 0.040578 0.851078 0.048703 0.855141 0.064938 0.867313 0.103484 0.879484 0.140016 0.891656 0.180594 0.869344 0.194812
0 0.998437 0.088129 0.984125 0.097656 0.968766 0.081172 0.934281 0.060875 0.909922 0.030437 0.881516 0.004063 0.913984 0.000000 0.980953 0.000000 0.998437 0.017154
0 0.810484 0.225250 0.778937 0.230047 0.757734 0.198859 0.733375 0.184656 0.707000 0.176547 0.666422 0.194812 0.613656 0.219156 0.562922 0.221188 0.546563 0.215719 0.538578 0.190750 0.556844 0.176547 0.591328 0.160312 0.635984 0.137984 0.688734 0.121750 0.729328 0.119719 0.773969 0.144078 0.804406 0.166391 0.816578 0.200891
0 0.936297 0.148141 0.958625 0.152188 0.989062 0.172484 0.998437 0.181082 0.998437 0.267053 0.999203 0.265828 0.978922 0.237422 0.948484 0.217125 0.916016 0.192781 0.899781 0.174516 0.909922 0.160312
0 0.998437 0.545467 0.991094 0.549922 0.936297 0.562094 0.907891 0.586437 0.893688 0.582391 0.883547 0.568187 0.883547 0.545859 0.907891 0.527594 0.940359 0.505281 0.998437 0.484479
0 0.998437 0.608176 0.997172 0.603938 0.964719 0.597859 0.940359 0.597859 0.966734 0.614094 0.974828 0.624375 0.977984 0.656625 0.963438 0.678141 0.924844 0.659156 0.892594 0.632594 0.885000 0.609812 0.885625 0.590844 0.920063 0.583656 0.941922 0.563000 0.972297 0.556688 0.998437 0.559186
0 0.773969 0.434250 0.798312 0.420047 0.818609 0.420047 0.822672 0.436281 0.824703 0.454547 0.826719 0.505281 0.847016 0.562094 0.863250 0.600656 0.889625 0.653406 0.922094 0.698047 0.940359 0.728484 0.924125 0.746750 0.907891 0.758922 0.873391 0.746750 0.834844 0.687906 0.816578 0.653406 0.802375 0.606734 0.778031 0.568187 0.776000 0.529625 0.769906 0.482953
0 0.455375 0.338875 0.481750 0.318594 0.494688 0.313766 0.520312 0.326703 0.528422 0.367281 0.526406 0.385547 0.504078 0.397734 0.491906 0.403813 0.475672 0.411937 0.506109 0.446422 0.536547 0.487016 0.560891 0.507313 0.566984 0.533687 0.569016 0.551953 0.550750 0.560063 0.530453 0.556000 0.510172 0.541797 0.467484 0.515562 0.451031 0.484563 0.435859 0.469375 0.441547 0.431422 0.440281 0.408016 0.447266 0.375406
0 0.357969 0.367281 0.372172 0.355109 0.388406 0.359172 0.412766 0.371344 0.431031 0.385547 0.440281 0.423203 0.433328 0.451672 0.420047 0.478875 0.420875 0.525563 0.447266 0.558031 0.471609 0.592531 0.493938 0.631094 0.491906 0.653406 0.469578 0.665578 0.437109 0.651375 0.424937 0.631094 0.398563 0.602672 0.364063 0.570219 0.357969 0.545859 0.349859 0.515422 0.349859 0.472813 0.357969 0.430188 0.360000 0.391641
0 0.309281 0.288156 0.295063 0.269891 0.274781 0.247562 0.270719 0.223219 0.270719 0.194812 0.284922 0.160312 0.284922 0.140016 0.276813 0.133922 0.256516 0.140016 0.248391 0.158281 0.228109 0.186688 0.224047 0.206984 0.234187 0.245531 0.246375 0.269891 0.266656 0.294234 0.284922 0.310469
0 0.199500 0.397250 0.187391 0.373609 0.174125 0.358047 0.156203 0.319734 0.139969 0.273062 0.144031 0.236547 0.139531 0.219094 0.117656 0.197984 0.095328 0.185812 0.083156 0.147250 0.081125 0.126969 0.097359 0.124937 0.125766 0.129000 0.160266 0.143203 0.180563 0.155375 0.196797 0.189875 0.200844 0.222344 0.219109 0.275094 0.239406 0.315688 0.246188 0.344219 0.225438 0.395531
0 0.055625 0.284094 0.063734 0.267859 0.077938 0.261766 0.104328 0.273938 0.130703 0.298297 0.159109 0.338875 0.187516 0.383516 0.196609 0.398984 0.230141 0.446422 0.248391 0.511359 0.252453 0.537750 0.232156 0.547891 0.189547 0.547891 0.181438 0.521516 0.171281 0.470781 0.165203 0.434250 0.151000 0.407875 0.134766 0.387578 0.102297 0.338875 0.071859 0.316562
0 0.001891 0.334641 0.035328 0.363234 0.057656 0.395703 0.079969 0.418016 0.112437 0.458609 0.138813 0.484984 0.165203 0.515422 0.179406 0.543828 0.191578 0.570219 0.169250 0.576297 0.144906 0.576297 0.112437 0.543828 0.082000 0.521516 0.048703 0.494688 0.025297 0.462422 0.013000 0.440344 0.000828 0.420047 0.001266 0.361844
0 0.241203 0.559016 0.280859 0.549922 0.307250 0.562094 0.299125 0.594562 0.288984 0.627031 0.288984 0.641234 0.311734 0.665203 0.336766 0.686438 0.370156 0.728484 0.376234 0.762984 0.349859 0.773141 0.315359 0.744719 0.276813 0.716313 0.254484 0.694000 0.252453 0.675734 0.236219 0.655438 0.217953 0.649344 0.217687 0.633344 0.220719 0.607547 0.224047 0.588469
0 0.000000 0.629422 0.031922 0.631453 0.056266 0.639578 0.092797 0.641609 0.123234 0.655813 0.133375 0.692328 0.111344 0.709766 0.072500 0.712625 0.028469 0.695844 0.011625 0.680156 0.003516 0.672047
0 0.197016 0.662359 0.178328 0.669156 0.173234 0.687844 0.169844 0.715016 0.176625 0.742188 0.178328 0.793141 0.186828 0.827109 0.207203 0.859375 0.224187 0.893344 0.232672 0.908625 0.220781 0.942594 0.215687 0.964672 0.237766 0.978266 0.253063 0.976562 0.271734 0.942594 0.293812 0.913719 0.300609 0.874656 0.297219 0.852578 0.283625 0.827109 0.258156 0.784641 0.247969 0.759172 0.247969 0.738797 0.254750 0.694641 0.246266 0.669156 0.227578 0.652172
0 0.181584 0.998437 0.210594 0.996937 0.241172 0.996937 0.280234 0.995250 0.310797 0.995250 0.327781 0.973172 0.348172 0.939203 0.354953 0.910328 0.365156 0.884844 0.378734 0.872969 0.394016 0.859375 0.414406 0.854281 0.434781 0.866172 0.434781 0.893344 0.424594 0.922219 0.417797 0.964672 0.397422 0.995250 0.394952 0.998437
0 0.560469 0.910328 0.565562 0.883156 0.577453 0.867859 0.589328 0.849187 0.608016 0.837297 0.638594 0.822016 0.670859 0.816922 0.703125 0.825406 0.728594 0.840687 0.760875 0.864469 0.776156 0.891641 0.796531 0.929016 0.801625 0.951094 0.805031 0.971469 0.784641 0.971469 0.759172 0.973172 0.750672 0.966375 0.755781 0.942594 0.747281 0.918812 0.728594 0.905234 0.703125 0.876359 0.684438 0.867859 0.650469 0.878063 0.621609 0.903531 0.601219 0.927312 0.579141 0.920516
0 0.742188 0.767031 0.750672 0.753437 0.762563 0.738156 0.806719 0.738156 0.826797 0.753422 0.855891 0.764172 0.888156 0.788203 0.920516 0.816281 0.945984 0.851953 0.956188 0.882516 0.978266 0.914781 0.996937 0.950453 0.998437 0.958102 0.998437 0.982362 0.990156 0.991219 0.962969 0.987813 0.945984 0.958953 0.935797 0.933469 0.918812 0.909688 0.893344 0.884219 0.878063 0.853641 0.837297 0.823078 0.801625 0.809484 0.776156 0.797594 0.755781 0.784016
0 0.046000 0.788188 0.062609 0.754578 0.083578 0.731703 0.095000 0.718375 0.119781 0.706937 0.140734 0.693594 0.152172 0.712656 0.150266 0.729797 0.144547 0.758391 0.119781 0.807922 0.110250 0.844125 0.112156 0.874625 0.140734 0.897484 0.176937 0.941313 0.178844 0.987047 0.171653 0.998437 0.120551 0.998437 0.100719 0.990859 0.093109 0.964172 0.066156 0.932453 0.027719 0.913562 0.035281 0.868203 0.018266 0.853078 0.021422 0.846781 0.035281 0.848672 0.034656 0.808969 0.016375 0.797625 0.020156 0.785656
1 0.784406 0.076547 0.779984 0.089828 0.783781 0.105016 0.778719 0.115766 0.773656 0.123984 0.781250 0.127781 0.787578 0.134734 0.786937 0.141063 0.781875 0.146766 0.786937 0.151828 0.796438 0.162578 0.806547 0.171437 0.816047 0.185344 0.816047 0.209391 0.812875 0.218875 0.801500 0.228359 0.780625 0.235328 0.773031 0.234063 0.771766 0.227734 0.771125 0.218250 0.766703 0.213188 0.762266 0.205594 0.754687 0.201156 0.743297 0.210656 0.738234 0.227094 0.742031 0.242281 0.745188 0.255563 0.761000 0.260625 0.796438 0.268219 0.809078 0.272641 0.823641 0.264422 0.831219 0.205594 0.833125 0.179656 0.823641 0.163203 0.823000 0.158141 0.818578 0.152453 0.818578 0.143594 0.814141 0.135375 0.808453 0.120188 0.808453 0.116391 0.803391 0.110703 0.798328 0.103750 0.798328 0.094891 0.795172 0.085406 0.790734 0.081609
1 0.759734 0.444078 0.752156 0.466219 0.746453 0.496578 0.745188 0.510500 0.750250 0.522516 0.747719 0.538328 0.754047 0.548453 0.762906 0.564266 0.772391 0.581984 0.773656 0.612344 0.780625 0.642719 0.785047 0.655359 0.784406 0.676875 0.790734 0.700906 0.796438 0.710406 0.800234 0.724953 0.806547 0.728109 0.811609 0.732547 0.812875 0.739500 0.820469 0.746453 0.845141 0.755953 0.857797 0.761000 0.885625 0.761641 0.876766 0.750250 0.868547 0.738234 0.859062 0.726219 0.841344 0.702813 0.835656 0.690156 0.823641 0.663594 0.816672 0.652203 0.802125 0.640188 0.803391 0.629422 0.795797 0.616781 0.788844 0.619313 0.780625 0.607281 0.790109 0.593375 0.784406 0.580094 0.778094 0.578828 0.773656 0.569328 0.777453 0.554781 0.774297 0.535172 0.764172 0.535172 0.759109 0.523156 0.774297 0.514297 0.773656 0.505437 0.769234 0.495312 0.774297 0.485203 0.769859 0.473813 0.766062 0.456094
1 0.560469 0.290359 0.550359 0.296687 0.536438 0.299844 0.523156 0.301109 0.524422 0.314391 0.542125 0.316922 0.552891 0.321359 0.563641 0.330844 0.569328 0.339703 0.578188 0.345391 0.594641 0.349828 0.618047 0.346031 0.626266 0.342234 0.626891 0.332750 0.632594 0.321984 0.638922 0.308078 0.633859 0.303016 0.600328 0.307437 0.580094 0.311875 0.569328 0.313125 0.568063 0.304906 0.574391 0.292891
1 0.003156 0.766703 0.010750 0.763531 0.018344 0.751516 0.024672 0.740766 0.034797 0.737594 0.048078 0.743922 0.062000 0.748359 0.058203 0.761000 0.051234 0.774922 0.047438 0.788203 0.029734 0.790109 0.020250 0.784406 0.015188 0.796438 0.025297 0.804016 0.032266 0.807188 0.032266 0.824266 0.036687 0.836922 0.036062 0.844516 0.016453 0.846406 0.017719 0.857797 0.028469 0.862859 0.031625 0.869812 0.034156 0.881203 0.037328 0.888156 0.032266 0.895750 0.030359 0.907766 0.030359 0.915359 0.038594 0.921047 0.050609 0.915984 0.055031 0.921047 0.061359 0.926750 0.065156 0.926750 0.067687 0.935609 0.074016 0.944453 0.079078 0.950156 0.082875 0.959641 0.080969 0.966594 0.075281 0.969766 0.067687 0.961531 0.061359 0.940031 0.054406 0.939391 0.046172 0.933703 0.028469 0.920422 0.017078 0.904609 0.006953 0.897641 0.001266 0.897641 0.000000 0.855266 0.000625 0.799594 0.001891 0.776828
0 0.998437 0.002063 0.998437 0.025854 0.976906 0.045250 0.956344 0.106953 0.909047 0.166594 0.876141 0.166594 0.865844 0.109000 0.894641 0.051422 0.958406 0.002063
0 0.719828 0.744516 0.773297 0.816484 0.828828 0.888469 0.882297 0.944000 0.913156 0.939891 0.872016 0.869969 0.771250 0.726000 0.736281 0.717766