0 0.002609 0.058781 0.041672 0.069937 0.067703 0.069937 0.093750 0.058781 0.102188 0.042391 0.108625 0.082969 0.136531 0.097844 0.136531 0.127609 0.093750 0.118297 0.039813 0.133187 0.002609 0.131328 0.000000 0.114062 0.000000 0.057813
0 0.080734 0.177828 0.127234 0.136906 0.155391 0.119531 0.184422 0.118687 0.279203 0.104172 0.350062 0.095625 0.362594 0.073891 0.389250 0.065406 0.415547 0.071797 0.447172 0.073656 0.463141 0.090750 0.452844 0.115078 0.415547 0.136906 0.348594 0.161094 0.274187 0.175969 0.199781 0.172250 0.166297 0.194562 0.106766 0.207594
0 0.222391 0.240891 0.243234 0.208328 0.286203 0.195312 0.327859 0.190109 0.408594 0.203125 0.447656 0.221359 0.516672 0.247391 0.610031 0.271328 0.630984 0.300547 0.657453 0.325313 0.648906 0.351781 0.629266 0.360312 0.571359 0.351562 0.520578 0.329422 0.497141 0.313797 0.452859 0.307297 0.415109 0.295578 0.381250 0.264328 0.344797 0.257812 0.312234 0.259109 0.282297 0.264328 0.254953 0.276047 0.236719 0.272141
0 0.050516 0.289062 0.086984 0.266922 0.123438 0.282547 0.174219 0.283859 0.210672 0.270828 0.251047 0.272141 0.283594 0.296875 0.323953 0.299484 0.385156 0.295578 0.443750 0.305984 0.467187 0.326828 0.463281 0.368484 0.419016 0.369797 0.360422 0.364578 0.321359 0.365891 0.295312 0.369797 0.257547 0.359375 0.232813 0.352859 0.201563 0.347656 0.178125 0.347656 0.155984 0.346359 0.119531 0.345047 0.096094 0.352859 0.073953 0.338547 0.051828 0.330734
0 0.001047 0.299484 0.049219 0.324219 0.073953 0.338547 0.094797 0.347656 0.141672 0.350266 0.172922 0.350266 0.201563 0.359375 0.221094 0.382812 0.221094 0.399734 0.198953 0.419266 0.153391 0.416672 0.106516 0.416672 0.070047 0.416672 0.033594 0.401047 0.025781 0.394531 0.010156 0.375000 0.000000 0.348438 0.000000 0.298438 0.000000 0.296875
0 0.001047 0.440109 0.019266 0.446609 0.033594 0.468750 0.034891 0.492188 0.021875 0.511719 0.000000 0.510938 0.000000 0.445312
0 0.075266 0.531250 0.075266 0.558594 0.075266 0.598953 0.090891 0.632812 0.102609 0.677078 0.120828 0.701828 0.145578 0.744797 0.166406 0.777344 0.195047 0.816406 0.228906 0.871094 0.240625 0.910156 0.279687 0.912766 0.280984 0.889328 0.284891 0.855469 0.270578 0.825516 0.253641 0.799484 0.244531 0.772141 0.234109 0.747391 0.206766 0.709641 0.193750 0.697922 0.179422 0.675781 0.169016 0.649734 0.161203 0.621094 0.157297 0.592453 0.142969 0.601562 0.137766 0.576828 0.127344 0.561203 0.124734 0.539062 0.106516 0.537766 0.094797 0.529953
0 0.195047 0.520828 0.200266 0.562500 0.231516 0.589844 0.254953 0.597656 0.279687 0.623703 0.297922 0.656250 0.323953 0.684891 0.359109 0.718750 0.406422 0.764172 0.445125 0.766766 0.469609 0.757344 0.485828 0.722344 0.467891 0.699281 0.435937 0.695312 0.426828 0.675781 0.405984 0.649734 0.392969 0.630203 0.368234 0.609375 0.321891 0.569500 0.296609 0.552078 0.243234 0.514328 0.219797 0.514328
0 0.003641 0.738281 0.034891 0.768234 0.055734 0.779953 0.076563 0.794266 0.101297 0.820312 0.110422 0.842453 0.114328 0.869797 0.118234 0.890625 0.122141 0.908859 0.131250 0.951828 0.127344 0.972656 0.115625 0.998437 0.088072 0.998437 0.073953 0.993484 0.058328 0.973953 0.049219 0.940109 0.049219 0.917969 0.049219 0.910156 0.038797 0.886719 0.029687 0.852859 0.025781 0.845047 0.011453 0.835938 0.000000 0.817187
0 0.016672 0.855469 0.034891 0.871094 0.032297 0.920578 0.030984 0.954422 0.038797 0.984375 0.044382 0.998437 0.000000 0.998437 0.000000 0.853125
0 0.504578 0.525156 0.486156 0.566969 0.480203 0.592266 0.478719 0.642859 0.484672 0.703875 0.501047 0.755953 0.518906 0.802078 0.545687 0.849703 0.566516 0.877969 0.619437 0.895828 0.658781 0.891375 0.659719 0.852781 0.617109 0.813984 0.573953 0.763391 0.562047 0.723219 0.563266 0.681406 0.551828 0.641766 0.551828 0.583844 0.560562 0.550594 0.554609 0.526781 0.535266 0.520828
0 0.711125 0.410828 0.689781 0.442078 0.676641 0.482141 0.664734 0.534219 0.660266 0.580359 0.687047 0.627969 0.725750 0.614578 0.722766 0.568453 0.722766 0.523813 0.730203 0.495531 0.742109 0.473219 0.755500 0.458328 0.777828 0.438984 0.788250 0.421125 0.779312 0.416672 0.759969 0.410719 0.743594 0.410719
0 0.736156 0.569937 0.724250 0.626484 0.713844 0.654766 0.727234 0.696422 0.749547 0.715781 0.800156 0.781250 0.843297 0.843750 0.886438 0.864328 0.911578 0.830797 0.896875 0.782734 0.828422 0.709828 0.813547 0.657734 0.800156 0.622031 0.785266 0.595234 0.771875 0.577375 0.748062 0.559531
0 0.677781 0.799312 0.669438 0.857641 0.652828 0.910719 0.637953 0.941969 0.623062 0.985125 0.623844 0.998437 0.694144 0.998437 0.698953 0.968750 0.713844 0.938984 0.740625 0.870531 0.740625 0.837797 0.740625 0.811016 0.734672 0.785719 0.718297 0.778281 0.706250 0.781937
0 0.410266 0.851187 0.398359 0.885422 0.405797 0.931547 0.413250 0.986609 0.416338 0.998437 0.493530 0.998437 0.490625 0.961313 0.480203 0.940469 0.460859 0.883922 0.454703 0.852359 0.431875 0.837438
0 0.911750 0.846719 0.884969 0.872031 0.877531 0.907734 0.910266 0.912203 0.956406 0.916672 0.978719 0.938984 0.998437 0.963095 0.998437 0.872469 0.995094 0.867563 0.974250 0.851187 0.956406 0.848219 0.940031 0.845234 0.929609 0.845234
0 0.684078 0.273813 0.746188 0.253047 0.773359 0.235125 0.819500 0.220234 0.830031 0.219516 0.871578 0.202375 0.914641 0.194359 0.928125 0.188984 0.990625 0.159219 0.992109 0.138391 0.966547 0.121703 0.946922 0.118562 0.907656 0.124063 0.865625 0.135422 0.829906 0.142859 0.773359 0.156250 0.737656 0.169641 0.713844 0.194938 0.687047 0.217266 0.643906 0.244047 0.658781 0.278281
0 0.942703 0.226297 0.948656 0.264984 0.915297 0.301406 0.892250 0.349219 0.904016 0.387000 0.911453 0.410813 0.941219 0.458437 0.998437 0.488382 0.998437 0.402425 0.977000 0.384484 0.973953 0.358734 0.975453 0.320047 0.993297 0.291766 0.998437 0.274368 0.998437 0.250861 0.993297 0.218844 0.975453 0.215875 0.962047 0.215875
0 0.923656 0.441969 0.914641 0.468750 0.920687 0.492563 0.916219 0.516375 0.926641 0.537203 0.922172 0.568453 0.922172 0.592266 0.910266 0.644344 0.910266 0.683031 0.914734 0.718750 0.941516 0.717266 0.964937 0.703500 0.969797 0.680063 0.974250 0.630953 0.987813 0.580797 0.993141 0.525922 0.984000 0.486281 0.980203 0.480656 0.928125 0.458328 0.926062 0.451219
0 0.800156 0.500000 0.789734 0.549109 0.803125 0.581844 0.804641 0.609094 0.825453 0.666672 0.834609 0.705031 0.873062 0.757437 0.919203 0.770828 0.998437 0.766659 0.998437 0.699303 0.999547 0.699406 0.959375 0.715781 0.925156 0.717266 0.907297 0.714281 0.905797 0.693453 0.890922 0.663687 0.882000 0.639875 0.874547 0.592266 0.864141 0.568453 0.855203 0.534219 0.846281 0.495531 0.837344 0.491078
1 0.770172 0.254875 0.792328 0.236031 0.816719 0.227172 0.834437 0.233828 0.847734 0.208328 0.858828 0.211656 0.878766 0.203906 0.904250 0.207219 0.906469 0.200578 0.937500 0.212766 0.926422 0.240469 0.945250 0.247125 0.930844 0.278141 0.924203 0.291438 0.906469 0.294766 0.910906 0.311391 0.898719 0.330234 0.905359 0.340203 0.883203 0.351281 0.890953 0.371234 0.900938 0.400047 0.883203 0.414453 0.857719 0.438828 0.843313 0.480938 0.836656 0.494234 0.808953 0.500891 0.797875 0.516406 0.793438 0.534125 0.782359 0.552969 0.782359 0.503109 0.791219 0.487594 0.801203 0.459891 0.796766 0.416672 0.800094 0.349062 0.789000 0.302531 0.780141 0.289234 0.771281 0.268172
1 0.137406 0.743578 0.127438 0.764625 0.119687 0.775703 0.119687 0.803406 0.091984 0.820031 0.120781 0.836656 0.113031 0.873234 0.154031 0.927531 0.177313 0.941938 0.210547 0.967422 0.230500 0.980719 0.243797 0.995125 0.251547 0.985156 0.254875 0.944156 0.248234 0.914234 0.226062 0.886531 0.208328 0.855500 0.196141 0.826688 0.181734 0.807844 0.171766 0.786797 0.161797 0.777922 0.150703 0.770172 0.148500 0.760188
1 0.136297 0.569594 0.145172 0.592859 0.161797 0.602844 0.165109 0.619453 0.166219 0.630547 0.186172 0.639406 0.216094 0.654922 0.231609 0.634969 0.246016 0.644953 0.259313 0.654922 0.277031 0.662672 0.277031 0.685953 0.287016 0.694813 0.311391 0.700359 0.319156 0.689266 0.314719 0.672656 0.304750 0.663781 0.290344 0.660469 0.290344 0.643844 0.281469 0.631656 0.247125 0.617250 0.216094 0.599516 0.200578 0.584000 0.180625 0.578453 0.158469 0.566266 0.148500 0.566266
0 0.281766 0.935781 0.318781 0.995422 0.320227 0.998437 0.392605 0.998437 0.384594 0.966625 0.341406 0.896703 0.292047 0.892594