0 0.063000 0.005047 0.073078 0.025203 0.089469 0.068047 0.105844 0.099547 0.126016 0.120969 0.151203 0.138609 0.173891 0.138609 0.177672 0.117188 0.165078 0.089469 0.142391 0.079391 0.123484 0.056703 0.110891 0.028984 0.103328 0.011344 0.095766 0.000000
0 0.244453 0.003781 0.245719 0.013859 0.253281 0.030234 0.240672 0.059219 0.231859 0.085687 0.221781 0.103328 0.241937 0.113406 0.262094 0.112141 0.265875 0.079391 0.277219 0.051656 0.283516 0.027719 0.278484 0.005047 0.263359 0.003781
0 0.323437 0.000000 0.359125 0.011344 0.376766 0.023938 0.384328 0.056703 0.384328 0.083172 0.405750 0.086953 0.419609 0.070563 0.420859 0.051656 0.412047 0.017641 0.407000 0.003781
0 0.459922 0.003781 0.471266 0.016375 0.477578 0.037797 0.481344 0.056703 0.495219 0.061750 0.502766 0.037797 0.506547 0.016375 0.506547 0.007562 0.501516 0.001266 0.482609 0.000000
0 0.100812 0.157516 0.095766 0.176406 0.094500 0.194047 0.095766 0.225547 0.097031 0.259578 0.093250 0.296125 0.103328 0.318797 0.119703 0.345266 0.139875 0.345266 0.152469 0.320063 0.143656 0.293594 0.136094 0.260844 0.139875 0.221781 0.134828 0.191531 0.120969 0.168844
0 0.189016 0.315016 0.215469 0.296125 0.228078 0.292344 0.236891 0.259578 0.244453 0.239422 0.249500 0.202875 0.254531 0.192797 0.273438 0.186484 0.292344 0.194047 0.283516 0.228078 0.270922 0.265875 0.270922 0.292344 0.246969 0.311234 0.230594 0.328875 0.210437 0.330141 0.197828 0.337703
0 0.307453 0.094500 0.340219 0.090719 0.388109 0.102062 0.423391 0.108359 0.453625 0.127266 0.480094 0.147422 0.491437 0.170109 0.485125 0.186484 0.458672 0.185234 0.438516 0.166328 0.414563 0.149953 0.390625 0.141125 0.364156 0.142391 0.330141 0.144906 0.307453 0.139875 0.301156 0.117188
0 0.378031 0.151203 0.372984 0.178937 0.375500 0.207906 0.388109 0.230594 0.404484 0.244453 0.432203 0.268391 0.462453 0.298641 0.488906 0.316281 0.515375 0.312500 0.511594 0.286031 0.485125 0.265875 0.464969 0.240672 0.443547 0.225547 0.424641 0.204141 0.418344 0.185234 0.414563 0.166328 0.396922 0.152469
0 0.480094 0.220516 0.501516 0.202875 0.526719 0.189016 0.554437 0.182719 0.594766 0.180188 0.613656 0.194047 0.632562 0.214219 0.655234 0.235641 0.667844 0.243203 0.662797 0.259578 0.646422 0.268391 0.612844 0.264781 0.588453 0.233109 0.575859 0.225547 0.554437 0.229328 0.530500 0.228078 0.516641 0.231859 0.496469 0.235641
0 0.613656 0.342734 0.588453 0.342734 0.553172 0.359125 0.529234 0.366687 0.509078 0.386844 0.490172 0.409531 0.487656 0.427172 0.505297 0.439766 0.533016 0.420859 0.555703 0.400703 0.569562 0.385578 0.606094 0.384328 0.618703 0.375500 0.626266 0.355344
0 0.091984 0.361641 0.084422 0.388109 0.093250 0.418344 0.100812 0.439766 0.108359 0.482609 0.113406 0.506547 0.118453 0.531750 0.129781 0.567031 0.152469 0.549391 0.149953 0.509078 0.146172 0.466234 0.141125 0.430953 0.136094 0.403219 0.119703 0.371719 0.112141 0.362906
0 0.005047 0.315016 0.020156 0.349047 0.025203 0.393141 0.031500 0.423391 0.037797 0.446063 0.059219 0.466234 0.060484 0.483875 0.049141 0.496469 0.034016 0.498984 0.015125 0.483875 0.000000 0.451109 0.002516 0.393141 0.001266 0.338969
0 0.003781 0.540578 0.045359 0.539313 0.071828 0.545609 0.090719 0.558219 0.083172 0.578375 0.061750 0.583422 0.034016 0.583422 0.002516 0.582156
0 0.105844 0.590984 0.098281 0.607359 0.103328 0.635078 0.103328 0.664062 0.091984 0.694297 0.074344 0.749750 0.075609 0.785031 0.090719 0.797625 0.109625 0.786297 0.114672 0.759828 0.124750 0.722031 0.133563 0.684219 0.146172 0.647687 0.132312 0.622484 0.133563 0.599797 0.122234 0.584672
0 0.635078 0.115922 0.661547 0.095766 0.690531 0.084422 0.723281 0.083172 0.754781 0.074344 0.783766 0.074344 0.800156 0.079391 0.786297 0.104594 0.742188 0.126016 0.694297 0.138609 0.669109 0.156250 0.650203 0.166328 0.631297 0.153734 0.633828 0.131047
0 0.840469 0.084422 0.861891 0.081906 0.880797 0.090719 0.877016 0.119703 0.855594 0.133563 0.825359 0.137344 0.801406 0.156250 0.779984 0.172625 0.764875 0.187750 0.740922 0.192797 0.738406 0.167594 0.759828 0.144906 0.785031 0.124750 0.802672 0.102062 0.824094 0.089469
0 0.806453 0.002516 0.782516 0.012594 0.759828 0.017641 0.742188 0.025203 0.734625 0.050406 0.758563 0.060484 0.788812 0.050406 0.827875 0.030234 0.848031 0.005047 0.832906 0.002516
0 0.884578 0.002516 0.870719 0.017641 0.848031 0.046625 0.835437 0.065531 0.837953 0.073078 0.864422 0.069297 0.889609 0.047891 0.904734 0.032766 0.919859 0.006297
0 0.701859 0.258313 0.676656 0.262094 0.655234 0.269656 0.632562 0.283516 0.622484 0.309984 0.626266 0.332656 0.628781 0.341484 0.628781 0.369203 0.633828 0.394406 0.640125 0.409531 0.652719 0.388109 0.661547 0.367937 0.661547 0.345266 0.659016 0.322578 0.677922 0.309984 0.701859 0.296125 0.719500 0.287297 0.715719 0.263359
0 0.714469 0.257063 0.716984 0.236891 0.732109 0.220516 0.748484 0.225547 0.758563 0.236891 0.748484 0.259578 0.738406 0.278484 0.728328 0.303672 0.719500 0.332656 0.713203 0.362906 0.713203 0.389359 0.713203 0.404484 0.696828 0.409531 0.684219 0.388109 0.680438 0.355344 0.680438 0.323844 0.694297 0.306203 0.714469 0.296125 0.722031 0.281000
0 0.786297 0.239422 0.776203 0.267141 0.772422 0.312500 0.774953 0.337703 0.777469 0.365422 0.778734 0.391891 0.795109 0.407000 0.814016 0.396922 0.814016 0.349047 0.808969 0.308719 0.819047 0.275953 0.816531 0.244453 0.806453 0.233109
0 0.870719 0.138609 0.836688 0.154984 0.808969 0.182719 0.782516 0.211687 0.771172 0.240672 0.768656 0.257063 0.779984 0.240672 0.800156 0.225547 0.817797 0.228078 0.839219 0.210437 0.860641 0.191531 0.877016 0.181453 0.890875 0.160031 0.887094 0.143656
0 0.839219 0.279734 0.853078 0.259578 0.873234 0.234375 0.882062 0.214219 0.895922 0.181453 0.902219 0.152469 0.922375 0.136094 0.937500 0.131047 0.946328 0.131047 0.956406 0.143656 0.953875 0.162547 0.936234 0.190266 0.916078 0.226813 0.903484 0.255797 0.892141 0.267141 0.871969 0.270922 0.864422 0.288562
0 0.928672 0.241937 0.941281 0.215469 0.956406 0.186484 0.962703 0.160031 0.982859 0.128531 0.998437 0.107717 0.998437 0.203479 0.990422 0.235641 0.970266 0.270922 0.945063 0.279734 0.926156 0.264609
0 0.990422 0.259578 0.998437 0.281920 0.998437 0.381372 0.992938 0.394406 0.972781 0.434734 0.956406 0.458672 0.936234 0.473797 0.921125 0.463703 0.931203 0.420859 0.951359 0.385578 0.972781 0.354078 0.979078 0.337703 0.976562 0.311234 0.976562 0.283516 0.972781 0.268391
0 0.754781 0.560734 0.782516 0.548141 0.805188 0.527969 0.832906 0.505297 0.850547 0.476312 0.868203 0.462453 0.889609 0.444812 0.911031 0.457406 0.889609 0.483875 0.873234 0.515375 0.837953 0.549391 0.810234 0.573344 0.785031 0.589719 0.752266 0.578375
0 0.855594 0.565781 0.885844 0.578375 0.912297 0.597281 0.933719 0.598531 0.960187 0.589719 0.975297 0.587203 0.985391 0.614922 0.966484 0.628781 0.927422 0.633828 0.882062 0.631297 0.846781 0.598531 0.837953 0.569562
0 0.966484 0.481344 0.951359 0.501516 0.945063 0.531750 0.946328 0.560734 0.955141 0.579641 0.976562 0.583422 0.998437 0.588543 0.998437 0.548012 0.985391 0.544359 0.984125 0.526719 0.991687 0.490172
0 0.998437 0.779399 0.985391 0.798891 0.977828 0.821578 0.965219 0.843000 0.946328 0.864422 0.946328 0.894656 0.951359 0.911031 0.966484 0.913562 0.977828 0.904734 0.998437 0.902404
0 0.919859 0.638859 0.895922 0.651469 0.870625 0.672578 0.842984 0.689937 0.819047 0.720766 0.808969 0.745969 0.803937 0.764875 0.806453 0.783766 0.829141 0.764875 0.861891 0.749750 0.878281 0.719500 0.892141 0.698078 0.924906 0.694297 0.950094 0.685484 0.957656 0.665328 0.948844 0.642641 0.939422 0.636578
0 0.688000 0.632562 0.716984 0.628781 0.748484 0.662797 0.764875 0.696828 0.782516 0.748484 0.803937 0.783766 0.805188 0.817797 0.791328 0.834172 0.758563 0.826609 0.747234 0.790078 0.729594 0.748484 0.723281 0.715719 0.714469 0.688000 0.694297 0.652719
0 0.530500 0.598531 0.550656 0.573344 0.580891 0.540578 0.609875 0.533016 0.640125 0.538047 0.661547 0.562000 0.677922 0.609875 0.664062 0.638859 0.655234 0.651469 0.627516 0.627516 0.619953 0.583422 0.602313 0.584672 0.575859 0.607359 0.551922 0.633828 0.533016 0.643906 0.527969 0.613656
0 0.582156 0.628781 0.602313 0.647687 0.625000 0.679188 0.652719 0.696828 0.677922 0.711953 0.694297 0.711953 0.704391 0.700609 0.716984 0.704391 0.723281 0.729594 0.713203 0.752266 0.686750 0.763609 0.656500 0.758563 0.631297 0.735891 0.604844 0.713203 0.580891 0.689266 0.564516 0.674141 0.554437 0.648937 0.563250 0.633828
0 0.541828 0.676656 0.538047 0.690531 0.551922 0.716984 0.564516 0.735891 0.558219 0.761094 0.534281 0.797625 0.538047 0.822828 0.562000 0.830391 0.578375 0.812750 0.594766 0.781250 0.597281 0.744703 0.590984 0.714469 0.574594 0.690531 0.560734 0.681703
0 0.814016 0.815266 0.841734 0.806453 0.863156 0.791328 0.880797 0.773688 0.906000 0.758563 0.929937 0.745969 0.957656 0.744703 0.963969 0.761094 0.960187 0.777469 0.950094 0.785031 0.917344 0.796375 0.895922 0.816531 0.875750 0.835437 0.853078 0.859375 0.817797 0.861891 0.790078 0.860641 0.786297 0.840469
0 0.470016 0.622484 0.477578 0.616172 0.500250 0.618563 0.498984 0.648937 0.504031 0.680438 0.501516 0.703125 0.509078 0.738406 0.509078 0.774953 0.514109 0.806453 0.511594 0.825359 0.495219 0.836688 0.470016 0.836688 0.468750 0.815266 0.463703 0.787547 0.470016 0.758563 0.464969 0.734625 0.464969 0.708172 0.467484 0.688000 0.471266 0.661547 0.473797 0.640125
0 0.439766 0.630047 0.420859 0.645156 0.420859 0.681703 0.405750 0.725812 0.400703 0.757313 0.401969 0.778734 0.408266 0.795109 0.429688 0.791328 0.441031 0.766125 0.447328 0.730844 0.454891 0.704391 0.468750 0.672891 0.473797 0.646422 0.466234 0.633828
0 0.381797 0.761703 0.381797 0.771781 0.388109 0.784391 0.414563 0.794469 0.448594 0.799516 0.458672 0.799516 0.462453 0.810844 0.465531 0.824969 0.446891 0.839125 0.415828 0.839828 0.396922 0.827234 0.383062 0.825969 0.367937 0.812109 0.354078 0.788172 0.359125 0.755406 0.374250 0.751625
0 0.283516 0.825359 0.313766 0.853078 0.328875 0.873234 0.349047 0.887094 0.349047 0.909781 0.359125 0.928672 0.372984 0.965219 0.370469 0.990422 0.344000 0.982859 0.323844 0.967734 0.309984 0.926156 0.294859 0.900953 0.281000 0.874500 0.263359 0.851812 0.263359 0.836688
0 0.144906 0.803937 0.126016 0.819047 0.117188 0.845516 0.119703 0.871969 0.122234 0.895922 0.118453 0.928672 0.128531 0.975297 0.149953 0.985391 0.168844 0.986641 0.160031 0.950094 0.162547 0.913562 0.157516 0.877016 0.175156 0.846781 0.166328 0.819047 0.161297 0.802672
0 0.246969 0.793844 0.212953 0.805188 0.181453 0.820312 0.171375 0.829141 0.168844 0.863156 0.165078 0.885844 0.166328 0.904734 0.167594 0.927422 0.167594 0.937500 0.182719 0.916078 0.181453 0.868203 0.194047 0.853078 0.211687 0.839219 0.234375 0.835437 0.257063 0.835437 0.268391 0.827875 0.263359 0.806453
0 0.001266 0.941281 0.017641 0.932453 0.055437 0.941281 0.086953 0.961438 0.109625 0.981609 0.111558 0.998437 0.057374 0.998437 0.040328 0.985391 0.027719 0.974047 0.003781 0.980344 0.007562 0.958922
0 0.517891 0.927422 0.541828 0.914813 0.584672 0.916078 0.611141 0.934984 0.611141 0.986641 0.605518 0.998437 0.556882 0.998437 0.564516 0.986641 0.575859 0.965219 0.572078 0.955141 0.546875 0.956406 0.529234 0.963969 0.516641 0.945063
0 0.430953 0.903484 0.418344 0.931203 0.398188 0.975297 0.401988 0.998437 0.434916 0.998437 0.433469 0.991687 0.441031 0.966484 0.456156 0.945063 0.470016 0.923641 0.458672 0.903484 0.444812 0.900953
0 0.708172 0.946328 0.682969 0.942547 0.660281 0.955141 0.628781 0.986641 0.623675 0.998437 0.654776 0.998437 0.655234 0.991687 0.675406 0.976562 0.704391 0.985391 0.720437 0.980531 0.720766 0.958922
0 0.869453 0.932453 0.885844 0.951359 0.895922 0.971516 0.924906 0.999250 0.950094 0.995469 0.962456 0.998437 0.871501 0.998437 0.865672 0.995469 0.856859 0.974047 0.848031 0.950094 0.853078 0.937500
0 0.911031 0.808969 0.895922 0.832906 0.895922 0.861891 0.898438 0.902219 0.909781 0.940016 0.909781 0.963969 0.923641 0.979078 0.937500 0.982859 0.948844 0.950094 0.943797 0.909781 0.934984 0.874500 0.947578 0.851812 0.948844 0.816531 0.934984 0.803937 0.923641 0.801406
0 0.835437 0.866938 0.821578 0.892141 0.806453 0.907266 0.801406 0.937500 0.803937 0.967734 0.832906 0.965219 0.851812 0.924906 0.869453 0.894656 0.877016 0.850547 0.854328 0.863156
0 0.956453 0.000000 0.952672 0.009875 0.976609 0.026250 0.995516 0.025000 0.998437 0.020516 0.998437 0.003583 0.985437 0.001047
1 0.348469 0.205703 0.321500 0.225937 0.331609 0.275406 0.359719 0.292266 0.367578 0.345094 0.318125 0.357469 0.351844 0.410297 0.368703 0.419297 0.400188 0.368703 0.435031 0.348469 0.433906 0.330484 0.424906 0.303500 0.437281 0.284391 0.420406 0.265281 0.404672 0.249547 0.379953 0.233812 0.367578 0.211328 0.373203 0.175359 0.358594 0.192219
1 0.360844 0.433906 0.359719 0.499094 0.356344 0.551937 0.347344 0.584531 0.350719 0.617125 0.351844 0.631750 0.352969 0.664344 0.355219 0.682328 0.340609 0.694688 0.366453 0.702562 0.377703 0.739656 0.382188 0.747531 0.397937 0.735156 0.400188 0.709313 0.409172 0.696937 0.423781 0.651984 0.421531 0.620500 0.420406 0.585656 0.410297 0.553063 0.424906 0.522703 0.431656 0.502469 0.417047 0.464250 0.390062 0.437281
1 0.675531 0.540797 0.683938 0.570734 0.681141 0.625938 0.678328 0.659625 0.670844 0.670844 0.662422 0.697984 0.675531 0.710141 0.691422 0.716688 0.704531 0.696109 0.699844 0.681141 0.691422 0.655875 0.688625 0.633422 0.707328 0.626875 0.722312 0.636234 0.735406 0.648391 0.745703 0.628750 0.749437 0.612844 0.754109 0.592250 0.747563 0.579156 0.735406 0.565125 0.721375 0.550156 0.705469 0.539859 0.687688 0.533312
1 0.149422 0.712094 0.123797 0.789781 0.098188 0.796625 0.086234 0.806016 0.087938 0.819672 0.107578 0.823938 0.132344 0.811141 0.147719 0.802594 0.163078 0.803453 0.175031 0.809422 0.169906 0.790641 0.184422 0.772719 0.184422 0.758203 0.163078 0.741125
1 0.028703 0.030297 0.024719 0.066969 0.051016 0.093266 0.078125 0.137125 0.066172 0.176187 0.072547 0.241547 0.090875 0.260688 0.094063 0.236766 0.092469 0.182563 0.102047 0.162625 0.121172 0.166609 0.141906 0.194516 0.153062 0.184156 0.145094 0.170594 0.128344 0.161828 0.117188 0.122766 0.102047 0.102047 0.089281 0.074938 0.075734 0.048625 0.062984 0.031891 0.049422 0.044641 0.041453 0.030297
0 0.629531 0.473438 0.658687 0.512891 0.705000 0.535187 0.739313 0.560906 0.758172 0.603797 0.782188 0.643250 0.821641 0.631234 0.802781 0.593500 0.766750 0.530031 0.706719 0.507734 0.675844 0.478578 0.656969 0.454563
0 0.745688 0.296609 0.782625 0.315672 0.821922 0.321625 0.858859 0.339484 0.898172 0.356172 0.926750 0.346641 0.929141 0.319234 0.882672 0.294219 0.835031 0.287078 0.763563 0.272781 0.730203 0.272781
0 0.759031 0.008578 0.699000 0.058609 0.686125 0.092906 0.633234 0.134375 0.600359 0.158672 0.560344 0.165813 0.521750 0.162953 0.518891 0.147234 0.584641 0.128656 0.637531 0.090063 0.684703 0.022875 0.709000 0.008578
0 0.653250 0.008578 0.671844 0.052891 0.697562 0.127219 0.711859 0.175828 0.700422 0.214422 0.663266 0.215844 0.651828 0.154375 0.630391 0.080047 0.614656 0.042891 0.621812 0.002859