0 0.287844 0.066891 0.269531 0.140141 0.263422 0.226812 0.269531 0.301875 0.260375 0.400750 0.240844 0.448359 0.220703 0.467891 0.202391 0.425781 0.209719 0.384281 0.210328 0.318969 0.199344 0.230469 0.205438 0.135859 0.217656 0.062625 0.239016 0.016844 0.266484 0.007078 0.284797 0.040656
0 0.292109 0.047359 0.295781 0.106563 0.298219 0.190797 0.292719 0.248172 0.274406 0.289672 0.269531 0.293938 0.266484 0.184688 0.276859 0.124875 0.287844 0.071781
0 0.361078 0.071172 0.361078 0.127937 0.348875 0.196281 0.338500 0.274406 0.309203 0.353766 0.280516 0.412969 0.268313 0.422125 0.257328 0.417844 0.264656 0.347656 0.266484 0.285406 0.295172 0.262203 0.301266 0.195063 0.307984 0.127937 0.304328 0.079094 0.318359 0.049812 0.333625 0.041266 0.348875 0.041266
0 0.714547 0.434812 0.723797 0.499500 0.711188 0.549906 0.683469 0.608703 0.670859 0.646500 0.669187 0.688516 0.681781 0.744797 0.687672 0.814516 0.681781 0.845594 0.666672 0.860719 0.643984 0.869125 0.631391 0.864922 0.631391 0.838031 0.628859 0.804437 0.618781 0.747312 0.618781 0.699422 0.616266 0.633906 0.620469 0.600297 0.645672 0.565016 0.651547 0.523016 0.664141 0.486891 0.668344 0.432297 0.693547 0.418016
0 0.586859 0.291156 0.616266 0.335688 0.634750 0.405406 0.624656 0.457500 0.610391 0.499500 0.595266 0.543172 0.576781 0.568375 0.544859 0.597781 0.522172 0.618781 0.488578 0.633906 0.452453 0.639781 0.442375 0.633906 0.433969 0.621297 0.429766 0.591906 0.462531 0.570906 0.490250 0.549906 0.512937 0.535625 0.533938 0.512094 0.542344 0.481016 0.553266 0.436484 0.559141 0.418016 0.559141 0.369281 0.561656 0.348281 0.561656 0.314687 0.570063 0.293688
0 0.591062 0.134078 0.627188 0.205484 0.693547 0.243281 0.767469 0.255875 0.794359 0.278562 0.796875 0.303766 0.753187 0.310484 0.704469 0.297891 0.660781 0.287797 0.622984 0.275203 0.591062 0.245797 0.559984 0.188672 0.538984 0.136594 0.550734 0.115594 0.574266 0.125672
0 0.205641 0.379031 0.208672 0.442547 0.218750 0.508062 0.225812 0.563516 0.243953 0.610891 0.276203 0.656250 0.329641 0.674391 0.359875 0.689516 0.395156 0.712703 0.410281 0.729844 0.410281 0.760078 0.393141 0.767141 0.367938 0.772172 0.324594 0.755047 0.277219 0.732859 0.236891 0.709672 0.188516 0.662297 0.163312 0.618953 0.153219 0.578625 0.143141 0.521172 0.136094 0.460688 0.133062 0.387094 0.133062 0.364922 0.155234 0.351812 0.185484 0.356859
0 0.000000 0.847031 0.000000 0.913715 0.032266 0.891125 0.072578 0.833672 0.082656 0.793344 0.080641 0.744953 0.070562 0.707656 0.050406 0.686484 0.017141 0.696578 0.017141 0.729844 0.017141 0.757062 0.019156 0.775203 0.044359 0.790328 0.037297 0.822578 0.002016 0.850812
0 0.959359 0.370781 0.988109 0.337234 0.995781 0.274922 0.983328 0.220281 0.965109 0.186734 0.898000 0.131141 0.845281 0.114844 0.806938 0.088000 0.736969 0.080328 0.713000 0.092797 0.706281 0.107172 0.713000 0.126344 0.741750 0.138797 0.765719 0.142641 0.810781 0.164687 0.847203 0.195359 0.887469 0.210703 0.911422 0.227000 0.925812 0.257672 0.921969 0.303687 0.907594 0.324766 0.899922 0.370781 0.911422 0.394750 0.933469 0.401453 0.947859 0.392828
1 0.083961 0.000000 0.087453 0.023484 0.095844 0.079063 0.096891 0.136750 0.114719 0.187078 0.104234 0.229031 0.128359 0.262578 0.130453 0.295094 0.118922 0.354859 0.127313 0.378984 0.153531 0.355922 0.177641 0.353813 0.192328 0.356969 0.211203 0.339141 0.209109 0.321313 0.193375 0.315016 0.205953 0.294047 0.190219 0.283563 0.199672 0.256297 0.201766 0.241609 0.184984 0.235313 0.197563 0.191281 0.175547 0.133594 0.168203 0.102141 0.174500 0.053906 0.195469 0.024531 0.196189 0.000000
1 0.149328 0.649531 0.138844 0.664219 0.146187 0.689391 0.137797 0.716656 0.154578 0.735531 0.200719 0.729234 0.219594 0.750203 0.220641 0.774328 0.198609 0.804734 0.189172 0.843547 0.181844 0.878141 0.177641 0.898078 0.199672 0.933719 0.212250 0.957844 0.213297 0.995594 0.215315 0.998437 0.294115 0.998437 0.294047 0.999797 0.288797 0.985109 0.277266 0.969375 0.265734 0.953656 0.267828 0.937922 0.283563 0.905406 0.301391 0.912750 0.331797 0.927437 0.316062 0.888625 0.305578 0.857172 0.318156 0.811031 0.298234 0.791109 0.280406 0.750203 0.268875 0.735531 0.225875 0.718750 0.212250 0.701969 0.199672 0.678906 0.194422 0.664219 0.173453 0.649531 0.162969 0.646391
1 0.451344 0.513219 0.470219 0.474406 0.499578 0.445047 0.518453 0.433516 0.504828 0.407297 0.474406 0.399953 0.450297 0.391563 0.429328 0.408344 0.392625 0.427219 0.388422 0.391563 0.453438 0.303484 0.488047 0.251047 0.521609 0.170297 0.529984 0.130453 0.503781 0.113672 0.492234 0.072781 0.528937 0.060187 0.520547 0.045516 0.528937 0.026641 0.558313 0.014047 0.575078 0.022438 0.585578 0.048656 0.604453 0.117875 0.617031 0.129406 0.634859 0.147234 0.646391 0.165062 0.653734 0.179734 0.641156 0.190219 0.630656 0.198609 0.623328 0.192328 0.615984 0.183938 0.606547 0.171344 0.598156 0.149328 0.592906 0.137797 0.580328 0.126266 0.564594 0.122063 0.544672 0.127313 0.537328 0.146187 0.546766 0.160859 0.568797 0.196516 0.561453 0.200719 0.560406 0.207000 0.587672 0.231125 0.576125 0.272016 0.557250 0.297188 0.533141 0.329703 0.522656 0.355922 0.560406 0.361156 0.565641 0.377937 0.559359 0.385281 0.564594 0.403109 0.556203 0.419875 0.552016 0.430375 0.562500 0.433516 0.554109 0.445047 0.547813 0.467078 0.545719 0.479656 0.537328 0.503781 0.533141 0.512172 0.519500 0.525797 0.509016 0.544672 0.496438 0.550969 0.483844 0.556203 0.474406 0.562500 0.463922 0.552016 0.450297 0.544672 0.446094 0.536281
0 0.488625 0.400016 0.435453 0.402547 0.349375 0.493688 0.356969 0.625328 0.359500 0.681031 0.362031 0.797484 0.402547 0.810141 0.402547 0.670906 0.412672 0.521531 0.503813 0.430391