0 0.051609 0.000000 0.074547 0.025797 0.098906 0.064500 0.127578 0.084578 0.143344 0.111813 0.126141 0.130453 0.090312 0.098906 0.057344 0.067375 0.038703 0.047313 0.015766 0.030109 0.001437 0.002859
0 0.078844 0.000000 0.097484 0.020063 0.127578 0.040141 0.149078 0.060203 0.177750 0.077406 0.204984 0.086016 0.223625 0.064500 0.204984 0.048734 0.177750 0.028672 0.157688 0.012906 0.140484 0.000000 0.108937 0.001437
0 0.325406 0.000000 0.322531 0.031531 0.313937 0.074547 0.321094 0.104641 0.351203 0.134750 0.384172 0.176313 0.412844 0.163422 0.401375 0.131875 0.384172 0.114672 0.372703 0.093172 0.361234 0.068812 0.364109 0.045875 0.364109 0.018641 0.364109 0.002859
0 0.007172 0.054469 0.025797 0.068812 0.050172 0.094609 0.067375 0.107516 0.104641 0.141922 0.113250 0.172016 0.097484 0.177750 0.067375 0.147656 0.030109 0.129016 0.005734 0.110375 0.002859 0.107516 0.000000 0.075969
0 0.134750 0.130453 0.129016 0.164844 0.117547 0.194953 0.117547 0.223625 0.111813 0.260891 0.116109 0.291000 0.116109 0.319672 0.127578 0.355500 0.139047 0.371266 0.159109 0.359812 0.159109 0.321094 0.157688 0.282391 0.157688 0.246563 0.157688 0.209281 0.159109 0.177750 0.167719 0.143344 0.161984 0.121844
0 0.176313 0.130453 0.203563 0.130453 0.223625 0.143344 0.242266 0.190656 0.260891 0.229359 0.269500 0.276656 0.260891 0.321094 0.245125 0.362672 0.227922 0.397078 0.199250 0.422875 0.182047 0.407109 0.196391 0.365531 0.217891 0.315359 0.217891 0.269500 0.212156 0.235094 0.203563 0.202125 0.186359 0.176313 0.166281 0.153391
0 0.450109 0.002859 0.474484 0.022937 0.497422 0.032969 0.527516 0.032969 0.537563 0.025797 0.551891 0.002859 0.498859 0.000000
0 0.561922 0.002859 0.590594 0.025797 0.622141 0.035844 0.657969 0.051609 0.686641 0.055906 0.703844 0.038703 0.698109 0.022937 0.673734 0.012906 0.653672 0.004297 0.623563 0.002859 0.594891 0.001437
0 0.487391 0.051609 0.500281 0.087438 0.521781 0.116109 0.530391 0.151953 0.551891 0.206422 0.571969 0.235094 0.582000 0.276656 0.582000 0.323969 0.599203 0.344031 0.616406 0.325406 0.629297 0.299594 0.626437 0.246563 0.609234 0.213594 0.590594 0.172016 0.569094 0.111813 0.557625 0.068812 0.537563 0.045875 0.510328 0.040141
0 0.678031 0.001437 0.689500 0.015766 0.708141 0.025797 0.709578 0.048734 0.686641 0.058766 0.676609 0.081703 0.662266 0.121844 0.633594 0.147656 0.613531 0.167719 0.603500 0.182047 0.606359 0.202125 0.619266 0.210719 0.646500 0.199250 0.673734 0.163422 0.699547 0.151953 0.719609 0.103219 0.728219 0.070234 0.729641 0.041578 0.721047 0.001437
0 0.834281 0.001437 0.822828 0.014328 0.818516 0.038703 0.831422 0.061641 0.854359 0.047313 0.864391 0.024375 0.873000 0.005734 0.858656 0.001437
0 0.927469 0.192094 0.916000 0.220750 0.917437 0.255156 0.926031 0.309641 0.954703 0.369844 0.976203 0.402813 0.998437 0.430573 0.998437 0.337891 0.984812 0.305328 0.966172 0.273797 0.960437 0.236531 0.959000 0.199250 0.951828 0.189219
0 0.937500 0.060203 0.926031 0.084578 0.920297 0.111813 0.933203 0.150516 0.941797 0.177750 0.963297 0.192094 0.980500 0.216453 0.994844 0.242266 0.998437 0.254303 0.998437 0.169640 0.996266 0.163422 0.960437 0.124719 0.953266 0.093172 0.960437 0.074547
0 0.976203 0.001437 0.967609 0.018641 0.971906 0.050172 0.971906 0.086016 0.979078 0.113250 0.981938 0.143344 0.998437 0.163822 0.998437 0.004297 0.999141 0.004297
0 0.364109 0.243688 0.352641 0.278094 0.348344 0.325406 0.354078 0.374141 0.364109 0.420016 0.381312 0.448688 0.397078 0.484516 0.422875 0.500281 0.437219 0.487391 0.427172 0.461578 0.411406 0.425750 0.388469 0.402813 0.389906 0.365531 0.389906 0.313937 0.388469 0.265188 0.387047 0.248000
0 0.404250 0.366969 0.438641 0.378437 0.464453 0.409984 0.514625 0.414281 0.557625 0.428609 0.606359 0.455844 0.620703 0.478781 0.609234 0.498859 0.587734 0.487391 0.554766 0.464453 0.523219 0.457281 0.494547 0.457281 0.460156 0.437219 0.428609 0.422875 0.407109 0.407109 0.389906 0.384172
0 0.751141 0.329703 0.742547 0.348344 0.752578 0.389906 0.754016 0.420016 0.754016 0.444375 0.743984 0.473047 0.716750 0.491687 0.676609 0.504594 0.652234 0.510328 0.636469 0.523219 0.659406 0.540422 0.696672 0.538984 0.742547 0.526094 0.771219 0.497422 0.792719 0.474484 0.802750 0.434344 0.802750 0.404250 0.786984 0.378437 0.781250 0.351203 0.774078 0.332562
0 0.998437 0.540006 0.979078 0.553328 0.950406 0.583422 0.914563 0.632172 0.888766 0.683766 0.887328 0.732516 0.887328 0.768344 0.893062 0.791281 0.900234 0.814219 0.926031 0.808484 0.928906 0.779813 0.924594 0.738250 0.940359 0.690937 0.959000 0.647938 0.974766 0.630734 0.998437 0.604363
0 0.795578 0.554766 0.828562 0.563359 0.842891 0.589156 0.854359 0.614969 0.854359 0.649375 0.850062 0.695234 0.841453 0.764047 0.837156 0.788422 0.808484 0.791281 0.804187 0.762609 0.798453 0.716750 0.812781 0.670875 0.812781 0.645062 0.808484 0.616406 0.794156 0.597766 0.785547 0.574828
0 0.812781 0.506016 0.792719 0.517484 0.772656 0.544719 0.759750 0.574828 0.743984 0.603500 0.728219 0.645062 0.713875 0.682344 0.715313 0.708141 0.715313 0.733938 0.719609 0.769781 0.741109 0.775516 0.754016 0.741109 0.754016 0.709578 0.766922 0.670875 0.778391 0.626437 0.788422 0.596328 0.784109 0.564797 0.802750 0.551891 0.829984 0.547594 0.840016 0.517484
0 0.508891 0.484516 0.534687 0.494547 0.566234 0.524656 0.592031 0.531828 0.616406 0.536125 0.636469 0.540422 0.656531 0.541859 0.673734 0.549031 0.712437 0.541859 0.733938 0.536125 0.749719 0.541859 0.746844 0.561922 0.736812 0.570531 0.698109 0.571969 0.659406 0.571969 0.617828 0.573391 0.582000 0.569094 0.556187 0.563359 0.523219 0.547594 0.504594 0.531828 0.493125 0.503156
0 0.268062 0.354078 0.295297 0.371266 0.311063 0.397078 0.328266 0.428609 0.355500 0.457281 0.384172 0.485953 0.415719 0.511750 0.460156 0.523219 0.503156 0.541859 0.510328 0.559063 0.498859 0.570531 0.461578 0.563359 0.407109 0.549031 0.364109 0.527516 0.319672 0.497422 0.299594 0.461578 0.266625 0.424312 0.253734 0.392781 0.252297 0.365531
0 0.243688 0.475922 0.242266 0.511750 0.233656 0.531828 0.242266 0.551891 0.266625 0.583422 0.305328 0.632172 0.336875 0.666578 0.358375 0.686641 0.349766 0.712437 0.319672 0.706703 0.270922 0.653672 0.236531 0.620703 0.210719 0.582000 0.193516 0.544719 0.190656 0.506016 0.193516 0.471609 0.223625 0.461578
0 0.064500 0.422875 0.088875 0.422875 0.106078 0.445813 0.108937 0.480219 0.116109 0.531828 0.136187 0.583422 0.146219 0.645062 0.161984 0.683766 0.167719 0.723906 0.140484 0.721047 0.111813 0.695234 0.094609 0.630734 0.086016 0.590594 0.074547 0.550453 0.060203 0.491687 0.053031 0.450109
0 0.563359 0.584859 0.541859 0.610672 0.526094 0.662266 0.518922 0.699547 0.503156 0.735375 0.503156 0.768344 0.506016 0.812781 0.521781 0.841453 0.537563 0.875859 0.564797 0.884469 0.574828 0.854359 0.553328 0.815656 0.551891 0.784109 0.547594 0.768344 0.551891 0.733938 0.566234 0.695234 0.582000 0.659406 0.587734 0.632172 0.592031 0.597766 0.583422 0.586297
0 0.425750 0.690937 0.404250 0.698109 0.391344 0.711016 0.382734 0.735375 0.391344 0.774078 0.398516 0.812781 0.402813 0.850062 0.411406 0.877297 0.437219 0.867266 0.437219 0.834281 0.432906 0.798453 0.428609 0.769781 0.418578 0.732516 0.435781 0.715313 0.444375 0.695234
0 0.209281 0.623563 0.245125 0.646500 0.268062 0.679469 0.298172 0.721047 0.322531 0.761188 0.344031 0.805625 0.361234 0.852922 0.369844 0.904531 0.359812 0.924594 0.326828 0.917437 0.318234 0.865828 0.299594 0.817094 0.278094 0.774078 0.259469 0.743984 0.236531 0.719609 0.215016 0.685203 0.203563 0.657969 0.190656 0.633594
0 0.668000 0.735375 0.659406 0.754016 0.657969 0.802750 0.647938 0.834281 0.627859 0.865828 0.594891 0.894500 0.551891 0.917437 0.533250 0.944672 0.531828 0.971906 0.551891 0.980500 0.569094 0.973344 0.596328 0.947531 0.612094 0.936063 0.650797 0.913125 0.679469 0.873000 0.692375 0.829984 0.705281 0.798453 0.699547 0.741109 0.686641 0.729641
0 0.778391 0.840016 0.764047 0.865828 0.738250 0.894500 0.732516 0.928906 0.732516 0.964734 0.732516 0.996266 0.732826 0.998437 0.768344 0.998437 0.768344 0.993406 0.765484 0.953266 0.765484 0.928906 0.776953 0.887328 0.802750 0.873000 0.804187 0.841453
0 0.927469 0.817094 0.933203 0.861531 0.924594 0.895922 0.910266 0.940359 0.898797 0.973344 0.897390 0.998437 0.934297 0.998437 0.943234 0.967609 0.957563 0.920297 0.967609 0.884469 0.971906 0.851484 0.970469 0.819953 0.957563 0.804187
0 0.805625 0.910266 0.829984 0.941797 0.842891 0.986234 0.838686 0.998437 0.793021 0.998437 0.797016 0.977641 0.792719 0.941797
0 0.454422 0.898797 0.490250 0.927469 0.517484 0.960437 0.537563 0.983375 0.558337 0.998437 0.504603 0.998437 0.497422 0.990531 0.463016 0.966172 0.448688 0.938937 0.430047 0.904531
0 0.008594 0.711016 0.041578 0.723906 0.071672 0.745406 0.117547 0.752578 0.164844 0.762609 0.229359 0.797016 0.245125 0.808484 0.226484 0.818516 0.196391 0.818516 0.151953 0.802750 0.126141 0.786984 0.093172 0.785547 0.037266 0.774078 0.011469 0.758312 0.002859 0.733938
0 0.004297 0.240828 0.014328 0.263766 0.025797 0.285266 0.010031 0.303906 0.001437 0.291000 0.000000 0.268062
1 0.365687 0.006656 0.365812 0.030328 0.370406 0.054234 0.360297 0.069859 0.383266 0.102016 0.405328 0.125922 0.403500 0.076281 0.417281 0.035844 0.420953 0.011953 0.431984 0.000922 0.386031 0.002750
1 0.425547 0.202203 0.409922 0.228859 0.411766 0.255516 0.463234 0.303312 0.522062 0.329969 0.532172 0.306063 0.555141 0.313422 0.565250 0.330875 0.554234 0.347422 0.564344 0.360297 0.605703 0.384188 0.655328 0.417281 0.687500 0.433828 0.704969 0.444859 0.724266 0.443016 0.750000 0.431063 0.753672 0.425547 0.753672 0.405328 0.750000 0.377750 0.737125 0.392469 0.719672 0.396141 0.701281 0.383266 0.686578 0.370406 0.694859 0.355703 0.688422 0.343750 0.682906 0.321688 0.639703 0.310656 0.629594 0.309750 0.623156 0.327203 0.608453 0.345594 0.597422 0.348344 0.582719 0.321688 0.578125 0.283094 0.558828 0.264703 0.528500 0.262875 0.494484 0.256437 0.487125 0.237125 0.491734 0.227016 0.472422 0.216000 0.447609 0.197609 0.436578 0.199453
1 0.758266 0.007359 0.748156 0.022984 0.755516 0.057906 0.781250 0.079047 0.782172 0.109375 0.784922 0.123156 0.795953 0.116734 0.801469 0.140625 0.822609 0.147063 0.824453 0.095594 0.833641 0.062500 0.817094 0.055141 0.812500 0.040438 0.804234 0.029406 0.791359 0.019297 0.801469 0.011031 0.804234 0.002750 0.779406 0.003672
1 0.721500 0.186578 0.752750 0.197609 0.787687 0.170031 0.802391 0.191172 0.819859 0.209563 0.826281 0.235297 0.839156 0.250000 0.838234 0.295031 0.844672 0.331797 0.858453 0.350187 0.879594 0.345594 0.901656 0.335484 0.927391 0.341000 0.931063 0.325375 0.941172 0.343750 0.939344 0.369484 0.920953 0.386953 0.904406 0.392469 0.898891 0.390625 0.898891 0.420953 0.892469 0.426469 0.868563 0.420953 0.851109 0.420031 0.838234 0.418203 0.819859 0.421875 0.802391 0.409922 0.796875 0.399813 0.804234 0.388781 0.796875 0.380516 0.791359 0.374078 0.782172 0.346500 0.781250 0.331797 0.769297 0.322609 0.746328 0.322609 0.739891 0.318016 0.739891 0.290438 0.725187 0.264703 0.732531 0.246328 0.730703 0.223344 0.721500 0.217828 0.717828 0.204969 0.714156 0.193938
1 0.802391 0.475187 0.845594 0.490812 0.854781 0.513781 0.850187 0.520219 0.874078 0.553312 0.887875 0.559750 0.926469 0.534000 0.933828 0.510109 0.934750 0.477938 0.922797 0.452203 0.909000 0.454047 0.897062 0.467828 0.866734 0.471500 0.847422 0.465078 0.830875 0.471500 0.799625 0.465078
1 0.942565 0.998437 0.940844 0.995984 0.948359 0.976766 0.960891 0.940844 0.975094 0.866484 0.986797 0.907422 0.995156 0.977609 0.999927 0.998437
1 0.935219 0.802594 0.955031 0.800313 0.967984 0.810219 0.974844 0.826984 0.972563 0.793438 0.970281 0.769062 0.974844 0.751531 0.970281 0.730187 0.961891 0.703500 0.972563 0.675312 0.951984 0.689031 0.937500 0.714172 0.935219 0.726375 0.942828 0.737047 0.929875 0.746188 0.935219 0.768297 0.932172 0.772859 0.934453 0.794969
1 0.894063 0.897859 0.902437 0.885672 0.904719 0.866609 0.913875 0.849844 0.915391 0.821641 0.925313 0.818594 0.926062 0.842219 0.928359 0.870422 0.928359 0.881859 0.923016 0.894063 0.921500 0.903969 0.911578 0.916922 0.910063 0.938266
1 0.875000 0.679109 0.865094 0.643297 0.901672 0.622719 0.906250 0.589938 0.894812 0.562500 0.929875 0.532781 0.932172 0.512188 0.942828 0.495422 0.957312 0.495422 0.955031 0.505328 0.962656 0.522109 0.941313 0.560219 0.955031 0.568594 0.938266 0.593750 0.924547 0.615859 0.909297 0.632625 0.903203 0.646344 0.891766 0.669203 0.888719 0.686734 0.889484 0.706562 0.880328 0.731703 0.875766 0.698937
1 0.963672 0.213203 0.959828 0.230906 0.964438 0.249391 0.969063 0.254000 0.969063 0.270937 0.975219 0.277094 0.982141 0.297875 0.989844 0.317891 0.996766 0.270937 0.988297 0.245531 0.990609 0.236297 0.973672 0.217828
1 0.945156 0.038906 0.952172 0.029969 0.961734 0.009562 0.964922 0.002547 0.970656 0.005109 0.964922 0.021047 0.969391 0.031891 0.964281 0.040172 0.968109 0.049109 0.967469 0.065047 0.970031 0.073344 0.975125 0.082266 0.974484 0.090563 0.978953 0.100125 0.970656 0.116078 0.964281 0.112875 0.956625 0.105234 0.955359 0.091203 0.961094 0.082906 0.962375 0.073344 0.954719 0.062500 0.953438 0.051656 0.948984 0.046562
0 0.413000 0.646281 0.441563 0.691500 0.478453 0.715313 0.520109 0.728391 0.570109 0.737922 0.602234 0.741484 0.632000 0.752203 0.642703 0.724828 0.601047 0.708172 0.528453 0.697453 0.489172 0.672453 0.460609 0.634375 0.421328 0.629609
0 0.522687 0.601047 0.527656 0.621875 0.596094 0.637750 0.657578 0.625844 0.692297 0.586172 0.681391 0.577250 0.660562 0.576250 0.624844 0.605016 0.578234 0.596094 0.546500 0.595094
0 0.609969 0.523688 0.626828 0.532609 0.663531 0.507812 0.728000 0.487984 0.763703 0.470125 0.830156 0.461203 0.875781 0.470125 0.907516 0.457234 0.897609 0.428469 0.844047 0.423516 0.746844 0.438391 0.687344 0.467156 0.639734 0.486984 0.607984 0.503844