0 0.000000 0.996927 0.013078 0.991281 0.039969 0.977469 0.078484 0.957844 0.094484 0.937500 0.125000 0.927328 0.154063 0.914250 0.158437 0.896797 0.159156 0.877906 0.135906 0.868453 0.101016 0.877188 0.064687 0.893172 0.041422 0.909156 0.037063 0.919328 0.004359 0.946953 0.000000 0.949035
0 0.316859 0.610469 0.288516 0.646078 0.250734 0.670781 0.227469 0.695500 0.179500 0.756547 0.135906 0.814688 0.112641 0.859734 0.073406 0.864828 0.066859 0.841562 0.084297 0.805234 0.098844 0.765984 0.122094 0.734016 0.158437 0.687500 0.200578 0.651156 0.227469 0.624266 0.244906 0.630094 0.263078 0.613375 0.265984 0.600297 0.286344 0.582844 0.329219 0.571219 0.336484 0.589391
0 0.250000 0.344484 0.255813 0.383000 0.255094 0.419328 0.261625 0.469484 0.243453 0.503641 0.242000 0.538516 0.251453 0.572672 0.260906 0.606828 0.255094 0.625734 0.244906 0.630094 0.218750 0.614094 0.201313 0.595938 0.195500 0.577031 0.187500 0.492734 0.191859 0.469484 0.204219 0.382266 0.210750 0.331391 0.235469 0.308141
0 0.551426 0.000000 0.534156 0.030516 0.509453 0.054500 0.478922 0.074859 0.437500 0.103922 0.388813 0.141719 0.353922 0.164969 0.323406 0.188234 0.289969 0.194047 0.260906 0.186047 0.259453 0.154063 0.297969 0.120641 0.350297 0.087203 0.409156 0.055234 0.433141 0.029063 0.472989 0.000000
0 0.556044 0.000000 0.548687 0.012359 0.539969 0.061766 0.516719 0.102469 0.489094 0.122813 0.448406 0.153344 0.398984 0.194047 0.377187 0.218750 0.347391 0.242734 0.362641 0.279797 0.376453 0.290703 0.385172 0.280516 0.404063 0.257266 0.411344 0.248547 0.452766 0.229656 0.501453 0.180234 0.530516 0.162797 0.565406 0.120641 0.608281 0.063234 0.619906 0.029063 0.625423 0.000000
0 0.884300 0.000000 0.888078 0.005813 0.896797 0.023250 0.914250 0.035609 0.943312 0.040703 0.960750 0.052328 0.998437 0.085573 0.998437 0.127170 0.990547 0.125734 0.936766 0.105375 0.906250 0.085031 0.888812 0.074859 0.867000 0.066141 0.845203 0.043609 0.839391 0.047969 0.819047 0.029797 0.808859 0.003641 0.808568 0.000000
0 0.739828 0.028344 0.744188 0.043609 0.742000 0.059594 0.726016 0.078484 0.667875 0.100297 0.660609 0.111922 0.637359 0.140984 0.619906 0.164250 0.618453 0.181687 0.630812 0.186766 0.665703 0.167875 0.693312 0.125734 0.734016 0.106828 0.763078 0.087937 0.794328 0.066141 0.792875 0.022531 0.784431 0.000000 0.782293 0.000000 0.760172 0.008719 0.750734 0.023250
0 0.783438 0.138813 0.743453 0.159891 0.724562 0.180234 0.695500 0.202031 0.673688 0.219484 0.663516 0.235469 0.640266 0.257266 0.619906 0.276156 0.603922 0.297969 0.592297 0.312500 0.567594 0.335750 0.544328 0.353203 0.523984 0.375000 0.512359 0.386625 0.496359 0.399703 0.486187 0.417156 0.515984 0.430234 0.572672 0.426594 0.611922 0.378641 0.662797 0.335031 0.716562 0.275437 0.747094 0.240547 0.795062 0.211484 0.828484 0.189687 0.851750 0.173687 0.848109 0.148984 0.814688 0.133000 0.798688 0.140984
0 0.710750 0.281984 0.705672 0.321219 0.685312 0.354656 0.670781 0.380813 0.656250 0.405516 0.630094 0.427328 0.612641 0.438953 0.589391 0.453484 0.583578 0.460750 0.574859 0.478203 0.561766 0.500000 0.552328 0.531984 0.541422 0.555953 0.556688 0.568312 0.579937 0.575578 0.585750 0.582844 0.601750 0.555953 0.611922 0.531250 0.652609 0.489094 0.668609 0.470203 0.706391 0.442594 0.716562 0.420781 0.741281 0.381547 0.751453 0.345203 0.763078 0.316141 0.776156 0.285609 0.772531 0.265266 0.750734 0.247813 0.737641 0.252906 0.724562 0.265984
0 0.313234 0.242734 0.335750 0.270344 0.350297 0.295063 0.382266 0.316859 0.405516 0.344484 0.434594 0.369187 0.439687 0.377906 0.459906 0.385547 0.477781 0.394953 0.486922 0.417875 0.507266 0.430953 0.513078 0.457844 0.523250 0.472391 0.523984 0.489828 0.506547 0.505812 0.476016 0.499266 0.451313 0.460031 0.435313 0.433859 0.409156 0.404797 0.393172 0.388813 0.364094 0.372813 0.346656 0.355375 0.330672 0.343750 0.302328 0.303047 0.281250 0.275437 0.268172 0.253641 0.244906 0.231828 0.250000 0.202766 0.265984 0.198406 0.281984 0.207844 0.296516 0.216563 0.305234 0.231109
0 0.233281 0.722391 0.247094 0.701312 0.261625 0.683859 0.287797 0.672234 0.343016 0.657703 0.379359 0.653344 0.456391 0.651891 0.501453 0.659891 0.533438 0.668609 0.554500 0.683141 0.548687 0.712203 0.538516 0.720938 0.521078 0.712938 0.494906 0.704219 0.480375 0.699859 0.446953 0.702031 0.417875 0.699859 0.390266 0.703484 0.358281 0.710750 0.333578 0.716562 0.304500 0.730375 0.292875 0.750000 0.278344 0.763078 0.263813 0.779062 0.234734 0.773984 0.218750 0.759453 0.216563 0.742000
0 0.212937 0.831391 0.235469 0.801594 0.261625 0.782703 0.300875 0.766719 0.324125 0.750734 0.383000 0.733281 0.422969 0.724562 0.456391 0.714391 0.488375 0.715109 0.498547 0.718016 0.510172 0.731109 0.509453 0.752906 0.506547 0.767438 0.465844 0.780516 0.445500 0.781984 0.406250 0.790703 0.326313 0.818312 0.284156 0.848844 0.258000 0.853203 0.227469 0.878641 0.211484 0.901156 0.205672 0.915703 0.210031 0.924422 0.180953 0.931688 0.151891 0.922234 0.148984 0.907703 0.156984 0.883000 0.171516 0.861188 0.194766 0.852469
0 0.198406 0.979656 0.225297 0.959297 0.260172 0.954938 0.314687 0.957125 0.345937 0.957125 0.420781 0.963656 0.463656 0.940406 0.496359 0.908438 0.542156 0.898250 0.570500 0.920781 0.537062 0.954219 0.484734 0.992000 0.460760 0.998437 0.198142 0.998437 0.195500 0.992734
0 0.543609 0.783438 0.563953 0.837938 0.585750 0.910609 0.600297 0.965844 0.588503 0.998437 0.657813 0.998437 0.659891 0.991281 0.656250 0.936047 0.646078 0.866281 0.618453 0.828484 0.602469 0.786344 0.586484 0.758719 0.566141 0.735469 0.551594 0.743453 0.547234 0.759453
0 0.938016 0.116250 0.939937 0.155484 0.938016 0.209484 0.922578 0.236500 0.907156 0.263500 0.882719 0.291797 0.873719 0.307234 0.867281 0.341953 0.867281 0.370234 0.869219 0.380531 0.873078 0.401750 0.855703 0.415250 0.824844 0.417187 0.820984 0.397891 0.818422 0.361875 0.818422 0.327156 0.822922 0.300156 0.833203 0.271859 0.847344 0.235859 0.860203 0.203703 0.871781 0.179266 0.878219 0.148406 0.878219 0.113687 0.897500 0.098250 0.912937 0.093109 0.928375 0.102750 0.929656 0.109187
0 0.891719 0.410750 0.895578 0.457687 0.887859 0.492406 0.884000 0.512984 0.880141 0.541281 0.875000 0.582437 0.864719 0.612016 0.857000 0.648016 0.857641 0.680172 0.880781 0.690453 0.897500 0.685953 0.914219 0.661516 0.918078 0.631938 0.925797 0.597219 0.933516 0.563781 0.941234 0.520063 0.946375 0.491766 0.954094 0.449328 0.955375 0.432609 0.953453 0.395313 0.940594 0.378594 0.917438 0.360594 0.891719 0.363813 0.887219 0.385672 0.889797 0.397250
0 0.837063 0.902000 0.839641 0.955375 0.852500 0.984953 0.854741 0.998437 0.799701 0.998437 0.797844 0.985594 0.793984 0.959875 0.781125 0.921297 0.778547 0.908438 0.794625 0.893000 0.816484 0.881437 0.824203 0.891078
1 0.175416 0.000000 0.175641 0.014687 0.160578 0.072094 0.152109 0.130453 0.137047 0.174703 0.122922 0.247172 0.105984 0.295187 0.090922 0.345063 0.086219 0.375188 0.069281 0.393078 0.043859 0.402484 0.022219 0.416609 0.018453 0.440141 0.009984 0.455203 0.002453 0.465547 0.000000 0.464417 0.000000 0.395725 0.001500 0.395891 0.000563 0.365781 0.013750 0.353547 0.003391 0.326250 0.004328 0.286703 0.023156 0.214234 0.051391 0.137047 0.082453 0.108812 0.066453 0.081516 0.072094 0.046687 0.073047 0.009031 0.085185 0.000000
1 0.807234 0.420375 0.844875 0.424141 0.869359 0.407188 0.875000 0.385547 0.870297 0.368594 0.882531 0.352594 0.880641 0.314000 0.894766 0.324359 0.902297 0.339422 0.892891 0.355422 0.883469 0.388359 0.889125 0.401547 0.887234 0.436375 0.889125 0.456141 0.893828 0.466484 0.877828 0.486250 0.870297 0.514500 0.882531 0.527672 0.876875 0.564375 0.859937 0.586969 0.837344 0.603922 0.834531 0.643453 0.853344 0.652859 0.865594 0.675453 0.869359 0.690516 0.858063 0.723453 0.864641 0.747922 0.875937 0.754516 0.858063 0.778047 0.850531 0.801578 0.840172 0.800641 0.826047 0.829812 0.834531 0.846766 0.852406 0.855234 0.859000 0.883469 0.865594 0.904172 0.881594 0.923953 0.849578 0.916422 0.836406 0.901359 0.809109 0.887234 0.786516 0.896656 0.777109 0.909828 0.784641 0.924891 0.793109 0.963484 0.795000 0.976656 0.795938 0.991719 0.796597 0.998437 0.748572 0.998437 0.750750 0.959719 0.759219 0.863703 0.776172 0.737578 0.797812 0.657562 0.796875 0.574734 0.796875 0.486250 0.803469 0.444844
1 0.822297 0.041047 0.846766 0.061750 0.875000 0.074922 0.863703 0.090922 0.833578 0.111641 0.810047 0.116344 0.796875 0.101281 0.793109 0.036328 0.793833 0.000000 0.805796 0.000000 0.803469 0.004328 0.814766 0.015625 0.820406 0.025031
1 0.799266 0.338188 0.805016 0.316141 0.817484 0.280672 0.823234 0.248078 0.833781 0.199188 0.858703 0.178109 0.878828 0.175234 0.874047 0.185781 0.875000 0.198234 0.865422 0.211656 0.852953 0.227000 0.845281 0.242328 0.831859 0.265344 0.827078 0.273969 0.829953 0.282594 0.821313 0.295047 0.819406 0.312312 0.820359 0.330516 0.817484 0.345859 0.811734 0.355438 0.799266 0.351609