0 0.000000 0.564790 0.018047 0.553188 0.035516 0.551250 0.081141 0.549297 0.108313 0.557063 0.127719 0.560953 0.148094 0.559984 0.163625 0.553188 0.175266 0.539594 0.189828 0.525031 0.201469 0.514359 0.219922 0.514359 0.231563 0.514359 0.242234 0.522125 0.250969 0.526016 0.253875 0.535719 0.248062 0.546391 0.239328 0.559000 0.231563 0.576469 0.216031 0.592000 0.199531 0.609469 0.179156 0.614328 0.155859 0.618203 0.125781 0.618203 0.083078 0.618203 0.051047 0.611406 0.001547 0.599766 0.000000 0.598940
0 0.000000 0.449598 0.034547 0.472625 0.054937 0.492047 0.095688 0.524062 0.114125 0.537656 0.121891 0.546391 0.132563 0.554156 0.147125 0.553188 0.155859 0.552219 0.164594 0.547359 0.170422 0.530859 0.170422 0.511453 0.162656 0.482344 0.148094 0.466812 0.126750 0.452250 0.094719 0.439641 0.069484 0.427016 0.052016 0.417312 0.032609 0.404703 0.010281 0.394016 0.000000 0.389731
0 0.033578 0.828797 0.051047 0.812312 0.069484 0.809391 0.110250 0.803578 0.130625 0.795813 0.148094 0.777375 0.152953 0.762813 0.151984 0.736609 0.141297 0.711375 0.148094 0.686141 0.157797 0.678375 0.168484 0.683234 0.188859 0.692937 0.202453 0.733703 0.215062 0.776391 0.213125 0.798719 0.195656 0.822984 0.176250 0.834625 0.135484 0.850156 0.113156 0.860828 0.093750 0.865687 0.079187 0.876359 0.070453 0.886063 0.061719 0.895766 0.048141 0.897703 0.032609 0.897703 0.009313 0.893828 0.009313 0.873453 0.014172 0.850156 0.027750 0.837531
0 0.000000 0.939664 0.008344 0.934594 0.036484 0.922937 0.063672 0.917125 0.084047 0.909359 0.101516 0.903531 0.120922 0.899656 0.147125 0.902562 0.171391 0.907422 0.188859 0.916156 0.199531 0.923906 0.199531 0.935562 0.185953 0.950109 0.178187 0.959828 0.162656 0.959828 0.134516 0.959828 0.087922 0.973406 0.072406 0.979234 0.053953 0.983109 0.033578 0.995734 0.030590 0.998437
0 0.135850 0.998437 0.151016 0.984078 0.174297 0.961766 0.192734 0.950109 0.207297 0.930703 0.223797 0.917125 0.248062 0.899656 0.270375 0.887031 0.294641 0.887031 0.311141 0.890922 0.320844 0.903531 0.319875 0.923906 0.300469 0.950109 0.280078 0.965641 0.248062 0.982141 0.227304 0.998437
0 0.249031 0.240687 0.273297 0.230000 0.307266 0.231953 0.339281 0.239719 0.355781 0.245531 0.387813 0.248453 0.430516 0.257188 0.455750 0.270766 0.485828 0.286297 0.511063 0.305703 0.525625 0.329969 0.529500 0.351313 0.516891 0.366844 0.491656 0.365875 0.469328 0.345500 0.438281 0.326094 0.406250 0.316375 0.377141 0.312500 0.334437 0.305703 0.307266 0.303766 0.271344 0.287266 0.249031 0.274656 0.244172 0.255234
0 0.000000 0.248108 0.004469 0.241656 0.012234 0.231953 0.042313 0.230984 0.054937 0.235828 0.075313 0.247484 0.098609 0.261063 0.117047 0.276594 0.140328 0.294063 0.156828 0.303766 0.178187 0.316375 0.206328 0.333844 0.228656 0.350344 0.235437 0.364906 0.241266 0.388203 0.239328 0.404703 0.226703 0.417312 0.191766 0.409547 0.168484 0.402750 0.149062 0.378500 0.127719 0.360047 0.102484 0.333844 0.086953 0.319297 0.067547 0.302797 0.045219 0.285328 0.029703 0.277562 0.007375 0.278531 0.000000 0.263158
0 0.312109 0.421203 0.329578 0.473609 0.349969 0.550266 0.361609 0.567734 0.383922 0.600734 0.396547 0.625969 0.414984 0.649266 0.428578 0.669641 0.455750 0.688078 0.478063 0.694875 0.496500 0.698750 0.512031 0.694875 0.513000 0.682266 0.498453 0.665766 0.476125 0.641500 0.459625 0.625000 0.445063 0.607531 0.433422 0.590062 0.416922 0.540562 0.412078 0.518250 0.397516 0.477484 0.394609 0.454188 0.392656 0.432844 0.375188 0.407609 0.358703 0.397906 0.343172 0.396937 0.330547 0.399844 0.317938 0.410516
0 0.392656 0.412469 0.409156 0.420219 0.427594 0.420219 0.449922 0.422172 0.478063 0.449344 0.484859 0.467781 0.500391 0.493984 0.509125 0.512422 0.529500 0.521156 0.555703 0.526984 0.568328 0.526984 0.581906 0.517281 0.580937 0.500781 0.569297 0.471656 0.549891 0.444484 0.528531 0.412469 0.499422 0.383344 0.473219 0.366844 0.439250 0.360047 0.408188 0.364906 0.374219 0.365875 0.355781 0.373641 0.348984 0.391109 0.377141 0.402750
0 0.099578 0.231953 0.118016 0.247484 0.137422 0.261063 0.156828 0.272703 0.184984 0.285328 0.208266 0.297938 0.226703 0.309594 0.247094 0.319297 0.266500 0.328031 0.282031 0.338703 0.302406 0.347438 0.315016 0.352297 0.321813 0.353266 0.330547 0.343562 0.337344 0.331906 0.328609 0.316375 0.309203 0.308625 0.271344 0.288234 0.249031 0.275625 0.239328 0.245531 0.219922 0.234859 0.197594 0.227094 0.171391 0.211563 0.155859 0.200891 0.141297 0.185359 0.122859 0.172750 0.108313 0.167891 0.088891 0.170812 0.083078 0.197984 0.087922 0.211563
0 0.246125 0.182453 0.260672 0.167891 0.286875 0.164016 0.341234 0.158187 0.350938 0.142656 0.372281 0.121313 0.393641 0.106750 0.411109 0.095109 0.422750 0.093172 0.440219 0.092203 0.454781 0.097047 0.460594 0.108703 0.473219 0.125188 0.483891 0.132953 0.480984 0.145578 0.476125 0.154313 0.463516 0.160125 0.446047 0.161109 0.422750 0.162078 0.404312 0.162078 0.385875 0.170812 0.376172 0.188281 0.374219 0.198953 0.360641 0.210594 0.331516 0.211563 0.299500 0.211563 0.270375 0.211563 0.241266 0.198953
0 0.382953 0.188281 0.406250 0.167891 0.430516 0.167891 0.474188 0.166922 0.494562 0.157219 0.532422 0.133922 0.568328 0.107719 0.585797 0.096078 0.597438 0.080547 0.614906 0.065016 0.638203 0.059203 0.656641 0.059203 0.664406 0.074734 0.670219 0.091234 0.672172 0.106750 0.671203 0.121313 0.651781 0.135875 0.625578 0.141688 0.588703 0.178578 0.566375 0.191188 0.550859 0.198953 0.518828 0.218359 0.511063 0.232922 0.503297 0.236797 0.499422 0.222250 0.480000 0.224187 0.472250 0.232922 0.465453 0.244563 0.456719 0.222250 0.438281 0.220297 0.413047 0.215453 0.404312 0.214484 0.383922 0.210594 0.381984 0.200891
0 0.642078 0.145578 0.675078 0.138781 0.709047 0.127141 0.763391 0.111609 0.781828 0.104813 0.803187 0.097047 0.826469 0.101906 0.844922 0.113547 0.856563 0.131016 0.856563 0.147516 0.856563 0.162078 0.849766 0.172750 0.812891 0.174687 0.778922 0.181484 0.744953 0.190219 0.717781 0.192156 0.682844 0.194094 0.643047 0.194094 0.615875 0.196047 0.580937 0.187312 0.589672 0.181484 0.619766 0.149453
0 0.681875 0.254266 0.692547 0.242625 0.710016 0.236797 0.729422 0.245531 0.747859 0.252328 0.762422 0.263969 0.779891 0.279500 0.796391 0.286297 0.810953 0.292125 0.837156 0.296969 0.868203 0.304734 0.898297 0.316375 0.945844 0.340641 0.965250 0.348406 0.977875 0.355203 0.974969 0.373641 0.970109 0.390141 0.943906 0.400812 0.932266 0.397906 0.910906 0.381406 0.880828 0.373641 0.845891 0.362000 0.817734 0.358109 0.788625 0.352297 0.764359 0.345500 0.743984 0.333844 0.728453 0.322203 0.708078 0.306672 0.687687 0.288234 0.685750 0.275625
0 0.540172 0.359078 0.563469 0.374609 0.580937 0.394016 0.599375 0.412469 0.628500 0.433812 0.650813 0.448375 0.679938 0.459047 0.707109 0.465844 0.730391 0.474578 0.749813 0.487187 0.760484 0.520188 0.745922 0.524062 0.705156 0.526984 0.670219 0.525031 0.643047 0.518250 0.596469 0.492047 0.562500 0.456141 0.553766 0.445453 0.527562 0.412469 0.510094 0.386250 0.497484 0.381406 0.496500 0.374609 0.508156 0.366844 0.524656 0.366844
0 0.593562 0.288234 0.618781 0.308625 0.629469 0.316375 0.655672 0.331906 0.675078 0.355203 0.695453 0.367812 0.725547 0.390141 0.770188 0.416344 0.786687 0.430906 0.799297 0.442547 0.820656 0.444484 0.829391 0.427016 0.809000 0.392078 0.785719 0.376547 0.768250 0.357141 0.756594 0.346469 0.742047 0.335797 0.731359 0.327062 0.719719 0.316375 0.710016 0.309594 0.692547 0.302797 0.686719 0.292125 0.684781 0.277562 0.677984 0.262031 0.658578 0.246500 0.631406 0.233891 0.612969 0.230984 0.590641 0.236797 0.578031 0.244563 0.577063 0.261063 0.582875 0.277562
0 0.668281 0.739516 0.683813 0.732719 0.692547 0.729812 0.720688 0.739516 0.757562 0.750188 0.776016 0.759906 0.798328 0.779312 0.838125 0.800656 0.861406 0.819094 0.878875 0.837531 0.890531 0.858891 0.911875 0.888000 0.926438 0.889953 0.935172 0.914203 0.932266 0.930703 0.920609 0.936531 0.895375 0.935562 0.880828 0.919063 0.852672 0.901594 0.841031 0.888000 0.833266 0.869563 0.814828 0.846266 0.776016 0.829781 0.748828 0.821047 0.722625 0.809391 0.702250 0.800656 0.683813 0.787078 0.668281 0.769609 0.668281 0.755047
0 0.874031 0.480391 0.878875 0.460984 0.890531 0.451281 0.912844 0.444484 0.923531 0.437688 0.931281 0.439641 0.939047 0.446422 0.949734 0.458078 0.950703 0.473609 0.950703 0.497859 0.940016 0.528922 0.935172 0.547359 0.928375 0.594922 0.928375 0.623062 0.915766 0.642469 0.902172 0.670609 0.888594 0.685172 0.874031 0.696812 0.859469 0.713313 0.846859 0.725938 0.830359 0.739516 0.803187 0.744375 0.793484 0.737578 0.789594 0.721078 0.797359 0.693906 0.813859 0.669641 0.825500 0.653141 0.842000 0.636641 0.859469 0.615297 0.875000 0.588125 0.879859 0.566766 0.879859 0.545422 0.878875 0.524062 0.875969 0.499812
0 0.788625 0.543484 0.770188 0.555125 0.752719 0.574531 0.744953 0.590062 0.731359 0.615297 0.719719 0.649266 0.709047 0.671578 0.698375 0.693906 0.704188 0.707500 0.711953 0.716234 0.726516 0.724969 0.740094 0.724969 0.755625 0.718172 0.761453 0.702641 0.779891 0.679344 0.783766 0.665766 0.792500 0.636641 0.801250 0.622094 0.813859 0.605594 0.836188 0.579391 0.850734 0.563859 0.861406 0.549297 0.869172 0.533766 0.870141 0.524062 0.867234 0.501750 0.864328 0.485250 0.859469 0.491078 0.850734 0.501750 0.831328 0.523094 0.811922 0.532797 0.800266 0.536687
0 0.600344 0.551250 0.624609 0.558031 0.668281 0.559984 0.710984 0.559000 0.741078 0.556094 0.755625 0.545422 0.781828 0.534750 0.797359 0.531828 0.814828 0.524062 0.834234 0.513391 0.842969 0.499812 0.851703 0.486219 0.852672 0.474578 0.845891 0.458078 0.827453 0.454188 0.812891 0.448375 0.789594 0.458078 0.770188 0.469719 0.758547 0.479422 0.753687 0.485250 0.759516 0.502719 0.761453 0.517281 0.745922 0.525031 0.718750 0.527953 0.702250 0.528922 0.676047 0.528922 0.645000 0.527953 0.627516 0.522125 0.607141 0.521156 0.587734 0.533766 0.574141 0.556094
0 0.601312 0.940406 0.618781 0.953031 0.645000 0.965641 0.669250 0.975344 0.706241 0.998437 0.799777 0.998437 0.799297 0.999609 0.783766 0.983109 0.769219 0.962734 0.747859 0.954969 0.743016 0.947203 0.731359 0.941375 0.716812 0.939438 0.712922 0.930703 0.701281 0.930703 0.690609 0.917125 0.684781 0.909359 0.677016 0.923906 0.660516 0.911297 0.659547 0.888000 0.637234 0.868594 0.625578 0.868594 0.606172 0.891891 0.589672 0.901594 0.588703 0.923906 0.588703 0.933625
0 0.414984 0.818125 0.435359 0.842391 0.461562 0.877328 0.478063 0.891891 0.503297 0.911297 0.524656 0.935562 0.542125 0.949141 0.581906 0.987000 0.594257 0.998437 0.637460 0.998437 0.642078 0.992812 0.626547 0.973406 0.607141 0.952063 0.591609 0.937500 0.576094 0.917125 0.566375 0.900625 0.546969 0.877328 0.531438 0.858891 0.504266 0.834625 0.492625 0.817156 0.483891 0.802594 0.467391 0.782219 0.447016 0.762813 0.414984 0.769609 0.407219 0.763781 0.393641 0.769609 0.394609 0.788047 0.397516 0.802594
0 0.727578 0.203922 0.741703 0.196859 0.753172 0.191562 0.767297 0.187141 0.786719 0.186266 0.827328 0.181844 0.868828 0.181844 0.900594 0.182734 0.932375 0.199500 0.951797 0.209219 0.979172 0.224219 0.999469 0.233937 0.998437 0.234150 0.998437 0.279329 0.987109 0.281609 0.966812 0.281609 0.945625 0.273656 0.928844 0.260422 0.905016 0.248062 0.876766 0.241875 0.860000 0.241875 0.840578 0.241875 0.818500 0.241875 0.799969 0.242766 0.778781 0.248062 0.771719 0.256000 0.758469 0.256891 0.738172 0.240109 0.728453 0.233047 0.718750 0.218922
0 0.944734 0.101516 0.957094 0.082094 0.970344 0.077687 0.998437 0.088103 0.998437 0.175849 0.968578 0.171250 0.969453 0.150953 0.960625 0.137719 0.951797 0.154484 0.930609 0.137719 0.930609 0.121828 0.934141 0.104172
0 0.180031 0.420937 0.206859 0.460594 0.239500 0.497906 0.254672 0.523547 0.260500 0.545703 0.252328 0.570203 0.255828 0.585359 0.255828 0.594688 0.264000 0.601672 0.277984 0.613344 0.300141 0.619172 0.312969 0.619172 0.328125 0.608672 0.332797 0.601672 0.331625 0.587688 0.322297 0.565531 0.317625 0.552703 0.311797 0.537547 0.303641 0.517719 0.290813 0.474578 0.270984 0.450094 0.264000 0.436094 0.254672 0.420937 0.218516 0.419781 0.197531 0.413953
0 0.492625 0.592969 0.494562 0.583266 0.506219 0.576469 0.523687 0.574531 0.539203 0.583266 0.555703 0.592000 0.574141 0.603656 0.599375 0.605594 0.610047 0.597828 0.615875 0.613359 0.618781 0.626938 0.628500 0.637609 0.635281 0.642469 0.632375 0.655078 0.636250 0.670609 0.633344 0.709438 0.634313 0.725938 0.634313 0.735641 0.638203 0.750188 0.648875 0.765719 0.655672 0.779312 0.656641 0.791922 0.654703 0.801625 0.637234 0.808422 0.627516 0.811328 0.607141 0.802594 0.588703 0.780281 0.586766 0.757953 0.579969 0.731750 0.579969 0.710406 0.579969 0.683234 0.576094 0.675469 0.553766 0.667703 0.530469 0.660906 0.519797 0.655078 0.504266 0.648297 0.497484 0.636641 0.499422 0.625969 0.498453 0.613359 0.490687 0.603656
0 0.509125 0.249422 0.513000 0.239719 0.522703 0.229031 0.536297 0.229031 0.551828 0.231953 0.561531 0.242625 0.574141 0.252328 0.576094 0.273687 0.582875 0.281438 0.589672 0.300859 0.600344 0.311531 0.612000 0.321234 0.627516 0.342578 0.639172 0.366844 0.642078 0.395000 0.642078 0.403734 0.641109 0.420219 0.641109 0.434781 0.616844 0.418281 0.595500 0.392078 0.581906 0.370734 0.567359 0.352297 0.559594 0.330937 0.543094 0.316375 0.528531 0.299891 0.520766 0.277562 0.508156 0.259125
0 0.314047 0.827828 0.312109 0.803578 0.306281 0.787078 0.303375 0.765719 0.303375 0.744375 0.320844 0.731750 0.338312 0.733703 0.352875 0.738547 0.358703 0.751172 0.360641 0.769609 0.360641 0.783188 0.365484 0.804547 0.372281 0.835594 0.376172 0.846266 0.383922 0.874422 0.408188 0.908391 0.440219 0.945266 0.453797 0.958844 0.469328 0.979234 0.478063 0.991844 0.481327 0.998437 0.425407 0.998437 0.418859 0.995734 0.408188 0.979234 0.410125 0.965641 0.401391 0.948172 0.391687 0.940406 0.363547 0.927797 0.344141 0.916156 0.338312 0.891891 0.327641 0.868594 0.316969 0.849187 0.315016 0.838516
0 0.298531 0.971469 0.308234 0.981172 0.327641 0.987969 0.351906 0.993781 0.369375 0.995734 0.382953 0.987969 0.393641 0.978266 0.386844 0.958844 0.382953 0.944297 0.356750 0.925859 0.342203 0.925859 0.326672 0.917125 0.320844 0.923906 0.316969 0.933625 0.308234 0.947203 0.301437 0.951094 0.296578 0.957875
1 0.413312 0.520828 0.419484 0.540250 0.428312 0.561438 0.439797 0.588812 0.485703 0.589687 0.498938 0.578219 0.523656 0.572922 0.543078 0.572031 0.552797 0.584391 0.591625 0.598516 0.608406 0.596750 0.615469 0.608234 0.623406 0.626766 0.653422 0.633828 0.699328 0.646188 0.707281 0.642656 0.709922 0.608234 0.701984 0.594109 0.698453 0.572922 0.685203 0.558797 0.661375 0.559672 0.671078 0.575562 0.650781 0.580859 0.627828 0.573797 0.592516 0.567625 0.563375 0.557031 0.536016 0.549969 0.495406 0.534078 0.482172 0.526125 0.459219 0.524359 0.441563 0.519953
0 0.000000 0.085545 0.000000 0.149791 0.028328 0.192812 0.114312 0.214234 0.191687 0.223156 0.245234 0.238031 0.279453 0.227625 0.261609 0.191922 0.154484 0.187453 0.114016 0.180313 0.079750 0.125969 0.015469 0.084844