0 0.021375 0.504359 0.007578 0.531937 0.000000 0.546401 0.000000 0.670452 0.004141 0.661766 0.000000 0.641053 0.000000 0.621794 0.011031 0.599719 0.034000 0.567562 0.053531 0.546875 0.054688 0.519297 0.038609 0.503219
0 0.108687 0.102250 0.093750 0.120641 0.073062 0.137875 0.054688 0.153953 0.035156 0.173484 0.027109 0.201063 0.019078 0.240125 0.004141 0.256203 0.000000 0.258087 0.000000 0.176574 0.002984 0.163141 0.011031 0.137875 0.025969 0.125234 0.046641 0.114891 0.061578 0.108000 0.088000 0.104547
0 0.052391 0.165437 0.046641 0.190719 0.039750 0.226328 0.036313 0.269984 0.032859 0.307906 0.029406 0.336625 0.053531 0.356156 0.070766 0.343516 0.076516 0.305609 0.076516 0.271141 0.079969 0.237828 0.071922 0.210250 0.082266 0.179234 0.075375 0.156250 0.059281 0.155094
0 0.000000 0.920348 0.002984 0.922563 0.035156 0.939797 0.051234 0.970813 0.039750 0.999547 0.038753 0.998437
0 0.142406 0.888844 0.135156 0.901437 0.136484 0.933500 0.133812 0.962875 0.129813 0.988250 0.116104 0.998437 0.167505 0.998437 0.175219 0.958875 0.183219 0.921469 0.179219 0.892094 0.153844 0.873391
0 0.028313 0.795937 0.055016 0.799953 0.075047 0.814641 0.096422 0.818641 0.133812 0.827984 0.156516 0.834672 0.192578 0.850688 0.203266 0.868062 0.192578 0.874734 0.156516 0.866719 0.115125 0.860047 0.084406 0.860047 0.059031 0.860047 0.040328 0.853359 0.022969 0.833328 0.018969 0.807953
0 0.180562 0.690438 0.155188 0.701125 0.139156 0.721156 0.135156 0.746531 0.145828 0.781250 0.168531 0.815969 0.184563 0.832000 0.200594 0.825328 0.208594 0.814641 0.191234 0.786594 0.177891 0.758547 0.173875 0.733172 0.195250 0.730500 0.207266 0.725156 0.208594 0.702453 0.193906 0.686438
0 0.296734 0.826656 0.270031 0.832000 0.239312 0.849359 0.220625 0.869391 0.204594 0.897437 0.189906 0.917469 0.184563 0.940172 0.187234 0.962875 0.195250 0.973563 0.217953 0.964203 0.229969 0.942844 0.229969 0.922813 0.240656 0.905453 0.262016 0.882750 0.287391 0.861375 0.318109 0.842688 0.316781 0.827984
0 0.010953 0.614313 0.032312 0.612984 0.049672 0.612984 0.067047 0.625000 0.056359 0.649031 0.040328 0.665063 0.073719 0.627672 0.095078 0.629000 0.099094 0.646375 0.080391 0.670406 0.056359 0.687766 0.032312 0.695781 0.010953 0.677078 0.014953 0.643703 0.004281 0.629000
0 0.124469 0.255078 0.141828 0.251063 0.172547 0.264422 0.195250 0.284453 0.203266 0.307156 0.212609 0.349891 0.223297 0.369922 0.224625 0.400641 0.208594 0.422016 0.184563 0.414000 0.171203 0.380609 0.172547 0.353906 0.172547 0.331203 0.168531 0.307156 0.151172 0.296469 0.117781 0.284453 0.112453 0.269766
0 0.081734 0.340547 0.120453 0.343219 0.145828 0.357906 0.165859 0.372594 0.176547 0.393969 0.181891 0.416672 0.195250 0.426016 0.209938 0.426016 0.204594 0.444719 0.204594 0.468750 0.199250 0.490125 0.173875 0.490125 0.171203 0.464750 0.165859 0.431359 0.153844 0.407313 0.128469 0.396641 0.115125 0.389953 0.100422 0.377937 0.083062 0.373937 0.059031 0.364578 0.065703 0.347219
0 0.100422 0.422016 0.080391 0.435359 0.091078 0.460734 0.117781 0.479437 0.125797 0.510156 0.140484 0.540859 0.143156 0.564906 0.157859 0.586266 0.175219 0.583594 0.180562 0.560891 0.175219 0.527516 0.165859 0.495453 0.153844 0.471422 0.139156 0.444719 0.120453 0.415328
0 0.156516 0.058766 0.148500 0.088141 0.133812 0.110844 0.124469 0.137547 0.105766 0.164266 0.087078 0.174953 0.083062 0.207000 0.095078 0.221687 0.116453 0.224359 0.135156 0.204328 0.145828 0.174953 0.161859 0.149578 0.180562 0.110844 0.184563 0.081469 0.177891 0.062766
0 0.034984 0.028047 0.026969 0.048078 0.026969 0.088141 0.048344 0.098828 0.079063 0.100156 0.104438 0.085469 0.111109 0.065438 0.100422 0.056094 0.081734 0.065438 0.064375 0.066781 0.063031 0.053422 0.093750 0.045406 0.121484 0.041594 0.146016 0.041594 0.174281 0.033063 0.200594 0.017359 0.201922 0.005344 0.179219 0.000000 0.152516 0.002672 0.120453 0.002672 0.091078 0.010687 0.056359 0.018703
0 0.196578 0.026703 0.219281 0.038734 0.250000 0.072109 0.258016 0.090812 0.247328 0.121531 0.215281 0.117516 0.213937 0.090812 0.205922 0.084141 0.184563 0.066781 0.164531 0.048078 0.173875 0.041406
0 0.267359 0.025375 0.274031 0.052078 0.284719 0.073453 0.284719 0.089469 0.279375 0.112172 0.252672 0.134875 0.200594 0.149578 0.179219 0.165594 0.188562 0.189641 0.223297 0.198984 0.247328 0.188297 0.276703 0.172281 0.318109 0.136219 0.328797 0.101500 0.330125 0.066781 0.315437 0.037391 0.302078 0.020031 0.288734 0.013359
0 0.292734 0.162922 0.318109 0.154922 0.348828 0.154922 0.358172 0.169609 0.351500 0.201656 0.338141 0.219016 0.331469 0.237719 0.324781 0.265766 0.315437 0.283125 0.294078 0.280453 0.294078 0.252406 0.300750 0.220359 0.300750 0.201656 0.320781 0.198984 0.302078 0.193641 0.287391 0.186969
0 0.391563 0.241719 0.378203 0.259078 0.370187 0.273766 0.367516 0.289797 0.356844 0.308500 0.350156 0.321844 0.323453 0.313828 0.314109 0.324516 0.318109 0.341875 0.342141 0.353906 0.358172 0.353906 0.386219 0.339203 0.407578 0.300484 0.412922 0.276438 0.419609 0.247063 0.404922 0.233703
0 0.387547 0.355234 0.418266 0.372594 0.454328 0.391297 0.470359 0.411328 0.495719 0.430016 0.515766 0.444719 0.509078 0.467422 0.497063 0.484781 0.473031 0.467422 0.451656 0.447375 0.428953 0.430016 0.410250 0.418000 0.394234 0.404641 0.368859 0.380609 0.364844 0.357906
0 0.331469 0.447375 0.356844 0.442047 0.395562 0.443375 0.412922 0.462078 0.434297 0.496797 0.469016 0.530188 0.478359 0.548875 0.473031 0.570250 0.457000 0.582266 0.440969 0.574250 0.422281 0.535531 0.398234 0.515484 0.378203 0.488781 0.368859 0.476766 0.351500 0.476766 0.334141 0.474094
0 0.284719 0.512828 0.292734 0.550219 0.310094 0.583594 0.327453 0.623672 0.340813 0.649031 0.343484 0.670406 0.328797 0.687766 0.311438 0.679750 0.295406 0.650375 0.283391 0.623672 0.271375 0.595625 0.266031 0.574250 0.259344 0.551547 0.254000 0.527516 0.263359 0.508813
0 0.383547 0.560891 0.411594 0.586266 0.434297 0.602297 0.463672 0.634344 0.503734 0.643703 0.515766 0.665063 0.505078 0.699781 0.473031 0.685094 0.420937 0.651703 0.400906 0.622328 0.384875 0.591609 0.364844 0.567578
0 0.442313 0.678422 0.446313 0.713141 0.444984 0.743859 0.442313 0.763891 0.454328 0.755875 0.469438 0.734031 0.470141 0.713187 0.469438 0.693750 0.458328 0.679750
0 0.221172 0.589828 0.214828 0.610016 0.222922 0.641422 0.236281 0.673469 0.257641 0.704187 0.273672 0.729563 0.289703 0.753594 0.297719 0.768297 0.312406 0.750922 0.305719 0.709531 0.284594 0.676312 0.270750 0.647484 0.261531 0.612313 0.252891 0.595016 0.242500 0.585219 0.231547 0.585797
0 0.351500 0.706469 0.367516 0.701125 0.382219 0.707797 0.394234 0.730500 0.398234 0.758547 0.416938 0.799953 0.438297 0.815969 0.446313 0.845359 0.438297 0.854703 0.416938 0.850688 0.392891 0.830656 0.372859 0.794609 0.363516 0.762547 0.352828 0.746531 0.343484 0.734516 0.340813 0.719812
0 0.209938 0.202984 0.205922 0.228359 0.209938 0.257750 0.209938 0.281781 0.209938 0.319172 0.217953 0.345891 0.227297 0.368594 0.232641 0.379281 0.243328 0.371266 0.247328 0.328531 0.252672 0.279109 0.252672 0.252406 0.248672 0.225687 0.251328 0.200328 0.236641 0.201656
0 0.339469 0.034719 0.331469 0.050750 0.343484 0.082797 0.360844 0.116187 0.367516 0.158922 0.372859 0.193641 0.379547 0.217687 0.392891 0.229703 0.412922 0.221687 0.407578 0.189641 0.404922 0.153578 0.402250 0.120188 0.396906 0.093484 0.390219 0.065438 0.375531 0.044078 0.356844 0.036062
0 0.470359 0.004000 0.446313 0.049406 0.432953 0.076125 0.424953 0.101500 0.418266 0.122859 0.416938 0.142891 0.422281 0.148234 0.447656 0.130875 0.457000 0.100156 0.471687 0.069437 0.485047 0.050750 0.498391 0.025375 0.498391 0.006672
0 0.526437 0.005344 0.510422 0.017359 0.505078 0.037391 0.486375 0.069437 0.467688 0.096156 0.455656 0.124203 0.446313 0.144234 0.458328 0.157578 0.489047 0.140219 0.513094 0.109516 0.530453 0.076125 0.545141 0.052078 0.565172 0.036062 0.567844 0.014688 0.554484 0.001328
0 0.486375 0.174953 0.518422 0.178953 0.559828 0.232375 0.601234 0.277781 0.601234 0.312500 0.610578 0.336531 0.589203 0.347219 0.566500 0.348562 0.574516 0.324516 0.562500 0.300484 0.547813 0.277781 0.531781 0.253734 0.513094 0.236375 0.489047 0.221687 0.479703 0.207000 0.479703 0.188297
0 0.581203 0.204328 0.594547 0.188297 0.623937 0.193641 0.658656 0.198984 0.688031 0.202984 0.690703 0.177625 0.694719 0.161594 0.714750 0.168266 0.716078 0.197656 0.709406 0.219016 0.685359 0.237719 0.650641 0.237719 0.613250 0.231031 0.587875 0.229703
0 0.641297 0.028047 0.629281 0.052078 0.622594 0.100156 0.629281 0.122859 0.633281 0.156250 0.610578 0.172281 0.634609 0.186969 0.649312 0.185625 0.658656 0.160250 0.670672 0.133547 0.665328 0.101500 0.665328 0.090812 0.680016 0.057422 0.670672 0.029375 0.659984 0.022703
0 0.688031 0.002672 0.697375 0.034719 0.702719 0.070781 0.730766 0.077453 0.744125 0.048078 0.752141 0.021375 0.740125 0.002672 0.709406 0.001328
0 0.732109 0.157578 0.762828 0.122859 0.805562 0.100156 0.845625 0.080125 0.879000 0.070781 0.905719 0.069437 0.921734 0.097484 0.875000 0.122859 0.824250 0.138891 0.790859 0.154922 0.766828 0.178953 0.745453 0.189641 0.740125 0.172281
0 0.833594 0.145562 0.845625 0.170938 0.852297 0.212344 0.857641 0.245719 0.873672 0.277781 0.880344 0.312500 0.913734 0.319172 0.929750 0.291125 0.909719 0.247063 0.900375 0.202984 0.883016 0.165594 0.860312 0.141562
0 0.720078 0.256406 0.740125 0.236375 0.765484 0.224359 0.805562 0.224359 0.830922 0.233703 0.856297 0.281781 0.872328 0.308500 0.846953 0.333875 0.821578 0.293797 0.809562 0.271094 0.796203 0.267094 0.784188 0.264422 0.761484 0.272437 0.722750 0.275109
0 0.824250 0.000000 0.844281 0.018703 0.872328 0.036062 0.904375 0.037391 0.920406 0.016031 0.899031 0.000000
0 0.929750 0.006672 0.933766 0.048078 0.940438 0.078797 0.949781 0.124203 0.935094 0.134875 0.919078 0.161594 0.896375 0.150906 0.916406 0.117516 0.921734 0.086813 0.912391 0.062766 0.892359 0.056094 0.903047 0.037391 0.923078 0.021375
0 0.872328 0.331203 0.853625 0.371266 0.836266 0.411328 0.813563 0.442047 0.773500 0.451391 0.738781 0.466078 0.740125 0.495453 0.778844 0.503469 0.836266 0.479437 0.871000 0.442047 0.895031 0.391297 0.904375 0.333875 0.891031 0.324516
0 0.873672 0.460734 0.871000 0.494125 0.865656 0.518156 0.841609 0.546203 0.826922 0.584937 0.821578 0.610313 0.853625 0.619656 0.869656 0.583594 0.891031 0.544875 0.911062 0.520828 0.919078 0.484781 0.900375 0.456734
0 0.657313 0.381937 0.696047 0.391297 0.740125 0.391297 0.797547 0.377937 0.825594 0.381937 0.825594 0.411328 0.761484 0.420672 0.721422 0.428687 0.693375 0.418000 0.649312 0.404641
0 0.770828 0.001328 0.789531 0.018703 0.814906 0.012016 0.814906 0.001328
0 0.915063 0.528844 0.891031 0.540859 0.884344 0.578266 0.865656 0.623672 0.858969 0.667734 0.861641 0.705125 0.862984 0.721156 0.891031 0.723828 0.913734 0.707797 0.901703 0.667734 0.919078 0.612984 0.941781 0.578266 0.944438 0.539531 0.931094 0.527516
0 0.941781 0.590281 0.948453 0.623672 0.968484 0.670406 0.948453 0.707797 0.924406 0.714469 0.915063 0.689109 0.915063 0.654375 0.916406 0.626328
0 0.704062 0.667734 0.738781 0.691781 0.782859 0.693109 0.821578 0.723828 0.844281 0.754547 0.856297 0.763891 0.825594 0.787922 0.806891 0.763891 0.785531 0.741187 0.762828 0.737172 0.730766 0.737172 0.694719 0.725156 0.688031 0.687766
0 0.825594 0.803953 0.872328 0.794609 0.901703 0.798609 0.928422 0.827984 0.939109 0.894766 0.931094 0.937500 0.916406 0.953531 0.903047 0.918797 0.899031 0.884078 0.895031 0.850688 0.877672 0.844016 0.854969 0.842688 0.822922 0.829328
0 0.911062 0.754547 0.911062 0.787922 0.917734 0.803953 0.931094 0.825328 0.941781 0.880078 0.953797 0.832000 0.940438 0.789266 0.931094 0.755875
0 0.348828 0.885422 0.344812 0.912125 0.338141 0.937500 0.290063 0.933500 0.256672 0.940172 0.248672 0.950859 0.272703 0.969547 0.312766 0.974891 0.336812 0.974891 0.383547 0.956203 0.390219 0.905453 0.374203 0.882750
0 0.410250 0.940172 0.439641 0.928156 0.467688 0.929484 0.486375 0.964203 0.483703 0.996266 0.481980 0.998437 0.430922 0.998437 0.430281 0.993594 0.448984 0.978906 0.427625 0.965547 0.408922 0.962875
0 0.299406 0.004000 0.304750 0.016031 0.322109 0.042734 0.340813 0.030719 0.352828 0.024031 0.356844 0.010687 0.354172 0.004000 0.327453 0.004000
0 0.245703 0.582000 0.250953 0.578656 0.246656 0.570531 0.240922 0.565266 0.230891 0.566234 0.223234 0.569578 0.216547 0.575781 0.208906 0.586781 0.202688 0.602062 0.208906 0.624047 0.230406 0.683766 0.237094 0.709578 0.230891 0.722000 0.236141 0.732984 0.242359 0.742547 0.260984 0.743500 0.273406 0.737297 0.264328 0.721516 0.250000 0.699547 0.234703 0.672312 0.222766 0.642203 0.212734 0.608750 0.219422 0.590125 0.230406 0.584391
1 0.304641 0.855531 0.258531 0.888828 0.253422 0.903344 0.246578 0.917859 0.240609 0.934937 0.242313 0.944328 0.273906 0.928969 0.298672 0.928969 0.320875 0.933234 0.310625 0.913594 0.316594 0.854672 0.331969 0.806016 0.329406 0.780391 0.313188 0.769297 0.296109 0.761609 0.278172 0.747953 0.264516 0.741969 0.248297 0.751359 0.267938 0.784672 0.282453 0.821375 0.302078 0.824797 0.316594 0.828203 0.315750 0.839312
1 0.285344 0.205734 0.269797 0.226953 0.282516 0.238266 0.258484 0.260891 0.281109 0.282813 0.281109 0.329469 0.276156 0.362703 0.293828 0.386734 0.317875 0.390266 0.345453 0.384609 0.336969 0.356328 0.320000 0.342906 0.303734 0.322391 0.309391 0.311797 0.334141 0.312500 0.343328 0.297656 0.341203 0.279984 0.322109 0.290578 0.304438 0.283516 0.291719 0.272906 0.286766 0.253812 0.290297 0.242500 0.286766 0.230484 0.295250 0.219875 0.296656 0.209984
1 0.263438 0.002828 0.257062 0.017672 0.248594 0.022625 0.242219 0.038172 0.257781 0.051609 0.264844 0.060797 0.260609 0.079891 0.263438 0.103937 0.279687 0.100391 0.287469 0.094734 0.281109 0.082719 0.281109 0.074234 0.276156 0.062219 0.269797 0.047375 0.266969 0.026156 0.276859 0.016969 0.295953 0.010609 0.300906 0.000703 0.284641 0.002828 0.271922 0.001406