0 0.003109 0.037250 0.019656 0.035187 0.038281 0.033109 0.064156 0.033109 0.084844 0.038281 0.104516 0.049672 0.127281 0.051734 0.141766 0.058984 0.150047 0.076578 0.147969 0.091063 0.132453 0.098297 0.111750 0.094156 0.090031 0.083812 0.058984 0.075531 0.033109 0.072438 0.010344 0.067266 0.000000 0.064156
0 0.153141 0.038281 0.152109 0.054844 0.155219 0.065187 0.174875 0.074500 0.203844 0.087953 0.244203 0.099344 0.274219 0.099344 0.300078 0.094156 0.319750 0.086922 0.335266 0.086922 0.335266 0.073469 0.332156 0.065187 0.319750 0.058984 0.286625 0.063125 0.264906 0.066219 0.240062 0.058984 0.206953 0.042422 0.188328 0.031047 0.170734 0.024828
0 0.305250 0.098297 0.329062 0.093125 0.354922 0.086922 0.391141 0.081750 0.413906 0.079672 0.435641 0.073469 0.452187 0.071406 0.468750 0.077609 0.474953 0.094156 0.467719 0.103484 0.447016 0.110719 0.409766 0.119000 0.379766 0.122109 0.352859 0.126234 0.324922 0.125203 0.315609 0.135547 0.298016 0.114859
0 0.077609 0.121063 0.110719 0.112797 0.137625 0.106578 0.164531 0.103484 0.193500 0.113828 0.214203 0.122109 0.233859 0.131422 0.242141 0.131422 0.241094 0.143828 0.234891 0.153141 0.232828 0.159359 0.213156 0.153141 0.191437 0.150047 0.165563 0.142797 0.138656 0.147969 0.119000 0.149000 0.091063 0.158312 0.074500 0.142797
0 0.094156 0.181078 0.116922 0.182125 0.141766 0.193500 0.161422 0.210062 0.179016 0.226609 0.187297 0.236969 0.209016 0.257656 0.220406 0.274219 0.232828 0.280422 0.221438 0.295938 0.217297 0.306297 0.194531 0.284562 0.157281 0.256625 0.141766 0.236969 0.125203 0.228688 0.098297 0.230750 0.081750 0.215234 0.077609 0.189359
0 0.037250 0.216266 0.031047 0.229719 0.034141 0.243172 0.049672 0.254547 0.067266 0.269047 0.085891 0.282484 0.102438 0.298016 0.121063 0.311469 0.143828 0.326984 0.154188 0.338375 0.176953 0.336297 0.167625 0.315609 0.151078 0.289734 0.113828 0.260766 0.090031 0.240062 0.070359 0.220406 0.055875 0.211094
0 0.212125 0.325953 0.211094 0.341469 0.214203 0.355953 0.228688 0.361141 0.246281 0.354922 0.257656 0.337328 0.264906 0.319750 0.272141 0.303187 0.280422 0.290766 0.288703 0.276281 0.302156 0.261797 0.322844 0.245234 0.339406 0.225578 0.346641 0.214203 0.348719 0.200750 0.354922 0.183156 0.350781 0.174875 0.335266 0.181078 0.314562 0.202813 0.299047 0.223516 0.284562 0.239031 0.262828 0.257656 0.252484 0.269047 0.241094 0.282484 0.229719 0.302156 0.215234 0.314562
0 0.085891 0.331125 0.111750 0.332156 0.131422 0.340438 0.154188 0.351828 0.173844 0.360094 0.194531 0.363203 0.210062 0.369406 0.228688 0.377688 0.245234 0.380797 0.265937 0.380797 0.272141 0.392172 0.262828 0.407703 0.236969 0.405625 0.202813 0.406656 0.174875 0.402531 0.139688 0.391141 0.117969 0.381828 0.100375 0.375625 0.082781 0.368375 0.072438 0.357000 0.071406 0.343547
0 0.180047 0.458406 0.203844 0.443922 0.232828 0.436672 0.258688 0.433563 0.279391 0.426328 0.304219 0.421156 0.322844 0.417016 0.346641 0.419078 0.370453 0.420109 0.376656 0.425297 0.376656 0.443922 0.369406 0.452187 0.363203 0.456328 0.345609 0.453234 0.314562 0.453234 0.293875 0.465641 0.262828 0.469781 0.233859 0.480125 0.206953 0.484266 0.187297 0.484266 0.171766 0.474953
0 0.388031 0.203844 0.400453 0.196609 0.420109 0.196609 0.429422 0.203844 0.432531 0.238000 0.432531 0.259734 0.438734 0.288703 0.441844 0.313531 0.441844 0.339406 0.435641 0.354922 0.421156 0.369406 0.402531 0.368375 0.393219 0.346641 0.400453 0.310438 0.400453 0.290766 0.393219 0.265937 0.389078 0.238000 0.373547 0.222469 0.379766 0.214203
0 0.437703 0.370453 0.453234 0.376656 0.480125 0.383906 0.500828 0.395281 0.521516 0.403562 0.532906 0.415984 0.543250 0.435641 0.546359 0.452187 0.544281 0.463578 0.532906 0.463578 0.509109 0.450125 0.486344 0.431500 0.468750 0.421156 0.452187 0.414938 0.436672 0.409766 0.414938 0.395281 0.403562 0.379766
0 0.469781 0.177984 0.459438 0.198672 0.459438 0.216266 0.459438 0.241094 0.455297 0.265937 0.442875 0.292844 0.449094 0.312500 0.458406 0.331125 0.464609 0.344578 0.463578 0.368375 0.483234 0.372516 0.490484 0.354922 0.489453 0.328016 0.486344 0.294906 0.490484 0.272141 0.495656 0.235922 0.509109 0.202813 0.507031 0.188328 0.498766 0.173844 0.487375 0.170734 0.478062 0.170734
0 0.620859 0.136594 0.623969 0.157281 0.621891 0.176953 0.599125 0.180047 0.575328 0.184188 0.558781 0.196609 0.552562 0.222469 0.557734 0.247312 0.564984 0.261797 0.576359 0.268000 0.601203 0.263859 0.592922 0.246281 0.586719 0.227656 0.586719 0.221438 0.587750 0.218344 0.612578 0.221438 0.642594 0.215234 0.658109 0.196609 0.670531 0.170734 0.670531 0.153141 0.655016 0.140734 0.645703 0.129344
0 0.711922 0.236969 0.695359 0.251453 0.676734 0.258688 0.664328 0.278359 0.647766 0.292844 0.634312 0.315609 0.618797 0.346641 0.612578 0.365266 0.606375 0.379766 0.607406 0.393219 0.619828 0.404594 0.641563 0.396312 0.655016 0.380797 0.659141 0.360094 0.671563 0.332156 0.679844 0.312500 0.692266 0.299047 0.707781 0.287672 0.721234 0.270078 0.734687 0.260766 0.728484 0.238000
0 0.741922 0.230750 0.753313 0.225578 0.767797 0.228688 0.774000 0.250406 0.778141 0.279391 0.781250 0.305250 0.789531 0.325953 0.808156 0.359063 0.824703 0.375625 0.824703 0.393219 0.798844 0.395281 0.785391 0.370453 0.767797 0.355953 0.755375 0.340438 0.753313 0.319750 0.747109 0.299047 0.738828 0.275250 0.734687 0.252484
0 0.706750 0.310438 0.702609 0.328016 0.700531 0.342516 0.711922 0.360094 0.721234 0.385969 0.728484 0.410797 0.750203 0.436672 0.764687 0.455297 0.785391 0.472891 0.800906 0.488406 0.808156 0.500828 0.820578 0.496688 0.834016 0.485313 0.827812 0.465641 0.814359 0.448047 0.790562 0.420109 0.765734 0.383906 0.765734 0.362172 0.754344 0.341469 0.748141 0.322844 0.736750 0.308359 0.721234 0.308359
0 0.608437 0.058984 0.633281 0.057953 0.646734 0.056906 0.672594 0.052766 0.698469 0.045531 0.729516 0.032078 0.750203 0.020703 0.769875 0.014484 0.786422 0.033109 0.792625 0.042422 0.776078 0.053812 0.757453 0.064156 0.734687 0.072438 0.717094 0.083812 0.690188 0.085891 0.659141 0.091063 0.640516 0.090031 0.625000 0.085891 0.614656 0.095203 0.602234 0.078641
0 0.807125 0.042422 0.835063 0.040359 0.861969 0.043453 0.877484 0.044500 0.897141 0.050703 0.916797 0.055875 0.935437 0.056906 0.951984 0.062094 0.961297 0.082781 0.938531 0.100375 0.891969 0.092094 0.861969 0.078641 0.843344 0.067266 0.818500 0.067266 0.796766 0.065187 0.792625 0.053812
0 0.756422 0.103484 0.748141 0.115891 0.750203 0.129344 0.756422 0.145906 0.778141 0.161422 0.793672 0.172812 0.802984 0.185219 0.822641 0.202813 0.846438 0.209016 0.878516 0.214203 0.897141 0.205922 0.910594 0.186266 0.905422 0.176953 0.895078 0.167625 0.885766 0.169703 0.872312 0.176953 0.846438 0.169703 0.823672 0.147969 0.809187 0.128312 0.792625 0.107609 0.774000 0.102438
0 0.944750 0.182125 0.927156 0.190391 0.912672 0.205922 0.898172 0.223516 0.883687 0.244203 0.869203 0.262828 0.856781 0.278359 0.848516 0.292844 0.841266 0.305250 0.828844 0.319750 0.824703 0.331125 0.835063 0.339406 0.855750 0.337328 0.869203 0.322844 0.883687 0.305250 0.903359 0.287672 0.919906 0.262828 0.939563 0.244203 0.959234 0.227656 0.974750 0.207984 0.980953 0.193500 0.975781 0.179016
0 0.272453 0.557734 0.282797 0.541188 0.309703 0.522563 0.324187 0.516344 0.359375 0.521516 0.382141 0.529797 0.415250 0.538078 0.430766 0.543250 0.438016 0.556703 0.434906 0.578437 0.409047 0.583609 0.383172 0.569125 0.365578 0.567047 0.339328 0.553922 0.318531 0.556594 0.301422 0.566016 0.291078 0.579469 0.281766 0.588781 0.268313 0.581547
0 0.634312 0.468750 0.610516 0.479094 0.591891 0.494625 0.576359 0.518422 0.563953 0.528766 0.554641 0.550500 0.556703 0.561875 0.534969 0.578437 0.518422 0.590859 0.511172 0.603266 0.510141 0.615688 0.524625 0.623969 0.544281 0.610516 0.566016 0.593953 0.587750 0.571187 0.600172 0.550500 0.610516 0.533938 0.626031 0.520484 0.645703 0.501859 0.647766 0.486344 0.645703 0.476000
0 0.587750 0.626031 0.596031 0.604297 0.600172 0.578437 0.610516 0.554641 0.621891 0.541188 0.658109 0.539109 0.689156 0.553594 0.711922 0.573266 0.740891 0.590859 0.750203 0.606375 0.739859 0.620859 0.721234 0.623969 0.694328 0.614656 0.669500 0.588781 0.657078 0.578437 0.640516 0.578437 0.628109 0.594984 0.623969 0.609484 0.621891 0.626031 0.598094 0.635344
0 0.248344 0.484266 0.229719 0.498766 0.210062 0.513250 0.199703 0.538078 0.207984 0.561875 0.214203 0.586719 0.216266 0.604297 0.216266 0.627062 0.225578 0.646734 0.239031 0.652937 0.251453 0.637422 0.260766 0.609484 0.259734 0.588781 0.256625 0.562906 0.251453 0.547391 0.245234 0.540156 0.253516 0.519453 0.264906 0.513250 0.275250 0.512203 0.273172 0.491516 0.262828 0.482203
0 0.001031 0.345609 0.016563 0.361141 0.034141 0.380797 0.043453 0.393219 0.043453 0.411844 0.036219 0.427359 0.018625 0.422187 0.002063 0.408734 0.000000 0.380797
0 0.004141 0.455297 0.019656 0.452187 0.033109 0.444953 0.051734 0.455297 0.060016 0.471859 0.067266 0.484266 0.078641 0.496688 0.097266 0.504969 0.120031 0.496688 0.142797 0.487375 0.157281 0.496688 0.155219 0.512203 0.141766 0.514281 0.132453 0.528766 0.114859 0.538078 0.098297 0.550500 0.077609 0.546359 0.056906 0.525656 0.033109 0.507031 0.015516 0.488406 0.001031 0.473922
0 0.003109 0.487375 0.017594 0.500828 0.036219 0.520484 0.049672 0.537047 0.062094 0.559812 0.062094 0.581547 0.057953 0.600172 0.053812 0.619828 0.035187 0.619828 0.024828 0.607406 0.025875 0.590859 0.024828 0.570156 0.016563 0.546359 0.002063 0.530844 0.001031 0.509109
0 0.682000 0.998437 0.675703 0.988203 0.661219 0.974750 0.650875 0.951984 0.655016 0.938531 0.659141 0.921984 0.672594 0.927156 0.689156 0.945781 0.715031 0.965437 0.724344 0.993375 0.726329 0.998437
0 0.617750 0.946813 0.613625 0.928187 0.612578 0.908531 0.609484 0.896109 0.605344 0.883687 0.599125 0.867141 0.599125 0.849547 0.599125 0.829891 0.601203 0.815391 0.596031 0.798844 0.609484 0.781250 0.637422 0.791594 0.636375 0.824703 0.634312 0.845406 0.632250 0.864031 0.639484 0.882656 0.648797 0.907484 0.653969 0.921984 0.653969 0.937500 0.646734 0.951984 0.640516 0.961297 0.623969 0.958203
0 0.133484 0.912672 0.143828 0.907484 0.160391 0.908531 0.172812 0.914734 0.184188 0.930250 0.196609 0.947844 0.212125 0.954063 0.232828 0.957156 0.259734 0.956125 0.283531 0.955094 0.292844 0.962328 0.298016 0.976828 0.299047 0.987172 0.294771 0.998437 0.259652 0.998437 0.251453 0.996484 0.231781 0.995453 0.217297 0.996484 0.216215 0.998437 0.208574 0.998437 0.206953 0.996484 0.192469 0.992344 0.184188 0.979922 0.170734 0.964406 0.161422 0.949922 0.149000 0.934391 0.138656 0.943703 0.129344 0.936469 0.129344 0.924047
0 0.037234 0.709203 0.057484 0.712437 0.082578 0.722156 0.107672 0.726203 0.131156 0.725391 0.156250 0.724578 0.170016 0.739969 0.195922 0.755344 0.210500 0.769922 0.211297 0.779625 0.200781 0.795016 0.183781 0.786109 0.165156 0.776391 0.147344 0.771531 0.134391 0.769109 0.109297 0.767484 0.078531 0.763437 0.055047 0.761016 0.034000 0.749672 0.028328 0.726203
0 0.127109 0.618516 0.122250 0.631484 0.122250 0.646047 0.136813 0.654141 0.149766 0.669531 0.157875 0.688953 0.178922 0.693000 0.191875 0.696250 0.195109 0.707578 0.200781 0.696250 0.218594 0.695437 0.243688 0.695437 0.272016 0.693000 0.277687 0.679250 0.278500 0.660625 0.274453 0.654141 0.258250 0.652531 0.243688 0.652531 0.224250 0.657391 0.209687 0.660625 0.190250 0.657391 0.179734 0.646859 0.172437 0.629859 0.155438 0.618516 0.137625 0.612047
0 0.271219 0.612859 0.277687 0.623375 0.292266 0.635531 0.309266 0.650906 0.325453 0.656578 0.345688 0.682484 0.348125 0.704344 0.331937 0.712437 0.314125 0.704344 0.297922 0.695437 0.289016 0.683297 0.286594 0.669531 0.275266 0.652531 0.263109 0.646047 0.255828 0.642813 0.259875 0.626625
0 0.001125 0.580031 0.013484 0.605891 0.029234 0.622750 0.044969 0.644109 0.057328 0.667719 0.056203 0.681203 0.040469 0.693562 0.030344 0.690203 0.011234 0.678953 0.003375 0.662094 0.001125 0.639609 0.001125 0.595766
0 0.238313 0.796984 0.252922 0.781250 0.276531 0.780125 0.303500 0.780125 0.328234 0.783500 0.343969 0.791359 0.374328 0.805984 0.392313 0.812719 0.412547 0.820594 0.427156 0.828469 0.430531 0.844203 0.415922 0.852063 0.387813 0.847578 0.348469 0.830703 0.325984 0.818344 0.297891 0.809359 0.277656 0.809359 0.257422 0.819469 0.245047 0.834078 0.233812 0.817219
0 0.447391 0.754266 0.437281 0.773375 0.435031 0.801484 0.438406 0.818344 0.435031 0.835203 0.421531 0.852063 0.408047 0.864437 0.405797 0.894781 0.418172 0.915016 0.442891 0.918391 0.450766 0.898156 0.450766 0.881297 0.454141 0.871172 0.466500 0.861063 0.469875 0.845328 0.472125 0.827344 0.471000 0.804859 0.471000 0.781250 0.473250 0.764391 0.463125 0.752016
0 0.405797 0.590156 0.402422 0.599141 0.405797 0.610391 0.419297 0.616000 0.428281 0.631750 0.442891 0.653109 0.456391 0.676703 0.468750 0.700313 0.487859 0.725047 0.500219 0.740781 0.517094 0.734031 0.520453 0.709313 0.508094 0.678953 0.493484 0.662094 0.475500 0.636234 0.463125 0.614891 0.450766 0.600266 0.430531 0.585656 0.417047 0.583406
0 0.541813 0.859938 0.529453 0.870047 0.509219 0.892531 0.490109 0.909391 0.479984 0.927391 0.468750 0.950984 0.455266 0.976844 0.447391 0.990328 0.447391 0.998437 0.479924 0.998437 0.490109 0.983594 0.503594 0.956609 0.510344 0.938625 0.528328 0.921766 0.558672 0.903781 0.575547 0.889156 0.576656 0.865563 0.562047 0.856563
0 0.562047 0.723922 0.582750 0.706141 0.604766 0.692453 0.634000 0.673344 0.658719 0.660969 0.694688 0.640734 0.713797 0.629500 0.729547 0.638484 0.734031 0.655344 0.717172 0.667719 0.687953 0.689078 0.660969 0.709313 0.629500 0.722797 0.611516 0.732906 0.591281 0.759891 0.567672 0.756516 0.559797 0.737406
0 0.695812 0.876797 0.728422 0.877922 0.756516 0.879047 0.789125 0.873422 0.822844 0.858812 0.844203 0.837453 0.871172 0.831828 0.881297 0.845328 0.879047 0.864437 0.857687 0.884672 0.820594 0.902656 0.800359 0.918391 0.765516 0.919516 0.717172 0.910516 0.689078 0.895906 0.687953 0.886922
0 0.863312 0.892531 0.891406 0.892531 0.918391 0.903781 0.940875 0.913891 0.957734 0.919516 0.981344 0.931875 0.993703 0.946500 0.998437 0.954886 0.997609 0.998437 0.985844 0.989203 0.971219 0.975719 0.954359 0.961109 0.933000 0.953234 0.907156 0.943125 0.890281 0.940875 0.871172 0.939750 0.859938 0.918391 0.855438 0.903781
0 0.761016 0.671094 0.790250 0.665469 0.817219 0.665469 0.852063 0.668844 0.872297 0.662094 0.897031 0.654234 0.909391 0.634000 0.925141 0.634000 0.942000 0.647484 0.938625 0.657594 0.925141 0.666594 0.909391 0.681203 0.895906 0.698063 0.870047 0.705937 0.840828 0.711562 0.808234 0.704812 0.784625 0.707062 0.764391 0.698063 0.754266 0.684578
0 0.879047 0.563172 0.899281 0.563172 0.911641 0.571047 0.928500 0.591281 0.948734 0.609266 0.971219 0.625000 0.984719 0.655344 0.984719 0.683453 0.980219 0.701438 0.962234 0.709313 0.948734 0.698063 0.952109 0.672219 0.949859 0.654234 0.935250 0.639609 0.915016 0.627250 0.899281 0.613766 0.882422 0.594656 0.868938 0.574422
0 0.924016 0.138266 0.935250 0.125906 0.956609 0.125906 0.982469 0.137141 0.998437 0.143721 0.998437 0.187457 0.979094 0.175359 0.952109 0.177609 0.926266 0.167484
0 0.924016 0.103422 0.927391 0.118031 0.946500 0.119156 0.966734 0.113531 0.998203 0.109031 0.998437 0.108690 0.998437 0.068108 0.990328 0.070813 0.975719 0.075313 0.957734 0.087688 0.943125 0.100047
1 0.167578 0.732672 0.203203 0.752922 0.212109 0.728625 0.233969 0.736719 0.248547 0.748062 0.260688 0.760203 0.293875 0.750484 0.314125 0.741578 0.299547 0.730250 0.323828 0.722953 0.313312 0.705953 0.293875 0.701094 0.280109 0.697047 0.255016 0.705953 0.233969 0.707578 0.211297 0.705953 0.207250 0.694625 0.200781 0.706766 0.193484 0.705156 0.187828 0.697859 0.171625 0.705156 0.164344 0.716484
1 0.476844 0.846828 0.471172 0.850875 0.476844 0.863828 0.469562 0.869500 0.463078 0.865453 0.453375 0.883250 0.453375 0.898641 0.448516 0.913219 0.436359 0.921312 0.430703 0.922922 0.425844 0.963406 0.416937 0.972312 0.423406 0.990938 0.427241 0.998437 0.499483 0.998437 0.491422 0.987688 0.481307 0.998437 0.438645 0.998437 0.437172 0.995797 0.450938 0.973125 0.462266 0.950453 0.465516 0.932641 0.475234 0.907547 0.493844 0.899453 0.500328 0.888922 0.500328 0.873547 0.495469 0.867062 0.494656 0.858156 0.501141 0.848453 0.493031 0.846828
1 0.429688 0.779781 0.416422 0.736297 0.424531 0.723766 0.440000 0.720812 0.444422 0.709766 0.465062 0.703125 0.470219 0.709766 0.476859 0.720078 0.484234 0.727453 0.500437 0.740719 0.497500 0.750297 0.487906 0.765031 0.478328 0.765766 0.469484 0.758406 0.453266 0.750297 0.439266 0.756922 0.434844 0.768719
0 0.537406 0.762391 0.573406 0.779109 0.561828 0.813813 0.545109 0.840812 0.556688 0.896094 0.578547 0.919234 0.578547 0.942375 0.546406 0.953953 0.511688 0.912813 0.497547 0.862672 0.528406 0.822813 0.528406 0.780391
0 0.209813 0.880922 0.251469 0.925672 0.285422 0.947266 0.331703 0.995094 0.348260 0.998437 0.276310 0.998437 0.208281 0.934922 0.189766 0.891734