0 0.100396 0.338660 0.098110 0.310683 0.121730 0.279797 0.159884 0.267078 0.179869 0.267078 0.197257 0.274321 0.216206 0.276163 0.236192 0.276163 0.259811 0.272529 0.276163 0.270712 0.301599 0.267078 0.325218 0.257994 0.337936 0.250727 0.343387 0.279797 0.343387 0.296148 0.343387 0.307049 0.332485 0.319767 0.294331 0.328852 0.261628 0.334302 0.210756 0.339753 0.172602 0.345203 0.145645 0.346437 0.130798 0.352800
0 0.356105 0.223474 0.376090 0.210756 0.394259 0.223474 0.403343 0.238009 0.408794 0.257994 0.410610 0.279797 0.406977 0.299782 0.401526 0.321584 0.403343 0.347020 0.406977 0.363372 0.417878 0.383358 0.421512 0.405160 0.426962 0.428779 0.428779 0.454215 0.428779 0.474201 0.416061 0.501453 0.399709 0.512355 0.374273 0.510538 0.359738 0.476017 0.354288 0.441497 0.348837 0.412427 0.347020 0.381541 0.343387 0.356105 0.343387 0.334302 0.347020 0.316134 0.352471 0.279797 0.352471 0.254360
0 0.363372 0.150799 0.374273 0.138081 0.394259 0.138081 0.410610 0.136265 0.426962 0.143532 0.437863 0.158067 0.448765 0.170785 0.459666 0.185320 0.470567 0.199855 0.486919 0.216206 0.499637 0.234375 0.508721 0.241642 0.517805 0.257994 0.519622 0.281613 0.519622 0.297965 0.519622 0.325218 0.512355 0.348837 0.486919 0.367006 0.486919 0.379724 0.450581 0.401526 0.434230 0.401526 0.428779 0.383358 0.430596 0.372456 0.443314 0.363372 0.445131 0.345203 0.454215 0.327035 0.459666 0.308866 0.459666 0.288881 0.448765 0.272529 0.443314 0.261628 0.434230 0.243459 0.423328 0.227108 0.412427 0.219840 0.401526 0.203488 0.388808 0.188953 0.370640 0.178052
0 0.450581 0.087209 0.468750 0.072674 0.492369 0.070858 0.514172 0.072674 0.528706 0.076308 0.555959 0.092660 0.555959 0.103561 0.563227 0.118096 0.575945 0.119913 0.595930 0.123547 0.621366 0.130814 0.639535 0.130814 0.659520 0.132631 0.681323 0.134448 0.697674 0.139898 0.717660 0.143532 0.734012 0.139898 0.752180 0.139898 0.757631 0.147166 0.770349 0.152616 0.777616 0.165334 0.779433 0.178052 0.777616 0.190770 0.753997 0.199855 0.706759 0.199855 0.728561 0.199855 0.686773 0.196221 0.641352 0.192587 0.623183 0.199855 0.603198 0.201672 0.586846 0.205305 0.575945 0.208939 0.552326 0.208939 0.541424 0.192587 0.537791 0.178052 0.523256 0.167151 0.501453 0.152616 0.496003 0.147166 0.477834 0.134448 0.457849 0.114462
0 0.565044 0.406977 0.579578 0.385174 0.597747 0.374273 0.614099 0.365189 0.630451 0.356105 0.650436 0.339753 0.663154 0.325218 0.677689 0.301599 0.692224 0.290698 0.712209 0.272529 0.732195 0.256177 0.761265 0.241642 0.781250 0.238009 0.806686 0.241642 0.812137 0.267078 0.804869 0.281613 0.781250 0.294331 0.763081 0.307049 0.750363 0.319767 0.739462 0.334302 0.721294 0.350654 0.703125 0.374273 0.674055 0.392442 0.654070 0.410610 0.623183 0.425145 0.597747 0.439680 0.579578 0.436047 0.572311 0.425145
0 0.773983 0.443314 0.797602 0.434230 0.810320 0.426962 0.823038 0.423328 0.828488 0.412427 0.843023 0.388808 0.848474 0.370640 0.853924 0.345203 0.872093 0.321584 0.881177 0.301599 0.893895 0.292515 0.915698 0.281613 0.935683 0.277980 0.942951 0.288881 0.944767 0.303416 0.942951 0.321584 0.939317 0.341570 0.930233 0.363372 0.919331 0.377907 0.906613 0.405160 0.906613 0.417878 0.897529 0.437863 0.868459 0.454215 0.852108 0.466933 0.826672 0.474201 0.795785 0.483285 0.781250 0.470567
0 0.339753 0.456032 0.321584 0.463299 0.307049 0.476017 0.281613 0.485102 0.254360 0.496003 0.245276 0.514172 0.225291 0.530523 0.218023 0.541424 0.205305 0.559593 0.205305 0.575945 0.190770 0.605015 0.190770 0.625000 0.183503 0.650436 0.167151 0.675872 0.168968 0.697674 0.176235 0.715843 0.194404 0.724927 0.218023 0.724927 0.236192 0.704942 0.245276 0.683140 0.261628 0.652253 0.268895 0.614099 0.272529 0.585029 0.283430 0.557776 0.299782 0.543241 0.319767 0.530523 0.345203 0.521439 0.354288 0.508721 0.357922 0.486919 0.348837 0.472384
0 0.272529 0.661337 0.287064 0.681323 0.310379 0.700650 0.332296 0.717619 0.349972 0.730345 0.367006 0.741279 0.386736 0.755090 0.401584 0.764282 0.421512 0.770349 0.443314 0.773983 0.459666 0.773983 0.479651 0.779433 0.492369 0.788517 0.494186 0.804869 0.494186 0.817587 0.494186 0.830305 0.488735 0.843023 0.465116 0.848474 0.436047 0.843023 0.408794 0.830305 0.376090 0.826672 0.357922 0.812137 0.341570 0.797602 0.316134 0.781250 0.299782 0.770349 0.285247 0.752180 0.268895 0.732195 0.259811 0.714026 0.248910 0.694041 0.256177 0.677689
0 0.501453 0.541424 0.530523 0.539608 0.548692 0.541424 0.557776 0.552326 0.566860 0.563227 0.574128 0.574128 0.594113 0.583212 0.606831 0.588663 0.625000 0.603198 0.643169 0.614099 0.657703 0.625000 0.677689 0.635901 0.715843 0.635901 0.741279 0.632267 0.768532 0.630451 0.777616 0.639535 0.784884 0.663154 0.788517 0.692224 0.763081 0.704942 0.715843 0.699491 0.681323 0.701308 0.637718 0.701308 0.617733 0.684956 0.599564 0.670422 0.586846 0.650436 0.566860 0.637718 0.545058 0.617733 0.519622 0.601381 0.515988 0.586846 0.496003 0.565044
0 0.813953 0.695858 0.807122 0.721899 0.804700 0.746124 0.799419 0.772166 0.795010 0.790940 0.775630 0.807897 0.764898 0.824855 0.746730 0.850291 0.748547 0.868459 0.746730 0.884811 0.779433 0.868459 0.806686 0.857558 0.826672 0.843023 0.841206 0.819404 0.850291 0.803052 0.852108 0.777616 0.853924 0.757631 0.853924 0.717660 0.859375 0.699491 0.872093 0.679506 0.882994 0.674055 0.884811 0.659520 0.884811 0.644985 0.877544 0.630451 0.870276 0.623183 0.850291 0.617733 0.844840 0.626817 0.835756 0.641352 0.828488 0.652253 0.823038 0.668605
0 0.919331 0.697674 0.906613 0.683140 0.888445 0.681323 0.879360 0.690407 0.864826 0.704942 0.863009 0.723110 0.859375 0.741279 0.866642 0.766715 0.863009 0.784884 0.861192 0.799419 0.861192 0.813953 0.866642 0.843023 0.884811 0.855741 0.893895 0.875727 0.919331 0.882994 0.930233 0.899346 0.959302 0.899346 0.997456 0.912064 0.998437 0.912064 0.998437 0.859375 0.992006 0.859375 0.962936 0.844840 0.952035 0.837573 0.935683 0.817587 0.928416 0.804869 0.924782 0.790334 0.922965 0.775799 0.922965 0.750363 0.922965 0.741279 0.924782 0.719477
0 0.341570 0.922965 0.367006 0.912064 0.383358 0.908430 0.401526 0.899346 0.414244 0.890262 0.439680 0.884811 0.457849 0.881177 0.483285 0.872093 0.506904 0.861192 0.530523 0.850291 0.548692 0.844840 0.561410 0.839390 0.585029 0.832122 0.606831 0.826672 0.623183 0.826672 0.632267 0.839390 0.634084 0.853924 0.625000 0.872093 0.605015 0.881177 0.577762 0.886628 0.548692 0.904797 0.508721 0.899346 0.481468 0.897529 0.461483 0.897529 0.439680 0.908430 0.437863 0.922965 0.448765 0.955669 0.428779 0.966570 0.405160 0.973837 0.390625 0.975654 0.370640 0.977471 0.356105 0.975654 0.347020 0.962936 0.332485 0.942951
0 0.439840 0.925110 0.448789 0.950578 0.465308 0.957461 0.488735 0.966570 0.497820 0.977471 0.508721 0.986555 0.520672 0.998437 0.678270 0.998437 0.679506 0.993823 0.686773 0.966570 0.681323 0.953852 0.675872 0.948401 0.652253 0.942951 0.643169 0.955669 0.597747 0.959302 0.623183 0.961119 0.605015 0.972020 0.574128 0.957485 0.567942 0.948034 0.555653 0.938378 0.550386 0.926088 0.542486 0.909410 0.525808 0.904143 0.509129 0.906777 0.495962 0.904143 0.476322 0.902395 0.446724 0.908590
0 0.230741 0.953852 0.227108 0.968387 0.199855 0.964753 0.183503 0.946584 0.172602 0.919331 0.172602 0.906613 0.172602 0.873910 0.168968 0.852108 0.170785 0.835756 0.168968 0.819404 0.168968 0.803052 0.167151 0.786701 0.161701 0.763081 0.158067 0.743096 0.158067 0.715843 0.158067 0.712209 0.181686 0.721294 0.205305 0.732195 0.212573 0.752180 0.214390 0.775799 0.218023 0.797602 0.218023 0.813953 0.214390 0.832122 0.218023 0.853924 0.221657 0.872093 0.225291 0.892078 0.230741 0.908430 0.232558 0.924782 0.232558 0.935683
0 0.143532 0.813953 0.132631 0.813953 0.118096 0.824855 0.107195 0.835756 0.099927 0.846657 0.099927 0.861192 0.105378 0.866642 0.105378 0.877544 0.109012 0.897529 0.109012 0.917515 0.103561 0.935683 0.107195 0.952035 0.098110 0.970203 0.098110 0.990189 0.096884 0.998437 0.166341 0.998437 0.168968 0.982922 0.161701 0.959302 0.158067 0.942951 0.159884 0.928416 0.158067 0.906613 0.154433 0.892078 0.158067 0.868459 0.156250 0.844840 0.150799 0.832122
0 0.266667 0.777778 0.256944 0.788889 0.259028 0.813194 0.284028 0.830556 0.313889 0.834028 0.338889 0.838889 0.338194 0.821528 0.320139 0.806250 0.297222 0.779861