0 0.600234 0.001906 0.546875 0.032391 0.510672 0.057172 0.487812 0.095281 0.478281 0.144813 0.495422 0.194359 0.520203 0.228656 0.457313 0.226750 0.432547 0.196266 0.426828 0.158156 0.409687 0.108609 0.411578 0.062875 0.438266 0.030484 0.464938 0.005719
0 0.697406 0.000000 0.705031 0.066687 0.706937 0.112422 0.703125 0.163875 0.710750 0.198172 0.752672 0.198172 0.771719 0.142906 0.766000 0.080031 0.771719 0.015250 0.769813 0.001906
0 0.427078 0.227672 0.386906 0.227672 0.357141 0.248516 0.358625 0.276781 0.401781 0.285719 0.462797 0.293156 0.540172 0.296125 0.595234 0.287203 0.674109 0.241078 0.727672 0.214281 0.696422 0.159219 0.668156 0.171125 0.598219 0.194938 0.543156 0.223219
0 0.412203 0.334828 0.354172 0.291672 0.315469 0.261906 0.282734 0.245531 0.214281 0.252969 0.175594 0.290172 0.156250 0.325891 0.159219 0.376484 0.169641 0.440469 0.177078 0.480656 0.181547 0.538687 0.200891 0.561016 0.226187 0.558031 0.248516 0.517859 0.242563 0.465781 0.226187 0.425594 0.226187 0.363094 0.244047 0.319937 0.285719 0.313984 0.340781 0.346719 0.377969 0.369047 0.407734 0.360125
0 0.843750 0.002969 0.815469 0.041672 0.828875 0.105656 0.845234 0.208328 0.858625 0.255953 0.913687 0.336313 0.974703 0.404766 0.998437 0.421307 0.998437 0.322723 0.977672 0.294641 0.940469 0.236609 0.915172 0.159219 0.886906 0.098219 0.873516 0.046125 0.891375 0.014875 0.886906 0.004469
0 0.727672 0.242563 0.709828 0.269344 0.727672 0.294641 0.730656 0.331844 0.715781 0.363094 0.696422 0.395828 0.687500 0.470234 0.696422 0.522328 0.714281 0.578875 0.744047 0.604172 0.781250 0.604172 0.787203 0.568453 0.784219 0.532734 0.758922 0.492563 0.758922 0.450891 0.760422 0.416672 0.775297 0.375000 0.787203 0.331844 0.787203 0.275297 0.761906 0.242563
0 0.495531 0.375000 0.494047 0.436016 0.510422 0.513391 0.547625 0.592266 0.590781 0.657734 0.616078 0.690469 0.674109 0.691969 0.675594 0.669641 0.653281 0.629469 0.617563 0.592266 0.596719 0.563984 0.595234 0.526781 0.569937 0.477672 0.556547 0.410719 0.550594 0.351187 0.561016 0.305063 0.555063 0.294641 0.522328 0.300594 0.500000 0.337797
0 0.833328 0.444937 0.800594 0.427078 0.782734 0.406250 0.781250 0.377969 0.791672 0.337797 0.818453 0.318453 0.861609 0.313984 0.898813 0.319937 0.936016 0.360125 0.965781 0.406250 0.967266 0.427078 0.947922 0.443453 0.903281 0.440469 0.885422 0.415172 0.883922 0.388391 0.857141 0.383922 0.837797 0.386906 0.849703 0.416672 0.872031 0.424109 0.863094 0.440469
0 0.422625 0.425594 0.358625 0.489578 0.311016 0.535719 0.275297 0.581844 0.235125 0.638391 0.226187 0.651781 0.270828 0.654766 0.294641 0.663687 0.325891 0.627969 0.367563 0.575891 0.404766 0.528281 0.452375 0.491078 0.489578 0.458328 0.486609 0.427078 0.462797 0.409219
0 0.180062 0.645828 0.168156 0.674109 0.196422 0.708328 0.260422 0.726187 0.306547 0.751484 0.355656 0.809531 0.407734 0.876484 0.470234 0.938984 0.522328 0.938984 0.549109 0.934531 0.544641 0.889875 0.497031 0.873516 0.455359 0.827375 0.422625 0.766375 0.385422 0.717266 0.333328 0.687500 0.281250 0.665172 0.226187 0.650297 0.193453 0.638391
0 0.196422 0.873516 0.190469 0.815469 0.190469 0.752969 0.193453 0.708328 0.165172 0.674109 0.156250 0.723219 0.133922 0.776781 0.116078 0.781250 0.122031 0.837797 0.130953 0.901781 0.133922 0.938984 0.119949 0.998437 0.187844 0.998437 0.191969 0.964281 0.202375 0.895828
0 0.482141 0.794641 0.544641 0.760422 0.616078 0.741078 0.684531 0.738094 0.736609 0.720234 0.797625 0.705359 0.857141 0.699406 0.867563 0.729172 0.845234 0.754469 0.776781 0.784219 0.717266 0.799109 0.656250 0.813984 0.608625 0.816969 0.544641 0.828875 0.510422 0.852672 0.500000 0.875000 0.455359 0.827375
0 0.910719 0.766375 0.885422 0.751484 0.846719 0.754469 0.773813 0.794641 0.718750 0.812500 0.688984 0.843750 0.639875 0.886906 0.586313 0.928578 0.553578 0.965781 0.592266 0.988094 0.648813 0.971719 0.694937 0.940469 0.732141 0.898813 0.800594 0.854172 0.869047 0.815469 0.904766 0.803578
1 0.535844 0.039516 0.531250 0.047797 0.545031 0.078125 0.554234 0.101109 0.561578 0.107531 0.564344 0.133266 0.563422 0.160844 0.557906 0.179234 0.566172 0.193016 0.592828 0.190250 0.617641 0.175547 0.627750 0.153500 0.630516 0.091906 0.621328 0.059750 0.636953 0.030328 0.628672 0.004594 0.603859 0.004594 0.593750 0.010109 0.580875 0.018375 0.543203 0.035844
1 0.547797 0.306984 0.545031 0.329969 0.542281 0.363969 0.550547 0.393375 0.563422 0.401656 0.557906 0.430141 0.565250 0.439344 0.568937 0.463234 0.569859 0.476109 0.590078 0.480703 0.582719 0.494484 0.579047 0.511031 0.601109 0.516547 0.597422 0.536766 0.596500 0.554234 0.602016 0.566172 0.606625 0.573531 0.625000 0.557906 0.645219 0.529406 0.622250 0.502750 0.617641 0.455875 0.613969 0.425547 0.608453 0.391547 0.632359 0.386031 0.642469 0.375922 0.659000 0.352938 0.656250 0.331797 0.654406 0.305141 0.663609 0.292281 0.680141 0.280328 0.684750 0.284922 0.689344 0.277578 0.688422 0.253672 0.679234 0.244484 0.670031 0.246328 0.656250 0.259188 0.647062 0.270219 0.637875 0.284922 0.645219 0.299625 0.640625 0.308828 0.627750 0.305141 0.618563 0.283094 0.613047 0.281250 0.591000 0.289516 0.572609 0.301469 0.558828 0.296875
1 0.589156 0.989891 0.594206 0.998437 0.701617 0.998437 0.707719 0.971500 0.706797 0.957719 0.717828 0.938422 0.724266 0.919125 0.706797 0.926469 0.697609 0.942094 0.685656 0.952203 0.673719 0.960484 0.652578 0.968750 0.636031 0.974266 0.619484 0.983453 0.602016 0.985297
0 0.310234 0.419734 0.242453 0.513594 0.205953 0.604844 0.153812 0.706516 0.130359 0.779516 0.088641 0.776906 0.080812 0.719547 0.125141 0.586594 0.224203 0.406703 0.278953 0.380625 0.310234 0.396281
0 0.745625 0.696094 0.719547 0.623094 0.706516 0.589203 0.729984 0.570953 0.766484 0.591797 0.789937 0.664797 0.826437 0.677844 0.862937 0.654375 0.826437 0.529234 0.750828 0.495344 0.693484 0.495344 0.636125 0.537062 0.620484 0.602234 0.677844 0.703906 0.719547 0.701297