0 0.6203125 0.4375 0.05 0.053125
0 0.959375 0.5453125 0.059375 0.0625
0 0.35625 0.17890625 0.059375 0.0578125
0 0.35546875 0.12265625 0.0515625 0.0453125
0 0.3109375 0.45703125 0.0625 0.0609375
0 0.52265625 0.153125 0.0578125 0.053125
0 0.43046875 0.92421875 0.0609375 0.0453125
0 0.0296875 0.253125 0.05625 0.065625
0 0.65859375 0.7671875 0.0515625 0.040625
0 0.678125 0.9609375 0.053125 0.05625
0 0.63984375 0.24296875 0.0578125 0.0546875
0 0.86015625 0.56015625 0.0484375 0.0546875
0 0.371875 0.434375 0.059375 0.05625
0 0.57109375 0.678125 0.0640625 0.059375
0 0.884375 0.7953125 0.046875 0.05
0 0.31171875 0.62578125 0.0640625 0.0609375
0 0.62734375 0.38203125 0.0359375 0.0390625
0 0.8796875 0.61640625 0.05 0.0484375
0 0.653125 0.7359375 0.065625 0.065625
0 0.68046875 0.8140625 0.0546875 0.046875
0 0.56484375 0.52734375 0.0578125 0.0546875
0 0.15703125 0.646875 0.0578125 0.05625
0 0.0328125 0.12421875 0.059375 0.0546875
0 0.4328125 0.58046875 0.053125 0.0484375
0 0.434375 0.8140625 0.05625 0.0625
0 0.96953125 0.46015625 0.0546875 0.0671875
0 0.159375 0.86171875 0.0875 0.0734375
0 0.28671875 0.33125 0.0828125 0.071875
0 0.4046875 0.53046875 0.059375 0.0578125
0 0.646875 0.8921875 0.0625 0.0625
0 0.30546875 0.7765625 0.0828125 0.075
0 0.4546875 0.96328125 0.065625 0.0515625
0 0.30546875 0.5359375 0.0703125 0.071875
0 0.21015625 0.971875 0.0671875 0.046875
0 0.16328125 0.759375 0.0703125 0.065625
0 0.43828125 0.878125 0.0609375 0.05625
0 0.35546875 0.0734375 0.0703125 0.0625
0 0.34375 0.9609375 0.078125 0.0625
0 0.32265625 0.9015625 0.0671875 0.0625
0 0.503125 0.23203125 0.078125 0.0703125
0 0.38359375 0.37890625 0.0703125 0.0578125
0 0.96015625 0.16640625 0.0671875 0.0671875
0 0.603125 0.10234375 0.0625 0.0640625
0 0.134375 0.60390625 0.071875 0.0640625
0 0.16484375 0.79140625 0.0703125 0.0671875
0 0.05078125 0.80390625 0.0640625 0.0578125
0 0.27734375 0.059375 0.0671875 0.059375
0 0.37578125 0.2671875 0.0390625 0.046875
0 0.54375 0.3796875 0.040625 0.0375
0 0.553125 0.4109375 0.05 0.040625
0 0.565625 0.47109375 0.053125 0.0453125
0 0.6625 0.646875 0.05625 0.04375
0 0.5546875 0.6203125 0.0625 0.05625
0 0.446875 0.73203125 0.05625 0.0390625
0 0.7921875 0.73125 0.05 0.046875
0 0.28203125 0.20390625 0.0484375 0.0453125
0 0.13515625 0.29375 0.0484375 0.04375
0 0.28984375 0.246875 0.0484375 0.04375
0 0.15 0.33125 0.05 0.040625
0 0.0640625 0.38671875 0.0625 0.0546875
0 0.0484375 0.3421875 0.05625 0.046875
0 0.12734375 0.4046875 0.0484375 0.053125
0 0.1875 0.48359375 0.059375 0.0671875
0 0.1453125 0.521875 0.059375 0.05625
0 0.021875 0.18828125 0.040625 0.0484375
0 0.5203125 0.04765625 0.053125 0.0421875
0 0.84296875 0.19921875 0.0390625 0.0390625
0 0.71328125 0.04375 0.0484375 0.0375
0 0.0921875 0.7015625 0.065625 0.059375
0 0.26328125 0.14765625 0.0390625 0.0390625
0 0.3171875 0.8453125 0.05 0.04375
0 0.3078125 0.67734375 0.05 0.0484375
0 0.3921875 0.63125 0.05 0.04375
0 0.97890625 0.22890625 0.0390625 0.0359375
0 0.1046875 0.15625 0.04375 0.05625
0 0.021875 0.70390625 0.040625 0.0484375
0 0.10546875 0.98203125 0.0609375 0.0359375
0 0.50546875 0.103125 0.0421875 0.034375
0 0.62109375 0.1765625 0.0328125 0.0375
0 0.53828125 0.340625 0.0390625 0.034375
0 0.62109375 0.54140625 0.0328125 0.0328125
0 0.57265625 0.56484375 0.0296875 0.0265625
0 0.575 0.72109375 0.040625 0.0328125
0 0.5453125 0.7546875 0.04375 0.04375
0 0.6078125 0.8875 0.040625 0.05
0 0.60859375 0.95546875 0.0359375 0.0359375
0 0.58671875 0.98046875 0.0453125 0.0390625
0 0.9078125 0.86640625 0.03125 0.0296875
0 0.91328125 0.93203125 0.0296875 0.0390625
0 0.9125 0.97265625 0.028125 0.0296875
0 0.8421875 0.9421875 0.0375 0.034375
0 0.80546875 0.94921875 0.0234375 0.0296875
0 0.80703125 0.6171875 0.0296875 0.028125
0 0.8140625 0.66484375 0.04375 0.0390625
0 0.76015625 0.66328125 0.0265625 0.0359375
0 0.7609375 0.61953125 0.01875 0.0296875
0 0.82265625 0.490625 0.0265625 0.028125
0 0.86328125 0.44296875 0.0203125 0.0359375
0 0.87109375 0.4921875 0.0234375 0.034375
0 0.80625 0.43984375 0.021875 0.0265625
0 0.7984375 0.465625 0.03125 0.028125
0 0.7671875 0.43828125 0.028125 0.0359375
0 0.7828125 0.39375 0.028125 0.034375
0 0.79453125 0.34375 0.0328125 0.040625
0 0.80390625 0.2984375 0.0390625 0.03125
0 0.84375 0.246875 0.0375 0.040625
0 0.85703125 0.3703125 0.0359375 0.04375
0 0.78984375 0.25625 0.0296875 0.028125
0 0.7375 0.234375 0.028125 0.03125
0 0.73671875 0.26484375 0.0296875 0.0265625
0 0.5984375 0.36171875 0.0375 0.0421875
0 0.74609375 0.18125 0.0328125 0.034375
0 0.7546875 0.115625 0.0375 0.028125
0 0.7625 0.08515625 0.028125 0.0265625
0 0.965625 0.109375 0.053125 0.046875
0 0.95703125 0.06328125 0.0296875 0.0265625
0 0.975 0.27578125 0.046875 0.0390625
0 0.97109375 0.3578125 0.0390625 0.04375
0 0.95078125 0.38671875 0.0359375 0.0359375
0 0.98203125 0.6296875 0.0359375 0.046875
0 0.9859375 0.76953125 0.01875 0.0328125
0 0.4140625 0.6734375 0.04375 0.03125
0 0.40703125 0.8109375 0.0453125 0.04375
0 0.0921875 0.83125 0.05 0.0625
0 0.40234375 0.253125 0.0296875 0.040625
0 0.1078125 0.0140625 0.03125 0.025
0 0.66484375 0.6078125 0.0390625 0.0375
0 0.4234375 0.69921875 0.040625 0.0359375
0 0.2390625 0.0984375 0.05 0.04375
0 0.86875 0.68125 0.040625 0.034375
0 0.878125 0.7421875 0.040625 0.0375
0 0.971875 0.69609375 0.05625 0.0453125
0 0.78125 0.56953125 0.046875 0.0390625
0 0.5609375 0.86953125 0.04375 0.0359375
