0 0.6453125 0.65234375 0.05625 0.0484375
0 0.74609375 0.215625 0.0578125 0.046875
0 0.73984375 0.25859375 0.0578125 0.0515625
0 0.1859375 0.1328125 0.05625 0.05
0 0.07578125 0.5546875 0.0609375 0.05
0 0.1296875 0.43046875 0.059375 0.0546875
0 0.18828125 0.6890625 0.0546875 0.053125
0 0.72890625 0.9578125 0.0609375 0.053125
0 0.47265625 0.46171875 0.0515625 0.0453125
0 0.19609375 0.97421875 0.0546875 0.0421875
0 0.07578125 0.040625 0.0484375 0.04375
0 0.0484375 0.615625 0.05625 0.05625
0 0.30234375 0.4234375 0.0578125 0.05625
0 0.30859375 0.71875 0.0640625 0.05625
0 0.215625 0.475 0.053125 0.04375
0 0.53046875 0.66171875 0.0640625 0.0546875
0 0.0453125 0.29375 0.05 0.04375
0 0.66015625 0.7109375 0.0484375 0.053125
0 0.27265625 0.2046875 0.0515625 0.053125
0 0.5453125 0.5640625 0.05 0.040625
0 0.70625 0.025 0.05625 0.046875
0 0.0953125 0.153125 0.05 0.05
0 0.45703125 0.95703125 0.0640625 0.0546875
0 0.54609375 0.73984375 0.0796875 0.0640625
0 0.55078125 0.95546875 0.0671875 0.0609375
0 0.2015625 0.0421875 0.08125 0.0625
0 0.775 0.55703125 0.071875 0.0578125
0 0.4875 0.57421875 0.06875 0.0609375
0 0.2859375 0.3390625 0.090625 0.075
0 0.2875 0.48984375 0.071875 0.0609375
0 0.62890625 0.309375 0.0703125 0.065625
0 0.3046875 0.25546875 0.075 0.0765625
0 0.290625 0.06796875 0.078125 0.0640625
0 0.059375 0.6921875 0.065625 0.071875
0 0.17578125 0.27890625 0.0640625 0.0578125
0 0.7765625 0.328125 0.065625 0.059375
0 0.19921875 0.546875 0.0734375 0.0625
0 0.7421875 0.71328125 0.06875 0.0671875
0 0.73515625 0.60234375 0.0703125 0.0578125
0 0.2125 0.790625 0.065625 0.059375
0 0.76875 0.04921875 0.059375 0.0546875
0 0.2171875 0.72890625 0.0625 0.0578125
0 0.46796875 0.33359375 0.0671875 0.0609375
0 0.65078125 0.0375 0.0671875 0.05625
0 0.725 0.16328125 0.06875 0.0671875
0 0.534375 0.28828125 0.0625 0.0578125
0 0.72890625 0.378125 0.0640625 0.065625
0 0.1625 0.35625 0.065625 0.059375
0 0.2796875 0.565625 0.059375 0.065625
0 0.1859375 0.18359375 0.0625 0.0609375
0 0.16875 0.61796875 0.05625 0.0640625
0 0.453125 0.51796875 0.0625 0.0609375
0 0.05546875 0.80625 0.0640625 0.059375
0 0.08671875 0.74453125 0.0671875 0.0578125
0 0.53203125 0.065625 0.0640625 0.05625
0 0.63125 0.14296875 0.065625 0.0703125
0 0.44375 0.71640625 0.090625 0.0796875
0 0.7421875 0.4890625 0.078125 0.071875
0 0.29375 0.7796875 0.075 0.06875
0 0.4296875 0.40234375 0.065625 0.0609375
0 0.56171875 0.603125 0.0859375 0.06875
0 0.52734375 0.13203125 0.0453125 0.0390625
0 0.90234375 0.2828125 0.0640625 0.05
0 0.303125 0.65859375 0.05625 0.0546875
0 0.0734375 0.36484375 0.05625 0.0515625
0 0.0328125 0.4515625 0.059375 0.05625
0 0.08984375 0.23984375 0.0484375 0.0484375
0 0.025 0.12734375 0.046875 0.0609375
0 0.084375 0.096875 0.053125 0.040625
0 0.31328125 0.128125 0.0703125 0.065625
0 0.8609375 0.103125 0.03125 0.046875
0 0.98203125 0.3796875 0.0359375 0.028125
0 0.4609375 0.653125 0.04375 0.046875
