0 0.4734375 0.46328125 0.05625 0.0484375
0 0.4125 0.79765625 0.046875 0.0421875
0 0.35234375 0.32890625 0.0546875 0.0484375
0 0.053125 0.56640625 0.046875 0.0421875
0 0.61953125 0.484375 0.0578125 0.046875
0 0.21484375 0.36796875 0.0515625 0.0484375
0 0.59609375 0.26328125 0.0578125 0.0515625
0 0.21328125 0.52890625 0.0546875 0.0515625
0 0.7109375 0.72734375 0.053125 0.0546875
0 0.365625 0.05390625 0.05625 0.0484375
0 0.11796875 0.45234375 0.0546875 0.0515625
0 0.3875 0.53359375 0.053125 0.0484375
0 0.92421875 0.62734375 0.0421875 0.0390625
0 0.20703125 0.0171875 0.0453125 0.03125
0 0.46796875 0.0921875 0.0484375 0.040625
0 0.61328125 0.69296875 0.0515625 0.0484375
0 0.39921875 0.9609375 0.0578125 0.05
0 0.696875 0.03359375 0.059375 0.0484375
0 0.478125 0.55546875 0.046875 0.0453125
0 0.48828125 0.153125 0.0515625 0.046875
0 0.50625 0.51796875 0.053125 0.0484375
0 0.3640625 0.1015625 0.053125 0.04375
0 0.690625 0.20078125 0.053125 0.0484375
0 0.403125 0.87890625 0.059375 0.0546875
0 0.37578125 0.28671875 0.0421875 0.0421875
0 0.6921875 0.55546875 0.04375 0.0453125
0 0.9125 0.21484375 0.05625 0.0515625
0 0.8984375 0.02421875 0.059375 0.0453125
0 0.91953125 0.06953125 0.0546875 0.0546875
0 0.3875 0.57265625 0.05 0.0421875
0 0.19921875 0.30234375 0.0484375 0.0484375
0 0.03359375 0.94921875 0.0578125 0.0546875
0 0.471875 0.05078125 0.05625 0.0484375
0 0.49453125 0.846875 0.0546875 0.05
0 0.47109375 0.1921875 0.0390625 0.0375
0 0.8796875 0.796875 0.053125 0.046875
0 0.12265625 0.60078125 0.0421875 0.0421875
0 0.45 0.25 0.05625 0.05625
0 0.83984375 0.29140625 0.0546875 0.0484375
0 0.91328125 0.4390625 0.0546875 0.05625
0 0.38828125 0.36953125 0.0484375 0.0453125
0 0.3640625 0.2078125 0.05625 0.053125
0 0.85703125 0.64140625 0.0546875 0.0546875
0 0.49140625 0.746875 0.0546875 0.046875
0 0.3828125 0.65 0.046875 0.046875
0 0.9171875 0.26796875 0.071875 0.0609375
0 0.57421875 0.1953125 0.0484375 0.04375
0 0.134375 0.77421875 0.05625 0.0546875
0 0.1046875 0.38203125 0.065625 0.0671875
0 0.81484375 0.02421875 0.0640625 0.0453125
0 0.9421875 0.71015625 0.065625 0.0609375
0 0.05625 0.1515625 0.04375 0.046875
0 0.8234375 0.13125 0.0625 0.05625
0 0.93671875 0.8859375 0.0546875 0.053125
0 0.45078125 0.34609375 0.0484375 0.0453125
0 0.12109375 0.65546875 0.0515625 0.0453125
0 0.2359375 0.4734375 0.04375 0.040625
0 0.1828125 0.228125 0.065625 0.059375
0 0.68125 0.49921875 0.053125 0.0484375
0 0.83125 0.3921875 0.0625 0.05625
0 0.24140625 0.821875 0.0421875 0.040625
0 0.8515625 0.9375 0.078125 0.071875
0 0.128125 0.52421875 0.05625 0.0515625
0 0.2640625 0.90078125 0.046875 0.0453125
0 0.821875 0.50390625 0.06875 0.0640625
0 0.8359375 0.72109375 0.075 0.0765625
0 0.68515625 0.61640625 0.0515625 0.0453125
0 0.40078125 0.40625 0.0421875 0.040625
0 0.1921875 0.07421875 0.053125 0.0484375
0 0.09765625 0.1609375 0.0703125 0.06875
0 0.67578125 0.14453125 0.0640625 0.0578125
0 0.80703125 0.4375 0.0640625 0.05625
0 0.80859375 0.63984375 0.0484375 0.0484375
0 0.803125 0.08125 0.06875 0.059375
0 0.35546875 0.14921875 0.0765625 0.0578125
0 0.11171875 0.0421875 0.0671875 0.059375
0 0.24453125 0.6703125 0.0453125 0.05
0 0.82890625 0.23359375 0.0484375 0.0484375
0 0.36953125 0.83984375 0.0515625 0.0421875
0 0.86875 0.8765625 0.059375 0.053125
0 0.83046875 0.3390625 0.0640625 0.05
0 0.915625 0.12578125 0.065625 0.0546875
0 0.940625 0.1703125 0.0625 0.05625
0 0.19921875 0.18125 0.0609375 0.05
0 0.26328125 0.7828125 0.0359375 0.0375
0 0.42109375 0.740625 0.0421875 0.040625
0 0.57265625 0.12734375 0.0578125 0.0640625
0 0.48359375 0.31328125 0.0453125 0.0421875
0 0.9546875 0.9625 0.059375 0.05625
0 0.66796875 0.334375 0.0578125 0.0625
0 0.5921875 0.33046875 0.065625 0.0578125
0 0.59375 0.41015625 0.04375 0.0390625
0 0.34765625 0.4578125 0.0546875 0.053125
0 0.11796875 0.2796875 0.0640625 0.0625
0 0.44375 0.65234375 0.0375 0.0390625
0 0.915625 0.33671875 0.059375 0.0484375
0 0.92734375 0.37890625 0.0734375 0.0640625
0 0.7171875 0.4515625 0.046875 0.046875
0 0.2796875 0.365625 0.0375 0.04375
0 0.39453125 0.47734375 0.0390625 0.0328125
0 0.1296875 0.8890625 0.04375 0.0375
0 0.1296875 0.925 0.05 0.0375
0 0.18671875 0.97734375 0.0390625 0.0453125
0 0.26875 0.98515625 0.053125 0.0296875
0 0.678125 0.97265625 0.034375 0.0390625
0 0.61796875 0.921875 0.0328125 0.034375
0 0.678125 0.803125 0.040625 0.028125
0 0.63125 0.18984375 0.046875 0.0484375
0 0.69375 0.09375 0.04375 0.053125
0 0.64375 0.01796875 0.059375 0.0328125
0 0.57890625 0.01328125 0.0828125 0.0234375
