0 0.95703125 0.9734375 0.0484375 0.040625
0 0.4984375 0.68515625 0.053125 0.0484375
0 0.50703125 0.77734375 0.0515625 0.0453125
0 0.9703125 0.9234375 0.04375 0.046875
0 0.4265625 0.928125 0.04375 0.040625
0 0.69609375 0.07578125 0.0453125 0.0453125
0 0.91953125 0.25390625 0.0484375 0.0515625
0 0.9265625 0.77421875 0.05625 0.0546875
0 0.946875 0.86875 0.053125 0.05625
0 0.41171875 0.975 0.0546875 0.040625
0 0.95703125 0.8078125 0.0453125 0.046875
0 0.5 0.9359375 0.053125 0.04375
0 0.2484375 0.80390625 0.05625 0.0578125
0 0.4734375 0.13984375 0.05625 0.0515625
0 0.4734375 0.7328125 0.059375 0.05
0 0.70390625 0.28203125 0.0421875 0.0453125
0 0.496875 0.975 0.046875 0.0375
0 0.93203125 0.71875 0.0484375 0.046875
0 0.7078125 0.8734375 0.05625 0.05
0 0.86484375 0.96796875 0.0453125 0.0390625
0 0.13828125 0.871875 0.0546875 0.046875
0 0.86953125 0.66484375 0.0546875 0.0515625
0 0.346875 0.1875 0.08125 0.065625
0 0.4453125 0.03515625 0.06875 0.0578125
0 0.39296875 0.6875 0.0671875 0.05625
0 0.35703125 0.25703125 0.0765625 0.0609375
0 0.41015625 0.88515625 0.0453125 0.0421875
0 0.23203125 0.70390625 0.0609375 0.0609375
0 0.459375 0.46953125 0.06875 0.0578125
0 0.8453125 0.92578125 0.05 0.0546875
0 0.08671875 0.02890625 0.0828125 0.0546875
0 0.95859375 0.6546875 0.0390625 0.040625
0 0.39765625 0.55 0.0515625 0.053125
0 0.39765625 0.7875 0.0671875 0.0625
0 0.20078125 0.18828125 0.0484375 0.0484375
0 0.61484375 0.3671875 0.0546875 0.046875
0 0.3828125 0.4671875 0.053125 0.05
0 0.61875 0.146875 0.040625 0.040625
0 0.8765625 0.8546875 0.08125 0.06875
0 0.46640625 0.1859375 0.0453125 0.046875
0 0.26875 0.91953125 0.065625 0.0484375
0 0.4859375 0.82421875 0.059375 0.0578125
0 0.4515625 0.3640625 0.05625 0.053125
0 0.12734375 0.946875 0.0578125 0.05
0 0.365625 0.35546875 0.059375 0.0609375
0 0.6078125 0.8640625 0.046875 0.040625
0 0.2578125 0.88046875 0.05625 0.0421875
0 0.471875 0.26328125 0.05 0.0546875
0 0.103125 0.4015625 0.05 0.053125
0 0.46953125 0.53203125 0.0765625 0.0734375
0 0.675 0.73984375 0.05 0.0484375
0 0.9078125 0.16328125 0.065625 0.0609375
0 0.0953125 0.23046875 0.059375 0.0578125
0 0.50546875 0.89609375 0.0390625 0.0328125
0 0.34609375 0.0859375 0.0671875 0.065625
0 0.8484375 0.7203125 0.053125 0.028125
0 0.2625 0.2765625 0.065625 0.05
0 0.2015625 0.3796875 0.05625 0.03125
0 0.2296875 0.4625 0.0375 0.065625
0 0.1046875 0.1453125 0.05 0.05625
0 0.61953125 0.26171875 0.0390625 0.0453125
0 0.62109375 0.1921875 0.0546875 0.04375
0 0.61875 0.08984375 0.040625 0.0390625
0 0.6109375 0.3171875 0.046875 0.0375
0 0.7125 0.43203125 0.04375 0.0328125
0 0.6109375 0.43359375 0.04375 0.0421875
0 0.79609375 0.15078125 0.0359375 0.0390625
0 0.8171875 0.04765625 0.04375 0.0453125
0 0.896875 0.0421875 0.034375 0.0375
0 0.85234375 0.45703125 0.0359375 0.0390625
0 0.603125 0.7921875 0.040625 0.05625
0 0.6296875 0.69453125 0.04375 0.0359375
0 0.6921875 0.96796875 0.03125 0.0421875
0 0.59765625 0.9515625 0.0484375 0.034375
0 0.13671875 0.72421875 0.0671875 0.0546875
0 0.83984375 0.78984375 0.0390625 0.0359375
0 0.69375 0.796875 0.046875 0.040625
0 0.9015625 0.35 0.0375 0.034375
0 0.8046875 0.34453125 0.03125 0.0328125
0 0.8046875 0.40625 0.03125 0.034375
0 0.83125 0.2546875 0.040625 0.03125
0 0.84140625 0.29921875 0.0296875 0.0359375
0 0.71171875 0.3296875 0.0359375 0.03125
0 0.6703125 0.36171875 0.028125 0.0296875
0 0.7046875 0.22265625 0.05 0.0421875
0 0.7203125 0.17265625 0.025 0.0265625
0 0.5671875 0.028125 0.03125 0.03125
0 0.5546875 0.078125 0.03125 0.040625
0 0.33125 0.0453125 0.034375 0.05
0 0.184375 0.0671875 0.040625 0.04375
0 0.21171875 0.0328125 0.0421875 0.03125
0 0.1203125 0.48359375 0.03125 0.0390625
0 0.04375 0.10703125 0.04375 0.0578125
0 0.1421875 0.0640625 0.03125 0.03125
0 0.1875 0.3171875 0.0375 0.06875
0 0.6921875 0.925 0.06875 0.03125
0 0.6078125 0.746875 0.04375 0.034375
0 0.6875 0.0203125 0.040625 0.025
