0 0.56953125 0.02109375 0.0515625 0.0390625
0 0.34296875 0.7140625 0.0515625 0.053125
0 0.353125 0.78203125 0.05 0.0515625
0 0.11171875 0.68359375 0.0546875 0.0484375
0 0.25078125 0.88671875 0.0484375 0.0484375
0 0.6859375 0.81640625 0.05625 0.0578125
0 0.096875 0.42890625 0.05 0.0453125
0 0.33125 0.425 0.05625 0.05
0 0.35625 0.50234375 0.05 0.0515625
0 0.08515625 0.8 0.0609375 0.059375
0 0.20390625 0.52109375 0.0453125 0.0484375
0 0.359375 0.2703125 0.059375 0.0625
0 0.21875 0.2671875 0.075 0.06875
0 0.18515625 0.06171875 0.0703125 0.0640625
0 0.70703125 0.4703125 0.0640625 0.059375
0 0.571875 0.253125 0.078125 0.078125
0 0.2390625 0.9609375 0.053125 0.05
0 0.15625 0.84609375 0.065625 0.0515625
0 0.2515625 0.6734375 0.059375 0.053125
0 0.0859375 0.5671875 0.06875 0.059375
0 0.47109375 0.284375 0.0484375 0.05
0 0.68203125 0.2125 0.0609375 0.053125
0 0.7671875 0.16015625 0.075 0.0703125
0 0.91953125 0.74609375 0.0640625 0.0671875
0 0.30546875 0.10234375 0.0421875 0.0421875
0 0.10546875 0.9328125 0.0609375 0.059375
0 0.45703125 0.115625 0.0546875 0.053125
0 0.315625 0.153125 0.059375 0.05625
0 0.3375 0.84140625 0.06875 0.0578125
0 0.3671875 0.93125 0.071875 0.071875
0 0.771875 0.06171875 0.053125 0.0546875
0 0.07734375 0.478125 0.0609375 0.05625
0 0.2734375 0.8171875 0.078125 0.0625
0 0.6015625 0.50234375 0.046875 0.0453125
0 0.0875 0.7375 0.059375 0.05625
0 0.7390625 0.91171875 0.075 0.0828125
0 0.228125 0.75078125 0.06875 0.0609375
0 0.31484375 0.0515625 0.0640625 0.059375
0 0.04375 0.1078125 0.046875 0.0375
0 0.196875 0.13515625 0.06875 0.0671875
0 0.73515625 0.5265625 0.0671875 0.059375
0 0.05703125 0.196875 0.0609375 0.053125
0 0.328125 0.57578125 0.04375 0.0453125
0 0.0765625 0.06640625 0.0625 0.0546875
0 0.32421875 0.6453125 0.0578125 0.053125
0 0.596875 0.884375 0.0625 0.05625
0 0.7453125 0.6734375 0.059375 0.065625
0 0.32265625 0.2171875 0.0609375 0.05625
0 0.91875 0.64453125 0.071875 0.0640625
0 0.38125 0.96171875 0.05 0.0453125
0 0.825 0.93671875 0.06875 0.0609375
0 0.59921875 0.821875 0.0578125 0.05625
0 0.81875 0.765625 0.065625 0.046875
0 0.08828125 0.6265625 0.0796875 0.065625
0 0.87109375 0.52109375 0.0609375 0.0515625
0 0.56953125 0.58203125 0.0453125 0.0484375
0 0.9265625 0.3578125 0.0625 0.065625
0 0.93828125 0.45234375 0.0390625 0.0359375
0 0.89765625 0.58046875 0.0640625 0.0515625
0 0.95390625 0.81640625 0.0484375 0.0359375
0 0.8109375 0.82421875 0.059375 0.0484375
0 0.49765625 0.6796875 0.0390625 0.0375
0 0.5921875 0.67265625 0.034375 0.0296875
0 0.50390625 0.721875 0.0453125 0.040625
0 0.48984375 0.5375 0.0453125 0.0375
0 0.46796875 0.38984375 0.0421875 0.0390625
0 0.2421875 0.57421875 0.040625 0.0453125
0 0.4875 0.2328125 0.05 0.046875
0 0.5703125 0.15 0.046875 0.046875
0 0.5875 0.76484375 0.04375 0.0328125
0 0.4984375 0.775 0.04375 0.04375
0 0.31953125 0.89453125 0.0546875 0.0484375
0 0.1 0.88046875 0.046875 0.0359375
0 0.3203125 0.4703125 0.05625 0.046875
0 0.19765625 0.4734375 0.0671875 0.046875
0 0.490625 0.640625 0.040625 0.034375
0 0.48203125 0.596875 0.0453125 0.046875
0 0.79609375 0.428125 0.0484375 0.04375
0 0.89921875 0.953125 0.0546875 0.053125
0 0.059375 0.31484375 0.046875 0.0484375
