0 0.034375 0.83671875 0.05625 0.0484375
0 0.265625 0.7796875 0.05 0.04375
0 0.71953125 0.59765625 0.0546875 0.0484375
0 0.02109375 0.67109375 0.0390625 0.0578125
0 0.190625 0.93828125 0.05625 0.0578125
0 0.13984375 0.24765625 0.0578125 0.0515625
0 0.66171875 0.3734375 0.0609375 0.053125
0 0.02890625 0.77109375 0.0484375 0.0453125
0 0.73203125 0.53984375 0.0609375 0.0546875
0 0.15078125 0.11015625 0.0578125 0.0515625
0 0.9734375 0.13984375 0.04375 0.0515625
0 0.7078125 0.44375 0.05625 0.053125
0 0.17265625 0.30546875 0.0546875 0.0515625
0 0.97265625 0.65625 0.0421875 0.046875
0 0.74765625 0.82890625 0.0515625 0.0484375
0 0.6046875 0.2390625 0.05625 0.059375
0 0.853125 0.2734375 0.05 0.040625
0 0.61640625 0.171875 0.0796875 0.065625
0 0.2859375 0.82578125 0.05625 0.0515625
0 0.87890625 0.9 0.0671875 0.084375
0 0.15390625 0.175 0.0671875 0.0625
0 0.2453125 0.61328125 0.06875 0.0578125
0 0.68125 0.0828125 0.0625 0.053125
0 0.72421875 0.028125 0.0734375 0.053125
0 0.021875 0.496875 0.040625 0.046875
0 0.15859375 0.71015625 0.0546875 0.0484375
0 0.1375 0.615625 0.059375 0.05625
0 0.5703125 0.653125 0.065625 0.0625
0 0.23828125 0.1203125 0.0546875 0.05625
0 0.2515625 0.21171875 0.065625 0.0703125
0 0.72421875 0.925 0.0671875 0.06875
0 0.25 0.88671875 0.05 0.0484375
0 0.95703125 0.7921875 0.0671875 0.075
0 0.846875 0.69140625 0.0625 0.0640625
0 0.6234375 0.75859375 0.078125 0.0671875
0 0.2375 0.28203125 0.059375 0.0515625
0 0.19375 0.7828125 0.059375 0.053125
0 0.25234375 0.38359375 0.0546875 0.0484375
0 0.6828125 0.325 0.05 0.05
0 0.15078125 0.43125 0.0578125 0.059375
0 0.24921875 0.71796875 0.0671875 0.0578125
0 0.26796875 0.4890625 0.0609375 0.05625
0 0.0234375 0.603125 0.04375 0.053125
0 0.26484375 0.94375 0.0609375 0.0625
0 0.2515625 0.0546875 0.071875 0.065625
0 0.18828125 0.48828125 0.0515625 0.0453125
0 0.9453125 0.715625 0.05625 0.05625
0 0.91484375 0.2234375 0.0578125 0.046875
0 0.15859375 0.53828125 0.0546875 0.0515625
0 0.2453125 0.66171875 0.040625 0.0390625
0 0.6296875 0.3203125 0.0625 0.0625
0 0.23671875 0.440625 0.0671875 0.059375
0 0.4 0.4375 0.04375 0.046875
0 0.72890625 0.69453125 0.0609375 0.0640625
0 0.7203125 0.76328125 0.059375 0.0578125
0 0.02734375 0.94140625 0.0515625 0.0609375
0 0.14375 0.3421875 0.071875 0.05625
0 0.01875 0.33828125 0.034375 0.0390625
0 0.4453125 0.0859375 0.05625 0.053125
0 0.95546875 0.9046875 0.0609375 0.0625
0 0.6203125 0.50390625 0.059375 0.0703125
0 0.665625 0.85703125 0.0625 0.0578125
0 0.8265625 0.60078125 0.05625 0.0546875
0 0.14140625 0.8484375 0.0578125 0.05
0 0.8578125 0.7640625 0.06875 0.065625
0 0.15390625 0.8984375 0.0609375 0.053125
0 0.84765625 0.45 0.0828125 0.06875
0 0.4328125 0.27265625 0.0375 0.0390625
0 0.45703125 0.3015625 0.0265625 0.025
0 0.4734375 0.31953125 0.025 0.0296875
0 0.49296875 0.4359375 0.0328125 0.0375
0 0.4484375 0.5 0.0375 0.040625
0 0.48515625 0.61875 0.0390625 0.040625
0 0.50625 0.7203125 0.034375 0.0375
0 0.4265625 0.7828125 0.04375 0.05625
0 0.4296875 0.84765625 0.03125 0.0359375
0 0.42734375 0.88359375 0.0421875 0.0359375
0 0.53515625 0.9046875 0.0359375 0.0375
0 0.51796875 0.8546875 0.0453125 0.04375
0 0.5328125 0.80546875 0.040625 0.0296875
0 0.4171875 0.56484375 0.04375 0.0453125
0 0.36796875 0.578125 0.0328125 0.046875
0 0.390625 0.95 0.034375 0.046875
0 0.36171875 0.11796875 0.0328125 0.0390625
0 0.384375 0.04609375 0.040625 0.0296875
0 0.4609375 0.0234375 0.03125 0.025
0 0.48671875 0.04375 0.0265625 0.028125
0 0.01796875 0.16015625 0.0328125 0.0453125
0 0.0203125 0.284375 0.0375 0.046875
0 0.0265625 0.20625 0.04375 0.040625
0 0.940625 0.615625 0.040625 0.034375
0 0.928125 0.565625 0.034375 0.046875
0 0.98359375 0.340625 0.0328125 0.046875
0 0.9484375 0.39453125 0.04375 0.0421875
0 0.971875 0.459375 0.05625 0.053125
0 0.8078125 0.20703125 0.05 0.0671875
0 0.78359375 0.3125 0.0515625 0.040625
0 0.8390625 0.3421875 0.0375 0.0375
0 0.83125 0.38671875 0.046875 0.0328125
0 0.93359375 0.08359375 0.0390625 0.0640625
0 0.82265625 0.078125 0.0421875 0.046875
0 0.86640625 0.021875 0.0359375 0.028125
0 0.57265625 0.01953125 0.0484375 0.0359375
0 0.6328125 0.025 0.04375 0.046875
0 0.82578125 0.88203125 0.0515625 0.0390625
