0 0.57734375 0.025 0.0453125 0.046875
0 0.57109375 0.15078125 0.0515625 0.0515625
0 0.58671875 0.65390625 0.0546875 0.0546875
0 0.59296875 0.3046875 0.0546875 0.053125
0 0.30390625 0.6421875 0.0546875 0.05
0 0.4640625 0.028125 0.065625 0.053125
0 0.609375 0.59921875 0.05 0.0484375
0 0.4875 0.61953125 0.046875 0.0453125
0 0.74921875 0.0671875 0.0796875 0.06875
0 0.4828125 0.24375 0.05 0.05
0 0.7765625 0.559375 0.053125 0.053125
0 0.60234375 0.84609375 0.0484375 0.0484375
0 0.22265625 0.18984375 0.0734375 0.0640625
0 0.5015625 0.35703125 0.053125 0.0546875
0 0.24375 0.78359375 0.04375 0.0515625
0 0.58671875 0.5546875 0.0546875 0.05
0 0.31484375 0.27421875 0.0671875 0.0609375
0 0.60625 0.76953125 0.0625 0.0546875
0 0.30234375 0.04765625 0.0765625 0.0796875
0 0.3171875 0.22265625 0.059375 0.0515625
0 0.6 0.39375 0.059375 0.053125
0 0.2078125 0.71796875 0.071875 0.0671875
0 0.75390625 0.2296875 0.0578125 0.046875
0 0.56953125 0.44921875 0.0484375 0.0453125
0 0.47734375 0.51953125 0.0609375 0.0578125
0 0.5625 0.0875 0.065625 0.0625
0 0.60546875 0.71875 0.0421875 0.046875
0 0.47109375 0.08203125 0.0640625 0.0578125
0 0.46015625 0.1375 0.0703125 0.059375
0 0.246875 0.4578125 0.05625 0.053125
0 0.23515625 0.64453125 0.0703125 0.0671875
0 0.7734375 0.35703125 0.071875 0.0640625
0 0.340625 0.78515625 0.06875 0.0671875
0 0.18046875 0.28828125 0.0515625 0.0546875
0 0.58828125 0.196875 0.0484375 0.04375
0 0.0640625 0.171875 0.05 0.05625
0 0.8 0.6421875 0.053125 0.05625
0 0.7828125 0.3 0.065625 0.059375
0 0.334375 0.47734375 0.071875 0.0546875
0 0.60390625 0.95703125 0.0578125 0.0578125
0 0.04609375 0.3234375 0.0515625 0.046875
0 0.24296875 0.9375 0.0609375 0.05625
0 0.696875 0.5234375 0.0625 0.06875
0 0.2328125 0.38828125 0.078125 0.0640625
0 0.22890625 0.09921875 0.0609375 0.0546875
0 0.4734375 0.30625 0.05625 0.05625
0 0.34375 0.12265625 0.0625 0.0546875
0 0.4984375 0.9078125 0.04375 0.046875
0 0.44609375 0.18671875 0.0578125 0.0609375
0 0.49296875 0.7859375 0.0578125 0.0625
0 0.34453125 0.4328125 0.0484375 0.040625
0 0.67421875 0.05546875 0.0546875 0.0453125
0 0.57734375 0.35859375 0.0453125 0.0421875
0 0.3265625 0.7078125 0.0625 0.053125
0 0.24453125 0.51328125 0.0578125 0.0609375
0 0.89921875 0.51484375 0.0796875 0.0828125
0 0.47109375 0.578125 0.0578125 0.05
0 0.315625 0.55859375 0.05625 0.0734375
0 0.07109375 0.24140625 0.0421875 0.0421875
0 0.0375 0.0953125 0.034375 0.04375
0 0.47578125 0.45078125 0.0328125 0.0390625
0 0.5203125 0.98515625 0.040625 0.0296875
0 0.365625 0.16796875 0.0625 0.0328125
0 0.58515625 0.25546875 0.0390625 0.0359375
0 0.49765625 0.3984375 0.0453125 0.04375
0 0.48984375 0.71640625 0.0484375 0.0421875
0 0.71640625 0.63046875 0.0390625 0.0359375
0 0.80703125 0.690625 0.0328125 0.028125
0 0.7765625 0.7546875 0.040625 0.04375
0 0.7703125 0.19609375 0.0625 0.0515625
0 0.73828125 0.0171875 0.0546875 0.03125
