0 0.025 0.49140625 0.04375 0.0453125
0 0.8609375 0.1515625 0.05 0.04375
0 0.02734375 0.446875 0.0453125 0.040625
0 0.04140625 0.5671875 0.0484375 0.046875
0 0.03359375 0.70078125 0.0546875 0.0453125
0 0.159375 0.28984375 0.053125 0.0546875
0 0.4125 0.13203125 0.059375 0.0484375
0 0.03828125 0.61484375 0.0484375 0.0453125
0 0.55625 0.93046875 0.059375 0.0515625
0 0.0234375 0.053125 0.04375 0.053125
0 0.4328125 0.96796875 0.059375 0.0484375
0 0.30859375 0.8921875 0.0515625 0.046875
0 0.52421875 0.4671875 0.0546875 0.04375
0 0.15625 0.240625 0.05625 0.05
0 0.28203125 0.13125 0.0578125 0.05
0 0.53203125 0.14140625 0.0578125 0.0546875
0 0.040625 0.66484375 0.05 0.0390625
0 0.62890625 0.3609375 0.0515625 0.053125
0 0.89296875 0.18828125 0.0609375 0.0578125
0 0.5984375 0.06015625 0.059375 0.0515625
0 0.53828125 0.39765625 0.0453125 0.0453125
0 0.90078125 0.971875 0.0609375 0.040625
0 0.503125 0.2375 0.05625 0.05625
0 0.41640625 0.06484375 0.0578125 0.0484375
0 0.034375 0.32578125 0.04375 0.0421875
0 0.05546875 0.95703125 0.0609375 0.0515625
0 0.74140625 0.078125 0.0421875 0.04375
0 0.02109375 0.203125 0.0390625 0.05625
0 0.25078125 0.02890625 0.0703125 0.0546875
0 0.87578125 0.2578125 0.0515625 0.04375
0 0.5203125 0.52109375 0.0625 0.0546875
0 0.975 0.4609375 0.040625 0.05
0 0.4421875 0.509375 0.05 0.05
0 0.01796875 0.37109375 0.0328125 0.0453125
0 0.28359375 0.3984375 0.0546875 0.05
0 0.43515625 0.72890625 0.0765625 0.0671875
0 0.13828125 0.1375 0.0609375 0.05
0 0.21171875 0.63203125 0.0453125 0.0453125
0 0.95625 0.07890625 0.059375 0.0578125
0 0.3203125 0.95546875 0.0625 0.0546875
0 0.04921875 0.7640625 0.0578125 0.065625
0 0.103125 0.9203125 0.046875 0.04375
0 0.51484375 0.07578125 0.0484375 0.0484375
0 0.76953125 0.91171875 0.0609375 0.0515625
0 0.89765625 0.50625 0.0671875 0.059375
0 0.27265625 0.18984375 0.0734375 0.0609375
0 0.4265625 0.0296875 0.046875 0.040625
0 0.2015625 0.50703125 0.065625 0.0546875
0 0.28515625 0.0828125 0.0515625 0.046875
0 0.89921875 0.56015625 0.0421875 0.0390625
0 0.42890625 0.5859375 0.0546875 0.053125
0 0.53828125 0.61328125 0.0546875 0.0515625
0 0.1640625 0.3640625 0.05 0.046875
0 0.8640625 0.41875 0.0625 0.053125
0 0.96484375 0.18671875 0.0578125 0.0671875
0 0.50390625 0.34140625 0.0546875 0.0515625
0 0.5015625 0.03828125 0.05 0.0453125
0 0.43828125 0.6515625 0.0609375 0.05625
0 0.15390625 0.18203125 0.0640625 0.0546875
0 0.728125 0.3953125 0.046875 0.05
0 0.17890625 0.4171875 0.0640625 0.059375
0 0.8875 0.30234375 0.046875 0.0578125
0 0.89921875 0.08203125 0.0609375 0.0640625
0 0.975 0.03125 0.034375 0.0375
0 0.4234375 0.37109375 0.065625 0.0609375
0 0.17265625 0.08515625 0.0671875 0.0609375
0 0.91953125 0.94296875 0.0578125 0.0484375
0 0.9609375 0.35390625 0.06875 0.0765625
0 0.1765625 0.75078125 0.0625 0.0578125
0 0.41015625 0.4609375 0.0578125 0.053125
0 0.4640625 0.90234375 0.065625 0.0609375
0 0.89609375 0.62578125 0.0640625 0.0671875
0 0.5703125 0.97421875 0.04375 0.0359375
0 0.3078125 0.73125 0.05 0.053125
0 0.971875 0.24453125 0.046875 0.0578125
0 0.4359375 0.2515625 0.046875 0.040625
0 0.7 0.25625 0.04375 0.040625
0 0.25234375 0.6796875 0.0453125 0.05
0 0.1921875 0.465625 0.0375 0.034375
0 0.68203125 0.1796875 0.0421875 0.040625
0 0.2015625 0.59921875 0.040625 0.0359375
0 0.28125 0.24375 0.04375 0.040625
0 0.971875 0.6703125 0.046875 0.046875
0 0.26875 0.284375 0.065625 0.059375
0 0.4515625 0.30625 0.04375 0.0375
0 0.01796875 0.4140625 0.0328125 0.034375
0 0.19765625 0.95234375 0.0671875 0.0546875
0 0.2796875 0.3359375 0.053125 0.053125
0 0.28046875 0.5875 0.0484375 0.053125
0 0.2828125 0.52578125 0.04375 0.0453125
0 0.1625 0.67109375 0.059375 0.0265625
0 0.63125 0.41953125 0.046875 0.0328125
0 0.63359375 0.446875 0.0359375 0.028125
0 0.62109375 0.484375 0.0296875 0.021875
0 0.67109375 0.5765625 0.0453125 0.04375
0 0.74765625 0.459375 0.0328125 0.04375
0 0.8828125 0.3625 0.0375 0.046875
0 0.90625 0.3359375 0.034375 0.053125
0 0.978125 0.290625 0.040625 0.034375
0 0.9609375 0.12890625 0.0375 0.0578125
0 0.89296875 0.0140625 0.0421875 0.025
0 0.64375 0.684375 0.040625 0.034375
0 0.66640625 0.6328125 0.0421875 0.0375
0 0.55078125 0.68984375 0.0390625 0.0453125
0 0.55625 0.73828125 0.040625 0.0484375
0 0.675 0.93671875 0.0375 0.0359375
0 0.5953125 0.871875 0.03125 0.034375
0 0.6 0.1 0.046875 0.04375
0 0.61171875 0.1875 0.0515625 0.059375
0 0.740625 0.15234375 0.03125 0.0328125
0 0.74375 0.1953125 0.028125 0.0375
0 0.75625 0.12578125 0.028125 0.0296875
