0 0.753125 0.9640625 0.05625 0.05
0 0.1796875 0.35703125 0.05625 0.0515625
0 0.02734375 0.8640625 0.0515625 0.053125
0 0.52109375 0.3953125 0.0515625 0.05
0 0.39765625 0.30390625 0.0578125 0.0515625
0 0.28359375 0.96484375 0.0578125 0.0484375
0 0.64609375 0.95078125 0.0578125 0.0484375
0 0.47421875 0.16328125 0.0515625 0.0484375
0 0.3953125 0.41015625 0.05625 0.0515625
0 0.5125 0.3484375 0.05 0.046875
0 0.74453125 0.3953125 0.0515625 0.046875
0 0.65 0.39765625 0.059375 0.0515625
0 0.76328125 0.3109375 0.0421875 0.04375
0 0.384375 0.08203125 0.053125 0.0546875
0 0.5015625 0.30078125 0.04375 0.0453125
0 0.39140625 0.02734375 0.0546875 0.0453125
0 0.51640625 0.19375 0.0421875 0.040625
0 0.13515625 0.153125 0.0546875 0.053125
0 0.6515625 0.74453125 0.059375 0.0546875
0 0.7359375 0.15625 0.04375 0.040625
0 0.38671875 0.19765625 0.0484375 0.0421875
0 0.74375 0.12109375 0.04375 0.0390625
0 0.3765625 0.234375 0.04375 0.040625
0 0.16875 0.89296875 0.053125 0.0484375
0 0.75078125 0.46796875 0.0484375 0.0453125
0 0.41484375 0.35390625 0.0515625 0.0453125
0 0.75859375 0.8640625 0.0609375 0.059375
0 0.03046875 0.79921875 0.0546875 0.0546875
0 0.53359375 0.82109375 0.0609375 0.0546875
0 0.45078125 0.76015625 0.0578125 0.0578125
0 0.16328125 0.48984375 0.0515625 0.0515625
0 0.2515625 0.2578125 0.053125 0.040625
0 0.915625 0.04140625 0.053125 0.0421875
0 0.57109375 0.15078125 0.0515625 0.0484375
0 0.8640625 0.23203125 0.053125 0.0515625
0 0.15234375 0.7078125 0.0453125 0.05
0 0.25 0.30078125 0.078125 0.0671875
0 0.753125 0.79140625 0.06875 0.0640625
0 0.15625 0.8328125 0.071875 0.0625
0 0.22578125 0.14609375 0.0671875 0.0578125
0 0.259375 0.52734375 0.071875 0.0671875
0 0.2421875 0.20546875 0.06875 0.0578125
0 0.26171875 0.76953125 0.0703125 0.0578125
0 0.44296875 0.83046875 0.0703125 0.0640625
0 0.26328125 0.85546875 0.0640625 0.0640625
0 0.12890625 0.771875 0.0609375 0.053125
0 0.5078125 0.559375 0.059375 0.059375
0 0.24375 0.90703125 0.0625 0.0515625
0 0.640625 0.8171875 0.0625 0.065625
0 0.21796875 0.40546875 0.0703125 0.0609375
0 0.1421875 0.215625 0.0625 0.0625
0 0.2296875 0.053125 0.05625 0.053125
0 0.9390625 0.25390625 0.059375 0.0578125
0 0.8015625 0.4390625 0.0375 0.03125
0 0.93046875 0.30703125 0.0390625 0.0515625
0 0.93203125 0.36640625 0.0453125 0.0421875
0 0.9015625 0.41640625 0.03125 0.0328125
0 0.75390625 0.55 0.0453125 0.053125
0 0.39375 0.4765625 0.040625 0.05625
0 0.5171875 0.49296875 0.05 0.0484375
0 0.1109375 0.3078125 0.05625 0.0375
0 0.14921875 0.0375 0.0484375 0.05
0 0.22421875 0.0171875 0.0515625 0.03125
0 0.3890625 0.1546875 0.05 0.05
0 0.5 0.0765625 0.053125 0.04375
0 0.45859375 0.0234375 0.0546875 0.04375
0 0.75859375 0.03828125 0.0484375 0.0421875
0 0.76796875 0.01328125 0.0546875 0.0234375
0 0.85625 0.115625 0.040625 0.040625
0 0.790625 0.07578125 0.046875 0.0265625
0 0.9234375 0.1109375 0.05 0.046875
0 0.8484375 0.1640625 0.040625 0.04375
0 0.49453125 0.23671875 0.0421875 0.0359375
0 0.65 0.0875 0.0375 0.0375
