0 0.74921875 0.3640625 0.0515625 0.046875
0 0.87421875 0.9390625 0.0453125 0.046875
0 0.02578125 0.11015625 0.0453125 0.0484375
0 0.75234375 0.4203125 0.0484375 0.04375
0 0.83046875 0.265625 0.0453125 0.04375
0 0.93046875 0.25078125 0.0515625 0.0484375
0 0.628125 0.178125 0.05625 0.05
0 0.91171875 0.15 0.0484375 0.046875
0 0.52421875 0.6421875 0.0421875 0.040625
0 0.928125 0.1078125 0.05625 0.05
0 0.65078125 0.703125 0.0578125 0.053125
0 0.7515625 0.4640625 0.04375 0.04375
0 0.91953125 0.0484375 0.0484375 0.04375
0 0.85078125 0.7671875 0.0578125 0.053125
0 0.1546875 0.63203125 0.053125 0.0546875
0 0.63125 0.296875 0.053125 0.046875
0 0.409375 0.6625 0.059375 0.05
0 0.5265625 0.72265625 0.053125 0.0515625
0 0.73828125 0.690625 0.0484375 0.040625
0 0.646875 0.13515625 0.05 0.0453125
0 0.31328125 0.93125 0.0546875 0.05
0 0.95234375 0.9515625 0.0578125 0.05625
0 0.7640625 0.6609375 0.059375 0.053125
0 0.9640625 0.81015625 0.05 0.0578125
0 0.7015625 0.78125 0.05625 0.053125
0 0.70703125 0.88046875 0.0578125 0.0453125
0 0.1578125 0.71953125 0.065625 0.0640625
0 0.58828125 0.9546875 0.0671875 0.059375
0 0.7375 0.3125 0.04375 0.040625
0 0.85703125 0.8890625 0.0484375 0.040625
0 0.1453125 0.94765625 0.04375 0.0453125
0 0.2390625 0.78828125 0.046875 0.0453125
0 0.5828125 0.87890625 0.046875 0.0484375
0 0.18125 0.97421875 0.046875 0.0390625
0 0.6265625 0.06328125 0.06875 0.0546875
0 0.81953125 0.1625 0.0421875 0.0375
0 0.73671875 0.153125 0.0390625 0.0375
0 0.71015625 0.8328125 0.0609375 0.059375
0 0.58828125 0.83125 0.0640625 0.059375
0 0.97109375 0.73046875 0.0390625 0.0390625
0 0.73046875 0.20546875 0.0453125 0.0484375
0 0.95859375 0.9 0.0421875 0.040625
0 0.91484375 0.38203125 0.0359375 0.0359375
0 0.85390625 0.38125 0.0421875 0.04375
0 0.7359375 0.22109375 0.046875 0.0515625
0 0.025 0.4890625 0.0375 0.04375
0 0.625 0.25859375 0.05 0.0421875
0 0.92734375 0.21171875 0.0546875 0.0390625
0 0.94609375 0.33359375 0.0453125 0.0421875
0 0.484375 0.328125 0.040625 0.0375
0 0.86015625 0.9796875 0.0453125 0.03125
0 0.503125 0.26015625 0.040625 0.0421875
0 0.396875 0.91171875 0.065625 0.0671875
0 0.62890625 0.75546875 0.0453125 0.0421875
0 0.7375 0.9453125 0.05625 0.059375
0 0.846875 0.02265625 0.04375 0.0390625
0 0.1234375 0.090625 0.053125 0.046875
0 0.70546875 0.9453125 0.0703125 0.05625
0 0.834375 0.31484375 0.0375 0.0390625
0 0.02734375 0.4265625 0.0421875 0.046875
0 0.25625 0.71015625 0.05625 0.0640625
0 0.8390625 0.46484375 0.0625 0.0640625
0 0.39609375 0.34609375 0.0359375 0.0328125
0 0.40078125 0.409375 0.0296875 0.034375
0 0.43671875 0.4359375 0.0390625 0.03125
0 0.38671875 0.4578125 0.0359375 0.0375
0 0.49375 0.38203125 0.0375 0.0421875
0 0.53359375 0.45703125 0.0359375 0.0296875
0 0.6421875 0.45546875 0.0375 0.0484375
0 0.6453125 0.409375 0.03125 0.028125
0 0.65625 0.36875 0.040625 0.04375
0 0.6140625 0.3703125 0.034375 0.0375
0 0.57265625 0.384375 0.0390625 0.028125
0 0.384375 0.2359375 0.034375 0.0375
0 0.390625 0.30703125 0.034375 0.0359375
0 0.40625 0.134375 0.040625 0.03125
0 0.3703125 0.1125 0.034375 0.021875
0 0.40546875 0.09140625 0.0328125 0.0296875
0 0.4484375 0.084375 0.0375 0.034375
0 0.50234375 0.07578125 0.0390625 0.0359375
0 0.4578125 0.0234375 0.040625 0.040625
0 0.384375 0.03671875 0.028125 0.0390625
0 0.25078125 0.21484375 0.0328125 0.0234375
0 0.27109375 0.2765625 0.0421875 0.03125
0 0.2546875 0.33671875 0.03125 0.0328125
0 0.16015625 0.484375 0.0328125 0.025
0 0.25234375 0.125 0.0421875 0.03125
0 0.25703125 0.175 0.0484375 0.040625
0 0.23828125 0.065625 0.0390625 0.040625
0 0.1546875 0.146875 0.03125 0.034375
0 0.109375 0.12265625 0.034375 0.0328125
0 0.74453125 0.0453125 0.0453125 0.04375
0 0.67734375 0.01171875 0.0390625 0.0203125
0 0.6078125 0.0109375 0.040625 0.01875
0 0.91328125 0.4640625 0.0359375 0.05
0 0.4015625 0.725 0.04375 0.034375
0 0.15546875 0.81015625 0.0421875 0.0328125
0 0.165625 0.84453125 0.03125 0.0265625
0 0.26484375 0.84453125 0.0359375 0.0453125
0 0.04140625 0.6875 0.0640625 0.053125
0 0.034375 0.7453125 0.034375 0.04375
0 0.021875 0.89921875 0.025 0.0359375
0 0.0203125 0.9484375 0.028125 0.03125
0 0.03828125 0.96953125 0.0265625 0.0265625
0 0.85625 0.834375 0.040625 0.05625
0 0.95 0.67890625 0.040625 0.0390625
0 0.81875 0.7 0.040625 0.040625
0 0.9546875 0.38203125 0.03125 0.0328125
0 0.903125 0.29921875 0.025 0.0296875
0 0.875 0.221875 0.034375 0.034375
0 0.80859375 0.2140625 0.0390625 0.040625
0 0.82890625 0.09140625 0.0359375 0.0296875
0 0.84296875 0.128125 0.0390625 0.028125
0 0.1703125 0.0671875 0.0375 0.0375
0 0.43125 0.84375 0.06875 0.040625
