0 0.72265625 0.7078125 0.0453125 0.04375
0 0.19609375 0.36015625 0.0515625 0.0546875
0 0.48125 0.75390625 0.05 0.0515625
0 0.7421875 0.9625 0.053125 0.05
0 0.7125 0.54765625 0.053125 0.0515625
0 0.353125 0.54609375 0.05625 0.0484375
0 0.1296875 0.86796875 0.05625 0.0515625
0 0.1953125 0.30703125 0.05 0.0453125
0 0.91328125 0.28046875 0.0453125 0.0421875
0 0.88203125 0.35390625 0.0515625 0.0453125
0 0.71171875 0.76015625 0.0515625 0.0484375
0 0.196875 0.56875 0.05 0.04375
0 0.88046875 0.59921875 0.0515625 0.0515625
0 0.37890625 0.6859375 0.0546875 0.053125
0 0.859375 0.71015625 0.05625 0.0484375
0 0.47734375 0.9734375 0.0640625 0.046875
0 0.9234375 0.85546875 0.065625 0.0578125
0 0.5734375 0.26640625 0.08125 0.0734375
0 0.08203125 0.54296875 0.0703125 0.0671875
0 0.3359375 0.61015625 0.084375 0.0734375
0 0.81953125 0.56171875 0.0515625 0.0515625
0 0.5859375 0.55390625 0.059375 0.0546875
0 0.69453125 0.36875 0.0671875 0.065625
0 0.90390625 0.5078125 0.0453125 0.040625
0 0.32890625 0.34296875 0.0546875 0.0546875
0 0.76015625 0.86484375 0.0515625 0.0484375
0 0.728125 0.809375 0.06875 0.059375
0 0.72109375 0.64140625 0.0671875 0.0703125
0 0.15546875 0.41328125 0.0578125 0.0546875
0 0.1953125 0.5296875 0.05625 0.05
0 0.215625 0.85546875 0.06875 0.0671875
0 0.45859375 0.67890625 0.0734375 0.0703125
0 0.69140625 0.265625 0.0484375 0.04375
0 0.37890625 0.9703125 0.0609375 0.046875
0 0.59140625 0.62109375 0.0609375 0.0484375
0 0.43359375 0.2 0.0640625 0.06875
0 0.46796875 0.82265625 0.0671875 0.0671875
0 0.696875 0.48515625 0.059375 0.0515625
0 0.33984375 0.47265625 0.0734375 0.0703125
0 0.103125 0.48359375 0.059375 0.0546875
0 0.8828125 0.4046875 0.053125 0.05625
0 0.87109375 0.48828125 0.0484375 0.0515625
0 0.69375 0.44765625 0.053125 0.0453125
0 0.5578125 0.3484375 0.06875 0.059375
0 0.125 0.9375 0.090625 0.078125
0 0.4421875 0.1359375 0.065625 0.0625
0 0.709375 0.89140625 0.065625 0.0640625
0 0.89765625 0.68203125 0.0515625 0.0484375
0 0.35546875 0.878125 0.0703125 0.065625
0 0.40703125 0.025 0.0609375 0.046875
0 0.4265625 0.44375 0.075 0.08125
0 0.11953125 0.7609375 0.0609375 0.046875
0 0.87421875 0.14921875 0.0734375 0.0578125
0 0.37265625 0.7625 0.0796875 0.065625
0 0.59296875 0.6609375 0.0546875 0.04375
0 0.8859375 0.2078125 0.0625 0.059375
0 0.44375 0.90546875 0.06875 0.0640625
0 0.42265625 0.3640625 0.0484375 0.053125
0 0.09453125 0.325 0.0671875 0.053125
0 0.8234375 0.85546875 0.053125 0.0515625
0 0.3375 0.19296875 0.071875 0.0640625
0 0.5921875 0.74765625 0.065625 0.0578125
0 0.81015625 0.4828125 0.0390625 0.046875
0 0.9125 0.77578125 0.071875 0.0546875
0 0.58125 0.0625 0.059375 0.05625
0 0.425 0.54140625 0.065625 0.0484375
0 0.22578125 0.95703125 0.0546875 0.0484375
0 0.92890625 0.98046875 0.0515625 0.0390625
0 0.578125 0.44375 0.059375 0.03125
0 0.6109375 0.8265625 0.1 0.06875
0 0.5921875 0.13671875 0.059375 0.0578125
0 0.58125 0.40703125 0.053125 0.0453125
0 0.60703125 0.9734375 0.0578125 0.040625
0 0.115625 0.70703125 0.0625 0.0640625
0 0.621875 0.8875 0.05625 0.046875
0 0.8765625 0.0953125 0.0625 0.053125
0 0.42578125 0.30625 0.0578125 0.053125
0 0.115625 0.803125 0.08125 0.059375
0 0.14375 0.0453125 0.05 0.04375
0 0.634375 0.92109375 0.05 0.0421875
0 0.32578125 0.08125 0.0546875 0.04375
0 0.20078125 0.73984375 0.0578125 0.0546875
0 0.38125 0.36171875 0.0625 0.0609375
0 0.70859375 0.30546875 0.0640625 0.0546875
0 0.45078125 0.625 0.0484375 0.04375
0 0.1859375 0.16484375 0.0625 0.0578125
0 0.53984375 0.14375 0.0546875 0.0375
0 0.36484375 0.8078125 0.0515625 0.046875
0 0.21328125 0.68046875 0.0484375 0.0484375
0 0.09140625 0.19609375 0.0453125 0.0328125
0 0.0625 0.1328125 0.03125 0.040625
0 0.0421875 0.0953125 0.0625 0.034375
0 0.0734375 0.01875 0.05 0.034375
0 0.7859375 0.19296875 0.046875 0.0359375
0 0.7859375 0.10078125 0.0375 0.0390625
0 0.78671875 0.1421875 0.0359375 0.03125
0 0.8828125 0.015625 0.04375 0.028125
0 0.7546875 0.0203125 0.0375 0.0375
0 0.77890625 0.4125 0.0578125 0.040625
0 0.59375 0.49375 0.065625 0.04375
0 0.4421875 0.58125 0.04375 0.040625
0 0.340625 0.42890625 0.053125 0.0453125
0 0.3234375 0.14140625 0.05625 0.0484375
0 0.315625 0.021875 0.053125 0.040625
0 0.65234375 0.0484375 0.0390625 0.05
0 0.89296875 0.953125 0.0359375 0.028125
