0 0.190625 0.11328125 0.059375 0.0515625
0 0.44609375 0.14453125 0.0515625 0.0484375
0 0.11484375 0.8 0.0609375 0.053125
0 0.43984375 0.20390625 0.0546875 0.0515625
0 0.73046875 0.84609375 0.0578125 0.0515625
0 0.159375 0.7828125 0.05 0.05
0 0.67578125 0.971875 0.0640625 0.04375
0 0.71171875 0.33828125 0.0578125 0.0484375
0 0.69140625 0.4984375 0.0515625 0.053125
0 0.2203125 0.32265625 0.053125 0.0484375
0 0.46171875 0.40390625 0.0484375 0.0453125
0 0.13984375 0.9 0.0546875 0.05
0 0.184375 0.16953125 0.04375 0.0421875
0 0.61328125 0.17421875 0.0453125 0.0453125
0 0.340625 0.296875 0.053125 0.046875
0 0.721875 0.77109375 0.059375 0.0515625
0 0.33046875 0.05703125 0.0578125 0.0546875
0 0.46015625 0.29296875 0.0421875 0.0390625
0 0.39453125 0.3703125 0.0453125 0.04375
0 0.57109375 0.1265625 0.0609375 0.05625
0 0.31171875 0.11171875 0.0609375 0.0546875
0 0.478125 0.56953125 0.05625 0.0578125
0 0.590625 0.0828125 0.053125 0.04375
0 0.44375 0.46015625 0.053125 0.0546875
0 0.475 0.86875 0.04375 0.040625
0 0.44921875 0.8328125 0.0421875 0.04375
0 0.10703125 0.5 0.0546875 0.053125
0 0.4453125 0.0828125 0.05 0.04375
0 0.71953125 0.0640625 0.0515625 0.046875
0 0.36640625 0.4828125 0.0421875 0.040625
0 0.16796875 0.44765625 0.0453125 0.0484375
0 0.10390625 0.59296875 0.0921875 0.0796875
0 0.728125 0.92734375 0.071875 0.0609375
0 0.25234375 0.953125 0.0734375 0.065625
0 0.61640625 0.8953125 0.0796875 0.078125
0 0.08046875 0.3671875 0.0796875 0.071875
0 0.93125 0.80234375 0.071875 0.0484375
0 0.36875 0.84921875 0.059375 0.0640625
0 0.0859375 0.1109375 0.0625 0.059375
0 0.21953125 0.453125 0.0578125 0.0625
0 0.2203125 0.76796875 0.071875 0.0671875
0 0.1625 0.046875 0.0625 0.053125
0 0.18828125 0.2296875 0.0671875 0.053125
0 0.2015625 0.378125 0.0625 0.059375
0 0.91171875 0.86015625 0.0515625 0.0609375
0 0.1203125 0.32578125 0.0625 0.0453125
0 0.08125 0.190625 0.059375 0.046875
0 0.09921875 0.03515625 0.0484375 0.0453125
0 0.31640625 0.3421875 0.0578125 0.04375
0 0.61171875 0.36015625 0.0296875 0.0390625
0 0.6234375 0.40078125 0.034375 0.0234375
0 0.62265625 0.296875 0.0421875 0.034375
0 0.728125 0.259375 0.040625 0.034375
0 0.7015625 0.2046875 0.03125 0.0375
0 0.7125 0.1421875 0.040625 0.03125
0 0.775 0.15078125 0.034375 0.0421875
0 0.55703125 0.37578125 0.0453125 0.0328125
0 0.7890625 0.0328125 0.05 0.0375
0 0.5890625 0.0203125 0.040625 0.034375
0 0.8421875 0.74453125 0.05625 0.0421875
0 0.8046875 0.84296875 0.0625 0.0265625
0 0.8484375 0.79609375 0.046875 0.0421875
0 0.825 0.8609375 0.034375 0.0375
0 0.8171875 0.91328125 0.0375 0.0296875
0 0.81953125 0.9703125 0.0515625 0.03125
0 0.60703125 0.8078125 0.0296875 0.04375
0 0.371875 0.77421875 0.046875 0.0453125
0 0.459375 0.7828125 0.053125 0.0375
0 0.3578125 0.965625 0.0375 0.028125
0 0.471875 0.9328125 0.040625 0.0375
0 0.2265625 0.8984375 0.04375 0.0375
0 0.23203125 0.8578125 0.0484375 0.021875
0 0.21875 0.5578125 0.053125 0.05625
0 0.203125 0.625 0.040625 0.053125
0 0.38125 0.53671875 0.034375 0.0296875
0 0.165625 0.51875 0.028125 0.034375
0 0.72734375 0.44609375 0.0484375 0.0390625
0 0.83828125 0.396875 0.0359375 0.046875
0 0.8125 0.5265625 0.040625 0.0375
0 0.7890625 0.48515625 0.03125 0.0265625
0 0.953125 0.8640625 0.040625 0.034375
0 0.3578125 0.5859375 0.05625 0.03125
0 0.340625 0.178125 0.059375 0.053125
0 0.346875 0.2328125 0.046875 0.0375
0 0.4390625 0.0265625 0.04375 0.0375
0 0.7984375 0.196875 0.04375 0.053125
