0 0.5921875 0.4046875 0.05625 0.05
0 0.5859375 0.75390625 0.05625 0.0515625
0 0.57109375 0.25 0.0515625 0.05
0 0.5984375 0.49375 0.05625 0.053125
0 0.30234375 0.7421875 0.0546875 0.05
0 0.48125 0.34453125 0.05 0.0484375
0 0.24609375 0.5578125 0.0578125 0.053125
0 0.7296875 0.05859375 0.059375 0.0515625
0 0.5859375 0.65546875 0.05625 0.0484375
0 0.57734375 0.121875 0.0453125 0.05
0 0.5 0.45703125 0.053125 0.0546875
0 0.60703125 0.6984375 0.0515625 0.046875
0 0.4859375 0.71953125 0.046875 0.0453125
0 0.46953125 0.1828125 0.0609375 0.05625
0 0.228125 0.1984375 0.059375 0.053125
0 0.471875 0.40703125 0.053125 0.0546875
0 0.77578125 0.659375 0.0546875 0.053125
0 0.3421875 0.221875 0.059375 0.053125
0 0.60234375 0.94609375 0.0515625 0.0515625
0 0.7984375 0.74140625 0.053125 0.0546875
0 0.3171875 0.32265625 0.059375 0.0515625
0 0.60390625 0.81875 0.0453125 0.046875
0 0.4703125 0.67734375 0.059375 0.0515625
0 0.2421875 0.88359375 0.04375 0.0484375
0 0.56875 0.54921875 0.046875 0.0453125
0 0.58671875 0.296875 0.0484375 0.04375
0 0.1796875 0.3890625 0.05 0.053125
0 0.0453125 0.4234375 0.05 0.046875
0 0.73671875 0.11015625 0.0546875 0.0421875
0 0.675 0.16171875 0.053125 0.0359375
0 0.06328125 0.271875 0.0515625 0.05625
0 0.5765625 0.45859375 0.046875 0.0421875
0 0.34296875 0.5328125 0.0484375 0.0375
0 0.55234375 0.0578125 0.0640625 0.05625
0 0.75 0.1671875 0.08125 0.06875
0 0.46640625 0.1203125 0.0609375 0.059375
0 0.459375 0.059375 0.059375 0.053125
0 0.22265625 0.290625 0.0703125 0.0625
0 0.321875 0.0953125 0.084375 0.059375
0 0.2078125 0.81796875 0.071875 0.0671875
0 0.4765625 0.6203125 0.0625 0.05625
0 0.315625 0.3734375 0.06875 0.059375
0 0.60625 0.86953125 0.0625 0.0515625
0 0.76015625 0.31328125 0.0828125 0.0921875
0 0.4609375 0.23671875 0.06875 0.0578125
0 0.2359375 0.7421875 0.06875 0.0625
0 0.1953125 0.08515625 0.075 0.0703125
0 0.33671875 0.5765625 0.0703125 0.053125
0 0.775 0.45546875 0.071875 0.0640625
0 0.5625 0.18671875 0.065625 0.0609375
0 0.7859375 0.4 0.065625 0.059375
0 0.32578125 0.809375 0.0640625 0.05625
0 0.3390625 0.88515625 0.06875 0.0671875
0 0.23359375 0.4875 0.0765625 0.0625
0 0.4921875 0.884375 0.05625 0.0625
0 0.24375 0.6140625 0.059375 0.059375
0 0.69609375 0.62421875 0.0640625 0.0703125
0 0.89765625 0.61484375 0.0828125 0.0828125
0 0.30390625 0.14765625 0.0765625 0.0765625
0 0.44453125 0.2875 0.0578125 0.059375
0 0.0703125 0.34140625 0.046875 0.0328125
0 0.0421875 0.20078125 0.04375 0.0453125
0 0.0875 0.7515625 0.046875 0.034375
0 0.78359375 0.8546875 0.0359375 0.04375
0 0.80546875 0.78984375 0.0328125 0.0421875
0 0.728125 0.734375 0.04375 0.040625
0 0.49375 0.5015625 0.040625 0.0375
0 0.478125 0.559375 0.046875 0.040625
0 0.44140625 0.45625 0.0296875 0.034375
0 0.31796875 0.67421875 0.0515625 0.0828125
0 0.646875 0.46875 0.040625 0.028125
0 0.63203125 0.98125 0.0421875 0.034375
0 0.678125 0.13125 0.034375 0.028125
