0 0.5921875 0.0484375 0.053125 0.053125
0 0.59375 0.53671875 0.059375 0.0515625
0 0.97421875 0.521875 0.0453125 0.05625
0 0.05546875 0.95390625 0.0484375 0.0484375
0 0.21484375 0.1796875 0.0453125 0.046875
0 0.08046875 0.90234375 0.0609375 0.0515625
0 0.57890625 0.35859375 0.0578125 0.0546875
0 0.709375 0.159375 0.05625 0.053125
0 0.2984375 0.359375 0.05 0.05
0 0.18203125 0.34609375 0.0546875 0.0546875
0 0.1921875 0.28984375 0.04375 0.0484375
0 0.26875 0.30703125 0.05625 0.0609375
0 0.73046875 0.26875 0.0546875 0.046875
0 0.29453125 0.25546875 0.0453125 0.0453125
0 0.57265625 0.45390625 0.0609375 0.0515625
0 0.74296875 0.409375 0.0546875 0.046875
0 0.43515625 0.6640625 0.0578125 0.053125
0 0.9703125 0.609375 0.05 0.05625
0 0.3046875 0.5171875 0.053125 0.05
0 0.471875 0.97421875 0.053125 0.0390625
0 0.32578125 0.89765625 0.0453125 0.0421875
0 0.05625 0.553125 0.046875 0.040625
0 0.08359375 0.6796875 0.0484375 0.046875
0 0.2875 0.4234375 0.046875 0.05
0 0.97890625 0.134375 0.0359375 0.05
0 0.6203125 0.31875 0.046875 0.040625
0 0.7296875 0.5875 0.053125 0.046875
0 0.4109375 0.17578125 0.05 0.0515625
0 0.37421875 0.01953125 0.0515625 0.0359375
0 0.5875 0.115625 0.06875 0.053125
0 0.0515625 0.09609375 0.05625 0.0515625
0 0.19609375 0.0296875 0.0640625 0.053125
0 0.9234375 0.94375 0.0625 0.059375
0 0.44296875 0.72890625 0.0921875 0.0765625
0 0.75546875 0.71015625 0.0796875 0.0796875
0 0.89453125 0.65703125 0.1015625 0.0703125
0 0.7171875 0.0703125 0.078125 0.06875
0 0.86640625 0.52578125 0.0828125 0.0640625
0 0.44609375 0.9390625 0.0609375 0.053125
0 0.84765625 0.053125 0.0640625 0.053125
0 0.70625 0.21875 0.06875 0.05625
0 0.3046875 0.71953125 0.071875 0.0640625
0 0.86171875 0.12109375 0.0765625 0.0640625
0 0.62265625 0.39609375 0.0734375 0.0640625
0 0.88203125 0.46796875 0.0796875 0.0609375
0 0.7484375 0.90078125 0.06875 0.0578125
0 0.71953125 0.653125 0.0703125 0.065625
0 0.7484375 0.4609375 0.065625 0.053125
0 0.96796875 0.196875 0.0578125 0.065625
0 0.62734375 0.490625 0.0671875 0.059375
0 0.29921875 0.8125 0.0578125 0.0625
0 0.875 0.3234375 0.078125 0.08125
0 0.63125 0.94140625 0.0625 0.0640625
0 0.63125 0.26875 0.065625 0.05625
0 0.7265625 0.51796875 0.059375 0.0609375
0 0.8703125 0.2375 0.06875 0.0625
0 0.921875 0.3953125 0.065625 0.059375
0 0.59140625 0.63203125 0.0609375 0.0578125
0 0.7359375 0.3640625 0.0625 0.053125
0 0.7421875 0.3046875 0.065625 0.05625
0 0.959375 0.0328125 0.071875 0.059375
0 0.903125 0.86015625 0.0625 0.0671875
0 0.43828125 0.50078125 0.0671875 0.0546875
0 0.58671875 0.2171875 0.0609375 0.053125
0 0.72265625 0.04765625 0.0671875 0.0546875
0 0.703125 0.5953125 0.0625 0.05
0 0.72421875 0.9578125 0.0578125 0.053125
0 0.27109375 0.1390625 0.0546875 0.05625
0 0.39296875 0.34296875 0.0640625 0.0609375
0 0.29140625 0.55859375 0.0640625 0.0484375
0 0.24921875 0.60546875 0.0328125 0.0484375
0 0.028125 0.371875 0.034375 0.053125
0 0.07265625 0.428125 0.0390625 0.05625
0 0.07734375 0.48828125 0.0328125 0.0328125
0 0.10078125 0.5046875 0.0296875 0.0375
0 0.0546875 0.20234375 0.03125 0.0328125
0 0.28125 0.05390625 0.040625 0.0453125
0 0.26328125 0.0203125 0.0390625 0.0375
0 0.4234375 0.065625 0.05 0.046875
0 0.409375 0.2328125 0.053125 0.04375
0 0.4921875 0.2703125 0.05 0.05
0 0.57578125 0.16171875 0.0734375 0.0484375
0 0.98359375 0.453125 0.0328125 0.05625
0 0.6578125 0.71640625 0.05625 0.0421875
0 0.509375 0.4859375 0.046875 0.0625
0 0.98203125 0.9015625 0.0359375 0.05
0 0.9203125 0.984375 0.0375 0.03125
