0 0.1796875 0.45703125 0.05625 0.0515625
0 0.3984375 0.403125 0.05625 0.05
0 0.390625 0.128125 0.05625 0.046875
0 0.52109375 0.4953125 0.0515625 0.05
0 0.23046875 0.03125 0.0640625 0.05625
0 0.475 0.26328125 0.053125 0.0484375
0 0.7671875 0.10625 0.053125 0.046875
0 0.5125 0.4484375 0.05 0.046875
0 0.39609375 0.51015625 0.0578125 0.0515625
0 0.74453125 0.49453125 0.0515625 0.0484375
0 0.4984375 0.0203125 0.059375 0.0375
0 0.86015625 0.0671875 0.0609375 0.053125
0 0.50078125 0.40078125 0.0421875 0.0453125
0 0.14375 0.09453125 0.059375 0.0484375
0 0.38125 0.08203125 0.05625 0.0484375
0 0.7625 0.4109375 0.04375 0.04375
0 0.384375 0.18203125 0.053125 0.0546875
0 0.6515625 0.84453125 0.059375 0.0546875
0 0.65078125 0.49609375 0.0578125 0.0515625
0 0.51640625 0.29375 0.0421875 0.040625
0 0.1359375 0.253125 0.053125 0.053125
0 0.7359375 0.25625 0.04375 0.040625
0 0.3859375 0.29765625 0.05 0.0421875
0 0.74375 0.22109375 0.04375 0.0390625
0 0.75078125 0.56796875 0.0484375 0.0453125
0 0.3765625 0.334375 0.04375 0.040625
0 0.53359375 0.92109375 0.0609375 0.0546875
0 0.7359375 0.02890625 0.05 0.0453125
0 0.41484375 0.45390625 0.0515625 0.0453125
0 0.22734375 0.153125 0.0578125 0.053125
0 0.9140625 0.1390625 0.053125 0.04375
0 0.84921875 0.2046875 0.0390625 0.040625
0 0.25234375 0.3578125 0.0515625 0.040625
0 0.57109375 0.25078125 0.0515625 0.0484375
0 0.03046875 0.89921875 0.0546875 0.0546875
0 0.15234375 0.80703125 0.0453125 0.0484375
0 0.49921875 0.1609375 0.0453125 0.040625
0 0.45234375 0.1125 0.0453125 0.04375
0 0.8640625 0.33203125 0.053125 0.0515625
0 0.25 0.40078125 0.078125 0.0671875
0 0.25859375 0.62734375 0.0734375 0.0671875
0 0.2609375 0.86953125 0.071875 0.0578125
0 0.26328125 0.9546875 0.0640625 0.0625
0 0.15703125 0.9359375 0.0734375 0.06875
0 0.01953125 0.9640625 0.0359375 0.05625
0 0.22578125 0.24609375 0.0671875 0.0578125
0 0.753125 0.890625 0.06875 0.0625
0 0.578125 0.040625 0.078125 0.06875
0 0.76015625 0.959375 0.0640625 0.05625
0 0.44375 0.93203125 0.071875 0.0671875
0 0.22265625 0.08984375 0.0609375 0.0578125
0 0.5078125 0.65859375 0.059375 0.0578125
0 0.12890625 0.87109375 0.0609375 0.0546875
0 0.2421875 0.30546875 0.06875 0.0578125
0 0.21796875 0.50390625 0.0703125 0.0609375
0 0.65078125 0.9015625 0.0421875 0.034375
0 0.14140625 0.315625 0.0640625 0.0625
0 0.45234375 0.86015625 0.0609375 0.0578125
0 0.12890625 0.03359375 0.0671875 0.0546875
0 0.9390625 0.353125 0.059375 0.059375
0 0.10625 0.4078125 0.04375 0.04375
0 0.14765625 0.13671875 0.0609375 0.0453125
0 0.92890625 0.46171875 0.0515625 0.0296875
0 0.90390625 0.51953125 0.0265625 0.0359375
0 0.64296875 0.934375 0.0421875 0.034375
0 0.1609375 0.978125 0.0375 0.04375
0 0.04921875 0.965625 0.0453125 0.040625
