0 0.0796875 0.45703125 0.05625 0.0515625
0 0.03125 0.871875 0.05625 0.053125
0 0.290625 0.128125 0.05625 0.046875
0 0.2984375 0.40390625 0.05625 0.0515625
0 0.42109375 0.4953125 0.0515625 0.05
0 0.5515625 0.84453125 0.059375 0.0546875
0 0.37421875 0.26328125 0.0515625 0.0484375
0 0.4125 0.4484375 0.05 0.046875
0 0.6671875 0.10625 0.053125 0.046875
0 0.29609375 0.5109375 0.0578125 0.053125
0 0.64453125 0.49453125 0.0515625 0.0484375
0 0.4015625 0.40078125 0.04375 0.0453125
0 0.76015625 0.06640625 0.0609375 0.0515625
0 0.04609375 0.09375 0.0578125 0.046875
0 0.1296875 0.03125 0.0625 0.05625
0 0.14921875 0.40078125 0.0765625 0.0671875
0 0.55 0.49609375 0.059375 0.0515625
0 0.28125 0.08203125 0.05625 0.0484375
0 0.16328125 0.9546875 0.0640625 0.0625
0 0.284375 0.18203125 0.053125 0.0546875
0 0.05859375 0.9359375 0.0734375 0.065625
0 0.16328125 0.8703125 0.0703125 0.05625
0 0.6625 0.4109375 0.04375 0.04375
0 0.41640625 0.29375 0.0421875 0.040625
0 0.12578125 0.24453125 0.0671875 0.0578125
0 0.96953125 0.18203125 0.0421875 0.0421875
0 0.15859375 0.62734375 0.0734375 0.0671875
0 0.95703125 0.48125 0.0515625 0.05
0 0.6359375 0.25625 0.04375 0.040625
0 0.12265625 0.08984375 0.0609375 0.0578125
0 0.66015625 0.959375 0.0640625 0.05625
0 0.34375 0.93203125 0.071875 0.0671875
0 0.47890625 0.040625 0.0765625 0.06875
0 0.28671875 0.29765625 0.0484375 0.0421875
0 0.64375 0.22109375 0.04375 0.0390625
0 0.03828125 0.2546875 0.0515625 0.05
0 0.1421875 0.30546875 0.06875 0.0578125
0 0.97109375 0.67265625 0.0453125 0.0515625
0 0.653125 0.89140625 0.06875 0.0640625
0 0.4078125 0.65859375 0.059375 0.0578125
0 0.95859375 0.390625 0.0546875 0.05625
0 0.65078125 0.56796875 0.0484375 0.0453125
0 0.12734375 0.153125 0.0578125 0.053125
0 0.43359375 0.92109375 0.0609375 0.0546875
0 0.11796875 0.50390625 0.0703125 0.0609375
0 0.2765625 0.334375 0.04375 0.040625
0 0.31484375 0.45390625 0.0515625 0.0453125
0 0.54140625 0.9171875 0.0609375 0.065625
0 0.04296875 0.3171875 0.0609375 0.059375
0 0.81484375 0.13828125 0.0546875 0.0453125
0 0.42578125 0.59296875 0.0421875 0.0421875
0 0.6359375 0.02890625 0.05 0.0453125
0 0.74921875 0.2046875 0.0390625 0.040625
0 0.15234375 0.3578125 0.0515625 0.040625
0 0.0640625 0.58828125 0.046875 0.0453125
0 0.35078125 0.86015625 0.0578125 0.0578125
0 0.6421875 0.3171875 0.040625 0.04375
0 0.47109375 0.25078125 0.0515625 0.0484375
0 0.39921875 0.1609375 0.0453125 0.040625
0 0.03984375 0.63203125 0.0578125 0.0546875
0 0.3984375 0.02109375 0.059375 0.0390625
0 0.9421875 0.053125 0.05625 0.053125
0 0.053125 0.8078125 0.04375 0.046875
0 0.35234375 0.11328125 0.0453125 0.0453125
0 0.96171875 0.30390625 0.0546875 0.0546875
0 0.8390625 0.35390625 0.05625 0.0578125
0 0.7484375 0.34140625 0.05625 0.0609375
0 0.825 0.2125 0.046875 0.046875
