0 0.48671875 0.6546875 0.0546875 0.053125
0 0.47109375 0.15078125 0.0515625 0.0515625
0 0.20390625 0.6421875 0.0546875 0.05
0 0.3640625 0.028125 0.065625 0.053125
0 0.47734375 0.025 0.0453125 0.046875
0 0.49296875 0.3046875 0.0546875 0.053125
0 0.50859375 0.59921875 0.0515625 0.0484375
0 0.3875 0.61953125 0.046875 0.0453125
0 0.3828125 0.24453125 0.05 0.0515625
0 0.64921875 0.0671875 0.0796875 0.06875
0 0.50234375 0.84609375 0.0484375 0.0484375
0 0.13046875 0.19453125 0.0546875 0.0546875
0 0.14296875 0.78359375 0.0453125 0.0515625
0 0.215625 0.27421875 0.06875 0.0609375
0 0.4015625 0.35703125 0.053125 0.0546875
0 0.659375 0.2140625 0.08125 0.09375
0 0.1078125 0.71796875 0.071875 0.0671875
0 0.50625 0.76953125 0.0625 0.0546875
0 0.2171875 0.22265625 0.059375 0.0515625
0 0.37734375 0.51953125 0.0609375 0.0578125
0 0.4875 0.5546875 0.053125 0.05
0 0.146875 0.4578125 0.05625 0.053125
0 0.20390625 0.0484375 0.0765625 0.078125
0 0.37109375 0.08203125 0.0640625 0.0578125
0 0.37109375 0.578125 0.0578125 0.05
0 0.46328125 0.08671875 0.0640625 0.0640625
0 0.50546875 0.71875 0.0421875 0.046875
0 0.13515625 0.6421875 0.0703125 0.065625
0 0.36015625 0.1375 0.0703125 0.059375
0 0.67421875 0.35546875 0.0703125 0.0640625
0 0.48828125 0.196875 0.0484375 0.04375
0 0.1328125 0.3875 0.078125 0.065625
0 0.6828125 0.3 0.065625 0.059375
0 0.6984375 0.6421875 0.053125 0.053125
0 0.46953125 0.45 0.0484375 0.046875
0 0.50390625 0.9546875 0.0578125 0.059375
0 0.08046875 0.28828125 0.0515625 0.0546875
0 0.478125 0.36015625 0.04375 0.0421875
0 0.240625 0.78515625 0.06875 0.0671875
0 0.234375 0.478125 0.071875 0.05625
0 0.596875 0.5234375 0.0625 0.06875
0 0.5015625 0.39375 0.059375 0.05625
0 0.14296875 0.9375 0.0609375 0.05625
0 0.1296875 0.09921875 0.0625 0.0546875
0 0.3734375 0.30625 0.053125 0.05625
0 0.24375 0.12265625 0.0625 0.0546875
0 0.57421875 0.05546875 0.0546875 0.0453125
0 0.34609375 0.18671875 0.0578125 0.0609375
0 0.14453125 0.5140625 0.0578125 0.059375
0 0.225 0.7078125 0.059375 0.053125
0 0.3921875 0.78515625 0.059375 0.0640625
0 0.67734375 0.559375 0.0546875 0.053125
0 0.40390625 0.9109375 0.0484375 0.04375
0 0.153125 0.85625 0.059375 0.040625
0 0.6921875 0.753125 0.05625 0.05
0 0.0859375 0.1875 0.03125 0.034375
0 0.37421875 0.45234375 0.0359375 0.0453125
0 0.5296875 0.884375 0.046875 0.04375
0 0.4875 0.25 0.040625 0.040625
