0 0.0796875 0.35703125 0.05625 0.0515625
0 0.03125 0.771875 0.05625 0.053125
0 0.653125 0.9640625 0.05625 0.05
0 0.2984375 0.30390625 0.05625 0.0515625
0 0.42109375 0.3953125 0.0515625 0.05
0 0.54609375 0.95078125 0.0578125 0.0484375
0 0.375 0.16328125 0.053125 0.0484375
0 0.18359375 0.96484375 0.0578125 0.0484375
0 0.4125 0.3484375 0.05 0.046875
0 0.2953125 0.4109375 0.05625 0.053125
0 0.4015625 0.30078125 0.04375 0.0453125
0 0.5515625 0.74453125 0.059375 0.0546875
0 0.64453125 0.3953125 0.0515625 0.046875
0 0.29140625 0.02734375 0.0546875 0.0453125
0 0.55 0.396875 0.059375 0.05
0 0.95703125 0.38046875 0.0515625 0.0484375
0 0.284375 0.08203125 0.053125 0.0546875
0 0.6625 0.3109375 0.04375 0.04375
0 0.41640625 0.19375 0.0421875 0.040625
0 0.97109375 0.5734375 0.0453125 0.05
0 0.63671875 0.15625 0.0453125 0.040625
0 0.06953125 0.89296875 0.0515625 0.0484375
0 0.28671875 0.19765625 0.0484375 0.0421875
0 0.64375 0.12109375 0.04375 0.0390625
0 0.03828125 0.1546875 0.0515625 0.05
0 0.65078125 0.46796875 0.0484375 0.0453125
0 0.95859375 0.290625 0.0546875 0.05625
0 0.43359375 0.82109375 0.0609375 0.0546875
0 0.96953125 0.08203125 0.0421875 0.0421875
0 0.31484375 0.35390625 0.0515625 0.0453125
0 0.2765625 0.234375 0.04375 0.040625
0 0.128125 0.05390625 0.05625 0.0515625
0 0.42578125 0.49375 0.0421875 0.04375
0 0.1515625 0.2578125 0.053125 0.040625
0 0.03984375 0.53203125 0.0578125 0.0546875
0 0.0640625 0.4890625 0.046875 0.046875
0 0.64140625 0.215625 0.0421875 0.04375
0 0.47109375 0.15078125 0.0515625 0.0484375
0 0.81484375 0.040625 0.0546875 0.04375
0 0.05390625 0.7078125 0.0453125 0.046875
0 0.7640625 0.23203125 0.053125 0.0515625
0 0.1265625 0.1453125 0.06875 0.05625
0 0.16171875 0.76953125 0.0703125 0.0578125
0 0.0578125 0.8328125 0.06875 0.059375
0 0.15859375 0.52734375 0.0734375 0.0671875
0 0.14921875 0.30078125 0.0765625 0.0671875
0 0.653125 0.79140625 0.06875 0.0640625
0 0.1421875 0.20546875 0.06875 0.0578125
0 0.34375 0.83046875 0.06875 0.0640625
0 0.16328125 0.85546875 0.0640625 0.0640625
0 0.4078125 0.55859375 0.059375 0.0578125
0 0.6609375 0.86328125 0.0625 0.0609375
0 0.11796875 0.40390625 0.0703125 0.0609375
0 0.55078125 0.80078125 0.0734375 0.0421875
0 0.14453125 0.90546875 0.0640625 0.0515625
0 0.04296875 0.2171875 0.0609375 0.059375
0 0.3515625 0.75859375 0.059375 0.0578125
0 0.83828125 0.25390625 0.0578125 0.0578125
0 0.9609375 0.20390625 0.05625 0.0546875
0 0.40234375 0.2359375 0.0484375 0.0375
0 0.21328125 0.01484375 0.0390625 0.0265625
0 0.0453125 0.43671875 0.0375 0.0328125
0 0.55390625 0.83984375 0.0578125 0.0359375
0 0.83046875 0.3140625 0.0546875 0.04375
0 0.8421875 0.3640625 0.05625 0.0375
0 0.92265625 0.303125 0.0453125 0.040625
0 0.946875 0.13203125 0.040625 0.0484375
0 0.70078125 0.09140625 0.0484375 0.0484375
0 0.6578125 0.0421875 0.04375 0.034375
0 0.66796875 0.015625 0.0484375 0.028125
0 0.5453125 0.08984375 0.0375 0.0359375
0 0.49140625 0.02890625 0.0390625 0.0265625
0 0.396875 0.06953125 0.0625 0.0453125
0 0.36015625 0.0265625 0.0421875 0.0375
0 0.29375 0.1453125 0.046875 0.04375
0 0.05390625 0.03046875 0.0546875 0.0421875
0 0.96015625 0.46953125 0.0515625 0.0421875
0 0.515625 0.9859375 0.053125 0.028125
0 0.40625 0.75 0.05 0.0375
0 0.30390625 0.5390625 0.0390625 0.040625
0 0.30078125 0.47578125 0.0453125 0.0546875
