0 0.12265625 0.109375 0.0484375 0.05
0 0.84921875 0.3640625 0.0515625 0.046875
0 0.85234375 0.4203125 0.0484375 0.04375
0 0.93125 0.26640625 0.046875 0.0421875
0 0.75078125 0.703125 0.0578125 0.053125
0 0.971875 0.93984375 0.040625 0.0484375
0 0.728125 0.178125 0.05625 0.05
0 0.62578125 0.72265625 0.0546875 0.0515625
0 0.625 0.6421875 0.040625 0.040625
0 0.8515625 0.4640625 0.04375 0.04375
0 0.73125 0.296875 0.053125 0.046875
0 0.83828125 0.68984375 0.0484375 0.0421875
0 0.746875 0.134375 0.05 0.04375
0 0.25546875 0.63203125 0.0515625 0.0546875
0 0.41328125 0.93125 0.0546875 0.05
0 0.8640625 0.66171875 0.059375 0.0515625
0 0.509375 0.6625 0.059375 0.05
0 0.95 0.7671875 0.059375 0.053125
0 0.8015625 0.78203125 0.059375 0.0546875
0 0.28125 0.9734375 0.046875 0.0375
0 0.68828125 0.9546875 0.0671875 0.059375
0 0.8375 0.3125 0.04375 0.040625
0 0.2578125 0.71953125 0.065625 0.0640625
0 0.3390625 0.78828125 0.046875 0.0453125
0 0.80703125 0.88046875 0.0578125 0.0453125
0 0.2453125 0.94765625 0.04375 0.0453125
0 0.68203125 0.8796875 0.0484375 0.05
0 0.8359375 0.153125 0.0375 0.0375
0 0.81015625 0.8328125 0.0609375 0.059375
0 0.68828125 0.83125 0.0640625 0.059375
0 0.7265625 0.0640625 0.06875 0.05625
0 0.83046875 0.20625 0.0453125 0.05
0 0.95625 0.88984375 0.046875 0.0390625
0 0.91953125 0.1625 0.0421875 0.0375
0 0.83515625 0.21953125 0.0484375 0.0515625
0 0.94453125 0.02265625 0.0453125 0.0390625
0 0.2234375 0.08984375 0.053125 0.0453125
0 0.725 0.2578125 0.05 0.040625
0 0.603125 0.2609375 0.040625 0.040625
0 0.02421875 0.43203125 0.0421875 0.0453125
0 0.496875 0.91171875 0.065625 0.0671875
0 0.83671875 0.9453125 0.0578125 0.059375
0 0.8046875 0.94453125 0.06875 0.0546875
0 0.94140625 0.465625 0.0640625 0.0625
0 0.63046875 0.2078125 0.0484375 0.04375
0 0.584375 0.328125 0.040625 0.0375
0 0.040625 0.9375 0.05 0.046875
0 0.95078125 0.38046875 0.0390625 0.0421875
0 0.96015625 0.98046875 0.0453125 0.0328125
0 0.1140625 0.27734375 0.0625 0.0578125
0 0.35546875 0.709375 0.0546875 0.0625
0 0.35625 0.2203125 0.046875 0.0375
0 0.36953125 0.27421875 0.0484375 0.0359375
0 0.35546875 0.32734375 0.0328125 0.0359375
0 0.2609375 0.48359375 0.040625 0.0421875
0 0.35234375 0.12890625 0.0453125 0.0484375
0 0.3359375 0.06953125 0.04375 0.0359375
0 0.3671875 0.025 0.05 0.034375
0 0.20859375 0.12578125 0.0359375 0.0265625
0 0.2703125 0.059375 0.0375 0.040625
0 0.12109375 0.159375 0.0359375 0.040625
0 0.12109375 0.20859375 0.0390625 0.0296875
0 0.02421875 0.18671875 0.0453125 0.0421875
0 0.01875 0.24609375 0.034375 0.0328125
0 0.021875 0.290625 0.040625 0.053125
0 0.028125 0.33984375 0.046875 0.0359375
0 0.02578125 0.37734375 0.0484375 0.0328125
0 0.1609375 0.3890625 0.05625 0.040625
0 0.13046875 0.425 0.0390625 0.0375
0 0.12109375 0.49921875 0.0390625 0.0453125
0 0.02578125 0.47890625 0.0453125 0.0328125
0 0.021875 0.12109375 0.034375 0.0453125
0 0.0140625 0.07265625 0.025 0.0421875
0 0.02890625 0.01640625 0.0484375 0.0296875
0 0.10625 0.05546875 0.053125 0.0359375
0 0.13671875 0.6953125 0.0484375 0.05
0 0.13203125 0.7546875 0.0328125 0.0375
0 0.1171875 0.95234375 0.025 0.0296875
0 0.134375 0.9734375 0.034375 0.03125
0 0.16484375 0.98984375 0.0578125 0.0203125
0 0.50078125 0.71875 0.0359375 0.028125
0 0.578125 0.821875 0.0375 0.034375
0 0.5640625 0.8625 0.0375 0.040625
0 0.5015625 0.84765625 0.05 0.0421875
0 0.58046875 0.9421875 0.0421875 0.03125
0 0.74609375 0.4109375 0.0484375 0.0375
0 0.73671875 0.46015625 0.0421875 0.0421875
0 0.75546875 0.3703125 0.0453125 0.034375
0 0.67734375 0.38671875 0.0359375 0.0390625
0 0.63359375 0.4578125 0.0390625 0.04375
0 0.59453125 0.409375 0.0328125 0.028125
0 0.5015625 0.34921875 0.034375 0.0328125
0 0.5078125 0.40859375 0.03125 0.0359375
0 0.54140625 0.4421875 0.0359375 0.0375
0 0.471875 0.4546875 0.028125 0.025
0 0.49609375 0.459375 0.0265625 0.025
0 0.49453125 0.309375 0.0265625 0.03125
0 0.45078125 0.240625 0.0296875 0.034375
0 0.45625 0.28828125 0.0375 0.0328125
0 0.50546875 0.13046875 0.0328125 0.0359375
0 0.5125 0.2171875 0.028125 0.025
0 0.48359375 0.23515625 0.0234375 0.0234375
0 0.4765625 0.1953125 0.01875 0.01875
0 0.50703125 0.08828125 0.0265625 0.0296875
0 0.4828125 0.0359375 0.0375 0.0375
0 0.5515625 0.08984375 0.03125 0.0359375
0 0.5578125 0.0265625 0.025 0.025
0 0.60546875 0.08203125 0.0265625 0.0421875
0 0.68359375 0.16328125 0.0234375 0.0359375
0 0.68359375 0.203125 0.0296875 0.028125
0 0.9265625 0.08828125 0.03125 0.0234375
0 0.93203125 0.1328125 0.0328125 0.03125
0 0.9 0.2171875 0.034375 0.04375
0 0.9171875 0.70390625 0.0375 0.0328125
0 0.24609375 0.1484375 0.0421875 0.034375
0 0.2828125 0.1609375 0.03125 0.03125
