0 0.60390625 0.40703125 0.0515625 0.0484375
0 0.103125 0.16875 0.04375 0.040625
0 0.20859375 0.109375 0.0515625 0.05
0 0.9609375 0.8265625 0.05 0.05
0 0.734375 0.79296875 0.05625 0.0515625
0 0.71640625 0.88671875 0.0546875 0.0484375
0 0.4734375 0.28984375 0.05 0.0453125
0 0.68203125 0.51328125 0.0640625 0.0609375
0 0.41328125 0.8203125 0.0484375 0.04375
0 0.90078125 0.90078125 0.0578125 0.0484375
0 0.70546875 0.7421875 0.0609375 0.0625
0 0.0265625 0.959375 0.046875 0.053125
0 0.9625 0.42265625 0.059375 0.0609375
0 0.75234375 0.94609375 0.0453125 0.0453125
0 0.38671875 0.20859375 0.0515625 0.0515625
0 0.50859375 0.4125 0.0515625 0.05
0 0.48984375 0.10078125 0.0453125 0.0421875
0 0.11640625 0.346875 0.0546875 0.05
0 0.09375 0.08125 0.059375 0.059375
0 0.3640625 0.0296875 0.0625 0.053125
0 0.38046875 0.0953125 0.0515625 0.053125
0 0.38515625 0.96796875 0.0671875 0.0546875
0 0.9734375 0.87578125 0.04375 0.0453125
0 0.50859375 0.61875 0.0609375 0.059375
0 0.14375 0.5609375 0.05 0.046875
0 0.840625 0.09609375 0.05 0.0453125
0 0.49375 0.8484375 0.059375 0.059375
0 0.49140625 0.36171875 0.0671875 0.0640625
0 0.7359375 0.85703125 0.05 0.0421875
0 0.8875 0.85234375 0.059375 0.0578125
0 0.09921875 0.24375 0.0515625 0.053125
0 0.8859375 0.953125 0.06875 0.0625
0 0.871875 0.16796875 0.06875 0.0671875
0 0.47734375 0.05078125 0.0609375 0.0515625
0 0.15390625 0.96796875 0.0453125 0.0421875
0 0.03671875 0.83671875 0.0546875 0.0578125
0 0.37890625 0.9140625 0.0484375 0.040625
0 0.91015625 0.35703125 0.0609375 0.0578125
0 0.53515625 0.54375 0.0546875 0.059375
0 0.23203125 0.865625 0.0546875 0.053125
0 0.4625 0.18203125 0.071875 0.0578125
0 0.478125 0.54609375 0.05625 0.0484375
0 0.5875 0.14765625 0.0625 0.0609375
0 0.21796875 0.06640625 0.0515625 0.0390625
0 0.9015625 0.4515625 0.0625 0.059375
0 0.61875 0.08359375 0.05 0.0421875
0 0.334375 0.1609375 0.078125 0.071875
0 0.68828125 0.296875 0.0828125 0.06875
0 0.9765625 0.9234375 0.0375 0.05
0 0.19921875 0.15546875 0.0453125 0.0421875
0 0.453125 0.4140625 0.0625 0.0625
0 0.46796875 0.2390625 0.0640625 0.05625
0 0.86875 0.7796875 0.06875 0.071875
0 0.49375 0.14296875 0.05 0.0421875
0 0.2109375 0.23203125 0.0625 0.0609375
0 0.4984375 0.92578125 0.065625 0.0578125
0 0.971875 0.128125 0.05625 0.05
0 0.50234375 0.80703125 0.0546875 0.0421875
0 0.50859375 0.47578125 0.0578125 0.0546875
0 0.20859375 0.3203125 0.0484375 0.053125
0 0.35234375 0.3875 0.0640625 0.05625
0 0.6890625 0.1046875 0.053125 0.046875
0 0.93203125 0.0890625 0.0546875 0.05625
0 0.32578125 0.2875 0.0515625 0.059375
0 0.22578125 0.6265625 0.0546875 0.05
0 0.225 0.8078125 0.05625 0.046875
0 0.396875 0.4625 0.071875 0.065625
0 0.60859375 0.47578125 0.0578125 0.0484375
0 0.603125 0.49375 0.06875 0.075
0 0.0171875 0.91953125 0.03125 0.0453125
0 0.2171875 0.4421875 0.05625 0.059375
0 0.37265625 0.6125 0.0671875 0.078125
0 0.89453125 0.62578125 0.0734375 0.0609375
0 0.6296875 0.6 0.065625 0.0625
0 0.15390625 0.79609375 0.0640625 0.0609375
0 0.3796875 0.31484375 0.059375 0.0546875
0 0.84453125 0.3203125 0.0671875 0.05625
0 0.34765625 0.440625 0.0484375 0.053125
0 0.12109375 0.49375 0.0703125 0.059375
0 0.68203125 0.20078125 0.0609375 0.0578125
0 0.90625 0.5859375 0.075 0.05625
0 0.80625 0.0390625 0.046875 0.0375
0 0.33125 0.87265625 0.040625 0.0359375
0 0.3828125 0.85 0.04375 0.0375
0 0.625 0.8015625 0.040625 0.034375
0 0.63515625 0.865625 0.0390625 0.046875
0 0.846875 0.51171875 0.040625 0.0421875
0 0.30546875 0.08359375 0.0453125 0.0453125
0 0.2109375 0.0140625 0.04375 0.025
0 0.165625 0.01640625 0.040625 0.0296875
0 0.11328125 0.02265625 0.0390625 0.0390625
0 0.8265625 0.275 0.05 0.034375
0 0.8328125 0.2359375 0.03125 0.03125
0 0.98203125 0.16328125 0.0359375 0.0390625
0 0.97734375 0.21484375 0.0453125 0.0359375
0 0.59375 0.3640625 0.053125 0.04375
0 0.1625 0.1609375 0.053125 0.053125
0 0.08515625 0.13125 0.0421875 0.046875
