0 0.24296875 0.6125 0.0578125 0.05625
0 0.740625 0.471875 0.05625 0.053125
0 0.6125 0.209375 0.08125 0.06875
0 0.3765625 0.8125 0.06875 0.0625
0 0.3875 0.91875 0.09375 0.084375
0 0.36953125 0.54375 0.0796875 0.065625
0 0.74375 0.9515625 0.05625 0.053125
0 0.3359375 0.34609375 0.06875 0.0703125
0 0.61171875 0.146875 0.0796875 0.065625
0 0.64453125 0.69453125 0.0609375 0.0515625
0 0.81640625 0.4171875 0.0734375 0.0625
0 0.43515625 0.071875 0.0734375 0.059375
0 0.56015625 0.66875 0.0734375 0.065625
0 0.83828125 0.81953125 0.0734375 0.0671875
0 0.3875 0.74921875 0.0625 0.0578125
0 0.64453125 0.45859375 0.0609375 0.0578125
0 0.67890625 0.9421875 0.0796875 0.065625
0 0.74453125 0.66953125 0.0703125 0.0578125
0 0.67578125 0.8125 0.0578125 0.05
0 0.47578125 0.7484375 0.0734375 0.0625
0 0.75546875 0.7921875 0.0578125 0.05625
0 0.86015625 0.9171875 0.0734375 0.071875
0 0.8171875 0.35234375 0.06875 0.0609375
0 0.4296875 0.271875 0.059375 0.053125
0 0.7296875 0.30546875 0.065625 0.0640625
0 0.915625 0.32421875 0.08125 0.0890625
0 0.61640625 0.371875 0.0640625 0.053125
0 0.72734375 0.52265625 0.0640625 0.0546875
0 0.3234375 0.18359375 0.0625 0.0453125
0 0.178125 0.19296875 0.084375 0.0734375
0 0.95390625 0.5375 0.0640625 0.059375
0 0.603125 0.0328125 0.059375 0.05
0 0.70703125 0.03359375 0.0578125 0.0640625
0 0.21875 0.56484375 0.05625 0.0484375
0 0.66015625 0.5453125 0.0609375 0.059375
0 0.73125 0.42734375 0.05 0.0421875
0 0.93984375 0.58671875 0.0609375 0.0515625
0 0.8359375 0.965625 0.071875 0.053125
0 0.72734375 0.3765625 0.0578125 0.05625
0 0.225 0.8453125 0.065625 0.0625
0 0.92265625 0.2890625 0.0796875 0.06875
0 0.11640625 0.575 0.0640625 0.065625
0 0.46875 0.96640625 0.06875 0.0515625
0 0.3296875 0.14140625 0.065625 0.0578125
0 0.08359375 0.0328125 0.0609375 0.053125
0 0.22421875 0.771875 0.0703125 0.06875
0 0.94765625 0.66875 0.0734375 0.078125
0 0.3828125 0.70546875 0.071875 0.0609375
0 0.58203125 0.6046875 0.0640625 0.05
0 0.64765625 0.31796875 0.0703125 0.0578125
0 0.12421875 0.86484375 0.0609375 0.0515625
0 0.9671875 0.6390625 0.059375 0.065625
0 0.73671875 0.57578125 0.0703125 0.0578125
0 0.034375 0.95625 0.065625 0.05625
0 0.1921875 0.35859375 0.0625 0.0671875
0 0.39609375 0.865625 0.0671875 0.05
0 0.12265625 0.51171875 0.0609375 0.0484375
0 0.60078125 0.42421875 0.0734375 0.0578125
0 0.13671875 0.4671875 0.0609375 0.053125
0 0.72890625 0.61640625 0.0609375 0.0453125
0 0.60625 0.32890625 0.0625 0.0546875
0 0.63984375 0.89140625 0.0640625 0.0546875
0 0.7328125 0.72890625 0.065625 0.0578125
0 0.14453125 0.9078125 0.0609375 0.05
0 0.609375 0.07890625 0.065625 0.0546875
0 0.8046875 0.11328125 0.06875 0.0609375
0 0.79921875 0.29375 0.0640625 0.0625
0 0.61796875 0.2703125 0.0578125 0.053125
0 0.425 0.19453125 0.065625 0.0609375
0 0.09375 0.14609375 0.06875 0.0671875
0 0.7296875 0.215625 0.059375 0.053125
0 0.7265625 0.2703125 0.053125 0.034375
0 0.921875 0.4046875 0.040625 0.059375
0 0.96640625 0.40546875 0.0390625 0.0609375
0 0.93671875 0.46484375 0.0546875 0.0453125
0 0.9828125 0.46640625 0.03125 0.0421875
0 0.83515625 0.5953125 0.0609375 0.053125
0 0.85234375 0.64453125 0.0671875 0.0453125
0 0.83984375 0.7 0.0515625 0.046875
0 0.85234375 0.7453125 0.0453125 0.046875
0 0.94296875 0.84921875 0.0640625 0.0640625
0 0.9515625 0.746875 0.05625 0.053125
0 0.940625 0.79140625 0.05625 0.0453125
0 0.96328125 0.925 0.0609375 0.0625
0 0.81796875 0.18671875 0.0515625 0.0484375
0 0.8078125 0.21484375 0.05625 0.0515625
0 0.9625 0.08046875 0.046875 0.0546875
0 0.94375 0.128125 0.065625 0.05625
0 0.928125 0.17578125 0.05625 0.0640625
0 0.81015625 0.02734375 0.0546875 0.0390625
0 0.79296875 0.06640625 0.0578125 0.0453125
0 0.10859375 0.35 0.0703125 0.05
0 0.20703125 0.2875 0.0421875 0.046875
0 0.12578125 0.2390625 0.0609375 0.059375
0 0.11171875 0.296875 0.0609375 0.053125
0 0.17890625 0.0390625 0.0515625 0.046875
0 0.13125 0.7765625 0.053125 0.053125
0 0.22890625 0.715625 0.0484375 0.053125
0 0.1140625 0.7203125 0.053125 0.053125
0 0.22578125 0.91640625 0.0578125 0.0484375
0 0.23828125 0.9609375 0.0703125 0.053125
0 0.36328125 0.9765625 0.0546875 0.04375
0 0.46953125 0.584375 0.0484375 0.04375
0 0.48515625 0.66015625 0.0546875 0.0578125
0 0.45234375 0.62265625 0.0453125 0.0421875
0 0.4421875 0.50390625 0.053125 0.0484375
0 0.47109375 0.5375 0.0515625 0.046875
0 0.38203125 0.60625 0.0578125 0.05625
0 0.34375 0.6671875 0.059375 0.059375
0 0.1296875 0.6640625 0.04375 0.0375
0 0.23984375 0.45234375 0.0453125 0.0421875
0 0.34296875 0.42109375 0.0515625 0.0546875
0 0.33828125 0.465625 0.0453125 0.046875
0 0.43203125 0.34921875 0.0546875 0.0421875
0 0.4578125 0.403125 0.059375 0.05
0 0.47265625 0.4546875 0.0484375 0.034375
0 0.3421875 0.2390625 0.0625 0.053125
0 0.35078125 0.040625 0.0671875 0.053125
0 0.590625 0.47421875 0.05 0.0453125
0 0.65 0.74453125 0.05 0.0421875
0 0.64140625 0.78125 0.0546875 0.046875
0 0.8203125 0.47109375 0.05625 0.0515625
0 0.83515625 0.51796875 0.0484375 0.0453125
0 0.81015625 0.54453125 0.0609375 0.0546875
0 0.8359375 0.88046875 0.059375 0.0453125
0 0.75625 0.84609375 0.053125 0.0421875
0 0.76328125 0.8921875 0.0578125 0.053125
0 0.46484375 0.80234375 0.0390625 0.0453125
0 0.2 0.3890625 0.05 0.03125
0 0.17109375 0.2484375 0.0578125 0.0625
0 0.17890625 0.08203125 0.0453125 0.0390625
0 0.7625 0.7234375 0.040625 0.05625
0 0.7375 0.98203125 0.046875 0.0203125
0 0.46171875 0.8578125 0.0265625 0.03125
0 0.534375 0.109375 0.053125 0.040625
0 0.4234375 0.02578125 0.0375 0.0328125
