0 0.71328125 0.38515625 0.0546875 0.0515625
0 0.10078125 0.63671875 0.0484375 0.0484375
0 0.06328125 0.2328125 0.0484375 0.046875
0 0.3203125 0.2921875 0.05625 0.05
0 0.23515625 0.3875 0.0515625 0.046875
0 0.071875 0.04609375 0.05625 0.0484375
0 0.178125 0.2859375 0.05 0.046875
0 0.2328125 0.3375 0.053125 0.046875
0 0.3265625 0.84296875 0.059375 0.0484375
0 0.91953125 0.0203125 0.0484375 0.0375
0 0.75 0.87890625 0.046875 0.0484375
0 0.03671875 0.19296875 0.0515625 0.0484375
0 0.3421875 0.803125 0.05625 0.053125
0 0.76875 0.15234375 0.053125 0.0515625
0 0.21484375 0.80625 0.0453125 0.04375
0 0.2140625 0.421875 0.053125 0.05
0 0.07109375 0.296875 0.0609375 0.053125
0 0.24375 0.74609375 0.05625 0.0484375
0 0.36484375 0.38203125 0.0578125 0.0546875
0 0.46328125 0.44140625 0.0546875 0.0546875
0 0.328125 0.91875 0.059375 0.046875
0 0.60625 0.8328125 0.05625 0.046875
0 0.2625 0.7796875 0.04375 0.040625
0 0.91640625 0.28515625 0.0453125 0.0453125
0 0.57578125 0.77421875 0.0640625 0.0546875
0 0.03359375 0.09609375 0.0546875 0.0546875
0 0.61015625 0.90703125 0.0390625 0.0453125
0 0.9109375 0.2234375 0.053125 0.05
0 0.24453125 0.9421875 0.0765625 0.071875
0 0.7796875 0.07890625 0.075 0.0765625
0 0.21484375 0.653125 0.0546875 0.053125
0 0.34453125 0.61875 0.0546875 0.05625
0 0.4484375 0.1359375 0.078125 0.06875
0 0.20859375 0.16953125 0.0546875 0.0515625
0 0.80078125 0.37109375 0.0578125 0.0546875
0 0.7203125 0.17890625 0.059375 0.0546875
0 0.7140625 0.5578125 0.071875 0.065625
0 0.5703125 0.2734375 0.04375 0.04375
0 0.50078125 0.8328125 0.0515625 0.05625
0 0.915625 0.06875 0.046875 0.0375
0 0.3421875 0.95546875 0.04375 0.0421875
0 0.47109375 0.26484375 0.0421875 0.0421875
0 0.32890625 0.55625 0.0640625 0.059375
0 0.06953125 0.4390625 0.0671875 0.065625
0 0.48359375 0.915625 0.0578125 0.059375
0 0.0796875 0.79609375 0.05 0.0453125
0 0.55625 0.178125 0.04375 0.05
0 0.7875 0.30390625 0.05625 0.0546875
0 0.2203125 0.8796875 0.05 0.046875
0 0.28828125 0.0296875 0.0734375 0.053125
0 0.6828125 0.95234375 0.053125 0.0453125
0 0.51875 0.925 0.046875 0.046875
0 0.0421875 0.146875 0.046875 0.0375
0 0.46640625 0.065625 0.0515625 0.053125
0 0.69453125 0.3140625 0.0765625 0.0625
0 0.41171875 0.06015625 0.0359375 0.0453125
0 0.09296875 0.875 0.0484375 0.040625
0 0.0890625 0.93671875 0.0375 0.0421875
0 0.746875 0.771875 0.05 0.053125
0 0.78671875 0.92578125 0.0484375 0.0390625
0 0.74765625 0.9203125 0.0234375 0.05
0 0.7953125 0.965625 0.03125 0.034375
0 0.578125 0.9734375 0.040625 0.03125
0 0.4609375 0.62890625 0.03125 0.0546875
0 0.56484375 0.33203125 0.0390625 0.0359375
0 0.16796875 0.06953125 0.0453125 0.0515625
0 0.61015625 0.03359375 0.0546875 0.0296875
0 0.57109375 0.0703125 0.0515625 0.0375
0 0.51640625 0.034375 0.0453125 0.034375
0 0.5734375 0.1171875 0.0375 0.04375
0 0.38046875 0.2703125 0.0328125 0.028125
