0 0.025 0.35859375 0.046875 0.0484375
0 0.03125 0.71171875 0.05625 0.0484375
0 0.525 0.1234375 0.04375 0.040625
0 0.31796875 0.95546875 0.0546875 0.0515625
0 0.4203125 0.26953125 0.05625 0.0515625
0 0.2015625 0.6375 0.059375 0.05
0 0.0625 0.77890625 0.05 0.0453125
0 0.58671875 0.9078125 0.0515625 0.053125
0 0.55078125 0.67421875 0.0484375 0.0453125
0 0.059375 0.2890625 0.059375 0.053125
0 0.03515625 0.86484375 0.0453125 0.0421875
0 0.06328125 0.215625 0.0546875 0.046875
0 0.32109375 0.828125 0.0578125 0.046875
0 0.4390625 0.55625 0.053125 0.05
0 0.42890625 0.46484375 0.0515625 0.0515625
0 0.03125 0.6640625 0.04375 0.040625
0 0.21171875 0.42109375 0.0546875 0.0546875
0 0.02734375 0.82421875 0.0515625 0.0484375
0 0.5625 0.63203125 0.05 0.0421875
0 0.528125 0.31796875 0.05 0.0484375
0 0.42109375 0.08828125 0.0546875 0.0515625
0 0.05859375 0.9296875 0.0578125 0.05
0 0.51171875 0.16640625 0.0609375 0.0546875
0 0.29609375 0.25546875 0.0640625 0.0484375
0 0.8609375 0.303125 0.05625 0.053125
0 0.75390625 0.83515625 0.0515625 0.0484375
0 0.5625 0.28359375 0.04375 0.0453125
0 0.54375 0.7359375 0.040625 0.040625
0 0.1796875 0.52734375 0.053125 0.0515625
0 0.29296875 0.49921875 0.0609375 0.0515625
0 0.31484375 0.87890625 0.0609375 0.0515625
0 0.871875 0.16484375 0.059375 0.0578125
0 0.57421875 0.80703125 0.0453125 0.0421875
0 0.0328125 0.6265625 0.046875 0.0375
0 0.196875 0.85859375 0.0625 0.0546875
0 0.5578125 0.84765625 0.053125 0.0515625
0 0.2984375 0.3515625 0.046875 0.046875
0 0.04140625 0.2484375 0.0421875 0.040625
0 0.4765625 0.96015625 0.053125 0.0453125
0 0.6703125 0.32265625 0.04375 0.0421875
0 0.8578125 0.6109375 0.053125 0.053125
0 0.55234375 0.20859375 0.0484375 0.0453125
0 0.446875 0.15859375 0.04375 0.0421875
0 0.440625 0.6859375 0.05 0.046875
0 0.19921875 0.95 0.0515625 0.046875
0 0.059375 0.9828125 0.040625 0.028125
0 0.45703125 0.91328125 0.0453125 0.0421875
0 0.53046875 0.57734375 0.0421875 0.0390625
0 0.6453125 0.2359375 0.0625 0.05625
0 0.5546875 0.38125 0.046875 0.046875
0 0.94453125 0.4234375 0.0484375 0.046875
0 0.903125 0.93125 0.053125 0.05
0 0.440625 0.3859375 0.040625 0.040625
0 0.9609375 0.27265625 0.05 0.0546875
0 0.86484375 0.39375 0.0453125 0.05
0 0.4640625 0.8046875 0.04375 0.034375
0 0.19921875 0.59609375 0.0484375 0.0421875
0 0.89921875 0.9734375 0.0484375 0.034375
0 0.46953125 0.134375 0.0453125 0.04375
0 0.43359375 0.2171875 0.0453125 0.046875
0 0.73984375 0.5078125 0.0734375 0.0625
0 0.2890625 0.56875 0.071875 0.053125
0 0.1859375 0.20859375 0.084375 0.0703125
0 0.72421875 0.4484375 0.0703125 0.071875
0 0.521875 0.4703125 0.0625 0.05625
0 0.7359375 0.28828125 0.078125 0.0640625
0 0.65390625 0.67734375 0.0796875 0.0703125
0 0.2765625 0.0796875 0.075 0.071875
0 0.165625 0.35390625 0.0625 0.0578125
0 0.171875 0.48046875 0.084375 0.0765625
0 0.1734375 0.1390625 0.0625 0.0625
0 0.74375 0.64140625 0.09375 0.0734375
0 0.03515625 0.5484375 0.0609375 0.0625
0 0.325 0.68984375 0.059375 0.0578125
0 0.303125 0.77578125 0.078125 0.0609375
0 0.5453125 0.53046875 0.0625 0.0515625
0 0.040625 0.453125 0.06875 0.075
0 0.63984375 0.11875 0.0703125 0.059375
0 0.284375 0.6234375 0.065625 0.05625
0 0.64140625 0.5125 0.0734375 0.06875
0 0.2859375 0.1703125 0.078125 0.071875
0 0.20234375 0.75625 0.0609375 0.05625
0 0.2984375 0.453125 0.0625 0.05
0 0.6125 0.28046875 0.059375 0.0578125
0 0.190625 0.30859375 0.0625 0.0515625
0 0.6453125 0.78125 0.06875 0.084375
0 0.71640625 0.23515625 0.0703125 0.0578125
0 0.88515625 0.83046875 0.0515625 0.0609375
0 0.1625 0.0640625 0.075 0.065625
0 0.64375 0.55703125 0.071875 0.0578125
0 0.70078125 0.0546875 0.0421875 0.04375
0 0.878125 0.75859375 0.034375 0.0328125
0 0.978125 0.75 0.04375 0.028125
0 0.4359375 0.71953125 0.046875 0.0359375
0 0.4609375 0.8515625 0.04375 0.05625
0 0.2875 0.3 0.053125 0.040625
0 0.96875 0.1046875 0.034375 0.040625
0 0.93984375 0.1953125 0.0390625 0.046875
0 0.9703125 0.3375 0.0375 0.040625
0 0.97578125 0.4828125 0.0453125 0.04375
0 0.8875 0.5140625 0.040625 0.04375
0 0.24609375 0.9515625 0.0515625 0.0375
0 0.10703125 0.2578125 0.0359375 0.03125
0 0.86328125 0.46328125 0.0390625 0.0328125
0 0.74375 0.921875 0.053125 0.034375
0 0.19921875 0.79921875 0.0453125 0.0359375
