0 0.034375 0.7375 0.05625 0.05
0 0.19140625 0.8359375 0.0546875 0.05625
0 0.265625 0.6796875 0.05 0.04375
0 0.71953125 0.49765625 0.0546875 0.0484375
0 0.02109375 0.57109375 0.0390625 0.0578125
0 0.73203125 0.4390625 0.0609375 0.05625
0 0.66171875 0.2734375 0.0609375 0.053125
0 0.16171875 0.9578125 0.0765625 0.065625
0 0.02890625 0.67109375 0.0484375 0.0453125
0 0.0265625 0.84140625 0.05 0.0578125
0 0.17265625 0.20546875 0.0546875 0.0515625
0 0.74765625 0.72890625 0.0515625 0.0515625
0 0.13984375 0.146875 0.0578125 0.05
0 0.27578125 0.96953125 0.0640625 0.0484375
0 0.85390625 0.1734375 0.0484375 0.040625
0 0.2859375 0.72578125 0.05625 0.0515625
0 0.97265625 0.55625 0.0421875 0.046875
0 0.7078125 0.34375 0.05625 0.053125
0 0.61640625 0.071875 0.0765625 0.0625
0 0.25078125 0.78671875 0.0515625 0.0484375
0 0.971875 0.03984375 0.04375 0.0484375
0 0.15234375 0.33046875 0.0609375 0.0609375
0 0.0234375 0.503125 0.04375 0.05625
0 0.2453125 0.51328125 0.06875 0.0578125
0 0.1375 0.515625 0.059375 0.05625
0 0.25078125 0.11171875 0.0640625 0.0703125
0 0.6046875 0.1390625 0.05625 0.059375
0 0.5703125 0.553125 0.065625 0.0625
0 0.15078125 0.01953125 0.0484375 0.0359375
0 0.021875 0.396875 0.040625 0.046875
0 0.15859375 0.61015625 0.0546875 0.0484375
0 0.15390625 0.07421875 0.0671875 0.0609375
0 0.95703125 0.69296875 0.0671875 0.0765625
0 0.85 0.35 0.08125 0.06875
0 0.86328125 0.796875 0.0953125 0.08125
0 0.19375 0.6828125 0.059375 0.053125
0 0.6828125 0.225 0.05 0.05
0 0.846875 0.59140625 0.0625 0.0640625
0 0.86015625 0.66328125 0.0671875 0.0640625
0 0.2375 0.18203125 0.059375 0.0515625
0 0.6234375 0.65859375 0.078125 0.0671875
0 0.24921875 0.61796875 0.0671875 0.0578125
0 0.72421875 0.82421875 0.0671875 0.0703125
0 0.26796875 0.3890625 0.0609375 0.05625
0 0.9453125 0.61640625 0.05625 0.0546875
0 0.2515625 0.284375 0.05625 0.05
0 0.6296875 0.2203125 0.0625 0.0625
0 0.26640625 0.8421875 0.0578125 0.05625
0 0.18828125 0.38828125 0.0515625 0.0453125
0 0.94296875 0.29453125 0.0453125 0.0390625
0 0.2453125 0.56171875 0.040625 0.0390625
0 0.15859375 0.43828125 0.0546875 0.0515625
0 0.23671875 0.340625 0.0671875 0.059375
0 0.14375 0.24296875 0.06875 0.0546875
0 0.91484375 0.125 0.0578125 0.046875
0 0.72890625 0.59453125 0.0609375 0.0640625
0 0.95546875 0.8046875 0.0609375 0.065625
0 0.7203125 0.66328125 0.059375 0.0578125
0 0.61953125 0.403125 0.0578125 0.065625
0 0.4 0.3375 0.04375 0.046875
0 0.4203125 0.9796875 0.053125 0.034375
0 0.01875 0.23828125 0.034375 0.0390625
0 0.665625 0.7578125 0.0625 0.05625
0 0.15390625 0.7984375 0.0609375 0.05625
0 0.82578125 0.50078125 0.0578125 0.0546875
0 0.1421875 0.7484375 0.05625 0.05
0 0.45 0.40390625 0.040625 0.0484375
0 0.5015625 0.33359375 0.0375 0.0484375
0 0.434375 0.17421875 0.053125 0.0359375
0 0.4828125 0.509375 0.040625 0.028125
0 0.50703125 0.61875 0.0484375 0.034375
0 0.5359375 0.71796875 0.05 0.0484375
0 0.515625 0.7609375 0.034375 0.03125
0 0.53359375 0.8046875 0.0296875 0.04375
0 0.43359375 0.74453125 0.0421875 0.0328125
0 0.4296875 0.79140625 0.0375 0.0359375
0 0.42421875 0.665625 0.0390625 0.034375
0 0.3765625 0.5984375 0.034375 0.0375
0 0.153125 0.5546875 0.046875 0.03125
0 0.3953125 0.284375 0.0375 0.040625
0 0.4078125 0.46171875 0.0375 0.0390625
0 0.3640625 0.47421875 0.040625 0.0390625
0 0.01796875 0.171875 0.0328125 0.04375
0 0.0203125 0.11640625 0.0375 0.0390625
0 0.97890625 0.2453125 0.0421875 0.0375
0 0.909375 0.228125 0.04375 0.040625
0 0.8140625 0.10546875 0.04375 0.0734375
0 0.675 0.10625 0.0375 0.04375
0 0.69921875 0.95390625 0.0453125 0.0515625
0 0.3890625 0.1046875 0.03125 0.0375
