0 0.5328125 0.96328125 0.053125 0.0515625
0 0.509375 0.340625 0.05625 0.05
0 0.58125 0.9671875 0.05625 0.046875
0 0.64140625 0.73671875 0.0578125 0.0484375
0 0.81015625 0.91328125 0.0578125 0.0484375
0 0.74453125 0.25703125 0.0515625 0.0484375
0 0.5578125 0.478125 0.05625 0.05
0 0.41171875 0.3984375 0.0578125 0.05625
0 0.74140625 0.56640625 0.0546875 0.0515625
0 0.5578125 0.59296875 0.05625 0.0578125
0 0.434375 0.4484375 0.059375 0.053125
0 0.43359375 0.5015625 0.0578125 0.053125
0 0.434375 0.55546875 0.059375 0.0484375
0 0.453125 0.96171875 0.0625 0.0484375
0 0.1609375 0.1703125 0.059375 0.05625
0 0.75 0.45 0.0625 0.053125
0 0.4625 0.92578125 0.05625 0.0484375
0 0.16796875 0.965625 0.0578125 0.05
0 0.5046875 0.053125 0.05625 0.05
0 0.66875 0.77578125 0.065625 0.0609375
0 0.68046875 0.52265625 0.0609375 0.0578125
0 0.73125 0.4875 0.05625 0.046875
0 0.5171875 0.38203125 0.065625 0.0515625
0 0.14609375 0.021875 0.0609375 0.040625
0 0.18046875 0.5765625 0.0578125 0.053125
0 0.509375 0.26875 0.071875 0.065625
0 0.0328125 0.375 0.059375 0.05625
0 0.546875 0.82734375 0.071875 0.0671875
0 0.425 0.73125 0.078125 0.065625
0 0.45234375 0.65390625 0.0640625 0.0546875
0 0.62890625 0.6875 0.0734375 0.065625
0 0.5234375 0.73125 0.075 0.071875
0 0.71640625 0.3296875 0.0859375 0.0875
0 0.77109375 0.96328125 0.0640625 0.0609375
0 0.51171875 0.44296875 0.0609375 0.0640625
0 0.5296875 0.5328125 0.078125 0.065625
0 0.25859375 0.459375 0.0765625 0.071875
0 0.171875 0.85234375 0.071875 0.0578125
0 0.17734375 0.8015625 0.0890625 0.065625
0 0.15546875 0.471875 0.0765625 0.065625
0 0.6484375 0.88515625 0.08125 0.0859375
0 0.2984375 0.53828125 0.08125 0.0765625
0 0.46640625 0.80546875 0.0671875 0.0640625
0 0.5171875 0.1109375 0.059375 0.059375
0 0.2671875 0.76875 0.071875 0.0625
0 0.4125 0.3328125 0.075 0.065625
0 0.03203125 0.85703125 0.0609375 0.0578125
0 0.75078125 0.740625 0.0796875 0.08125
0 0.53046875 0.67890625 0.0671875 0.0546875
0 0.1703125 0.69765625 0.078125 0.0828125
0 0.27578125 0.30703125 0.0640625 0.0640625
0 0.66328125 0.24375 0.0703125 0.05625
0 0.74140625 0.634375 0.0578125 0.0625
0 0.42890625 0.8515625 0.0671875 0.05625
0 0.23203125 0.37265625 0.0640625 0.0609375
0 0.628125 0.1015625 0.06875 0.06875
0 0.265625 0.66640625 0.059375 0.0609375
0 0.28984375 0.72890625 0.0671875 0.0609375
0 0.18046875 0.90234375 0.0734375 0.0546875
0 0.18203125 0.609375 0.0671875 0.065625
0 0.26171875 0.8453125 0.0703125 0.071875
0 0.03125 0.62109375 0.05625 0.0671875
0 0.74296875 0.87421875 0.0640625 0.0546875
0 0.41484375 0.12265625 0.0546875 0.0640625
0 0.25703125 0.94453125 0.0671875 0.0640625
0 0.03671875 0.77109375 0.0671875 0.0828125
0 0.41953125 0.60234375 0.0671875 0.0609375
0 0.734375 0.8296875 0.065625 0.071875
0 0.77421875 0.5265625 0.0609375 0.059375
0 0.16875 0.52421875 0.0625 0.0515625
0 0.4296875 0.8984375 0.06875 0.053125
0 0.1390625 0.31015625 0.090625 0.0890625
0 0.02890625 0.5296875 0.0546875 0.05
0 0.67734375 0.978125 0.0703125 0.040625
0 0.65078125 0.62578125 0.0703125 0.0578125
0 0.65703125 0.4625 0.0515625 0.05625
0 0.521875 0.9 0.046875 0.04375
0 0.37890625 0.28203125 0.0484375 0.0421875
0 0.40859375 0.03046875 0.0765625 0.0546875
0 0.97109375 0.75859375 0.0546875 0.0609375
0 0.9171875 0.3875 0.0375 0.04375
0 0.94765625 0.459375 0.0421875 0.053125
0 0.8875 0.65625 0.046875 0.04375
0 0.9703125 0.5578125 0.040625 0.040625
0 0.896875 0.7796875 0.046875 0.04375
0 0.89609375 0.98046875 0.0421875 0.0359375
0 0.815625 0.4828125 0.05 0.05625
0 0.80546875 0.21640625 0.0578125 0.0640625
0 0.8125 0.2875 0.05625 0.046875
0 0.8265625 0.36328125 0.05625 0.0546875
0 0.96328125 0.68671875 0.0578125 0.0515625
0 0.8828125 0.87421875 0.04375 0.0421875
0 0.26953125 0.14765625 0.0328125 0.0390625
0 0.12421875 0.36875 0.0484375 0.05
0 0.01875 0.29765625 0.034375 0.0484375
0 0.0484375 0.90625 0.0625 0.040625
0 0.0375 0.93828125 0.046875 0.0421875
0 0.06484375 0.98515625 0.0578125 0.0296875
0 0.93984375 0.2546875 0.0421875 0.05
0 0.8609375 0.315625 0.03125 0.0375
0 0.6265625 0.34609375 0.025 0.0328125
