0 0.77890625 0.6578125 0.0578125 0.05
0 0.64296875 0.77890625 0.0546875 0.0453125
0 0.06796875 0.72421875 0.0546875 0.0484375
0 0.39140625 0.72578125 0.0578125 0.0578125
0 0.54765625 0.8828125 0.0609375 0.05
0 0.62265625 0.675 0.0609375 0.05
0 0.38125 0.15859375 0.05625 0.0578125
0 0.81796875 0.33515625 0.0609375 0.0578125
0 0.2765625 0.340625 0.05 0.05
0 0.83203125 0.721875 0.0546875 0.05625
0 0.4015625 0.89453125 0.059375 0.0578125
0 0.74921875 0.11171875 0.0515625 0.0515625
0 0.9671875 0.571875 0.053125 0.059375
0 0.94140625 0.40390625 0.0578125 0.0515625
0 0.39453125 0.621875 0.0546875 0.059375
0 0.64765625 0.88828125 0.0578125 0.0453125
0 0.63671875 0.71328125 0.0546875 0.0421875
0 0.96875 0.0921875 0.053125 0.059375
0 0.79140625 0.134375 0.0578125 0.05625
0 0.52578125 0.2671875 0.0546875 0.05
0 0.26640625 0.1984375 0.0640625 0.046875
0 0.759375 0.8671875 0.059375 0.053125
0 0.6078125 0.62578125 0.05625 0.0546875
0 0.6046875 0.14765625 0.05625 0.0546875
0 0.76015625 0.74609375 0.0609375 0.0515625
0 0.29140625 0.5140625 0.0578125 0.05
0 0.94296875 0.3015625 0.0578125 0.05
0 0.96015625 0.02578125 0.0546875 0.0484375
0 0.3890625 0.93203125 0.05625 0.0515625
0 0.95390625 0.459375 0.0671875 0.0625
0 0.9453125 0.51796875 0.075 0.0609375
0 0.75078125 0.33125 0.0734375 0.059375
0 0.77578125 0.5140625 0.0671875 0.0625
0 0.77890625 0.58671875 0.0734375 0.0609375
0 0.53203125 0.63984375 0.0796875 0.0640625
0 0.93984375 0.346875 0.0703125 0.05625
0 0.1765625 0.93125 0.0875 0.075
0 0.74609375 0.26328125 0.0734375 0.0671875
0 0.96328125 0.25390625 0.0640625 0.0671875
0 0.7796875 0.94140625 0.09375 0.0796875
0 0.3015625 0.88984375 0.053125 0.0515625
0 0.59921875 0.4578125 0.0765625 0.06875
0 0.6328125 0.57109375 0.0625 0.0546875
0 0.2859375 0.70234375 0.08125 0.0765625
0 0.740625 0.45234375 0.075 0.0640625
0 0.75625 0.82109375 0.075 0.0578125
0 0.81171875 0.2171875 0.0671875 0.0625
0 0.96640625 0.6765625 0.0578125 0.06875
0 0.2921875 0.57265625 0.06875 0.0703125
0 0.2640625 0.24609375 0.0625 0.0578125
0 0.1421875 0.07421875 0.06875 0.0609375
0 0.55859375 0.94296875 0.0765625 0.0609375
0 0.5234375 0.58984375 0.065625 0.0578125
0 0.28671875 0.465625 0.0671875 0.06875
0 0.378125 0.51796875 0.065625 0.0703125
0 0.74296875 0.175 0.0734375 0.06875
0 0.946875 0.60859375 0.071875 0.0671875
0 0.5109375 0.4171875 0.0625 0.05625
0 0.50546875 0.34140625 0.0671875 0.0546875
0 0.396875 0.82109375 0.065625 0.0640625
0 0.8515625 0.95859375 0.0625 0.0578125
0 0.2859375 0.39921875 0.0625 0.0609375
0 0.75 0.3875 0.08125 0.0625
0 0.95390625 0.16171875 0.0703125 0.0765625
0 0.153125 0.5546875 0.059375 0.0625
0 0.5546875 0.7296875 0.06875 0.059375
0 0.9625 0.78046875 0.0625 0.0703125
0 0.57734375 0.028125 0.0703125 0.053125
0 0.04921875 0.1765625 0.0828125 0.06875
0 0.76640625 0.70703125 0.0734375 0.0578125
0 0.3890625 0.38828125 0.071875 0.0546875
0 0.50390625 0.134375 0.0609375 0.05
0 0.12578125 0.6078125 0.0484375 0.04375
0 0.1375 0.3203125 0.040625 0.04375
0 0.37578125 0.2609375 0.0484375 0.040625
0 0.3671875 0.3203125 0.04375 0.034375
0 0.809375 0.26875 0.05625 0.053125
0 0.61640625 0.33984375 0.0359375 0.0421875
0 0.8171875 0.46953125 0.046875 0.0484375
0 0.8453125 0.67109375 0.040625 0.0359375
0 0.9828125 0.73203125 0.03125 0.0421875
0 0.83984375 0.853125 0.0453125 0.04375
0 0.528125 0.78515625 0.059375 0.0515625
0 0.39609375 0.78046875 0.0515625 0.0453125
0 0.38125 0.44765625 0.05625 0.0484375
0 0.5125 0.21171875 0.059375 0.0515625
0 0.8046875 0.428125 0.04375 0.0375
0 0.53046875 0.5359375 0.0453125 0.04375
0 0.1515625 0.4484375 0.06875 0.046875
0 0.17109375 0.503125 0.0546875 0.034375
0 0.046875 0.47265625 0.034375 0.0359375
0 0.0625 0.5125 0.040625 0.040625
0 0.18125 0.73828125 0.034375 0.0328125
0 0.1765625 0.765625 0.0375 0.021875
0 0.15625 0.80390625 0.034375 0.0296875
0 0.07109375 0.921875 0.0296875 0.025
0 0.0703125 0.88515625 0.0375 0.0265625
0 0.08515625 0.9859375 0.0484375 0.01875
0 0.31953125 0.98359375 0.0453125 0.0265625
0 0.30078125 0.9578125 0.0453125 0.0375
0 0.3125 0.93359375 0.025 0.0296875
0 0.41953125 0.98125 0.0453125 0.025
0 0.315625 0.84375 0.046875 0.040625
0 0.315625 0.628125 0.034375 0.034375
0 0.1359375 0.37890625 0.0375 0.0328125
0 0.0421875 0.34921875 0.0375 0.0359375
0 0.04609375 0.25546875 0.0390625 0.0390625
0 0.0359375 0.3 0.05 0.028125
0 0.0640625 0.6625 0.05 0.046875
0 0.1421875 0.6625 0.040625 0.040625
0 0.2859375 0.1015625 0.046875 0.0375
0 0.1234375 0.01796875 0.04375 0.0328125
0 0.21640625 0.0578125 0.0390625 0.0375
0 0.01875 0.10546875 0.034375 0.0328125
0 0.01640625 0.0328125 0.0296875 0.05
0 0.3734375 0.1109375 0.04375 0.04375
0 0.6171875 0.18515625 0.06875 0.0390625
0 0.53125 0.4625 0.046875 0.040625
0 0.63359375 0.95 0.0640625 0.053125
0 0.64609375 0.98828125 0.0640625 0.0234375
0 0.796875 0.07890625 0.040625 0.0515625
0 0.8140625 0.03359375 0.053125 0.0359375
0 0.79375 0.01796875 0.084375 0.0328125
