0 0.80859375 0.3703125 0.0484375 0.05
0 0.94375 0.6171875 0.071875 0.059375
0 0.77890625 0.75703125 0.0546875 0.0484375
0 0.840625 0.95703125 0.04375 0.0546875
0 0.38125 0.2578125 0.053125 0.05625
0 0.9546875 0.559375 0.0625 0.059375
0 0.775 0.6125 0.065625 0.059375
0 0.27734375 0.44140625 0.0484375 0.0484375
0 0.83125 0.82109375 0.053125 0.0546875
0 0.75859375 0.9640625 0.0546875 0.046875
0 0.74765625 0.2109375 0.0484375 0.05
0 0.7515625 0.43125 0.06875 0.059375
0 0.64375 0.8796875 0.05 0.04375
0 0.10078125 0.04375 0.0515625 0.05
0 0.74609375 0.3625 0.0703125 0.065625
0 0.96875 0.67109375 0.05 0.0578125
0 0.0671875 0.82265625 0.05 0.0484375
0 0.9625 0.35390625 0.0625 0.0671875
0 0.790625 0.234375 0.05625 0.05625
0 0.75625 0.9203125 0.071875 0.059375
0 0.2859375 0.80234375 0.078125 0.0734375
0 0.13984375 0.17421875 0.0671875 0.0640625
0 0.525 0.36640625 0.053125 0.0484375
0 0.153125 0.6546875 0.05625 0.0625
0 0.74296875 0.55234375 0.0703125 0.0640625
0 0.81796875 0.434375 0.0609375 0.059375
0 0.59921875 0.5578125 0.0734375 0.06875
0 0.53125 0.73828125 0.075 0.0609375
0 0.96640625 0.7765625 0.0578125 0.065625
0 0.96328125 0.1125 0.0546875 0.053125
0 0.12421875 0.10703125 0.0515625 0.0546875
0 0.2640625 0.34609375 0.059375 0.0546875
0 0.29296875 0.671875 0.0671875 0.06875
0 0.7984375 0.02734375 0.0625 0.0484375
0 0.63671875 0.8140625 0.0546875 0.046875
0 0.2875 0.565625 0.065625 0.065625
0 0.60234375 0.24609375 0.0546875 0.0515625
0 0.29296875 0.61328125 0.0578125 0.0484375
0 0.36171875 0.425 0.0484375 0.046875
0 0.5125 0.51640625 0.059375 0.0578125
0 0.94609375 0.71015625 0.0703125 0.0640625
0 0.74453125 0.27421875 0.0703125 0.0671875
0 0.81171875 0.31484375 0.0640625 0.0609375
0 0.94140625 0.44609375 0.0640625 0.0546875
0 0.3765625 0.61796875 0.065625 0.0671875
0 0.39375 0.7203125 0.053125 0.05625
0 0.36640625 0.35625 0.0484375 0.04375
0 0.759375 0.84765625 0.059375 0.0515625
0 0.3921875 0.825 0.05625 0.059375
0 0.96953125 0.19140625 0.0515625 0.0609375
0 0.9625 0.8796875 0.0625 0.071875
0 0.953125 0.26171875 0.071875 0.0765625
0 0.521875 0.6890625 0.065625 0.05625
0 0.6328125 0.67109375 0.059375 0.0546875
0 0.28671875 0.4984375 0.0578125 0.059375
0 0.621875 0.77421875 0.0625 0.0515625
0 0.55546875 0.82890625 0.0640625 0.0578125
0 0.60625 0.7265625 0.053125 0.053125
0 0.94140625 0.503125 0.0578125 0.05625
0 0.74921875 0.48515625 0.0796875 0.0609375
0 0.50546875 0.440625 0.0640625 0.053125
0 0.978125 0.82578125 0.0375 0.0421875
0 0.171875 0.8390625 0.040625 0.04375
0 0.94296875 0.40078125 0.0578125 0.0484375
0 0.2671875 0.29765625 0.0625 0.0484375
0 0.503125 0.240625 0.053125 0.05
0 0.5484375 0.9765625 0.05 0.0375
0 0.78046875 0.68359375 0.0859375 0.0703125
0 0.3875 0.48828125 0.071875 0.0546875
0 0.7671875 0.80625 0.06875 0.059375
0 0.5796875 0.1203125 0.065625 0.0625
0 0.615625 0.28359375 0.0625 0.0546875
0 0.04609375 0.27578125 0.0828125 0.0671875
0 0.13671875 0.72578125 0.0609375 0.0484375
0 0.61875 0.43984375 0.04375 0.0359375
0 0.14296875 0.4359375 0.0484375 0.040625
0 0.31328125 0.9421875 0.0484375 0.040625
0 0.396875 0.88046875 0.053125 0.0359375
0 0.3984375 0.921875 0.05 0.05625
0 0.30078125 0.98203125 0.0390625 0.0296875
0 0.4078125 0.6765625 0.046875 0.0375
0 0.3125 0.72890625 0.040625 0.0328125
0 0.384375 0.54609375 0.05 0.0421875
0 0.5296875 0.88828125 0.05 0.0421875
0 0.13828125 0.55703125 0.0453125 0.0578125
0 0.046875 0.56875 0.034375 0.034375
0 0.06875 0.62578125 0.040625 0.0515625
0 0.0421875 0.43984375 0.04375 0.0453125
0 0.0390625 0.34296875 0.03125 0.0296875
0 0.128125 0.37890625 0.046875 0.0453125
0 0.21328125 0.16171875 0.0390625 0.0578125
0 0.27421875 0.09375 0.0515625 0.059375
0 0.26875 0.02890625 0.046875 0.0390625
0 0.3609375 0.071875 0.05 0.059375
0 0.51015625 0.0578125 0.0515625 0.053125
0 0.4734375 0.0203125 0.04375 0.0375
0 0.028125 0.40078125 0.040625 0.0265625
0 0.06796875 0.76484375 0.0421875 0.0484375
0 0.11015625 0.80078125 0.0296875 0.0421875
0 0.13828125 0.76640625 0.0296875 0.0328125
0 0.16171875 0.9078125 0.0390625 0.034375
0 0.14375 0.98359375 0.034375 0.0296875
0 0.065625 0.98359375 0.034375 0.0296875
0 0.3984375 0.98359375 0.05 0.0296875
0 0.5421875 0.9375 0.0625 0.028125
0 0.640625 0.984375 0.034375 0.028125
0 0.66953125 0.94140625 0.0546875 0.0359375
0 0.690625 0.984375 0.046875 0.028125
0 0.984375 0.946875 0.03125 0.034375
0 0.8 0.10546875 0.065625 0.0390625
0 0.37265625 0.30703125 0.0421875 0.0359375
0 0.13125 0.48203125 0.040625 0.0390625
0 0.8 0.1671875 0.046875 0.04375
0 0.71484375 0.1640625 0.0578125 0.05
0 0.97578125 0.14921875 0.0484375 0.0328125
0 0.95859375 0.0546875 0.0515625 0.053125
0 0.534375 0.5625 0.040625 0.034375
0 0.52890625 0.63671875 0.0421875 0.0421875
0 0.378125 0.209375 0.046875 0.040625
0 0.5328125 0.30234375 0.0375 0.0296875
