0 0.11171875 0.58359375 0.0546875 0.0484375
0 0.34296875 0.6140625 0.0515625 0.053125
0 0.353125 0.68203125 0.05 0.0515625
0 0.25078125 0.78671875 0.0484375 0.0484375
0 0.35625 0.946875 0.05625 0.05
0 0.096875 0.32890625 0.05 0.0453125
0 0.35625 0.40234375 0.05 0.0515625
0 0.20390625 0.42109375 0.0453125 0.0484375
0 0.8328125 0.90859375 0.053125 0.0515625
0 0.31484375 0.0546875 0.0578125 0.053125
0 0.23984375 0.8625 0.0515625 0.046875
0 0.2515625 0.5734375 0.059375 0.053125
0 0.15546875 0.746875 0.0640625 0.05
0 0.47109375 0.18359375 0.0484375 0.0515625
0 0.6015625 0.403125 0.046875 0.046875
0 0.328125 0.47578125 0.04375 0.0453125
0 0.82265625 0.95234375 0.0515625 0.0515625
0 0.81875 0.665625 0.0625 0.046875
0 0.38046875 0.8625 0.0515625 0.04375
0 0.084375 0.7 0.0625 0.059375
0 0.08671875 0.46640625 0.0703125 0.0609375
0 0.36015625 0.1703125 0.0609375 0.0625
0 0.1171875 0.9421875 0.084375 0.0875
0 0.7671875 0.0609375 0.075 0.06875
0 0.21796875 0.16640625 0.0734375 0.0671875
0 0.19609375 0.0375 0.0703125 0.065625
0 0.57265625 0.153125 0.0796875 0.078125
0 0.2421875 0.91171875 0.0625 0.0609375
0 0.36953125 0.834375 0.0640625 0.059375
0 0.91875 0.64609375 0.065625 0.0671875
0 0.10546875 0.83125 0.0609375 0.059375
0 0.6875 0.71640625 0.05625 0.0578125
0 0.2734375 0.7171875 0.078125 0.0625
0 0.33671875 0.74140625 0.0671875 0.0578125
0 0.73828125 0.8109375 0.0765625 0.08125
0 0.22890625 0.65078125 0.0671875 0.0609375
0 0.08828125 0.525 0.0765625 0.065625
0 0.06171875 0.09765625 0.0515625 0.0546875
0 0.07734375 0.37890625 0.0609375 0.0578125
0 0.08671875 0.63671875 0.0578125 0.0546875
0 0.94140625 0.91015625 0.0703125 0.0859375
0 0.73515625 0.4265625 0.0671875 0.059375
0 0.596875 0.784375 0.0625 0.05625
0 0.32421875 0.54609375 0.0578125 0.0546875
0 0.3328125 0.32421875 0.05625 0.0515625
0 0.75390625 0.58671875 0.0515625 0.0484375
0 0.3234375 0.1171875 0.0625 0.05625
0 0.8265625 0.83515625 0.0625 0.0640625
0 0.91875 0.54375 0.071875 0.0625
0 0.6 0.72265625 0.05625 0.0578125
0 0.87109375 0.42109375 0.0609375 0.0515625
0 0.68359375 0.1078125 0.0828125 0.075
0 0.9390625 0.35390625 0.053125 0.0390625
0 0.79921875 0.32734375 0.0453125 0.0453125
0 0.72109375 0.37734375 0.0484375 0.0390625
0 0.5671875 0.48125 0.05 0.05625
0 0.5890625 0.58125 0.04375 0.04375
0 0.49453125 0.58125 0.0359375 0.04375
0 0.49453125 0.5078125 0.0015625 0.003125
0 0.484375 0.49296875 0.053125 0.0546875
0 0.5671875 0.36796875 0.034375 0.0328125
0 0.48203125 0.44140625 0.0421875 0.0453125
0 0.465625 0.2875 0.05 0.04375
0 0.43671875 0.38828125 0.0390625 0.0390625
0 0.2390625 0.4828125 0.046875 0.05625
0 0.60234375 0.66015625 0.0265625 0.0265625
0 0.46328125 0.0234375 0.0515625 0.034375
0 0.57109375 0.0984375 0.0359375 0.040625
0 0.490625 0.13515625 0.053125 0.0453125
0 0.50859375 0.625 0.0453125 0.04375
0 0.5 0.68046875 0.034375 0.0421875
0 0.515625 0.75703125 0.040625 0.0484375
0 0.49296875 0.88515625 0.0296875 0.0328125
0 0.6 0.89140625 0.028125 0.0359375
0 0.75 0.87890625 0.046875 0.0453125
0 0.8390625 0.7671875 0.04375 0.0625
0 0.909375 0.84609375 0.053125 0.0484375
0 0.48671875 0.53359375 0.0296875 0.0265625
0 0.55390625 0.56875 0.0234375 0.0375
0 0.31640625 0.36875 0.0484375 0.0375
0 0.2453125 0.346875 0.05 0.04375
0 0.253125 0.9765625 0.053125 0.046875
0 0.31875 0.7921875 0.046875 0.04375
0 0.0484375 0.02109375 0.04375 0.0390625
0 0.0640625 0.2203125 0.040625 0.04375
0 0.4609375 0.05625 0.053125 0.0375
0 0.56796875 0.05078125 0.0453125 0.0390625
0 0.30703125 0.01328125 0.0421875 0.0234375
0 0.75 0.5484375 0.0375 0.0375
0 0.73984375 0.48203125 0.0453125 0.0546875
0 0.95703125 0.721875 0.0421875 0.040625
0 0.52421875 0.946875 0.0390625 0.034375
0 0.93203125 0.5859375 0.0421875 0.0375
