0 0.59296875 0.15 0.0515625 0.05
0 0.87265625 0.0375 0.0453125 0.04375
0 0.19921875 0.12890625 0.0609375 0.0515625
0 0.59375 0.63671875 0.059375 0.0515625
0 0.97421875 0.62265625 0.0453125 0.0546875
0 0.859375 0.08515625 0.05 0.0453125
0 0.709375 0.25859375 0.05625 0.0546875
0 0.18203125 0.44609375 0.0546875 0.0546875
0 0.9515625 0.05234375 0.05625 0.0546875
0 0.1921875 0.38984375 0.04375 0.0484375
0 0.21484375 0.2796875 0.0453125 0.046875
0 0.2984375 0.459375 0.05 0.05
0 0.57890625 0.45859375 0.0578125 0.0546875
0 0.14453125 0.0484375 0.0453125 0.04375
0 0.57265625 0.55390625 0.0609375 0.0515625
0 0.29453125 0.35546875 0.0453125 0.0453125
0 0.73046875 0.36875 0.0578125 0.046875
0 0.6984375 0.6984375 0.05625 0.05
0 0.26875 0.40625 0.05625 0.059375
0 0.58515625 0.0515625 0.0609375 0.05
0 0.74296875 0.509375 0.0546875 0.046875
0 0.43515625 0.76484375 0.0578125 0.0515625
0 0.70390625 0.0453125 0.0640625 0.05
0 0.1796875 0.08828125 0.053125 0.0484375
0 0.96953125 0.70859375 0.0515625 0.0578125
0 0.71171875 0.0984375 0.0515625 0.04375
0 0.3046875 0.6171875 0.053125 0.05
0 0.978125 0.234375 0.034375 0.05
0 0.04609375 0.1046875 0.0484375 0.046875
0 0.6203125 0.41875 0.046875 0.040625
0 0.2875 0.5234375 0.046875 0.05
0 0.05625 0.653125 0.046875 0.040625
0 0.271875 0.2375 0.053125 0.053125
0 0.0515625 0.19375 0.053125 0.05
0 0.08359375 0.78046875 0.0484375 0.0484375
0 0.4109375 0.27578125 0.05 0.0515625
0 0.41875 0.16484375 0.05 0.0453125
0 0.7296875 0.6875 0.053125 0.046875
0 0.57421875 0.2546875 0.0546875 0.040625
0 0.5875 0.215625 0.06875 0.05625
0 0.44375 0.82890625 0.090625 0.0765625
0 0.75546875 0.809375 0.0796875 0.078125
0 0.86640625 0.62578125 0.0828125 0.0640625
0 0.3734375 0.1 0.059375 0.05625
0 0.8484375 0.15390625 0.0625 0.0546875
0 0.8609375 0.2203125 0.078125 0.065625
0 0.70625 0.31875 0.06875 0.05625
0 0.3046875 0.821875 0.071875 0.065625
0 0.71953125 0.75390625 0.0703125 0.0640625
0 0.96171875 0.28984375 0.0578125 0.0671875
0 0.875 0.4234375 0.078125 0.08125
0 0.7484375 0.5609375 0.065625 0.053125
0 0.58984375 0.0984375 0.0703125 0.059375
0 0.90234375 0.9546875 0.0640625 0.0625
0 0.88203125 0.56796875 0.0796875 0.0609375
0 0.63125 0.36875 0.065625 0.05625
0 0.62734375 0.590625 0.0671875 0.059375
0 0.62265625 0.49609375 0.0734375 0.0640625
0 0.86953125 0.33671875 0.0703125 0.0640625
0 0.59140625 0.73203125 0.0609375 0.0578125
0 0.921875 0.4953125 0.065625 0.059375
0 0.7265625 0.61796875 0.059375 0.0609375
0 0.7359375 0.4640625 0.0625 0.053125
0 0.74375 0.403125 0.065625 0.05625
0 0.88359375 0.75234375 0.0484375 0.0609375
0 0.9609375 0.13125 0.0625 0.0625
0 0.715625 0.18125 0.071875 0.059375
0 0.58671875 0.3171875 0.0609375 0.053125
0 0.29921875 0.9140625 0.0578125 0.065625
0 0.7234375 0.14765625 0.065625 0.0546875
0 0.43828125 0.60078125 0.0671875 0.0546875
0 0.71328125 0.69296875 0.0640625 0.0515625
0 0.05625 0.828125 0.071875 0.05625
0 0.73671875 0.046875 0.0546875 0.05625
0 0.39140625 0.44296875 0.0640625 0.0609375
0 0.52421875 0.63515625 0.0609375 0.0578125
0 0.29140625 0.65859375 0.0640625 0.0484375
0 0.17578125 0.60703125 0.0609375 0.0515625
0 0.2390625 0.71328125 0.05625 0.0515625
0 0.0609375 0.53203125 0.05 0.0640625
0 0.07890625 0.5875 0.0203125 0.021875
0 0.1 0.60625 0.021875 0.03125
0 0.04296875 0.440625 0.0421875 0.034375
0 0.0453125 0.30703125 0.04375 0.0515625
0 0.04765625 0.38046875 0.0328125 0.0421875
0 0.175 0.2078125 0.078125 0.05
0 0.271875 0.146875 0.046875 0.053125
0 0.2625 0.11171875 0.034375 0.0390625
0 0.3140625 0.028125 0.04375 0.034375
0 0.4046875 0.0234375 0.0625 0.0375
0 0.47890625 0.04921875 0.0421875 0.0421875
0 0.5078125 0.584375 0.05 0.053125
0 0.915625 0.746875 0.034375 0.046875
0 0.98359375 0.7921875 0.0328125 0.04375
0 0.8859375 0.29140625 0.05 0.0390625
0 0.50546875 0.38203125 0.0640625 0.0609375
0 0.503125 0.259375 0.05 0.05
