0 0.76015625 0.1515625 0.0515625 0.04375
0 0.3125 0.13125 0.059375 0.05
0 0.20859375 0.8921875 0.0515625 0.046875
0 0.8859375 0.45859375 0.05625 0.0546875
0 0.06015625 0.28984375 0.0546875 0.0546875
0 0.45625 0.93046875 0.059375 0.0515625
0 0.43203125 0.14140625 0.0578125 0.0546875
0 0.88671875 0.29375 0.0546875 0.046875
0 0.22109375 0.95546875 0.0609375 0.0546875
0 0.93359375 0.9359375 0.0546875 0.05625
0 0.18203125 0.13125 0.0578125 0.05
0 0.42421875 0.4671875 0.0546875 0.04375
0 0.3328125 0.96796875 0.059375 0.0484375
0 0.05703125 0.240625 0.0546875 0.05
0 0.52890625 0.3609375 0.0515625 0.053125
0 0.33828125 0.65234375 0.0578125 0.0546875
0 0.403125 0.2375 0.05625 0.05625
0 0.43828125 0.39765625 0.0453125 0.0453125
0 0.80078125 0.971875 0.0609375 0.040625
0 0.15078125 0.02890625 0.0703125 0.0546875
0 0.31640625 0.06484375 0.0578125 0.0484375
0 0.4984375 0.06015625 0.059375 0.0515625
0 0.6421875 0.078125 0.04375 0.04375
0 0.8578125 0.07734375 0.059375 0.0578125
0 0.7765625 0.25703125 0.05 0.0453125
0 0.87734375 0.6671875 0.0671875 0.0625
0 0.76328125 0.41875 0.0609375 0.053125
0 0.3421875 0.509375 0.05 0.05
0 0.88125 0.2421875 0.059375 0.05625
0 0.18359375 0.3984375 0.0546875 0.05
0 0.3359375 0.72890625 0.078125 0.0671875
0 0.11171875 0.63203125 0.0453125 0.0453125
0 0.796875 0.50625 0.06875 0.059375
0 0.41484375 0.07578125 0.0484375 0.0484375
0 0.17421875 0.18984375 0.0734375 0.0609375
0 0.79375 0.18984375 0.059375 0.0609375
0 0.4203125 0.52109375 0.0625 0.0546875
0 0.0765625 0.75078125 0.0625 0.0578125
0 0.871875 0.35390625 0.0875 0.0765625
0 0.32890625 0.5859375 0.0546875 0.053125
0 0.078125 0.4171875 0.065625 0.059375
0 0.43828125 0.61328125 0.0546875 0.0515625
0 0.40390625 0.3421875 0.0546875 0.05
0 0.79921875 0.559375 0.0421875 0.040625
0 0.78359375 0.3109375 0.0421875 0.0375
0 0.18515625 0.0828125 0.0515625 0.046875
0 0.79921875 0.08125 0.0609375 0.0625
0 0.4015625 0.0390625 0.05 0.046875
0 0.81953125 0.9421875 0.0546875 0.05
0 0.05546875 0.1828125 0.0640625 0.053125
0 0.8703125 0.184375 0.065625 0.065625
0 0.1015625 0.50703125 0.065625 0.0546875
0 0.90078125 0.5046875 0.0421875 0.0375
0 0.06640625 0.3640625 0.0484375 0.046875
0 0.07265625 0.0859375 0.0671875 0.059375
0 0.32734375 0.0296875 0.0484375 0.040625
0 0.66875 0.91171875 0.0625 0.0515625
0 0.4703125 0.97421875 0.040625 0.0359375
0 0.3203125 0.36171875 0.05625 0.0421875
0 0.31015625 0.4609375 0.0578125 0.053125
0 0.15234375 0.68046875 0.0453125 0.0484375
0 0.628125 0.39609375 0.046875 0.0515625
0 0.36484375 0.90234375 0.0640625 0.0609375
0 0.796875 0.62578125 0.0625 0.0640625
0 0.87734375 0.03125 0.0390625 0.034375
0 0.2078125 0.73046875 0.05 0.0546875
0 0.59921875 0.25625 0.0453125 0.040625
0 0.09140625 0.465625 0.0359375 0.034375
0 0.33515625 0.2515625 0.0453125 0.040625
0 0.8859375 0.5515625 0.065625 0.065625
0 0.04140625 0.13828125 0.0609375 0.0484375
0 0.18125 0.24375 0.04375 0.040625
0 0.3515625 0.30625 0.04375 0.0375
0 0.1625 0.434375 0.04375 0.05
0 0.7796875 0.36328125 0.05625 0.0421875
0 0.16875 0.28359375 0.065625 0.0578125
0 0.58203125 0.1796875 0.0421875 0.040625
0 0.1015625 0.59921875 0.040625 0.0359375
0 0.0953125 0.953125 0.071875 0.05625
0 0.1796875 0.3359375 0.053125 0.053125
0 0.57890625 0.57890625 0.0359375 0.0421875
0 0.56328125 0.63125 0.0328125 0.028125
0 0.54375 0.6890625 0.040625 0.03125
0 0.6359375 0.70078125 0.0375 0.0328125
0 0.6546875 0.753125 0.0375 0.046875
0 0.6578125 0.5765625 0.0375 0.05
0 0.5390625 0.4453125 0.046875 0.025
0 0.5265625 0.4890625 0.0375 0.034375
0 0.53125 0.5203125 0.034375 0.0375
0 0.534375 0.415625 0.03125 0.034375
0 0.6421875 0.4625 0.03125 0.0375
0 0.6359375 0.50390625 0.046875 0.0390625
0 0.50390625 0.296875 0.0484375 0.040625
0 0.52109375 0.2546875 0.0359375 0.03125
0 0.5171875 0.1828125 0.05625 0.05
0 0.4984375 0.10625 0.04375 0.040625
0 0.63984375 0.153125 0.0390625 0.046875
0 0.66640625 0.12890625 0.0421875 0.0390625
0 0.6453125 0.19140625 0.0375 0.0421875
0 0.571875 0.2953125 0.040625 0.03125
0 0.8015625 0.4546875 0.05 0.025
0 0.80625 0.32890625 0.04375 0.0453125
0 0.86796875 0.128125 0.0453125 0.040625
0 0.178125 0.49765625 0.046875 0.0421875
0 0.17734375 0.5921875 0.0421875 0.04375
0 0.1953125 0.63828125 0.04375 0.0390625
0 0.18125 0.54140625 0.040625 0.0578125
0 0.23359375 0.3515625 0.0421875 0.040625
0 0.25625 0.375 0.03125 0.03125
0 0.28828125 0.384375 0.0359375 0.028125
0 0.32734375 0.40234375 0.0515625 0.0390625
0 0.578125 0.93828125 0.040625 0.0359375
0 0.4546875 0.73984375 0.04375 0.0453125
0 0.4359375 0.66328125 0.04375 0.0421875
0 0.45 0.6953125 0.046875 0.04375
0 0.515625 0.6140625 0.034375 0.0375
0 0.87734375 0.759375 0.0421875 0.040625
