0 0.92265625 0.8453125 0.0484375 0.05
0 0.70234375 0.7328125 0.0453125 0.04375
0 0.20625 0.76796875 0.046875 0.0421875
0 0.0859375 0.82421875 0.05625 0.0453125
0 0.4890625 0.846875 0.053125 0.05
0 0.04921875 0.61796875 0.0671875 0.0578125
0 0.86171875 0.73359375 0.0546875 0.0515625
0 0.05703125 0.559375 0.0671875 0.059375
0 0.196875 0.8109375 0.08125 0.075
0 0.8671875 0.67109375 0.0625 0.0546875
0 0.17265625 0.43125 0.0703125 0.075
0 0.19140625 0.709375 0.0828125 0.071875
0 0.43203125 0.58125 0.0765625 0.06875
0 0.4484375 0.43984375 0.046875 0.0453125
0 0.609375 0.66796875 0.046875 0.0453125
0 0.16328125 0.03671875 0.0609375 0.0578125
0 0.43515625 0.5 0.0671875 0.0625
0 0.296875 0.9609375 0.0625 0.05625
0 0.29453125 0.3734375 0.0546875 0.05
0 0.1984375 0.9734375 0.059375 0.04375
0 0.478125 0.384375 0.05625 0.053125
0 0.4265625 0.7484375 0.0625 0.0625
0 0.0578125 0.1 0.08125 0.075
0 0.43671875 0.92109375 0.0515625 0.0484375
0 0.08359375 0.87109375 0.0890625 0.0640625
0 0.1984375 0.60234375 0.071875 0.0671875
0 0.31484375 0.59609375 0.0703125 0.0640625
0 0.334375 0.74140625 0.071875 0.0609375
0 0.8859375 0.88828125 0.05625 0.0515625
0 0.34140625 0.79453125 0.0609375 0.0609375
0 0.06875 0.35546875 0.075 0.0671875
0 0.04296875 0.50234375 0.0578125 0.0546875
0 0.16953125 0.27109375 0.0796875 0.0703125
0 0.171875 0.16484375 0.065625 0.0609375
0 0.05390625 0.7125 0.0671875 0.059375
0 0.34609375 0.5421875 0.0703125 0.0625
0 0.34296875 0.934375 0.0640625 0.0625
0 0.071875 0.77421875 0.071875 0.0640625
0 0.04453125 0.4453125 0.0671875 0.05625
0 0.3875 0.95703125 0.0625 0.0578125
0 0.89765625 0.51484375 0.0453125 0.0484375
0 0.4515625 0.2796875 0.06875 0.059375
0 0.43203125 0.68359375 0.0703125 0.0671875
0 0.41796875 0.35546875 0.0734375 0.0671875
0 0.48359375 0.6171875 0.0609375 0.05625
0 0.859375 0.4015625 0.05625 0.05
0 0.07578125 0.66953125 0.0671875 0.0546875
0 0.409375 0.62734375 0.053125 0.0453125
0 0.075 0.19140625 0.065625 0.0609375
0 0.8578125 0.80234375 0.059375 0.0515625
0 0.21015625 0.3328125 0.0671875 0.0625
0 0.4015625 0.22890625 0.0625 0.0609375
0 0.3953125 0.84453125 0.046875 0.0390625
0 0.4890625 0.9109375 0.059375 0.065625
0 0.70859375 0.8234375 0.0515625 0.05
0 0.1921875 0.8875 0.0875 0.071875
0 0.86875 0.5671875 0.05625 0.05625
0 0.41328125 0.19296875 0.0609375 0.0546875
0 0.896875 0.45703125 0.046875 0.0484375
0 0.3359375 0.67109375 0.090625 0.0734375
0 0.834375 0.62578125 0.05625 0.0609375
0 0.3953125 0.7921875 0.059375 0.053125
0 0.4140625 0.88359375 0.06875 0.0578125
0 0.31953125 0.30625 0.0828125 0.08125
0 0.1109375 0.94296875 0.071875 0.0703125
0 0.6984375 0.6546875 0.040625 0.04375
0 0.80625 0.30703125 0.059375 0.0546875
0 0.85625 0.8375 0.053125 0.04375
0 0.85703125 0.5015625 0.0578125 0.059375
0 0.9421875 0.928125 0.0625 0.05625
0 0.40703125 0.46015625 0.0578125 0.0515625
0 0.89140625 0.234375 0.0546875 0.05625
0 0.31015625 0.41640625 0.0609375 0.0671875
0 0.84296875 0.25703125 0.0578125 0.0546875
0 0.17578125 0.54765625 0.0578125 0.0453125
0 0.16328125 0.38984375 0.0453125 0.0484375
0 0.85625 0.4671875 0.04375 0.0375
0 0.04765625 0.4015625 0.0578125 0.046875
0 0.87890625 0.95703125 0.0546875 0.0515625
0 0.4296875 0.07421875 0.065625 0.0578125
0 0.0625 0.24921875 0.075 0.0703125
0 0.91953125 0.78984375 0.0578125 0.0515625
0 0.32265625 0.50390625 0.0640625 0.0484375
0 0.57109375 0.4625 0.0515625 0.05625
0 0.3859375 0.415625 0.05625 0.046875
0 0.859375 0.353125 0.05625 0.05
0 0.1796875 0.5046875 0.075 0.065625
0 0.08046875 0.01640625 0.0453125 0.0296875
0 0.56953125 0.571875 0.0484375 0.05
0 0.5640625 0.51796875 0.04375 0.0421875
0 0.584375 0.3375 0.0375 0.040625
0 0.56171875 0.38984375 0.0328125 0.0265625
0 0.28828125 0.228125 0.0515625 0.05
0 0.32578125 0.20625 0.0484375 0.065625
0 0.29609375 0.05625 0.0578125 0.0375
0 0.31328125 0.028125 0.0484375 0.025
0 0.17109375 0.11875 0.0515625 0.053125
0 0.18515625 0.6625 0.0578125 0.053125
0 0.66484375 0.27890625 0.0515625 0.0484375
0 0.65859375 0.2375 0.0421875 0.046875
0 0.5703125 0.1890625 0.0375 0.0375
0 0.575 0.290625 0.040625 0.04375
0 0.67109375 0.346875 0.0390625 0.040625
0 0.6890625 0.3921875 0.0375 0.040625
0 0.55390625 0.21875 0.0390625 0.0375
0 0.63203125 0.0296875 0.0453125 0.0375
0 0.42890625 0.01953125 0.0453125 0.0265625
0 0.8703125 0.1828125 0.04375 0.04375
0 0.8171875 0.2015625 0.05625 0.053125
0 0.88515625 0.06328125 0.0484375 0.0515625
0 0.98671875 0.2921875 0.0265625 0.0375
0 0.56875 0.79296875 0.03125 0.0390625
0 0.6046875 0.725 0.0375 0.040625
0 0.69375 0.45 0.0375 0.03125
0 0.96328125 0.78046875 0.0484375 0.0515625
0 0.83984375 0.9078125 0.0328125 0.03125
0 0.8140625 0.9203125 0.025 0.0375
