0 0.4828125 0.62734375 0.05625 0.0453125
0 0.47109375 0.253125 0.0390625 0.040625
0 0.815625 0.54921875 0.046875 0.0484375
0 0.21875 0.26796875 0.053125 0.0515625
0 0.21015625 0.62734375 0.0421875 0.0421875
0 0.6703125 0.1734375 0.059375 0.05
0 0.4828125 0.4203125 0.05625 0.053125
0 0.48125 0.740625 0.053125 0.05
0 0.36015625 0.18671875 0.0546875 0.0484375
0 0.896875 0.4515625 0.05625 0.046875
0 0.65234375 0.11171875 0.0578125 0.0546875
0 0.48828125 0.56640625 0.0546875 0.0515625
0 0.9171875 0.76796875 0.0625 0.0546875
0 0.21484375 0.57109375 0.0484375 0.0515625
0 0.45390625 0.4484375 0.0453125 0.046875
0 0.909375 0.39921875 0.053125 0.0515625
0 0.22890625 0.74140625 0.0515625 0.0515625
0 0.48203125 0.678125 0.0578125 0.05
0 0.61796875 0.59453125 0.0484375 0.0453125
0 0.48671875 0.80390625 0.0609375 0.0515625
0 0.10859375 0.378125 0.0609375 0.053125
0 0.2046875 0.4234375 0.05625 0.05
0 0.3828125 0.87578125 0.071875 0.0640625
0 0.2171875 0.3609375 0.05 0.046875
0 0.80859375 0.178125 0.0578125 0.05
0 0.47578125 0.1203125 0.0640625 0.059375
0 0.4765625 0.85703125 0.084375 0.0703125
0 0.70078125 0.71796875 0.0578125 0.0515625
0 0.93046875 0.5 0.0546875 0.053125
0 0.36171875 0.590625 0.0640625 0.05625
0 0.46015625 0.30625 0.0546875 0.04375
0 0.3859375 0.79921875 0.0625 0.0546875
0 0.9015625 0.24765625 0.059375 0.0546875
0 0.3515625 0.68984375 0.059375 0.0484375
0 0.9 0.3296875 0.05 0.05
0 0.3625 0.5328125 0.0625 0.059375
0 0.678125 0.3828125 0.04375 0.040625
0 0.22265625 0.67734375 0.0546875 0.0515625
0 0.58671875 0.29921875 0.0546875 0.0546875
0 0.80546875 0.82734375 0.0765625 0.0578125
0 0.35390625 0.75078125 0.0640625 0.0609375
0 0.21171875 0.85390625 0.0578125 0.0484375
0 0.325 0.03984375 0.05625 0.0453125
0 0.12421875 0.30859375 0.0671875 0.0609375
0 0.10859375 0.09453125 0.0609375 0.0609375
0 0.6671875 0.325 0.053125 0.046875
0 0.68671875 0.64296875 0.0609375 0.0546875
0 0.81015625 0.446875 0.0546875 0.05625
0 0.21640625 0.48359375 0.0421875 0.0421875
0 0.8296875 0.23515625 0.0625 0.0546875
0 0.925 0.56796875 0.065625 0.0609375
0 0.9078125 0.6359375 0.0625 0.05
0 0.3546875 0.32890625 0.0625 0.0578125
0 0.12421875 0.85546875 0.0734375 0.0609375
0 0.9015625 0.0515625 0.078125 0.071875
0 0.465625 0.503125 0.05625 0.046875
0 0.21953125 0.79921875 0.0515625 0.0453125
0 0.91484375 0.69296875 0.0640625 0.0640625
0 0.8265625 0.33125 0.065625 0.05625
0 0.80859375 0.11328125 0.0640625 0.0609375
0 0.3578125 0.43828125 0.065625 0.0640625
0 0.91328125 0.8484375 0.0515625 0.05
0 0.81328125 0.6453125 0.0671875 0.071875
0 0.18984375 0.51796875 0.0515625 0.0515625
0 0.12109375 0.48671875 0.0609375 0.0609375
0 0.459375 0.35546875 0.0625 0.0609375
0 0.803125 0.38671875 0.046875 0.0359375
0 0.19453125 0.31484375 0.0609375 0.0578125
0 0.68046875 0.425 0.0421875 0.04375
0 0.61171875 0.7078125 0.0515625 0.053125
0 0.6203125 0.509375 0.040625 0.040625
0 0.81484375 0.06953125 0.0484375 0.0390625
0 0.6234375 0.821875 0.065625 0.059375
0 0.12421875 0.6953125 0.0546875 0.05
0 0.3484375 0.12890625 0.0625 0.0546875
0 0.371875 0.63984375 0.04375 0.0390625
0 0.82578125 0.78125 0.0546875 0.053125
0 0.82734375 0.48359375 0.0484375 0.0421875
0 0.590625 0.38828125 0.040625 0.0421875
0 0.64765625 0.56796875 0.0390625 0.0359375
0 0.79453125 0.70546875 0.0484375 0.0390625
0 0.10703125 0.24296875 0.0578125 0.0484375
0 0.4609375 0.0453125 0.065625 0.05625
0 0.121875 0.1796875 0.046875 0.0375
0 0.1078125 0.0359375 0.046875 0.0375
0 0.20703125 0.07578125 0.0421875 0.0484375
0 0.2046875 0.03046875 0.0625 0.0421875
0 0.20234375 0.1375 0.0515625 0.059375
0 0.11015625 0.4359375 0.0484375 0.046875
0 0.2140625 0.2140625 0.040625 0.05
0 0.1234375 0.5703125 0.04375 0.04375
0 0.10625 0.809375 0.040625 0.040625
0 0.1140625 0.75078125 0.05 0.0390625
0 0.4640625 0.2 0.05 0.040625
0 0.6375 0.05703125 0.065625 0.0421875
0 0.58671875 0.12578125 0.0515625 0.0515625
0 0.66640625 0.23828125 0.0484375 0.0578125
0 0.61328125 0.4421875 0.0515625 0.05
0 0.62734375 0.7609375 0.0578125 0.04375
0 0.9046875 0.1203125 0.04375 0.05
0 0.82734375 0.0203125 0.0609375 0.0375
