0 0.0390625 0.41328125 0.053125 0.0515625
0 0.40390625 0.86640625 0.0515625 0.0484375
0 0.05 0.35625 0.053125 0.046875
0 0.0328125 0.31328125 0.05 0.0453125
0 0.12421875 0.2890625 0.0515625 0.05
0 0.0328125 0.5796875 0.05625 0.059375
0 0.028125 0.19140625 0.053125 0.0578125
0 0.1640625 0.459375 0.05625 0.053125
0 0.0265625 0.8125 0.05 0.053125
0 0.12890625 0.0875 0.0546875 0.05
0 0.03671875 0.51796875 0.0484375 0.0453125
0 0.17578125 0.75390625 0.0484375 0.0453125
0 0.159375 0.41640625 0.05 0.0421875
0 0.1515625 0.7015625 0.05 0.046875
0 0.71875 0.28125 0.059375 0.053125
0 0.03671875 0.25 0.0671875 0.059375
0 0.253125 0.1765625 0.05625 0.046875
0 0.79765625 0.41875 0.0546875 0.05
0 0.97109375 0.0390625 0.0484375 0.05625
0 0.3125 0.54140625 0.05625 0.0515625
0 0.0375 0.65234375 0.0625 0.0640625
0 0.39140625 0.52109375 0.0578125 0.0546875
0 0.13203125 0.5296875 0.0671875 0.05625
0 0.15234375 0.5765625 0.0609375 0.05625
0 0.26796875 0.4296875 0.0890625 0.08125
0 0.97265625 0.2015625 0.0484375 0.053125
0 0.96953125 0.1578125 0.0484375 0.05
0 0.16484375 0.9359375 0.0578125 0.059375
0 0.29609375 0.846875 0.0765625 0.065625
0 0.37890625 0.06328125 0.0515625 0.0453125
0 0.83828125 0.190625 0.0734375 0.0625
0 0.115625 0.0359375 0.0875 0.065625
0 0.27421875 0.2171875 0.0640625 0.05
0 0.26640625 0.128125 0.0421875 0.04375
0 0.02265625 0.03046875 0.0421875 0.0546875
0 0.05390625 0.4765625 0.0515625 0.04375
0 0.13359375 0.14921875 0.0640625 0.0640625
0 0.1296875 0.234375 0.059375 0.059375
0 0.97421875 0.73984375 0.0453125 0.0546875
0 0.08359375 0.9 0.0546875 0.053125
0 0.06875 0.77890625 0.0375 0.0359375
0 0.84453125 0.86484375 0.0546875 0.0484375
0 0.7421875 0.56953125 0.046875 0.0453125
0 0.27265625 0.33984375 0.0671875 0.0671875
0 0.95625 0.0859375 0.0625 0.059375
0 0.84140625 0.1265625 0.0515625 0.053125
0 0.3578125 0.1015625 0.0625 0.0625
0 0.38671875 0.325 0.0546875 0.05625
0 0.96640625 0.26484375 0.0609375 0.0734375
0 0.82109375 0.46640625 0.0359375 0.0421875
0 0.27734375 0.684375 0.0609375 0.0625
0 0.05078125 0.95625 0.0578125 0.053125
0 0.0640625 0.734375 0.06875 0.053125
0 0.9734375 0.4546875 0.04375 0.059375
0 0.61328125 0.2765625 0.0515625 0.053125
0 0.37109375 0.203125 0.0578125 0.059375
0 0.16484375 0.88984375 0.0515625 0.0453125
0 0.83203125 0.72578125 0.0578125 0.0546875
0 0.84140625 0.6046875 0.0421875 0.040625
0 0.140625 0.82734375 0.05 0.0484375
0 0.83515625 0.35390625 0.0671875 0.0703125
0 0.025 0.13671875 0.046875 0.0578125
0 0.43125 0.96484375 0.059375 0.0484375
0 0.13984375 0.63359375 0.0453125 0.0484375
0 0.31171875 0.91328125 0.0578125 0.0453125
0 0.73125 0.16640625 0.05625 0.0546875
0 0.82109375 0.0640625 0.0515625 0.053125
0 0.26796875 0.26953125 0.0546875 0.0515625
0 0.30859375 0.62109375 0.0515625 0.0421875
0 0.25390625 0.0578125 0.0640625 0.053125
0 0.38984375 0.42265625 0.0390625 0.0390625
0 0.409375 0.39375 0.040625 0.034375
0 0.29609375 0.7578125 0.0515625 0.05
0 0.41484375 0.6765625 0.0359375 0.040625
0 0.29296875 0.95390625 0.0515625 0.0390625
0 0.6734375 0.09375 0.05 0.053125
0 0.734375 0.01953125 0.059375 0.0359375
0 0.5109375 0.71328125 0.028125 0.0328125
0 0.640625 0.925 0.0375 0.0375
0 0.5125 0.378125 0.059375 0.046875
0 0.375 0.26171875 0.059375 0.0390625
0 0.2734375 0.028125 0.0625 0.04375
0 0.3015625 0.48203125 0.046875 0.0421875
0 0.55625 0.2328125 0.034375 0.03125
0 0.61171875 0.034375 0.0328125 0.028125
0 0.521875 0.10625 0.034375 0.034375
0 0.4890625 0.18828125 0.0375 0.0296875
0 0.5234375 0.29296875 0.0375 0.0359375
0 0.65390625 0.54375 0.0390625 0.040625
