0 0.0328125 0.35 0.05 0.046875
0 0.28828125 0.2375 0.0546875 0.05
0 0.23203125 0.975 0.0453125 0.0375
0 0.028125 0.0453125 0.053125 0.046875
0 0.65625 0.08515625 0.046875 0.0421875
0 0.9671875 0.8375 0.05 0.05
0 0.3203125 0.89765625 0.053125 0.0515625
0 0.03125 0.20859375 0.053125 0.0515625
0 0.3578125 0.8484375 0.046875 0.040625
0 0.275 0.16015625 0.0625 0.0546875
0 0.271875 0.353125 0.05 0.04375
0 0.86796875 0.790625 0.0546875 0.053125
0 0.146875 0.03671875 0.05625 0.0484375
0 0.21015625 0.7359375 0.0515625 0.05
0 0.2828125 0.4890625 0.05625 0.05
0 0.30703125 0.74609375 0.0578125 0.0546875
0 0.88828125 0.85625 0.0546875 0.04375
0 0.74609375 0.19921875 0.0609375 0.0515625
0 0.26953125 0.28203125 0.0546875 0.0515625
0 0.7375 0.140625 0.04375 0.04375
0 0.96875 0.13984375 0.046875 0.0484375
0 0.7453125 0.04609375 0.046875 0.0390625
0 0.90078125 0.971875 0.0578125 0.04375
0 0.7578125 0.8109375 0.046875 0.04375
0 0.89609375 0.74296875 0.0515625 0.0453125
0 0.16640625 0.1296875 0.0515625 0.05
0 0.9375 0.47109375 0.053125 0.0515625
0 0.31015625 0.97265625 0.0421875 0.0359375
0 0.06640625 0.9125 0.0546875 0.05625
0 0.1796875 0.08515625 0.046875 0.0421875
0 0.390625 0.20078125 0.059375 0.0578125
0 0.734375 0.88203125 0.04375 0.0421875
0 0.66875 0.31875 0.046875 0.046875
0 0.88046875 0.90546875 0.0609375 0.0546875
0 0.95546875 0.67734375 0.0546875 0.0515625
0 0.75625 0.978125 0.053125 0.034375
0 0.68203125 0.73359375 0.0609375 0.0515625
0 0.075 0.82734375 0.04375 0.0390625
0 0.77578125 0.33828125 0.0390625 0.0359375
0 0.6640625 0.271875 0.040625 0.040625
0 0.02109375 0.2484375 0.0390625 0.040625
0 0.51875 0.5078125 0.059375 0.05625
0 0.87265625 0.11484375 0.0453125 0.0453125
0 0.275 0.55234375 0.065625 0.0609375
0 0.37890625 0.14375 0.0515625 0.05
0 0.04765625 0.43359375 0.0453125 0.0421875
0 0.73046875 0.78203125 0.0578125 0.0484375
0 0.265625 0.41484375 0.065625 0.0703125
0 0.03125 0.31328125 0.05 0.0390625
0 0.496875 0.30546875 0.05 0.0515625
0 0.778125 0.41328125 0.040625 0.0421875
0 0.86953125 0.3734375 0.0390625 0.0375
0 0.01875 0.48515625 0.034375 0.0421875
0 0.665625 0.3765625 0.040625 0.0375
0 0.18984375 0.8921875 0.0640625 0.053125
0 0.6625 0.1609375 0.040625 0.040625
0 0.97109375 0.74140625 0.0390625 0.0390625
0 0.0234375 0.14765625 0.04375 0.0484375
0 0.78046875 0.49921875 0.0546875 0.0546875
0 0.390625 0.03125 0.059375 0.034375
0 0.4140625 0.27265625 0.04375 0.0328125
0 0.41015625 0.34296875 0.0328125 0.0390625
0 0.27578125 0.0921875 0.0421875 0.05
0 0.8640625 0.31171875 0.04375 0.0515625
0 0.9578125 0.37421875 0.03125 0.0359375
0 0.8640625 0.046875 0.053125 0.040625
0 0.96640625 0.06640625 0.0359375 0.0421875
0 0.93203125 0.03046875 0.0359375 0.0359375
0 0.7 0.51796875 0.053125 0.0578125
0 0.7375 0.3125 0.034375 0.046875
0 0.1765625 0.82109375 0.05 0.0484375
0 0.64375 0.89375 0.046875 0.040625
0 0.66640625 0.96875 0.0453125 0.0375
0 0.04375 0.98515625 0.040625 0.0296875
