0 0.89921875 0.11015625 0.0546875 0.0484375
0 0.93984375 0.56640625 0.0484375 0.0484375
0 0.925 0.446875 0.05 0.04375
0 0.25 0.1859375 0.040625 0.040625
0 0.27890625 0.35 0.0484375 0.046875
0 0.246875 0.47578125 0.05625 0.0484375
0 0.91875 0.49140625 0.05 0.0453125
0 0.91875 0.0515625 0.053125 0.053125
0 0.853125 0.45546875 0.05 0.0484375
0 0.840625 0.61484375 0.053125 0.0515625
0 0.821875 0.546875 0.046875 0.04375
0 0.23203125 0.56640625 0.0609375 0.0515625
0 0.07109375 0.03203125 0.0578125 0.0515625
0 0.678125 0.4484375 0.05625 0.05
0 0.13046875 0.28359375 0.0609375 0.0484375
0 0.93671875 0.61484375 0.0484375 0.0453125
0 0.14140625 0.0625 0.0546875 0.053125
0 0.93046875 0.70078125 0.0578125 0.0484375
0 0.153125 0.140625 0.040625 0.040625
0 0.82109375 0.2796875 0.0515625 0.046875
0 0.48046875 0.63828125 0.0578125 0.0578125
0 0.13984375 0.24453125 0.0484375 0.0453125
0 0.90859375 0.20390625 0.0578125 0.0578125
0 0.68828125 0.36171875 0.0515625 0.0515625
0 0.12109375 0.46796875 0.0609375 0.0515625
0 0.01875 0.7234375 0.034375 0.046875
0 0.01953125 0.79296875 0.0359375 0.0453125
0 0.69140625 0.73828125 0.0453125 0.0421875
0 0.85234375 0.97109375 0.0578125 0.0390625
0 0.85625 0.71484375 0.059375 0.0546875
0 0.9328125 0.32578125 0.04375 0.0421875
0 0.5859375 0.253125 0.05625 0.053125
0 0.6859375 0.5125 0.059375 0.05
0 0.93671875 0.66484375 0.0515625 0.0390625
0 0.23203125 0.125 0.0421875 0.040625
0 0.90234375 0.27265625 0.0546875 0.0515625
0 0.83203125 0.6640625 0.0515625 0.04375
0 0.79140625 0.13046875 0.0484375 0.0421875
0 0.1171875 0.728125 0.05625 0.046875
0 0.1171875 0.66484375 0.053125 0.0453125
0 0.7984375 0.2453125 0.04375 0.0375
0 0.5890625 0.3671875 0.05 0.046875
0 0.80546875 0.421875 0.0421875 0.04375
0 0.62265625 0.61875 0.0453125 0.046875
0 0.78515625 0.07890625 0.0453125 0.0390625
0 0.5921875 0.4671875 0.05625 0.046875
0 0.834375 0.5109375 0.046875 0.0375
0 0.1046875 0.6265625 0.059375 0.053125
0 0.60234375 0.56640625 0.0515625 0.0484375
0 0.42109375 0.165625 0.0515625 0.04375
0 0.23828125 0.409375 0.0640625 0.05625
0 0.16015625 0.96875 0.0765625 0.046875
0 0.2359375 0.26015625 0.08125 0.0703125
0 0.95390625 0.95546875 0.0609375 0.0546875
0 0.66953125 0.13671875 0.0765625 0.0734375
0 0.69453125 0.95390625 0.0640625 0.0578125
0 0.784375 0.03203125 0.065625 0.0546875
0 0.9046875 0.3703125 0.065625 0.05625
0 0.13125 0.7796875 0.08125 0.071875
0 0.60859375 0.96953125 0.0640625 0.0515625
0 0.95 0.765625 0.05625 0.065625
0 0.2546875 0.9671875 0.065625 0.053125
0 0.79765625 0.17109375 0.0671875 0.0609375
0 0.85546875 0.81015625 0.0703125 0.0640625
0 0.25859375 0.63359375 0.0734375 0.0671875
0 0.13671875 0.534375 0.0609375 0.05625
0 0.12890625 0.365625 0.0640625 0.06875
0 0.07265625 0.4984375 0.0578125 0.059375
0 0.10703125 0.17734375 0.0671875 0.0640625
0 0.3453125 0.1890625 0.06875 0.05625
0 0.34921875 0.70390625 0.0609375 0.0546875
0 0.234375 0.784375 0.075 0.046875
0 0.89921875 0.171875 0.0484375 0.040625
0 0.24140625 0.73515625 0.0546875 0.0390625
0 0.42578125 0.2328125 0.0546875 0.034375
0 0.278125 0.0890625 0.034375 0.04375
0 0.21328125 0.02734375 0.0421875 0.0515625
0 0.0640625 0.34921875 0.03125 0.0328125
