0 0.6453125 0.215625 0.05625 0.046875
0 0.5453125 0.65234375 0.05625 0.0484375
0 0.63984375 0.25859375 0.0578125 0.0515625
0 0.66953125 0.04921875 0.0578125 0.0546875
0 0.0859375 0.1328125 0.05625 0.05
0 0.62890625 0.9578125 0.0609375 0.053125
0 0.37265625 0.46171875 0.0515625 0.0453125
0 0.0875 0.6890625 0.05625 0.053125
0 0.0953125 0.97421875 0.05625 0.0421875
0 0.20859375 0.71875 0.0640625 0.05625
0 0.434375 0.28671875 0.0625 0.0546875
0 0.43125 0.06640625 0.0625 0.0546875
0 0.20234375 0.4234375 0.0609375 0.05625
0 0.43046875 0.66171875 0.0640625 0.0546875
0 0.115625 0.475 0.053125 0.04375
0 0.56015625 0.7109375 0.0484375 0.053125
0 0.3859375 0.57421875 0.065625 0.0578125
0 0.1734375 0.2046875 0.05 0.053125
0 0.4453125 0.56484375 0.053125 0.0390625
0 0.60625 0.025 0.05625 0.046875
0 0.3578125 0.95703125 0.065625 0.0546875
0 0.07421875 0.27890625 0.0640625 0.0578125
0 0.44609375 0.73984375 0.0796875 0.0640625
0 0.190625 0.0671875 0.078125 0.0625
0 0.675 0.55703125 0.071875 0.0578125
0 0.45 0.95546875 0.06875 0.0609375
0 0.1859375 0.3390625 0.090625 0.075
0 0.2046875 0.25546875 0.075 0.0765625
0 0.1875 0.4890625 0.071875 0.059375
0 0.6421875 0.7125 0.06875 0.06875
0 0.10078125 0.04140625 0.0828125 0.0609375
0 0.03359375 0.43125 0.0578125 0.05625
0 0.6765625 0.328125 0.065625 0.059375
0 0.0984375 0.54609375 0.075 0.0640625
0 0.63515625 0.60234375 0.0703125 0.0578125
0 0.52890625 0.309375 0.0703125 0.065625
0 0.55078125 0.03828125 0.0671875 0.0578125
0 0.11328125 0.78984375 0.0671875 0.0609375
0 0.0625 0.35625 0.06875 0.0625
0 0.6296875 0.3765625 0.0625 0.065625
0 0.11640625 0.72890625 0.0640625 0.0578125
0 0.06796875 0.6171875 0.0578125 0.0625
0 0.084375 0.18359375 0.065625 0.0609375
0 0.625 0.16328125 0.06875 0.0671875
0 0.35390625 0.7109375 0.0671875 0.06875
0 0.36953125 0.33359375 0.0671875 0.0609375
0 0.18046875 0.565625 0.0609375 0.065625
0 0.353125 0.51796875 0.0625 0.0609375
0 0.64140625 0.4890625 0.0765625 0.071875
0 0.19296875 0.78046875 0.0765625 0.0671875
0 0.3296875 0.4015625 0.065625 0.0625
0 0.4609375 0.603125 0.084375 0.06875
0 0.5296875 0.140625 0.065625 0.071875
0 0.2125 0.13359375 0.053125 0.0640625
0 0.1984375 0.66171875 0.0625 0.0515625
