0 0.5203125 0.16875 0.05625 0.05
0 0.0265625 0.22265625 0.05 0.0515625
0 0.62421875 0.02421875 0.0421875 0.0359375
0 0.16171875 0.67890625 0.0484375 0.0453125
0 0.52890625 0.36484375 0.0515625 0.0515625
0 0.4171875 0.85546875 0.053125 0.0515625
0 0.03984375 0.4015625 0.0546875 0.05
0 0.15625 0.8296875 0.059375 0.05
0 0.02734375 0.509375 0.0515625 0.05625
0 0.42109375 0.728125 0.0578125 0.046875
0 0.39609375 0.15546875 0.0640625 0.0484375
0 0.31171875 0.32109375 0.0546875 0.0546875
0 0.5390625 0.45625 0.053125 0.05
0 0.6859375 0.80703125 0.053125 0.0515625
0 0.85390625 0.73515625 0.0515625 0.0484375
0 0.65078125 0.57421875 0.0484375 0.0453125
0 0.30078125 0.5375 0.0578125 0.05
0 0.8234375 0.34921875 0.071875 0.0703125
0 0.09375 0.2796875 0.05 0.05
0 0.39296875 0.39921875 0.0609375 0.0515625
0 0.03359375 0.0453125 0.0421875 0.040625
0 0.62734375 0.21796875 0.0484375 0.0484375
0 0.66875 0.9125 0.05625 0.05
0 0.16328125 0.115625 0.0546875 0.046875
0 0.16015625 0.8921875 0.0578125 0.053125
0 0.61171875 0.0671875 0.0609375 0.053125
0 0.87265625 0.96171875 0.0546875 0.0515625
0 0.6625 0.5328125 0.05 0.040625
0 0.13359375 0.76484375 0.0453125 0.0421875
0 0.67421875 0.70703125 0.0453125 0.0421875
0 0.2859375 0.109375 0.084375 0.06875
0 0.6625 0.18359375 0.04375 0.0453125
0 0.64453125 0.63671875 0.0390625 0.0390625
0 0.1296875 0.5625 0.046875 0.04375
0 0.64296875 0.43046875 0.0609375 0.0515625
0 0.140625 0.14765625 0.04375 0.0421875
0 0.30234375 0.65703125 0.0609375 0.0546875
0 0.3890625 0.46875 0.071875 0.053125
0 0.83984375 0.40859375 0.0734375 0.0640625
0 0.11953125 0.2578125 0.0546875 0.053125
0 0.753125 0.57734375 0.08125 0.0703125
0 0.3984375 0.25234375 0.046875 0.0484375
0 0.8359375 0.1875 0.078125 0.0625
0 0.296875 0.759375 0.065625 0.05625
0 0.2859375 0.95859375 0.071875 0.0609375
0 0.621875 0.3703125 0.0625 0.05625
0 0.159375 0.18828125 0.059375 0.0546875
0 0.95859375 0.20390625 0.0546875 0.0546875
0 0.65859375 0.74765625 0.0546875 0.0515625
0 0.271875 0.38125 0.0875 0.078125
0 0.2796875 0.428125 0.053125 0.05
0 0.0375 0.7578125 0.065625 0.05625
0 0.540625 0.5859375 0.05 0.046875
0 0.55625 0.81328125 0.046875 0.0421875
0 0.4140625 0.77890625 0.0625 0.0515625
0 0.2734375 0.04140625 0.0625 0.0578125
0 0.265625 0.25390625 0.0625 0.0578125
0 0.04453125 0.90859375 0.0515625 0.0515625
0 0.41328125 0.9484375 0.0671875 0.06875
0 0.7703125 0.22265625 0.04375 0.0421875
0 0.6515625 0.10859375 0.046875 0.0453125
0 0.63125 0.478125 0.040625 0.040625
0 0.1375 0.35078125 0.071875 0.0828125
0 0.84453125 0.5421875 0.0953125 0.071875
0 0.403125 0.6765625 0.078125 0.059375
0 0.7109375 0.18046875 0.059375 0.0578125
0 0.29921875 0.8484375 0.0484375 0.04375
0 0.425 0.58984375 0.059375 0.0578125
0 0.74453125 0.45546875 0.0734375 0.0609375
0 0.6546875 0.28125 0.046875 0.046875
0 0.7453125 0.1359375 0.0625 0.05625
0 0.13125 0.6109375 0.0625 0.053125
0 0.190625 0.9796875 0.040625 0.0375
0 0.384375 0.071875 0.078125 0.06875
0 0.578125 0.859375 0.05 0.04375
0 0.546875 0.059375 0.04375 0.040625
0 0.125 0.7234375 0.059375 0.053125
0 0.12890625 0.52578125 0.0453125 0.0359375
0 0.05078125 0.015625 0.0421875 0.028125
0 0.0390625 0.16640625 0.0625 0.0546875
0 0.540625 0.2859375 0.040625 0.040625
0 0.74140625 0.4125 0.0734375 0.06875
0 0.95703125 0.51015625 0.0515625 0.0546875
0 0.3984375 0.35234375 0.0625 0.0515625
0 0.29140625 0.209375 0.0640625 0.053125
0 0.55703125 0.7140625 0.0578125 0.053125
0 0.38515625 0.5234375 0.0640625 0.05625
0 0.1328125 0.44921875 0.065625 0.0640625
0 0.7453125 0.68359375 0.06875 0.0828125
0 0.31015625 0.89609375 0.0515625 0.0515625
0 0.978125 0.7296875 0.0375 0.05625
0 0.97109375 0.06640625 0.0515625 0.0578125
0 0.815625 0.13515625 0.071875 0.0578125
0 0.73984375 0.0265625 0.0765625 0.05
0 0.5375 0.121875 0.046875 0.059375
0 0.4921875 0.096875 0.05 0.053125
0 0.0484375 0.646875 0.04375 0.034375
0 0.0390625 0.69765625 0.040625 0.0390625
0 0.053125 0.84140625 0.040625 0.0421875
0 0.16640625 0.9515625 0.0421875 0.05
0 0.35078125 0.8546875 0.0546875 0.03125
0 0.5046875 0.97734375 0.05 0.0453125
0 0.6546875 0.9625 0.0375 0.040625
0 0.7609375 0.95234375 0.040625 0.0421875
0 0.83515625 0.8234375 0.0328125 0.04375
0 0.53828125 0.6265625 0.0390625 0.034375
0 0.6 0.6546875 0.021875 0.034375
0 0.5890625 0.6265625 0.025 0.03125
0 0.96875 0.3015625 0.0375 0.04375
0 0.96171875 0.371875 0.0265625 0.025
0 0.98125 0.41484375 0.034375 0.0421875
0 0.9640625 0.45859375 0.03125 0.0296875
0 0.978125 0.6609375 0.040625 0.0375
0 0.69140625 0.85859375 0.0359375 0.0484375
0 0.94453125 0.12421875 0.0359375 0.0390625
0 0.2984375 0.69765625 0.05 0.0390625
0 0.3046875 0.49140625 0.04375 0.0578125
0 0.21015625 0.321875 0.0328125 0.034375
0 0.13984375 0.02890625 0.0328125 0.0390625
