0 0.378125 0.35 0.05 0.046875
0 0.35 0.1859375 0.040625 0.040625
0 0.340625 0.47890625 0.028125 0.0546875
0 0.23046875 0.28359375 0.0609375 0.0484375
0 0.9546875 0.45546875 0.05 0.0484375
0 0.053125 0.05078125 0.05625 0.0546875
0 0.02578125 0.74765625 0.0484375 0.0515625
0 0.1703125 0.03203125 0.05625 0.0515625
0 0.92109375 0.546875 0.0484375 0.04375
0 0.08984375 0.55234375 0.0546875 0.0484375
0 0.778125 0.4484375 0.05625 0.05
0 0.93984375 0.6140625 0.0515625 0.05
0 0.028125 0.4984375 0.053125 0.05625
0 0.23984375 0.24453125 0.0484375 0.0453125
0 0.33203125 0.5671875 0.0609375 0.053125
0 0.253125 0.140625 0.040625 0.040625
0 0.2421875 0.0625 0.05625 0.053125
0 0.58046875 0.63828125 0.0578125 0.0578125
0 0.91953125 0.2796875 0.0515625 0.046875
0 0.7890625 0.36171875 0.05 0.0515625
0 0.95546875 0.715625 0.0578125 0.05625
0 0.79140625 0.73828125 0.0453125 0.0421875
0 0.6859375 0.253125 0.05625 0.053125
0 0.22109375 0.46796875 0.0609375 0.0515625
0 0.33203125 0.12578125 0.0421875 0.0421875
0 0.7859375 0.5125 0.059375 0.05
0 0.09140625 0.23515625 0.0609375 0.0578125
0 0.89140625 0.13125 0.0484375 0.040625
0 0.94765625 0.96953125 0.0546875 0.0421875
0 0.2171875 0.728125 0.05625 0.046875
0 0.6890625 0.36796875 0.05 0.0453125
0 0.93125 0.66484375 0.05 0.0421875
0 0.90546875 0.421875 0.0421875 0.04375
0 0.89921875 0.24609375 0.0453125 0.0390625
0 0.2171875 0.66484375 0.053125 0.0453125
0 0.88515625 0.07890625 0.0453125 0.0390625
0 0.015625 0.96171875 0.028125 0.0453125
0 0.69296875 0.46640625 0.0546875 0.0453125
0 0.52109375 0.165625 0.0515625 0.04375
0 0.934375 0.5109375 0.046875 0.0375
0 0.70234375 0.5671875 0.0515625 0.05
0 0.259375 0.96875 0.075 0.046875
0 0.33984375 0.409375 0.0640625 0.05625
0 0.33671875 0.26015625 0.0796875 0.0703125
0 0.06484375 0.28984375 0.0640625 0.0640625
0 0.10546875 0.79140625 0.0640625 0.0578125
0 0.88515625 0.0328125 0.0671875 0.05625
0 0.79453125 0.95390625 0.0640625 0.0578125
0 0.08203125 0.621875 0.0703125 0.059375
0 0.76953125 0.13671875 0.0765625 0.0734375
0 0.3546875 0.9671875 0.065625 0.053125
0 0.35859375 0.63359375 0.0734375 0.0671875
0 0.23125 0.7796875 0.08125 0.071875
0 0.70859375 0.9703125 0.0640625 0.05
0 0.95390625 0.8125 0.0671875 0.06875
0 0.06796875 0.13046875 0.0734375 0.0640625
0 0.2296875 0.365625 0.0625 0.065625
0 0.89765625 0.17109375 0.0671875 0.0609375
0 0.23671875 0.534375 0.0609375 0.05625
0 0.115625 0.72265625 0.053125 0.0515625
0 0.1734375 0.49765625 0.05625 0.0609375
0 0.20703125 0.17734375 0.0640625 0.0640625
0 0.2046875 0.62734375 0.059375 0.0546875
0 0.4453125 0.18828125 0.06875 0.0578125
0 0.44921875 0.70390625 0.0609375 0.0546875
0 0.3359375 0.7859375 0.078125 0.046875
0 0.7015625 0.696875 0.04375 0.040625
0 0.70703125 0.62734375 0.0296875 0.0265625
0 0.78125 0.63203125 0.053125 0.0390625
0 0.80625 0.6546875 0.059375 0.0375
0 0.78046875 0.565625 0.0359375 0.034375
0 0.7453125 0.7390625 0.046875 0.0375
0 0.8078125 0.80703125 0.053125 0.0328125
0 0.95625 0.771875 0.034375 0.034375
0 0.16484375 0.3453125 0.0359375 0.034375
0 0.31484375 0.01640625 0.0453125 0.0296875
0 0.36875 0.48125 0.0375 0.025
0 0.07265625 0.7140625 0.0546875 0.0625
0 0.05859375 0.015625 0.0640625 0.028125
0 0.3765625 0.09453125 0.0375 0.0453125
0 0.98046875 0.171875 0.0390625 0.053125
0 0.6484375 0.07109375 0.03125 0.0328125
0 0.65546875 0.1078125 0.0421875 0.03125
0 0.659375 0.15078125 0.028125 0.0328125
0 0.690625 0.31484375 0.0375 0.0359375
