0 0.6921875 0.0484375 0.053125 0.053125
0 0.29609375 0.0296875 0.0609375 0.053125
0 0.69375 0.53671875 0.059375 0.0515625
0 0.31484375 0.1796875 0.0453125 0.046875
0 0.1546875 0.95390625 0.05 0.0484375
0 0.3984375 0.359375 0.05 0.05
0 0.809375 0.159375 0.05625 0.053125
0 0.67890625 0.35859375 0.0578125 0.0546875
0 0.67265625 0.45390625 0.0609375 0.0515625
0 0.0546875 0.28359375 0.053125 0.0453125
0 0.28203125 0.34609375 0.0546875 0.0546875
0 0.39453125 0.25546875 0.0453125 0.0453125
0 0.2921875 0.28984375 0.04375 0.0484375
0 0.83046875 0.26875 0.0578125 0.046875
0 0.7984375 0.5984375 0.05625 0.05
0 0.97265625 0.65546875 0.0484375 0.0546875
0 0.1796875 0.90234375 0.0625 0.0515625
0 0.84296875 0.409375 0.0546875 0.046875
0 0.82578125 0.5171875 0.0578125 0.059375
0 0.4046875 0.5171875 0.053125 0.05
0 0.53515625 0.6640625 0.0578125 0.05
0 0.37109375 0.13828125 0.0546875 0.0546875
0 0.57109375 0.97421875 0.0515625 0.0390625
0 0.18359375 0.6796875 0.0484375 0.046875
0 0.3875 0.4234375 0.046875 0.05
0 0.42578125 0.89765625 0.0453125 0.0453125
0 0.7203125 0.31953125 0.046875 0.0421875
0 0.83046875 0.5875 0.0515625 0.046875
0 0.5109375 0.17578125 0.05 0.0515625
0 0.15546875 0.5546875 0.0453125 0.040625
0 0.6875 0.11640625 0.06875 0.0546875
0 0.15234375 0.09453125 0.0515625 0.0515625
0 0.47265625 0.01953125 0.0515625 0.0359375
0 0.68359375 0.15859375 0.0828125 0.0484375
0 0.49296875 0.34296875 0.0609375 0.0578125
0 0.8171875 0.07109375 0.078125 0.0671875
0 0.85546875 0.71015625 0.0796875 0.0796875
0 0.54609375 0.9390625 0.0609375 0.053125
0 0.80625 0.21875 0.06875 0.05625
0 0.40546875 0.72109375 0.0734375 0.0671875
0 0.94609375 0.0546875 0.0640625 0.053125
0 0.72265625 0.39609375 0.0734375 0.0640625
0 0.84765625 0.46015625 0.0640625 0.0515625
0 0.95625 0.12109375 0.06875 0.0671875
0 0.8484375 0.90078125 0.06875 0.0609375
0 0.07265625 0.9578125 0.0703125 0.059375
0 0.81875 0.653125 0.071875 0.065625
0 0.95859375 0.52578125 0.0671875 0.0671875
0 0.96875 0.46875 0.05625 0.059375
0 0.73125 0.26796875 0.065625 0.0578125
0 0.05234375 0.8921875 0.0546875 0.0625
0 0.690625 0.63203125 0.059375 0.0578125
0 0.73125 0.94140625 0.0625 0.0640625
0 0.72734375 0.49140625 0.0671875 0.0609375
0 0.8359375 0.36484375 0.0625 0.0546875
0 0.84296875 0.303125 0.0671875 0.05625
0 0.39921875 0.8125 0.0578125 0.0625
0 0.3703125 0.30625 0.05625 0.059375
0 0.53828125 0.5015625 0.0671875 0.05625
0 0.9671875 0.325 0.059375 0.078125
0 0.9640625 0.23828125 0.059375 0.0703125
0 0.68671875 0.2171875 0.0609375 0.053125
0 0.82265625 0.046875 0.0671875 0.053125
0 0.821875 0.953125 0.059375 0.053125
0 0.6234375 0.53515625 0.0625 0.0578125
0 0.15390625 0.72734375 0.0671875 0.0578125
0 0.5421875 0.7265625 0.0875 0.075
0 0.2921875 0.2171875 0.04375 0.0375
0 0.03359375 0.071875 0.0390625 0.0375
0 0.03203125 0.415625 0.0421875 0.040625
0 0.17109375 0.42265625 0.0359375 0.0484375
0 0.15390625 0.2046875 0.0296875 0.03125
0 0.14609375 0.27421875 0.0359375 0.0359375
0 0.090625 0.15859375 0.04375 0.0328125
0 0.05625 0.11953125 0.034375 0.0359375
0 0.0234375 0.1640625 0.034375 0.03125
0 0.1484375 0.01484375 0.05 0.0265625
0 0.04765625 0.0140625 0.0453125 0.025
0 0.271875 0.10859375 0.06875 0.0453125
0 0.37578125 0.05703125 0.0484375 0.0390625
0 0.3625 0.0171875 0.034375 0.03125
0 0.1765625 0.4859375 0.028125 0.03125
0 0.203125 0.503125 0.028125 0.034375
0 0.18515625 0.98515625 0.0359375 0.0296875
0 0.3515625 0.6140625 0.0375 0.05
0 0.3015625 0.46875 0.03125 0.040625
0 0.525 0.0625 0.046875 0.034375
0 0.5046875 0.234375 0.05 0.040625
0 0.5921875 0.27734375 0.04375 0.0640625
0 0.54765625 0.375 0.0453125 0.034375
0 0.5046875 0.29296875 0.0375 0.0234375
0 0.52890625 0.1078125 0.0359375 0.05625
0 0.60078125 0.13828125 0.0421875 0.0828125
