0 0.5078125 0.66875 0.05625 0.05
0 0.2390625 0.10390625 0.046875 0.0453125
0 0.65703125 0.44140625 0.0515625 0.0453125
0 0.9171875 0.39140625 0.053125 0.0484375
0 0.5328125 0.71640625 0.05625 0.0515625
0 0.6359375 0.1328125 0.053125 0.053125
0 0.5015625 0.43828125 0.05625 0.0515625
0 0.83984375 0.34453125 0.0515625 0.0484375
0 0.95703125 0.31171875 0.0640625 0.0640625
0 0.96875 0.63984375 0.04375 0.0421875
0 0.69140625 0.5046875 0.0453125 0.046875
0 0.7671875 0.58125 0.04375 0.04375
0 0.23125 0.31953125 0.053125 0.0484375
0 0.95 0.84453125 0.053125 0.0453125
0 0.61953125 0.0765625 0.0546875 0.05
0 0.22890625 0.05625 0.0671875 0.053125
0 0.81171875 0.17421875 0.0515625 0.0515625
0 0.65859375 0.02109375 0.0578125 0.0390625
0 0.95 0.20390625 0.065625 0.0609375
0 0.6546875 0.25625 0.05 0.05
0 0.39140625 0.071875 0.0765625 0.06875
0 0.5046875 0.60546875 0.075 0.0671875
0 0.49921875 0.2796875 0.0734375 0.071875
0 0.525 0.86953125 0.059375 0.0546875
0 0.90546875 0.0734375 0.0609375 0.053125
0 0.40625 0.51171875 0.0625 0.0640625
0 0.390625 0.446875 0.0625 0.053125
0 0.9515625 0.44453125 0.0625 0.0609375
0 0.39921875 0.3875 0.0640625 0.05625
0 0.41796875 0.81875 0.0671875 0.059375
0 0.9140625 0.50390625 0.05 0.0484375
0 0.915625 0.01796875 0.046875 0.0328125
0 0.8703125 0.58671875 0.046875 0.0484375
0 0.2140625 0.17734375 0.05 0.0484375
0 0.64765625 0.8546875 0.0578125 0.05625
0 0.653125 0.80078125 0.053125 0.0484375
0 0.93515625 0.54609375 0.0578125 0.0546875
0 0.8515625 0.12578125 0.065625 0.0671875
0 0.5078125 0.38359375 0.065625 0.0578125
0 0.921875 0.259375 0.06875 0.059375
0 0.51640625 0.815625 0.0640625 0.059375
0 0.2484375 0.8046875 0.0625 0.059375
0 0.96015625 0.68125 0.0546875 0.04375
0 0.5078125 0.91953125 0.059375 0.0546875
0 0.51953125 0.4921875 0.0703125 0.059375
0 0.26015625 0.53203125 0.0609375 0.0546875
0 0.4046875 0.1828125 0.071875 0.053125
0 0.37890625 0.33984375 0.0609375 0.0546875
0 0.234375 0.64765625 0.05 0.0453125
0 0.8671875 0.69140625 0.059375 0.0546875
0 0.415625 0.271875 0.06875 0.05625
0 0.1859375 0.81015625 0.059375 0.0578125
0 0.4015625 0.88671875 0.078125 0.0671875
0 0.8546875 0.8484375 0.053125 0.05
0 0.24921875 0.7265625 0.0703125 0.075
0 0.26328125 0.16328125 0.0609375 0.0609375
0 0.403125 0.67890625 0.084375 0.0734375
0 0.409375 0.596875 0.065625 0.059375
0 0.61640625 0.25625 0.0453125 0.046875
0 0.23984375 0.39296875 0.0640625 0.0640625
0 0.515625 0.11875 0.059375 0.053125
0 0.83515625 0.23125 0.0703125 0.06875
0 0.1453125 0.41796875 0.059375 0.0578125
0 0.725 0.184375 0.05625 0.059375
0 0.6953125 0.13359375 0.05 0.0484375
0 0.6703125 0.67890625 0.059375 0.0546875
0 0.12421875 0.30625 0.0640625 0.059375
0 0.14609375 0.66640625 0.0578125 0.0515625
0 0.415625 0.7640625 0.0625 0.053125
0 0.26796875 0.2671875 0.0484375 0.05
0 0.83984375 0.30078125 0.0640625 0.0546875
0 0.4109375 0.2265625 0.05625 0.046875
0 0.38203125 0.025 0.0609375 0.046875
0 0.50859375 0.553125 0.0609375 0.046875
0 0.6640625 0.7359375 0.05 0.04375
0 0.50859375 0.065625 0.0609375 0.05
0 0.5015625 0.0203125 0.05625 0.0375
0 0.834375 0.5609375 0.059375 0.059375
0 0.15234375 0.72890625 0.0609375 0.0546875
0 0.42578125 0.97578125 0.0515625 0.0359375
0 0.84609375 0.6296875 0.0453125 0.040625
0 0.68046875 0.959375 0.0609375 0.053125
0 0.11796875 0.48125 0.0609375 0.065625
0 0.8578125 0.93203125 0.059375 0.0578125
0 0.3828125 0.56953125 0.059375 0.0609375
0 0.49140625 0.16796875 0.0734375 0.0671875
0 0.63359375 0.37890625 0.0390625 0.0421875
0 0.671875 0.3984375 0.040625 0.0375
0 0.7578125 0.8890625 0.046875 0.04375
0 0.75390625 0.94765625 0.0453125 0.0453125
0 0.1234375 0.1203125 0.0375 0.0375
0 0.128125 0.075 0.034375 0.040625
0 0.15234375 0.01953125 0.0515625 0.0265625
0 0.140625 0.60546875 0.053125 0.0515625
0 0.16015625 0.9265625 0.0421875 0.034375
0 0.12421875 0.8828125 0.0328125 0.03125
0 0.2359375 0.95078125 0.04375 0.0421875
0 0.28515625 0.86953125 0.0328125 0.0421875
0 0.30234375 0.95390625 0.0328125 0.0328125
0 0.41953125 0.9171875 0.0453125 0.040625
0 0.52109375 0.7625 0.0421875 0.040625
0 0.40234375 0.13046875 0.0390625 0.0296875
0 0.5984375 0.02421875 0.04375 0.0421875
0 0.68828125 0.08828125 0.0421875 0.0390625
0 0.8421875 0.02421875 0.0625 0.0421875
0 0.98671875 0.03828125 0.0265625 0.0296875
0 0.84921875 0.4671875 0.0484375 0.04375
0 0.85546875 0.49921875 0.0421875 0.0421875
0 0.87578125 0.64140625 0.0515625 0.0359375
0 0.6375 0.55625 0.046875 0.040625
0 0.646875 0.49921875 0.03125 0.0328125
0 0.66484375 0.6203125 0.0390625 0.05
0 0.6796875 0.9015625 0.046875 0.0375
0 0.7125 0.3109375 0.034375 0.040625
0 0.9859375 0.80078125 0.028125 0.0359375
0 0.96015625 0.7546875 0.0359375 0.0375
0 0.2484375 0.61484375 0.05625 0.0484375
0 0.0875 0.246875 0.046875 0.053125
0 0.978125 0.51328125 0.04375 0.0546875
0 0.81328125 0.0609375 0.0546875 0.05
