0 0.10703125 0.66796875 0.0484375 0.0421875
0 0.784375 0.78984375 0.059375 0.0515625
0 0.1015625 0.9375 0.059375 0.053125
0 0.38984375 0.74765625 0.0546875 0.0515625
0 0.790625 0.1359375 0.05625 0.05625
0 0.8234375 0.7453125 0.05 0.053125
0 0.60390625 0.63359375 0.0484375 0.0453125
0 0.76015625 0.30078125 0.0578125 0.0515625
0 0.77890625 0.85703125 0.0515625 0.0484375
0 0.74140625 0.1578125 0.0578125 0.053125
0 0.34921875 0.34140625 0.0484375 0.0484375
0 0.84140625 0.825 0.0609375 0.053125
0 0.7046875 0.2078125 0.059375 0.053125
0 0.37890625 0.28515625 0.0609375 0.0546875
0 0.29453125 0.7453125 0.0484375 0.040625
0 0.19453125 0.2734375 0.0546875 0.053125
0 0.75703125 0.40078125 0.0578125 0.0578125
0 0.025 0.84375 0.046875 0.05625
0 0.75859375 0.703125 0.0609375 0.053125
0 0.38359375 0.51875 0.0609375 0.05625
0 0.76328125 0.634375 0.0578125 0.05
0 0.79765625 0.41484375 0.0453125 0.0484375
0 0.509375 0.56796875 0.046875 0.0453125
0 0.30546875 0.3625 0.0578125 0.053125
0 0.6203125 0.93671875 0.065625 0.0515625
0 0.7703125 0.07734375 0.04375 0.0453125
0 0.75703125 0.73515625 0.0578125 0.0484375
0 0.76953125 0.925 0.0546875 0.046875
0 0.6078125 0.72421875 0.05625 0.0515625
0 0.3125 0.09375 0.065625 0.053125
0 0.3078125 0.528125 0.05625 0.046875
0 0.3515625 0.17890625 0.065625 0.0609375
0 0.29453125 0.69296875 0.0609375 0.0578125
0 0.0765625 0.44921875 0.0625 0.0453125
0 0.46953125 0.3625 0.0578125 0.05625
0 0.1171875 0.978125 0.053125 0.034375
0 0.796875 0.359375 0.05 0.046875
0 0.096875 0.88203125 0.06875 0.0578125
0 0.3375 0.82109375 0.053125 0.0515625
0 0.7671875 0.57109375 0.0625 0.0546875
0 0.0984375 0.50546875 0.075 0.0671875
0 0.0703125 0.3265625 0.078125 0.084375
0 0.0703125 0.0671875 0.06875 0.059375
0 0.06953125 0.1703125 0.0828125 0.06875
0 0.921875 0.25390625 0.071875 0.0703125
0 0.09609375 0.7109375 0.0859375 0.075
0 0.33046875 0.48203125 0.0796875 0.0703125
0 0.3359375 0.40078125 0.06875 0.0640625
0 0.234375 0.6421875 0.071875 0.0625
0 0.19765625 0.8640625 0.0609375 0.059375
0 0.11015625 0.234375 0.0671875 0.0625
0 0.090625 0.61015625 0.0875 0.0734375
0 0.246875 0.44140625 0.06875 0.0640625
0 0.31640625 0.25390625 0.0765625 0.0703125
0 0.91015625 0.1765625 0.0734375 0.065625
0 0.2140625 0.49453125 0.075 0.0671875
0 0.02578125 0.93515625 0.0484375 0.0671875
0 0.32734375 0.64921875 0.0671875 0.0609375
0 0.30078125 0.12734375 0.0640625 0.0640625
0 0.33359375 0.58359375 0.0734375 0.0703125
0 0.2171875 0.20703125 0.090625 0.0828125
0 0.090625 0.78671875 0.090625 0.0734375
0 0.76796875 0.46796875 0.0609375 0.0578125
0 0.3890625 0.81015625 0.0625 0.0703125
0 0.23515625 0.571875 0.0921875 0.071875
0 0.24140625 0.69453125 0.0609375 0.0609375
0 0.2890625 0.86171875 0.06875 0.0640625
0 0.24453125 0.834375 0.0640625 0.059375
0 0.21015625 0.31484375 0.0609375 0.0671875
0 0.73359375 0.52578125 0.0578125 0.0609375
0 0.94765625 0.39609375 0.0859375 0.0921875
0 0.3515625 0.909375 0.06875 0.071875
0 0.92890625 0.12265625 0.0671875 0.0578125
0 0.94765625 0.803125 0.0609375 0.0625
0 0.84453125 0.89765625 0.0640625 0.0578125
0 0.20703125 0.94765625 0.0609375 0.0640625
0 0.07890625 0.4078125 0.0828125 0.071875
0 0.2234375 0.40625 0.065625 0.053125
0 0.3125 0.78359375 0.071875 0.0578125
0 0.4890625 0.93203125 0.071875 0.0734375
0 0.23984375 0.9390625 0.0640625 0.06875
0 0.21953125 0.11484375 0.0578125 0.0671875
0 0.7625 0.2546875 0.0625 0.05
0 0.81796875 0.690625 0.0609375 0.05625
0 0.94140625 0.290625 0.0421875 0.040625
0 0.27421875 0.31796875 0.0578125 0.0546875
0 0.33828125 0.8265625 0.0609375 0.05
0 0.059375 0.2875 0.0625 0.046875
0 0.47109375 0.1953125 0.0359375 0.04375
0 0.46875 0.08671875 0.040625 0.0328125
0 0.44921875 0.290625 0.0265625 0.0375
0 0.57578125 0.24140625 0.0453125 0.0390625
0 0.58828125 0.28671875 0.0421875 0.0484375
0 0.56796875 0.18046875 0.0484375 0.0359375
0 0.5578125 0.13984375 0.0375 0.0421875
0 0.46171875 0.41328125 0.0546875 0.0328125
0 0.51015625 0.63203125 0.0484375 0.0484375
0 0.4640625 0.68515625 0.05 0.0453125
0 0.6390625 0.8375 0.03125 0.028125
0 0.59609375 0.34921875 0.0359375 0.0296875
0 0.5953125 0.40078125 0.065625 0.0359375
0 0.603125 0.56953125 0.04375 0.0328125
0 0.63046875 0.471875 0.0421875 0.028125
0 0.7140625 0.0953125 0.04375 0.03125
0 0.484375 0.246875 0.053125 0.046875
0 0.30859375 0.9328125 0.0453125 0.05
0 0.66484375 0.86953125 0.0359375 0.0296875
0 0.84296875 0.9546875 0.0390625 0.04375
0 0.92109375 0.696875 0.0484375 0.040625
0 0.45859375 0.1140625 0.0390625 0.034375
0 0.4671875 0.46953125 0.0375 0.0421875
0 0.51328125 0.50625 0.0359375 0.034375
0 0.4421875 0.50546875 0.021875 0.0234375
