0 0.64375 0.5078125 0.053125 0.053125
0 0.31484375 0.54296875 0.0546875 0.0515625
0 0.07265625 0.3859375 0.0484375 0.040625
0 0.42578125 0.75 0.0578125 0.053125
0 0.81015625 0.77578125 0.0546875 0.0515625
0 0.89921875 0.1484375 0.0578125 0.05
0 0.05078125 0.4296875 0.0484375 0.04375
0 0.61875 0.28828125 0.05625 0.0515625
0 0.4578125 0.8015625 0.05 0.046875
0 0.4984375 0.2296875 0.053125 0.05
0 0.315625 0.11953125 0.059375 0.0546875
0 0.65 0.04765625 0.04375 0.0421875
0 0.63125 0.4546875 0.05625 0.053125
0 0.56328125 0.1640625 0.0453125 0.046875
0 0.88359375 0.02421875 0.0609375 0.0453125
0 0.1609375 0.31875 0.05 0.053125
0 0.6359375 0.11015625 0.05 0.0484375
0 0.93515625 0.0921875 0.0578125 0.05625
0 0.053125 0.21015625 0.053125 0.0515625
0 0.39921875 0.025 0.0546875 0.04375
0 0.5875 0.92734375 0.04375 0.0421875
0 0.4296875 0.60390625 0.040625 0.0453125
0 0.553125 0.2234375 0.046875 0.04375
0 0.61875 0.14296875 0.04375 0.0421875
0 0.31171875 0.81015625 0.0578125 0.0515625
0 0.05703125 0.74453125 0.0484375 0.0390625
0 0.4484375 0.52421875 0.034375 0.0359375
0 0.678125 0.72421875 0.046875 0.0421875
0 0.14921875 0.4203125 0.0453125 0.046875
0 0.0796875 0.6296875 0.05 0.046875
0 0.31953125 0.38046875 0.0546875 0.0515625
0 0.39296875 0.0421875 0.0515625 0.046875
0 0.43359375 0.6796875 0.0609375 0.05625
0 0.40625 0.26015625 0.065625 0.0578125
0 0.303125 0.21640625 0.059375 0.0609375
0 0.8046875 0.6828125 0.071875 0.059375
0 0.62734375 0.23125 0.0609375 0.059375
0 0.6484375 0.36171875 0.0625 0.0578125
0 0.78515625 0.06015625 0.0734375 0.0734375
0 0.28671875 0.0734375 0.0703125 0.059375
0 0.64375 0.6078125 0.0625 0.071875
0 0.90546875 0.221875 0.0765625 0.065625
0 0.78125 0.3796875 0.075 0.075
0 0.646875 0.83046875 0.06875 0.0671875
0 0.42265625 0.45546875 0.0640625 0.0671875
0 0.5453125 0.38359375 0.065625 0.0609375
0 0.40859375 0.19921875 0.0546875 0.0546875
0 0.321875 0.59921875 0.065625 0.0546875
0 0.07265625 0.33125 0.0609375 0.059375
0 0.30234375 0.27890625 0.0609375 0.0578125
0 0.33125 0.92109375 0.065625 0.0609375
0 0.80390625 0.85625 0.0640625 0.065625
0 0.06875 0.6859375 0.059375 0.059375
0 0.08046875 0.8734375 0.0640625 0.071875
0 0.90078125 0.61875 0.0640625 0.0625
0 0.159375 0.11875 0.046875 0.040625
0 0.05703125 0.071875 0.0421875 0.040625
0 0.06640625 0.5453125 0.0390625 0.03125
0 0.16015625 0.6953125 0.0359375 0.05
0 0.87734375 0.78203125 0.0390625 0.0359375
0 0.7796875 0.43359375 0.0375 0.0359375
0 0.578125 0.796875 0.034375 0.040625
0 0.621875 0.0421875 0.040625 0.03125
0 0.440625 0.1359375 0.040625 0.04375
0 0.4390625 0.3296875 0.0375 0.040625
0 0.2796875 0.0203125 0.05 0.0375
0 0.334375 0.85703125 0.053125 0.0421875
0 0.6734375 0.9171875 0.0375 0.05
0 0.175 0.8578125 0.034375 0.04375
0 0.05390625 0.02578125 0.0421875 0.0390625
0 0.178125 0.93046875 0.040625 0.0390625
0 0.146875 0.01328125 0.05 0.0234375
0 0.5828125 0.63515625 0.03125 0.0390625
0 0.5984375 0.54921875 0.0375 0.0390625
0 0.55078125 0.1 0.0421875 0.046875
