0 0.4859375 0.75390625 0.05625 0.0515625
0 0.4921875 0.4046875 0.05625 0.05
0 0.471875 0.25 0.053125 0.05
0 0.6296875 0.05859375 0.059375 0.0515625
0 0.4859375 0.65546875 0.05625 0.0484375
0 0.203125 0.7421875 0.05625 0.05
0 0.14609375 0.55703125 0.0578125 0.0515625
0 0.38125 0.34453125 0.05 0.0484375
0 0.478125 0.121875 0.046875 0.05
0 0.50703125 0.6984375 0.0515625 0.046875
0 0.4984375 0.49375 0.05625 0.053125
0 0.4 0.45703125 0.053125 0.0546875
0 0.36953125 0.1828125 0.0609375 0.05625
0 0.3859375 0.71953125 0.046875 0.0453125
0 0.128125 0.1984375 0.059375 0.053125
0 0.37265625 0.40703125 0.0515625 0.0546875
0 0.675 0.65859375 0.053125 0.0546875
0 0.6984375 0.74140625 0.053125 0.0546875
0 0.46796875 0.54921875 0.0484375 0.0453125
0 0.1421875 0.88359375 0.04375 0.0484375
0 0.50234375 0.94609375 0.0515625 0.0515625
0 0.4859375 0.29609375 0.046875 0.0421875
0 0.2171875 0.32265625 0.059375 0.0515625
0 0.50390625 0.8203125 0.0453125 0.046875
0 0.3703125 0.678125 0.059375 0.05
0 0.5734375 0.1546875 0.053125 0.046875
0 0.08046875 0.3890625 0.0515625 0.053125
0 0.6375 0.11015625 0.053125 0.0421875
0 0.3765625 0.6203125 0.0625 0.05625
0 0.4765625 0.45859375 0.046875 0.0421875
0 0.24375 0.53359375 0.046875 0.0390625
0 0.35859375 0.05859375 0.0609375 0.0515625
0 0.36640625 0.11953125 0.0609375 0.0578125
0 0.10703125 0.8171875 0.0734375 0.065625
0 0.65 0.1671875 0.08125 0.06875
0 0.1234375 0.290625 0.071875 0.0625
0 0.45234375 0.0578125 0.0640625 0.05625
0 0.3609375 0.23671875 0.06875 0.0578125
0 0.50546875 0.86953125 0.0640625 0.0515625
0 0.22421875 0.0953125 0.0828125 0.059375
0 0.2046875 0.14921875 0.075 0.0765625
0 0.66015625 0.31328125 0.0828125 0.0921875
0 0.215625 0.3734375 0.06875 0.059375
0 0.13515625 0.74140625 0.0703125 0.0640625
0 0.2359375 0.5765625 0.06875 0.053125
0 0.4625 0.18671875 0.065625 0.0609375
0 0.675 0.45546875 0.071875 0.0640625
0 0.0953125 0.084375 0.075 0.071875
0 0.684375 0.4 0.065625 0.059375
0 0.2390625 0.884375 0.06875 0.065625
0 0.225 0.809375 0.0625 0.05625
0 0.1328125 0.48671875 0.078125 0.0640625
0 0.2453125 0.221875 0.0625 0.053125
0 0.3453125 0.28671875 0.059375 0.0609375
0 0.14375 0.6140625 0.059375 0.059375
0 0.3921875 0.884375 0.059375 0.0625
0 0.5953125 0.6234375 0.065625 0.071875
0 0.04296875 0.13359375 0.0453125 0.0453125
0 0.58515625 0.671875 0.0484375 0.028125
0 0.62109375 0.73515625 0.0421875 0.0453125
0 0.3953125 0.8171875 0.046875 0.0375
0 0.37265625 0.7765625 0.0265625 0.025
