0 0.365625 0.7796875 0.05 0.04375
0 0.1 0.14765625 0.059375 0.0484375
0 0.1328125 0.83671875 0.059375 0.0515625
0 0.81953125 0.59765625 0.0546875 0.0484375
0 0.83203125 0.5390625 0.0609375 0.05625
0 0.09765625 0.453125 0.0546875 0.04375
0 0.290625 0.93828125 0.05625 0.0578125
0 0.25078125 0.11015625 0.0578125 0.0515625
0 0.23984375 0.246875 0.0578125 0.05
0 0.27265625 0.30546875 0.0546875 0.0515625
0 0.11328125 0.671875 0.0546875 0.059375
0 0.76171875 0.3734375 0.0609375 0.053125
0 0.10703125 0.2046875 0.0578125 0.053125
0 0.84765625 0.82890625 0.0515625 0.0484375
0 0.80703125 0.44375 0.0546875 0.053125
0 0.71640625 0.171875 0.0796875 0.065625
0 0.3859375 0.82578125 0.05625 0.0515625
0 0.7046875 0.2390625 0.05625 0.059375
0 0.10390625 0.340625 0.0609375 0.053125
0 0.953125 0.27421875 0.046875 0.0390625
0 0.6703125 0.653125 0.065625 0.0625
0 0.946875 0.6921875 0.0625 0.0625
0 0.23828125 0.615625 0.0609375 0.05625
0 0.35078125 0.21171875 0.0640625 0.0703125
0 0.10390625 0.5015625 0.0640625 0.053125
0 0.11796875 0.94375 0.0703125 0.065625
0 0.82421875 0.925 0.0671875 0.06875
0 0.82421875 0.028125 0.0734375 0.053125
0 0.96171875 0.90859375 0.0765625 0.0734375
0 0.1015625 0.75390625 0.065625 0.0578125
0 0.028125 0.6734375 0.053125 0.0625
0 0.95703125 0.74609375 0.0640625 0.0421875
0 0.3453125 0.6140625 0.06875 0.059375
0 0.02265625 0.8953125 0.0421875 0.059375
0 0.25390625 0.175 0.0671875 0.0625
0 0.35078125 0.88671875 0.0515625 0.0484375
0 0.259375 0.71015625 0.053125 0.0484375
0 0.78125 0.08203125 0.0625 0.0546875
0 0.11484375 0.59375 0.0671875 0.078125
0 0.0796875 0.41640625 0.059375 0.0546875
0 0.35234375 0.384375 0.0546875 0.05
0 0.946875 0.44921875 0.08125 0.0703125
0 0.78359375 0.325 0.0484375 0.05
0 0.3515625 0.0546875 0.071875 0.065625
0 0.29375 0.7828125 0.059375 0.053125
0 0.7234375 0.7578125 0.078125 0.065625
0 0.3390625 0.1203125 0.05625 0.05625
0 0.34921875 0.71796875 0.0671875 0.0578125
0 0.36796875 0.4890625 0.0609375 0.05625
0 0.12421875 0.76953125 0.0453125 0.0453125
0 0.36484375 0.94375 0.0609375 0.0625
0 0.3375 0.2828125 0.059375 0.053125
0 0.25078125 0.43125 0.0578125 0.059375
0 0.28828125 0.48828125 0.0515625 0.0453125
0 0.0203125 0.60703125 0.0375 0.0453125
0 0.3453125 0.66171875 0.040625 0.0390625
0 0.25859375 0.53828125 0.0546875 0.0515625
0 0.3375 0.440625 0.065625 0.059375
0 0.82890625 0.69453125 0.0609375 0.0640625
0 0.8203125 0.76328125 0.059375 0.0578125
0 0.7296875 0.3203125 0.0625 0.0625
0 0.71875 0.503125 0.059375 0.065625
0 0.5 0.4375 0.04375 0.046875
0 0.02890625 0.96484375 0.0453125 0.0421875
0 0.0171875 0.5265625 0.03125 0.040625
0 0.24375 0.3421875 0.071875 0.05625
0 0.084375 0.04296875 0.065625 0.0546875
0 0.5453125 0.08515625 0.05625 0.0546875
0 0.01953125 0.24375 0.0359375 0.0375
0 0.24140625 0.8484375 0.0578125 0.05
0 0.76640625 0.8578125 0.0640625 0.05625
0 0.9265625 0.60078125 0.05625 0.0546875
0 0.2546875 0.8984375 0.0625 0.053125
0 0.025 0.18359375 0.046875 0.0546875
0 0.02734375 0.31640625 0.0453125 0.0484375
0 0.021875 0.36875 0.0375 0.040625
0 0.015625 0.4203125 0.028125 0.046875
0 0.528125 0.77890625 0.04375 0.0453125
0 0.52734375 0.853125 0.0453125 0.053125
0 0.596875 0.86953125 0.071875 0.0515625
0 0.6390625 0.90390625 0.0375 0.0421875
0 0.6359375 0.8109375 0.046875 0.04375
0 0.59453125 0.76796875 0.0390625 0.0359375
0 0.60625 0.7171875 0.053125 0.03125
0 0.5859375 0.6140625 0.04375 0.04375
0 0.4671875 0.57265625 0.034375 0.0328125
0 0.5609375 0.5 0.071875 0.05
0 0.51484375 0.56328125 0.0484375 0.0484375
0 0.50390625 0.38515625 0.0453125 0.0453125
0 0.5703125 0.3703125 0.05 0.028125
0 0.5828125 0.43203125 0.04375 0.0453125
0 0.484375 0.20078125 0.040625 0.0359375
0 0.540625 0.27265625 0.059375 0.0390625
0 0.5671875 0.321875 0.0375 0.040625
0 0.4640625 0.11640625 0.04375 0.0296875
0 0.45859375 0.06171875 0.0328125 0.0359375
0 0.90703125 0.203125 0.0546875 0.065625
0 0.92578125 0.0796875 0.0421875 0.05
0 0.78359375 0.140625 0.0453125 0.046875
0 0.925 0.8796875 0.0625 0.05
0 0.97109375 0.771875 0.0578125 0.046875
