0 0.9078125 0.36953125 0.046875 0.0484375
0 0.028125 0.775 0.05 0.05
0 0.878125 0.75703125 0.05625 0.0484375
0 0.03046875 0.85625 0.0546875 0.05625
0 0.48125 0.2578125 0.053125 0.05625
0 0.2015625 0.04453125 0.05 0.0484375
0 0.85625 0.9203125 0.071875 0.059375
0 0.85234375 0.43125 0.0671875 0.059375
0 0.85859375 0.9640625 0.0546875 0.046875
0 0.01953125 0.2828125 0.0359375 0.0375
0 0.8484375 0.2109375 0.046875 0.05
0 0.87578125 0.6125 0.0640625 0.059375
0 0.253125 0.65390625 0.05625 0.0609375
0 0.74296875 0.8796875 0.0515625 0.04375
0 0.88984375 0.234375 0.0546875 0.05625
0 0.93984375 0.9578125 0.0421875 0.05
0 0.69921875 0.5578125 0.0734375 0.06875
0 0.625 0.36640625 0.053125 0.0484375
0 0.16640625 0.821875 0.0515625 0.05
0 0.37734375 0.44140625 0.0484375 0.0484375
0 0.84609375 0.3625 0.0703125 0.065625
0 0.26328125 0.18203125 0.0453125 0.0484375
0 0.8984375 0.02734375 0.0625 0.0484375
0 0.6484375 0.97578125 0.053125 0.0390625
0 0.38671875 0.565625 0.0640625 0.065625
0 0.84296875 0.55234375 0.0703125 0.0640625
0 0.91796875 0.434375 0.0609375 0.059375
0 0.22421875 0.10703125 0.0515625 0.0546875
0 0.6125 0.51640625 0.059375 0.0578125
0 0.3640625 0.34453125 0.059375 0.0546875
0 0.9109375 0.31484375 0.065625 0.0609375
0 0.84453125 0.27421875 0.0703125 0.0671875
0 0.859375 0.846875 0.059375 0.05
0 0.49453125 0.7203125 0.0515625 0.05625
0 0.39296875 0.671875 0.0671875 0.06875
0 0.39296875 0.6125 0.0578125 0.05
0 0.703125 0.24609375 0.053125 0.0515625
0 0.93125 0.8203125 0.05625 0.05625
0 0.47734375 0.61796875 0.0671875 0.0671875
0 0.84140625 0.48515625 0.0796875 0.0609375
0 0.73671875 0.81484375 0.0546875 0.0453125
0 0.7328125 0.67109375 0.059375 0.0546875
0 0.38671875 0.4984375 0.0578125 0.059375
0 0.02734375 0.96796875 0.0515625 0.0546875
0 0.46171875 0.42578125 0.0484375 0.0484375
0 0.60625 0.440625 0.0625 0.053125
0 0.271875 0.8390625 0.040625 0.04375
0 0.36640625 0.296875 0.0609375 0.05
0 0.921875 0.57265625 0.04375 0.0515625
0 0.1390625 0.27578125 0.075 0.0609375
0 0.603125 0.240625 0.053125 0.05
0 0.88125 0.68359375 0.0875 0.0703125
0 0.865625 0.80546875 0.06875 0.0578125
0 0.48828125 0.48828125 0.0703125 0.0546875
0 0.68046875 0.12109375 0.0640625 0.0609375
0 0.71640625 0.284375 0.0609375 0.05625
0 0.71640625 0.7328125 0.0421875 0.0375
0 0.66171875 0.8265625 0.0546875 0.040625
0 0.6375 0.74140625 0.053125 0.0546875
0 0.63046875 0.69765625 0.0390625 0.0328125
0 0.49375 0.82734375 0.040625 0.0390625
0 0.51953125 0.9296875 0.0328125 0.046875
0 0.41953125 0.95234375 0.0421875 0.0359375
0 0.3875 0.77421875 0.0375 0.0328125
0 0.3875 0.80703125 0.04375 0.0359375
0 0.721875 0.43359375 0.053125 0.0453125
0 0.7109375 0.4671875 0.06875 0.05
0 0.1328125 0.34296875 0.05625 0.0296875
0 0.13046875 0.4 0.0484375 0.025
0 0.1390625 0.43984375 0.046875 0.0296875
0 0.1421875 0.56796875 0.04375 0.0328125
0 0.1640625 0.6203125 0.046875 0.05
0 0.23203125 0.715625 0.0359375 0.034375
0 0.15078125 0.75390625 0.0328125 0.0390625
0 0.23828125 0.76015625 0.0328125 0.0234375
0 0.26015625 0.915625 0.0328125 0.040625
0 0.240625 0.98515625 0.040625 0.0296875
0 0.390625 0.98515625 0.040625 0.0296875
0 0.50390625 0.98671875 0.0296875 0.0265625
0 0.5 0.875 0.034375 0.03125
0 0.628125 0.8859375 0.046875 0.03125
0 0.74921875 0.98125 0.0484375 0.0375
0 0.76875 0.940625 0.028125 0.03125
0 0.93203125 0.88515625 0.0359375 0.0546875
0 0.61328125 0.30859375 0.0515625 0.0484375
0 0.47109375 0.35625 0.0546875 0.040625
0 0.47578125 0.30234375 0.0421875 0.0390625
0 0.37109375 0.09375 0.0546875 0.059375
0 0.3734375 0.028125 0.0625 0.046875
0 0.4671875 0.065625 0.05 0.046875
0 0.3109375 0.1578125 0.0375 0.04375
0 0.61953125 0.0578125 0.0484375 0.0375
0 0.90234375 0.11171875 0.0515625 0.0421875
0 0.90390625 0.16640625 0.0359375 0.0390625
0 0.84140625 0.15859375 0.0515625 0.0359375
0 0.23515625 0.18984375 0.0390625 0.0453125
0 0.10859375 0.20390625 0.0359375 0.0515625
0 0.12890625 0.103125 0.0484375 0.059375
0 0.1421875 0.15078125 0.03125 0.0515625
0 0.1171875 0.0609375 0.040625 0.04375
0 0.11015625 0.0203125 0.0390625 0.03125
0 0.0203125 0.51328125 0.0375 0.0328125
0 0.01640625 0.6890625 0.0265625 0.04375
0 0.2375 0.56171875 0.040625 0.0421875
0 0.23203125 0.4875 0.0390625 0.046875
0 0.23359375 0.371875 0.0390625 0.040625
0 0.1671875 0.98203125 0.0375 0.0328125
0 0.4171875 0.73125 0.028125 0.025
0 0.43203125 0.7515625 0.0328125 0.0375
0 0.3859375 0.2078125 0.04375 0.0375
0 0.4734375 0.20625 0.0375 0.028125
