0 0.18828125 0.2375 0.0546875 0.05
0 0.13203125 0.975 0.0453125 0.0375
0 0.8890625 0.87578125 0.053125 0.0484375
0 0.2578125 0.8484375 0.046875 0.040625
0 0.2203125 0.89765625 0.053125 0.0515625
0 0.8984375 0.7796875 0.05625 0.053125
0 0.171875 0.35390625 0.05 0.0421875
0 0.046875 0.03671875 0.05625 0.0484375
0 0.175 0.16015625 0.0625 0.0546875
0 0.55546875 0.08515625 0.0484375 0.0421875
0 0.1828125 0.4890625 0.05625 0.05
0 0.11015625 0.7359375 0.0515625 0.05
0 0.06640625 0.13046875 0.0515625 0.0484375
0 0.78828125 0.85625 0.0546875 0.04375
0 0.20703125 0.7453125 0.0546875 0.053125
0 0.6375 0.140625 0.04375 0.04375
0 0.86796875 0.83515625 0.0546875 0.0484375
0 0.64609375 0.19921875 0.0609375 0.0515625
0 0.1703125 0.28203125 0.053125 0.0515625
0 0.79609375 0.74296875 0.0515625 0.0453125
0 0.8 0.971875 0.059375 0.04375
0 0.76796875 0.790625 0.0546875 0.053125
0 0.8390625 0.4703125 0.05625 0.053125
0 0.6578125 0.81015625 0.046875 0.0453125
0 0.6453125 0.04609375 0.046875 0.0390625
0 0.87109375 0.13515625 0.0546875 0.0546875
0 0.85859375 0.67578125 0.0609375 0.0515625
0 0.56875 0.31875 0.046875 0.046875
0 0.0796875 0.08515625 0.046875 0.0421875
0 0.634375 0.88203125 0.04375 0.0421875
0 0.41875 0.50859375 0.059375 0.0546875
0 0.58203125 0.73359375 0.0609375 0.0515625
0 0.21015625 0.97265625 0.0421875 0.0359375
0 0.89765625 0.95 0.0640625 0.05625
0 0.6578125 0.978125 0.053125 0.034375
0 0.67578125 0.33828125 0.0390625 0.0359375
0 0.29140625 0.2015625 0.0578125 0.059375
0 0.78046875 0.90546875 0.0609375 0.0546875
0 0.77265625 0.11484375 0.0453125 0.0453125
0 0.56484375 0.271875 0.0421875 0.040625
0 0.27890625 0.14453125 0.0515625 0.0484375
0 0.4171875 0.8828125 0.04375 0.046875
0 0.175 0.55234375 0.065625 0.0609375
0 0.62890625 0.78203125 0.0578125 0.0484375
0 0.165625 0.41484375 0.065625 0.0703125
0 0.8609375 0.05625 0.040625 0.04375
0 0.396875 0.30625 0.05 0.05
0 0.6765625 0.50078125 0.053125 0.0546875
0 0.76953125 0.3734375 0.0390625 0.0375
0 0.56640625 0.3765625 0.0390625 0.0375
0 0.871875 0.73984375 0.040625 0.0390625
0 0.678125 0.41328125 0.040625 0.0421875
0 0.09140625 0.8921875 0.0640625 0.053125
0 0.3640625 0.26640625 0.053125 0.0390625
0 0.3078125 0.26953125 0.040625 0.0390625
0 0.3046875 0.3421875 0.0375 0.040625
0 0.31484375 0.4546875 0.0453125 0.04375
0 0.075 0.8265625 0.046875 0.0375
0 0.07421875 0.4296875 0.0484375 0.05
0 0.04921875 0.28359375 0.0296875 0.0390625
0 0.0609375 0.19453125 0.03125 0.0359375
0 0.0703125 0.303125 0.03125 0.028125
0 0.17734375 0.0890625 0.0453125 0.0625
0 0.2984375 0.04140625 0.05625 0.0359375
0 0.29296875 0.53515625 0.0421875 0.0265625
0 0.17890625 0.0109375 0.0484375 0.01875
0 0.51328125 0.03359375 0.0359375 0.0265625
0 0.5984375 0.51640625 0.05 0.0484375
0 0.58125 0.41875 0.028125 0.0375
0 0.74765625 0.21796875 0.0453125 0.0359375
0 0.7453125 0.16015625 0.03125 0.0265625
0 0.76640625 0.04453125 0.0484375 0.0421875
0 0.70234375 0.0171875 0.0484375 0.03125
0 0.7703125 0.3125 0.0375 0.046875
0 0.85859375 0.35703125 0.0390625 0.0609375
0 0.7734375 0.41640625 0.053125 0.0234375
0 0.94765625 0.096875 0.0359375 0.034375
0 0.66796875 0.934375 0.0453125 0.040625
0 0.5671875 0.96328125 0.05625 0.0328125
0 0.52265625 0.8234375 0.0421875 0.0375
