0 0.71484375 0.4484375 0.0484375 0.05
0 0.709375 0.02265625 0.05625 0.0421875
0 0.11015625 0.52734375 0.0421875 0.0421875
0 0.3875 0.46640625 0.05625 0.0515625
0 0.37109375 0.153125 0.0390625 0.040625
0 0.3828125 0.52734375 0.05625 0.0453125
0 0.11875 0.16796875 0.053125 0.0515625
0 0.3828125 0.3203125 0.05625 0.053125
0 0.56953125 0.0734375 0.0609375 0.05
0 0.3734375 0.0265625 0.0625 0.05
0 0.38125 0.640625 0.053125 0.05
0 0.796875 0.35234375 0.05625 0.0484375
0 0.809375 0.29921875 0.053125 0.0515625
0 0.11484375 0.47109375 0.0484375 0.0515625
0 0.26015625 0.08671875 0.0546875 0.0484375
0 0.35390625 0.34765625 0.0453125 0.0484375
0 0.12890625 0.64140625 0.0515625 0.0515625
0 0.38671875 0.70390625 0.0609375 0.0515625
0 0.8171875 0.66875 0.0625 0.053125
0 0.28359375 0.77578125 0.0734375 0.0640625
0 0.1171875 0.2609375 0.05 0.046875
0 0.38125 0.578125 0.05625 0.05
0 0.9515625 0.89375 0.053125 0.059375
0 0.021875 0.27734375 0.040625 0.0421875
0 0.02890625 0.75546875 0.0546875 0.0484375
0 0.51796875 0.49453125 0.0484375 0.0453125
0 0.80859375 0.53671875 0.0609375 0.0484375
0 0.371875 0.9546875 0.065625 0.059375
0 0.57265625 0.92890625 0.0390625 0.0421875
0 0.6 0.61796875 0.059375 0.0515625
0 0.10546875 0.3234375 0.0546875 0.05
0 0.70859375 0.078125 0.0578125 0.05
0 0.8 0.2296875 0.05 0.05
0 0.3765625 0.75703125 0.084375 0.0703125
0 0.80234375 0.14765625 0.0609375 0.0546875
0 0.028125 0.5953125 0.05 0.046875
0 0.52734375 0.9734375 0.0609375 0.04375
0 0.2625 0.43203125 0.0625 0.0609375
0 0.7203125 0.9171875 0.06875 0.065625
0 0.1203125 0.93671875 0.071875 0.0578125
0 0.28671875 0.6984375 0.0640625 0.05625
0 0.26171875 0.490625 0.0640625 0.05625
0 0.02578125 0.3859375 0.0484375 0.053125
0 0.5265625 0.89921875 0.05625 0.0515625
0 0.2890625 0.94453125 0.090625 0.0765625
0 0.83125 0.4 0.05625 0.053125
0 0.36015625 0.20625 0.0546875 0.04375
0 0.70546875 0.72734375 0.0765625 0.0578125
0 0.25234375 0.58984375 0.0609375 0.0484375
0 0.12265625 0.57734375 0.0546875 0.0515625
0 0.96875 0.9578125 0.053125 0.059375
0 0.81953125 0.95859375 0.0640625 0.0546875
0 0.25390625 0.65078125 0.0640625 0.0609375
0 0.578125 0.2828125 0.04375 0.040625
0 0.4875 0.19921875 0.053125 0.0546875
0 0.72421875 0.96640625 0.0453125 0.0359375
0 0.58671875 0.5421875 0.0640625 0.05625
0 0.709375 0.346875 0.05625 0.05625
0 0.36484375 0.403125 0.0578125 0.046875
0 0.11640625 0.38359375 0.0421875 0.0421875
0 0.825 0.46796875 0.065625 0.0609375
0 0.5671875 0.22421875 0.053125 0.0484375
0 0.7265625 0.23125 0.065625 0.05625
0 0.25546875 0.22890625 0.0640625 0.0578125
0 0.25 0.0328125 0.06875 0.053125
0 0.7296875 0.13515625 0.0625 0.0546875
0 0.11171875 0.75390625 0.0578125 0.0484375
0 0.953125 0.284375 0.05 0.04375
0 0.11953125 0.69921875 0.0515625 0.0453125
0 0.71328125 0.5453125 0.0671875 0.071875
0 0.02890625 0.209375 0.0546875 0.059375
0 0.8140625 0.74765625 0.053125 0.0515625
0 0.81484375 0.59375 0.0640625 0.0625
0 0.2578125 0.33828125 0.065625 0.0640625
0 0.359375 0.25546875 0.0625 0.0609375
0 0.08984375 0.41875 0.0515625 0.053125
0 0.5203125 0.40859375 0.040625 0.0421875
0 0.5109375 0.6078125 0.053125 0.053125
0 0.703125 0.28671875 0.046875 0.0359375
0 0.93046875 0.41953125 0.0515625 0.0515625
0 0.696875 0.6078125 0.053125 0.04375
0 0.58046875 0.325 0.0421875 0.04375
0 0.09453125 0.21484375 0.0609375 0.0578125
0 0.52421875 0.721875 0.0640625 0.059375
0 0.5515625 0.021875 0.05625 0.040625
0 0.27265625 0.53984375 0.0453125 0.0390625
0 0.16484375 0.33125 0.0421875 0.0375
0 0.54765625 0.4671875 0.0390625 0.034375
0 0.72578125 0.68125 0.0546875 0.053125
0 0.9296875 0.0234375 0.065625 0.04375
0 0.01875 0.08046875 0.034375 0.0390625
0 0.1203125 0.1140625 0.046875 0.04375
0 0.11015625 0.01875 0.0421875 0.034375
0 0.11640625 0.0609375 0.0453125 0.0375
0 0.4921875 0.29296875 0.046875 0.0515625
0 0.515625 0.33515625 0.040625 0.0484375
0 0.5609375 0.4 0.025 0.040625
0 0.659375 0.28125 0.046875 0.034375
0 0.5703125 0.12890625 0.046875 0.0484375
0 0.37734375 0.1015625 0.0359375 0.03125
0 0.25859375 0.1390625 0.0421875 0.05
0 0.0203125 0.465625 0.0375 0.0375
0 0.015625 0.146875 0.028125 0.040625
0 0.30546875 0.20703125 0.0359375 0.0359375
0 0.49375 0.03125 0.053125 0.04375
0 0.6421875 0.0828125 0.0375 0.03125
0 0.52890625 0.66484375 0.0515625 0.0421875
0 0.95859375 0.5640625 0.0359375 0.04375
0 0.93828125 0.07421875 0.0421875 0.0484375
0 0.80390625 0.021875 0.0453125 0.040625
0 0.91484375 0.71328125 0.0484375 0.0421875
0 0.40390625 0.98515625 0.0578125 0.0296875
0 0.01875 0.9515625 0.034375 0.040625
