0 0.025 0.2578125 0.046875 0.05
0 0.42109375 0.1703125 0.0546875 0.05
0 0.5875 0.8078125 0.053125 0.053125
0 0.7546875 0.73515625 0.053125 0.0484375
0 0.3171875 0.85546875 0.053125 0.0515625
0 0.52578125 0.02421875 0.0421875 0.0390625
0 0.725 0.34921875 0.06875 0.0703125
0 0.02734375 0.725 0.0515625 0.05
0 0.56953125 0.91328125 0.0546875 0.0515625
0 0.06328125 0.11640625 0.0546875 0.0484375
0 0.0359375 0.765625 0.04375 0.040625
0 0.51171875 0.06796875 0.0609375 0.0546875
0 0.8734375 0.065625 0.05625 0.053125
0 0.059375 0.1890625 0.05625 0.053125
0 0.0625 0.6796875 0.05 0.046875
0 0.42890625 0.3640625 0.0515625 0.053125
0 0.86171875 0.203125 0.0546875 0.05
0 0.43984375 0.45625 0.0515625 0.05
0 0.54375 0.6375 0.040625 0.04375
0 0.57578125 0.7078125 0.0453125 0.04375
0 0.90390625 0.83125 0.0515625 0.053125
0 0.03203125 0.5640625 0.0453125 0.040625
0 0.5640625 0.184375 0.04375 0.046875
0 0.18515625 0.95859375 0.0703125 0.0609375
0 0.7375 0.18828125 0.078125 0.0640625
0 0.56328125 0.53359375 0.0484375 0.0421875
0 0.740625 0.4078125 0.071875 0.0625
0 0.9453125 0.32421875 0.05 0.0484375
0 0.52265625 0.37109375 0.0640625 0.0578125
0 0.18515625 0.10859375 0.0828125 0.0703125
0 0.29921875 0.253125 0.0484375 0.046875
0 0.0625 0.89140625 0.05625 0.0515625
0 0.5515625 0.5734375 0.05 0.04375
0 0.059375 0.8296875 0.0625 0.05
0 0.034375 0.528125 0.05 0.0375
0 0.3140625 0.9484375 0.065625 0.06875
0 0.303125 0.6765625 0.078125 0.0625
0 0.6546875 0.57578125 0.08125 0.0734375
0 0.0328125 0.61171875 0.05625 0.0515625
0 0.53125 0.478125 0.040625 0.040625
0 0.0421875 0.1484375 0.040625 0.040625
0 0.77265625 0.9609375 0.0546875 0.053125
0 0.04140625 0.353125 0.0703125 0.08125
0 0.29765625 0.1546875 0.0640625 0.053125
0 0.17421875 0.0421875 0.0609375 0.059375
0 0.96171875 0.17265625 0.0515625 0.0546875
0 0.1734375 0.3796875 0.08125 0.071875
0 0.525 0.2171875 0.05 0.046875
0 0.165625 0.25390625 0.0625 0.0578125
0 0.6453125 0.45625 0.075 0.059375
0 0.64765625 0.13515625 0.0671875 0.0578125
0 0.29453125 0.4 0.0609375 0.053125
0 0.86484375 0.29375 0.0453125 0.05
0 0.4578125 0.8140625 0.046875 0.04375
0 0.1796875 0.42734375 0.053125 0.0515625
0 0.03515625 0.4484375 0.0609375 0.065625
0 0.746875 0.5421875 0.09375 0.071875
0 0.2125 0.32109375 0.059375 0.0578125
0 0.32421875 0.58984375 0.0578125 0.0609375
0 0.54375 0.43046875 0.0625 0.0515625
0 0.284375 0.07109375 0.078125 0.0671875
0 0.20234375 0.53828125 0.0609375 0.0515625
0 0.28515625 0.52421875 0.0671875 0.0578125
0 0.44921875 0.059375 0.0421875 0.040625
0 0.4421875 0.5875 0.05 0.046875
0 0.71796875 0.13515625 0.0703125 0.0578125
0 0.63984375 0.0265625 0.0734375 0.05
0 0.6421875 0.41328125 0.071875 0.0703125
0 0.55234375 0.109375 0.0453125 0.046875
0 0.55625 0.28046875 0.046875 0.0484375
0 0.29765625 0.3515625 0.0609375 0.053125
0 0.61328125 0.18125 0.0609375 0.059375
0 0.07421875 0.9625 0.0609375 0.053125
0 0.646875 0.6828125 0.06875 0.08125
0 0.32421875 0.728125 0.0609375 0.046875
0 0.55859375 0.74921875 0.0546875 0.0515625
0 0.44140625 0.2859375 0.0390625 0.040625
0 0.47890625 0.86015625 0.0515625 0.0421875
0 0.315625 0.7796875 0.065625 0.053125
0 0.20078125 0.85 0.0484375 0.04375
0 0.20234375 0.65703125 0.0609375 0.0546875
0 0.859375 0.51171875 0.053125 0.0546875
0 0.4578125 0.71328125 0.05625 0.0484375
0 0.19140625 0.21015625 0.0640625 0.0515625
0 0.88515625 0.73046875 0.0515625 0.0640625
0 0.28984375 0.47109375 0.0703125 0.0578125
0 0.21328125 0.8984375 0.0546875 0.053125
0 0.19765625 0.75859375 0.0609375 0.0546875
0 0.984375 0.65390625 0.03125 0.0359375
0 0.8875 0.6671875 0.0375 0.0375
0 0.878125 0.56953125 0.040625 0.0453125
0 0.88046875 0.41484375 0.0296875 0.0328125
0 0.97421875 0.2390625 0.0421875 0.040625
0 0.97890625 0.38046875 0.0421875 0.0359375
0 0.903125 0.88359375 0.046875 0.0359375
0 0.9375 0.0984375 0.034375 0.04375
0 0.2515625 0.85625 0.04375 0.034375
0 0.6734375 0.22578125 0.04375 0.0359375
0 0.4359375 0.11875 0.04375 0.0375
