0 0.41640625 0.4421875 0.0546875 0.05
0 0.02421875 0.115625 0.0421875 0.046875
0 0.415625 0.02578125 0.0625 0.0484375
0 0.74453125 0.40859375 0.0546875 0.0546875
0 0.17265625 0.2859375 0.0515625 0.040625
0 0.9109375 0.67734375 0.05625 0.0515625
0 0.55859375 0.703125 0.0515625 0.046875
0 0.1515625 0.33125 0.053125 0.046875
0 0.6640625 0.06484375 0.05 0.0484375
0 0.5078125 0.1 0.05625 0.05625
0 0.04140625 0.78671875 0.0578125 0.0546875
0 0.0234375 0.33984375 0.04375 0.0546875
0 0.0265625 0.0296875 0.05 0.053125
0 0.7203125 0.1890625 0.05625 0.053125
0 0.2625 0.2203125 0.053125 0.05625
0 0.153125 0.1140625 0.05625 0.053125
0 0.73359375 0.35625 0.0578125 0.053125
0 0.53203125 0.503125 0.0421875 0.046875
0 0.78046875 0.62578125 0.0453125 0.0421875
0 0.65546875 0.12421875 0.0515625 0.0453125
0 0.7203125 0.0390625 0.05625 0.05
0 0.73515625 0.01953125 0.0515625 0.0359375
0 0.02890625 0.16875 0.0546875 0.059375
0 0.04453125 0.07109375 0.0640625 0.0578125
0 0.03515625 0.27890625 0.0671875 0.0640625
0 0.534375 0.58046875 0.065625 0.0578125
0 0.74921875 0.2609375 0.0640625 0.059375
0 0.40390625 0.11796875 0.0609375 0.0609375
0 0.50625 0.1609375 0.06875 0.0625
0 0.04375 0.61171875 0.065625 0.0609375
0 0.90546875 0.5828125 0.0703125 0.059375
0 0.525 0.6515625 0.0625 0.05625
0 0.728125 0.13359375 0.0625 0.0578125
0 0.171875 0.23125 0.065625 0.059375
0 0.4234375 0.5015625 0.06875 0.05625
0 0.88046875 0.27265625 0.0671875 0.0578125
0 0.74296875 0.5078125 0.0671875 0.071875
0 0.05859375 0.86796875 0.0671875 0.0640625
0 0.64609375 0.2828125 0.0671875 0.059375
0 0.1796875 0.775 0.065625 0.071875
0 0.90390625 0.7578125 0.0640625 0.0625
0 0.521875 0.35625 0.065625 0.0625
0 0.746875 0.73125 0.071875 0.065625
0 0.4015625 0.17890625 0.0625 0.0578125
0 0.60234375 0.1296875 0.0578125 0.053125
0 0.16953125 0.584375 0.0609375 0.065625
0 0.43203125 0.81953125 0.0640625 0.0609375
0 0.40234375 0.6265625 0.0421875 0.053125
0 0.684375 0.825 0.034375 0.046875
0 0.415625 0.71015625 0.046875 0.0453125
0 0.15625 0.9 0.04375 0.04375
0 0.26484375 0.59609375 0.0671875 0.0671875
0 0.15625 0.64296875 0.06875 0.0421875
0 0.5109375 0.2109375 0.05625 0.040625
0 0.8640625 0.0546875 0.046875 0.046875
0 0.6625 0.4984375 0.040625 0.046875
0 0.6671875 0.57421875 0.053125 0.0484375
0 0.9015625 0.63984375 0.040625 0.0453125
0 0.66171875 0.4359375 0.0484375 0.034375
0 0.16796875 0.45078125 0.0359375 0.0421875
0 0.25625 0.31953125 0.046875 0.0359375
0 0.028125 0.5234375 0.04375 0.040625
0 0.16171875 0.8203125 0.0578125 0.053125
0 0.16953125 0.384375 0.0453125 0.046875
0 0.278125 0.76328125 0.046875 0.0421875
0 0.28125 0.8296875 0.040625 0.034375
0 0.26640625 0.8734375 0.0265625 0.028125
0 0.5484375 0.83125 0.05 0.0375
0 0.559375 0.4296875 0.046875 0.04375
0 0.54453125 0.0359375 0.0453125 0.04375
0 0.25625 0.01875 0.046875 0.034375
0 0.2484375 0.103125 0.04375 0.046875
0 0.26328125 0.3921875 0.0390625 0.046875
0 0.1890625 0.53515625 0.0375 0.0328125
0 0.02734375 0.2296875 0.0515625 0.05
0 0.8796875 0.328125 0.0375 0.053125
0 0.971875 0.678125 0.034375 0.034375
0 0.77265625 0.81796875 0.0328125 0.0390625
0 0.9859375 0.05390625 0.028125 0.0484375
0 0.4265625 0.28984375 0.05 0.0484375
