0 0.12265625 0.209375 0.0484375 0.05
0 0.8484375 0.4640625 0.053125 0.046875
0 0.85234375 0.52109375 0.0484375 0.0453125
0 0.75390625 0.02109375 0.0484375 0.0390625
0 0.728125 0.278125 0.05625 0.05
0 0.1171875 0.0265625 0.05625 0.046875
0 0.75078125 0.803125 0.0578125 0.053125
0 0.93046875 0.36640625 0.0453125 0.0421875
0 0.90859375 0.02109375 0.0515625 0.0390625
0 0.62578125 0.82265625 0.0546875 0.0515625
0 0.73203125 0.396875 0.0546875 0.046875
0 0.25546875 0.73203125 0.0515625 0.0546875
0 0.746875 0.23515625 0.05 0.0453125
0 0.625 0.7421875 0.04375 0.040625
0 0.83828125 0.790625 0.0484375 0.040625
0 0.509375 0.76328125 0.059375 0.0484375
0 0.8640625 0.7609375 0.059375 0.053125
0 0.8515625 0.56328125 0.04375 0.0453125
0 0.8015625 0.88125 0.05625 0.053125
0 0.025 0.01875 0.040625 0.034375
0 0.8375 0.4125 0.04375 0.040625
0 0.8359375 0.253125 0.0375 0.0375
0 0.94375 0.115625 0.04375 0.04375
0 0.72734375 0.16328125 0.0671875 0.0578125
0 0.68828125 0.93359375 0.0671875 0.0671875
0 0.91953125 0.2625 0.0421875 0.0375
0 0.83046875 0.30625 0.0453125 0.05
0 0.81015625 0.93359375 0.0609375 0.0578125
0 0.603125 0.359375 0.040625 0.040625
0 0.94453125 0.06796875 0.0390625 0.0390625
0 0.83515625 0.31953125 0.0484375 0.0515625
0 0.803125 0.9734375 0.053125 0.034375
0 0.9515625 0.86796875 0.059375 0.0546875
0 0.22421875 0.18984375 0.0515625 0.0453125
0 0.72578125 0.3578125 0.0484375 0.040625
0 0.02421875 0.53203125 0.0421875 0.0453125
0 0.584375 0.428125 0.040625 0.0375
0 0.72890625 0.85546875 0.0453125 0.0421875
0 0.94140625 0.5671875 0.0640625 0.0625
0 0.11015625 0.15625 0.0390625 0.0375
0 0.9515625 0.48046875 0.040625 0.0421875
0 0.33984375 0.88828125 0.0453125 0.0421875
0 0.0234375 0.21953125 0.025 0.0328125
0 0.35546875 0.809375 0.0546875 0.0625
0 0.11328125 0.3765625 0.0609375 0.05625
0 0.25625 0.81875 0.065625 0.065625
0 0.02734375 0.071875 0.0484375 0.04375
0 0.36796875 0.37734375 0.0453125 0.0421875
0 0.36171875 0.1234375 0.0421875 0.04375
0 0.3234375 0.16796875 0.034375 0.0328125
0 0.35 0.21953125 0.04375 0.0453125
0 0.34765625 0.2765625 0.0390625 0.04375
0 0.35390625 0.325 0.0390625 0.034375
0 0.509375 0.19296875 0.028125 0.0359375
0 0.50546875 0.234375 0.0296875 0.028125
0 0.7453125 0.5046875 0.040625 0.04375
0 0.74296875 0.55859375 0.0328125 0.0421875
0 0.75078125 0.46015625 0.0296875 0.0328125
0 0.5 0.01953125 0.034375 0.0296875
0 0.6046875 0.0625 0.03125 0.03125
