0 0.584375 0.114062 0.582812 0.109375 0.576562 0.103125 0.573438 0.101562 0.568750 0.100000 0.550000 0.100000 0.531250 0.101562 0.529687 0.103125 0.526563 0.103125 0.526563 0.110937 0.517188 0.121875 0.521875 0.126562 0.526563 0.128125 0.531250 0.128125 0.532813 0.126562 0.548438 0.123438 0.562500 0.123438 0.570312 0.121875 0.573438 0.120313 0.576562 0.117188 0.579688 0.115625
0 0.612500 0.000000 0.614062 0.004687 0.618750 0.012500 0.620313 0.020313 0.623437 0.032813 0.623437 0.040625 0.626563 0.043750 0.631250 0.046875 0.634375 0.048438 0.637500 0.048438 0.642188 0.046875 0.645312 0.045312 0.645312 0.042188 0.650000 0.037500 0.665625 0.037500 0.668750 0.035937 0.671875 0.028125 0.673438 0.020313 0.673438 0.014063 0.670312 0.007812 0.670312 0.003125 0.668750 0.000000
0 0.623437 0.053125 0.620313 0.056250 0.618750 0.062500 0.620313 0.068750 0.623437 0.071875 0.623437 0.073438 0.625000 0.075000 0.628125 0.076563 0.635938 0.079687 0.643750 0.078125 0.648438 0.064062 0.646875 0.056250 0.640625 0.054688 0.628125 0.053125
0 0.609375 0.087500 0.603125 0.087500 0.595313 0.092188 0.581250 0.106250 0.584375 0.110937 0.584375 0.114062 0.587500 0.115625 0.592187 0.115625 0.596875 0.121875 0.598437 0.123438 0.601562 0.125000 0.607812 0.123438 0.607812 0.120313 0.610938 0.117188 0.612500 0.110937 0.617188 0.106250 0.617016 0.101375 0.614062 0.095312 0.610938 0.095312 0.607812 0.092188
0 0.606250 0.087500 0.610938 0.089063 0.612375 0.091781 0.615359 0.094578 0.619812 0.103578 0.627359 0.104016 0.633984 0.103266 0.640625 0.095312 0.646875 0.092188 0.648438 0.087500 0.645312 0.081250 0.642188 0.078125 0.639062 0.076563 0.626563 0.075000 0.617188 0.078125 0.614062 0.079687 0.609375 0.082812
0 0.832812 0.360938 0.823438 0.359375 0.818750 0.364063 0.815625 0.368750 0.815625 0.370312 0.814063 0.371875 0.810937 0.373437 0.803125 0.373437 0.793750 0.375000 0.787500 0.376563 0.781250 0.379688 0.778125 0.385937 0.765625 0.387500 0.765625 0.392188 0.771875 0.396875 0.773438 0.398438 0.775000 0.401562 0.775000 0.406250 0.779687 0.410938 0.785937 0.410938 0.787500 0.412500 0.792188 0.412500 0.801562 0.410938 0.818750 0.406250 0.823438 0.403125 0.829688 0.396875 0.831250 0.393750 0.831250 0.390625 0.839063 0.378125 0.839063 0.375000 0.835938 0.367188
0 0.839063 0.390625 0.839063 0.393750 0.842187 0.401562 0.843750 0.404687 0.853125 0.414062 0.865625 0.420312 0.870313 0.421875 0.876563 0.423438 0.881250 0.423438 0.890625 0.420312 0.900000 0.415625 0.903125 0.410938 0.901563 0.407813 0.898438 0.404687 0.896875 0.400000 0.895312 0.398438 0.892188 0.396875 0.881250 0.396875 0.875000 0.393750 0.871875 0.390625 0.868750 0.389062 0.864062 0.389062 0.862500 0.387500 0.859375 0.387500 0.854688 0.390625 0.851562 0.390625 0.846875 0.385937 0.843750 0.385937
0 0.885938 0.425000 0.885938 0.428125 0.887500 0.429688 0.887500 0.434375 0.890625 0.443750 0.892188 0.446875 0.896875 0.451562 0.901563 0.453125 0.912500 0.460938 0.920312 0.468750 0.928125 0.473438 0.931250 0.475000 0.939063 0.475000 0.940625 0.473438 0.950000 0.473438 0.954688 0.471875 0.957812 0.467187 0.954688 0.462500 0.956250 0.454688 0.956250 0.450000 0.951562 0.445312 0.946875 0.443750 0.940625 0.443750 0.935937 0.445312 0.932813 0.446875 0.929688 0.443750 0.921875 0.434375 0.915625 0.431250 0.910937 0.431250 0.904687 0.428125 0.901563 0.425000 0.895312 0.421875 0.889062 0.421875
0 0.937500 0.475000 0.934375 0.478125 0.934375 0.482812 0.937500 0.495312 0.940625 0.504687 0.942187 0.507812 0.946875 0.515625 0.951562 0.520312 0.954688 0.521875 0.975000 0.521875 0.975000 0.518750 0.970313 0.510938 0.970313 0.506250 0.971875 0.504687 0.971875 0.500000 0.970313 0.495312 0.968750 0.492188 0.962500 0.482812 0.959375 0.479687 0.954688 0.476562 0.951562 0.475000
0 0.710938 0.426563 0.710938 0.431250 0.712500 0.434375 0.715625 0.437500 0.718750 0.439063 0.748437 0.439063 0.753125 0.437500 0.756250 0.435937 0.757812 0.434375 0.757812 0.432812 0.760938 0.429688 0.762500 0.426563 0.764062 0.421875 0.764062 0.415625 0.762500 0.410938 0.760938 0.407813 0.743750 0.407813 0.739062 0.404687 0.729688 0.404687 0.729688 0.410938 0.728125 0.414062 0.725000 0.417187 0.721875 0.418750 0.718750 0.418750 0.715625 0.421875 0.714063 0.421875 0.712500 0.423438
0 0.775000 0.429688 0.764062 0.429688 0.760938 0.431250 0.754687 0.435937 0.750000 0.437500 0.746875 0.434375 0.742188 0.434375 0.739062 0.437500 0.731250 0.437500 0.720313 0.439063 0.715625 0.443750 0.714063 0.443750 0.710938 0.446875 0.709375 0.450000 0.710938 0.454688 0.720313 0.462500 0.725000 0.467187 0.726562 0.470313 0.726562 0.475000 0.731250 0.479687 0.735938 0.482812 0.750000 0.482812 0.756250 0.479687 0.762500 0.479687 0.767188 0.478125 0.773438 0.475000 0.776563 0.471875 0.779687 0.465625 0.784375 0.453125 0.784375 0.442188 0.782813 0.437500
0 0.793750 0.485938 0.785937 0.482812 0.781250 0.485938 0.773438 0.485938 0.771875 0.484375 0.765625 0.484375 0.751563 0.485938 0.746875 0.487500 0.743750 0.489063 0.742188 0.503125 0.745313 0.507812 0.746875 0.512500 0.743750 0.515625 0.739062 0.518750 0.737500 0.518750 0.735938 0.520312 0.734375 0.523438 0.734375 0.528125 0.735938 0.532813 0.737500 0.535937 0.740625 0.539062 0.745313 0.540625 0.751563 0.540625 0.756250 0.542188 0.759375 0.545312 0.762500 0.546875 0.773438 0.546875 0.776563 0.545312 0.781250 0.542188 0.789062 0.534375 0.793750 0.532813 0.798438 0.528125 0.800000 0.525000 0.800000 0.506250 0.798438 0.501563 0.795312 0.496875 0.795312 0.489063
0 0.787500 0.485938 0.790625 0.490625 0.792188 0.501563 0.793750 0.504687 0.798438 0.509375 0.800000 0.512500 0.800000 0.523438 0.801562 0.525000 0.801562 0.528125 0.815625 0.535937 0.826562 0.537500 0.834375 0.535937 0.837500 0.534375 0.846875 0.525000 0.848437 0.521875 0.848437 0.514062 0.853125 0.506250 0.853125 0.500000 0.851562 0.495312 0.846875 0.487500 0.843750 0.484375 0.825000 0.475000 0.817187 0.473438 0.807813 0.473438 0.804688 0.475000 0.800000 0.478125 0.793750 0.484375
0 0.810937 0.460938 0.812500 0.473438 0.815625 0.475000 0.820312 0.476562 0.829688 0.478125 0.839063 0.482812 0.845313 0.487500 0.846875 0.489063 0.846875 0.490625 0.850000 0.493750 0.853125 0.495312 0.856250 0.495312 0.860938 0.493750 0.868750 0.485938 0.875000 0.482812 0.878125 0.479687 0.878125 0.475000 0.870313 0.467187 0.868750 0.467187 0.862500 0.460938 0.857812 0.453125 0.851562 0.450000 0.846875 0.450000 0.845313 0.448437 0.842187 0.448437 0.834375 0.450000 0.831250 0.446875 0.828125 0.445312 0.820312 0.446875 0.817187 0.453125 0.817187 0.457813 0.814063 0.460938
0 0.803125 0.593750 0.803125 0.601562 0.806250 0.614062 0.809375 0.617188 0.814063 0.618750 0.821875 0.625000 0.826562 0.626563 0.839063 0.626563 0.843750 0.621875 0.850000 0.621875 0.860938 0.623437 0.867188 0.620313 0.873437 0.614062 0.875000 0.607812 0.875000 0.598437 0.871875 0.592187 0.865625 0.585938 0.860938 0.582812 0.857812 0.581250 0.851562 0.579688 0.825000 0.579688 0.818750 0.581250 0.814063 0.582812 0.809375 0.585938 0.804688 0.590625
0 0.937500 0.535937 0.934375 0.537500 0.929688 0.543750 0.928125 0.548438 0.929688 0.551562 0.931250 0.553125 0.940625 0.560937 0.942187 0.567187 0.948438 0.571875 0.954688 0.565625 0.960938 0.557813 0.962500 0.553125 0.962500 0.550000 0.960938 0.545312 0.957812 0.542188 0.948438 0.535937
0 0.884375 0.570156 0.884375 0.581094 0.889062 0.588906 0.890625 0.596719 0.893750 0.602969 0.917188 0.606094 0.925000 0.606094 0.934375 0.602969 0.945312 0.602969 0.953125 0.601406 0.956250 0.599844 0.959375 0.593594 0.957812 0.587344 0.956250 0.584219 0.943750 0.571719 0.943750 0.567031 0.942187 0.562344 0.939063 0.559219 0.935937 0.557656 0.917188 0.552969 0.912500 0.552969 0.906250 0.554531 0.903125 0.556094 0.896875 0.560781 0.893750 0.560781 0.890625 0.562344 0.885938 0.567031
0 0.848437 0.654687 0.845313 0.664062 0.845313 0.675000 0.846875 0.678125 0.850000 0.681250 0.853125 0.682813 0.857812 0.682813 0.864062 0.679688 0.871875 0.678125 0.887500 0.678125 0.889062 0.676562 0.892188 0.676562 0.895312 0.671875 0.895312 0.660937 0.890625 0.656250 0.878125 0.648438 0.875000 0.646875 0.862500 0.646875 0.856250 0.648438 0.853125 0.650000
0 0.871875 0.621875 0.870313 0.625000 0.870313 0.631250 0.868750 0.632812 0.868750 0.637500 0.870313 0.640625 0.875000 0.645312 0.881250 0.650000 0.884375 0.651563 0.889062 0.653125 0.895312 0.653125 0.912500 0.651563 0.915625 0.648438 0.915625 0.643750 0.914062 0.639062 0.910937 0.635938 0.909375 0.632812 0.912500 0.625000 0.912500 0.614062 0.909375 0.610938 0.906250 0.609375 0.901563 0.607812 0.892188 0.607812 0.885938 0.610938 0.878125 0.615625
0 0.678125 0.632812 0.676562 0.637500 0.676562 0.642188 0.678125 0.651563 0.679688 0.654687 0.681250 0.656250 0.685937 0.657813 0.690625 0.662500 0.700000 0.665625 0.709375 0.665625 0.712500 0.664062 0.714063 0.660937 0.714063 0.653125 0.712500 0.650000 0.696875 0.634375 0.693750 0.632812 0.689063 0.631250
0 0.734375 0.682813 0.718750 0.682813 0.712500 0.685937 0.710938 0.687500 0.710938 0.689063 0.707812 0.692187 0.706250 0.695312 0.704688 0.700000 0.703125 0.707812 0.701562 0.718750 0.701562 0.734375 0.703125 0.737500 0.710938 0.745313 0.720313 0.750000 0.725000 0.751563 0.728125 0.750000 0.731250 0.743750 0.731250 0.732812 0.732812 0.728125 0.740625 0.718750 0.742188 0.715625 0.743750 0.703125 0.742188 0.685937 0.739062 0.684375
1 0.575000 0.759375 0.573438 0.762500 0.573438 0.767188 0.575000 0.771875 0.581250 0.778125 0.587500 0.782813 0.590625 0.784375 0.600000 0.784375 0.603125 0.782813 0.604688 0.781250 0.606250 0.778125 0.604688 0.773438 0.590625 0.757812 0.587500 0.756250 0.582812 0.754687 0.576562 0.757812
1 0.660937 0.712500 0.660937 0.718750 0.662500 0.721875 0.665625 0.725000 0.668750 0.726562 0.679688 0.726562 0.681250 0.723437 0.678125 0.717187 0.675000 0.714063 0.671875 0.712500
1 0.367188 0.668750 0.365625 0.671875 0.365625 0.678125 0.368750 0.681250 0.368750 0.682813 0.370312 0.684375 0.376563 0.689063 0.379688 0.690625 0.384375 0.692187 0.392188 0.692187 0.395313 0.690625 0.396875 0.689063 0.400000 0.682813 0.400000 0.679688 0.401562 0.676562 0.400000 0.673438 0.395313 0.670312 0.379688 0.664062 0.375000 0.664062 0.371875 0.665625
0 0.428125 0.653125 0.421875 0.653125 0.414062 0.660937 0.410938 0.667188 0.409375 0.673438 0.407813 0.676562 0.403125 0.681250 0.400000 0.687500 0.398438 0.692187 0.398438 0.701562 0.400000 0.707812 0.401562 0.712500 0.403125 0.715625 0.406250 0.718750 0.410938 0.718750 0.418750 0.715625 0.421875 0.714063 0.423438 0.712500 0.426563 0.706250 0.428125 0.701562 0.429688 0.692187 0.443750 0.692187 0.446875 0.690625 0.450000 0.687500 0.450000 0.684375 0.454688 0.679688 0.454688 0.676562 0.451562 0.673438 0.443750 0.667188 0.437500 0.664062 0.432812 0.659375 0.431250 0.654687
0 0.375000 0.654687 0.375000 0.662500 0.378125 0.665625 0.382812 0.667188 0.393750 0.671875 0.400000 0.673438 0.406250 0.673438 0.409375 0.670312 0.414062 0.660937 0.412500 0.657813 0.409375 0.656250 0.406250 0.656250 0.401562 0.653125 0.392188 0.650000 0.387500 0.650000 0.378125 0.653125
0 0.478125 0.539062 0.476562 0.542188 0.476562 0.564063 0.479687 0.573438 0.479687 0.581250 0.476562 0.590625 0.478125 0.593750 0.484375 0.596875 0.492188 0.600000 0.501563 0.600000 0.509375 0.592187 0.510938 0.587500 0.510938 0.581250 0.509375 0.575000 0.507812 0.571875 0.503125 0.567187 0.503125 0.559375 0.507812 0.554688 0.512500 0.553125 0.514062 0.550000 0.512500 0.546875 0.509375 0.543750 0.504687 0.540625 0.501563 0.539062
0 0.498437 0.614062 0.496875 0.609375 0.493750 0.603125 0.489063 0.598437 0.482812 0.595313 0.476562 0.593750 0.467187 0.595313 0.462500 0.598437 0.457813 0.598437 0.453125 0.600000 0.450000 0.603125 0.450000 0.609375 0.446875 0.614062 0.446875 0.626563 0.450000 0.628125 0.454688 0.629687 0.468750 0.629687 0.476562 0.628125 0.479687 0.626563 0.484375 0.620313 0.489063 0.620313 0.495312 0.617188
0 0.139063 0.717187 0.135937 0.718750 0.129688 0.725000 0.129688 0.729688 0.134375 0.735938 0.135937 0.740625 0.135937 0.753125 0.140625 0.762500 0.148438 0.770312 0.154688 0.773438 0.157812 0.773438 0.160938 0.770312 0.160938 0.762500 0.165625 0.753125 0.165625 0.750000 0.164062 0.745313 0.162500 0.742188 0.153125 0.732812 0.150000 0.728125 0.145313 0.718750 0.142187 0.717187
0 0.070312 0.681250 0.070312 0.707812 0.073438 0.710938 0.073438 0.712500 0.075000 0.714063 0.081250 0.718750 0.085938 0.721875 0.089063 0.723437 0.098437 0.723437 0.110937 0.720313 0.112500 0.718750 0.115625 0.718750 0.117188 0.709375 0.121875 0.701562 0.123438 0.696875 0.123438 0.693750 0.121875 0.689063 0.114062 0.681250 0.107813 0.678125 0.100000 0.673438 0.096875 0.671875 0.089063 0.670312 0.085938 0.671875 0.082812 0.671875 0.079687 0.673438 0.075000 0.676562
0 0.073438 0.684375 0.059375 0.678125 0.051562 0.678125 0.048438 0.679688 0.043750 0.684375 0.040625 0.685937 0.034375 0.685937 0.025000 0.689063 0.021875 0.690625 0.020313 0.692187 0.018750 0.695312 0.018750 0.704688 0.020313 0.709375 0.023438 0.714063 0.026562 0.715625 0.034375 0.717187 0.054688 0.718750 0.060937 0.718750 0.064062 0.717187 0.073438 0.707812 0.075000 0.703125 0.073438 0.696875 0.075000 0.687500
0 0.012500 0.698438 0.003125 0.698438 0.000000 0.700000 0.000000 0.742188 0.003125 0.740625 0.006250 0.740625 0.009375 0.739062 0.010937 0.737500 0.010937 0.735938 0.012500 0.734375 0.020313 0.729688 0.023438 0.725000 0.025000 0.720313 0.025000 0.717187 0.023438 0.712500 0.020313 0.704688 0.015625 0.700000
0 0.092188 0.373437 0.090625 0.381250 0.092188 0.385937 0.096875 0.390625 0.095312 0.400000 0.095312 0.404687 0.100000 0.409375 0.103125 0.410938 0.112500 0.414062 0.125000 0.417187 0.139063 0.417187 0.148438 0.407813 0.151562 0.403125 0.154688 0.396875 0.154688 0.384375 0.153125 0.379688 0.151562 0.376563 0.146875 0.371875 0.135937 0.362500 0.131250 0.360938 0.125000 0.360938 0.115625 0.371875 0.106250 0.373437 0.104688 0.371875 0.095312 0.371875
0 0.190625 0.295312 0.185938 0.300000 0.185938 0.314063 0.187500 0.317188 0.189062 0.318750 0.196875 0.325000 0.196875 0.329688 0.200000 0.335938 0.206250 0.342187 0.209375 0.343750 0.226562 0.343750 0.232813 0.345313 0.234375 0.346875 0.237500 0.340625 0.243750 0.334375 0.248438 0.326562 0.248438 0.320312 0.245312 0.317188 0.239063 0.315625 0.218750 0.315625 0.214062 0.314063 0.207813 0.307812 0.206250 0.301563 0.203125 0.298438 0.200000 0.296875 0.195312 0.295312
0 0.206250 0.301563 0.207813 0.306250 0.210938 0.310937 0.214062 0.314063 0.218750 0.315625 0.242188 0.317188 0.248438 0.315625 0.248438 0.296875 0.246875 0.289062 0.245312 0.282813 0.242188 0.279687 0.239063 0.278125 0.234375 0.276562 0.229687 0.276562 0.226562 0.279687 0.225000 0.287500 0.220312 0.292187 0.217188 0.293750 0.209375 0.295312
0 0.279687 0.285938 0.279687 0.292187 0.278125 0.293750 0.278125 0.298438 0.279687 0.307812 0.282813 0.314063 0.287500 0.321875 0.292187 0.326562 0.295312 0.328125 0.300000 0.326562 0.310937 0.320312 0.320312 0.318750 0.320312 0.315625 0.321875 0.314063 0.321875 0.303125 0.318750 0.296875 0.315625 0.292187 0.310937 0.287500 0.307812 0.285938 0.303125 0.285938 0.298438 0.284375 0.293750 0.279687 0.290625 0.279687 0.282813 0.282813
0 0.296875 0.326562 0.296875 0.329688 0.303125 0.335938 0.312500 0.340625 0.315625 0.340625 0.329688 0.348438 0.332813 0.343750 0.335938 0.337500 0.335938 0.334375 0.334375 0.331250 0.328125 0.325000 0.325000 0.323437 0.317188 0.320312 0.312500 0.320312 0.310937 0.318750 0.307812 0.318750 0.303125 0.320312
0 0.268750 0.340625 0.267188 0.343750 0.265625 0.348438 0.265625 0.364063 0.270313 0.368750 0.276562 0.373437 0.290625 0.381250 0.300000 0.381250 0.310937 0.379688 0.315625 0.378125 0.318750 0.376563 0.320312 0.370312 0.328125 0.362500 0.329688 0.356250 0.328125 0.342187 0.325000 0.342187 0.321875 0.339062 0.312500 0.337500 0.307812 0.335938 0.301563 0.331250 0.292187 0.328125 0.282813 0.328125 0.279687 0.329688
0 0.253125 0.360938 0.248438 0.359375 0.235937 0.359375 0.225000 0.365625 0.220312 0.365625 0.215625 0.367188 0.212500 0.368750 0.210938 0.371875 0.210938 0.379688 0.212500 0.400000 0.214062 0.403125 0.215625 0.404687 0.218750 0.406250 0.231250 0.406250 0.235937 0.403125 0.246875 0.401562 0.251563 0.396875 0.259375 0.393750 0.259375 0.385937 0.257812 0.373437 0.256250 0.364063
0 0.234375 0.407813 0.234375 0.417187 0.239063 0.423438 0.243750 0.428125 0.246875 0.429688 0.254688 0.429688 0.260937 0.428125 0.265625 0.423438 0.267188 0.407813 0.270313 0.420312 0.273438 0.423438 0.282813 0.421875 0.285938 0.415625 0.285938 0.410938 0.279687 0.400000 0.276562 0.396875 0.270313 0.393750 0.267188 0.407813 0.262500 0.403125 0.259375 0.396875 0.259375 0.392188 0.256250 0.392188 0.256250 0.396875 0.251563 0.398438 0.246875 0.398438 0.239063 0.403125
0 0.073438 0.418750 0.067187 0.421875 0.062500 0.418750 0.059375 0.418750 0.054688 0.423438 0.048438 0.421875 0.045312 0.425000 0.045312 0.429688 0.043750 0.432812 0.032813 0.439063 0.035937 0.445312 0.042188 0.454688 0.051562 0.464062 0.054688 0.465625 0.057813 0.465625 0.062500 0.464062 0.065625 0.462500 0.073438 0.454688 0.075000 0.451562 0.078125 0.443750 0.079687 0.435937 0.079687 0.432812 0.076563 0.426563
0 0.112500 0.453125 0.107813 0.448437 0.100000 0.446875 0.087500 0.446875 0.081250 0.448437 0.078125 0.450000 0.068750 0.459375 0.068750 0.460938 0.067187 0.462500 0.068750 0.468750 0.067187 0.471875 0.064062 0.475000 0.056250 0.478125 0.056250 0.484375 0.059375 0.487500 0.059375 0.489063 0.060937 0.490625 0.064062 0.492188 0.068750 0.492188 0.076563 0.496875 0.087500 0.496875 0.090625 0.495312 0.093750 0.492188 0.101562 0.489063 0.106250 0.482812 0.107813 0.482812 0.114062 0.476562 0.117188 0.470313 0.117188 0.465625 0.114062 0.456250
0 0.150000 0.501563 0.146875 0.495312 0.142187 0.490625 0.132812 0.490625 0.128125 0.487500 0.123438 0.485938 0.112500 0.484375 0.109375 0.485938 0.106250 0.485938 0.100000 0.492188 0.087500 0.498437 0.076563 0.500000 0.071875 0.500000 0.064062 0.496875 0.064062 0.500000 0.070312 0.506250 0.068750 0.514062 0.070312 0.517188 0.075000 0.521875 0.078125 0.523438 0.090625 0.523438 0.101562 0.518750 0.112500 0.517188 0.123438 0.512500 0.135937 0.510938 0.145313 0.507812 0.148438 0.506250
0 0.159375 0.398438 0.153125 0.401562 0.150000 0.407813 0.143750 0.414062 0.143750 0.417187 0.139063 0.421875 0.137500 0.421875 0.134375 0.425000 0.134375 0.435937 0.135937 0.440625 0.143750 0.448437 0.146875 0.453125 0.146875 0.454688 0.148438 0.456250 0.150000 0.456250 0.153125 0.459375 0.156250 0.460938 0.165625 0.464062 0.175000 0.465625 0.187500 0.465625 0.193750 0.462500 0.196875 0.459375 0.198437 0.456250 0.198437 0.446875 0.196875 0.443750 0.193750 0.439063 0.189062 0.434375 0.187500 0.431250 0.187500 0.420312 0.184375 0.412500 0.179688 0.410938 0.173437 0.410938 0.168750 0.409375 0.162500 0.403125 0.162500 0.398438
0 0.187500 0.395313 0.182812 0.400000 0.181250 0.403125 0.181250 0.406250 0.182812 0.410938 0.185938 0.415625 0.187500 0.421875 0.187500 0.428125 0.189062 0.432812 0.192188 0.439063 0.198437 0.446875 0.206250 0.454688 0.212500 0.454688 0.221875 0.451562 0.225000 0.450000 0.228125 0.446875 0.229687 0.442188 0.228125 0.429688 0.226562 0.425000 0.225000 0.421875 0.215625 0.421875 0.203125 0.414062 0.198437 0.409375 0.193750 0.403125 0.193750 0.395313
0 0.234375 0.450000 0.226562 0.450000 0.223438 0.451562 0.217188 0.456250 0.209375 0.457813 0.206250 0.459375 0.203125 0.462500 0.203125 0.470313 0.201563 0.471875 0.201563 0.478125 0.203125 0.482812 0.206250 0.489063 0.209375 0.492188 0.223438 0.492188 0.232813 0.490625 0.245312 0.487500 0.248438 0.485938 0.251563 0.482812 0.251563 0.478125 0.253125 0.476562 0.253125 0.473438 0.251563 0.470313 0.240625 0.459375 0.239063 0.454688
0 0.207813 0.492188 0.206250 0.487500 0.201563 0.482812 0.200000 0.478125 0.196875 0.475000 0.192188 0.475000 0.190625 0.473438 0.187500 0.473438 0.181250 0.476562 0.170313 0.475000 0.167187 0.475000 0.162500 0.479687 0.159375 0.487500 0.153125 0.493750 0.151562 0.498437 0.154688 0.504687 0.162500 0.504687 0.170313 0.503125 0.176563 0.500000 0.185938 0.500000 0.195312 0.498437 0.200000 0.496875
0 0.248438 0.517188 0.246875 0.514062 0.243750 0.512500 0.240625 0.512500 0.231250 0.514062 0.223438 0.515625 0.204687 0.520312 0.201563 0.521875 0.198437 0.525000 0.196875 0.528125 0.195312 0.535937 0.196875 0.540625 0.200000 0.542188 0.220312 0.542188 0.223438 0.540625 0.226562 0.537500 0.231250 0.535937 0.240625 0.535937 0.243750 0.534375 0.248438 0.523438
0 0.368750 0.609375 0.368750 0.614062 0.371875 0.617188 0.376563 0.618750 0.385937 0.620313 0.409375 0.623437 0.429688 0.623437 0.429688 0.610938 0.428125 0.609375 0.423438 0.606250 0.421875 0.603125 0.418750 0.600000 0.417187 0.595313 0.414062 0.590625 0.406250 0.582812 0.400000 0.581250 0.395313 0.581250 0.392188 0.582812 0.387500 0.585938 0.382812 0.590625 0.382812 0.592187 0.378125 0.595313 0.376563 0.596875 0.371875 0.603125
0 0.410938 0.573438 0.406250 0.578125 0.404687 0.582812 0.412500 0.593750 0.414062 0.600000 0.417187 0.603125 0.417187 0.606250 0.420312 0.609375 0.421875 0.609375 0.425000 0.612500 0.425000 0.614062 0.429688 0.618750 0.429688 0.623437 0.432812 0.623437 0.434375 0.625000 0.440625 0.625000 0.443750 0.621875 0.448437 0.614062 0.448437 0.607812 0.450000 0.606250 0.450000 0.601562 0.448437 0.598437 0.445312 0.593750 0.437500 0.585938 0.426563 0.578125 0.423438 0.576562 0.420312 0.576562 0.417187 0.573438 0.414062 0.571875
0 0.318750 0.634375 0.318750 0.637500 0.320312 0.642188 0.321875 0.645312 0.325000 0.648438 0.328125 0.650000 0.334375 0.651563 0.340625 0.654687 0.342187 0.656250 0.350000 0.665625 0.356250 0.667188 0.360938 0.667188 0.365625 0.665625 0.370312 0.660937 0.371875 0.657813 0.371875 0.654687 0.367188 0.645312 0.367188 0.640625 0.365625 0.637500 0.364063 0.635938 0.360938 0.634375 0.325000 0.632812