0 0.601562 0.234375 0.601562 0.237500 0.606250 0.246875 0.612500 0.253125 0.618750 0.256250 0.623437 0.257812 0.629687 0.259375 0.637500 0.259375 0.645312 0.257812 0.657813 0.245312 0.659375 0.242188 0.664062 0.239063 0.659375 0.234375 0.657813 0.231250 0.656250 0.225000 0.648438 0.225000 0.642188 0.228125 0.640625 0.231250 0.635938 0.232813 0.629687 0.228125 0.626563 0.226562 0.621875 0.225000 0.612500 0.225000 0.609375 0.226562
0 0.662500 0.317188 0.662500 0.326562 0.668750 0.343750 0.676562 0.351562 0.682813 0.354687 0.698438 0.354687 0.714063 0.350000 0.717187 0.348438 0.726562 0.339062 0.726562 0.321875 0.725000 0.318750 0.720313 0.314063 0.714063 0.310937 0.704688 0.309375 0.701562 0.304688 0.690625 0.303125 0.687500 0.304688 0.681250 0.310937 0.681250 0.312500 0.675000 0.318750 0.670312 0.318750
0 0.593750 0.331250 0.589063 0.335938 0.589063 0.340625 0.592187 0.343750 0.592187 0.350000 0.590625 0.360938 0.593750 0.367188 0.595313 0.368750 0.601562 0.371875 0.612500 0.371875 0.617188 0.376563 0.620313 0.378125 0.635938 0.378125 0.639062 0.376563 0.646875 0.367188 0.654687 0.364063 0.656250 0.360938 0.656250 0.356250 0.654687 0.354687 0.654687 0.348438 0.651563 0.343750 0.650000 0.339062 0.651563 0.332813 0.650000 0.329688 0.646875 0.325000 0.643750 0.323437 0.639062 0.323437 0.632812 0.320312 0.623437 0.320312 0.618750 0.321875 0.615625 0.325000 0.610938 0.326562 0.604688 0.326562
0 0.743750 0.268750 0.739062 0.271875 0.735938 0.278125 0.734375 0.282813 0.734375 0.301563 0.737500 0.312500 0.739062 0.317188 0.740625 0.320312 0.743750 0.325000 0.746875 0.326562 0.750000 0.326562 0.753125 0.323437 0.760938 0.323437 0.762500 0.321875 0.767188 0.321875 0.767188 0.315625 0.764062 0.301563 0.768750 0.295312 0.770312 0.290625 0.768750 0.285938 0.767188 0.282813 0.762500 0.278125 0.759375 0.276562 0.750000 0.276562 0.746875 0.273438 0.746875 0.270313
0 0.732812 0.267188 0.731250 0.262500 0.721875 0.253125 0.718750 0.251563 0.714063 0.251563 0.704688 0.256250 0.670312 0.257812 0.668750 0.264062 0.654687 0.264062 0.651563 0.265625 0.650000 0.271875 0.654687 0.276562 0.656250 0.276562 0.660937 0.281250 0.660937 0.285938 0.667188 0.292187 0.670312 0.293750 0.676562 0.295312 0.684375 0.295312 0.690625 0.298438 0.698438 0.300000 0.706250 0.300000 0.717187 0.296875 0.729688 0.284375 0.729688 0.273438
0 0.657656 0.243500 0.649844 0.251312 0.651203 0.254688 0.657453 0.256250 0.691828 0.256250 0.693391 0.254688 0.704328 0.254688 0.707453 0.251563 0.710578 0.250000 0.715266 0.250000 0.715266 0.246875 0.710578 0.245312 0.705891 0.240625 0.702766 0.240625 0.699641 0.237500 0.696516 0.240625 0.691828 0.240625 0.688703 0.239063 0.685578 0.239063 0.677766 0.242188 0.671516 0.242188 0.660578 0.237500 0.659578 0.240375
0 0.734375 0.212500 0.728125 0.210938 0.723437 0.210938 0.718750 0.212500 0.714063 0.217188 0.714063 0.218750 0.710938 0.221875 0.704688 0.221875 0.700000 0.226562 0.700000 0.231250 0.696875 0.235937 0.704688 0.243750 0.707812 0.243750 0.710938 0.246875 0.717187 0.248438 0.726562 0.248438 0.729688 0.245312 0.732812 0.239063 0.739062 0.234375 0.740625 0.232813 0.742188 0.229687 0.742188 0.226562 0.739062 0.223438 0.737500 0.215625
0 0.789719 0.185125 0.786594 0.182000 0.783469 0.180438 0.774094 0.180438 0.769406 0.186688 0.764719 0.188250 0.758469 0.183563 0.750656 0.183563 0.742844 0.185125 0.739719 0.188250 0.739719 0.192938 0.731906 0.200750 0.730344 0.203875 0.730344 0.214812 0.733922 0.216031 0.738563 0.217937 0.742844 0.224187 0.745969 0.227312 0.749094 0.227312 0.767844 0.225750 0.774094 0.224187 0.777219 0.222625 0.783469 0.217937 0.792844 0.208562 0.792844 0.205437 0.789719 0.202312 0.785031 0.200750 0.786594 0.194500 0.789719 0.191375
0 0.526563 0.365625 0.525000 0.373437 0.525000 0.379688 0.526563 0.382812 0.531250 0.389062 0.531250 0.392188 0.537500 0.398438 0.539062 0.398438 0.543750 0.403125 0.545312 0.407813 0.551562 0.410938 0.564063 0.410938 0.570312 0.407813 0.578125 0.400000 0.585938 0.395313 0.592187 0.389062 0.590625 0.382812 0.587500 0.381250 0.584375 0.381250 0.581250 0.378125 0.581250 0.371875 0.571875 0.362500 0.567187 0.360938 0.562500 0.360938 0.560937 0.362500 0.553125 0.364063 0.546875 0.364063 0.543750 0.360938 0.540625 0.359375 0.535937 0.359375 0.531250 0.360938
0 0.368750 0.356250 0.368750 0.360938 0.373437 0.364063 0.381250 0.368750 0.387500 0.371875 0.395313 0.373437 0.407813 0.373437 0.417187 0.371875 0.425000 0.368750 0.435937 0.368750 0.439063 0.365625 0.439063 0.364063 0.443750 0.359375 0.443750 0.353125 0.437500 0.345313 0.434375 0.342187 0.431250 0.340625 0.426563 0.340625 0.425000 0.342187 0.421875 0.342187 0.414062 0.337500 0.406250 0.335938 0.395313 0.335938 0.389062 0.339062 0.381250 0.346875 0.378125 0.354687 0.373437 0.354687 0.371875 0.356250
0 0.323437 0.400000 0.320312 0.400000 0.317188 0.403125 0.317188 0.404687 0.310937 0.406250 0.307812 0.407813 0.301563 0.414062 0.301563 0.418750 0.304688 0.421875 0.303125 0.428125 0.296875 0.432812 0.296875 0.446875 0.298438 0.451562 0.303125 0.456250 0.306250 0.457813 0.314063 0.457813 0.320312 0.456250 0.328125 0.453125 0.334375 0.446875 0.335938 0.443750 0.335938 0.420312 0.334375 0.414062 0.331250 0.407813 0.326562 0.401562
0 0.368750 0.395313 0.359375 0.400000 0.354687 0.404687 0.353125 0.407813 0.351562 0.423438 0.351562 0.429688 0.356250 0.434375 0.370312 0.445312 0.379688 0.445312 0.385937 0.442188 0.390625 0.437500 0.392188 0.432812 0.393750 0.426563 0.393750 0.414062 0.385937 0.398438 0.379688 0.395313
0 0.326562 0.376563 0.325000 0.378125 0.323437 0.381250 0.323437 0.390625 0.325000 0.393750 0.332813 0.401562 0.339062 0.404687 0.343750 0.406250 0.346875 0.406250 0.350000 0.404687 0.356250 0.398438 0.357812 0.395313 0.357812 0.385937 0.356250 0.382812 0.354687 0.381250 0.353125 0.381250 0.350000 0.378125 0.340625 0.375000 0.329688 0.375000
0 0.340625 0.465625 0.339062 0.470313 0.339062 0.478125 0.346875 0.484375 0.348438 0.489063 0.345313 0.496875 0.348438 0.498437 0.350000 0.500000 0.354687 0.500000 0.359375 0.503125 0.370312 0.506250 0.389062 0.507812 0.396875 0.507812 0.406250 0.504687 0.407813 0.501563 0.407813 0.473438 0.404687 0.465625 0.401562 0.465625 0.400000 0.464062 0.382812 0.464062 0.375000 0.462500 0.367188 0.457813 0.357812 0.457813 0.353125 0.462500 0.346875 0.462500
0 0.443750 0.354687 0.443750 0.357812 0.440625 0.364063 0.435937 0.367188 0.440625 0.373437 0.442188 0.378125 0.445312 0.382812 0.450000 0.387500 0.454688 0.389062 0.462500 0.389062 0.465625 0.387500 0.470313 0.382812 0.473438 0.376563 0.473438 0.370312 0.470313 0.364063 0.460938 0.354687 0.453125 0.354687 0.451562 0.353125
0 0.485938 0.367188 0.481250 0.371875 0.481250 0.373437 0.476562 0.378125 0.475000 0.378125 0.471875 0.381250 0.470313 0.385937 0.470313 0.393750 0.471875 0.396875 0.478125 0.403125 0.482812 0.404687 0.490625 0.412500 0.492188 0.415625 0.492188 0.418750 0.493750 0.421875 0.500000 0.428125 0.506250 0.428125 0.517188 0.417187 0.521875 0.415625 0.525000 0.412500 0.526563 0.409375 0.526563 0.400000 0.529687 0.395313 0.529687 0.392188 0.528125 0.389062 0.521875 0.385937 0.514062 0.385937 0.510938 0.382812 0.510938 0.376563 0.509375 0.373437 0.507812 0.371875 0.506250 0.371875 0.503125 0.368750 0.496875 0.367188
0 0.481250 0.410938 0.475000 0.406250 0.471875 0.404687 0.468750 0.404687 0.465625 0.403125 0.459375 0.396875 0.453125 0.393750 0.442188 0.387500 0.434375 0.387500 0.429688 0.389062 0.421875 0.393750 0.414062 0.393750 0.406250 0.395313 0.403125 0.396875 0.400000 0.401562 0.398438 0.406250 0.398438 0.410938 0.400000 0.415625 0.401562 0.418750 0.407813 0.425000 0.407813 0.429688 0.410938 0.434375 0.410938 0.442188 0.412500 0.445312 0.417187 0.450000 0.428125 0.450000 0.431250 0.448437 0.434375 0.445312 0.440625 0.445312 0.445312 0.446875 0.456250 0.446875 0.460938 0.443750 0.465625 0.439063 0.467187 0.429688 0.470313 0.428125 0.475000 0.428125 0.481250 0.423438 0.482812 0.414062
0 0.529687 0.443750 0.525000 0.439063 0.521875 0.439063 0.518750 0.437500 0.507812 0.439063 0.503125 0.435937 0.500000 0.437500 0.492188 0.439063 0.485938 0.445312 0.484375 0.465625 0.484375 0.468750 0.489063 0.473438 0.498437 0.473438 0.501563 0.467187 0.503125 0.465625 0.504687 0.465625 0.507812 0.462500 0.510938 0.462500 0.514062 0.460938 0.520312 0.462500 0.525000 0.460938 0.528125 0.459375 0.531250 0.453125 0.531250 0.446875
0 0.448437 0.471875 0.445312 0.473438 0.429688 0.476562 0.426563 0.479687 0.425000 0.482812 0.423438 0.487500 0.423438 0.493750 0.426563 0.500000 0.431250 0.504687 0.429688 0.510938 0.425000 0.512500 0.425000 0.515625 0.428125 0.518750 0.435937 0.520312 0.439063 0.523438 0.439063 0.526563 0.443750 0.529687 0.450000 0.528125 0.453125 0.526563 0.457813 0.521875 0.462500 0.515625 0.465625 0.510938 0.467187 0.507812 0.468750 0.503125 0.470313 0.489063 0.468750 0.478125 0.465625 0.476562 0.457813 0.473438
0 0.465625 0.442188 0.462500 0.443750 0.459375 0.446875 0.457813 0.446875 0.456250 0.448437 0.454688 0.451562 0.454688 0.454688 0.451562 0.457813 0.450000 0.457813 0.446875 0.460938 0.445312 0.465625 0.445312 0.468750 0.446875 0.471875 0.454688 0.475000 0.460938 0.475000 0.470313 0.479687 0.473438 0.478125 0.479687 0.473438 0.481250 0.470313 0.482812 0.464062 0.482812 0.451562 0.473438 0.442188
0 0.479687 0.425000 0.481250 0.428125 0.484375 0.431250 0.484375 0.432812 0.485938 0.434375 0.487500 0.434375 0.490625 0.435937 0.498437 0.432812 0.517188 0.432812 0.525000 0.435937 0.531250 0.435937 0.535937 0.434375 0.539062 0.431250 0.539062 0.425000 0.532813 0.418750 0.525000 0.415625 0.520312 0.415625 0.517188 0.417187 0.507812 0.425000 0.500000 0.425000 0.496875 0.421875 0.496875 0.418750 0.490625 0.415625 0.484375 0.410938 0.484375 0.417187
1 0.551562 0.426563 0.551562 0.432812 0.553125 0.435937 0.559375 0.442188 0.564063 0.443750 0.575000 0.443750 0.578125 0.442188 0.584375 0.435937 0.584375 0.431250 0.582812 0.426563 0.579688 0.420312 0.576562 0.418750 0.559375 0.418750 0.556250 0.420312 0.554688 0.421875 0.554688 0.423438
0 0.740625 0.650000 0.739062 0.648438 0.739062 0.645312 0.732812 0.643750 0.721875 0.637500 0.712500 0.637500 0.704688 0.640625 0.701562 0.642188 0.695312 0.648438 0.678125 0.648438 0.675000 0.650000 0.671875 0.653125 0.671875 0.656250 0.667188 0.660937 0.667188 0.664062 0.673438 0.670312 0.676562 0.671875 0.681250 0.673438 0.704688 0.676562 0.714063 0.675000 0.723437 0.671875 0.726562 0.670312 0.732812 0.664062 0.737500 0.662500 0.740625 0.659375
0 0.709375 0.681250 0.707812 0.684375 0.707812 0.696875 0.714063 0.707812 0.720313 0.714063 0.725000 0.717187 0.728125 0.718750 0.737500 0.720313 0.745313 0.725000 0.751563 0.726562 0.760938 0.725000 0.770312 0.721875 0.773438 0.718750 0.775000 0.715625 0.775000 0.707812 0.776563 0.701562 0.779687 0.696875 0.779687 0.689063 0.776563 0.685937 0.773438 0.684375 0.757812 0.684375 0.754687 0.682813 0.753125 0.681250 0.753125 0.679688 0.746875 0.670312 0.743750 0.667188 0.740625 0.665625 0.734375 0.665625 0.731250 0.667188 0.725000 0.673438 0.720313 0.675000 0.715625 0.675000
0 0.720313 0.718750 0.718750 0.715625 0.717187 0.714063 0.712500 0.712500 0.707812 0.707812 0.706250 0.700000 0.703125 0.695312 0.700000 0.692187 0.696875 0.690625 0.692187 0.689063 0.682813 0.689063 0.675000 0.693750 0.665625 0.695312 0.662500 0.696875 0.657813 0.701562 0.654687 0.707812 0.654687 0.717187 0.645312 0.725000 0.643750 0.728125 0.643750 0.735938 0.646875 0.739062 0.650000 0.740625 0.660937 0.740625 0.668750 0.743750 0.684375 0.743750 0.706250 0.735938 0.712500 0.732812 0.720313 0.725000
0 0.800000 0.725000 0.795312 0.726562 0.790625 0.731250 0.789062 0.737500 0.789062 0.742188 0.790625 0.746875 0.798438 0.762500 0.798438 0.771875 0.800000 0.771875 0.807813 0.778125 0.810937 0.778125 0.814063 0.776563 0.828125 0.767188 0.829688 0.765625 0.829688 0.764062 0.832812 0.760938 0.834375 0.757812 0.834375 0.753125 0.832812 0.750000 0.828125 0.748437 0.826562 0.742188 0.828125 0.731250 0.823438 0.726562 0.820312 0.725000
0 0.798438 0.773438 0.793750 0.773438 0.792188 0.771875 0.789062 0.771875 0.785937 0.773438 0.782813 0.778125 0.779687 0.779687 0.753125 0.779687 0.750000 0.782813 0.748437 0.782813 0.745313 0.789062 0.745313 0.792188 0.748437 0.801562 0.745313 0.804688 0.745313 0.806250 0.740625 0.810937 0.739062 0.814063 0.739062 0.823438 0.740625 0.826562 0.742188 0.828125 0.746875 0.829688 0.751563 0.834375 0.753125 0.837500 0.751563 0.842187 0.754687 0.845313 0.756250 0.845313 0.760938 0.850000 0.765625 0.853125 0.771875 0.853125 0.785937 0.850000 0.789062 0.850000 0.795312 0.853125 0.801562 0.853125 0.804688 0.850000 0.804688 0.848437 0.809375 0.843750 0.815625 0.840625 0.812500 0.825000 0.812500 0.821875 0.817187 0.817187 0.817187 0.809375 0.815625 0.806250 0.810937 0.801562 0.809375 0.798438 0.810937 0.792188 0.809375 0.784375 0.807813 0.781250 0.801562 0.775000
0 0.660937 0.782813 0.660937 0.785937 0.665625 0.790625 0.662500 0.793750 0.656250 0.796875 0.651563 0.804688 0.650000 0.804688 0.648438 0.809375 0.651563 0.815625 0.657813 0.820312 0.659375 0.823438 0.659375 0.826562 0.662500 0.829688 0.668750 0.832812 0.675000 0.832812 0.681250 0.834375 0.684375 0.837500 0.687500 0.839063 0.696875 0.839063 0.707812 0.835938 0.714063 0.832812 0.714063 0.814063 0.710938 0.807813 0.703125 0.796875 0.693750 0.787500 0.690625 0.785937 0.684375 0.784375 0.664062 0.782813
0 0.692187 0.839063 0.690625 0.845313 0.701562 0.856250 0.706250 0.857812 0.718750 0.857812 0.723437 0.859375 0.731250 0.865625 0.734375 0.867188 0.743750 0.867188 0.748437 0.864062 0.750000 0.859375 0.753125 0.856250 0.753125 0.853125 0.748437 0.848437 0.743750 0.837500 0.737500 0.831250 0.712500 0.831250 0.707812 0.834375 0.703125 0.834375 0.698438 0.835938
0 0.484375 0.720313 0.482812 0.725000 0.492188 0.734375 0.493750 0.750000 0.500000 0.753125 0.512500 0.756250 0.534375 0.756250 0.542188 0.754687 0.551562 0.750000 0.554688 0.745313 0.556250 0.742188 0.556250 0.734375 0.554688 0.729688 0.553125 0.726562 0.551562 0.725000 0.550000 0.725000 0.545312 0.721875 0.537500 0.712500 0.534375 0.710938 0.520312 0.706250 0.509375 0.706250 0.506250 0.707812 0.503125 0.710938 0.503125 0.712500 0.498437 0.717187 0.490625 0.717187
0 0.553125 0.714063 0.553125 0.725000 0.557813 0.739062 0.564063 0.743750 0.587500 0.742188 0.592187 0.745313 0.592187 0.742188 0.590625 0.739062 0.587500 0.734375 0.584375 0.732812 0.579688 0.732812 0.575000 0.728125 0.573438 0.723437 0.573438 0.709375 0.571875 0.707812 0.568750 0.706250 0.562500 0.706250 0.557813 0.709375
0 0.562500 0.742188 0.560937 0.745313 0.560937 0.762500 0.562500 0.767188 0.565625 0.771875 0.565625 0.782813 0.567187 0.785937 0.571875 0.790625 0.581250 0.798438 0.592187 0.803125 0.596875 0.806250 0.604688 0.814063 0.610938 0.814063 0.617188 0.800000 0.625000 0.792188 0.626563 0.784375 0.626563 0.775000 0.623437 0.768750 0.609375 0.754687 0.609375 0.751563 0.603125 0.751563 0.598437 0.745313 0.593750 0.743750 0.587500 0.737500 0.582812 0.735938 0.578125 0.737500 0.576562 0.740625 0.568750 0.740625 0.567187 0.742188
0 0.603125 0.735938 0.596875 0.742188 0.596875 0.746875 0.598437 0.750000 0.603125 0.754687 0.612500 0.762500 0.615625 0.764062 0.620313 0.764062 0.623437 0.759375 0.625000 0.751563 0.623437 0.746875 0.618750 0.742188 0.609375 0.735938
0 0.606250 0.826562 0.593750 0.826562 0.584375 0.829688 0.578125 0.832812 0.567187 0.843750 0.557813 0.850000 0.554688 0.853125 0.553125 0.856250 0.553125 0.868750 0.554688 0.871875 0.556250 0.873437 0.557813 0.873437 0.560937 0.875000 0.564063 0.873437 0.567187 0.870313 0.582812 0.870313 0.590625 0.862500 0.593750 0.860938 0.596875 0.860938 0.600000 0.862500 0.606250 0.860938 0.609375 0.859375 0.610938 0.856250 0.610938 0.853125 0.609375 0.843750 0.604688 0.835938 0.607812 0.831250
0 0.496875 0.892188 0.496875 0.895312 0.490625 0.903125 0.489063 0.907813 0.489063 0.912500 0.487500 0.914062 0.487500 0.917188 0.490625 0.923438 0.492188 0.931250 0.500000 0.939063 0.507812 0.942187 0.521875 0.942187 0.525000 0.940625 0.532813 0.932813 0.532813 0.917188 0.529687 0.912500 0.520312 0.903125 0.517188 0.895312 0.512500 0.895312 0.510938 0.896875 0.506250 0.896875 0.503125 0.895312 0.501563 0.893750 0.501563 0.892188
0 0.492188 0.946875 0.487500 0.950000 0.478125 0.959375 0.476562 0.962500 0.476562 0.965625 0.475000 0.968750 0.471875 0.971875 0.470313 0.975000 0.470313 0.987500 0.471875 0.992188 0.475000 0.998437 0.514062 0.998437 0.514062 0.973437 0.509375 0.964063 0.509375 0.960938 0.512500 0.956250 0.512500 0.953125 0.509375 0.950000 0.504687 0.948438 0.498437 0.946875
0 0.400000 0.878125 0.398438 0.879687 0.396875 0.882812 0.395313 0.887500 0.392188 0.890625 0.390625 0.890625 0.387500 0.893750 0.385937 0.896875 0.385937 0.901563 0.387500 0.904687 0.392188 0.910937 0.393750 0.921875 0.400000 0.928125 0.428125 0.937500 0.434375 0.937500 0.437500 0.935937 0.442188 0.931250 0.445312 0.921875 0.448437 0.920312 0.451562 0.920312 0.459375 0.912500 0.459375 0.904687 0.457813 0.900000 0.451562 0.893750 0.446875 0.892188 0.435937 0.881250 0.421875 0.881250 0.414062 0.876563 0.407813 0.875000 0.403125 0.876563
0 0.345313 0.881250 0.340625 0.885938 0.337500 0.893750 0.332813 0.898438 0.328125 0.900000 0.325000 0.904687 0.323437 0.907813 0.325000 0.914062 0.328125 0.918750 0.328125 0.923438 0.326562 0.925000 0.326562 0.929688 0.331250 0.934375 0.343750 0.939063 0.384375 0.937500 0.385937 0.929688 0.389062 0.925000 0.389062 0.921875 0.387500 0.917188 0.385937 0.914062 0.381250 0.909375 0.379688 0.901563 0.379688 0.884375 0.375000 0.879687 0.368750 0.879687 0.364063 0.882812 0.357812 0.882812 0.354687 0.879687 0.348438 0.879687
0 0.320312 0.960938 0.320312 0.964063 0.321875 0.967187 0.320312 0.984375 0.323437 0.990625 0.328125 0.993750 0.335938 0.998437 0.379688 0.998437 0.379688 0.995313 0.376563 0.989062 0.370312 0.982812 0.370312 0.975000 0.368750 0.968750 0.367188 0.965625 0.348438 0.946875 0.345313 0.945312 0.340625 0.943750 0.334375 0.945312 0.332813 0.957812 0.328125 0.957812 0.326562 0.959375
0 0.412500 0.832812 0.410938 0.834375 0.409375 0.839063 0.404687 0.843750 0.403125 0.848437 0.403125 0.854688 0.407813 0.868750 0.409375 0.871875 0.412500 0.875000 0.418750 0.878125 0.423438 0.879687 0.432812 0.879687 0.437500 0.881250 0.445312 0.885938 0.450000 0.887500 0.459375 0.887500 0.462500 0.885938 0.464062 0.881250 0.471875 0.873437 0.473438 0.868750 0.467187 0.860938 0.465625 0.857812 0.465625 0.854688 0.467187 0.846875 0.465625 0.843750 0.462500 0.840625 0.459375 0.839063 0.454688 0.837500 0.439063 0.837500 0.435937 0.834375 0.435937 0.832812 0.434375 0.831250 0.431250 0.829688 0.423438 0.829688 0.415625 0.831250
0 0.135937 0.968750 0.135937 0.979688 0.140625 0.989062 0.143750 0.993750 0.150000 0.998437 0.190625 0.998437 0.190625 0.995313 0.187500 0.990625 0.187500 0.978125 0.185938 0.975000 0.182812 0.971875 0.173437 0.965625 0.148438 0.965625 0.139063 0.967187
0 0.290625 0.632812 0.290625 0.635938 0.289062 0.637500 0.289062 0.645312 0.284375 0.656250 0.282813 0.659375 0.276562 0.665625 0.275000 0.668750 0.275000 0.678125 0.278125 0.681250 0.285938 0.684375 0.295312 0.693750 0.304688 0.698438 0.309375 0.700000 0.315625 0.701562 0.323437 0.701562 0.328125 0.700000 0.331250 0.698438 0.334375 0.693750 0.332813 0.684375 0.337500 0.678125 0.339062 0.668750 0.339062 0.665625 0.335938 0.662500 0.334375 0.654687 0.331250 0.654687 0.326562 0.650000 0.318750 0.646875 0.312500 0.640625 0.307812 0.637500 0.293750 0.631250
0 0.329688 0.656250 0.331250 0.659375 0.335938 0.667188 0.339062 0.670312 0.348438 0.678125 0.354687 0.681250 0.359375 0.682813 0.367188 0.682813 0.371875 0.681250 0.375000 0.678125 0.379688 0.676562 0.387500 0.675000 0.393750 0.671875 0.393750 0.665625 0.389062 0.664062 0.382812 0.662500 0.376563 0.662500 0.368750 0.660937 0.364063 0.657813 0.357812 0.651563 0.353125 0.648438 0.346875 0.645312 0.340625 0.645312 0.337500 0.646875 0.334375 0.650000 0.332813 0.650000 0.331250 0.651563 0.331250 0.653125
0 0.337500 0.693750 0.335938 0.698438 0.329688 0.707812 0.328125 0.710938 0.328125 0.721875 0.332813 0.731250 0.329688 0.734375 0.331250 0.740625 0.332813 0.740625 0.334375 0.742188 0.337500 0.751563 0.343750 0.753125 0.353125 0.750000 0.359375 0.750000 0.367188 0.754687 0.371875 0.756250 0.376563 0.756250 0.378125 0.754687 0.384375 0.754687 0.387500 0.751563 0.389062 0.746875 0.387500 0.737500 0.389062 0.732812 0.392188 0.728125 0.392188 0.718750 0.389062 0.714063 0.384375 0.709375 0.376563 0.710938 0.373437 0.709375 0.368750 0.704688 0.360938 0.700000 0.354687 0.700000 0.351562 0.698438 0.350000 0.696875 0.350000 0.695312 0.343750 0.692187 0.340625 0.692187
0 0.057813 0.678125 0.051562 0.684375 0.050000 0.687500 0.050000 0.704688 0.051562 0.707812 0.056250 0.712500 0.060937 0.714063 0.070312 0.715625 0.075000 0.717187 0.078125 0.718750 0.081250 0.721875 0.084375 0.721875 0.090625 0.726562 0.093750 0.728125 0.098437 0.728125 0.101562 0.725000 0.103125 0.721875 0.103125 0.703125 0.100000 0.698438 0.090625 0.689063 0.087500 0.689063 0.084375 0.687500 0.082812 0.685937 0.081250 0.682813 0.081250 0.679688 0.076563 0.675000 0.064062 0.675000
0 0.000000 0.601562 0.000000 0.667188 0.003125 0.665625 0.004687 0.665625 0.006250 0.664062 0.007812 0.659375 0.012500 0.657813 0.021875 0.665625 0.032813 0.676562 0.035937 0.678125 0.040625 0.678125 0.045312 0.681250 0.054688 0.681250 0.057813 0.678125 0.060937 0.678125 0.064062 0.675000 0.064062 0.668750 0.059375 0.664062 0.059375 0.660937 0.064062 0.654687 0.064062 0.643750 0.059375 0.639062 0.053125 0.635938 0.048438 0.631250 0.043750 0.625000 0.042188 0.621875 0.042188 0.610938 0.037500 0.606250 0.034375 0.606250 0.029687 0.609375 0.023438 0.609375 0.014063 0.601562 0.009375 0.600000 0.003125 0.600000
0 0.046875 0.715625 0.043750 0.717187 0.042188 0.720313 0.040625 0.732812 0.035937 0.737500 0.032813 0.737500 0.029687 0.739062 0.028125 0.742188 0.029687 0.745313 0.032813 0.748437 0.032813 0.757812 0.035937 0.762500 0.035937 0.773438 0.037500 0.779687 0.039062 0.782813 0.046875 0.789062 0.048438 0.800000 0.054688 0.809375 0.060937 0.807813 0.062500 0.804688 0.064062 0.800000 0.064062 0.787500 0.065625 0.778125 0.068750 0.775000 0.070312 0.775000 0.075000 0.770312 0.079687 0.768750 0.090625 0.760938 0.092188 0.757812 0.092188 0.750000 0.087500 0.743750 0.085938 0.734375 0.082812 0.728125 0.076563 0.721875 0.073438 0.720313 0.064062 0.720313 0.056250 0.715625
0 0.035937 0.318750 0.028125 0.318750 0.023438 0.320312 0.020313 0.323437 0.014063 0.323437 0.000000 0.321875 0.000000 0.378125 0.006250 0.381250 0.010937 0.385937 0.018750 0.385937 0.029687 0.384375 0.031250 0.385937 0.040625 0.385937 0.046875 0.384375 0.050000 0.382812 0.059375 0.375000 0.059375 0.373437 0.060937 0.370312 0.057813 0.359375 0.057813 0.348438 0.059375 0.337500 0.056250 0.331250 0.053125 0.329688 0.048438 0.329688 0.043750 0.328125 0.040625 0.325000 0.040625 0.323437
0 0.065156 0.325500 0.062031 0.328625 0.060469 0.333313 0.060469 0.350500 0.062031 0.364563 0.063594 0.372375 0.068281 0.381750 0.072969 0.388000 0.082344 0.397375 0.091719 0.402062 0.115156 0.402062 0.116719 0.400500 0.126688 0.396375 0.124438 0.390875 0.118281 0.384875 0.121406 0.381750 0.126094 0.380188 0.127656 0.378625 0.127656 0.377062 0.130781 0.373937 0.132344 0.369250 0.132344 0.364563 0.129219 0.361437 0.129219 0.358312 0.127656 0.355187 0.124531 0.352063 0.119844 0.350500 0.107344 0.350500 0.099531 0.344250 0.096406 0.341125 0.097969 0.330187 0.097969 0.325500 0.096406 0.323937 0.096406 0.320813 0.093281 0.319250 0.090156 0.320813 0.087031 0.320813 0.082344 0.323937 0.077656 0.325500
0 0.134375 0.403125 0.129688 0.398438 0.125000 0.398438 0.121875 0.401562 0.117188 0.403125 0.101562 0.403125 0.075000 0.400000 0.065625 0.400000 0.060937 0.403125 0.051562 0.412500 0.048438 0.418750 0.045312 0.428125 0.043750 0.434375 0.043750 0.440625 0.045312 0.457813 0.046875 0.460938 0.053125 0.460938 0.060937 0.465625 0.068750 0.473438 0.075000 0.473438 0.081250 0.470313 0.084375 0.467187 0.084375 0.465625 0.087500 0.462500 0.090625 0.462500 0.098437 0.470313 0.106250 0.473438 0.118750 0.471875 0.120313 0.468750 0.120313 0.464062 0.123438 0.460938 0.131250 0.454688 0.132812 0.451562 0.132812 0.440625 0.129688 0.435937 0.120313 0.426563 0.123438 0.423438 0.131250 0.417187 0.134375 0.410938
0 0.004687 0.081250 0.001563 0.082812 0.000000 0.137500 0.004687 0.135937 0.009375 0.137500 0.014063 0.140625 0.017188 0.140625 0.020313 0.137500 0.025000 0.128125 0.025000 0.118750 0.017188 0.107813 0.017188 0.103125 0.018750 0.092188 0.017188 0.087500 0.015625 0.084375 0.009375 0.081250
0 0.006250 0.135937 0.000000 0.135937 0.001563 0.182812 0.003125 0.178125 0.006250 0.175000 0.010937 0.162500 0.015625 0.156250 0.017188 0.153125 0.017188 0.146875 0.014063 0.140625 0.009375 0.137500
0 0.395313 0.681250 0.395313 0.685937 0.400000 0.695312 0.406250 0.701562 0.410938 0.704688 0.418750 0.709375 0.428125 0.712500 0.434375 0.712500 0.445312 0.701562 0.448437 0.696875 0.446875 0.692187 0.442188 0.692187 0.431250 0.693750 0.426563 0.692187 0.423438 0.690625 0.417187 0.685937 0.410938 0.682813 0.403125 0.681250
0 0.454688 0.809375 0.450000 0.806250 0.446875 0.804688 0.440625 0.803125 0.437500 0.804688 0.434375 0.804688 0.429688 0.807813 0.423438 0.807813 0.417187 0.810937 0.414062 0.820312 0.414062 0.826562 0.417187 0.829688 0.428125 0.829688 0.437500 0.828125 0.440625 0.826562 0.446875 0.821875 0.454688 0.814063
0 0.326562 0.762500 0.321875 0.762500 0.318750 0.765625 0.315625 0.770312 0.314063 0.779687 0.314063 0.790625 0.310937 0.796875 0.309375 0.803125 0.309375 0.815625 0.312500 0.818750 0.315625 0.820312 0.321875 0.820312 0.328125 0.815625 0.334375 0.809375 0.337500 0.804688 0.339062 0.798438 0.339062 0.792188 0.342187 0.787500 0.342187 0.784375 0.339062 0.781250 0.337500 0.781250 0.332813 0.776563 0.332813 0.767188 0.331250 0.764062 0.328125 0.764062
0 0.004687 0.798438 0.000000 0.798438 0.000000 0.834375 0.004687 0.832812 0.006250 0.829688 0.009375 0.829688 0.015625 0.826562 0.017188 0.825000 0.018750 0.821875 0.020313 0.817187 0.020313 0.812500 0.018750 0.809375 0.014063 0.804688