0 0.151562 0.179688 0.140625 0.178125 0.137500 0.181250 0.135937 0.185938 0.132812 0.189062 0.129688 0.189062 0.123438 0.185938 0.115625 0.185938 0.110937 0.190625 0.109375 0.195312 0.109375 0.210938 0.114062 0.215625 0.114062 0.220312 0.104688 0.229687 0.106250 0.234375 0.109375 0.235937 0.117188 0.237500 0.128125 0.237500 0.137500 0.234375 0.143750 0.228125 0.150000 0.225000 0.156250 0.217188 0.157812 0.214062 0.159375 0.206250 0.157812 0.200000 0.154688 0.196875 0.154688 0.184375 0.151562 0.181250
0 0.192188 0.151562 0.189062 0.154688 0.184375 0.162500 0.181250 0.168750 0.181250 0.176563 0.178125 0.179688 0.171875 0.179688 0.168750 0.181250 0.168750 0.189062 0.170313 0.192188 0.173437 0.195312 0.175000 0.195312 0.179688 0.200000 0.179688 0.201563 0.182812 0.204687 0.189062 0.207813 0.193750 0.209375 0.204687 0.209375 0.207813 0.207813 0.209375 0.206250 0.209375 0.204687 0.212500 0.201563 0.218750 0.201563 0.228125 0.196875 0.231250 0.192188 0.231250 0.189062 0.226562 0.189062 0.221875 0.184375 0.223438 0.179688 0.226562 0.173437 0.226562 0.168750 0.225000 0.165625 0.221875 0.162500 0.218750 0.160938 0.210938 0.160938 0.204687 0.159375 0.196875 0.151562
0 0.218750 0.204687 0.215625 0.206250 0.207813 0.214062 0.204687 0.215625 0.196875 0.215625 0.190625 0.218750 0.187500 0.225000 0.187500 0.229687 0.185938 0.231250 0.185938 0.234375 0.189062 0.246875 0.189062 0.257812 0.185938 0.264062 0.185938 0.267188 0.187500 0.271875 0.192188 0.276562 0.196875 0.278125 0.206250 0.275000 0.212500 0.275000 0.223438 0.281250 0.228125 0.281250 0.231250 0.279687 0.239063 0.271875 0.240625 0.268750 0.242188 0.262500 0.248438 0.256250 0.250000 0.253125 0.250000 0.232813 0.248438 0.229687 0.243750 0.226562 0.240625 0.225000 0.232813 0.223438 0.232813 0.212500 0.231250 0.207813 0.228125 0.204687
0 0.260937 0.300000 0.246875 0.293750 0.242188 0.289062 0.239063 0.287500 0.229687 0.287500 0.225000 0.289062 0.218750 0.293750 0.215625 0.293750 0.209375 0.296875 0.200000 0.306250 0.198437 0.309375 0.196875 0.314063 0.198437 0.320312 0.203125 0.321875 0.204687 0.335938 0.207813 0.342187 0.210938 0.342187 0.217188 0.335938 0.223438 0.332813 0.228125 0.334375 0.231250 0.337500 0.242188 0.337500 0.245312 0.335938 0.248438 0.332813 0.250000 0.329688 0.248438 0.310937 0.251563 0.307812 0.259375 0.307812 0.262500 0.306250
0 0.456250 0.006250 0.446875 0.006250 0.451562 0.014063 0.448437 0.018750 0.448437 0.043750 0.445312 0.046875 0.443750 0.050000 0.443750 0.060937 0.446875 0.064062 0.450000 0.065625 0.454688 0.064062 0.462500 0.057813 0.465625 0.057813 0.473438 0.050000 0.475000 0.046875 0.476562 0.040625 0.476562 0.028125 0.473438 0.021875 0.473438 0.014063 0.471875 0.010937 0.462500 0.009375
0 0.457813 0.084375 0.445312 0.084375 0.431250 0.081250 0.426563 0.082812 0.421875 0.087500 0.420312 0.090625 0.418750 0.098437 0.415625 0.101562 0.410938 0.103125 0.407813 0.106250 0.406250 0.109375 0.404687 0.114062 0.404687 0.120313 0.406250 0.128125 0.410938 0.132812 0.414062 0.140625 0.417187 0.143750 0.423438 0.146875 0.431250 0.145313 0.439063 0.145313 0.442188 0.135937 0.450000 0.132812 0.453125 0.135937 0.457813 0.137500 0.460938 0.137500 0.464062 0.135937 0.465625 0.134375 0.467187 0.131250 0.467187 0.126562 0.460938 0.115625 0.459375 0.110937
0 0.585938 0.060937 0.576562 0.060937 0.571875 0.064062 0.565625 0.068750 0.559375 0.075000 0.557813 0.078125 0.554688 0.095312 0.554688 0.103125 0.556250 0.107813 0.557813 0.110937 0.565625 0.110937 0.571875 0.107813 0.571875 0.101562 0.578125 0.095312 0.581250 0.089063 0.582812 0.076563 0.587500 0.068750
0 0.546875 0.123438 0.548438 0.129688 0.554688 0.131250 0.567187 0.131250 0.576562 0.129688 0.579688 0.129688 0.582812 0.128125 0.582812 0.121875 0.581250 0.121875 0.578125 0.118750 0.581250 0.115625 0.585938 0.114062 0.584375 0.110937 0.578125 0.109375 0.564063 0.109375 0.560937 0.110937 0.556250 0.114062
0 0.357812 0.114062 0.351562 0.114062 0.351562 0.118750 0.354687 0.125000 0.353125 0.132812 0.348438 0.139063 0.348438 0.148438 0.345313 0.157812 0.346875 0.171875 0.348438 0.176563 0.350000 0.179688 0.353125 0.182812 0.359375 0.175000 0.364063 0.173437 0.371875 0.164062 0.371875 0.156250 0.376563 0.153125 0.376563 0.148438 0.375000 0.137500 0.373437 0.129688 0.370312 0.123438 0.367188 0.118750 0.362500 0.117188
0 0.376563 0.150000 0.373437 0.151562 0.373437 0.159375 0.370312 0.165625 0.368750 0.167187 0.367188 0.167187 0.357812 0.179688 0.353125 0.181250 0.353125 0.187500 0.351562 0.189062 0.351562 0.201563 0.359375 0.209375 0.362500 0.209375 0.365625 0.212500 0.365625 0.214062 0.368750 0.217188 0.373437 0.217188 0.385937 0.214062 0.387500 0.210938 0.390625 0.195312 0.390625 0.187500 0.387500 0.175000 0.385937 0.170313 0.381250 0.162500 0.379688 0.154688
0 0.368750 0.220312 0.367188 0.225000 0.367188 0.229687 0.368750 0.235937 0.371875 0.239063 0.375000 0.240625 0.385937 0.243750 0.389062 0.245312 0.396875 0.253125 0.401562 0.256250 0.420312 0.254688 0.421875 0.251563 0.421875 0.248438 0.420312 0.240625 0.415625 0.231250 0.410938 0.226562 0.403125 0.225000 0.393750 0.226562 0.387500 0.226562 0.384375 0.223438 0.382812 0.217188 0.375000 0.217188
0 0.439063 0.264062 0.439063 0.271875 0.442188 0.273438 0.468750 0.276562 0.482812 0.275000 0.490625 0.276562 0.495312 0.276562 0.501563 0.273438 0.506250 0.270313 0.507812 0.267188 0.507812 0.259375 0.501563 0.253125 0.496875 0.250000 0.490625 0.246875 0.467187 0.245312 0.460938 0.245312 0.454688 0.246875 0.451562 0.248438 0.445312 0.254688 0.440625 0.260937
0 0.365625 0.395313 0.360938 0.395313 0.360938 0.400000 0.362500 0.401562 0.362500 0.406250 0.359375 0.409375 0.350000 0.412500 0.350000 0.421875 0.356250 0.434375 0.356250 0.437500 0.353125 0.440625 0.351562 0.446875 0.348438 0.450000 0.346875 0.453125 0.346875 0.456250 0.348438 0.459375 0.353125 0.467187 0.359375 0.467187 0.362500 0.465625 0.370312 0.457813 0.371875 0.454688 0.375000 0.445312 0.376563 0.439063 0.376563 0.406250 0.375000 0.403125 0.368750 0.396875
0 0.437500 0.371875 0.434375 0.371875 0.429688 0.368750 0.425000 0.368750 0.409375 0.370312 0.404687 0.375000 0.400000 0.375000 0.392188 0.378125 0.390625 0.382812 0.387500 0.385937 0.384375 0.392188 0.384375 0.404687 0.393750 0.414062 0.395313 0.421875 0.395313 0.428125 0.398438 0.431250 0.404687 0.431250 0.412500 0.428125 0.415625 0.426563 0.420312 0.423438 0.429688 0.414062 0.435937 0.400000 0.437500 0.395313 0.439063 0.385937
0 0.448437 0.326562 0.445312 0.325000 0.432812 0.325000 0.429688 0.328125 0.428125 0.331250 0.426563 0.337500 0.423438 0.340625 0.414062 0.339062 0.410938 0.340625 0.406250 0.345313 0.403125 0.350000 0.401562 0.354687 0.403125 0.365625 0.410938 0.371875 0.434375 0.371875 0.437500 0.368750 0.442188 0.360938 0.442188 0.357812 0.446875 0.351562 0.448437 0.348438 0.450000 0.339062
0 0.451562 0.342187 0.451562 0.345313 0.445312 0.357812 0.443750 0.362500 0.443750 0.368750 0.445312 0.371875 0.451562 0.376563 0.453125 0.381250 0.460938 0.392188 0.465625 0.396875 0.468750 0.398438 0.478125 0.401562 0.485938 0.401562 0.489063 0.400000 0.493750 0.395313 0.495312 0.392188 0.495312 0.384375 0.496875 0.378125 0.500000 0.373437 0.500000 0.360938 0.498437 0.357812 0.495312 0.357812 0.493750 0.356250 0.481250 0.357812 0.478125 0.357812 0.464062 0.343750 0.460938 0.342187 0.456250 0.340625
0 0.481250 0.434375 0.478125 0.435937 0.476562 0.439063 0.476562 0.445312 0.470313 0.456250 0.470313 0.460938 0.471875 0.464062 0.476562 0.471875 0.482812 0.479687 0.482812 0.481250 0.493750 0.485938 0.496875 0.485938 0.500000 0.484375 0.501563 0.482812 0.506250 0.475000 0.514062 0.468750 0.515625 0.465625 0.515625 0.448437 0.514062 0.442188 0.507812 0.435937 0.504687 0.434375 0.498437 0.434375 0.495312 0.437500 0.492188 0.437500 0.489063 0.434375
0 0.598437 0.378125 0.593750 0.378125 0.590625 0.379688 0.587500 0.389062 0.584375 0.392188 0.581250 0.393750 0.578125 0.393750 0.571875 0.398438 0.570312 0.401562 0.568750 0.414062 0.557813 0.425000 0.557813 0.443750 0.559375 0.446875 0.579688 0.448437 0.584375 0.446875 0.592187 0.442188 0.595313 0.442188 0.601562 0.443750 0.604688 0.439063 0.604688 0.415625 0.601562 0.409375 0.601562 0.384375
0 0.607812 0.398438 0.604688 0.401562 0.603125 0.404687 0.603125 0.407813 0.601562 0.410938 0.603125 0.429688 0.601562 0.435937 0.598437 0.440625 0.603125 0.448437 0.604688 0.450000 0.607812 0.451562 0.620313 0.451562 0.625000 0.446875 0.635938 0.434375 0.639062 0.429688 0.639062 0.417187 0.621875 0.400000 0.618750 0.398438
0 0.640625 0.357812 0.637500 0.359375 0.632812 0.364063 0.628125 0.367188 0.626563 0.367188 0.625000 0.368750 0.623437 0.373437 0.618750 0.378125 0.609375 0.378125 0.607812 0.382812 0.607812 0.392188 0.610938 0.398438 0.614062 0.400000 0.623437 0.401562 0.628125 0.406250 0.629687 0.410938 0.639062 0.418750 0.646875 0.417187 0.650000 0.420312 0.650000 0.410938 0.656250 0.404687 0.657813 0.404687 0.662500 0.400000 0.665625 0.393750 0.667188 0.382812 0.667188 0.373437 0.664062 0.370312 0.653125 0.365625 0.646875 0.359375 0.643750 0.357812
0 0.648438 0.412500 0.645312 0.414062 0.643750 0.418750 0.642188 0.418750 0.639062 0.421875 0.637500 0.421875 0.635938 0.429688 0.634375 0.432812 0.629687 0.437500 0.628125 0.442188 0.623437 0.446875 0.620313 0.451562 0.618750 0.454688 0.620313 0.457813 0.629687 0.467187 0.639062 0.467187 0.642188 0.465625 0.648438 0.457813 0.650000 0.429688
0 0.751563 0.404687 0.745313 0.406250 0.739062 0.406250 0.731250 0.407813 0.714063 0.406250 0.710938 0.409375 0.709375 0.412500 0.704688 0.425000 0.704688 0.437500 0.706250 0.440625 0.723437 0.457813 0.728125 0.460938 0.737500 0.460938 0.757812 0.454688 0.760938 0.453125 0.765625 0.448437 0.767188 0.443750 0.768750 0.435937 0.768750 0.425000 0.767188 0.421875 0.756250 0.410938 0.754687 0.406250
0 0.768750 0.371875 0.762500 0.375000 0.754687 0.382812 0.750000 0.384375 0.748437 0.381250 0.743750 0.381250 0.751563 0.387500 0.750000 0.395313 0.750000 0.398438 0.751563 0.401562 0.759375 0.410938 0.768750 0.412500 0.771875 0.410938 0.776563 0.407813 0.781250 0.403125 0.779687 0.396875 0.776563 0.395313 0.776563 0.381250 0.775000 0.376563 0.771875 0.373437
0 0.715625 0.390625 0.717187 0.404687 0.725000 0.404687 0.734375 0.409375 0.745313 0.407813 0.754687 0.409375 0.751563 0.401562 0.753125 0.387500 0.751563 0.382812 0.748437 0.379688 0.742188 0.378125 0.737500 0.378125 0.734375 0.379688 0.729688 0.384375 0.729688 0.385937 0.726562 0.389062 0.718750 0.389062
0 0.590625 0.456250 0.585938 0.459375 0.582812 0.465625 0.582812 0.471875 0.584375 0.473438 0.584375 0.478125 0.581250 0.482812 0.579688 0.489063 0.579688 0.493750 0.581250 0.500000 0.587500 0.512500 0.590625 0.515625 0.596875 0.518750 0.604688 0.518750 0.610938 0.521875 0.615625 0.521875 0.621875 0.520312 0.625000 0.517188 0.628125 0.509375 0.634375 0.503125 0.635938 0.498437 0.635938 0.487500 0.634375 0.482812 0.628125 0.468750 0.625000 0.465625 0.625000 0.464062 0.623437 0.462500 0.615625 0.456250 0.612500 0.454688 0.604688 0.454688
0 0.576562 0.506250 0.570312 0.512500 0.568750 0.515625 0.565625 0.525000 0.565625 0.531250 0.567187 0.534375 0.568750 0.535937 0.578125 0.540625 0.585938 0.542188 0.589063 0.543750 0.592187 0.546875 0.593750 0.554688 0.601562 0.562500 0.604688 0.562500 0.607812 0.560937 0.609375 0.556250 0.614062 0.548438 0.615625 0.543750 0.615625 0.532813 0.612500 0.528125 0.606250 0.523438 0.603125 0.521875 0.595313 0.520312 0.590625 0.517188 0.585938 0.512500 0.585938 0.510938 0.581250 0.506250
0 0.628125 0.523438 0.626563 0.528125 0.621875 0.535937 0.617188 0.550000 0.617188 0.556250 0.620313 0.560937 0.623437 0.564063 0.628125 0.565625 0.632812 0.565625 0.634375 0.567187 0.637500 0.567187 0.643750 0.564063 0.646875 0.559375 0.646875 0.557813 0.651563 0.556250 0.659375 0.560937 0.667188 0.560937 0.670312 0.559375 0.670312 0.554688 0.671875 0.553125 0.671875 0.548438 0.670312 0.542188 0.668750 0.540625 0.668750 0.537500 0.670312 0.532813 0.670312 0.526563 0.660937 0.525000 0.654687 0.528125 0.648438 0.528125 0.643750 0.523438 0.637500 0.520312 0.634375 0.520312
0 0.726562 0.470313 0.723437 0.473438 0.723437 0.479687 0.720313 0.482812 0.717187 0.484375 0.714063 0.484375 0.710938 0.485938 0.706250 0.490625 0.704688 0.493750 0.704688 0.503125 0.707812 0.506250 0.709375 0.506250 0.712500 0.509375 0.712500 0.521875 0.714063 0.526563 0.715625 0.529687 0.717187 0.531250 0.720313 0.532813 0.728125 0.532813 0.732812 0.531250 0.745313 0.525000 0.751563 0.532813 0.756250 0.531250 0.757812 0.521875 0.759375 0.509375 0.759375 0.503125 0.756250 0.498437 0.751563 0.493750 0.750000 0.490625 0.750000 0.478125 0.746875 0.471875 0.743750 0.470313 0.732812 0.468750 0.729688 0.470313
0 0.779687 0.512500 0.784375 0.523438 0.784375 0.535937 0.785937 0.539062 0.803125 0.556250 0.806250 0.562500 0.809375 0.564063 0.814063 0.565625 0.818750 0.565625 0.821875 0.562500 0.823438 0.559375 0.823438 0.553125 0.821875 0.548438 0.818750 0.543750 0.817187 0.539062 0.817187 0.526563 0.815625 0.520312 0.814063 0.517188 0.809375 0.512500 0.803125 0.509375 0.798438 0.507812 0.789062 0.509375 0.782813 0.510938
0 0.817187 0.534375 0.817187 0.543750 0.823438 0.550000 0.828125 0.553125 0.835938 0.553125 0.840625 0.556250 0.845313 0.556250 0.848437 0.559375 0.867188 0.559375 0.870313 0.557813 0.871875 0.554688 0.871875 0.546875 0.868750 0.543750 0.860938 0.539062 0.853125 0.537500 0.845313 0.537500 0.832812 0.531250 0.820312 0.531250
0 0.946875 0.517188 0.935937 0.517188 0.929688 0.520312 0.915625 0.529687 0.910937 0.534375 0.906250 0.545312 0.903125 0.548438 0.901563 0.553125 0.903125 0.556250 0.910937 0.562500 0.912500 0.567187 0.912500 0.573438 0.914062 0.576562 0.918750 0.581250 0.923438 0.581250 0.928125 0.576562 0.935937 0.578125 0.950000 0.573438 0.954688 0.570312 0.954688 0.551562 0.959375 0.546875 0.959375 0.529687 0.957812 0.526563 0.950000 0.518750
0 0.965625 0.531250 0.962500 0.532813 0.962500 0.543750 0.960938 0.546875 0.959375 0.548438 0.954688 0.550000 0.954688 0.567187 0.948438 0.573438 0.945312 0.575000 0.939063 0.576562 0.934375 0.579688 0.935937 0.584375 0.939063 0.587500 0.943750 0.589063 0.946875 0.596875 0.943750 0.598437 0.939063 0.598437 0.935937 0.601562 0.937500 0.609375 0.942187 0.610938 0.946875 0.610938 0.956250 0.609375 0.962500 0.606250 0.967187 0.603125 0.971875 0.598437 0.973437 0.595313 0.975000 0.584375 0.981250 0.568750 0.981250 0.557813 0.978125 0.550000 0.973437 0.540625 0.968750 0.535937 0.968750 0.534375
0 0.882812 0.664062 0.882812 0.670312 0.884375 0.673438 0.887500 0.678125 0.895312 0.685937 0.898438 0.690625 0.904687 0.703125 0.910937 0.720313 0.914062 0.723437 0.918750 0.725000 0.921875 0.723437 0.925000 0.718750 0.926562 0.714063 0.926562 0.701562 0.925000 0.696875 0.915625 0.679688 0.910937 0.675000 0.910937 0.673438 0.907813 0.670312 0.904687 0.668750 0.900000 0.667188 0.893750 0.667188 0.887500 0.665625 0.885938 0.664062
0 0.967187 0.712500 0.965625 0.720313 0.962500 0.731250 0.964063 0.735938 0.964063 0.740625 0.962500 0.742188 0.962500 0.746875 0.965625 0.754687 0.968750 0.760938 0.973437 0.765625 0.979688 0.768750 0.984375 0.768750 0.989062 0.770312 0.993750 0.775000 0.993750 0.778125 0.990625 0.784375 0.990625 0.789062 0.992188 0.792188 0.998437 0.793750 0.998437 0.729688 0.990625 0.728125 0.990625 0.726562 0.989062 0.725000 0.985938 0.723437 0.981250 0.721875 0.975000 0.715625 0.971875 0.714063
0 0.992188 0.587500 0.989062 0.587500 0.985938 0.589063 0.982812 0.592187 0.976562 0.593750 0.975000 0.598437 0.978125 0.621875 0.981250 0.626563 0.982812 0.635938 0.982812 0.646875 0.981250 0.650000 0.978125 0.651563 0.975000 0.654687 0.975000 0.657813 0.976562 0.660937 0.982812 0.665625 0.992188 0.665625 0.998437 0.662500 0.998437 0.593750
0 0.998437 0.493750 0.971875 0.496875 0.971875 0.503125 0.973437 0.507812 0.978125 0.517188 0.978125 0.521875 0.979688 0.526563 0.982812 0.534375 0.987500 0.539062 0.998437 0.539062
0 0.203125 0.664062 0.201563 0.660937 0.192188 0.654687 0.185938 0.651563 0.167187 0.651563 0.157812 0.654687 0.153125 0.660937 0.150000 0.664062 0.145313 0.664062 0.140625 0.668750 0.139063 0.671875 0.139063 0.679688 0.140625 0.684375 0.142187 0.687500 0.145313 0.690625 0.148438 0.692187 0.160938 0.693750 0.168750 0.693750 0.175000 0.692187 0.179688 0.690625 0.192188 0.684375 0.201563 0.675000 0.203125 0.671875
0 0.175000 0.634375 0.171875 0.631250 0.170313 0.631250 0.165625 0.626563 0.162500 0.625000 0.154688 0.625000 0.151562 0.626563 0.146875 0.631250 0.140625 0.631250 0.131250 0.629687 0.125000 0.632812 0.121875 0.642188 0.118750 0.643750 0.118750 0.648438 0.121875 0.654687 0.125000 0.657813 0.128125 0.659375 0.137500 0.659375 0.143750 0.660937 0.145313 0.662500 0.148438 0.662500 0.150000 0.660937 0.154688 0.660937 0.168750 0.654687 0.171875 0.654687 0.171875 0.650000 0.173437 0.648438 0.175000 0.637500
0 0.125000 0.662500 0.118750 0.656250 0.117188 0.651563 0.114062 0.648438 0.106250 0.648438 0.103125 0.650000 0.095312 0.656250 0.092188 0.656250 0.090625 0.654687 0.081250 0.654687 0.076563 0.656250 0.067187 0.656250 0.062500 0.660937 0.060937 0.665625 0.060937 0.678125 0.062500 0.681250 0.067187 0.685937 0.081250 0.692187 0.085938 0.693750 0.098437 0.693750 0.107813 0.689063 0.121875 0.676562 0.123438 0.673438 0.125000 0.667188
0 0.098437 0.695312 0.090625 0.693750 0.079687 0.695312 0.076563 0.698438 0.073438 0.704688 0.071875 0.706250 0.064062 0.712500 0.064062 0.717187 0.065625 0.720313 0.070312 0.725000 0.071875 0.728125 0.071875 0.734375 0.068750 0.737500 0.067187 0.742188 0.067187 0.745313 0.068750 0.748437 0.070312 0.750000 0.071875 0.750000 0.075000 0.751563 0.082812 0.748437 0.095312 0.740625 0.098437 0.737500 0.104688 0.725000 0.106250 0.718750 0.107813 0.710938 0.107813 0.704688 0.106250 0.703125 0.106250 0.700000 0.101562 0.698438
0 0.079687 0.754687 0.079687 0.759375 0.076563 0.764062 0.076563 0.770312 0.079687 0.775000 0.085938 0.781250 0.089063 0.787500 0.090625 0.795312 0.090625 0.807813 0.093750 0.807813 0.095312 0.809375 0.112500 0.807813 0.115625 0.798438 0.117188 0.784375 0.118750 0.781250 0.121875 0.779687 0.123438 0.776563 0.125000 0.770312 0.121875 0.764062 0.118750 0.762500 0.110937 0.764062 0.106250 0.760938 0.101562 0.759375 0.095312 0.753125 0.090625 0.751563 0.087500 0.751563 0.085938 0.753125
0 0.317188 0.762500 0.312500 0.765625 0.309375 0.765625 0.304688 0.760938 0.301563 0.762500 0.300000 0.767188 0.284375 0.768750 0.281250 0.770312 0.279687 0.771875 0.278125 0.775000 0.275000 0.784375 0.271875 0.784375 0.268750 0.785937 0.267188 0.804688 0.268750 0.810937 0.270313 0.814063 0.275000 0.818750 0.278125 0.820312 0.295312 0.820312 0.300000 0.818750 0.304688 0.812500 0.306250 0.810937 0.310937 0.807813 0.312500 0.804688 0.314063 0.800000 0.314063 0.793750 0.315625 0.790625 0.318750 0.787500 0.320312 0.782813 0.320312 0.770312
0 0.367188 0.750000 0.362500 0.754687 0.357812 0.760938 0.356250 0.764062 0.356250 0.778125 0.357812 0.784375 0.359375 0.787500 0.370312 0.798438 0.382812 0.798438 0.385937 0.796875 0.390625 0.792188 0.392188 0.792188 0.395313 0.789062 0.396875 0.785937 0.398438 0.781250 0.398438 0.776563 0.396875 0.765625 0.395313 0.760938 0.390625 0.756250 0.376563 0.756250 0.370312 0.750000
0 0.348438 0.775000 0.345313 0.776563 0.335938 0.787500 0.332813 0.785937 0.325000 0.784375 0.320312 0.785937 0.320312 0.787500 0.317188 0.790625 0.315625 0.793750 0.314063 0.807813 0.307812 0.812500 0.304688 0.817187 0.304688 0.825000 0.307812 0.828125 0.307812 0.829688 0.310937 0.831250 0.315625 0.828125 0.318750 0.828125 0.326562 0.823438 0.331250 0.821875 0.337500 0.820312 0.343750 0.820312 0.353125 0.825000 0.356250 0.821875 0.359375 0.815625 0.362500 0.810937 0.362500 0.803125 0.360938 0.795312 0.359375 0.790625 0.357812 0.787500 0.353125 0.779687
0 0.346875 0.823438 0.343750 0.821875 0.335938 0.821875 0.329688 0.823438 0.325000 0.825000 0.318750 0.828125 0.314063 0.831250 0.310937 0.834375 0.309375 0.837500 0.307812 0.862500 0.307812 0.876563 0.309375 0.879687 0.317188 0.878125 0.325000 0.881250 0.331250 0.881250 0.332813 0.882812 0.337500 0.882812 0.343750 0.881250 0.348438 0.879687 0.351562 0.878125 0.354687 0.875000 0.354687 0.860938 0.359375 0.856250 0.360938 0.853125 0.360938 0.843750 0.357812 0.839063 0.351562 0.832812 0.350000 0.826562
0 0.268750 0.846875 0.270313 0.856250 0.267188 0.859375 0.267188 0.870313 0.270313 0.876563 0.267188 0.879687 0.267188 0.884375 0.268750 0.887500 0.270313 0.889062 0.276562 0.892188 0.281250 0.892188 0.293750 0.887500 0.300000 0.884375 0.301563 0.881250 0.301563 0.864062 0.296875 0.854688 0.292187 0.850000 0.289062 0.848437 0.271875 0.845313
0 0.310937 0.875000 0.309375 0.878125 0.307812 0.879687 0.306250 0.884375 0.306250 0.887500 0.309375 0.896875 0.314063 0.901563 0.317188 0.901563 0.320312 0.904687 0.325000 0.910937 0.328125 0.912500 0.331250 0.912500 0.337500 0.907813 0.342187 0.909375 0.343750 0.912500 0.343750 0.914062 0.345313 0.917188 0.346875 0.918750 0.350000 0.920312 0.359375 0.920312 0.362500 0.918750 0.365625 0.915625 0.367188 0.912500 0.367188 0.904687 0.365625 0.900000 0.357812 0.892188 0.353125 0.879687 0.353125 0.876563 0.342187 0.878125 0.337500 0.881250 0.328125 0.881250 0.326562 0.878125 0.323437 0.876563 0.318750 0.875000
0 0.379688 0.895312 0.376563 0.901563 0.373437 0.906250 0.373437 0.920312 0.370312 0.925000 0.371875 0.943750 0.371875 0.946875 0.367188 0.954688 0.368750 0.960938 0.371875 0.962500 0.385937 0.962500 0.389062 0.960938 0.395313 0.956250 0.396875 0.954688 0.398438 0.951562 0.398438 0.946875 0.400000 0.943750 0.404687 0.939063 0.404687 0.926562 0.401562 0.923438 0.398438 0.914062 0.395313 0.910937 0.387500 0.907813 0.382812 0.903125 0.381250 0.900000
1 0.382812 0.484375 0.370312 0.484375 0.362500 0.487500 0.357812 0.492188 0.356250 0.495312 0.356250 0.504687 0.357812 0.509375 0.365625 0.517188 0.371875 0.520312 0.376563 0.520312 0.379688 0.518750 0.387500 0.510938 0.390625 0.504687 0.390625 0.493750 0.389062 0.490625
1 0.554688 0.453125 0.553125 0.456250 0.553125 0.476562 0.556250 0.482812 0.559375 0.485938 0.562500 0.487500 0.571875 0.489063 0.576562 0.484375 0.579688 0.478125 0.581250 0.473438 0.581250 0.460938 0.579688 0.457813 0.576562 0.453125 0.573438 0.451562 0.559375 0.451562 0.557813 0.453125
1 0.554688 0.489063 0.551562 0.490625 0.546875 0.495312 0.545312 0.498437 0.543750 0.504687 0.545312 0.512500 0.546875 0.515625 0.550000 0.518750 0.556250 0.518750 0.564063 0.521875 0.568750 0.517188 0.570312 0.514062 0.571875 0.509375 0.571875 0.501563 0.570312 0.496875 0.568750 0.493750 0.565625 0.490625 0.562500 0.489063
1 0.529687 0.337500 0.529687 0.345313 0.531250 0.348438 0.540625 0.350000 0.545312 0.345313 0.545312 0.337500 0.540625 0.332813 0.537500 0.331250
1 0.565625 0.343750 0.562500 0.343750 0.559375 0.345313 0.556250 0.348438 0.556250 0.354687 0.560937 0.359375 0.567187 0.357812 0.568750 0.354687 0.568750 0.346875
1 0.409375 0.832812 0.403125 0.832812 0.396875 0.835938 0.395313 0.837500 0.395313 0.839063 0.392188 0.842187 0.390625 0.845313 0.390625 0.848437 0.395313 0.856250 0.400000 0.860938 0.404687 0.860938 0.410938 0.857812 0.412500 0.856250 0.412500 0.854688 0.415625 0.851562 0.415625 0.840625 0.412500 0.834375
1 0.807813 0.184375 0.804688 0.185938 0.800000 0.190625 0.800000 0.195312 0.798438 0.196875 0.798438 0.200000 0.800000 0.204687 0.804688 0.209375 0.804688 0.210938 0.807813 0.214062 0.814063 0.215625 0.820312 0.214062 0.826562 0.207813 0.828125 0.204687 0.828125 0.200000 0.826562 0.198437 0.826562 0.192188 0.825000 0.189062 0.821875 0.185938 0.818750 0.184375
0 0.748437 0.189062 0.740625 0.190625 0.737500 0.192188 0.731250 0.196875 0.726562 0.201563 0.726562 0.207813 0.725000 0.210938 0.720313 0.215625 0.720313 0.228125 0.721875 0.231250 0.729688 0.239063 0.734375 0.239063 0.739062 0.243750 0.739062 0.251563 0.743750 0.256250 0.754687 0.256250 0.760938 0.248438 0.764062 0.245312 0.770312 0.242188 0.773438 0.239063 0.776563 0.234375 0.779687 0.228125 0.778125 0.223438 0.771875 0.217188 0.767188 0.203125 0.767188 0.195312 0.765625 0.192188
0 0.831250 0.165625 0.828125 0.168750 0.826562 0.171875 0.826562 0.195312 0.828125 0.206250 0.829688 0.209375 0.834375 0.217188 0.840625 0.223438 0.846875 0.226562 0.853125 0.226562 0.856250 0.223438 0.860938 0.221875 0.862500 0.218750 0.862500 0.209375 0.854688 0.201563 0.848437 0.193750 0.848437 0.184375 0.840625 0.168750 0.839063 0.167187 0.835938 0.165625
0 0.567187 0.129953 0.560937 0.134641 0.554688 0.137766 0.551562 0.140891 0.550000 0.145578 0.550000 0.148703 0.553125 0.151828 0.553125 0.154953 0.551562 0.158078 0.537500 0.172141 0.534375 0.178391 0.539062 0.178391 0.540625 0.176828 0.551562 0.176828 0.560937 0.173703 0.579688 0.175266 0.582812 0.172141 0.584375 0.169016 0.584375 0.165891 0.582812 0.162766 0.578125 0.158078 0.575000 0.156516 0.571875 0.156516 0.568750 0.154953 0.565625 0.151828 0.565625 0.148703 0.570281 0.142078 0.576562 0.139328 0.578125 0.134641 0.584375 0.128391
0 0.435937 0.164062 0.435937 0.167187 0.439063 0.173437 0.440625 0.181250 0.445312 0.181250 0.454688 0.185938 0.457813 0.185938 0.464062 0.184375 0.473438 0.187500 0.478125 0.192188 0.482812 0.192188 0.489063 0.185938 0.489063 0.181250 0.481250 0.165625 0.478125 0.162500 0.473438 0.160938 0.467187 0.162500 0.459375 0.160938 0.453125 0.156250 0.442188 0.156250 0.437500 0.160938
1 0.576562 0.309375 0.573438 0.310937 0.571875 0.314063 0.571875 0.317188 0.573438 0.320312 0.579688 0.325000 0.582812 0.321875 0.582812 0.312500 0.579688 0.309375
1 0.553125 0.314063 0.548438 0.314063 0.540625 0.321875 0.539062 0.326562 0.540625 0.331250 0.542188 0.331250 0.545312 0.332813 0.548438 0.331250 0.554688 0.325000 0.554688 0.318750
0 0.345313 0.979688 0.345313 0.998437 0.401562 0.998437 0.398438 0.993750 0.398438 0.989062 0.396875 0.984375 0.392188 0.978125 0.390625 0.976562 0.384375 0.973437 0.354687 0.973437 0.346875 0.976562
0 0.445312 0.993750 0.445312 0.998437 0.482812 0.998437 0.482812 0.990625 0.484375 0.989062 0.484375 0.981250 0.481250 0.979688 0.471875 0.976562 0.460938 0.976562 0.451562 0.981250 0.450000 0.982812 0.448437 0.985938