1 0.384375 0.093750 0.382812 0.098437 0.384375 0.103125 0.390625 0.109375 0.393750 0.110937 0.400000 0.109375 0.401562 0.104688 0.401562 0.101562 0.398438 0.095312 0.395313 0.093750 0.390625 0.092188 0.387500 0.092188
1 0.426563 0.096875 0.423438 0.100000 0.421875 0.103125 0.421875 0.110937 0.423438 0.114062 0.425000 0.115625 0.428125 0.117188 0.437500 0.117188 0.442188 0.112500 0.443750 0.107813 0.443750 0.101562 0.440625 0.098437 0.437500 0.096875 0.431250 0.095312
1 0.418750 0.135937 0.414062 0.140625 0.414062 0.151562 0.418750 0.156250 0.425000 0.156250 0.428125 0.154688 0.429688 0.140625 0.428125 0.137500 0.425000 0.135937
1 0.390625 0.134375 0.387500 0.137500 0.387500 0.143750 0.390625 0.145313 0.395313 0.145313 0.398438 0.142187 0.398438 0.137500 0.395313 0.134375
1 0.557813 0.298438 0.548438 0.298438 0.545312 0.300000 0.543750 0.301563 0.542188 0.304688 0.542188 0.312500 0.543750 0.315625 0.548438 0.320312 0.551562 0.321875 0.556250 0.320312 0.559375 0.317188 0.560937 0.317188 0.562500 0.315625 0.564063 0.312500 0.564063 0.304688 0.562500 0.301563 0.560937 0.300000
1 0.567187 0.315625 0.560937 0.317188 0.554688 0.323437 0.554688 0.331250 0.557813 0.337500 0.560937 0.340625 0.565625 0.342187 0.568750 0.342187 0.573438 0.340625 0.576562 0.337500 0.578125 0.332813 0.578125 0.325000 0.575000 0.318750 0.571875 0.317188
1 0.532813 0.326562 0.529687 0.328125 0.525000 0.332813 0.523438 0.335938 0.523438 0.342187 0.525000 0.345313 0.528125 0.348438 0.531250 0.350000 0.542188 0.350000 0.545312 0.348438 0.548438 0.342187 0.548438 0.335938 0.545312 0.329688 0.540625 0.326562
1 0.609375 0.332813 0.607812 0.335938 0.607812 0.345313 0.609375 0.348438 0.612500 0.351562 0.621875 0.351562 0.626563 0.346875 0.628125 0.340625 0.626563 0.335938 0.625000 0.332813
1 0.593750 0.354687 0.589063 0.356250 0.585938 0.357812 0.584375 0.359375 0.584375 0.360938 0.582812 0.367188 0.584375 0.375000 0.587500 0.378125 0.593750 0.378125 0.598437 0.376563 0.601562 0.373437 0.603125 0.370312 0.603125 0.364063 0.600000 0.357812
1 0.568750 0.365625 0.564063 0.370312 0.562500 0.373437 0.562500 0.379688 0.564063 0.382812 0.567187 0.385937 0.570312 0.387500 0.579688 0.387500 0.584375 0.382812 0.584375 0.373437 0.581250 0.367188 0.579688 0.365625 0.576562 0.364063 0.573438 0.364063
1 0.743750 0.312500 0.740625 0.314063 0.739062 0.315625 0.737500 0.318750 0.737500 0.329688 0.739062 0.332813 0.743750 0.337500 0.746875 0.339062 0.750000 0.339062 0.753125 0.337500 0.757812 0.332813 0.759375 0.326562 0.757812 0.318750 0.754687 0.315625 0.748437 0.312500
1 0.789062 0.345313 0.785937 0.346875 0.784375 0.348438 0.782813 0.351562 0.782813 0.360938 0.784375 0.364063 0.790625 0.367188 0.795312 0.367188 0.798438 0.365625 0.800000 0.364063 0.801562 0.360938 0.801562 0.350000 0.798438 0.346875 0.795312 0.345313
1 0.734375 0.390625 0.729688 0.395313 0.729688 0.403125 0.731250 0.406250 0.732812 0.407813 0.735938 0.409375 0.740625 0.409375 0.743750 0.407813 0.745313 0.406250 0.746875 0.403125 0.746875 0.398438 0.743750 0.392188 0.740625 0.390625
1 0.754687 0.390625 0.751563 0.393750 0.751563 0.401562 0.754687 0.404687 0.762500 0.403125 0.764062 0.400000 0.764062 0.393750 0.760938 0.390625
1 0.759375 0.414062 0.757812 0.428125 0.759375 0.431250 0.762500 0.432812 0.773438 0.431250 0.775000 0.428125 0.775000 0.418750 0.773438 0.415625 0.770312 0.412500 0.762500 0.412500
1 0.812500 0.379688 0.806250 0.385937 0.804688 0.385937 0.800000 0.390625 0.800000 0.396875 0.801562 0.401562 0.803125 0.404687 0.807813 0.409375 0.810937 0.410938 0.821875 0.410938 0.828125 0.407813 0.829688 0.404687 0.829688 0.390625 0.828125 0.387500 0.823438 0.382812 0.818750 0.379688
1 0.882812 0.385937 0.879687 0.389062 0.879687 0.398438 0.882812 0.401562 0.893750 0.400000 0.895312 0.395313 0.895312 0.392188 0.893750 0.389062 0.890625 0.385937
1 0.859375 0.404687 0.860938 0.418750 0.865625 0.418750 0.868750 0.417187 0.870313 0.407813 0.867188 0.404687 0.864062 0.403125
1 0.848437 0.406250 0.845313 0.409375 0.845313 0.417187 0.848437 0.420312 0.854688 0.420312 0.857812 0.417187 0.857812 0.412500 0.856250 0.409375 0.853125 0.406250
1 0.853125 0.443750 0.851562 0.446875 0.851562 0.450000 0.853125 0.453125 0.856250 0.456250 0.860938 0.457813 0.864062 0.454688 0.865625 0.451562 0.865625 0.446875 0.862500 0.443750 0.859375 0.442188
1 0.895312 0.400000 0.892188 0.403125 0.890625 0.406250 0.890625 0.414062 0.892188 0.417187 0.895312 0.420312 0.900000 0.421875 0.903125 0.421875 0.909375 0.418750 0.910937 0.417187 0.912500 0.414062 0.912500 0.407813 0.910937 0.404687 0.909375 0.403125 0.903125 0.400000
1 0.281250 0.510938 0.278125 0.512500 0.275000 0.512500 0.271875 0.515625 0.270313 0.518750 0.270313 0.523438 0.273438 0.529687 0.275000 0.531250 0.278125 0.532813 0.282813 0.531250 0.285938 0.529687 0.287500 0.528125 0.289062 0.525000 0.289062 0.517188 0.284375 0.512500
1 0.232813 0.542188 0.229687 0.543750 0.223438 0.550000 0.220312 0.556250 0.223438 0.562500 0.228125 0.562500 0.231250 0.564063 0.234375 0.567187 0.239063 0.568750 0.242188 0.565625 0.243750 0.565625 0.248438 0.560937 0.248438 0.548438 0.243750 0.543750 0.239063 0.542188
1 0.223438 0.560937 0.220312 0.562500 0.215625 0.567187 0.214062 0.571875 0.214062 0.582812 0.217188 0.585938 0.220312 0.587500 0.231250 0.587500 0.235937 0.584375 0.237500 0.581250 0.239063 0.576562 0.237500 0.564063 0.234375 0.562500 0.228125 0.560937
1 0.601562 0.565625 0.598437 0.567187 0.596875 0.568750 0.595313 0.571875 0.595313 0.578125 0.596875 0.582812 0.600000 0.585938 0.603125 0.585938 0.606250 0.587500 0.609375 0.585938 0.612500 0.582812 0.612500 0.570312 0.610938 0.567187
1 0.628125 0.557813 0.625000 0.559375 0.621875 0.567187 0.623437 0.573438 0.628125 0.578125 0.635938 0.578125 0.642188 0.571875 0.642188 0.564063 0.640625 0.560937 0.639062 0.559375 0.635938 0.557813
1 0.629687 0.518750 0.629687 0.532813 0.634375 0.537500 0.642188 0.537500 0.648438 0.531250 0.648438 0.523438 0.646875 0.520312 0.642188 0.515625 0.637500 0.515625
1 0.517188 0.596875 0.514062 0.600000 0.512500 0.603125 0.512500 0.607812 0.514062 0.614062 0.515625 0.618750 0.518750 0.621875 0.525000 0.623437 0.532813 0.621875 0.535937 0.618750 0.537500 0.610938 0.535937 0.601562 0.532813 0.598437 0.526563 0.595313 0.520312 0.595313
0 0.482812 0.609375 0.478125 0.615625 0.478125 0.620313 0.481250 0.626563 0.484375 0.631250 0.487500 0.632812 0.496875 0.632812 0.501563 0.631250 0.504687 0.628125 0.506250 0.623437 0.506250 0.617188 0.504687 0.612500 0.501563 0.609375 0.498437 0.607812 0.485938 0.607812
0 0.456250 0.575000 0.453125 0.578125 0.453125 0.587500 0.450000 0.593750 0.450000 0.604688 0.451562 0.607812 0.456250 0.612500 0.462500 0.615625 0.475000 0.615625 0.478125 0.614062 0.479687 0.612500 0.484375 0.606250 0.485938 0.603125 0.485938 0.587500 0.484375 0.584375 0.478125 0.578125 0.475000 0.576562 0.470313 0.575000
0 0.614062 0.593750 0.607812 0.590625 0.598437 0.590625 0.590625 0.593750 0.581250 0.603125 0.579688 0.606250 0.579688 0.618750 0.582812 0.625000 0.587500 0.629687 0.590625 0.631250 0.593750 0.631250 0.609375 0.629687 0.615625 0.623437 0.617188 0.617188 0.617188 0.610938 0.615625 0.600000 0.615625 0.596875
0 0.532813 0.520312 0.529687 0.521875 0.526563 0.525000 0.525000 0.529687 0.518750 0.531250 0.515625 0.532813 0.514062 0.535937 0.514062 0.551562 0.518750 0.559375 0.518750 0.565625 0.525000 0.571875 0.528125 0.573438 0.532813 0.575000 0.548438 0.575000 0.553125 0.573438 0.557813 0.570312 0.562500 0.565625 0.564063 0.546875 0.564063 0.542188 0.562500 0.537500 0.560937 0.534375 0.551562 0.523438 0.545312 0.520312
0 0.493750 0.518750 0.490625 0.520312 0.482812 0.528125 0.481250 0.531250 0.481250 0.540625 0.484375 0.545312 0.493750 0.553125 0.496875 0.554688 0.501563 0.554688 0.507812 0.551562 0.510938 0.548438 0.512500 0.543750 0.514062 0.532813 0.512500 0.528125 0.509375 0.523438 0.506250 0.520312 0.496875 0.518750
0 0.264062 0.570312 0.260937 0.571875 0.254688 0.578125 0.253125 0.581250 0.251563 0.587500 0.251563 0.595313 0.253125 0.603125 0.259375 0.609375 0.268750 0.609375 0.270313 0.610938 0.278125 0.610938 0.282813 0.606250 0.284375 0.603125 0.285938 0.595313 0.285938 0.579688 0.284375 0.576562 0.281250 0.573438 0.278125 0.571875 0.271875 0.570312
0 0.214062 0.475000 0.209375 0.476562 0.209375 0.485938 0.206250 0.489063 0.203125 0.500000 0.203125 0.507812 0.207813 0.512500 0.214062 0.515625 0.218750 0.517188 0.223438 0.517188 0.229687 0.510938 0.234375 0.501563 0.234375 0.492188 0.232813 0.485938 0.231250 0.482812 0.229687 0.481250 0.226562 0.479687 0.220312 0.479687
1 0.468750 0.846875 0.462500 0.843750 0.457813 0.843750 0.454688 0.845313 0.451562 0.848437 0.450000 0.851562 0.448437 0.856250 0.448437 0.865625 0.453125 0.870313 0.460938 0.870313 0.468750 0.862500 0.470313 0.859375 0.470313 0.850000
1 0.496875 0.834375 0.493750 0.837500 0.493750 0.851562 0.500000 0.857812 0.510938 0.857812 0.515625 0.853125 0.517188 0.850000 0.517188 0.842187 0.515625 0.839063 0.510938 0.834375
1 0.481250 0.887500 0.475000 0.890625 0.471875 0.896875 0.471875 0.907813 0.473438 0.910937 0.478125 0.915625 0.485938 0.915625 0.489063 0.914062 0.492188 0.910937 0.493750 0.907813 0.493750 0.896875 0.490625 0.890625 0.484375 0.887500
1 0.264062 0.943750 0.259375 0.948438 0.257812 0.951562 0.257812 0.960938 0.260937 0.967187 0.267188 0.970313 0.273438 0.970313 0.276562 0.968750 0.279687 0.965625 0.282813 0.959375 0.282813 0.953125 0.279687 0.946875 0.278125 0.945312 0.275000 0.943750
1 0.217188 0.881250 0.214062 0.882812 0.210938 0.885938 0.207813 0.890625 0.207813 0.903125 0.214062 0.909375 0.226562 0.909375 0.229687 0.906250 0.231250 0.903125 0.232813 0.896875 0.232813 0.892188 0.231250 0.887500 0.228125 0.884375 0.225000 0.882812 0.220312 0.881250
1 0.162500 0.806250 0.153125 0.806250 0.150000 0.807813 0.146875 0.810937 0.145313 0.814063 0.145313 0.825000 0.146875 0.828125 0.150000 0.831250 0.153125 0.832812 0.157812 0.832812 0.162500 0.831250 0.167187 0.826562 0.168750 0.823438 0.168750 0.814063 0.165625 0.807813
1 0.129688 0.834375 0.125000 0.839063 0.121875 0.843750 0.118750 0.850000 0.118750 0.857812 0.121875 0.864062 0.123438 0.865625 0.125000 0.865625 0.128125 0.868750 0.135937 0.868750 0.140625 0.867188 0.145313 0.864062 0.146875 0.860938 0.148438 0.856250 0.148438 0.840625 0.146875 0.837500 0.132812 0.834375
1 0.098437 0.821875 0.095312 0.825000 0.093750 0.828125 0.093750 0.835938 0.095312 0.840625 0.101562 0.846875 0.110937 0.846875 0.115625 0.842187 0.117188 0.839063 0.118750 0.834375 0.118750 0.829688 0.117188 0.826562 0.115625 0.825000 0.112500 0.823438 0.106250 0.821875
1 0.095312 0.846875 0.082812 0.846875 0.079687 0.848437 0.073438 0.854688 0.071875 0.859375 0.071875 0.870313 0.073438 0.873437 0.078125 0.878125 0.082812 0.881250 0.089063 0.881250 0.093750 0.879687 0.096875 0.878125 0.101562 0.873437 0.103125 0.870313 0.103125 0.854688 0.101562 0.851562 0.098437 0.848437
1 0.128125 0.887500 0.121875 0.887500 0.117188 0.890625 0.110937 0.896875 0.107813 0.903125 0.107813 0.910937 0.109375 0.914062 0.114062 0.918750 0.117188 0.920312 0.121875 0.921875 0.128125 0.918750 0.134375 0.912500 0.135937 0.909375 0.135937 0.900000 0.131250 0.890625
1 0.167187 0.910937 0.160938 0.910937 0.157812 0.912500 0.150000 0.920312 0.148438 0.923438 0.148438 0.932813 0.150000 0.935937 0.153125 0.939063 0.156250 0.940625 0.165625 0.940625 0.168750 0.939063 0.170313 0.937500 0.173437 0.931250 0.173437 0.918750 0.170313 0.912500
1 0.193750 0.906250 0.187500 0.906250 0.182812 0.907813 0.179688 0.909375 0.175000 0.914062 0.173437 0.918750 0.173437 0.923438 0.175000 0.932813 0.178125 0.935937 0.181250 0.937500 0.185938 0.939063 0.190625 0.939063 0.193750 0.937500 0.198437 0.932813 0.200000 0.929688 0.201563 0.918750 0.201563 0.915625 0.200000 0.912500
1 0.185938 0.968750 0.182812 0.970313 0.179688 0.976562 0.179688 0.987500 0.182812 0.990625 0.185938 0.992188 0.193750 0.992188 0.196875 0.990625 0.198437 0.989062 0.200000 0.985938 0.201563 0.981250 0.200000 0.973437 0.196875 0.970313 0.193750 0.968750
1 0.087500 0.923438 0.085938 0.928125 0.089063 0.931250 0.095312 0.931250 0.104688 0.934375 0.107813 0.935937 0.110937 0.934375 0.110937 0.931250 0.112500 0.929688 0.112500 0.926562 0.110937 0.921875 0.109375 0.918750 0.104688 0.914062 0.096875 0.914062
1 0.187500 0.839063 0.184375 0.842187 0.181250 0.846875 0.179688 0.850000 0.178125 0.854688 0.178125 0.859375 0.179688 0.864062 0.184375 0.868750 0.195312 0.868750 0.198437 0.867188 0.204687 0.860938 0.206250 0.857812 0.207813 0.853125 0.207813 0.848437 0.206250 0.845313 0.196875 0.843750 0.190625 0.839063
1 0.056250 0.951562 0.043750 0.951562 0.040625 0.953125 0.035937 0.957812 0.034375 0.962500 0.034375 0.970313 0.035937 0.973437 0.039062 0.976562 0.042188 0.978125 0.046875 0.979688 0.050000 0.979688 0.054688 0.978125 0.057813 0.976562 0.060937 0.973437 0.062500 0.970313 0.062500 0.960938 0.060937 0.956250