0 0.773438 0.173437 0.773438 0.185938 0.770312 0.189062 0.768750 0.192188 0.768750 0.196875 0.778125 0.196875 0.785937 0.200000 0.789062 0.203125 0.795312 0.201563 0.795312 0.198437 0.800000 0.190625 0.800000 0.185938 0.798438 0.182812 0.793750 0.178125 0.792188 0.178125 0.785937 0.171875
0 0.790625 0.203125 0.787500 0.200000 0.778125 0.196875 0.768750 0.196875 0.765625 0.198437 0.762500 0.201563 0.762500 0.203125 0.759375 0.206250 0.754687 0.206250 0.751563 0.207813 0.745313 0.214062 0.745313 0.223438 0.748437 0.228125 0.751563 0.231250 0.756250 0.232813 0.776563 0.229687 0.782813 0.228125 0.785937 0.226562 0.787500 0.223438 0.789062 0.218750 0.790625 0.207813
0 0.795312 0.232813 0.789062 0.232813 0.785937 0.235937 0.782813 0.235937 0.778125 0.234375 0.771875 0.231250 0.767188 0.231250 0.765625 0.232813 0.759375 0.232813 0.756250 0.234375 0.756250 0.237500 0.754687 0.239063 0.754687 0.250000 0.751563 0.254688 0.751563 0.262500 0.757812 0.270313 0.760938 0.273438 0.768750 0.279687 0.773438 0.279687 0.778125 0.278125 0.785937 0.275000 0.795312 0.267188 0.798438 0.260937 0.800000 0.254688 0.800000 0.248438 0.801562 0.246875 0.801562 0.242188 0.800000 0.237500
0 0.729688 0.232813 0.723437 0.232813 0.720313 0.235937 0.720313 0.239063 0.721875 0.240625 0.721875 0.243750 0.718750 0.250000 0.712500 0.257812 0.710938 0.260937 0.710938 0.264062 0.714063 0.270313 0.717187 0.273438 0.720313 0.275000 0.723437 0.275000 0.728125 0.273438 0.734375 0.270313 0.739062 0.267188 0.745313 0.262500 0.746875 0.251563 0.743750 0.242188 0.737500 0.235937 0.734375 0.234375
0 0.707812 0.282813 0.709375 0.290625 0.715625 0.292187 0.718750 0.295312 0.720313 0.298438 0.720313 0.301563 0.723437 0.304688 0.723437 0.306250 0.742188 0.307812 0.745313 0.306250 0.754687 0.298438 0.757812 0.298438 0.765625 0.290625 0.767188 0.287500 0.767188 0.284375 0.768750 0.281250 0.765625 0.278125 0.762500 0.276562 0.754687 0.273438 0.750000 0.271875 0.734375 0.271875 0.721875 0.275000 0.717187 0.276562
0 0.739062 0.310937 0.735938 0.312500 0.725000 0.323437 0.723437 0.326562 0.723437 0.334375 0.728125 0.340625 0.728125 0.345313 0.731250 0.351562 0.735938 0.356250 0.742188 0.359375 0.748437 0.365625 0.753125 0.368750 0.756250 0.370312 0.764062 0.370312 0.770312 0.364063 0.771875 0.359375 0.773438 0.351562 0.773438 0.337500 0.771875 0.332813 0.768750 0.326562 0.764062 0.320312 0.751563 0.312500 0.746875 0.310937
0 0.787500 0.348438 0.785937 0.353125 0.789062 0.356250 0.793750 0.357812 0.796875 0.360938 0.798438 0.365625 0.804688 0.373437 0.803125 0.376563 0.800000 0.379688 0.798438 0.382812 0.798438 0.393750 0.800000 0.396875 0.804688 0.403125 0.809375 0.406250 0.812500 0.407813 0.821875 0.407813 0.831250 0.403125 0.834375 0.400000 0.835938 0.396875 0.837500 0.392188 0.839063 0.378125 0.843750 0.378125 0.845313 0.379688 0.851562 0.379688 0.856250 0.376563 0.856250 0.371875 0.857812 0.370312 0.857812 0.364063 0.856250 0.360938 0.848437 0.353125 0.840625 0.350000 0.834375 0.348438 0.825000 0.350000 0.818750 0.350000 0.810937 0.343750 0.792188 0.343750
0 0.848437 0.400000 0.846875 0.401562 0.846875 0.407813 0.848437 0.412500 0.848437 0.417187 0.853125 0.426563 0.857812 0.431250 0.864062 0.434375 0.868750 0.434375 0.871875 0.437500 0.881250 0.437500 0.884375 0.435937 0.889062 0.432812 0.895312 0.426563 0.896875 0.417187 0.896875 0.409375 0.893750 0.403125 0.890625 0.398438 0.885938 0.395313 0.881250 0.393750 0.870313 0.393750 0.864062 0.396875 0.857812 0.396875 0.851562 0.398438
0 0.957812 0.375000 0.953125 0.373437 0.942187 0.371875 0.928125 0.370312 0.925000 0.370312 0.923438 0.371875 0.918750 0.371875 0.906250 0.376563 0.901563 0.381250 0.895312 0.382812 0.892188 0.385937 0.890625 0.389062 0.890625 0.396875 0.898438 0.409375 0.898438 0.414062 0.900000 0.418750 0.904687 0.423438 0.910937 0.426563 0.923438 0.426563 0.932813 0.425000 0.937500 0.423438 0.943750 0.420312 0.946875 0.415625 0.946875 0.403125 0.943750 0.400000 0.945312 0.396875 0.946875 0.395313 0.951562 0.393750 0.959375 0.385937
0 0.975000 0.309375 0.965625 0.309375 0.957812 0.314063 0.950000 0.314063 0.946875 0.315625 0.937500 0.326562 0.935937 0.331250 0.935937 0.337500 0.931250 0.343750 0.929688 0.348438 0.929688 0.357812 0.932813 0.364063 0.935937 0.367188 0.945312 0.368750 0.953125 0.373437 0.960938 0.376563 0.964063 0.376563 0.970313 0.373437 0.971875 0.370312 0.971875 0.365625 0.973437 0.362500 0.982812 0.360938 0.989062 0.357812 0.990625 0.340625 0.987500 0.335938 0.987500 0.326562 0.985938 0.320312 0.981250 0.314063
0 0.998437 0.282813 0.982812 0.290625 0.981250 0.292187 0.976562 0.298438 0.975000 0.301563 0.975000 0.310937 0.978125 0.317188 0.984375 0.325000 0.985938 0.331250 0.987500 0.334375 0.989062 0.335938 0.992188 0.337500 0.998437 0.337500
0 0.843750 0.189062 0.835938 0.187500 0.832812 0.187500 0.828125 0.189062 0.821875 0.193750 0.812500 0.201563 0.809375 0.203125 0.804688 0.203125 0.800000 0.204687 0.793750 0.210938 0.793750 0.217188 0.800000 0.223438 0.803125 0.225000 0.809375 0.226562 0.815625 0.234375 0.817187 0.235937 0.823438 0.239063 0.839063 0.237500 0.839063 0.231250 0.837500 0.229687 0.837500 0.225000 0.839063 0.221875 0.845313 0.215625 0.848437 0.207813 0.846875 0.190625
0 0.856250 0.185938 0.851562 0.187500 0.846875 0.190625 0.846875 0.204687 0.845313 0.209375 0.842187 0.212500 0.843750 0.215625 0.840625 0.218750 0.839063 0.223438 0.840625 0.232813 0.842187 0.235937 0.845313 0.239063 0.853125 0.237500 0.856250 0.239063 0.860938 0.243750 0.864062 0.245312 0.870313 0.245312 0.873437 0.243750 0.879687 0.239063 0.881250 0.235937 0.882812 0.231250 0.882812 0.203125 0.879687 0.198437 0.879687 0.193750 0.878125 0.190625 0.871875 0.187500 0.864062 0.185938
0 0.887500 0.212500 0.884375 0.218750 0.884375 0.225000 0.885938 0.228125 0.892188 0.234375 0.901563 0.235937 0.917188 0.237500 0.926562 0.235937 0.926562 0.214062 0.923438 0.207813 0.920312 0.204687 0.900000 0.204687 0.895312 0.206250
0 0.928125 0.193750 0.921875 0.200000 0.921875 0.206250 0.925000 0.210938 0.926562 0.218750 0.928125 0.237500 0.931250 0.239063 0.935937 0.240625 0.942187 0.242188 0.956250 0.242188 0.960938 0.240625 0.964063 0.239063 0.962500 0.235937 0.964063 0.232813 0.970313 0.225000 0.970313 0.214062 0.968750 0.210938 0.965625 0.207813 0.959375 0.206250 0.951562 0.204687 0.950000 0.200000 0.945312 0.195312 0.942187 0.193750
0 0.879687 0.248438 0.879687 0.253125 0.881250 0.256250 0.884375 0.260937 0.889062 0.267188 0.895312 0.273438 0.901563 0.276562 0.906250 0.278125 0.914062 0.278125 0.920312 0.276562 0.923438 0.275000 0.929688 0.270313 0.937500 0.262500 0.939063 0.259375 0.939063 0.250000 0.934375 0.245312 0.928125 0.242188 0.918750 0.239063 0.912500 0.237500 0.890625 0.237500
0 0.879687 0.257812 0.873437 0.251563 0.867188 0.250000 0.860938 0.250000 0.856250 0.251563 0.853125 0.253125 0.850000 0.257812 0.846875 0.259375 0.842187 0.259375 0.837500 0.260937 0.834375 0.264062 0.832812 0.267188 0.832812 0.273438 0.834375 0.278125 0.835938 0.281250 0.840625 0.285938 0.845313 0.287500 0.851562 0.289062 0.860938 0.290625 0.865625 0.290625 0.867188 0.289062 0.870313 0.289062 0.873437 0.282813 0.878125 0.278125 0.879687 0.278125 0.884375 0.273438 0.884375 0.270313 0.879687 0.264062
0 0.801562 0.289062 0.800000 0.290625 0.798438 0.293750 0.796875 0.310937 0.796875 0.317188 0.798438 0.320312 0.801562 0.323437 0.812500 0.328125 0.817187 0.334375 0.821875 0.334375 0.828125 0.337500 0.835938 0.337500 0.839063 0.335938 0.842187 0.332813 0.848437 0.325000 0.848437 0.317188 0.846875 0.314063 0.837500 0.304688 0.832812 0.295312 0.825000 0.287500 0.821875 0.285938 0.807813 0.285938
0 0.862500 0.290625 0.871875 0.298438 0.875000 0.301563 0.876563 0.307812 0.879687 0.310937 0.885938 0.310937 0.896875 0.306250 0.903125 0.304688 0.907813 0.306250 0.912500 0.304688 0.915625 0.301563 0.917188 0.296875 0.917188 0.289062 0.915625 0.285938 0.912500 0.282813 0.892188 0.273438 0.889062 0.273438 0.884375 0.270313 0.879687 0.271875 0.876563 0.275000 0.868750 0.285938
0 0.860938 0.329688 0.859375 0.332813 0.859375 0.340625 0.862500 0.345313 0.862500 0.354687 0.867188 0.359375 0.870313 0.360938 0.881250 0.360938 0.889062 0.356250 0.892188 0.356250 0.896875 0.360938 0.904687 0.360938 0.910937 0.357812 0.912500 0.356250 0.912500 0.354687 0.915625 0.351562 0.917188 0.348438 0.920312 0.334375 0.923438 0.329688 0.923438 0.326562 0.921875 0.321875 0.918750 0.318750 0.909375 0.315625 0.885938 0.315625 0.879687 0.318750 0.875000 0.325000 0.864062 0.326562
0 0.845141 0.304281 0.845141 0.313656 0.848266 0.319906 0.852953 0.324594 0.856078 0.326156 0.860766 0.326156 0.873266 0.321469 0.876391 0.318344 0.876391 0.312094 0.873266 0.308969 0.873266 0.305844 0.870141 0.302719 0.867016 0.301156 0.854516 0.302719 0.851391 0.301156