0 0.570312 0.271875 0.567187 0.275000 0.565625 0.278125 0.565625 0.282813 0.567187 0.285938 0.575000 0.293750 0.573438 0.298438 0.567187 0.298438 0.562500 0.300000 0.559375 0.301563 0.554688 0.306250 0.553125 0.312500 0.553125 0.317188 0.554688 0.321875 0.556250 0.325000 0.559375 0.329688 0.564063 0.334375 0.570312 0.337500 0.575000 0.339062 0.581250 0.339062 0.593750 0.325000 0.604688 0.315625 0.609375 0.309375 0.603125 0.303125 0.603125 0.298438 0.601562 0.295312 0.590625 0.284375 0.587500 0.278125 0.582812 0.275000 0.575000 0.271875
0 0.634375 0.310937 0.632812 0.314063 0.632812 0.318750 0.628125 0.326562 0.628125 0.332813 0.629687 0.335938 0.634375 0.340625 0.665625 0.364063 0.668750 0.362500 0.678125 0.353125 0.685937 0.353125 0.687500 0.354687 0.693750 0.354687 0.698438 0.350000 0.700000 0.346875 0.700000 0.340625 0.696875 0.334375 0.690625 0.325000 0.690625 0.317188 0.689063 0.314063 0.687500 0.312500 0.685937 0.312500 0.682813 0.309375 0.679688 0.307812 0.675000 0.306250 0.668750 0.306250 0.664062 0.303125 0.659375 0.301563 0.650000 0.301563 0.645312 0.303125 0.639062 0.306250
0 0.586031 0.331922 0.582906 0.335047 0.581344 0.338172 0.581344 0.344422 0.587594 0.352234 0.592281 0.355359 0.598531 0.356922 0.609469 0.358484 0.611031 0.361609 0.612594 0.367859 0.614156 0.370984 0.615719 0.372547 0.618844 0.374109 0.629781 0.374109 0.639156 0.366297 0.642281 0.364734 0.654781 0.363172 0.654781 0.360047 0.653219 0.356922 0.650094 0.352234 0.634469 0.338172 0.625094 0.328797 0.615719 0.317859 0.611031 0.310047
0 0.692187 0.404687 0.690625 0.407813 0.690625 0.410938 0.693750 0.415625 0.692187 0.420312 0.689063 0.421875 0.685937 0.421875 0.679688 0.428125 0.678125 0.431250 0.678125 0.443750 0.679688 0.446875 0.682813 0.450000 0.689063 0.451562 0.692187 0.454688 0.693750 0.464062 0.695312 0.467187 0.700000 0.471875 0.703125 0.473438 0.710938 0.473438 0.714063 0.471875 0.715625 0.470313 0.717187 0.467187 0.718750 0.460938 0.720313 0.451562 0.725000 0.451562 0.729688 0.456250 0.732812 0.457813 0.737500 0.457813 0.739062 0.459375 0.742188 0.459375 0.751563 0.454688 0.753125 0.451562 0.754687 0.440625 0.753125 0.431250 0.757812 0.426563 0.757812 0.421875 0.748437 0.412500 0.735938 0.406250 0.728125 0.406250 0.720313 0.398438 0.698438 0.398438
0 0.107813 0.562500 0.101562 0.565625 0.100000 0.568750 0.098437 0.575000 0.096875 0.575000 0.095312 0.576562 0.093750 0.579688 0.093750 0.587500 0.092188 0.592187 0.087500 0.601562 0.085938 0.603125 0.084375 0.603125 0.082812 0.617188 0.087500 0.629687 0.090625 0.632812 0.096875 0.634375 0.096875 0.637500 0.103125 0.645312 0.106250 0.646875 0.112500 0.646875 0.120313 0.650000 0.139063 0.650000 0.145313 0.646875 0.154688 0.639062 0.154688 0.637500 0.160938 0.629687 0.162500 0.626563 0.164062 0.612500 0.164062 0.606250 0.160938 0.598437 0.148438 0.585938 0.146875 0.582812 0.146875 0.579688 0.145313 0.576562 0.142187 0.573438 0.142187 0.571875 0.140625 0.570312 0.137500 0.568750 0.129688 0.570312 0.121875 0.567187 0.118750 0.564063 0.114062 0.562500
0 0.172203 0.568594 0.162828 0.577969 0.162828 0.581094 0.164391 0.584219 0.167516 0.587344 0.167516 0.592031 0.165953 0.604531 0.169078 0.613906 0.169078 0.620156 0.167516 0.621719 0.169078 0.627969 0.175328 0.631094 0.178453 0.631094 0.181578 0.632656 0.183141 0.634219 0.186266 0.642031 0.190953 0.645156 0.190953 0.649844 0.232359 0.621469 0.222203 0.599844 0.217516 0.587344 0.214391 0.582656 0.209703 0.577969 0.206578 0.576406 0.203453 0.576406 0.195641 0.577969 0.194078 0.574844 0.192516 0.574844 0.184703 0.568594
0 0.254688 0.543750 0.251563 0.546875 0.251563 0.551562 0.243750 0.559375 0.225000 0.560937 0.223438 0.564063 0.223438 0.571875 0.218750 0.578125 0.218750 0.584375 0.220312 0.589063 0.223438 0.593750 0.226562 0.603125 0.226562 0.609375 0.228125 0.614062 0.232813 0.625000 0.235937 0.628125 0.243750 0.632812 0.250000 0.634375 0.267188 0.637500 0.278125 0.637500 0.281250 0.634375 0.282813 0.629687 0.284375 0.626563 0.285938 0.625000 0.290625 0.621875 0.292187 0.617188 0.293750 0.615625 0.295312 0.615625 0.298438 0.609375 0.298438 0.596875 0.296875 0.592187 0.293750 0.587500 0.279687 0.571875 0.276562 0.567187 0.273438 0.559375 0.268750 0.554688 0.264062 0.551562 0.262500 0.551562 0.260937 0.550000 0.260937 0.548438 0.259375 0.546875
0 0.073156 0.653031 0.070031 0.657719 0.068469 0.662406 0.066906 0.663969 0.065344 0.663969 0.062219 0.667094 0.062219 0.673344 0.066906 0.693656 0.073156 0.701469 0.079406 0.704594 0.085656 0.704594 0.095031 0.709281 0.102844 0.717094 0.104406 0.721781 0.110656 0.723344 0.110656 0.721781 0.112219 0.720219 0.118469 0.717094 0.124719 0.717094 0.137219 0.718656 0.140344 0.717094 0.141906 0.715531 0.145031 0.709281 0.149719 0.693656 0.151281 0.681156 0.149719 0.676469 0.148156 0.673344 0.145031 0.670219 0.140344 0.671781 0.134094 0.668656 0.134094 0.663969 0.132531 0.659281 0.130969 0.656156 0.124719 0.656156 0.107531 0.651469 0.098156 0.648344 0.077844 0.649906
0 0.323437 0.526563 0.323437 0.534375 0.329688 0.545312 0.331250 0.550000 0.331250 0.554688 0.334375 0.560937 0.337500 0.562500 0.340625 0.562500 0.348438 0.557813 0.357812 0.557813 0.360938 0.559375 0.368750 0.568750 0.375000 0.575000 0.378125 0.576562 0.387500 0.579688 0.392188 0.579688 0.398438 0.578125 0.400000 0.576562 0.403125 0.576562 0.403125 0.568750 0.400000 0.562500 0.396875 0.560937 0.393750 0.560937 0.387500 0.557813 0.384375 0.553125 0.385937 0.550000 0.390625 0.545312 0.390625 0.535937 0.379688 0.537500 0.370312 0.534375 0.364063 0.531250 0.356250 0.523438 0.350000 0.525000 0.348438 0.529687 0.345313 0.531250 0.337500 0.525000 0.332813 0.523438 0.329688 0.523438
0 0.385937 0.613859 0.378469 0.620750 0.370547 0.620578 0.348516 0.628953 0.340313 0.633375 0.345078 0.644750 0.348438 0.652922 0.348438 0.670109 0.350000 0.681047 0.351562 0.684172 0.360938 0.693547 0.364063 0.695109 0.368750 0.695109 0.375000 0.691984 0.378125 0.693547 0.382812 0.698234 0.385937 0.699797 0.390625 0.701359 0.409375 0.699797 0.409375 0.696672 0.414062 0.691984 0.421875 0.687297 0.425000 0.687297 0.428125 0.685734 0.429688 0.681047 0.428125 0.671672 0.431250 0.668547 0.431250 0.657609 0.429688 0.651359 0.428125 0.648234 0.423438 0.641984 0.418750 0.640422 0.409375 0.635734 0.406250 0.632609 0.404687 0.629484 0.404687 0.621672 0.403125 0.618547 0.398438 0.613859
0 0.354687 0.557813 0.348438 0.557813 0.345313 0.559375 0.340625 0.564063 0.335938 0.575000 0.326562 0.567187 0.317188 0.567187 0.310937 0.571875 0.300000 0.575000 0.290625 0.576562 0.290625 0.579688 0.296875 0.584375 0.298438 0.587500 0.301563 0.595313 0.301563 0.600000 0.312500 0.609375 0.318750 0.615625 0.325000 0.623437 0.329688 0.623437 0.332813 0.625000 0.337500 0.629687 0.342187 0.625000 0.348438 0.621875 0.353125 0.621875 0.356250 0.618750 0.360938 0.621875 0.364063 0.617188 0.367188 0.615625 0.376563 0.614062 0.379688 0.610938 0.382812 0.610938 0.387500 0.607812 0.387500 0.601562 0.389062 0.600000 0.389062 0.589063 0.387500 0.584375 0.382812 0.579688 0.376563 0.576562 0.364063 0.562500 0.362500 0.562500 0.359375 0.559375
0 0.315625 0.658328 0.324656 0.661266 0.348375 0.662734 0.344813 0.653078 0.341875 0.643422 0.334937 0.628719 0.328016 0.618641 0.317937 0.610453 0.311625 0.608141 0.297563 0.621578 0.289578 0.630828 0.284969 0.633344 0.283484 0.635656
0 0.230828 0.623578 0.220953 0.628422 0.206047 0.638078 0.196172 0.647734 0.215703 0.663062 0.232094 0.665375 0.257500 0.663484 0.269250 0.657609 0.279547 0.653188 0.293203 0.652359 0.293406 0.647938 0.277656 0.639125 0.248250 0.635141 0.240703 0.628000 0.240062 0.625063 0.240062 0.621687
0 0.194250 0.647484 0.192672 0.646609 0.183391 0.645563 0.179187 0.646609 0.175875 0.658156 0.175344 0.662703 0.175516 0.665328 0.173766 0.667438 0.169563 0.669703 0.168687 0.673203 0.171313 0.680031 0.180062 0.684047 0.183922 0.687375 0.189688 0.691750 0.194766 0.697172 0.196344 0.701375 0.197563 0.706625 0.198969 0.710828 0.199500 0.711531 0.202813 0.706797 0.208062 0.701375 0.215766 0.693500 0.217000 0.692281 0.225219 0.688422 0.231344 0.683000 0.233438 0.679859 0.235375 0.677063 0.235188 0.676359
0 0.297312 0.664453 0.289609 0.669187 0.278062 0.679859 0.273344 0.688781 0.270891 0.697000 0.266688 0.704703 0.261969 0.711875 0.259344 0.713453 0.251641 0.712922 0.243938 0.712234 0.239391 0.706453 0.238000 0.695250 0.237812 0.686500 0.235016 0.679156 0.232047 0.670234 0.232750 0.663750 0.233969 0.659375 0.235375 0.657984 0.256375 0.655000 0.275609 0.655359 0.282266 0.659203 0.282438 0.659203
0 0.310109 0.671078 0.308891 0.670469 0.304875 0.669625 0.299297 0.670953 0.293578 0.674234 0.282766 0.680312 0.276562 0.686266 0.271344 0.691984 0.268672 0.698422 0.268781 0.704859 0.270734 0.709969 0.277422 0.713859 0.289328 0.715313 0.296984 0.715188 0.299297 0.717625 0.301109 0.722734 0.302813 0.726734 0.306219 0.730984 0.310594 0.735609 0.315812 0.739141 0.326266 0.735969 0.331734 0.730875 0.333797 0.727703 0.335141 0.723219 0.335750 0.720172 0.336359 0.717141 0.336359 0.715078 0.336234 0.712156 0.336719 0.711797 0.343406 0.714953 0.351906 0.718234 0.361266 0.716047 0.364547 0.706937 0.363453 0.701469 0.354578 0.691984 0.348016 0.685906 0.344859 0.681656 0.345594 0.678000 0.349109 0.672656 0.350578 0.668531 0.348875 0.662203 0.346562 0.657719 0.343156 0.654188 0.334172 0.652969 0.319828 0.656016 0.314109 0.658813 0.312172 0.660875 0.313516 0.662937 0.315203 0.665484
0 0.315094 0.740922 0.315969 0.746312 0.310859 0.755062 0.304000 0.760750 0.299625 0.764687 0.292484 0.765281 0.279797 0.758422 0.277031 0.753172 0.274406 0.750687 0.272656 0.749969 0.268719 0.757250 0.263609 0.763969 0.251078 0.763813 0.244219 0.759437 0.242906 0.754625 0.243203 0.750844 0.235609 0.752734 0.226141 0.750109 0.218844 0.745734 0.215344 0.740625 0.211984 0.736406 0.209797 0.732313 0.210234 0.727062 0.212281 0.723562 0.212859 0.722250 0.268422 0.710594
0 0.210000 0.738766 0.226469 0.750734 0.227203 0.767359 0.221656 0.770422 0.206500 0.767203 0.200813 0.759328 0.199344 0.757141 0.195563 0.772016 0.191328 0.778141 0.174406 0.779453 0.158078 0.775516 0.150641 0.766625 0.146562 0.758891 0.146406 0.753500 0.147719 0.751609 0.148750 0.749859 0.144813 0.748828 0.138688 0.749266 0.136641 0.740953 0.139406 0.730453 0.141750 0.725797 0.144813 0.722875 0.146406 0.721562 0.148750 0.719953 0.171938 0.716750 0.188125 0.715297 0.205625 0.715141 0.209406 0.715141 0.208531 0.715578
0 0.155594 0.677672 0.155750 0.677672 0.151656 0.669937 0.149328 0.665859 0.145687 0.666438 0.140578 0.667750 0.139562 0.668187 0.138094 0.675766 0.140281 0.686422 0.143203 0.695312 0.143937 0.706687 0.143937 0.715734 0.145094 0.722000 0.160562 0.720547 0.172516 0.720984 0.179078 0.723609 0.183750 0.726813 0.186516 0.728266 0.192641 0.728703 0.201688 0.727984 0.205766 0.725500 0.204594 0.717484 0.201531 0.710484 0.200219 0.704203 0.199781 0.696328 0.193812 0.682328 0.185781 0.676359 0.179219 0.672422 0.176453 0.669500 0.174406 0.667312
0 0.415625 0.606250 0.412500 0.607812 0.409375 0.610938 0.407813 0.614062 0.406250 0.623437 0.406250 0.632812 0.409375 0.635938 0.412500 0.637500 0.418750 0.639062 0.428125 0.648438 0.431250 0.648438 0.434375 0.645312 0.442188 0.635938 0.446875 0.634375 0.446875 0.631250 0.445312 0.628125 0.437500 0.618750 0.434375 0.615625 0.423438 0.617188 0.420312 0.614062 0.420312 0.610938
0 0.365625 0.700000 0.365625 0.707812 0.367188 0.712500 0.370312 0.718750 0.373437 0.721875 0.373437 0.723437 0.376563 0.725000 0.381250 0.720313 0.390625 0.717187 0.396875 0.717187 0.403125 0.714063 0.414062 0.712500 0.414062 0.704688 0.410938 0.700000 0.410938 0.696875 0.407813 0.693750 0.404687 0.698438 0.401562 0.700000 0.390625 0.700000 0.381250 0.695312 0.376563 0.689063
0 0.234766 0.687094 0.233297 0.686469 0.217344 0.690453 0.207047 0.693813 0.201172 0.699906 0.199281 0.704109 0.199281 0.709984 0.202641 0.716922 0.206219 0.720484 0.209578 0.721953 0.213781 0.722594 0.222172 0.721125 0.229312 0.719437 0.236250 0.717547 0.241281 0.716500 0.243172 0.714406 0.246328 0.707672 0.244016 0.704734 0.241906 0.702422 0.239812 0.699703 0.238344 0.697172
0 0.854688 0.000000 0.856250 0.003125 0.856250 0.006250 0.860938 0.015625 0.864062 0.017188 0.868750 0.015625 0.875000 0.010937 0.910937 0.010937 0.915625 0.014063 0.926562 0.014063 0.929688 0.012500 0.932813 0.007812 0.934375 0.003125 0.934375 0.000000
0 0.781250 0.000000 0.782813 0.004687 0.789062 0.010937 0.796875 0.010937 0.800000 0.014063 0.803125 0.015625 0.810937 0.015625 0.815625 0.014063 0.818750 0.012500 0.821875 0.009375 0.825000 0.004687 0.826562 0.000000