1 0.028125 0.610938 0.035937 0.618750 0.040625 0.620313 0.045312 0.620313 0.050000 0.618750 0.053125 0.617188 0.053125 0.612500 0.051562 0.609375 0.048438 0.606250 0.045312 0.604688 0.035937 0.604688 0.031250 0.606250
1 0.014063 0.639062 0.015625 0.651563 0.017188 0.656250 0.018750 0.659375 0.021875 0.662500 0.026562 0.665625 0.029687 0.667188 0.034375 0.668750 0.045312 0.668750 0.048438 0.667188 0.050000 0.665625 0.051562 0.662500 0.051562 0.653125 0.048438 0.646875 0.045312 0.645312 0.040625 0.642188 0.034375 0.639062 0.028125 0.637500 0.017188 0.635938
1 0.221875 0.529687 0.217188 0.534375 0.215625 0.539062 0.215625 0.545312 0.217188 0.548438 0.220312 0.551562 0.226562 0.554688 0.231250 0.554688 0.235937 0.553125 0.239063 0.551562 0.240625 0.550000 0.240625 0.548438 0.242188 0.545312 0.240625 0.537500 0.237500 0.532813 0.234375 0.529687 0.229687 0.528125 0.225000 0.528125
1 0.168750 0.634375 0.168750 0.646875 0.171875 0.650000 0.175000 0.651563 0.181250 0.653125 0.187500 0.653125 0.195312 0.651563 0.198437 0.648438 0.198437 0.635938 0.196875 0.632812 0.193750 0.631250 0.189062 0.629687 0.175000 0.629687 0.171875 0.631250
1 0.232813 0.618750 0.231250 0.621875 0.231250 0.632812 0.234375 0.637500 0.239063 0.642188 0.243750 0.645312 0.250000 0.648438 0.262500 0.646875 0.265625 0.640625 0.265625 0.629687 0.264062 0.626563 0.259375 0.621875 0.250000 0.617188 0.235937 0.617188
1 0.364063 0.606250 0.364063 0.621875 0.367188 0.625000 0.373437 0.626563 0.381250 0.626563 0.385937 0.625000 0.389062 0.623437 0.389062 0.614062 0.379688 0.604688 0.376563 0.603125 0.367188 0.603125
1 0.375000 0.575000 0.375000 0.582812 0.379688 0.587500 0.384375 0.589063 0.390625 0.589063 0.393750 0.587500 0.393750 0.578125 0.389062 0.575000 0.385937 0.573438
1 0.403125 0.575000 0.410938 0.584375 0.420312 0.590625 0.423438 0.592187 0.432812 0.592187 0.435937 0.590625 0.437500 0.585938 0.432812 0.579688 0.426563 0.575000 0.423438 0.573438 0.418750 0.571875 0.409375 0.573438 0.407813 0.575000
1 0.387500 0.595313 0.384375 0.598437 0.384375 0.604688 0.387500 0.607812 0.396875 0.607812 0.398438 0.604688 0.398438 0.600000 0.396875 0.596875 0.393750 0.595313
1 0.398438 0.509375 0.398438 0.517188 0.403125 0.521875 0.406250 0.523438 0.410938 0.523438 0.415625 0.521875 0.418750 0.518750 0.418750 0.512500 0.414062 0.507812 0.407813 0.506250 0.404687 0.507812 0.401562 0.507812
1 0.434375 0.431250 0.432812 0.435937 0.435937 0.443750 0.439063 0.445312 0.453125 0.445312 0.459375 0.442188 0.460938 0.439063 0.460938 0.432812 0.459375 0.429688 0.457813 0.428125 0.451562 0.425000 0.443750 0.425000 0.437500 0.428125
1 0.531250 0.400000 0.528125 0.401562 0.523438 0.406250 0.523438 0.415625 0.525000 0.418750 0.528125 0.421875 0.531250 0.423438 0.540625 0.423438 0.543750 0.421875 0.548438 0.417187 0.548438 0.406250 0.542188 0.400000
1 0.539062 0.478125 0.537500 0.487500 0.540625 0.493750 0.543750 0.495312 0.548438 0.496875 0.554688 0.496875 0.557813 0.493750 0.557813 0.485938 0.556250 0.482812 0.551562 0.478125 0.546875 0.476562 0.542188 0.476562
1 0.557813 0.498437 0.557813 0.506250 0.559375 0.510938 0.562500 0.514062 0.567187 0.517188 0.575000 0.520312 0.587500 0.520312 0.590625 0.517188 0.590625 0.512500 0.589063 0.509375 0.579688 0.500000 0.576562 0.498437 0.571875 0.496875
1 0.614062 0.396875 0.612500 0.407813 0.615625 0.410938 0.618750 0.412500 0.629687 0.412500 0.634375 0.410938 0.637500 0.407813 0.637500 0.400000 0.634375 0.396875 0.631250 0.395313 0.626563 0.393750 0.620313 0.393750
1 0.596875 0.425000 0.595313 0.435937 0.598437 0.439063 0.614062 0.437500 0.612500 0.425000 0.607812 0.423438 0.600000 0.423438
1 0.617188 0.459375 0.617188 0.465625 0.620313 0.471875 0.623437 0.473438 0.631250 0.473438 0.634375 0.470313 0.634375 0.464062 0.629687 0.459375 0.626563 0.457813 0.623437 0.457813
1 0.585938 0.442188 0.584375 0.448437 0.589063 0.453125 0.592187 0.454688 0.601562 0.453125 0.603125 0.450000 0.601562 0.445312 0.600000 0.442188 0.596875 0.440625 0.589063 0.440625
1 0.582812 0.428125 0.581250 0.431250 0.581250 0.435937 0.582812 0.439063 0.593750 0.437500 0.592187 0.426563 0.585938 0.426563
0 0.364063 0.453125 0.354687 0.462500 0.353125 0.465625 0.353125 0.473438 0.354687 0.478125 0.356250 0.481250 0.359375 0.484375 0.378125 0.493750 0.389062 0.493750 0.393750 0.490625 0.398438 0.485938 0.401562 0.479687 0.401562 0.468750 0.400000 0.464062 0.398438 0.460938 0.393750 0.456250 0.389062 0.453125 0.381250 0.450000 0.370312 0.450000
0 0.440625 0.526563 0.439063 0.528125 0.437500 0.531250 0.437500 0.542188 0.440625 0.548438 0.451562 0.557813 0.454688 0.559375 0.464062 0.559375 0.467187 0.557813 0.473438 0.551562 0.473438 0.540625 0.471875 0.535937 0.464062 0.528125 0.459375 0.525000 0.454688 0.523438 0.448437 0.523438 0.443750 0.525000
0 0.589063 0.478125 0.587500 0.482812 0.589063 0.489063 0.598437 0.498437 0.601562 0.500000 0.606250 0.501563 0.615625 0.501563 0.620313 0.500000 0.626563 0.493750 0.628125 0.490625 0.628125 0.484375 0.623437 0.479687 0.607812 0.471875 0.601562 0.473438 0.598437 0.471875 0.592187 0.475000