0 0.707812 0.229687 0.698438 0.228125 0.690625 0.228125 0.685937 0.229687 0.682813 0.232813 0.681250 0.232813 0.678125 0.239063 0.678125 0.243750 0.676562 0.246875 0.667188 0.259375 0.667188 0.262500 0.668750 0.267188 0.676562 0.275000 0.676562 0.278125 0.682813 0.284375 0.685937 0.285938 0.695312 0.285938 0.701562 0.284375 0.704688 0.282813 0.710938 0.275000 0.714063 0.271875 0.723437 0.270313 0.728125 0.267188 0.734375 0.259375 0.734375 0.251563 0.731250 0.248438 0.728125 0.248438 0.723437 0.243750 0.721875 0.239063 0.718750 0.235937
1 0.657813 0.226562 0.648438 0.235937 0.646875 0.239063 0.646875 0.246875 0.648438 0.250000 0.657813 0.259375 0.665625 0.259375 0.670312 0.254688 0.673438 0.250000 0.675000 0.246875 0.675000 0.234375 0.667188 0.226562
1 0.642188 0.282813 0.639062 0.290625 0.640625 0.295312 0.645312 0.295312 0.646875 0.296875 0.653125 0.295312 0.653125 0.293750 0.656250 0.290625 0.656250 0.285938 0.654687 0.282813 0.651563 0.281250 0.645312 0.281250
1 0.651563 0.359375 0.651563 0.360938 0.648438 0.364063 0.646875 0.368750 0.646875 0.373437 0.648438 0.376563 0.654687 0.379688 0.670312 0.379688 0.673438 0.378125 0.675000 0.376563 0.676562 0.373437 0.676562 0.368750 0.675000 0.364063 0.673438 0.360938 0.668750 0.356250 0.665625 0.354687 0.659375 0.354687 0.653125 0.357812
1 0.642188 0.295312 0.639062 0.295312 0.634375 0.296875 0.631250 0.298438 0.628125 0.301563 0.626563 0.301563 0.625000 0.312500 0.628125 0.321875 0.628125 0.331250 0.632812 0.335938 0.637500 0.337500 0.642188 0.335938 0.645312 0.334375 0.646875 0.329688 0.650000 0.325000 0.651563 0.315625 0.653125 0.304688 0.653125 0.301563 0.650000 0.298438 0.646875 0.296875
0 0.660937 0.287500 0.654687 0.293750 0.651563 0.304688 0.650000 0.314063 0.650000 0.329688 0.651563 0.332813 0.657813 0.342187 0.662500 0.346875 0.667188 0.350000 0.676562 0.351562 0.679688 0.353125 0.682813 0.356250 0.689063 0.359375 0.693750 0.359375 0.698438 0.357812 0.701562 0.356250 0.706250 0.351562 0.707812 0.345313 0.712500 0.340625 0.715625 0.340625 0.718750 0.337500 0.720313 0.337500 0.721875 0.335938 0.721875 0.334375 0.723437 0.331250 0.721875 0.325000 0.723437 0.323437 0.723437 0.318750 0.721875 0.314063 0.720313 0.310937 0.717187 0.307812 0.715625 0.307812 0.714063 0.306250 0.714063 0.304688 0.710938 0.301563 0.710938 0.296875 0.709375 0.293750 0.706250 0.290625 0.700000 0.287500 0.684375 0.287500 0.679688 0.284375 0.668750 0.284375 0.664062 0.285938
0 0.695312 0.473438 0.692187 0.471875 0.682813 0.471875 0.675000 0.476562 0.670312 0.476562 0.667188 0.475000 0.660937 0.470313 0.657813 0.468750 0.653125 0.468750 0.648438 0.470313 0.645312 0.471875 0.643750 0.476562 0.640625 0.479687 0.639062 0.484375 0.637500 0.500000 0.637500 0.506250 0.640625 0.510938 0.651563 0.521875 0.654687 0.523438 0.657813 0.523438 0.660937 0.525000 0.667188 0.523438 0.679688 0.517188 0.690625 0.510938 0.696875 0.504687 0.696875 0.492188 0.700000 0.485938 0.700000 0.479687 0.698438 0.476562
0 0.620313 0.421875 0.617188 0.423438 0.615625 0.435937 0.607812 0.434375 0.601562 0.440625 0.596875 0.450000 0.596875 0.457813 0.600000 0.462500 0.601562 0.476562 0.606250 0.478125 0.609375 0.478125 0.626563 0.470313 0.631250 0.465625 0.634375 0.459375 0.634375 0.450000 0.631250 0.446875 0.631250 0.435937 0.629687 0.432812 0.626563 0.428125
0 0.698438 0.639062 0.693750 0.643750 0.693750 0.648438 0.696875 0.657813 0.701562 0.667188 0.704688 0.668750 0.712500 0.668750 0.715625 0.667188 0.720313 0.662500 0.721875 0.657813 0.721875 0.651563 0.717187 0.642188 0.714063 0.640625 0.709375 0.639062
0 0.715625 0.684375 0.715625 0.687500 0.720313 0.692187 0.728125 0.692187 0.731250 0.695312 0.731250 0.698438 0.729688 0.706250 0.731250 0.709375 0.737500 0.712500 0.743750 0.712500 0.746875 0.710938 0.756250 0.701562 0.770312 0.700000 0.770312 0.690625 0.767188 0.682813 0.764062 0.676562 0.762500 0.675000 0.760938 0.675000 0.757812 0.671875 0.753125 0.670312 0.745313 0.670312 0.739062 0.665625 0.729688 0.665625 0.726562 0.667188 0.723437 0.670312 0.723437 0.675000
1 0.762500 0.618750 0.762500 0.625000 0.767188 0.629687 0.779687 0.628125 0.781250 0.625000 0.779687 0.618750 0.776563 0.615625 0.773438 0.614062 0.767188 0.614062
0 0.925000 0.834375 0.925000 0.837500 0.929688 0.842187 0.929688 0.848437 0.928125 0.851562 0.921875 0.856250 0.921875 0.865625 0.929688 0.871875 0.932813 0.875000 0.934375 0.887500 0.943750 0.887500 0.948438 0.882812 0.954688 0.881250 0.954688 0.856250 0.950000 0.850000 0.950000 0.843750 0.948438 0.839063 0.945312 0.835938 0.932813 0.834375
0 0.987500 0.845313 0.982812 0.840625 0.981250 0.840625 0.978125 0.837500 0.970313 0.839063 0.964063 0.840625 0.960938 0.842187 0.959375 0.845313 0.959375 0.854688 0.962500 0.857812 0.970313 0.857812 0.987500 0.854688
0 0.985938 0.809375 0.981250 0.814063 0.978125 0.818750 0.978125 0.826562 0.979688 0.829688 0.984375 0.831250 0.992188 0.835938 0.995313 0.835938 0.998437 0.834375 0.998437 0.812500 0.990625 0.809375
0 0.978125 0.785937 0.978125 0.790625 0.987500 0.800000 0.998437 0.800000 0.998437 0.785937 0.992188 0.779687 0.987500 0.784375
0 0.968750 0.909375 0.968750 0.912500 0.970313 0.915625 0.971875 0.917188 0.973437 0.917188 0.975000 0.918750 0.976562 0.921875 0.971875 0.926562 0.970313 0.931250 0.971875 0.934375 0.973437 0.935937 0.978125 0.937500 0.981250 0.940625 0.981250 0.942187 0.982812 0.943750 0.984375 0.943750 0.989062 0.946875 0.998437 0.954688 0.998437 0.915625 0.989062 0.915625 0.982812 0.914062 0.978125 0.910937 0.973437 0.909375
0 0.948438 0.926562 0.946875 0.931250 0.939063 0.939063 0.937500 0.942187 0.937500 0.950000 0.939063 0.953125 0.943750 0.957812 0.948438 0.959375 0.951562 0.976562 0.957812 0.978125 0.965625 0.978125 0.967187 0.976562 0.976562 0.976562 0.982812 0.970313 0.984375 0.965625 0.982812 0.956250 0.981250 0.950000 0.979688 0.945312 0.978125 0.942187 0.975000 0.937500 0.968750 0.931250 0.962500 0.929688 0.959375 0.926562 0.956250 0.925000 0.951562 0.925000