0 0.023438 0.087500 0.010937 0.101562 0.009375 0.106250 0.009375 0.112500 0.010937 0.114062 0.010937 0.118750 0.007812 0.126562 0.009375 0.131250 0.010937 0.134375 0.015625 0.139063 0.025000 0.145313 0.037500 0.145313 0.053125 0.142187 0.059375 0.139063 0.060937 0.137500 0.062500 0.134375 0.064062 0.120313 0.064062 0.103125 0.060937 0.096875 0.050000 0.085938 0.039062 0.085938 0.031250 0.084375
0 0.082812 0.137500 0.079687 0.140625 0.079687 0.145313 0.084375 0.153125 0.084375 0.157812 0.087500 0.164062 0.093750 0.171875 0.096875 0.175000 0.100000 0.176563 0.103125 0.176563 0.106250 0.178125 0.115625 0.185938 0.123438 0.195312 0.128125 0.196875 0.131250 0.196875 0.134375 0.195312 0.139063 0.190625 0.140625 0.187500 0.142187 0.182812 0.143750 0.176563 0.143750 0.170313 0.135937 0.148438 0.131250 0.143750 0.125000 0.139063 0.118750 0.135937 0.107813 0.131250 0.101562 0.129688 0.096875 0.129688
0 0.085938 0.162500 0.082812 0.160938 0.079687 0.160938 0.076563 0.162500 0.073438 0.165625 0.070312 0.167187 0.065625 0.167187 0.053125 0.164062 0.045312 0.165625 0.045312 0.168750 0.037500 0.175000 0.035937 0.176563 0.034375 0.179688 0.034375 0.184375 0.040625 0.187500 0.043750 0.190625 0.043750 0.201563 0.045312 0.206250 0.046875 0.209375 0.051562 0.214062 0.056250 0.214062 0.057813 0.212500 0.060937 0.212500 0.070312 0.214062 0.076563 0.210938 0.084375 0.203125 0.093750 0.203125 0.096875 0.201563 0.100000 0.198437 0.100000 0.185938 0.095312 0.173437 0.090625 0.167187
0 0.043750 0.234375 0.039062 0.239063 0.037500 0.242188 0.035937 0.246875 0.032813 0.257812 0.032813 0.262500 0.034375 0.265625 0.043750 0.275000 0.048438 0.276562 0.060937 0.273438 0.064062 0.273438 0.073438 0.275000 0.076563 0.273438 0.078125 0.262500 0.076563 0.256250 0.070312 0.245312 0.070312 0.237500 0.067187 0.235937 0.059375 0.234375
0 0.070312 0.215625 0.067187 0.218750 0.064062 0.223438 0.062500 0.228125 0.062500 0.232813 0.065625 0.235937 0.071875 0.239063 0.090625 0.239063 0.093750 0.237500 0.095312 0.226562 0.089063 0.215625 0.085938 0.212500 0.082812 0.210938 0.079687 0.212500 0.076563 0.212500
1 0.023438 0.184375 0.020313 0.187500 0.017188 0.193750 0.017188 0.201563 0.018750 0.204687 0.020313 0.206250 0.026562 0.209375 0.031250 0.210938 0.037500 0.209375 0.039062 0.206250 0.040625 0.201563 0.040625 0.195312 0.039062 0.190625 0.034375 0.185938 0.031250 0.184375
1 0.126562 0.081250 0.121875 0.082812 0.118750 0.084375 0.115625 0.087500 0.114062 0.092188 0.114062 0.096875 0.115625 0.100000 0.121875 0.106250 0.128125 0.109375 0.132812 0.109375 0.139063 0.104688 0.140625 0.101562 0.140625 0.090625 0.139063 0.087500 0.134375 0.082812 0.129688 0.081250
1 0.106250 0.062500 0.104688 0.065625 0.104688 0.071875 0.106250 0.075000 0.109375 0.079687 0.114062 0.082812 0.118750 0.082812 0.121875 0.081250 0.123438 0.079687 0.126562 0.073438 0.126562 0.067187 0.125000 0.064062 0.118750 0.060937 0.109375 0.060937
0 0.139063 0.045312 0.134375 0.050000 0.131250 0.054688 0.129688 0.057813 0.129688 0.068750 0.131250 0.071875 0.142187 0.082812 0.145313 0.084375 0.167187 0.084375 0.170313 0.082812 0.171875 0.081250 0.171875 0.079687 0.178125 0.071875 0.178125 0.060937 0.176563 0.057813 0.173437 0.054688 0.170313 0.053125 0.162500 0.051562 0.159375 0.050000 0.153125 0.045312 0.150000 0.043750 0.142187 0.043750
0 0.023438 0.075000 0.021875 0.079687 0.023438 0.082812 0.029687 0.085938 0.035937 0.087500 0.050000 0.087500 0.053125 0.089063 0.062500 0.098437 0.070312 0.107813 0.071875 0.117188 0.078125 0.115625 0.085938 0.120313 0.087500 0.115625 0.095312 0.106250 0.095312 0.098437 0.090625 0.095312 0.087500 0.093750 0.082812 0.093750 0.079687 0.092188 0.076563 0.089063 0.067187 0.078125 0.062500 0.075000 0.056250 0.073438 0.045312 0.071875 0.029687 0.071875
0 0.085938 0.017188 0.082812 0.017188 0.065625 0.018750 0.062500 0.020313 0.060937 0.021875 0.059375 0.025000 0.059375 0.035937 0.060937 0.040625 0.065625 0.048438 0.065625 0.051562 0.060937 0.059375 0.060937 0.065625 0.065625 0.075000 0.071875 0.081250 0.075000 0.082812 0.085938 0.082812 0.092188 0.081250 0.095312 0.079687 0.100000 0.075000 0.100000 0.057813 0.103125 0.051562 0.103125 0.048438 0.101562 0.043750 0.100000 0.037500 0.096875 0.029687 0.093750 0.023438 0.089063 0.018750
0 0.098437 0.007812 0.103125 0.020313 0.106250 0.026562 0.109375 0.029687 0.110937 0.029687 0.115625 0.034375 0.117188 0.039062 0.120313 0.043750 0.125000 0.048438 0.134375 0.048438 0.139063 0.043750 0.146875 0.040625 0.154688 0.032813 0.167187 0.017188 0.170313 0.004687 0.170313 0.000000 0.100000 0.000000 0.098437 0.003125
0 0.173437 0.003125 0.171875 0.010937 0.171875 0.014063 0.173437 0.015625 0.173437 0.020313 0.178125 0.025000 0.181250 0.026562 0.185938 0.028125 0.195312 0.028125 0.198437 0.031250 0.206250 0.040625 0.212500 0.043750 0.220312 0.046875 0.229687 0.046875 0.234375 0.043750 0.235937 0.040625 0.237500 0.034375 0.239063 0.031250 0.243750 0.026562 0.245312 0.023438 0.246875 0.000000 0.193750 0.001563 0.190625 0.003125 0.187500 0.000000 0.175000 0.000000
1 0.220312 0.054688 0.215625 0.059375 0.214062 0.062500 0.214062 0.071875 0.217188 0.078125 0.220312 0.081250 0.225000 0.084375 0.228125 0.085938 0.237500 0.085938 0.240625 0.082812 0.242188 0.079687 0.242188 0.067187 0.240625 0.064062 0.234375 0.057813 0.228125 0.054688
1 0.179688 0.093750 0.176563 0.096875 0.176563 0.103125 0.178125 0.106250 0.181250 0.109375 0.184375 0.110937 0.189062 0.110937 0.192188 0.107813 0.192188 0.098437 0.187500 0.093750 0.184375 0.092188
1 0.176563 0.120313 0.175000 0.123438 0.175000 0.131250 0.179688 0.135937 0.192188 0.134375 0.192188 0.123438 0.189062 0.120313 0.182812 0.118750
1 0.193750 0.123438 0.195312 0.134375 0.204687 0.132812 0.206250 0.126562 0.204687 0.123438
0 0.262500 0.001563 0.260937 0.017188 0.262500 0.021875 0.267188 0.028125 0.268750 0.031250 0.268750 0.037500 0.273438 0.046875 0.276562 0.050000 0.282813 0.053125 0.292187 0.062500 0.295312 0.064062 0.304688 0.065625 0.318750 0.065625 0.321875 0.064062 0.328125 0.057813 0.334375 0.050000 0.335938 0.046875 0.335938 0.035937 0.331250 0.026562 0.331250 0.023438 0.332813 0.021875 0.332813 0.018750 0.331250 0.015625 0.328125 0.010937 0.323437 0.004687 0.321875 0.003125 0.320312 0.003125 0.317188 0.000000 0.265625 0.000000
0 0.345313 0.073438 0.342187 0.075000 0.339062 0.078125 0.335938 0.079687 0.328125 0.079687 0.325000 0.081250 0.321875 0.084375 0.318750 0.089063 0.317188 0.092188 0.317188 0.121875 0.320312 0.129688 0.326562 0.142187 0.340625 0.154688 0.346875 0.159375 0.350000 0.160938 0.354687 0.162500 0.357812 0.162500 0.359375 0.160938 0.365625 0.159375 0.367188 0.156250 0.367188 0.151562 0.368750 0.148438 0.375000 0.145313 0.379688 0.145313 0.382812 0.143750 0.387500 0.139063 0.389062 0.134375 0.389062 0.125000 0.387500 0.123438 0.387500 0.114062 0.389062 0.109375 0.393750 0.100000 0.390625 0.090625 0.390625 0.085938 0.385937 0.082812 0.368750 0.075000 0.364063 0.073438
0 0.356250 0.042188 0.353125 0.045312 0.348438 0.053125 0.346875 0.057813 0.345313 0.064062 0.345313 0.068750 0.346875 0.071875 0.356250 0.071875 0.357812 0.073438 0.368750 0.073438 0.375000 0.076563 0.387500 0.076563 0.392188 0.071875 0.392188 0.067187 0.385937 0.057813 0.376563 0.050000 0.371875 0.045312 0.371875 0.043750 0.368750 0.040625 0.365625 0.039062 0.360938 0.039062
0 0.250000 0.075000 0.250000 0.087500 0.246875 0.092188 0.243750 0.095312 0.239063 0.096875 0.237500 0.100000 0.235937 0.106250 0.231250 0.112500 0.229687 0.115625 0.229687 0.121875 0.232813 0.135937 0.234375 0.140625 0.235937 0.143750 0.242188 0.146875 0.260937 0.148438 0.292187 0.148438 0.298438 0.146875 0.301563 0.143750 0.301563 0.132812 0.300000 0.129688 0.296875 0.126562 0.296875 0.120313 0.301563 0.118750 0.306250 0.118750 0.310937 0.117188 0.314063 0.115625 0.315625 0.112500 0.315625 0.106250 0.314063 0.098437 0.309375 0.093750 0.296875 0.082812 0.292187 0.079687 0.282813 0.075000 0.270313 0.073438
0 0.214062 0.192188 0.215625 0.195312 0.221875 0.200000 0.226562 0.207813 0.228125 0.209375 0.231250 0.210938 0.256250 0.214062 0.264062 0.214062 0.264062 0.210938 0.265625 0.209375 0.267188 0.203125 0.268750 0.190625 0.270313 0.187500 0.275000 0.185938 0.281250 0.189062 0.298438 0.189062 0.301563 0.185938 0.301563 0.181250 0.300000 0.176563 0.295312 0.168750 0.296875 0.162500 0.296875 0.159375 0.293750 0.153125 0.290625 0.150000 0.264062 0.150000 0.242188 0.146875 0.235937 0.146875 0.231250 0.148438 0.228125 0.151562 0.228125 0.168750 0.226562 0.171875 0.215625 0.184375 0.214062 0.187500
0 0.179688 0.221875 0.179688 0.226562 0.184375 0.231250 0.185938 0.235937 0.185938 0.240625 0.196875 0.242188 0.203125 0.240625 0.210938 0.246875 0.217188 0.248438 0.221875 0.253125 0.223438 0.257812 0.226562 0.260937 0.226562 0.262500 0.228125 0.264062 0.231250 0.265625 0.243750 0.265625 0.248438 0.260937 0.253125 0.259375 0.259375 0.260937 0.262500 0.259375 0.264062 0.245312 0.262500 0.240625 0.260937 0.237500 0.256250 0.231250 0.251563 0.226562 0.246875 0.223438 0.243750 0.221875 0.229687 0.217188 0.210938 0.215625 0.206250 0.212500 0.201563 0.212500 0.200000 0.210938 0.196875 0.210938 0.192188 0.212500 0.185938 0.215625 0.181250 0.218750
0 0.376563 0.473438 0.375000 0.476562 0.373437 0.481250 0.373437 0.487500 0.376563 0.493750 0.381250 0.496875 0.382812 0.498437 0.384375 0.503125 0.389062 0.506250 0.407813 0.514062 0.421875 0.518750 0.428125 0.518750 0.428125 0.515625 0.429688 0.514062 0.429688 0.504687 0.428125 0.500000 0.425000 0.495312 0.425000 0.487500 0.423438 0.481250 0.421875 0.478125 0.412500 0.468750 0.406250 0.468750 0.400000 0.475000 0.395313 0.470313 0.392188 0.468750 0.387500 0.467187 0.382812 0.468750 0.379688 0.470313
0 0.496875 0.425000 0.496875 0.428125 0.498437 0.429688 0.498437 0.432812 0.495312 0.435937 0.495312 0.443750 0.496875 0.451562 0.500000 0.457813 0.501563 0.459375 0.506250 0.460938 0.510938 0.465625 0.510938 0.473438 0.512500 0.476562 0.517188 0.481250 0.526563 0.484375 0.534375 0.484375 0.539062 0.482812 0.548438 0.473438 0.550000 0.470313 0.553125 0.460938 0.553125 0.457813 0.550000 0.443750 0.546875 0.437500 0.532813 0.423438 0.520312 0.421875 0.506250 0.421875 0.500000 0.423438
0 0.535937 0.314063 0.532813 0.315625 0.526563 0.321875 0.525000 0.326562 0.523438 0.335938 0.523438 0.348438 0.518750 0.359375 0.518750 0.365625 0.521875 0.371875 0.526563 0.376563 0.531250 0.379688 0.537500 0.382812 0.546875 0.385937 0.550000 0.387500 0.554688 0.392188 0.554688 0.393750 0.557813 0.396875 0.564063 0.400000 0.570312 0.400000 0.575000 0.398438 0.578125 0.396875 0.582812 0.392188 0.582812 0.390625 0.589063 0.384375 0.595313 0.376563 0.598437 0.370312 0.600000 0.365625 0.600000 0.354687 0.598437 0.351562 0.595313 0.348438 0.595313 0.334375 0.593750 0.326562 0.589063 0.317188 0.587500 0.315625 0.585938 0.315625 0.582812 0.312500 0.575000 0.312500 0.571875 0.315625 0.567187 0.315625 0.559375 0.312500 0.542188 0.312500
0 0.578125 0.415625 0.578125 0.423438 0.581250 0.426563 0.582812 0.431250 0.578125 0.435937 0.575000 0.442188 0.575000 0.450000 0.576562 0.456250 0.579688 0.462500 0.585938 0.467187 0.604688 0.478125 0.620313 0.485938 0.629687 0.485938 0.632812 0.484375 0.637500 0.479687 0.642188 0.470313 0.643750 0.465625 0.653125 0.465625 0.657813 0.464062 0.660937 0.460938 0.662500 0.457813 0.662500 0.450000 0.660937 0.443750 0.659375 0.440625 0.654687 0.434375 0.646875 0.426563 0.646875 0.418750 0.645312 0.415625 0.642188 0.412500 0.639062 0.410938 0.626563 0.406250 0.614062 0.406250 0.606250 0.409375 0.595313 0.407813 0.589063 0.409375
0 0.573438 0.514062 0.571875 0.518750 0.575000 0.525000 0.578125 0.526563 0.582812 0.526563 0.585938 0.528125 0.589063 0.531250 0.589063 0.548438 0.592187 0.553125 0.600000 0.559375 0.603125 0.562500 0.603125 0.564063 0.607812 0.568750 0.610938 0.570312 0.618750 0.570312 0.626563 0.565625 0.629687 0.567187 0.632812 0.570312 0.637500 0.571875 0.642188 0.571875 0.645312 0.570312 0.648438 0.564063 0.648438 0.551562 0.645312 0.540625 0.639062 0.529687 0.634375 0.523438 0.628125 0.518750 0.618750 0.514062 0.607812 0.512500 0.604688 0.510938 0.601562 0.507812 0.596875 0.506250 0.582812 0.506250 0.579688 0.507812
0 0.454688 0.501563 0.453125 0.504687 0.451562 0.514062 0.453125 0.525000 0.456250 0.526563 0.465625 0.529687 0.473438 0.529687 0.475000 0.531250 0.481250 0.531250 0.489063 0.528125 0.489063 0.523438 0.485938 0.517188 0.479687 0.506250 0.478125 0.503125 0.476562 0.501563 0.470313 0.498437 0.457813 0.498437
0 0.378125 0.582812 0.378125 0.585938 0.379688 0.589063 0.382812 0.592187 0.382812 0.600000 0.385937 0.609375 0.392188 0.610938 0.407813 0.610938 0.410938 0.612500 0.417187 0.618750 0.426563 0.623437 0.432812 0.621875 0.432812 0.618750 0.435937 0.614062 0.440625 0.600000 0.440625 0.592187 0.437500 0.585938 0.434375 0.582812 0.425000 0.576562 0.417187 0.571875 0.414062 0.571875 0.410938 0.570312 0.406250 0.571875 0.403125 0.570312 0.396875 0.570312 0.393750 0.573438 0.390625 0.573438 0.387500 0.575000 0.382812 0.578125
0 0.357812 0.595313 0.356250 0.601562 0.357812 0.607812 0.359375 0.609375 0.360938 0.621875 0.362500 0.626563 0.364063 0.629687 0.368750 0.634375 0.371875 0.634375 0.376563 0.637500 0.389062 0.650000 0.400000 0.657813 0.407813 0.657813 0.415625 0.662500 0.418750 0.660937 0.423438 0.656250 0.428125 0.646875 0.428125 0.631250 0.426563 0.626563 0.425000 0.623437 0.418750 0.618750 0.412500 0.615625 0.403125 0.612500 0.395313 0.610938 0.379688 0.610938 0.375000 0.609375 0.367188 0.601562 0.360938 0.596875
0 0.451562 0.615625 0.448437 0.618750 0.453125 0.623437 0.454688 0.626563 0.453125 0.629687 0.446875 0.637500 0.446875 0.640625 0.448437 0.645312 0.451562 0.650000 0.454688 0.653125 0.460938 0.656250 0.465625 0.656250 0.470313 0.659375 0.479687 0.659375 0.482812 0.657813 0.485938 0.651563 0.487500 0.646875 0.487500 0.625000 0.484375 0.621875 0.481250 0.620313 0.476562 0.620313 0.471875 0.617188 0.467187 0.615625
0 0.510938 0.589063 0.507812 0.592187 0.506250 0.595313 0.504687 0.604688 0.501563 0.607812 0.495312 0.610938 0.490625 0.615625 0.490625 0.625000 0.492188 0.628125 0.495312 0.631250 0.504687 0.639062 0.507812 0.645312 0.510938 0.650000 0.514062 0.653125 0.520312 0.656250 0.525000 0.656250 0.528125 0.654687 0.532813 0.650000 0.542188 0.648438 0.557813 0.646875 0.557813 0.643750 0.554688 0.631250 0.557813 0.629687 0.559375 0.628125 0.564063 0.628125 0.567187 0.626563 0.568750 0.620313 0.567187 0.615625 0.562500 0.610938 0.556250 0.607812 0.548438 0.600000 0.545312 0.598437 0.542188 0.598437 0.531250 0.589063
0 0.539062 0.568750 0.534375 0.573438 0.532813 0.576562 0.531250 0.581250 0.531250 0.587500 0.539062 0.595313 0.546875 0.598437 0.556250 0.607812 0.565625 0.614062 0.568750 0.615625 0.573438 0.614062 0.576562 0.612500 0.578125 0.610938 0.579688 0.607812 0.579688 0.598437 0.575000 0.590625 0.573438 0.582812 0.570312 0.576562 0.565625 0.571875 0.560937 0.570312 0.548438 0.571875 0.543750 0.568750
0 0.614062 0.589063 0.609375 0.593750 0.606250 0.600000 0.604688 0.606250 0.604688 0.614062 0.598437 0.620313 0.596875 0.623437 0.593750 0.635938 0.590625 0.642188 0.587500 0.646875 0.590625 0.650000 0.600000 0.654687 0.617188 0.659375 0.621875 0.659375 0.625000 0.657813 0.628125 0.654687 0.631250 0.646875 0.637500 0.640625 0.643750 0.639062 0.648438 0.634375 0.648438 0.629687 0.646875 0.626563 0.643750 0.623437 0.643750 0.618750 0.646875 0.614062 0.646875 0.606250 0.645312 0.603125 0.637500 0.595313 0.632812 0.592187 0.628125 0.590625 0.621875 0.589063
0 0.573438 0.651563 0.571875 0.653125 0.570312 0.656250 0.570312 0.660937 0.567187 0.664062 0.564063 0.665625 0.559375 0.665625 0.556250 0.668750 0.556250 0.676562 0.559375 0.684375 0.559375 0.687500 0.557813 0.698438 0.560937 0.703125 0.567187 0.704688 0.568750 0.706250 0.570312 0.710938 0.573438 0.714063 0.576562 0.715625 0.584375 0.715625 0.592187 0.712500 0.600000 0.712500 0.606250 0.715625 0.612500 0.714063 0.615625 0.707812 0.617188 0.693750 0.620313 0.679688 0.620313 0.665625 0.618750 0.662500 0.615625 0.659375 0.607812 0.656250 0.598437 0.654687 0.592187 0.650000 0.576562 0.650000
0 0.471875 0.693750 0.470313 0.696875 0.470313 0.700000 0.471875 0.703125 0.473438 0.704688 0.478125 0.706250 0.479687 0.712500 0.476562 0.715625 0.476562 0.723437 0.478125 0.728125 0.481250 0.732812 0.489063 0.740625 0.489063 0.743750 0.485938 0.748437 0.485938 0.753125 0.489063 0.759375 0.493750 0.764062 0.496875 0.765625 0.501563 0.767188 0.506250 0.765625 0.520312 0.757812 0.528125 0.756250 0.540625 0.756250 0.542188 0.754687 0.545312 0.754687 0.545312 0.748437 0.546875 0.746875 0.546875 0.737500 0.540625 0.728125 0.539062 0.721875 0.535937 0.718750 0.529687 0.715625 0.526563 0.715625 0.520312 0.712500 0.515625 0.707812 0.512500 0.700000 0.506250 0.696875 0.501563 0.695312 0.496875 0.695312 0.487500 0.690625 0.475000 0.690625
0 0.635938 0.682813 0.621875 0.696875 0.620313 0.700000 0.617188 0.709375 0.617188 0.714063 0.625000 0.728125 0.629687 0.732812 0.634375 0.732812 0.639062 0.729688 0.648438 0.729688 0.653125 0.732812 0.667188 0.731250 0.667188 0.726562 0.673438 0.721875 0.675000 0.720313 0.675000 0.718750 0.678125 0.715625 0.676562 0.704688 0.679688 0.698438 0.679688 0.695312 0.675000 0.690625 0.668750 0.687500 0.660937 0.685937 0.645312 0.685937 0.642188 0.682813 0.639062 0.681250
0 0.634375 0.732812 0.629687 0.737500 0.626563 0.742188 0.625000 0.745313 0.625000 0.764062 0.628125 0.767188 0.637500 0.775000 0.639062 0.779687 0.640625 0.782813 0.642188 0.784375 0.648438 0.787500 0.656250 0.789062 0.670312 0.795312 0.673438 0.798438 0.682813 0.798438 0.695312 0.787500 0.696875 0.784375 0.696875 0.776563 0.692187 0.765625 0.698438 0.759375 0.698438 0.750000 0.695312 0.743750 0.693750 0.742188 0.689063 0.740625 0.684375 0.735938 0.679688 0.734375 0.676562 0.735938 0.673438 0.739062 0.667188 0.739062 0.659375 0.734375 0.651563 0.732812 0.648438 0.729688 0.642188 0.729688 0.637500 0.731250
0 0.485938 0.771875 0.482812 0.775000 0.482812 0.779687 0.476562 0.790625 0.476562 0.798438 0.478125 0.801562 0.484375 0.806250 0.490625 0.807813 0.496875 0.814063 0.504687 0.814063 0.512500 0.809375 0.515625 0.810937 0.523438 0.818750 0.526563 0.818750 0.529687 0.815625 0.532813 0.810937 0.532813 0.806250 0.529687 0.798438 0.518750 0.785937 0.512500 0.779687 0.506250 0.775000 0.496875 0.775000
0 0.520312 0.782813 0.523438 0.789062 0.531250 0.796875 0.534375 0.798438 0.540625 0.798438 0.548438 0.806250 0.551562 0.806250 0.560937 0.804688 0.570312 0.801562 0.582812 0.801562 0.585938 0.800000 0.589063 0.796875 0.592187 0.790625 0.590625 0.787500 0.584375 0.781250 0.581250 0.775000 0.575000 0.768750 0.557813 0.762500 0.542188 0.762500 0.537500 0.764062 0.532813 0.768750 0.528125 0.768750 0.525000 0.771875 0.523438 0.775000
0 0.629687 0.787500 0.612500 0.785937 0.607812 0.785937 0.604688 0.795312 0.598437 0.796875 0.595313 0.800000 0.593750 0.800000 0.592187 0.801562 0.590625 0.804688 0.590625 0.809375 0.593750 0.817187 0.595313 0.829688 0.600000 0.831250 0.604688 0.835938 0.604688 0.837500 0.610938 0.843750 0.614062 0.843750 0.623437 0.835938 0.631250 0.831250 0.634375 0.829688 0.637500 0.829688 0.640625 0.826562 0.642188 0.820312 0.642188 0.810937 0.645312 0.809375 0.646875 0.804688 0.645312 0.801562 0.637500 0.792188 0.634375 0.789062
0 0.545312 0.812500 0.546875 0.818750 0.551562 0.818750 0.554688 0.821875 0.554688 0.829688 0.556250 0.834375 0.557813 0.837500 0.559375 0.839063 0.562500 0.840625 0.575000 0.842187 0.579688 0.842187 0.582812 0.840625 0.584375 0.839063 0.584375 0.837500 0.587500 0.834375 0.589063 0.831250 0.590625 0.826562 0.590625 0.812500 0.589063 0.809375 0.585938 0.806250 0.582812 0.804688 0.575000 0.803125 0.564063 0.804688 0.560937 0.806250 0.556250 0.810937 0.550000 0.810937
1 0.590625 0.754687 0.587500 0.757812 0.585938 0.762500 0.587500 0.768750 0.590625 0.771875 0.593750 0.773438 0.600000 0.773438 0.603125 0.771875 0.604688 0.768750 0.604688 0.764062 0.603125 0.759375 0.600000 0.756250 0.596875 0.754687
1 0.550000 0.742188 0.546875 0.748437 0.546875 0.754687 0.556250 0.754687 0.560937 0.759375 0.568750 0.759375 0.571875 0.757812 0.571875 0.754687 0.573438 0.753125 0.573438 0.750000 0.571875 0.745313 0.567187 0.740625 0.553125 0.740625
1 0.671875 0.818750 0.668750 0.821875 0.668750 0.828125 0.670312 0.831250 0.673438 0.834375 0.676562 0.835938 0.681250 0.837500 0.684375 0.835938 0.685937 0.832812 0.685937 0.826562 0.684375 0.823438 0.681250 0.820312 0.678125 0.818750
0 0.539062 0.890625 0.537500 0.893750 0.537500 0.896875 0.539062 0.900000 0.542188 0.901563 0.546875 0.901563 0.550000 0.904687 0.554688 0.914062 0.556250 0.926562 0.562500 0.934375 0.562500 0.935937 0.564063 0.937500 0.567187 0.939063 0.579688 0.939063 0.590625 0.935937 0.598437 0.935937 0.606250 0.942187 0.609375 0.942187 0.614062 0.937500 0.615625 0.934375 0.615625 0.926562 0.612500 0.920312 0.610938 0.918750 0.600000 0.914062 0.596875 0.910937 0.596875 0.903125 0.595313 0.896875 0.592187 0.890625 0.585938 0.884375 0.582812 0.882812 0.578125 0.881250 0.565625 0.878125 0.554688 0.878125 0.551562 0.879687 0.550000 0.881250 0.550000 0.882812 0.546875 0.885938 0.542188 0.889062 0.540625 0.889062
0 0.770312 0.692187 0.770312 0.700000 0.776563 0.707812 0.776563 0.709375 0.778125 0.710938 0.781250 0.712500 0.790625 0.710938 0.795312 0.710938 0.798438 0.712500 0.800000 0.715625 0.810937 0.723437 0.814063 0.725000 0.818750 0.725000 0.829688 0.718750 0.837500 0.723437 0.842187 0.723437 0.843750 0.720313 0.843750 0.698438 0.840625 0.689063 0.837500 0.684375 0.831250 0.678125 0.826562 0.668750 0.821875 0.664062 0.809375 0.664062 0.806250 0.660937 0.800000 0.660937 0.790625 0.665625 0.785937 0.670312 0.785937 0.673438 0.787500 0.675000 0.787500 0.679688 0.784375 0.682813 0.778125 0.682813 0.771875 0.689063
0 0.814063 0.650000 0.812500 0.653125 0.814063 0.657813 0.817187 0.660937 0.817187 0.664062 0.820312 0.668750 0.834375 0.682813 0.835938 0.690625 0.839063 0.693750 0.840625 0.696875 0.840625 0.701562 0.839063 0.703125 0.839063 0.709375 0.843750 0.714063 0.846875 0.715625 0.853125 0.715625 0.856250 0.714063 0.862500 0.709375 0.867188 0.709375 0.871875 0.712500 0.876563 0.710938 0.879687 0.701562 0.879687 0.692187 0.882812 0.689063 0.892188 0.690625 0.895312 0.690625 0.898438 0.689063 0.900000 0.687500 0.901563 0.684375 0.903125 0.673438 0.893750 0.664062 0.885938 0.657813 0.881250 0.656250 0.871875 0.646875 0.860938 0.640625 0.856250 0.639062 0.839063 0.639062 0.834375 0.645312 0.832812 0.646875 0.829688 0.648438
1 0.765625 0.610938 0.760938 0.615625 0.759375 0.623437 0.759375 0.632812 0.765625 0.639062 0.775000 0.643750 0.784375 0.643750 0.787500 0.642188 0.792188 0.637500 0.793750 0.634375 0.793750 0.625000 0.792188 0.621875 0.789062 0.617188 0.785937 0.614062 0.781250 0.610938 0.776563 0.609375 0.768750 0.609375
0 0.721875 0.509375 0.720313 0.514062 0.720313 0.520312 0.721875 0.526563 0.725000 0.532813 0.720313 0.537500 0.717187 0.539062 0.710938 0.540625 0.707812 0.543750 0.707812 0.546875 0.709375 0.548438 0.709375 0.553125 0.710938 0.556250 0.714063 0.560937 0.718750 0.565625 0.720313 0.570312 0.726562 0.576562 0.731250 0.578125 0.745313 0.584375 0.756250 0.584375 0.767188 0.582812 0.776563 0.579688 0.779687 0.576562 0.782813 0.575000 0.789062 0.573438 0.804688 0.575000 0.809375 0.575000 0.812500 0.568750 0.814063 0.564063 0.814063 0.559375 0.812500 0.543750 0.809375 0.537500 0.803125 0.531250 0.800000 0.529687 0.795312 0.528125 0.789062 0.528125 0.785937 0.526563 0.782813 0.512500 0.770312 0.500000 0.765625 0.498437 0.754687 0.498437 0.751563 0.500000 0.750000 0.504687 0.740625 0.506250 0.739062 0.504687 0.729688 0.504687 0.725000 0.506250
0 0.767188 0.587500 0.767188 0.600000 0.768750 0.603125 0.773438 0.604688 0.778125 0.607812 0.789062 0.610938 0.800000 0.610938 0.806250 0.609375 0.809375 0.607812 0.817187 0.601562 0.817187 0.593750 0.815625 0.589063 0.810937 0.579688 0.801562 0.576562 0.785937 0.576562 0.779687 0.578125 0.773438 0.581250
0 0.695312 0.423438 0.693750 0.425000 0.687500 0.425000 0.679688 0.426563 0.673438 0.429688 0.668750 0.434375 0.665625 0.439063 0.665625 0.453125 0.662500 0.465625 0.660937 0.467187 0.660937 0.470313 0.662500 0.473438 0.664062 0.475000 0.670312 0.479687 0.675000 0.481250 0.679688 0.485938 0.681250 0.496875 0.684375 0.498437 0.687500 0.498437 0.698438 0.504687 0.703125 0.504687 0.707812 0.501563 0.715625 0.492188 0.715625 0.489063 0.718750 0.485938 0.721875 0.485938 0.728125 0.489063 0.731250 0.485938 0.732812 0.478125 0.732812 0.467187 0.729688 0.456250 0.726562 0.451562 0.720313 0.445312 0.718750 0.440625 0.703125 0.425000 0.700000 0.423438
0 0.781250 0.387500 0.775000 0.384375 0.771875 0.384375 0.768750 0.382812 0.764062 0.378125 0.759375 0.376563 0.756250 0.376563 0.751563 0.378125 0.745313 0.382812 0.742188 0.384375 0.731250 0.384375 0.728125 0.387500 0.728125 0.392188 0.725000 0.395313 0.725000 0.398438 0.720313 0.403125 0.717187 0.403125 0.714063 0.404687 0.710938 0.410938 0.710938 0.420312 0.714063 0.426563 0.723437 0.435937 0.728125 0.439063 0.731250 0.439063 0.734375 0.440625 0.737500 0.443750 0.735938 0.448437 0.734375 0.448437 0.732812 0.450000 0.731250 0.453125 0.739062 0.454688 0.740625 0.453125 0.750000 0.453125 0.754687 0.451562 0.759375 0.448437 0.767188 0.448437 0.781250 0.434375 0.787500 0.432812 0.792188 0.425000 0.792188 0.420312 0.793750 0.418750 0.793750 0.415625 0.792188 0.406250 0.789062 0.396875 0.787500 0.393750
0 0.803125 0.334375 0.800000 0.340625 0.800000 0.353125 0.809375 0.371875 0.825000 0.387500 0.828125 0.389062 0.834375 0.390625 0.840625 0.393750 0.851562 0.401562 0.864062 0.404687 0.871875 0.404687 0.875000 0.401562 0.878125 0.395313 0.876563 0.381250 0.876563 0.376563 0.887500 0.365625 0.889062 0.362500 0.889062 0.354687 0.887500 0.351562 0.875000 0.339062 0.870313 0.337500 0.864062 0.337500 0.860938 0.334375 0.860938 0.326562 0.854688 0.320312 0.848437 0.317188 0.840625 0.317188 0.832812 0.320312 0.825000 0.321875 0.825000 0.329688 0.821875 0.332813 0.818750 0.332813 0.809375 0.331250
0 0.904687 0.415625 0.903125 0.418750 0.901563 0.423438 0.901563 0.431250 0.906250 0.440625 0.906250 0.443750 0.903125 0.448437 0.901563 0.454688 0.901563 0.465625 0.906250 0.470313 0.910937 0.473438 0.915625 0.475000 0.925000 0.475000 0.928125 0.476562 0.929688 0.481250 0.931250 0.484375 0.932813 0.485938 0.935937 0.487500 0.942187 0.489063 0.956250 0.489063 0.965625 0.487500 0.971875 0.485938 0.981250 0.481250 0.984375 0.476562 0.984375 0.470313 0.982812 0.467187 0.978125 0.462500 0.981250 0.459375 0.981250 0.453125 0.971875 0.443750 0.968750 0.439063 0.968750 0.426563 0.967187 0.420312 0.957812 0.410938 0.954688 0.409375 0.950000 0.407813 0.946875 0.407813 0.937500 0.410938 0.934375 0.414062 0.928125 0.414062 0.920312 0.412500 0.918750 0.410938 0.914062 0.410938 0.909375 0.412500
0 0.873437 0.439063 0.870313 0.437500 0.857812 0.437500 0.851562 0.439063 0.842187 0.443750 0.834375 0.448437 0.826562 0.456250 0.826562 0.464062 0.828125 0.465625 0.828125 0.471875 0.825000 0.476562 0.825000 0.479687 0.831250 0.487500 0.831250 0.489063 0.837500 0.492188 0.843750 0.487500 0.850000 0.485938 0.859375 0.485938 0.882812 0.487500 0.889062 0.485938 0.892188 0.482812 0.892188 0.476562 0.890625 0.473438 0.887500 0.468750 0.884375 0.465625 0.875000 0.460938 0.871875 0.457813 0.873437 0.453125 0.875000 0.445312 0.875000 0.442188
0 0.839063 0.490625 0.837500 0.506250 0.840625 0.512500 0.839063 0.518750 0.831250 0.520312 0.829688 0.525000 0.828125 0.532813 0.828125 0.543750 0.831250 0.551562 0.835938 0.554688 0.843750 0.557813 0.854688 0.568750 0.857812 0.570312 0.867188 0.571875 0.884375 0.571875 0.885938 0.573438 0.901563 0.573438 0.904687 0.571875 0.906250 0.570312 0.907813 0.567187 0.907813 0.560937 0.910937 0.557813 0.915625 0.556250 0.918750 0.545312 0.918750 0.531250 0.915625 0.525000 0.906250 0.515625 0.906250 0.501563 0.904687 0.498437 0.896875 0.490625 0.890625 0.487500 0.845313 0.487500
0 0.998437 0.525000 0.989062 0.528125 0.981250 0.528125 0.978125 0.529687 0.976562 0.531250 0.975000 0.534375 0.971875 0.545312 0.970313 0.554688 0.968750 0.575000 0.970313 0.581250 0.975000 0.587500 0.987500 0.600000 0.990625 0.600000 0.993750 0.601562 0.998437 0.600000
1 0.909375 0.579688 0.907813 0.582812 0.909375 0.587500 0.910937 0.590625 0.914062 0.595313 0.920312 0.600000 0.926562 0.603125 0.937500 0.603125 0.940625 0.600000 0.942187 0.596875 0.942187 0.593750 0.939063 0.587500 0.935937 0.584375 0.935937 0.582812 0.934375 0.581250 0.925000 0.576562 0.915625 0.576562
1 0.917188 0.640625 0.917188 0.645312 0.918750 0.648438 0.921875 0.653125 0.925000 0.656250 0.931250 0.659375 0.935937 0.660937 0.939063 0.660937 0.945312 0.657813 0.946875 0.654687 0.946875 0.643750 0.939063 0.635938 0.935937 0.634375 0.931250 0.632812 0.926562 0.632812 0.923438 0.634375
0 0.573438 0.089063 0.571875 0.095312 0.567187 0.100000 0.567187 0.110937 0.571875 0.120313 0.576562 0.126562 0.592187 0.142187 0.598437 0.145313 0.603125 0.145313 0.609375 0.142187 0.615625 0.135937 0.618750 0.135937 0.625000 0.139063 0.628125 0.137500 0.631250 0.131250 0.632812 0.126562 0.632812 0.110937 0.631250 0.107813 0.609375 0.085938 0.606250 0.084375 0.598437 0.082812 0.589063 0.082812 0.576562 0.085938
0 0.706250 0.114062 0.706250 0.110937 0.703125 0.106250 0.703125 0.101562 0.701562 0.096875 0.698438 0.092188 0.698438 0.089063 0.696875 0.085938 0.693750 0.085938 0.692187 0.087500 0.685937 0.089063 0.676562 0.089063 0.671875 0.090625 0.668750 0.092188 0.664062 0.095312 0.657813 0.103125 0.657813 0.107813 0.659375 0.110937 0.664062 0.112500 0.670312 0.115625 0.671875 0.117188 0.676562 0.123438 0.682813 0.126562 0.692187 0.126562 0.695312 0.125000 0.700000 0.121875
0 0.701562 0.071875 0.696875 0.084375 0.698438 0.090625 0.704688 0.101562 0.704688 0.106250 0.706250 0.109375 0.709375 0.112500 0.712500 0.114062 0.718750 0.114062 0.725000 0.117188 0.731250 0.118750 0.739062 0.118750 0.743750 0.115625 0.750000 0.115625 0.753125 0.114062 0.762500 0.104688 0.767188 0.103125 0.770312 0.100000 0.771875 0.096875 0.771875 0.085938 0.768750 0.079687 0.760938 0.071875 0.757812 0.070312 0.748437 0.068750 0.742188 0.064062 0.737500 0.062500 0.726562 0.062500 0.717187 0.064062 0.707812 0.067187 0.704688 0.068750
0 0.512500 0.000000 0.512500 0.004687 0.510938 0.006250 0.510938 0.017188 0.512500 0.020313 0.514062 0.021875 0.517188 0.023438 0.525000 0.025000 0.529687 0.029687 0.532813 0.031250 0.539062 0.031250 0.545312 0.028125 0.546875 0.026562 0.548438 0.023438 0.546875 0.000000
0 0.576562 0.017188 0.576562 0.025000 0.578125 0.028125 0.584375 0.034375 0.585938 0.034375 0.590625 0.039062 0.590625 0.046875 0.595313 0.051562 0.609375 0.051562 0.618750 0.046875 0.623437 0.046875 0.631250 0.050000 0.645312 0.048438 0.656250 0.048438 0.664062 0.051562 0.670312 0.051562 0.675000 0.046875 0.679688 0.045312 0.682813 0.042188 0.684375 0.037500 0.685937 0.020313 0.685937 0.014063 0.682813 0.010937 0.675000 0.010937 0.665625 0.007812 0.654687 0.000000 0.585938 0.000000 0.582812 0.004687 0.581250 0.010937 0.578125 0.014063
0 0.665625 0.000000 0.665625 0.003125 0.668750 0.006250 0.673438 0.009375 0.676562 0.010937 0.681250 0.010937 0.684375 0.012500 0.689063 0.017188 0.693750 0.020313 0.703125 0.023438 0.710938 0.023438 0.714063 0.021875 0.720313 0.014063 0.721875 0.010937 0.721875 0.000000
0 0.810937 0.062500 0.807813 0.062500 0.798438 0.064062 0.793750 0.067187 0.784375 0.075000 0.776563 0.082812 0.776563 0.120313 0.779687 0.126562 0.781250 0.126562 0.784375 0.129688 0.789062 0.131250 0.796875 0.131250 0.801562 0.129688 0.804688 0.126562 0.803125 0.121875 0.795312 0.110937 0.793750 0.107813 0.795312 0.100000 0.804688 0.095312 0.814063 0.085938 0.818750 0.079687 0.820312 0.075000 0.818750 0.070312
0 0.864062 0.056250 0.840625 0.056250 0.837500 0.057813 0.835938 0.062500 0.832812 0.065625 0.828125 0.067187 0.823438 0.071875 0.820312 0.078125 0.814063 0.089063 0.810937 0.093750 0.810937 0.101562 0.826562 0.112500 0.829688 0.114062 0.837500 0.114062 0.842187 0.110937 0.846875 0.106250 0.848437 0.106250 0.851562 0.103125 0.854688 0.096875 0.854688 0.089063 0.857812 0.079687 0.871875 0.081250 0.876563 0.079687 0.876563 0.073438 0.875000 0.070312 0.868750 0.064062 0.867188 0.059375
0 0.860938 0.001563 0.857812 0.000000 0.850000 0.000000 0.846875 0.003125 0.839063 0.006250 0.834375 0.007812 0.829688 0.007812 0.825000 0.009375 0.821875 0.010937 0.818750 0.014063 0.817187 0.018750 0.817187 0.021875 0.818750 0.032813 0.817187 0.046875 0.818750 0.051562 0.820312 0.054688 0.821875 0.056250 0.823438 0.056250 0.826562 0.059375 0.834375 0.057813 0.835938 0.053125 0.843750 0.045312 0.845313 0.040625 0.854688 0.039062 0.860938 0.035937 0.868750 0.031250 0.871875 0.028125 0.871875 0.020313 0.870313 0.017188 0.865625 0.010937 0.865625 0.007812 0.864062 0.004687
0 0.887500 0.000000 0.889062 0.006250 0.892188 0.012500 0.892188 0.017188 0.898438 0.020313 0.906250 0.021875 0.914062 0.020313 0.914062 0.017188 0.918750 0.012500 0.920312 0.012500 0.923438 0.009375 0.923438 0.004687 0.921875 0.003125 0.921875 0.000000
0 0.020313 0.042188 0.018750 0.045312 0.018750 0.064062 0.020313 0.067187 0.051562 0.067187 0.051562 0.064062 0.048438 0.060937 0.045312 0.059375 0.042188 0.059375 0.039062 0.057813 0.034375 0.053125 0.032813 0.048438 0.031250 0.046875 0.029687 0.046875 0.026562 0.043750 0.023438 0.042188
0 0.035937 0.000000 0.035937 0.003125 0.037500 0.006250 0.043750 0.012500 0.046875 0.014063 0.053125 0.014063 0.064062 0.010937 0.070312 0.014063 0.081250 0.014063 0.087500 0.010937 0.089063 0.007812 0.090625 0.003125 0.090625 0.000000
0 0.014063 0.000000 0.000000 0.000000 0.000000 0.042188 0.004687 0.040625 0.009375 0.035937 0.010937 0.032813 0.014063 0.023438 0.014063 0.015625 0.015625 0.010937 0.015625 0.003125