0 0.000000 0.082812 0.000000 0.143750 0.007812 0.142187 0.012500 0.143750 0.020313 0.148438 0.031250 0.148438 0.035937 0.145313 0.040625 0.139063 0.040625 0.135937 0.042188 0.132812 0.046875 0.129688 0.050000 0.123438 0.053125 0.115625 0.053125 0.106250 0.051562 0.103125 0.046875 0.098437 0.043750 0.096875 0.037500 0.095312 0.034375 0.092188 0.035937 0.087500 0.034375 0.084375 0.031250 0.081250 0.028125 0.079687 0.009375 0.079687 0.003125 0.082812
0 0.000000 0.146875 0.001563 0.184375 0.004687 0.184375 0.010937 0.187500 0.015625 0.192188 0.018750 0.193750 0.025000 0.193750 0.029687 0.190625 0.032813 0.185938 0.034375 0.181250 0.034375 0.178125 0.032813 0.164062 0.031250 0.160938 0.026562 0.156250 0.020313 0.151562 0.015625 0.148438 0.012500 0.146875 0.004687 0.145313
1 0.053125 0.115625 0.050000 0.121875 0.051562 0.135937 0.054688 0.137500 0.064062 0.139063 0.068750 0.139063 0.075000 0.137500 0.079687 0.132812 0.076563 0.125000 0.075000 0.117188 0.071875 0.115625 0.067187 0.114062 0.056250 0.114062
0 0.121875 0.125000 0.117188 0.125000 0.114062 0.126562 0.107813 0.132812 0.101562 0.135937 0.095312 0.129688 0.090625 0.129688 0.085938 0.134375 0.082812 0.139063 0.081250 0.142187 0.081250 0.146875 0.073438 0.154688 0.071875 0.157812 0.071875 0.164062 0.079687 0.176563 0.081250 0.178125 0.084375 0.179688 0.096875 0.179688 0.101562 0.184375 0.103125 0.189062 0.106250 0.192188 0.110937 0.193750 0.117188 0.193750 0.123438 0.192188 0.128125 0.187500 0.129688 0.182812 0.129688 0.178125 0.132812 0.175000 0.135937 0.173437 0.156250 0.165625 0.159375 0.160938 0.157812 0.157812 0.150000 0.156250 0.146875 0.153125 0.146875 0.150000 0.145313 0.146875 0.142187 0.143750 0.137500 0.142187 0.132812 0.142187 0.128125 0.137500 0.129688 0.129688 0.126562 0.126562
0 0.234375 0.201563 0.231250 0.203125 0.221875 0.212500 0.220312 0.217188 0.217188 0.221875 0.214062 0.225000 0.207813 0.228125 0.204687 0.232813 0.204687 0.248438 0.206250 0.251563 0.209375 0.254688 0.212500 0.256250 0.215625 0.256250 0.221875 0.262500 0.231250 0.267188 0.240625 0.270313 0.254688 0.270313 0.259375 0.268750 0.265625 0.265625 0.273438 0.257812 0.275000 0.254688 0.276562 0.246875 0.281250 0.242188 0.282813 0.239063 0.282813 0.228125 0.276562 0.221875 0.270313 0.220312 0.256250 0.220312 0.253125 0.217188 0.253125 0.207813 0.251563 0.204687 0.250000 0.203125 0.246875 0.201563
0 0.059375 0.243750 0.057813 0.246875 0.057813 0.262500 0.060937 0.268750 0.067187 0.275000 0.071875 0.276562 0.073438 0.287500 0.075000 0.290625 0.084375 0.300000 0.087500 0.301563 0.106250 0.301563 0.110937 0.303125 0.121875 0.304688 0.125000 0.304688 0.132812 0.303125 0.135937 0.301563 0.142187 0.293750 0.145313 0.292187 0.151562 0.290625 0.151562 0.282813 0.148438 0.278125 0.150000 0.253125 0.148438 0.248438 0.145313 0.245312 0.137500 0.245312 0.131250 0.243750 0.128125 0.240625 0.125000 0.231250 0.120313 0.228125 0.112500 0.225000 0.104688 0.223438 0.095312 0.223438 0.090625 0.226562 0.085938 0.231250 0.085938 0.232813 0.079687 0.239063 0.068750 0.239063 0.064062 0.240625
0 0.171875 0.253125 0.170313 0.256250 0.170313 0.264062 0.173437 0.270313 0.182812 0.275000 0.190625 0.276562 0.196875 0.276562 0.204687 0.273438 0.206250 0.270313 0.206250 0.259375 0.203125 0.256250 0.203125 0.254688 0.201563 0.253125 0.189062 0.246875 0.179688 0.246875 0.176563 0.248438
0 0.065625 0.337500 0.067187 0.343750 0.068750 0.346875 0.071875 0.350000 0.078125 0.353125 0.087500 0.353125 0.089063 0.354687 0.096875 0.354687 0.098437 0.353125 0.106250 0.353125 0.112500 0.356250 0.118750 0.357812 0.121875 0.356250 0.126562 0.353125 0.139063 0.343750 0.142187 0.342187 0.148438 0.340625 0.145313 0.335938 0.148438 0.331250 0.148438 0.321875 0.145313 0.315625 0.143750 0.309375 0.140625 0.307812 0.135937 0.306250 0.117188 0.306250 0.106250 0.304688 0.104688 0.303125 0.096875 0.303125 0.082812 0.306250 0.079687 0.309375 0.079687 0.314063 0.084375 0.320312 0.081250 0.323437 0.076563 0.323437 0.073438 0.325000 0.068750 0.329688 0.067187 0.332813
1 0.071875 0.193750 0.068750 0.200000 0.068750 0.210938 0.071875 0.217188 0.073438 0.218750 0.076563 0.220312 0.084375 0.221875 0.090625 0.221875 0.100000 0.217188 0.103125 0.210938 0.103125 0.200000 0.096875 0.193750 0.090625 0.190625 0.076563 0.190625 0.073438 0.192188
1 0.190625 0.314063 0.189062 0.317188 0.189062 0.325000 0.195312 0.331250 0.200000 0.332813 0.203125 0.332813 0.204687 0.331250 0.209375 0.331250 0.212500 0.329688 0.215625 0.326562 0.215625 0.317188 0.209375 0.310937 0.204687 0.309375 0.196875 0.309375 0.193750 0.310937
0 0.142187 0.309375 0.143750 0.342187 0.156250 0.342187 0.170313 0.339062 0.176563 0.337500 0.179688 0.335938 0.182812 0.332813 0.184375 0.326562 0.184375 0.317188 0.182812 0.312500 0.175000 0.304688 0.168750 0.301563 0.164062 0.300000 0.153125 0.300000 0.150000 0.301563
0 0.168750 0.346875 0.164062 0.345313 0.160938 0.345313 0.137500 0.346875 0.131250 0.351562 0.123438 0.359375 0.121875 0.365625 0.121875 0.375000 0.126562 0.379688 0.131250 0.381250 0.139063 0.389062 0.145313 0.392188 0.153125 0.393750 0.159375 0.392188 0.165625 0.385937 0.168750 0.384375 0.175000 0.382812 0.178125 0.381250 0.182812 0.378125 0.185938 0.375000 0.187500 0.371875 0.187500 0.368750 0.182812 0.364063 0.181250 0.364063 0.178125 0.360938 0.170313 0.351562
0 0.259375 0.351562 0.257812 0.348438 0.251563 0.343750 0.243750 0.340625 0.239063 0.335938 0.234375 0.332813 0.231250 0.331250 0.226562 0.331250 0.225000 0.329688 0.221875 0.329688 0.207813 0.332813 0.204687 0.334375 0.201563 0.337500 0.201563 0.339062 0.198437 0.342187 0.193750 0.345313 0.192188 0.345313 0.187500 0.348438 0.184375 0.351562 0.181250 0.356250 0.181250 0.360938 0.189062 0.368750 0.198437 0.370312 0.206250 0.375000 0.214062 0.375000 0.215625 0.373437 0.221875 0.373437 0.232813 0.375000 0.237500 0.371875 0.240625 0.365625 0.240625 0.359375 0.245312 0.354687