0 0.300000 0.085938 0.282813 0.092188 0.273438 0.098437 0.268750 0.103125 0.268750 0.115625 0.267188 0.121875 0.264062 0.126562 0.264062 0.135937 0.267188 0.142187 0.267188 0.151562 0.268750 0.154688 0.276562 0.162500 0.282813 0.165625 0.301563 0.167187 0.318750 0.167187 0.326562 0.164062 0.332813 0.162500 0.337500 0.159375 0.348438 0.150000 0.357812 0.145313 0.362500 0.135937 0.360938 0.132812 0.354687 0.126562 0.354687 0.112500 0.353125 0.109375 0.351562 0.107813 0.350000 0.107813 0.346875 0.104688 0.339062 0.101562 0.334375 0.096875 0.331250 0.092188 0.331250 0.090625 0.329688 0.089063 0.323437 0.085938
0 0.278125 0.035937 0.275000 0.040625 0.273438 0.043750 0.273438 0.048438 0.271875 0.053125 0.270313 0.056250 0.265625 0.060937 0.264062 0.065625 0.264062 0.073438 0.267188 0.076563 0.270313 0.078125 0.275000 0.079687 0.281250 0.079687 0.285938 0.085938 0.295312 0.087500 0.304688 0.084375 0.325000 0.084375 0.331250 0.082812 0.335938 0.079687 0.337500 0.076563 0.337500 0.059375 0.334375 0.051562 0.334375 0.042188 0.332813 0.039062 0.329688 0.039062 0.325000 0.034375 0.315625 0.029687 0.312500 0.029687 0.301563 0.031250 0.298438 0.026562 0.292187 0.029687 0.285938 0.029687 0.282813 0.031250
0 0.295312 0.028125 0.298438 0.028125 0.300000 0.026562 0.315625 0.028125 0.318750 0.028125 0.321875 0.029687 0.323437 0.032813 0.329688 0.035937 0.334375 0.035937 0.337500 0.034375 0.340625 0.028125 0.340625 0.023438 0.337500 0.012500 0.335938 0.009375 0.309375 0.007812 0.306250 0.010937 0.303125 0.015625 0.298438 0.025000
0 0.328125 0.176563 0.323437 0.181250 0.321875 0.184375 0.321875 0.200000 0.318750 0.207813 0.320312 0.210938 0.326562 0.217188 0.332813 0.220312 0.339062 0.220312 0.342187 0.221875 0.343750 0.223438 0.345313 0.228125 0.350000 0.232813 0.353125 0.234375 0.357812 0.234375 0.359375 0.235937 0.362500 0.235937 0.368750 0.229687 0.373437 0.228125 0.385937 0.215625 0.385937 0.209375 0.384375 0.203125 0.381250 0.200000 0.376563 0.198437 0.365625 0.196875 0.365625 0.193750 0.362500 0.190625 0.360938 0.190625 0.359375 0.189062 0.357812 0.184375 0.350000 0.176563 0.346875 0.175000 0.340625 0.173437 0.332813 0.175000
0 0.343750 0.032813 0.339062 0.035937 0.337500 0.039062 0.337500 0.045312 0.340625 0.054688 0.342187 0.073438 0.353125 0.073438 0.356250 0.071875 0.360938 0.067187 0.360938 0.056250 0.359375 0.048438 0.353125 0.042188 0.351562 0.037500 0.346875 0.032813
0 0.348438 0.026562 0.348438 0.032813 0.353125 0.039062 0.359375 0.045312 0.368750 0.045312 0.375000 0.043750 0.384375 0.037500 0.385937 0.032813 0.384375 0.029687 0.381250 0.026562 0.379688 0.021875 0.378125 0.020313 0.375000 0.018750 0.360938 0.014063 0.354687 0.017188 0.350000 0.023438
0 0.392188 0.029687 0.389062 0.032813 0.387500 0.032813 0.385937 0.034375 0.385937 0.035937 0.382812 0.039062 0.378125 0.042188 0.370312 0.045312 0.367188 0.048438 0.365625 0.051562 0.364063 0.057813 0.364063 0.067187 0.367188 0.073438 0.370312 0.075000 0.375000 0.075000 0.379688 0.076563 0.384375 0.081250 0.387500 0.081250 0.390625 0.084375 0.400000 0.087500 0.407813 0.089063 0.415625 0.089063 0.418750 0.087500 0.423438 0.082812 0.426563 0.078125 0.426563 0.070312 0.423438 0.065625 0.415625 0.059375 0.417187 0.056250 0.426563 0.046875 0.426563 0.043750 0.425000 0.040625 0.421875 0.035937 0.417187 0.031250 0.410938 0.029687
0 0.381250 0.082812 0.376563 0.085938 0.373437 0.090625 0.373437 0.098437 0.371875 0.106250 0.368750 0.110937 0.368750 0.128125 0.376563 0.135937 0.384375 0.139063 0.398438 0.140625 0.414062 0.140625 0.418750 0.137500 0.418750 0.134375 0.420312 0.132812 0.420312 0.126562 0.423438 0.120313 0.428125 0.115625 0.429688 0.112500 0.431250 0.107813 0.431250 0.101562 0.426563 0.096875 0.423438 0.095312 0.412500 0.093750 0.406250 0.089063 0.401562 0.089063 0.387500 0.082812
0 0.365812 0.140813 0.359563 0.154875 0.356438 0.158000 0.351750 0.159562 0.350187 0.165813 0.350187 0.173625 0.354875 0.178313 0.356438 0.181438 0.361125 0.193938 0.367375 0.198625 0.372063 0.200188 0.378312 0.200188 0.386125 0.204875 0.389250 0.204875 0.401750 0.203313 0.412687 0.190812 0.417375 0.189250 0.417375 0.183000 0.415813 0.179875 0.408000 0.170500 0.404875 0.167375 0.397062 0.162688 0.395500 0.161125 0.393937 0.158000 0.392375 0.150188 0.389250 0.147063 0.389250 0.145500 0.387688 0.143937 0.386125 0.143937 0.383000 0.140813 0.378312 0.139250
0 0.534375 0.315625 0.532813 0.318750 0.532813 0.321875 0.534375 0.325000 0.540625 0.332813 0.546875 0.335938 0.551562 0.337500 0.557813 0.337500 0.562500 0.342187 0.568750 0.345313 0.573438 0.346875 0.582812 0.346875 0.584375 0.345313 0.587500 0.345313 0.592187 0.337500 0.593750 0.335938 0.600000 0.332813 0.603125 0.328125 0.604688 0.323437 0.601562 0.318750 0.601562 0.314063 0.600000 0.310937 0.595313 0.306250 0.593750 0.306250 0.589063 0.301563 0.589063 0.300000 0.585938 0.296875 0.582812 0.295312 0.564063 0.295312 0.557813 0.298438 0.550000 0.307812 0.546875 0.310937 0.540625 0.310937 0.537500 0.312500
0 0.607812 0.321875 0.606250 0.325000 0.604688 0.329688 0.604688 0.340625 0.606250 0.343750 0.621875 0.359375 0.625000 0.360938 0.639062 0.360938 0.643750 0.359375 0.646875 0.357812 0.650000 0.354687 0.651563 0.354687 0.653125 0.353125 0.657813 0.346875 0.657813 0.340625 0.656250 0.337500 0.650000 0.331250 0.646875 0.325000 0.642188 0.321875 0.632812 0.317188 0.628125 0.315625 0.620313 0.315625 0.614062 0.317188 0.610938 0.318750
0 0.614062 0.365625 0.609375 0.370312 0.609375 0.378125 0.610938 0.393750 0.612500 0.396875 0.614062 0.398438 0.621875 0.404687 0.634375 0.410938 0.643750 0.403125 0.648438 0.398438 0.650000 0.395313 0.651563 0.387500 0.651563 0.378125 0.646875 0.368750 0.643750 0.365625 0.640625 0.364063 0.632812 0.362500 0.626563 0.362500 0.618750 0.364063
0 0.560937 0.371875 0.556250 0.367188 0.551562 0.365625 0.540625 0.368750 0.523438 0.367188 0.517188 0.368750 0.514062 0.370312 0.512500 0.371875 0.510938 0.375000 0.510938 0.381250 0.512500 0.387500 0.515625 0.396875 0.518750 0.403125 0.520312 0.404687 0.521875 0.404687 0.525000 0.407813 0.534375 0.407813 0.535937 0.409375 0.543750 0.409375 0.546875 0.407813 0.553125 0.401562 0.559375 0.396875 0.562500 0.396875 0.565625 0.395313 0.567187 0.384375 0.564063 0.376563
0 0.571875 0.400000 0.567187 0.398438 0.564063 0.398438 0.554688 0.403125 0.546875 0.410938 0.546875 0.423438 0.548438 0.426563 0.551562 0.431250 0.556250 0.435937 0.562500 0.435937 0.567187 0.431250 0.570312 0.429688 0.573438 0.429688 0.576562 0.428125 0.579688 0.425000 0.581250 0.418750 0.582812 0.410938 0.581250 0.407813 0.576562 0.403125
0 0.623437 0.409375 0.614062 0.400000 0.610938 0.398438 0.606250 0.398438 0.601562 0.400000 0.593750 0.404687 0.585938 0.406250 0.584375 0.409375 0.582812 0.415625 0.582812 0.423438 0.585938 0.429688 0.589063 0.432812 0.606250 0.432812 0.615625 0.428125 0.620313 0.425000 0.623437 0.421875 0.625000 0.418750 0.625000 0.412500
1 0.651563 0.407813 0.651563 0.412500 0.653125 0.417187 0.657813 0.421875 0.660937 0.423438 0.670312 0.425000 0.676562 0.423438 0.682813 0.420312 0.689063 0.414062 0.690625 0.409375 0.690625 0.404687 0.689063 0.401562 0.685937 0.398438 0.681250 0.396875 0.660937 0.396875 0.657813 0.398438 0.656250 0.400000 0.656250 0.401562 0.653125 0.404687
1 0.671875 0.442188 0.665625 0.439063 0.654687 0.439063 0.648438 0.440625 0.645312 0.442188 0.642188 0.445312 0.639062 0.450000 0.637500 0.454688 0.639062 0.457813 0.643750 0.462500 0.646875 0.464062 0.662500 0.464062 0.665625 0.462500 0.671875 0.456250 0.673438 0.453125
1 0.473438 0.382812 0.467187 0.381250 0.462500 0.381250 0.456250 0.382812 0.453125 0.385937 0.451562 0.385937 0.450000 0.398438 0.451562 0.401562 0.454688 0.404687 0.457813 0.406250 0.462500 0.407813 0.468750 0.406250 0.471875 0.404687 0.475000 0.401562 0.476562 0.401562 0.478125 0.400000 0.481250 0.393750 0.481250 0.390625 0.479687 0.387500 0.478125 0.385937 0.476562 0.385937
1 0.459375 0.420312 0.459375 0.429688 0.465625 0.435937 0.468750 0.437500 0.478125 0.437500 0.484375 0.434375 0.487500 0.431250 0.487500 0.423438 0.485938 0.420312 0.484375 0.418750 0.481250 0.417187 0.476562 0.415625 0.464062 0.415625
1 0.384375 0.400000 0.382812 0.403125 0.382812 0.410938 0.384375 0.415625 0.389062 0.420312 0.393750 0.421875 0.404687 0.421875 0.407813 0.420312 0.412500 0.415625 0.415625 0.409375 0.415625 0.403125 0.412500 0.396875 0.410938 0.395313 0.407813 0.393750 0.396875 0.393750 0.392188 0.395313 0.389062 0.396875
1 0.407813 0.439063 0.401562 0.435937 0.398438 0.435937 0.390625 0.437500 0.385937 0.439063 0.382812 0.440625 0.379688 0.443750 0.378125 0.446875 0.378125 0.456250 0.381250 0.462500 0.385937 0.465625 0.400000 0.465625 0.403125 0.464062 0.404687 0.462500 0.404687 0.460938 0.407813 0.457813 0.409375 0.454688 0.409375 0.442188
1 0.412500 0.453125 0.410938 0.456250 0.409375 0.460938 0.409375 0.467187 0.412500 0.473438 0.415625 0.476562 0.418750 0.478125 0.423438 0.479687 0.428125 0.479687 0.432812 0.478125 0.435937 0.476562 0.440625 0.473438 0.442188 0.470313 0.442188 0.459375 0.435937 0.453125 0.432812 0.451562 0.426563 0.450000 0.418750 0.450000
1 0.417187 0.415625 0.417187 0.420312 0.421875 0.425000 0.432812 0.425000 0.437500 0.423438 0.440625 0.420312 0.440625 0.415625 0.439063 0.412500 0.437500 0.410938 0.434375 0.409375 0.423438 0.409375 0.420312 0.410938 0.418750 0.412500
1 0.676562 0.510938 0.671875 0.510938 0.665625 0.514062 0.664062 0.515625 0.660937 0.521875 0.660937 0.525000 0.662500 0.528125 0.665625 0.531250 0.670312 0.532813 0.673438 0.532813 0.676562 0.531250 0.678125 0.529687 0.678125 0.528125 0.681250 0.525000 0.681250 0.518750 0.679688 0.514062
1 0.698438 0.500000 0.695312 0.498437 0.692187 0.498437 0.687500 0.500000 0.681250 0.506250 0.679688 0.509375 0.679688 0.514062 0.681250 0.517188 0.682813 0.518750 0.685937 0.520312 0.695312 0.520312 0.698438 0.518750 0.703125 0.515625 0.704688 0.512500 0.704688 0.507812 0.703125 0.504687
1 0.675000 0.545312 0.675000 0.554688 0.678125 0.557813 0.681250 0.559375 0.689063 0.559375 0.692187 0.557813 0.693750 0.556250 0.695312 0.553125 0.695312 0.546875 0.693750 0.543750 0.690625 0.542188 0.681250 0.542188
1 0.701562 0.546875 0.700000 0.550000 0.700000 0.557813 0.701562 0.560937 0.704688 0.562500 0.709375 0.564063 0.715625 0.564063 0.720313 0.562500 0.723437 0.559375 0.725000 0.556250 0.725000 0.551562 0.721875 0.546875 0.718750 0.545312 0.714063 0.543750 0.710938 0.543750
1 0.751563 0.525000 0.748437 0.526563 0.745313 0.529687 0.742188 0.537500 0.743750 0.543750 0.745313 0.546875 0.750000 0.551562 0.754687 0.553125 0.762500 0.553125 0.765625 0.551562 0.770312 0.548438 0.773438 0.542188 0.773438 0.535937 0.770312 0.529687 0.768750 0.529687 0.765625 0.526563 0.762500 0.525000
1 0.792188 0.509375 0.792188 0.515625 0.793750 0.518750 0.796875 0.521875 0.806250 0.523438 0.812500 0.521875 0.815625 0.520312 0.818750 0.517188 0.818750 0.510938 0.817187 0.507812 0.815625 0.506250 0.809375 0.503125 0.798438 0.503125
1 0.757812 0.498437 0.757812 0.503125 0.762500 0.507812 0.776563 0.507812 0.779687 0.506250 0.781250 0.504687 0.781250 0.496875 0.779687 0.495312 0.776563 0.493750 0.762500 0.493750
1 0.743750 0.475000 0.743750 0.482812 0.746875 0.487500 0.750000 0.489063 0.757812 0.490625 0.764062 0.489063 0.767188 0.487500 0.771875 0.482812 0.773438 0.478125 0.773438 0.475000 0.770312 0.468750 0.765625 0.467187 0.750000 0.467187 0.746875 0.468750
1 0.776563 0.481250 0.776563 0.485938 0.781250 0.490625 0.792188 0.490625 0.795312 0.489063 0.798438 0.485938 0.798438 0.479687 0.795312 0.476562 0.790625 0.475000 0.782813 0.475000 0.779687 0.476562 0.778125 0.478125
1 0.729688 0.482812 0.726562 0.484375 0.725000 0.489063 0.725000 0.496875 0.729688 0.501563 0.735938 0.501563 0.742188 0.495312 0.742188 0.487500 0.740625 0.484375 0.737500 0.482812
1 0.764062 0.445312 0.764062 0.450000 0.765625 0.453125 0.768750 0.454688 0.773438 0.454688 0.775000 0.456250 0.778125 0.456250 0.782813 0.454688 0.787500 0.450000 0.789062 0.446875 0.789062 0.442188 0.784375 0.437500 0.771875 0.437500
1 0.765625 0.431250 0.762500 0.429688 0.759375 0.429688 0.756250 0.431250 0.753125 0.434375 0.751563 0.434375 0.750000 0.435937 0.746875 0.442188 0.748437 0.445312 0.754687 0.446875 0.760938 0.443750 0.765625 0.439063 0.767188 0.434375
1 0.028125 0.925000 0.028125 0.939063 0.029687 0.942187 0.035937 0.948438 0.054688 0.948438 0.059375 0.946875 0.064062 0.943750 0.070312 0.937500 0.070312 0.931250 0.068750 0.928125 0.064062 0.921875 0.062500 0.920312 0.056250 0.917188 0.050000 0.915625 0.037500 0.915625 0.032813 0.918750 0.029687 0.921875
1 0.000000 0.950000 0.000000 0.976562 0.003125 0.976562 0.004687 0.978125 0.025000 0.978125 0.031250 0.975000 0.032813 0.973437 0.034375 0.970313 0.035937 0.965625 0.035937 0.960938 0.032813 0.956250 0.023438 0.950000 0.020313 0.948438 0.003125 0.948438
0 0.617188 0.429688 0.617188 0.432812 0.621875 0.437500 0.642188 0.439063 0.645312 0.435937 0.645312 0.426563 0.642188 0.423438 0.625000 0.423438 0.621875 0.425000
0 0.387500 0.140625 0.392188 0.148438 0.393750 0.156250 0.396875 0.159375 0.396875 0.160938 0.398438 0.162500 0.401562 0.164062 0.406250 0.164062 0.410938 0.162500 0.415625 0.157812 0.423438 0.148438 0.423438 0.140625 0.417187 0.140625 0.404687 0.139063 0.390625 0.139063
0 0.360922 0.140000 0.359766 0.142187 0.351891 0.147281 0.338172 0.156469 0.332203 0.161000 0.328109 0.163469 0.324906 0.164500 0.321109 0.167266 0.318641 0.169891 0.318203 0.173391 0.323156 0.174125 0.323891 0.174844 0.324469 0.176750 0.325047 0.178500 0.325484 0.179219 0.332922 0.178781 0.340219 0.177625 0.344297 0.178062 0.349984 0.177625 0.353781 0.176016 0.355391 0.174266 0.358891 0.169016 0.359766 0.165078 0.360484 0.159531 0.360922 0.154719 0.360922 0.149469