0 0.743750 0.354687 0.731250 0.368750 0.728125 0.375000 0.728125 0.384375 0.729688 0.387500 0.734375 0.392188 0.739062 0.395313 0.743750 0.396875 0.746875 0.396875 0.757812 0.393750 0.762500 0.393750 0.765625 0.395313 0.776563 0.406250 0.782813 0.406250 0.785937 0.403125 0.787500 0.396875 0.787500 0.389062 0.784375 0.382812 0.785937 0.379688 0.789062 0.375000 0.789062 0.367188 0.785937 0.360938 0.779687 0.354687 0.775000 0.353125 0.770312 0.353125 0.768750 0.354687 0.764062 0.354687 0.759375 0.351562 0.750000 0.351562
0 0.723437 0.423438 0.717187 0.420312 0.710938 0.420312 0.701562 0.421875 0.689063 0.420312 0.685937 0.421875 0.682813 0.425000 0.679688 0.426563 0.675000 0.426563 0.668750 0.429688 0.659375 0.439063 0.659375 0.442188 0.664062 0.446875 0.657813 0.453125 0.656250 0.456250 0.656250 0.465625 0.657813 0.468750 0.665625 0.475000 0.668750 0.478125 0.668750 0.489063 0.670312 0.493750 0.673438 0.496875 0.692187 0.496875 0.696875 0.495312 0.701562 0.490625 0.703125 0.487500 0.703125 0.484375 0.706250 0.481250 0.706250 0.478125 0.707812 0.475000 0.710938 0.471875 0.712500 0.465625 0.718750 0.459375 0.720313 0.459375 0.725000 0.454688 0.728125 0.445312 0.728125 0.429688 0.725000 0.426563 0.725000 0.425000
0 0.715625 0.462500 0.714063 0.465625 0.714063 0.467187 0.709375 0.473438 0.707812 0.476562 0.704688 0.484375 0.703125 0.490625 0.703125 0.496875 0.704688 0.501563 0.707812 0.504687 0.710938 0.503125 0.715625 0.498437 0.723437 0.489063 0.726562 0.487500 0.732812 0.487500 0.739062 0.493750 0.739062 0.500000 0.740625 0.503125 0.746875 0.504687 0.750000 0.501563 0.751563 0.498437 0.751563 0.495312 0.748437 0.490625 0.746875 0.485938 0.750000 0.481250 0.750000 0.475000 0.743750 0.468750 0.739062 0.465625 0.735938 0.464062 0.731250 0.462500 0.725000 0.460938
0 0.785937 0.446875 0.781250 0.451562 0.770312 0.464062 0.768750 0.467187 0.768750 0.473438 0.767188 0.476562 0.762500 0.482812 0.762500 0.492188 0.764062 0.495312 0.767188 0.498437 0.771875 0.500000 0.778125 0.500000 0.781250 0.503125 0.790625 0.503125 0.793750 0.504687 0.806250 0.515625 0.807813 0.515625 0.810937 0.520312 0.812500 0.521875 0.820312 0.526563 0.831250 0.526563 0.837500 0.520312 0.840625 0.514062 0.840625 0.506250 0.842187 0.503125 0.846875 0.498437 0.848437 0.495312 0.848437 0.487500 0.843750 0.482812 0.843750 0.478125 0.846875 0.473438 0.846875 0.462500 0.845313 0.459375 0.840625 0.454688 0.835938 0.453125 0.829688 0.453125 0.826562 0.450000 0.826562 0.448437 0.823438 0.445312 0.817187 0.442188 0.812500 0.440625 0.809375 0.440625 0.807813 0.442188 0.803125 0.442188 0.798438 0.445312 0.789062 0.445312
0 0.809375 0.417187 0.801562 0.425000 0.800000 0.428125 0.800000 0.439063 0.801562 0.442188 0.812500 0.442188 0.821875 0.445312 0.825000 0.448437 0.828125 0.448437 0.832812 0.443750 0.835938 0.437500 0.835938 0.431250 0.834375 0.425000 0.826562 0.417187 0.821875 0.415625 0.812500 0.415625
0 0.900000 0.414062 0.890625 0.415625 0.889062 0.418750 0.887500 0.423438 0.887500 0.426563 0.889062 0.435937 0.885938 0.439063 0.882812 0.439063 0.878125 0.443750 0.878125 0.446875 0.875000 0.450000 0.875000 0.454688 0.876563 0.460938 0.878125 0.464062 0.885938 0.470313 0.885938 0.473438 0.882812 0.479687 0.882812 0.487500 0.885938 0.490625 0.889062 0.490625 0.893750 0.489063 0.896875 0.487500 0.898438 0.484375 0.901563 0.481250 0.907813 0.481250 0.909375 0.482812 0.914062 0.482812 0.917188 0.481250 0.920312 0.478125 0.921875 0.473438 0.928125 0.467187 0.931250 0.462500 0.931250 0.459375 0.929688 0.456250 0.926562 0.454688 0.921875 0.454688 0.918750 0.453125 0.915625 0.450000 0.918750 0.443750 0.925000 0.443750 0.928125 0.442188 0.929688 0.431250 0.926562 0.428125 0.923438 0.426563 0.915625 0.426563 0.912500 0.425000 0.910937 0.423438 0.909375 0.418750 0.907813 0.417187 0.904687 0.415625
0 0.856250 0.506250 0.853125 0.507812 0.850000 0.510938 0.848437 0.515625 0.839063 0.528125 0.828125 0.537500 0.826562 0.540625 0.825000 0.545312 0.825000 0.550000 0.826562 0.553125 0.837500 0.556250 0.839063 0.559375 0.839063 0.565625 0.840625 0.568750 0.843750 0.573438 0.848437 0.578125 0.853125 0.579688 0.864062 0.576562 0.873437 0.578125 0.876563 0.576562 0.884375 0.568750 0.884375 0.567187 0.890625 0.560937 0.898438 0.557813 0.904687 0.551562 0.906250 0.548438 0.904687 0.543750 0.898438 0.537500 0.898438 0.532813 0.900000 0.525000 0.898438 0.520312 0.896875 0.517188 0.893750 0.514062 0.890625 0.512500 0.871875 0.512500 0.868750 0.510938 0.864062 0.506250
0 0.773438 0.501563 0.775000 0.504687 0.776563 0.514062 0.778125 0.518750 0.782813 0.523438 0.793750 0.523438 0.796875 0.525000 0.800000 0.528125 0.804688 0.529687 0.806250 0.543750 0.809375 0.548438 0.814063 0.551562 0.817187 0.551562 0.823438 0.548438 0.825000 0.545312 0.825000 0.542188 0.829688 0.535937 0.828125 0.529687 0.825000 0.529687 0.818750 0.526563 0.814063 0.521875 0.810937 0.521875 0.807813 0.520312 0.801562 0.514062 0.800000 0.514062 0.795312 0.507812 0.790625 0.506250 0.785937 0.503125 0.781250 0.501563
0 0.746875 0.539062 0.746875 0.546875 0.742188 0.551562 0.734375 0.553125 0.728125 0.556250 0.726562 0.559375 0.726562 0.565625 0.731250 0.570312 0.732812 0.573438 0.731250 0.582812 0.732812 0.590625 0.735938 0.593750 0.746875 0.596875 0.753125 0.603125 0.753125 0.606250 0.757812 0.610938 0.760938 0.610938 0.764062 0.612500 0.770312 0.610938 0.778125 0.603125 0.785937 0.606250 0.792188 0.600000 0.793750 0.595313 0.801562 0.582812 0.809375 0.573438 0.803125 0.567187 0.800000 0.565625 0.795312 0.565625 0.785937 0.567187 0.778125 0.575000 0.773438 0.570312 0.775000 0.560937 0.775000 0.557813 0.773438 0.548438 0.771875 0.545312 0.762500 0.539062 0.756250 0.537500
0 0.800000 0.623437 0.792188 0.623437 0.787500 0.625000 0.784375 0.626563 0.776563 0.634375 0.762500 0.634375 0.756250 0.637500 0.751563 0.640625 0.748437 0.643750 0.748437 0.650000 0.751563 0.653125 0.751563 0.654687 0.753125 0.656250 0.754687 0.656250 0.756250 0.657813 0.757812 0.660937 0.759375 0.667188 0.759375 0.676562 0.762500 0.681250 0.762500 0.685937 0.765625 0.692187 0.768750 0.693750 0.771875 0.693750 0.776563 0.696875 0.785937 0.704688 0.792188 0.704688 0.801562 0.701562 0.804688 0.700000 0.807813 0.696875 0.809375 0.693750 0.809375 0.684375 0.812500 0.681250 0.815625 0.681250 0.820312 0.676562 0.821875 0.673438 0.821875 0.665625 0.825000 0.659375 0.825000 0.651563 0.823438 0.648438 0.820312 0.645312 0.812500 0.642188 0.810937 0.637500 0.810937 0.632812 0.809375 0.629687 0.804688 0.625000
0 0.728672 0.647422 0.722422 0.650547 0.722422 0.663047 0.725547 0.667734 0.727109 0.672422 0.731797 0.673984 0.733359 0.680234 0.731797 0.683359 0.728672 0.686484 0.723984 0.698984 0.725547 0.703672 0.734922 0.703672 0.739609 0.708359 0.741172 0.713047 0.747422 0.713047 0.755234 0.705234 0.756797 0.700547 0.759922 0.697422 0.761484 0.697422 0.764609 0.694297 0.764609 0.691172 0.761484 0.684922 0.761484 0.675547 0.759922 0.667734 0.758359 0.664609 0.745859 0.652109 0.739609 0.648984 0.733359 0.647422
0 0.734375 0.775000 0.734375 0.779687 0.735938 0.781250 0.735938 0.785937 0.731250 0.792188 0.729688 0.795312 0.729688 0.800000 0.731250 0.803125 0.732812 0.804688 0.735938 0.806250 0.740625 0.807813 0.742188 0.810937 0.743750 0.815625 0.746875 0.818750 0.750000 0.820312 0.776563 0.820312 0.784375 0.825000 0.793750 0.825000 0.798438 0.820312 0.798438 0.815625 0.800000 0.810937 0.803125 0.807813 0.807813 0.807813 0.810937 0.804688 0.810937 0.792188 0.809375 0.789062 0.800000 0.779687 0.784375 0.767188 0.781250 0.765625 0.768750 0.765625 0.762500 0.768750 0.746875 0.767188 0.742188 0.768750 0.739062 0.770312
1 0.778125 0.737500 0.778125 0.746875 0.779687 0.750000 0.784375 0.754687 0.787500 0.756250 0.793750 0.757812 0.800000 0.756250 0.803125 0.754687 0.807813 0.750000 0.809375 0.745313 0.809375 0.740625 0.807813 0.735938 0.801562 0.729688 0.787500 0.729688 0.784375 0.731250
0 0.976562 0.590625 0.973437 0.587500 0.964063 0.584375 0.954688 0.584375 0.937500 0.585938 0.932813 0.587500 0.928125 0.592187 0.923438 0.593750 0.917188 0.601562 0.912500 0.604688 0.910937 0.607812 0.912500 0.610938 0.915625 0.615625 0.921875 0.621875 0.921875 0.625000 0.918750 0.628125 0.917188 0.628125 0.910937 0.632812 0.909375 0.634375 0.907813 0.637500 0.907813 0.642188 0.910937 0.645312 0.910937 0.646875 0.912500 0.648438 0.918750 0.651563 0.931250 0.651563 0.935937 0.650000 0.939063 0.648438 0.942187 0.651563 0.943750 0.656250 0.946875 0.659375 0.957812 0.659375 0.965625 0.654687 0.970313 0.650000 0.973437 0.642188 0.975000 0.635938 0.975000 0.629687 0.978125 0.623437 0.978125 0.618750 0.973437 0.614062 0.973437 0.610938 0.976562 0.607812 0.978125 0.603125 0.978125 0.596875
0 0.992188 0.596875 0.985938 0.600000 0.982812 0.603125 0.981250 0.606250 0.981250 0.612500 0.975000 0.620313 0.973437 0.626563 0.973437 0.635938 0.976562 0.639062 0.978125 0.639062 0.981250 0.642188 0.981250 0.643750 0.984375 0.646875 0.987500 0.648438 0.993750 0.650000 0.998437 0.650000 0.998437 0.596875
0 0.976562 0.692187 0.970313 0.698438 0.970313 0.703125 0.975000 0.712500 0.976562 0.718750 0.971875 0.720313 0.968750 0.723437 0.968750 0.726562 0.962500 0.731250 0.960938 0.732812 0.959375 0.735938 0.959375 0.739062 0.960938 0.740625 0.960938 0.743750 0.965625 0.746875 0.973437 0.750000 0.985938 0.751563 0.985938 0.754687 0.998437 0.759375 0.998437 0.695312 0.995313 0.695312 0.989062 0.692187
1 0.945312 0.775000 0.945312 0.782813 0.946875 0.785937 0.950000 0.787500 0.957812 0.787500 0.959375 0.785937 0.960938 0.782813 0.960938 0.776563 0.957812 0.773438 0.954688 0.771875