0 0.554688 0.012500 0.548438 0.020313 0.546875 0.020313 0.540625 0.026562 0.539062 0.029687 0.539062 0.034375 0.540625 0.045312 0.542188 0.048438 0.543750 0.050000 0.546875 0.051562 0.565625 0.051562 0.568750 0.054688 0.568750 0.060937 0.570312 0.064062 0.576562 0.065625 0.579688 0.064062 0.587500 0.056250 0.589063 0.048438 0.587500 0.040625 0.584375 0.034375 0.582812 0.028125 0.582812 0.020313 0.579688 0.017188 0.571875 0.015625 0.564063 0.010937
0 0.628750 0.028906 0.631875 0.027344 0.639687 0.033594 0.642813 0.036719 0.644375 0.039844 0.644375 0.044531 0.649062 0.049219 0.649062 0.050781 0.652187 0.053906 0.664687 0.053906 0.670937 0.050781 0.678750 0.042969 0.691250 0.042969 0.697500 0.039844 0.700625 0.036719 0.702187 0.033594 0.700625 0.016406 0.700625 0.008594 0.702187 0.003906 0.703750 0.000781 0.644375 0.000781 0.638125 0.007031 0.635000 0.013281 0.631875 0.021094 0.631875 0.024219 0.630312 0.025781
0 0.726562 0.023438 0.728125 0.026562 0.734375 0.032813 0.737500 0.034375 0.750000 0.034375 0.756250 0.031250 0.760938 0.021875 0.768750 0.014063 0.771875 0.009375 0.771875 0.000000 0.726562 0.000000 0.725000 0.006250
0 0.771875 0.090625 0.767188 0.084375 0.754687 0.071875 0.739062 0.068750 0.721875 0.070312 0.712500 0.075000 0.704688 0.082812 0.700000 0.095312 0.700000 0.104688 0.701562 0.107813 0.707812 0.114062 0.710938 0.115625 0.720313 0.115625 0.728125 0.121875 0.740625 0.121875 0.743750 0.120313 0.746875 0.117188 0.750000 0.109375 0.753125 0.106250 0.756250 0.104688 0.762500 0.104688 0.768750 0.101562 0.771875 0.095312
1 0.684375 0.053125 0.679688 0.059375 0.678125 0.062500 0.678125 0.065625 0.679688 0.068750 0.681250 0.070312 0.684375 0.071875 0.690625 0.071875 0.693750 0.070312 0.696875 0.064062 0.695312 0.060937 0.690625 0.056250
1 0.701562 0.040625 0.695312 0.040625 0.689063 0.043750 0.685937 0.046875 0.685937 0.054688 0.695312 0.059375 0.698438 0.059375 0.706250 0.051562 0.706250 0.045312
0 0.860938 0.343750 0.859375 0.346875 0.859375 0.354687 0.860938 0.360938 0.864062 0.367188 0.864062 0.387500 0.867188 0.390625 0.870313 0.392188 0.878125 0.393750 0.885938 0.398438 0.898438 0.398438 0.903125 0.396875 0.906250 0.393750 0.917188 0.381250 0.918750 0.378125 0.918750 0.367188 0.917188 0.362500 0.912500 0.356250 0.906250 0.350000 0.906250 0.348438 0.901563 0.343750 0.898438 0.342187 0.893750 0.340625 0.881250 0.340625 0.864062 0.342187
0 0.978125 0.307812 0.975000 0.309375 0.970313 0.312500 0.960938 0.320312 0.956250 0.325000 0.953125 0.329688 0.951562 0.335938 0.951562 0.343750 0.953125 0.351562 0.954688 0.356250 0.956250 0.359375 0.960938 0.362500 0.967187 0.365625 0.979688 0.367188 0.985938 0.370312 0.992188 0.371875 0.998437 0.371875 0.998437 0.312500 0.993750 0.309375 0.989062 0.307812
0 0.995313 0.368750 0.990625 0.365625 0.976562 0.365625 0.964063 0.362500 0.959375 0.362500 0.953125 0.365625 0.948438 0.368750 0.942187 0.375000 0.935937 0.378125 0.932813 0.381250 0.931250 0.384375 0.931250 0.396875 0.934375 0.403125 0.940625 0.410938 0.946875 0.417187 0.950000 0.418750 0.954688 0.420312 0.962500 0.420312 0.968750 0.417187 0.971875 0.414062 0.971875 0.412500 0.975000 0.409375 0.976562 0.409375 0.978125 0.407813 0.984375 0.409375 0.990625 0.407813 0.998437 0.404687 0.998437 0.385937 0.995313 0.382812 0.995313 0.379688 0.998437 0.375000 0.995313 0.371875
0 0.743750 0.570312 0.740625 0.573438 0.740625 0.579688 0.735938 0.584375 0.731250 0.585938 0.728125 0.589063 0.728125 0.595313 0.729688 0.600000 0.740625 0.610938 0.742188 0.618750 0.748437 0.625000 0.753125 0.626563 0.762500 0.626563 0.767188 0.621875 0.770312 0.620313 0.773438 0.620313 0.779687 0.617188 0.785937 0.610938 0.785937 0.601562 0.784375 0.587500 0.782813 0.582812 0.779687 0.579688 0.776563 0.578125 0.765625 0.578125 0.762500 0.575000 0.762500 0.573438 0.759375 0.570312 0.754687 0.568750 0.750000 0.568750
0 0.692187 0.465625 0.689063 0.467187 0.684375 0.471875 0.682813 0.476562 0.682813 0.482812 0.685937 0.489063 0.685937 0.493750 0.681250 0.500000 0.678125 0.507812 0.678125 0.520312 0.682813 0.526563 0.692187 0.535937 0.695312 0.537500 0.700000 0.539062 0.704688 0.539062 0.714063 0.534375 0.721875 0.529687 0.726562 0.525000 0.729688 0.520312 0.731250 0.514062 0.731250 0.507812 0.732812 0.506250 0.732812 0.501563 0.731250 0.495312 0.729688 0.490625 0.725000 0.485938 0.721875 0.484375 0.709375 0.482812 0.709375 0.476562 0.706250 0.470313 0.704688 0.468750 0.698438 0.465625
0 0.639062 0.460938 0.635938 0.464062 0.634375 0.468750 0.634375 0.489063 0.637500 0.492188 0.639062 0.496875 0.639062 0.501563 0.640625 0.504687 0.646875 0.510938 0.657813 0.520312 0.662500 0.518750 0.667188 0.515625 0.673438 0.512500 0.675000 0.507812 0.675000 0.504687 0.671875 0.500000 0.671875 0.496875 0.675000 0.490625 0.675000 0.481250 0.673438 0.475000 0.671875 0.470313 0.665625 0.464062 0.651563 0.465625 0.648438 0.465625 0.645312 0.462500 0.642188 0.460938
0 0.720313 0.653125 0.715625 0.656250 0.706250 0.668750 0.701562 0.678125 0.701562 0.681250 0.703125 0.685937 0.707812 0.690625 0.710938 0.698438 0.715625 0.703125 0.720313 0.704688 0.723437 0.703125 0.728125 0.698438 0.731250 0.696875 0.737500 0.701562 0.743750 0.703125 0.748437 0.701562 0.751563 0.698438 0.753125 0.693750 0.754687 0.685937 0.753125 0.681250 0.756250 0.673438 0.756250 0.662500 0.754687 0.659375 0.750000 0.654687 0.745313 0.653125 0.737500 0.651563 0.723437 0.651563
0 0.765625 0.629687 0.759375 0.632812 0.757812 0.634375 0.756250 0.637500 0.756250 0.648438 0.757812 0.651563 0.760938 0.654687 0.764062 0.656250 0.771875 0.656250 0.778125 0.651563 0.779687 0.650000 0.781250 0.646875 0.781250 0.637500 0.779687 0.634375 0.776563 0.631250 0.773438 0.629687
0 0.703125 0.631250 0.698438 0.629687 0.689063 0.629687 0.678125 0.632812 0.673438 0.634375 0.670312 0.635938 0.668750 0.637500 0.668750 0.639062 0.665625 0.642188 0.665625 0.646875 0.668750 0.651563 0.668750 0.657813 0.671875 0.664062 0.671875 0.673438 0.675000 0.676562 0.679688 0.679688 0.682813 0.681250 0.690625 0.681250 0.695312 0.679688 0.698438 0.678125 0.703125 0.673438 0.710938 0.660937 0.712500 0.657813 0.714063 0.650000 0.714063 0.646875 0.712500 0.642188 0.709375 0.637500
0 0.554688 0.468750 0.548438 0.471875 0.542188 0.478125 0.539062 0.484375 0.539062 0.492188 0.540625 0.495312 0.545312 0.501563 0.543750 0.512500 0.545312 0.515625 0.553125 0.523438 0.556250 0.525000 0.565625 0.525000 0.568750 0.526563 0.573438 0.531250 0.578125 0.532813 0.582812 0.532813 0.593750 0.529687 0.600000 0.523438 0.601562 0.520312 0.604688 0.498437 0.604688 0.489063 0.600000 0.476562 0.596875 0.471875 0.593750 0.468750 0.587500 0.465625 0.582812 0.464062 0.571875 0.464062
0 0.659375 0.529687 0.653125 0.525000 0.648438 0.523438 0.642188 0.521875 0.629687 0.521875 0.621875 0.526563 0.614062 0.526563 0.609375 0.528125 0.606250 0.529687 0.600000 0.535937 0.598437 0.539062 0.598437 0.550000 0.601562 0.556250 0.603125 0.557813 0.606250 0.559375 0.614062 0.559375 0.617188 0.560937 0.625000 0.568750 0.629687 0.568750 0.631250 0.567187 0.637500 0.567187 0.640625 0.565625 0.646875 0.559375 0.656250 0.548438 0.660937 0.546875 0.662500 0.535937
0 0.625000 0.568750 0.625000 0.575000 0.617188 0.589063 0.617188 0.601562 0.618750 0.604688 0.626563 0.610938 0.634375 0.610938 0.642188 0.614062 0.654687 0.614062 0.659375 0.610938 0.664062 0.610938 0.665625 0.612500 0.670312 0.612500 0.676562 0.609375 0.679688 0.606250 0.679688 0.600000 0.678125 0.581250 0.676562 0.578125 0.667188 0.568750 0.660937 0.565625 0.634375 0.565625
0 0.609375 0.620313 0.607812 0.625000 0.607812 0.639062 0.604688 0.642188 0.604688 0.648438 0.607812 0.651563 0.607812 0.653125 0.609375 0.654687 0.612500 0.656250 0.621875 0.659375 0.642188 0.659375 0.650000 0.657813 0.656250 0.654687 0.659375 0.651563 0.660937 0.648438 0.660937 0.637500 0.656250 0.629687 0.656250 0.618750 0.654687 0.615625 0.653125 0.614062 0.650000 0.612500 0.645312 0.610938 0.623437 0.610938 0.614062 0.615625
1 0.578125 0.543750 0.578125 0.551562 0.579688 0.554688 0.582812 0.557813 0.585938 0.557813 0.589063 0.559375 0.596875 0.556250 0.596875 0.545312 0.595313 0.542188 0.592187 0.539062 0.584375 0.539062 0.581250 0.540625
1 0.671875 0.514062 0.667188 0.515625 0.660937 0.518750 0.659375 0.525000 0.660937 0.528125 0.664062 0.531250 0.668750 0.532813 0.671875 0.531250 0.675000 0.528125 0.676562 0.525000 0.676562 0.520312 0.675000 0.517188
1 0.614062 0.690625 0.612500 0.700000 0.615625 0.703125 0.625000 0.701562 0.626563 0.698438 0.625000 0.690625 0.621875 0.689063 0.617188 0.689063
1 0.684375 0.714063 0.681250 0.717187 0.681250 0.725000 0.682813 0.728125 0.685937 0.729688 0.696875 0.729688 0.698438 0.726562 0.696875 0.715625 0.693750 0.714063
1 0.671875 0.660937 0.667188 0.659375 0.659375 0.660937 0.656250 0.662500 0.654687 0.664062 0.653125 0.667188 0.653125 0.673438 0.654687 0.676562 0.671875 0.676562 0.673438 0.673438 0.673438 0.664062
1 0.782813 0.785937 0.779687 0.785937 0.775000 0.787500 0.771875 0.789062 0.768750 0.795312 0.768750 0.801562 0.771875 0.807813 0.775000 0.809375 0.779687 0.809375 0.785937 0.807813 0.789062 0.804688 0.790625 0.801562 0.790625 0.792188 0.785937 0.787500
1 0.751563 0.809375 0.753125 0.814063 0.756250 0.817187 0.759375 0.818750 0.767188 0.817187 0.768750 0.814063 0.770312 0.809375 0.765625 0.804688 0.759375 0.804688 0.754687 0.806250
1 0.806250 0.876563 0.803125 0.882812 0.803125 0.889062 0.804688 0.892188 0.817187 0.892188 0.820312 0.889062 0.820312 0.881250 0.818750 0.878125 0.817187 0.876563 0.814063 0.875000 0.809375 0.875000
1 0.737500 0.835938 0.737500 0.839063 0.735938 0.840625 0.735938 0.846875 0.739062 0.850000 0.750000 0.848437 0.751563 0.845313 0.751563 0.839063 0.750000 0.835938 0.740625 0.834375
0 0.729688 0.729688 0.723437 0.728125 0.714063 0.728125 0.706250 0.729688 0.703125 0.731250 0.696875 0.737500 0.695312 0.740625 0.693750 0.746875 0.693750 0.757812 0.700000 0.770312 0.704688 0.775000 0.710938 0.775000 0.718750 0.770312 0.723437 0.770312 0.732812 0.771875 0.735938 0.770312 0.737500 0.767188 0.739062 0.760938 0.739062 0.756250 0.737500 0.740625 0.735938 0.735938
0 0.623437 0.709375 0.620313 0.710938 0.617188 0.714063 0.610938 0.725000 0.610938 0.737500 0.615625 0.750000 0.615625 0.756250 0.614062 0.768750 0.615625 0.771875 0.618750 0.775000 0.621875 0.776563 0.635938 0.781250 0.646875 0.781250 0.650000 0.779687 0.659375 0.770312 0.660937 0.767188 0.664062 0.757812 0.664062 0.754687 0.662500 0.753125 0.662500 0.748437 0.659375 0.742188 0.654687 0.735938 0.653125 0.732812 0.653125 0.721875 0.651563 0.718750 0.645312 0.717187 0.642188 0.715625 0.640625 0.712500 0.637500 0.709375
0 0.812500 0.742188 0.810937 0.743750 0.809375 0.746875 0.807813 0.764062 0.807813 0.773438 0.810937 0.779687 0.815625 0.781250 0.821875 0.784375 0.825000 0.787500 0.831250 0.790625 0.839063 0.790625 0.843750 0.789062 0.846875 0.787500 0.853125 0.781250 0.856250 0.776563 0.859375 0.770312 0.859375 0.757812 0.856250 0.748437 0.854688 0.745313 0.851562 0.742188 0.845313 0.739062 0.837500 0.739062 0.835938 0.740625 0.829688 0.740625 0.817187 0.739062 0.814063 0.742188
0 0.825000 0.801562 0.823438 0.807813 0.823438 0.817187 0.829688 0.828125 0.839063 0.837500 0.843750 0.837500 0.851562 0.832812 0.879687 0.832812 0.882812 0.831250 0.884375 0.817187 0.881250 0.812500 0.875000 0.806250 0.875000 0.800000 0.873437 0.795312 0.868750 0.790625 0.865625 0.789062 0.859375 0.787500 0.850000 0.789062 0.845313 0.792188 0.837500 0.792188 0.832812 0.793750 0.828125 0.796875
0 0.882812 0.834375 0.850000 0.834375 0.846875 0.835938 0.839063 0.843750 0.837500 0.846875 0.839063 0.859375 0.843750 0.860938 0.846875 0.873437 0.848437 0.876563 0.854688 0.879687 0.862500 0.879687 0.870313 0.876563 0.873437 0.875000 0.876563 0.871875 0.878125 0.864062 0.879687 0.860938 0.884375 0.856250 0.887500 0.850000 0.887500 0.842187 0.885938 0.837500
0 0.735938 0.859375 0.731250 0.859375 0.717187 0.860938 0.714063 0.862500 0.712500 0.879687 0.709375 0.882812 0.707812 0.882812 0.706250 0.884375 0.704688 0.887500 0.704688 0.895312 0.706250 0.898438 0.710938 0.903125 0.723437 0.909375 0.729688 0.909375 0.735938 0.907813 0.739062 0.906250 0.745313 0.900000 0.746875 0.900000 0.751563 0.895312 0.754687 0.889062 0.754687 0.881250 0.753125 0.878125 0.748437 0.870313 0.745313 0.867188 0.743750 0.867188 0.740625 0.862500
0 0.557813 0.931250 0.556250 0.934375 0.557813 0.945312 0.554688 0.948438 0.551562 0.948438 0.548438 0.950000 0.546875 0.953125 0.546875 0.962500 0.550000 0.968750 0.551562 0.970313 0.556250 0.971875 0.559375 0.975000 0.562500 0.976562 0.571875 0.979688 0.589063 0.979688 0.596875 0.978125 0.601562 0.976562 0.606250 0.973437 0.607812 0.968750 0.610938 0.964063 0.612500 0.957812 0.612500 0.953125 0.609375 0.946875 0.610938 0.940625 0.610938 0.937500 0.609375 0.932813 0.607812 0.929688 0.604688 0.926562 0.592187 0.926562 0.589063 0.928125 0.585938 0.931250 0.582812 0.932813 0.578125 0.928125 0.570312 0.926562 0.564063 0.928125
0 0.667188 0.989062 0.665625 0.985938 0.660937 0.982812 0.657813 0.981250 0.653125 0.979688 0.648438 0.979688 0.610938 0.981250 0.607812 0.984375 0.603125 0.998437 0.667188 0.996875
0 0.371875 0.639062 0.375000 0.642188 0.376563 0.642188 0.379688 0.645312 0.381250 0.648438 0.381250 0.657813 0.382812 0.660937 0.385937 0.664062 0.392188 0.667188 0.396875 0.667188 0.403125 0.660937 0.410938 0.657813 0.414062 0.657813 0.417187 0.660937 0.421875 0.662500 0.426563 0.662500 0.431250 0.660937 0.434375 0.657813 0.435937 0.654687 0.435937 0.642188 0.439063 0.639062 0.445312 0.637500 0.450000 0.632812 0.450000 0.628125 0.443750 0.621875 0.439063 0.620313 0.415625 0.617188 0.393750 0.617188 0.384375 0.621875 0.378125 0.626563 0.371875 0.632812
0 0.382812 0.512500 0.375000 0.512500 0.368750 0.515625 0.362500 0.515625 0.359375 0.517188 0.354687 0.521875 0.353125 0.529687 0.348438 0.537500 0.348438 0.551562 0.354687 0.557813 0.360938 0.560937 0.364063 0.560937 0.370312 0.565625 0.375000 0.567187 0.379688 0.565625 0.384375 0.560937 0.390625 0.557813 0.396875 0.556250 0.400000 0.554688 0.404687 0.550000 0.407813 0.543750 0.407813 0.534375 0.406250 0.531250 0.401562 0.526563 0.387500 0.514062
0 0.384375 0.460938 0.381250 0.462500 0.376563 0.467187 0.375000 0.470313 0.373437 0.476562 0.373437 0.482812 0.375000 0.485938 0.382812 0.492188 0.385937 0.493750 0.390625 0.493750 0.396875 0.492188 0.401562 0.487500 0.403125 0.484375 0.403125 0.475000 0.401562 0.468750 0.400000 0.465625 0.398438 0.464062 0.392188 0.460938
0 0.318750 0.440625 0.315625 0.442188 0.312500 0.445312 0.309375 0.451562 0.309375 0.457813 0.306250 0.460938 0.293750 0.467187 0.290625 0.470313 0.290625 0.481250 0.293750 0.487500 0.296875 0.490625 0.300000 0.492188 0.307812 0.493750 0.312500 0.498437 0.317188 0.500000 0.326562 0.500000 0.332813 0.503125 0.337500 0.503125 0.340625 0.501563 0.356250 0.485938 0.359375 0.479687 0.360938 0.475000 0.360938 0.465625 0.359375 0.460938 0.351562 0.453125 0.348438 0.451562 0.343750 0.451562 0.340625 0.450000 0.332813 0.440625
1 0.354687 0.568750 0.354687 0.576562 0.357812 0.582812 0.375000 0.582812 0.376563 0.578125 0.376563 0.570312 0.375000 0.567187 0.373437 0.565625 0.370312 0.564063 0.360938 0.564063 0.357812 0.565625
1 0.381250 0.581250 0.381250 0.589063 0.382812 0.592187 0.385937 0.595313 0.392188 0.595313 0.396875 0.590625 0.396875 0.585938 0.395313 0.582812 0.392188 0.579688
0 0.454688 0.506250 0.450000 0.510938 0.448437 0.515625 0.448437 0.525000 0.450000 0.531250 0.453125 0.535937 0.454688 0.540625 0.454688 0.551562 0.456250 0.557813 0.459375 0.560937 0.471875 0.562500 0.485938 0.562500 0.495312 0.557813 0.496875 0.556250 0.500000 0.550000 0.500000 0.545312 0.492188 0.539062 0.489063 0.535937 0.489063 0.529687 0.490625 0.518750 0.489063 0.515625 0.484375 0.512500 0.475000 0.509375 0.465625 0.509375 0.462500 0.506250
0 0.421875 0.525000 0.418750 0.528125 0.418750 0.539062 0.420312 0.542188 0.432812 0.553125 0.437500 0.559375 0.439063 0.560937 0.442188 0.562500 0.448437 0.562500 0.451562 0.560937 0.453125 0.559375 0.454688 0.556250 0.454688 0.543750 0.453125 0.537500 0.451562 0.532813 0.448437 0.526563 0.445312 0.523438 0.445312 0.521875 0.443750 0.520312 0.440625 0.518750 0.435937 0.518750 0.431250 0.520312
0 0.059375 0.220312 0.045312 0.220312 0.034375 0.223438 0.020313 0.228125 0.017188 0.231250 0.015625 0.234375 0.015625 0.240625 0.017188 0.243750 0.023438 0.250000 0.029687 0.259375 0.031250 0.268750 0.032813 0.271875 0.034375 0.273438 0.040625 0.276562 0.046875 0.276562 0.053125 0.273438 0.059375 0.268750 0.062500 0.268750 0.070312 0.264062 0.073438 0.260937 0.076563 0.254688 0.073438 0.239063 0.070312 0.237500 0.068750 0.234375 0.068750 0.228125 0.062500 0.221875
0 0.006250 0.242188 0.000000 0.243750 0.000000 0.312734 0.016391 0.317250 0.017188 0.301563 0.017188 0.298438 0.020313 0.293750 0.028125 0.284375 0.031250 0.278125 0.031250 0.270313 0.029687 0.264062 0.028125 0.259375 0.025000 0.253125 0.018750 0.246875 0.009375 0.242188
0 0.093750 0.290625 0.085938 0.298438 0.082812 0.303125 0.081250 0.306250 0.079687 0.315625 0.079687 0.332813 0.081250 0.335938 0.084375 0.339062 0.093750 0.346875 0.100000 0.350000 0.107813 0.354687 0.112500 0.356250 0.118750 0.357812 0.131250 0.354687 0.137500 0.351562 0.145313 0.343750 0.148438 0.337500 0.150000 0.332813 0.150000 0.321875 0.142187 0.315625 0.140625 0.307812 0.142187 0.306250 0.142187 0.298438 0.134375 0.290625 0.129688 0.289062 0.118750 0.290625 0.112500 0.287500 0.104688 0.290625
0 0.029687 0.318750 0.018750 0.318750 0.007812 0.317188 0.000000 0.315625 0.000000 0.375000 0.004687 0.375000 0.007812 0.373437 0.009375 0.370312 0.009375 0.360938 0.006250 0.357812 0.006250 0.354687 0.009375 0.351562 0.012500 0.350000 0.018750 0.350000 0.021875 0.348438 0.025000 0.345313 0.025000 0.329688 0.029687 0.323437
1 0.071875 0.303125 0.068750 0.304688 0.067187 0.306250 0.065625 0.309375 0.065625 0.318750 0.068750 0.321875 0.076563 0.321875 0.079687 0.320312 0.081250 0.317188 0.082812 0.310937 0.082812 0.306250 0.079687 0.303125
1 0.062500 0.323437 0.059375 0.326562 0.059375 0.331250 0.062500 0.337500 0.068750 0.339062 0.073438 0.334375 0.071875 0.325000 0.068750 0.323437
1 0.079687 0.382812 0.079687 0.387500 0.084375 0.395313 0.085938 0.400000 0.092188 0.400000 0.095312 0.398438 0.095312 0.382812 0.092188 0.381250 0.087500 0.381250
0 0.017188 0.387500 0.015625 0.390625 0.015625 0.407813 0.017188 0.410938 0.021875 0.417187 0.023438 0.423438 0.028125 0.429688 0.035937 0.437500 0.040625 0.439063 0.043750 0.439063 0.048438 0.437500 0.054688 0.434375 0.060937 0.429688 0.073438 0.431250 0.078125 0.429688 0.081250 0.426563 0.082812 0.423438 0.084375 0.404687 0.084375 0.398438 0.082812 0.393750 0.081250 0.390625 0.075000 0.384375 0.071875 0.382812 0.067187 0.381250 0.057813 0.382812 0.051562 0.382812 0.046875 0.379688 0.034375 0.379688 0.029687 0.382812 0.025000 0.382812 0.018750 0.385937
0 0.075000 0.431250 0.070312 0.435937 0.068750 0.442188 0.067187 0.445312 0.062500 0.450000 0.060937 0.459375 0.059375 0.462500 0.062500 0.467187 0.062500 0.470313 0.064062 0.473438 0.067187 0.476562 0.071875 0.479687 0.075000 0.481250 0.079687 0.481250 0.085938 0.485938 0.090625 0.484375 0.093750 0.475000 0.095312 0.464062 0.095312 0.450000 0.093750 0.443750 0.092188 0.440625 0.087500 0.434375 0.085938 0.432812 0.082812 0.431250
0 0.110937 0.439063 0.106250 0.443750 0.104688 0.450000 0.104688 0.457813 0.106250 0.471875 0.107813 0.478125 0.110937 0.481250 0.112500 0.487500 0.115625 0.493750 0.123438 0.503125 0.125000 0.504687 0.128125 0.506250 0.139063 0.506250 0.151562 0.501563 0.157812 0.498437 0.167187 0.489063 0.168750 0.485938 0.168750 0.482812 0.165625 0.476562 0.165625 0.468750 0.168750 0.462500 0.167187 0.456250 0.162500 0.446875 0.156250 0.440625 0.153125 0.439063 0.148438 0.439063 0.142187 0.442188 0.128125 0.442188 0.123438 0.439063 0.118750 0.437500 0.115625 0.437500
0 0.076563 0.504687 0.076563 0.514062 0.078125 0.517188 0.081250 0.521875 0.084375 0.525000 0.085938 0.525000 0.090625 0.529687 0.096875 0.532813 0.101562 0.534375 0.120313 0.532813 0.120313 0.531250 0.126562 0.523438 0.128125 0.520312 0.128125 0.509375 0.126562 0.506250 0.114062 0.493750 0.110937 0.492188 0.104688 0.490625 0.093750 0.490625 0.090625 0.492188 0.079687 0.501563
1 0.048438 0.500000 0.046875 0.501563 0.046875 0.503125 0.043750 0.506250 0.043750 0.514062 0.046875 0.520312 0.050000 0.523438 0.062500 0.523438 0.067187 0.518750 0.068750 0.514062 0.068750 0.509375 0.067187 0.504687 0.065625 0.501563 0.064062 0.500000 0.060937 0.498437 0.051562 0.498437
0 0.098437 0.535937 0.093750 0.534375 0.087500 0.531250 0.085938 0.529687 0.085938 0.528125 0.079687 0.525000 0.076563 0.525000 0.075000 0.526563 0.070312 0.526563 0.059375 0.532813 0.048438 0.535937 0.045312 0.539062 0.042188 0.539062 0.037500 0.535937 0.031250 0.537500 0.018750 0.550000 0.017188 0.553125 0.017188 0.556250 0.018750 0.564063 0.020313 0.567187 0.028125 0.575000 0.029687 0.578125 0.029687 0.581250 0.028125 0.584375 0.029687 0.590625 0.031250 0.593750 0.032813 0.595313 0.035937 0.596875 0.040625 0.596875 0.050000 0.595313 0.059375 0.592187 0.064062 0.589063 0.073438 0.585938 0.081250 0.584375 0.095312 0.582812 0.098437 0.581250 0.100000 0.579688 0.100000 0.578125 0.101562 0.575000 0.098437 0.571875 0.096875 0.567187 0.096875 0.562500 0.098437 0.560937 0.100000 0.553125 0.100000 0.539062
0 0.085938 0.593750 0.075000 0.593750 0.067187 0.595313 0.056250 0.598437 0.046875 0.601562 0.040625 0.604688 0.039062 0.612500 0.040625 0.615625 0.046875 0.621875 0.062500 0.621875 0.068750 0.625000 0.073438 0.625000 0.079687 0.618750 0.082812 0.614062 0.087500 0.600000
0 0.206250 0.582812 0.200000 0.582812 0.193750 0.585938 0.185938 0.589063 0.182812 0.592187 0.181250 0.592187 0.179688 0.593750 0.175000 0.600000 0.173437 0.603125 0.175000 0.617188 0.176563 0.617188 0.187500 0.625000 0.196875 0.634375 0.200000 0.632812 0.206250 0.628125 0.210938 0.626563 0.215625 0.626563 0.218750 0.623437 0.220312 0.623437 0.221875 0.621875 0.225000 0.615625 0.225000 0.606250 0.223438 0.592187 0.218750 0.587500 0.212500 0.584375
0 0.146875 0.604688 0.143750 0.601562 0.139063 0.600000 0.126562 0.600000 0.123438 0.601562 0.120313 0.604688 0.115625 0.606250 0.114062 0.607812 0.110937 0.614062 0.107813 0.626563 0.106250 0.629687 0.101562 0.634375 0.095312 0.637500 0.098437 0.640625 0.103125 0.642188 0.107813 0.639062 0.115625 0.640625 0.115625 0.642188 0.118750 0.643750 0.121875 0.646875 0.125000 0.648438 0.132812 0.646875 0.134375 0.640625 0.134375 0.634375 0.139063 0.626563 0.146875 0.617188 0.148438 0.614062 0.148438 0.609375
0 0.167187 0.610938 0.157812 0.610938 0.153125 0.612500 0.150000 0.614062 0.148438 0.617188 0.148438 0.621875 0.142187 0.628125 0.137500 0.637500 0.134375 0.648438 0.134375 0.653125 0.137500 0.656250 0.137500 0.657813 0.139063 0.659375 0.145313 0.662500 0.150000 0.664062 0.153125 0.664062 0.157812 0.662500 0.168750 0.653125 0.181250 0.653125 0.185938 0.650000 0.190625 0.645312 0.192188 0.642188 0.191750 0.632297 0.181234 0.623219 0.171875 0.617188 0.170313 0.614062
0 0.059375 0.689063 0.056250 0.692187 0.053125 0.698438 0.053125 0.703125 0.050000 0.707812 0.048438 0.714063 0.048438 0.718750 0.050000 0.723437 0.056250 0.729688 0.059375 0.731250 0.076563 0.729688 0.079687 0.731250 0.084375 0.734375 0.087500 0.732812 0.089063 0.729688 0.089063 0.726562 0.092188 0.721875 0.090625 0.710938 0.090625 0.706250 0.092188 0.695312 0.090625 0.692187 0.089063 0.690625 0.087500 0.690625 0.084375 0.687500 0.075000 0.689063 0.068750 0.687500 0.065625 0.687500 0.064062 0.689063
0 0.000000 0.659375 0.000000 0.718750 0.004687 0.723437 0.010937 0.726562 0.021875 0.726562 0.028125 0.723437 0.031250 0.720313 0.034375 0.715625 0.035937 0.712500 0.035937 0.709375 0.039062 0.706250 0.045312 0.706250 0.048438 0.704688 0.048438 0.687500 0.046875 0.682813 0.045312 0.679688 0.042188 0.676562 0.034375 0.673438 0.029687 0.668750 0.029687 0.665625 0.028125 0.662500 0.025000 0.659375 0.018750 0.659375 0.017188 0.660937 0.012500 0.660937
1 0.004687 0.645312 0.003125 0.648438 0.004687 0.657813 0.025000 0.657813 0.026562 0.648438 0.025000 0.645312 0.020313 0.640625 0.010937 0.640625 0.007812 0.642188
1 0.050000 0.751563 0.045312 0.756250 0.043750 0.759375 0.043750 0.765625 0.046875 0.768750 0.051562 0.770312 0.059375 0.770312 0.062500 0.767188 0.064062 0.764062 0.064062 0.756250 0.062500 0.753125 0.059375 0.751563
1 0.107813 0.734375 0.104688 0.737500 0.104688 0.745313 0.106250 0.748437 0.109375 0.750000 0.114062 0.750000 0.118750 0.745313 0.117188 0.735938 0.114062 0.734375
1 0.090625 0.790625 0.084375 0.792188 0.079687 0.796875 0.078125 0.800000 0.078125 0.806250 0.079687 0.809375 0.081250 0.810937 0.087500 0.814063 0.090625 0.814063 0.092188 0.812500 0.096875 0.812500 0.100000 0.809375 0.100000 0.798438 0.098437 0.795312 0.095312 0.792188
1 0.132812 0.784375 0.129688 0.785937 0.125000 0.790625 0.125000 0.801562 0.126562 0.804688 0.128125 0.806250 0.131250 0.807813 0.140625 0.807813 0.143750 0.804688 0.145313 0.801562 0.146875 0.796875 0.145313 0.790625 0.140625 0.785937 0.137500 0.784375
1 0.882812 0.781250 0.878125 0.785937 0.878125 0.790625 0.879687 0.792188 0.879687 0.795312 0.884375 0.798438 0.893750 0.798438 0.896875 0.795312 0.900000 0.790625 0.900000 0.785937 0.895312 0.781250 0.892188 0.779687 0.887500 0.779687
1 0.903125 0.815625 0.901563 0.818750 0.901563 0.829688 0.903125 0.832812 0.904687 0.834375 0.907813 0.835938 0.921875 0.834375 0.923438 0.831250 0.923438 0.820312 0.921875 0.818750 0.921875 0.815625 0.915625 0.812500 0.909375 0.812500
1 0.943750 0.964063 0.937500 0.964063 0.934375 0.965625 0.929688 0.970313 0.929688 0.973437 0.931250 0.978125 0.934375 0.981250 0.937500 0.982812 0.940625 0.982812 0.945312 0.981250 0.948438 0.978125 0.948438 0.967187 0.946875 0.965625
1 0.918750 0.989062 0.920312 0.998437 0.934375 0.998437 0.937500 0.993750 0.937500 0.989062 0.935937 0.985938 0.925000 0.984375 0.921875 0.985938
1 0.935937 0.965625 0.931250 0.970313 0.931250 0.976562 0.934375 0.979688 0.937500 0.981250 0.943750 0.981250 0.946875 0.978125 0.948438 0.975000 0.948438 0.968750 0.945312 0.965625
0 0.971875 0.978125 0.970313 0.985938 0.970313 0.993750 0.971875 0.996875 0.998437 0.998437 0.996875 0.979688 0.987500 0.975000 0.978125 0.975000