0 0.662500 0.440625 0.659375 0.443750 0.657813 0.446875 0.657813 0.453125 0.656250 0.457813 0.651563 0.462500 0.646875 0.464062 0.645312 0.465625 0.643750 0.468750 0.643750 0.473438 0.646875 0.481250 0.646875 0.498437 0.650000 0.501563 0.654687 0.503125 0.668750 0.504687 0.676562 0.504687 0.681250 0.503125 0.684375 0.501563 0.689063 0.496875 0.692187 0.495312 0.696875 0.495312 0.703125 0.492188 0.709375 0.485938 0.710938 0.481250 0.710938 0.473438 0.709375 0.454688 0.706250 0.448437 0.703125 0.445312 0.700000 0.443750 0.695312 0.443750 0.689063 0.448437 0.685937 0.446875 0.681250 0.442188 0.678125 0.440625 0.667188 0.439063
0 0.621875 0.496875 0.618750 0.500000 0.617188 0.500000 0.615625 0.501563 0.612500 0.507812 0.612500 0.512500 0.617188 0.525000 0.614062 0.531250 0.614062 0.543750 0.617188 0.548438 0.620313 0.551562 0.629687 0.556250 0.634375 0.557813 0.639062 0.557813 0.643750 0.560937 0.654687 0.560937 0.662500 0.556250 0.667188 0.551562 0.668750 0.543750 0.676562 0.529687 0.676562 0.517188 0.671875 0.507812 0.668750 0.504687 0.662500 0.501563 0.657813 0.500000 0.642188 0.500000 0.637500 0.496875 0.629687 0.495312
0 0.715625 0.485938 0.710938 0.490625 0.709375 0.493750 0.707812 0.500000 0.704688 0.503125 0.696875 0.503125 0.692187 0.507812 0.692187 0.520312 0.693750 0.523438 0.700000 0.529687 0.700000 0.548438 0.701562 0.551562 0.707812 0.554688 0.728125 0.553125 0.735938 0.556250 0.743750 0.556250 0.746875 0.554688 0.750000 0.551562 0.751563 0.548438 0.753125 0.540625 0.751563 0.528125 0.756250 0.521875 0.757812 0.518750 0.757812 0.512500 0.754687 0.506250 0.753125 0.506250 0.750000 0.503125 0.745313 0.503125 0.742188 0.501563 0.737500 0.496875 0.728125 0.485938 0.720313 0.484375
0 0.760938 0.446875 0.757812 0.450000 0.754687 0.454688 0.753125 0.457813 0.753125 0.467187 0.746875 0.475000 0.751563 0.498437 0.760938 0.507812 0.768750 0.509375 0.778125 0.514062 0.782813 0.518750 0.789062 0.518750 0.798438 0.509375 0.807813 0.498437 0.812500 0.492188 0.814063 0.489063 0.814063 0.475000 0.812500 0.465625 0.810937 0.460938 0.809375 0.457813 0.804688 0.453125 0.801562 0.451562 0.779687 0.446875
0 0.801562 0.528125 0.789062 0.528125 0.771875 0.529687 0.765625 0.532813 0.762500 0.535937 0.759375 0.542188 0.759375 0.550000 0.754687 0.557813 0.753125 0.565625 0.753125 0.568750 0.757812 0.581250 0.762500 0.585938 0.773438 0.590625 0.781250 0.596875 0.785937 0.598437 0.790625 0.598437 0.793750 0.596875 0.806250 0.584375 0.817187 0.579688 0.820312 0.576562 0.823438 0.571875 0.825000 0.564063 0.821875 0.559375 0.821875 0.554688 0.815625 0.540625 0.812500 0.534375 0.809375 0.531250 0.806250 0.529687
0 0.831250 0.393750 0.826562 0.398438 0.825000 0.401562 0.825000 0.417187 0.826562 0.423438 0.829688 0.426563 0.829688 0.428125 0.831250 0.429688 0.832812 0.429688 0.840625 0.435937 0.850000 0.439063 0.862500 0.439063 0.865625 0.437500 0.868750 0.434375 0.871875 0.429688 0.875000 0.423438 0.876563 0.418750 0.876563 0.410938 0.875000 0.407813 0.865625 0.398438 0.860938 0.390625 0.857812 0.389062 0.848437 0.389062 0.845313 0.392188 0.842187 0.393750 0.837500 0.392188
0 0.895312 0.406250 0.893750 0.409375 0.893750 0.414062 0.890625 0.418750 0.890625 0.425000 0.889062 0.426563 0.889062 0.431250 0.890625 0.437500 0.900000 0.446875 0.903125 0.448437 0.907813 0.450000 0.915625 0.450000 0.920312 0.448437 0.929688 0.443750 0.932813 0.440625 0.934375 0.440625 0.935937 0.439063 0.937500 0.435937 0.939063 0.431250 0.943750 0.426563 0.942187 0.421875 0.935937 0.421875 0.931250 0.418750 0.926562 0.414062 0.920312 0.409375 0.910937 0.406250 0.901563 0.404687 0.898438 0.404687
0 0.910937 0.370312 0.904687 0.376563 0.903125 0.389062 0.903125 0.396875 0.906250 0.400000 0.910937 0.401562 0.915625 0.406250 0.923438 0.410938 0.928125 0.412500 0.935937 0.414062 0.939063 0.417187 0.942187 0.421875 0.942187 0.425000 0.945312 0.423438 0.948438 0.423438 0.951562 0.421875 0.954688 0.418750 0.956250 0.415625 0.956250 0.406250 0.954688 0.401562 0.951562 0.396875 0.950000 0.387500 0.948438 0.384375 0.943750 0.379688 0.932813 0.378125 0.931250 0.373437 0.929688 0.371875 0.926562 0.370312 0.920312 0.368750 0.915625 0.368750
0 0.943750 0.456250 0.940625 0.457813 0.937500 0.462500 0.935937 0.465625 0.934375 0.476562 0.931250 0.478125 0.926562 0.479687 0.923438 0.482812 0.921875 0.485938 0.920312 0.490625 0.920312 0.493750 0.921875 0.495312 0.921875 0.500000 0.926562 0.504687 0.931250 0.506250 0.935937 0.506250 0.940625 0.510938 0.940625 0.514062 0.942187 0.517188 0.946875 0.521875 0.957812 0.521875 0.960938 0.520312 0.970313 0.510938 0.978125 0.510938 0.984375 0.509375 0.989062 0.504687 0.990625 0.500000 0.990625 0.495312 0.989062 0.489063 0.985938 0.484375 0.985938 0.470313 0.984375 0.465625 0.982812 0.462500 0.978125 0.459375 0.975000 0.457813 0.968750 0.456250 0.960938 0.457813
1 0.862500 0.482812 0.859375 0.484375 0.859375 0.487500 0.857812 0.489063 0.857812 0.495312 0.859375 0.500000 0.860938 0.503125 0.867188 0.506250 0.871875 0.506250 0.875000 0.504687 0.879687 0.500000 0.879687 0.489063 0.878125 0.485938 0.876563 0.484375 0.873437 0.482812
1 0.907813 0.523438 0.901563 0.526563 0.898438 0.532813 0.898438 0.539062 0.900000 0.542188 0.904687 0.546875 0.914062 0.546875 0.917188 0.543750 0.918750 0.539062 0.918750 0.531250 0.915625 0.525000 0.912500 0.523438
0 0.629687 0.562500 0.626563 0.560937 0.621875 0.559375 0.618750 0.559375 0.614062 0.560937 0.610938 0.562500 0.604688 0.570312 0.598437 0.573438 0.584375 0.573438 0.581250 0.575000 0.579688 0.576562 0.578125 0.579688 0.578125 0.585938 0.579688 0.592187 0.584375 0.603125 0.581250 0.607812 0.579688 0.615625 0.581250 0.625000 0.584375 0.631250 0.590625 0.634375 0.604688 0.634375 0.607812 0.637500 0.612500 0.637500 0.617188 0.635938 0.621875 0.632812 0.625000 0.629687 0.628125 0.625000 0.629687 0.620313 0.634375 0.615625 0.635938 0.615625 0.642188 0.609375 0.645312 0.603125 0.646875 0.598437 0.646875 0.590625 0.642188 0.581250 0.637500 0.576562 0.635938 0.573438 0.635938 0.570312 0.632812 0.565625
0 0.675000 0.553125 0.671875 0.556250 0.670312 0.559375 0.671875 0.570312 0.671875 0.575000 0.670312 0.592187 0.665625 0.600000 0.665625 0.609375 0.678125 0.621875 0.679688 0.626563 0.684375 0.631250 0.695312 0.631250 0.701562 0.626563 0.714063 0.626563 0.717187 0.620313 0.717187 0.615625 0.720313 0.610938 0.720313 0.596875 0.715625 0.589063 0.714063 0.581250 0.712500 0.578125 0.706250 0.571875 0.701562 0.570312 0.700000 0.568750 0.698438 0.565625 0.698438 0.559375 0.696875 0.556250 0.695312 0.554688 0.689063 0.551562 0.678125 0.551562
1 0.657813 0.623437 0.654687 0.625000 0.651563 0.629687 0.651563 0.640625 0.657813 0.646875 0.667188 0.646875 0.670312 0.643750 0.671875 0.639062 0.671875 0.628125 0.670312 0.625000 0.667188 0.623437
1 0.731250 0.607812 0.726562 0.607812 0.721875 0.610938 0.718750 0.617188 0.718750 0.626563 0.725000 0.631250 0.728125 0.629687 0.735938 0.621875 0.735938 0.614062 0.734375 0.610938
0 0.646875 0.668750 0.643750 0.668750 0.642188 0.670312 0.637500 0.670312 0.634375 0.671875 0.628125 0.679688 0.625000 0.682813 0.614062 0.690625 0.610938 0.693750 0.609375 0.703125 0.609375 0.706250 0.612500 0.710938 0.612500 0.717187 0.614062 0.723437 0.617188 0.728125 0.623437 0.739062 0.629687 0.745313 0.632812 0.746875 0.637500 0.746875 0.642188 0.745313 0.650000 0.737500 0.659375 0.742188 0.670312 0.742188 0.675000 0.737500 0.676562 0.734375 0.676562 0.725000 0.673438 0.718750 0.671875 0.712500 0.673438 0.700000 0.670312 0.693750 0.664062 0.689063 0.662500 0.687500 0.662500 0.685937 0.659375 0.682813 0.657813 0.678125 0.650000 0.670312
0 0.609375 0.821875 0.606250 0.823438 0.603125 0.826562 0.600000 0.832812 0.600000 0.837500 0.596875 0.840625 0.587500 0.843750 0.584375 0.846875 0.582812 0.854688 0.578125 0.859375 0.575000 0.864062 0.575000 0.867188 0.576562 0.871875 0.579688 0.876563 0.581250 0.881250 0.581250 0.892188 0.582812 0.895312 0.589063 0.898438 0.598437 0.898438 0.604688 0.900000 0.609375 0.903125 0.615625 0.903125 0.618750 0.900000 0.621875 0.895312 0.628125 0.882812 0.634375 0.876563 0.637500 0.870313 0.637500 0.854688 0.635938 0.843750 0.629687 0.831250 0.626563 0.828125 0.614062 0.821875
0 0.670312 0.870313 0.660937 0.870313 0.657813 0.871875 0.654687 0.875000 0.643750 0.873437 0.639062 0.873437 0.635938 0.875000 0.621875 0.892188 0.620313 0.895312 0.618750 0.900000 0.615625 0.912500 0.615625 0.920312 0.618750 0.926562 0.623437 0.931250 0.626563 0.932813 0.632812 0.934375 0.642188 0.934375 0.645312 0.939063 0.650000 0.942187 0.651563 0.939063 0.654687 0.935937 0.659375 0.934375 0.664062 0.929688 0.667188 0.928125 0.671875 0.928125 0.679688 0.925000 0.685937 0.921875 0.692187 0.915625 0.693750 0.912500 0.693750 0.903125 0.692187 0.900000 0.689063 0.895312 0.684375 0.890625 0.682813 0.887500 0.681250 0.879687 0.679688 0.876563 0.676562 0.873437
0 0.698438 0.773438 0.692187 0.770312 0.685937 0.770312 0.678125 0.765625 0.670312 0.765625 0.659375 0.776563 0.657813 0.779687 0.657813 0.784375 0.656250 0.785937 0.656250 0.789062 0.657813 0.801562 0.651563 0.807813 0.648438 0.809375 0.643750 0.809375 0.640625 0.810937 0.634375 0.817187 0.634375 0.831250 0.639062 0.839063 0.639062 0.851562 0.640625 0.856250 0.643750 0.859375 0.650000 0.862500 0.656250 0.862500 0.665625 0.860938 0.671875 0.864062 0.676562 0.864062 0.681250 0.862500 0.689063 0.854688 0.703125 0.834375 0.707812 0.825000 0.709375 0.820312 0.709375 0.810937 0.706250 0.803125 0.706250 0.792188 0.704688 0.785937 0.703125 0.781250
0 0.585938 0.937500 0.584375 0.939063 0.582812 0.942187 0.582812 0.953125 0.585938 0.957812 0.585938 0.962500 0.581250 0.971875 0.581250 0.979688 0.582812 0.984375 0.584375 0.987500 0.587500 0.990625 0.590625 0.992188 0.604688 0.990625 0.607812 0.990625 0.610938 0.993750 0.610938 0.998437 0.631250 0.998437 0.631250 0.995313 0.632812 0.993750 0.632812 0.987500 0.634375 0.985938 0.634375 0.981250 0.631250 0.968750 0.628125 0.964063 0.626563 0.948438 0.625000 0.943750 0.621875 0.937500 0.612500 0.928125 0.603125 0.928125 0.601562 0.929688 0.601562 0.931250 0.600000 0.932813 0.596875 0.934375 0.592187 0.934375
0 0.629687 0.954688 0.629687 0.971875 0.632812 0.976562 0.632812 0.993750 0.634375 0.995313 0.634375 0.998437 0.690625 0.998437 0.700000 0.987500 0.700000 0.976562 0.693750 0.970313 0.687500 0.968750 0.679688 0.968750 0.673438 0.965625 0.668750 0.960938 0.664062 0.959375 0.659375 0.954688 0.654687 0.951562 0.646875 0.950000 0.639062 0.950000 0.632812 0.951562
0 0.654687 0.945312 0.654687 0.950000 0.665625 0.957812 0.668750 0.959375 0.676562 0.962500 0.681250 0.962500 0.684375 0.964063 0.687500 0.967187 0.690625 0.968750 0.693750 0.968750 0.696875 0.970313 0.698438 0.971875 0.703125 0.979688 0.707812 0.982812 0.714063 0.985938 0.725000 0.985938 0.728125 0.984375 0.729688 0.982812 0.729688 0.981250 0.732812 0.978125 0.734375 0.975000 0.734375 0.967187 0.735938 0.962500 0.742188 0.956250 0.745313 0.950000 0.746875 0.943750 0.746875 0.939063 0.745313 0.934375 0.740625 0.929688 0.728125 0.925000 0.723437 0.920312 0.717187 0.912500 0.714063 0.910937 0.704688 0.910937 0.701562 0.912500 0.695312 0.920312 0.685937 0.923438 0.676562 0.928125 0.665625 0.934375 0.660937 0.939063 0.660937 0.940625
0 0.740625 0.846875 0.735938 0.848437 0.731250 0.853125 0.731250 0.856250 0.729688 0.859375 0.728125 0.860938 0.725000 0.862500 0.721875 0.862500 0.717187 0.867188 0.715625 0.870313 0.714063 0.900000 0.714063 0.907813 0.728125 0.921875 0.731250 0.923438 0.735938 0.923438 0.740625 0.925000 0.745313 0.929688 0.748437 0.931250 0.754687 0.932813 0.759375 0.931250 0.762500 0.929688 0.764062 0.928125 0.764062 0.926562 0.767188 0.923438 0.768750 0.917188 0.775000 0.910937 0.779687 0.909375 0.787500 0.901563 0.789062 0.892188 0.789062 0.889062 0.785937 0.884375 0.784375 0.875000 0.782813 0.870313 0.778125 0.864062 0.773438 0.860938 0.759375 0.853125 0.750000 0.848437 0.745313 0.846875
0 0.787500 0.834375 0.784375 0.837500 0.782813 0.840625 0.782813 0.848437 0.784375 0.851562 0.790625 0.857812 0.792188 0.860938 0.789062 0.868750 0.789062 0.875000 0.790625 0.878125 0.793750 0.881250 0.795312 0.881250 0.800000 0.885938 0.806250 0.889062 0.812500 0.895312 0.817187 0.896875 0.825000 0.895312 0.829688 0.892188 0.842187 0.892188 0.848437 0.889062 0.850000 0.887500 0.853125 0.881250 0.851562 0.870313 0.851562 0.864062 0.859375 0.856250 0.862500 0.850000 0.862500 0.840625 0.856250 0.834375 0.853125 0.832812 0.840625 0.828125 0.815625 0.828125 0.804688 0.829688 0.792188 0.832812
0 0.743750 0.754687 0.737500 0.757812 0.734375 0.762500 0.732812 0.765625 0.732812 0.773438 0.729688 0.776563 0.723437 0.778125 0.720313 0.779687 0.718750 0.781250 0.718750 0.782813 0.715625 0.785937 0.715625 0.796875 0.717187 0.814063 0.718750 0.821875 0.721875 0.828125 0.726562 0.832812 0.729688 0.834375 0.735938 0.834375 0.745313 0.839063 0.764062 0.839063 0.775000 0.834375 0.779687 0.832812 0.781250 0.829688 0.781250 0.785937 0.779687 0.779687 0.764062 0.765625 0.760938 0.760938 0.760938 0.759375 0.759375 0.757812 0.757812 0.757812 0.754687 0.754687
0 0.784375 0.782813 0.782813 0.800000 0.782813 0.831250 0.789062 0.832812 0.793750 0.831250 0.812500 0.828125 0.828125 0.828125 0.839063 0.826562 0.842187 0.823438 0.843750 0.818750 0.843750 0.814063 0.840625 0.806250 0.840625 0.798438 0.835938 0.793750 0.831250 0.790625 0.821875 0.785937 0.817187 0.784375 0.804688 0.781250 0.795312 0.782813 0.790625 0.781250
0 0.856250 0.732812 0.853125 0.742188 0.851562 0.748437 0.853125 0.767188 0.859375 0.789062 0.860938 0.792188 0.864062 0.795312 0.868750 0.796875 0.882812 0.796875 0.887500 0.798438 0.892188 0.801562 0.896875 0.803125 0.900000 0.803125 0.904687 0.801562 0.910937 0.795312 0.917188 0.792188 0.923438 0.785937 0.925000 0.781250 0.925000 0.773438 0.929688 0.768750 0.932813 0.762500 0.932813 0.759375 0.931250 0.754687 0.923438 0.746875 0.920312 0.745313 0.917188 0.745313 0.914062 0.742188 0.904687 0.740625 0.885938 0.740625 0.878125 0.734375 0.867188 0.731250
0 0.881250 0.675000 0.879687 0.679688 0.871875 0.696875 0.868750 0.700000 0.867188 0.700000 0.865625 0.701562 0.862500 0.707812 0.859375 0.718750 0.859375 0.723437 0.864062 0.728125 0.870313 0.731250 0.878125 0.732812 0.881250 0.734375 0.882812 0.735938 0.882812 0.737500 0.884375 0.739062 0.887500 0.740625 0.906250 0.740625 0.915625 0.737500 0.917188 0.734375 0.920312 0.734375 0.923438 0.732812 0.928125 0.728125 0.928125 0.717187 0.926562 0.715625 0.926562 0.706250 0.928125 0.704688 0.928125 0.695312 0.920312 0.687500 0.917188 0.685937 0.909375 0.684375 0.903125 0.681250 0.895312 0.673438 0.892188 0.671875 0.884375 0.673438
0 0.770312 0.754687 0.768750 0.757812 0.768750 0.765625 0.770312 0.768750 0.778125 0.776563 0.785937 0.782813 0.789062 0.784375 0.793750 0.785937 0.804688 0.787500 0.821875 0.787500 0.826562 0.789062 0.837500 0.795312 0.840625 0.795312 0.842187 0.792188 0.842187 0.789062 0.843750 0.785937 0.848437 0.779687 0.850000 0.768750 0.850000 0.751563 0.848437 0.748437 0.845313 0.743750 0.840625 0.739062 0.837500 0.737500 0.825000 0.737500 0.823438 0.735938 0.823438 0.734375 0.820312 0.731250 0.817187 0.729688 0.801562 0.729688 0.796875 0.731250 0.793750 0.734375 0.790625 0.742188 0.785937 0.746875 0.781250 0.746875 0.775000 0.750000
0 0.729688 0.685937 0.718750 0.685937 0.715625 0.687500 0.704688 0.698438 0.700000 0.700000 0.698438 0.701562 0.696875 0.704688 0.695312 0.710938 0.695312 0.718750 0.690625 0.723437 0.689063 0.726562 0.689063 0.737500 0.696875 0.745313 0.700000 0.746875 0.704688 0.746875 0.707812 0.750000 0.709375 0.754687 0.709375 0.759375 0.710938 0.764062 0.714063 0.767188 0.714063 0.768750 0.715625 0.770312 0.717187 0.770312 0.720313 0.771875 0.725000 0.770312 0.731250 0.760938 0.742188 0.751563 0.746875 0.746875 0.751563 0.739062 0.771875 0.718750 0.768750 0.706250 0.765625 0.703125 0.759375 0.700000 0.754687 0.698438 0.751563 0.695312 0.745313 0.692187 0.735938 0.690625
0 0.734375 0.625000 0.729688 0.628125 0.726562 0.631250 0.725000 0.635938 0.725000 0.648438 0.718750 0.653125 0.715625 0.657813 0.715625 0.660937 0.706250 0.670312 0.706250 0.678125 0.707812 0.681250 0.710938 0.684375 0.721875 0.682813 0.726562 0.682813 0.734375 0.689063 0.743750 0.692187 0.756250 0.695312 0.768750 0.695312 0.773438 0.693750 0.776563 0.690625 0.778125 0.684375 0.778125 0.665625 0.768750 0.651563 0.767188 0.648438 0.767188 0.643750 0.764062 0.637500 0.759375 0.632812 0.757812 0.632812 0.751563 0.626563 0.748437 0.625000 0.743750 0.623437 0.737500 0.623437
0 0.895312 0.539062 0.887500 0.539062 0.882812 0.540625 0.879687 0.542188 0.875000 0.546875 0.875000 0.548438 0.868750 0.554688 0.864062 0.556250 0.859375 0.556250 0.856250 0.557813 0.853125 0.560937 0.853125 0.579688 0.854688 0.582812 0.859375 0.587500 0.857812 0.600000 0.860938 0.615625 0.867188 0.617188 0.882812 0.617188 0.903125 0.609375 0.909375 0.609375 0.917188 0.606250 0.917188 0.603125 0.920312 0.598437 0.920312 0.592187 0.921875 0.589063 0.925000 0.585938 0.925000 0.579688 0.920312 0.567187 0.917188 0.564063 0.915625 0.560937 0.915625 0.556250 0.914062 0.553125 0.910937 0.550000 0.904687 0.548438
0 0.948438 0.542188 0.943750 0.542188 0.937500 0.548438 0.935937 0.553125 0.931250 0.557813 0.928125 0.557813 0.925000 0.559375 0.921875 0.562500 0.920312 0.567187 0.921875 0.571875 0.925000 0.576562 0.926562 0.582812 0.926562 0.589063 0.923438 0.596875 0.923438 0.606250 0.925000 0.609375 0.929688 0.612500 0.939063 0.617188 0.943750 0.617188 0.950000 0.612500 0.956250 0.612500 0.960938 0.610938 0.964063 0.607812 0.967187 0.603125 0.968750 0.600000 0.971875 0.590625 0.973437 0.584375 0.973437 0.567187 0.971875 0.564063 0.970313 0.562500 0.967187 0.560937 0.964063 0.560937 0.959375 0.556250 0.956250 0.548438 0.951562 0.543750
0 0.998437 0.628125 0.979688 0.634375 0.973437 0.637500 0.971875 0.639062 0.970313 0.642188 0.970313 0.648438 0.967187 0.651563 0.964063 0.653125 0.960938 0.653125 0.953125 0.660937 0.953125 0.668750 0.954688 0.671875 0.959375 0.676562 0.960938 0.676562 0.967187 0.682813 0.967187 0.692187 0.968750 0.696875 0.970313 0.700000 0.973437 0.703125 0.982812 0.709375 0.985938 0.710938 0.990625 0.710938 0.995313 0.709375 0.998437 0.707812
0 0.981250 0.564063 0.978125 0.565625 0.975000 0.568750 0.975000 0.590625 0.973437 0.595313 0.970313 0.600000 0.968750 0.606250 0.968750 0.610938 0.970313 0.615625 0.971875 0.618750 0.976562 0.623437 0.979688 0.625000 0.989062 0.628125 0.998437 0.628125 0.998437 0.564063 0.992188 0.565625 0.985938 0.564063
0 0.887500 0.615625 0.884375 0.620313 0.881250 0.626563 0.879687 0.631250 0.879687 0.643750 0.881250 0.646875 0.889062 0.654687 0.900000 0.662500 0.903125 0.665625 0.904687 0.668750 0.904687 0.673438 0.906250 0.676562 0.910937 0.676562 0.915625 0.679688 0.920312 0.684375 0.926562 0.687500 0.940625 0.687500 0.945312 0.682813 0.946875 0.678125 0.948438 0.668750 0.948438 0.656250 0.946875 0.646875 0.945312 0.643750 0.940625 0.637500 0.939063 0.617188 0.925000 0.609375 0.918750 0.607812 0.909375 0.610938 0.901563 0.610938 0.895312 0.612500 0.890625 0.614062
0 0.834375 0.576562 0.825000 0.576562 0.814063 0.584375 0.810937 0.585938 0.807813 0.585938 0.804688 0.587500 0.800000 0.592187 0.798438 0.600000 0.796875 0.603125 0.793750 0.606250 0.784375 0.614062 0.782813 0.617188 0.782813 0.621875 0.785937 0.626563 0.785937 0.637500 0.787500 0.642188 0.789062 0.645312 0.798438 0.656250 0.801562 0.659375 0.804688 0.659375 0.832812 0.656250 0.835938 0.654687 0.840625 0.650000 0.843750 0.650000 0.846875 0.646875 0.848437 0.646875 0.850000 0.645312 0.854688 0.637500 0.856250 0.632812 0.856250 0.623437 0.853125 0.614062 0.848437 0.604688 0.848437 0.596875 0.846875 0.587500 0.837500 0.578125
0 0.850000 0.653125 0.845313 0.653125 0.840625 0.654687 0.835938 0.659375 0.832812 0.660937 0.828125 0.660937 0.825000 0.662500 0.821875 0.665625 0.818750 0.665625 0.815625 0.667188 0.814063 0.668750 0.812500 0.671875 0.812500 0.676562 0.815625 0.679688 0.817187 0.684375 0.818750 0.695312 0.820312 0.698438 0.825000 0.704688 0.826562 0.710938 0.826562 0.714063 0.828125 0.720313 0.835938 0.728125 0.840625 0.728125 0.842187 0.729688 0.845313 0.729688 0.848437 0.728125 0.853125 0.725000 0.856250 0.721875 0.857812 0.718750 0.857812 0.712500 0.860938 0.704688 0.865625 0.698438 0.868750 0.692187 0.868750 0.682813 0.871875 0.679688 0.871875 0.676562 0.867188 0.671875 0.857812 0.664062 0.857812 0.660937 0.856250 0.657813 0.853125 0.654687
0 0.784375 0.665625 0.781250 0.668750 0.781250 0.698438 0.778125 0.704688 0.775000 0.718750 0.778125 0.725000 0.782813 0.728125 0.789062 0.728125 0.790625 0.729688 0.795312 0.729688 0.796875 0.728125 0.804688 0.726562 0.826562 0.726562 0.829688 0.723437 0.829688 0.718750 0.823438 0.707812 0.821875 0.700000 0.818750 0.695312 0.812500 0.689063 0.810937 0.681250 0.807813 0.675000 0.804688 0.671875 0.803125 0.671875 0.800000 0.668750 0.801562 0.665625
0 0.962500 0.332813 0.957812 0.337500 0.954688 0.343750 0.954688 0.346875 0.956250 0.350000 0.957812 0.351562 0.959375 0.351562 0.962500 0.354687 0.970313 0.356250 0.973437 0.357812 0.976562 0.360938 0.979688 0.367188 0.979688 0.371875 0.981250 0.376563 0.985938 0.381250 0.989062 0.382812 0.998437 0.382812 0.998437 0.326562 0.992188 0.326562 0.987500 0.328125 0.982812 0.331250 0.979688 0.331250 0.976562 0.332813 0.965625 0.331250
1 0.793750 0.271875 0.790625 0.275000 0.789062 0.278125 0.789062 0.289062 0.792188 0.292187 0.795312 0.293750 0.801562 0.293750 0.804688 0.292187 0.809375 0.287500 0.809375 0.281250 0.806250 0.276562 0.801562 0.271875
1 0.779687 0.232813 0.776563 0.231250 0.773438 0.231250 0.770312 0.232813 0.768750 0.234375 0.767188 0.237500 0.767188 0.242188 0.770312 0.245312 0.779687 0.243750 0.781250 0.240625 0.781250 0.235937
1 0.750000 0.260937 0.746875 0.264062 0.746875 0.268750 0.748437 0.271875 0.750000 0.273438 0.753125 0.275000 0.756250 0.275000 0.759375 0.273438 0.757812 0.262500 0.754687 0.260937
1 0.723437 0.246875 0.725000 0.250000 0.728125 0.253125 0.735938 0.254688 0.740625 0.253125 0.740625 0.245312 0.739062 0.242188 0.732812 0.240625 0.726562 0.243750
1 0.720313 0.273438 0.717187 0.276562 0.717187 0.282813 0.718750 0.285938 0.729688 0.285938 0.729688 0.279687 0.728125 0.275000 0.725000 0.273438
1 0.756250 0.300000 0.750000 0.298438 0.743750 0.301563 0.742188 0.306250 0.742188 0.309375 0.743750 0.312500 0.746875 0.315625 0.751563 0.315625 0.754687 0.314063 0.757812 0.310937 0.757812 0.303125
0 0.998437 0.970313 0.989062 0.970313 0.985938 0.973437 0.978125 0.971875 0.976562 0.964063 0.976562 0.956250 0.975000 0.953125 0.970313 0.948438 0.964063 0.945312 0.959375 0.940625 0.959375 0.937500 0.954688 0.932813 0.954688 0.931250 0.951562 0.928125 0.946875 0.925000 0.940625 0.925000 0.935937 0.926562 0.928125 0.934375 0.926562 0.939063 0.910937 0.940625 0.906250 0.942187 0.900000 0.945312 0.898438 0.946875 0.898438 0.948438 0.895312 0.951562 0.895312 0.962500 0.898438 0.967187 0.898438 0.973437 0.895312 0.976562 0.879687 0.976562 0.873437 0.979688 0.870313 0.982812 0.868750 0.985938 0.868750 0.998437 0.998437 0.998437
0 0.998437 0.885938 0.993750 0.887500 0.982812 0.898438 0.981250 0.901563 0.981250 0.904687 0.978125 0.910937 0.976562 0.912500 0.968750 0.918750 0.965625 0.923438 0.962500 0.929688 0.962500 0.934375 0.965625 0.940625 0.973437 0.943750 0.975000 0.945312 0.976562 0.948438 0.976562 0.951562 0.979688 0.954688 0.979688 0.957812 0.985938 0.964063 0.990625 0.965625 0.998437 0.965625
1 0.840641 0.486094 0.839219 0.483063 0.836891 0.479312 0.834969 0.477594 0.830109 0.475875 0.829500 0.476672 0.826969 0.477281 0.826359 0.477391 0.821703 0.481844 0.820594 0.483672 0.821000 0.488531 0.824437 0.493188 0.832437 0.494000 0.839219 0.492781
0 0.820312 0.537500 0.818750 0.539062 0.815625 0.540625 0.817187 0.545312 0.818750 0.548438 0.821875 0.551562 0.825000 0.557813 0.825000 0.568750 0.826562 0.573438 0.831250 0.573438 0.834375 0.570312 0.835938 0.565625 0.839063 0.557813 0.839063 0.546875 0.837500 0.543750 0.831250 0.539062 0.826562 0.537500
0 0.876563 0.623437 0.871875 0.625000 0.868750 0.631250 0.868750 0.656250 0.881250 0.656250 0.884375 0.654687 0.879687 0.645312 0.878125 0.639062 0.879687 0.626563
0 0.870313 0.660937 0.870313 0.664062 0.871875 0.668750 0.875000 0.671875 0.878125 0.673438 0.882812 0.673438 0.884375 0.671875 0.889062 0.671875 0.890625 0.673438 0.896875 0.673438 0.903125 0.678125 0.906250 0.679688 0.912500 0.679688 0.914062 0.676562 0.912500 0.673438 0.903125 0.664062 0.895312 0.657813 0.887500 0.657813 0.878125 0.660937
0 0.998437 0.403125 0.995313 0.404687 0.990625 0.409375 0.989062 0.414062 0.989062 0.431250 0.985938 0.437500 0.985938 0.448437 0.989062 0.454688 0.992188 0.457813 0.995313 0.459375 0.998437 0.459375