0 0.384375 0.085938 0.381250 0.089063 0.381250 0.093750 0.382812 0.095312 0.382812 0.098437 0.378125 0.103125 0.378125 0.110937 0.379688 0.114062 0.392188 0.126562 0.392188 0.129688 0.393750 0.132812 0.398438 0.137500 0.403125 0.140625 0.406250 0.142187 0.410938 0.142187 0.412500 0.143750 0.415625 0.143750 0.417187 0.142187 0.420312 0.142187 0.426563 0.148438 0.431250 0.150000 0.435937 0.146875 0.440625 0.145313 0.448437 0.135937 0.448437 0.128125 0.442188 0.115625 0.434375 0.107813 0.431250 0.101562 0.417187 0.090625 0.410938 0.087500 0.404687 0.087500 0.398438 0.084375 0.387500 0.084375
0 0.450000 0.031250 0.446875 0.032813 0.442188 0.037500 0.440625 0.042188 0.439063 0.043750 0.434375 0.045312 0.426563 0.053125 0.425000 0.057813 0.425000 0.081250 0.428125 0.087500 0.432812 0.092188 0.435937 0.093750 0.450000 0.092188 0.456250 0.093750 0.457813 0.098437 0.462500 0.098437 0.464062 0.100000 0.476562 0.100000 0.479687 0.098437 0.482812 0.093750 0.484375 0.089063 0.482812 0.079687 0.487500 0.075000 0.489063 0.075000 0.493750 0.070312 0.493750 0.057813 0.490625 0.051562 0.489063 0.050000 0.482812 0.045312 0.479687 0.043750 0.475000 0.043750 0.470313 0.039062 0.470313 0.037500 0.465625 0.032813 0.462500 0.031250 0.456250 0.029687 0.453125 0.031250
0 0.479687 0.000000 0.479687 0.017188 0.481250 0.020313 0.487500 0.028125 0.490625 0.031250 0.495312 0.032813 0.498437 0.034375 0.500000 0.035937 0.501563 0.040625 0.506250 0.045312 0.507812 0.042188 0.510938 0.039062 0.517188 0.039062 0.523438 0.040625 0.529687 0.043750 0.537500 0.043750 0.540625 0.040625 0.540625 0.035937 0.543750 0.032813 0.548438 0.031250 0.550000 0.018750 0.548438 0.015625 0.542188 0.010937 0.540625 0.000000
0 0.635938 0.012500 0.632812 0.015625 0.629687 0.021875 0.629687 0.028125 0.634375 0.037500 0.635938 0.042188 0.637500 0.048438 0.639062 0.062500 0.640625 0.065625 0.650000 0.067187 0.656250 0.071875 0.659375 0.073438 0.667188 0.073438 0.671875 0.070312 0.678125 0.071875 0.681250 0.071875 0.684375 0.068750 0.687500 0.062500 0.689063 0.057813 0.689063 0.046875 0.687500 0.043750 0.682813 0.037500 0.678125 0.029687 0.673438 0.023438 0.668750 0.018750 0.657813 0.010937 0.653125 0.009375 0.645312 0.007812 0.640625 0.009375
0 0.701562 0.068750 0.692187 0.078125 0.689063 0.084375 0.689063 0.092188 0.690625 0.095312 0.700000 0.104688 0.707812 0.110937 0.712500 0.112500 0.717187 0.110937 0.720313 0.109375 0.725000 0.106250 0.729688 0.101562 0.732812 0.096875 0.732812 0.089063 0.731250 0.084375 0.729688 0.081250 0.723437 0.075000 0.720313 0.073438 0.712500 0.073438 0.706250 0.068750
0 0.693750 0.000000 0.693750 0.026562 0.695312 0.031250 0.698438 0.034375 0.698438 0.035937 0.700000 0.037500 0.706250 0.040625 0.709375 0.040625 0.712500 0.042188 0.723437 0.040625 0.728125 0.045312 0.729688 0.048438 0.731250 0.056250 0.732812 0.059375 0.735938 0.064062 0.739062 0.065625 0.751563 0.065625 0.754687 0.062500 0.756250 0.059375 0.756250 0.054688 0.754687 0.050000 0.751563 0.046875 0.751563 0.031250 0.754687 0.028125 0.759375 0.028125 0.765625 0.025000 0.767188 0.021875 0.767188 0.009375 0.757812 0.000000
0 0.775000 0.000000 0.773438 0.003125 0.771875 0.009375 0.771875 0.025000 0.773438 0.031250 0.775000 0.035937 0.778125 0.039062 0.781250 0.040625 0.789062 0.040625 0.796875 0.032813 0.801562 0.034375 0.809375 0.034375 0.812500 0.032813 0.815625 0.029687 0.817187 0.029687 0.818750 0.028125 0.820312 0.025000 0.818750 0.017188 0.818750 0.012500 0.823438 0.006250 0.823438 0.000000
0 0.945312 0.182812 0.939063 0.189062 0.937500 0.192188 0.937500 0.196875 0.942187 0.206250 0.945312 0.207813 0.946875 0.210938 0.946875 0.217188 0.950000 0.223438 0.954688 0.228125 0.960938 0.231250 0.971875 0.231250 0.975000 0.229687 0.979688 0.225000 0.982812 0.218750 0.982812 0.207813 0.981250 0.203125 0.978125 0.196875 0.976562 0.195312 0.951562 0.182812
0 0.998437 0.087500 0.992188 0.089063 0.990625 0.087500 0.981250 0.087500 0.976562 0.092188 0.971875 0.093750 0.968750 0.096875 0.967187 0.100000 0.967187 0.110937 0.968750 0.114062 0.975000 0.120313 0.978125 0.121875 0.985938 0.121875 0.989062 0.120313 0.995313 0.114062 0.998437 0.114062
1 0.960938 0.128125 0.959375 0.129688 0.957812 0.132812 0.957812 0.140625 0.959375 0.145313 0.965625 0.151562 0.968750 0.153125 0.978125 0.153125 0.981250 0.151562 0.985938 0.146875 0.987500 0.143750 0.987500 0.134375 0.985938 0.131250 0.981250 0.126562 0.978125 0.125000 0.967187 0.125000
0 0.317188 0.565266 0.314063 0.571516 0.312500 0.576203 0.310937 0.593391 0.310937 0.602766 0.318750 0.613703 0.323437 0.618391 0.328125 0.619953 0.332813 0.619953 0.337500 0.618391 0.343750 0.613703 0.351562 0.613703 0.356250 0.616828 0.368750 0.616828 0.375000 0.613703 0.379688 0.609016 0.384375 0.594953 0.385937 0.585578 0.384375 0.579328 0.382812 0.576203 0.376563 0.569953 0.365625 0.563703 0.348438 0.557453 0.340625 0.555891 0.337500 0.555891 0.329688 0.557453 0.325000 0.559016 0.321875 0.560578
0 0.182812 0.376563 0.175000 0.373437 0.168750 0.367188 0.165625 0.365625 0.159375 0.365625 0.151562 0.370312 0.135937 0.368750 0.128125 0.371875 0.126562 0.376563 0.126562 0.382812 0.120313 0.389062 0.120313 0.395313 0.121875 0.398438 0.134375 0.410938 0.137500 0.412500 0.145313 0.412500 0.165625 0.409375 0.167187 0.401562 0.168750 0.398438 0.173437 0.393750 0.184375 0.384375 0.184375 0.379688
0 0.171875 0.396875 0.168750 0.400000 0.168750 0.403125 0.165625 0.407813 0.167187 0.414062 0.170313 0.418750 0.170313 0.425000 0.171875 0.428125 0.175000 0.429688 0.178125 0.429688 0.185938 0.437500 0.193750 0.446875 0.195312 0.451562 0.198437 0.454688 0.200000 0.454688 0.207813 0.464062 0.210938 0.465625 0.217188 0.465625 0.225000 0.464062 0.228125 0.462500 0.228125 0.457813 0.229687 0.454688 0.235937 0.453125 0.239063 0.451562 0.243750 0.446875 0.245312 0.443750 0.245312 0.434375 0.243750 0.429688 0.240625 0.426563 0.240625 0.417187 0.239063 0.414062 0.232813 0.410938 0.228125 0.409375 0.223438 0.409375 0.217188 0.406250 0.212500 0.401562 0.210938 0.396875 0.207813 0.393750 0.204687 0.392188 0.200000 0.390625 0.196875 0.390625 0.187500 0.400000 0.179688 0.396875
0 0.134375 0.437500 0.129688 0.442188 0.129688 0.453125 0.131250 0.459375 0.135937 0.468750 0.135937 0.475000 0.134375 0.484375 0.135937 0.489063 0.139063 0.493750 0.142187 0.496875 0.148438 0.500000 0.160938 0.500000 0.164062 0.501563 0.167187 0.504687 0.171875 0.506250 0.179688 0.506250 0.184375 0.504687 0.189062 0.500000 0.192188 0.493750 0.192188 0.489063 0.195312 0.485938 0.206250 0.476562 0.207813 0.473438 0.207813 0.467187 0.204687 0.460938 0.193750 0.450000 0.192188 0.445312 0.185938 0.437500 0.178125 0.429688 0.175000 0.428125 0.168750 0.428125 0.165625 0.429688 0.159375 0.434375 0.157812 0.437500 0.154688 0.439063 0.148438 0.439063
0 0.051562 0.450000 0.045312 0.453125 0.028125 0.470313 0.026562 0.475000 0.026562 0.481250 0.028125 0.506250 0.034375 0.518750 0.040625 0.525000 0.048438 0.525000 0.054688 0.521875 0.059375 0.518750 0.064062 0.514062 0.064062 0.512500 0.067187 0.509375 0.076563 0.509375 0.078125 0.504687 0.078125 0.500000 0.076563 0.498437 0.075000 0.490625 0.075000 0.482812 0.071875 0.475000 0.071875 0.467187 0.068750 0.460938 0.065625 0.457813 0.064062 0.457813 0.059375 0.453125 0.056250 0.451562
0 0.056250 0.420312 0.056250 0.434375 0.054688 0.437500 0.050000 0.439063 0.043750 0.435937 0.034375 0.435937 0.035937 0.440625 0.040625 0.442188 0.046875 0.443750 0.048438 0.446875 0.048438 0.450000 0.051562 0.451562 0.059375 0.453125 0.062500 0.451562 0.065625 0.445312 0.067187 0.440625 0.067187 0.431250 0.065625 0.426563 0.064062 0.423438 0.060937 0.420312
1 0.073438 0.423438 0.071875 0.431250 0.073438 0.435937 0.076563 0.439063 0.079687 0.440625 0.084375 0.442188 0.093750 0.442188 0.096875 0.439063 0.096875 0.431250 0.095312 0.428125 0.090625 0.423438 0.085938 0.421875 0.076563 0.421875
1 0.121875 0.404687 0.117188 0.409375 0.117188 0.414062 0.120313 0.420312 0.121875 0.421875 0.123438 0.421875 0.126562 0.425000 0.129688 0.426563 0.134375 0.426563 0.137500 0.423438 0.139063 0.420312 0.139063 0.414062 0.129688 0.404687
1 0.142187 0.579688 0.142187 0.587500 0.145313 0.590625 0.150000 0.592187 0.156250 0.589063 0.156250 0.579688 0.154688 0.578125 0.151562 0.576562 0.145313 0.576562
1 0.170313 0.575000 0.168750 0.578125 0.168750 0.584375 0.170313 0.587500 0.171875 0.589063 0.175000 0.590625 0.181250 0.590625 0.184375 0.587500 0.184375 0.578125 0.181250 0.575000
0 0.151562 0.526563 0.146875 0.531250 0.145313 0.534375 0.145313 0.537500 0.148438 0.543750 0.146875 0.550000 0.150000 0.553125 0.153125 0.554688 0.157812 0.556250 0.162500 0.556250 0.167187 0.554688 0.170313 0.553125 0.175000 0.548438 0.176563 0.545312 0.176563 0.539062 0.173437 0.532813 0.170313 0.529687 0.165625 0.526563
0 0.078125 0.576562 0.076563 0.579688 0.076563 0.582812 0.073438 0.585938 0.071875 0.589063 0.071875 0.592187 0.073438 0.595313 0.075000 0.596875 0.078125 0.598437 0.085938 0.601562 0.089063 0.604688 0.090625 0.604688 0.092188 0.609375 0.089063 0.614062 0.087500 0.623437 0.089063 0.631250 0.092188 0.634375 0.095312 0.635938 0.103125 0.635938 0.107813 0.634375 0.112500 0.629687 0.114062 0.626563 0.115625 0.609375 0.121875 0.607812 0.121875 0.601562 0.118750 0.598437 0.117188 0.598437 0.115625 0.596875 0.114062 0.593750 0.112500 0.589063 0.109375 0.585938 0.106250 0.584375 0.101562 0.584375 0.098437 0.581250 0.095312 0.579688 0.089063 0.578125
0 0.121875 0.632812 0.120313 0.635938 0.120313 0.640625 0.128125 0.648438 0.132812 0.650000 0.137500 0.650000 0.140625 0.648438 0.143750 0.642188 0.143750 0.634375 0.137500 0.628125 0.128125 0.628125 0.125000 0.631250 0.123438 0.631250
0 0.214062 0.612500 0.210938 0.614062 0.206250 0.617188 0.206250 0.623437 0.205953 0.631906 0.198437 0.632812 0.198437 0.635938 0.196875 0.637500 0.196875 0.645312 0.198437 0.651563 0.210938 0.662500 0.218750 0.671875 0.221875 0.675000 0.225000 0.675000 0.229687 0.673438 0.234375 0.668750 0.242188 0.665625 0.245312 0.662500 0.245312 0.660937 0.250000 0.656250 0.251563 0.653125 0.253125 0.648438 0.253125 0.642188 0.251563 0.639062 0.248438 0.635938 0.246875 0.632812 0.245312 0.625000 0.240625 0.620313 0.237500 0.618750 0.231250 0.618750 0.225000 0.614062 0.221875 0.612500
0 0.157812 0.665625 0.157812 0.670312 0.164062 0.676562 0.165625 0.676562 0.171875 0.682813 0.171875 0.685937 0.173437 0.689063 0.178125 0.693750 0.182812 0.696875 0.187500 0.698438 0.196875 0.698438 0.204687 0.695312 0.215625 0.695312 0.218750 0.693750 0.221875 0.687500 0.221875 0.676562 0.220312 0.673438 0.201563 0.654687 0.189062 0.656250 0.181250 0.654687 0.165625 0.657813 0.162500 0.659375 0.159375 0.662500
0 0.226562 0.679688 0.226562 0.693750 0.229687 0.696875 0.231250 0.696875 0.240625 0.707812 0.245312 0.709375 0.250000 0.714063 0.254688 0.714063 0.259375 0.718750 0.265625 0.721875 0.271875 0.721875 0.276562 0.720313 0.279687 0.718750 0.285938 0.714063 0.289062 0.707812 0.289062 0.696875 0.293750 0.692187 0.295312 0.687500 0.296875 0.681250 0.295312 0.673438 0.293750 0.670312 0.287500 0.667188 0.281250 0.667188 0.275000 0.670312 0.271875 0.670312 0.267188 0.665625 0.264062 0.664062 0.253125 0.664062 0.246875 0.665625 0.242188 0.667188 0.234375 0.671875
0 0.225000 0.693750 0.220312 0.695312 0.218750 0.698438 0.218750 0.704688 0.226562 0.712500 0.226562 0.715625 0.220312 0.721875 0.218750 0.721875 0.212500 0.728125 0.214062 0.732812 0.215625 0.732812 0.217188 0.739062 0.218750 0.743750 0.221875 0.746875 0.229687 0.746875 0.232813 0.745313 0.242188 0.735938 0.243750 0.732812 0.245312 0.728125 0.245312 0.721875 0.250000 0.715625 0.248438 0.712500 0.243750 0.710938 0.235937 0.703125 0.232813 0.703125 0.229687 0.700000 0.229687 0.698438
0 0.268750 0.778125 0.264062 0.778125 0.260937 0.781250 0.259375 0.784375 0.256250 0.785937 0.251563 0.785937 0.239063 0.782813 0.231250 0.784375 0.226562 0.789062 0.226562 0.801562 0.229687 0.806250 0.234375 0.810937 0.235937 0.814063 0.232813 0.821875 0.232813 0.828125 0.234375 0.832812 0.237500 0.835938 0.243750 0.839063 0.248438 0.839063 0.259375 0.845313 0.265625 0.845313 0.268750 0.843750 0.275000 0.839063 0.284375 0.839063 0.285938 0.837500 0.289062 0.837500 0.290625 0.834375 0.290625 0.826562 0.293750 0.823438 0.296875 0.823438 0.301563 0.818750 0.301563 0.812500 0.300000 0.809375 0.298438 0.807813 0.292187 0.804688 0.285938 0.803125 0.282813 0.801562 0.279687 0.798438 0.279687 0.790625 0.276562 0.784375 0.273438 0.781250
0 0.192188 0.800000 0.190625 0.801562 0.189062 0.804688 0.189062 0.807813 0.190625 0.810937 0.192188 0.812500 0.195312 0.814063 0.200000 0.815625 0.206250 0.823438 0.207813 0.825000 0.210938 0.826562 0.217188 0.826562 0.223438 0.820312 0.225000 0.817187 0.225000 0.806250 0.223438 0.803125 0.218750 0.798438 0.212500 0.795312 0.207813 0.793750 0.204687 0.793750 0.200000 0.795312 0.196875 0.796875 0.193750 0.800000
0 0.829688 0.740625 0.825000 0.740625 0.820312 0.743750 0.817187 0.740625 0.812500 0.739062 0.807813 0.734375 0.804688 0.732812 0.801562 0.732812 0.796875 0.737500 0.795312 0.742188 0.793750 0.764062 0.785937 0.762500 0.782813 0.764062 0.781250 0.767188 0.781250 0.770312 0.782813 0.775000 0.789062 0.782813 0.800000 0.784375 0.804688 0.782813 0.809375 0.779687 0.814063 0.779687 0.829688 0.771875 0.832812 0.762500 0.832812 0.751563 0.831250 0.743750
0 0.892188 0.745313 0.889062 0.746875 0.884375 0.748437 0.881250 0.754687 0.881250 0.760938 0.878125 0.767188 0.871875 0.768750 0.871875 0.775000 0.876563 0.779687 0.878125 0.782813 0.879687 0.789062 0.881250 0.792188 0.884375 0.795312 0.887500 0.796875 0.892188 0.798438 0.898438 0.798438 0.901563 0.796875 0.903125 0.795312 0.903125 0.793750 0.906250 0.790625 0.906250 0.789062 0.910937 0.787500 0.917188 0.784375 0.921875 0.779687 0.923438 0.776563 0.923438 0.768750 0.921875 0.759375 0.920312 0.754687 0.914062 0.748437 0.909375 0.746875 0.904687 0.746875 0.903125 0.748437 0.896875 0.748437
0 0.856250 0.807813 0.851562 0.812500 0.851562 0.817187 0.850000 0.820312 0.845313 0.826562 0.843750 0.829688 0.843750 0.835938 0.845313 0.839063 0.851562 0.845313 0.862500 0.850000 0.867188 0.850000 0.870313 0.843750 0.870313 0.837500 0.875000 0.829688 0.875000 0.823438 0.873437 0.818750 0.870313 0.814063 0.865625 0.809375 0.862500 0.807813
0 0.781250 0.843750 0.778125 0.850000 0.778125 0.854688 0.781250 0.864062 0.787500 0.870313 0.790625 0.870313 0.793750 0.873437 0.795312 0.879687 0.801562 0.885938 0.804688 0.887500 0.809375 0.889062 0.815625 0.889062 0.820312 0.884375 0.828125 0.884375 0.831250 0.882812 0.837500 0.876563 0.839063 0.873437 0.840625 0.868750 0.840625 0.864062 0.839063 0.860938 0.834375 0.856250 0.834375 0.853125 0.832812 0.850000 0.831250 0.848437 0.828125 0.846875 0.825000 0.846875 0.820312 0.843750 0.814063 0.835938 0.812500 0.834375 0.809375 0.832812 0.801562 0.832812 0.789062 0.837500 0.784375 0.840625
0 0.346875 0.000000 0.351562 0.006250 0.357812 0.009375 0.360938 0.009375 0.364063 0.010937 0.368750 0.015625 0.371875 0.025000 0.371875 0.031250 0.373437 0.034375 0.378125 0.035937 0.381250 0.032813 0.382812 0.028125 0.389062 0.021875 0.392188 0.021875 0.395313 0.025000 0.400000 0.031250 0.403125 0.031250 0.406250 0.028125 0.407813 0.023438 0.407813 0.017188 0.406250 0.012500 0.403125 0.007812 0.403125 0.000000
1 0.417187 0.009375 0.414062 0.012500 0.412500 0.015625 0.415625 0.025000 0.414062 0.028125 0.417187 0.029687 0.420312 0.029687 0.423438 0.032813 0.428125 0.032813 0.432812 0.035937 0.435937 0.035937 0.439063 0.032813 0.440625 0.029687 0.442188 0.025000 0.442188 0.017188 0.432812 0.007812 0.426563 0.006250 0.420312 0.007812
0 0.189062 0.617188 0.190625 0.629687 0.193750 0.631250 0.203125 0.629687 0.204687 0.626563 0.206250 0.618750 0.203125 0.615625