0 0.096875 0.314063 0.092188 0.312500 0.087500 0.312500 0.081250 0.314063 0.075000 0.317188 0.064062 0.317188 0.056250 0.320312 0.046875 0.321875 0.046875 0.325000 0.043750 0.328125 0.043750 0.331250 0.045312 0.334375 0.048438 0.337500 0.050000 0.340625 0.054688 0.367188 0.054688 0.370312 0.053125 0.371875 0.053125 0.376563 0.054688 0.379688 0.062500 0.385937 0.067187 0.389062 0.073438 0.389062 0.076563 0.387500 0.082812 0.382812 0.089063 0.382812 0.093750 0.381250 0.100000 0.378125 0.106250 0.371875 0.110937 0.362500 0.110937 0.353125 0.107813 0.332813 0.106250 0.328125 0.103125 0.321875 0.100000 0.317188
0 0.040625 0.337500 0.034375 0.334375 0.021875 0.332813 0.015625 0.337500 0.012500 0.339062 0.004687 0.339062 0.003125 0.340625 0.000000 0.340625 0.000000 0.403125 0.010937 0.404687 0.018750 0.404687 0.029687 0.401562 0.032813 0.400000 0.040625 0.392188 0.046875 0.389062 0.053125 0.382812 0.053125 0.362500 0.051562 0.356250 0.048438 0.351562 0.048438 0.346875 0.046875 0.343750
0 0.000969 0.268484 0.000969 0.312234 0.004094 0.313797 0.022844 0.315359 0.022844 0.323172 0.018156 0.332547 0.030656 0.330984 0.057219 0.320047 0.061906 0.315359 0.061906 0.305984 0.060344 0.302859 0.054094 0.296609 0.052531 0.284109 0.047844 0.276297 0.046281 0.270047 0.043156 0.266922 0.038469 0.263797 0.035344 0.262234 0.030656 0.260672 0.022844 0.260672 0.013469 0.262234
0 0.332813 0.634375 0.325000 0.631250 0.320312 0.631250 0.315625 0.628125 0.300000 0.628125 0.290625 0.635938 0.285938 0.637500 0.281250 0.640625 0.278125 0.643750 0.273438 0.654687 0.267188 0.660937 0.265625 0.664062 0.265625 0.675000 0.267188 0.678125 0.276562 0.685937 0.276562 0.689063 0.279687 0.692187 0.301563 0.692187 0.304688 0.690625 0.310937 0.685937 0.326562 0.671875 0.331250 0.667188 0.332813 0.664062
0 0.396875 0.621875 0.395313 0.620313 0.393750 0.620313 0.390625 0.617188 0.384375 0.617188 0.373437 0.610938 0.368750 0.609375 0.365625 0.609375 0.356250 0.612500 0.353125 0.614062 0.346875 0.618750 0.340625 0.628125 0.335938 0.635938 0.331250 0.645312 0.331250 0.650000 0.334375 0.656250 0.335938 0.660937 0.339062 0.664062 0.345313 0.664062 0.351562 0.659375 0.354687 0.657813 0.362500 0.656250 0.365625 0.654687 0.371875 0.650000 0.378125 0.654687 0.384375 0.653125 0.385937 0.648438 0.393750 0.645312 0.393750 0.642188 0.396875 0.639062 0.398438 0.634375 0.398438 0.625000
0 0.456250 0.618750 0.443750 0.618750 0.434375 0.621875 0.431250 0.623437 0.426563 0.628125 0.418750 0.632812 0.414062 0.634375 0.403125 0.635938 0.400000 0.637500 0.398438 0.639062 0.396875 0.642188 0.396875 0.650000 0.398438 0.656250 0.401562 0.660937 0.400000 0.682813 0.400000 0.690625 0.403125 0.693750 0.404687 0.696875 0.404687 0.704688 0.407813 0.710938 0.415625 0.717187 0.418750 0.718750 0.428125 0.718750 0.431250 0.717187 0.442188 0.709375 0.443750 0.707812 0.443750 0.706250 0.446875 0.703125 0.446875 0.693750 0.445312 0.675000 0.448437 0.671875 0.454688 0.671875 0.459375 0.675000 0.475000 0.675000 0.478125 0.673438 0.481250 0.670312 0.484375 0.665625 0.485938 0.660937 0.484375 0.650000 0.481250 0.643750 0.479687 0.639062 0.475000 0.632812 0.468750 0.626563 0.462500 0.621875
0 0.393750 0.648438 0.390625 0.646875 0.384375 0.646875 0.378125 0.648438 0.375000 0.650000 0.370312 0.654687 0.346875 0.664062 0.337500 0.665625 0.332813 0.668750 0.323437 0.676562 0.321875 0.676562 0.320312 0.678125 0.317188 0.684375 0.317188 0.692187 0.318750 0.695312 0.326562 0.703125 0.326562 0.706250 0.325000 0.707812 0.325000 0.712500 0.323437 0.715625 0.320312 0.718750 0.318750 0.723437 0.318750 0.726562 0.320312 0.728125 0.320312 0.732812 0.328125 0.740625 0.332813 0.740625 0.334375 0.742188 0.337500 0.742188 0.342187 0.740625 0.350000 0.735938 0.365625 0.720313 0.370312 0.714063 0.370312 0.712500 0.373437 0.709375 0.378125 0.707812 0.385937 0.701562 0.393750 0.693750 0.398438 0.685937 0.400000 0.676562 0.400000 0.664062 0.396875 0.653125 0.395313 0.650000
0 0.492188 0.685937 0.490625 0.684375 0.487500 0.682813 0.484375 0.682813 0.482812 0.684375 0.478125 0.684375 0.471875 0.687500 0.467187 0.690625 0.460938 0.698438 0.456250 0.701562 0.453125 0.701562 0.450000 0.703125 0.443750 0.709375 0.443750 0.710938 0.439063 0.715625 0.434375 0.717187 0.431250 0.720313 0.431250 0.729688 0.428125 0.735938 0.425000 0.739062 0.423438 0.742188 0.421875 0.746875 0.425000 0.748437 0.426563 0.750000 0.432812 0.750000 0.439063 0.754687 0.445312 0.751563 0.454688 0.751563 0.460938 0.750000 0.464062 0.748437 0.473438 0.740625 0.478125 0.739062 0.482812 0.734375 0.484375 0.729688 0.489063 0.725000 0.493750 0.723437 0.496875 0.720313 0.501563 0.709375 0.501563 0.703125 0.495312 0.690625 0.492188 0.687500
0 0.417187 0.721875 0.410938 0.715625 0.400000 0.706250 0.395313 0.703125 0.387500 0.703125 0.381250 0.706250 0.378125 0.710938 0.368750 0.717187 0.354687 0.731250 0.350000 0.737500 0.348438 0.742188 0.348438 0.748437 0.350000 0.753125 0.353125 0.756250 0.379688 0.757812 0.403125 0.756250 0.406250 0.753125 0.407813 0.748437 0.414062 0.742188 0.417187 0.735938
0 0.342187 0.764062 0.340625 0.775000 0.340625 0.795312 0.342187 0.798438 0.346875 0.803125 0.357812 0.803125 0.364063 0.801562 0.368750 0.798438 0.376563 0.798438 0.378125 0.796875 0.381250 0.796875 0.382812 0.793750 0.384375 0.789062 0.385937 0.779687 0.389062 0.775000 0.387500 0.767188 0.382812 0.765625 0.379688 0.765625 0.375000 0.764062 0.371875 0.760938 0.356250 0.757812 0.350000 0.757812 0.346875 0.759375
0 0.446875 0.762500 0.442188 0.757812 0.429688 0.753125 0.415625 0.753125 0.410938 0.754687 0.407813 0.757812 0.406250 0.764062 0.389062 0.782813 0.387500 0.785937 0.384375 0.793750 0.384375 0.798438 0.387500 0.801562 0.396875 0.806250 0.403125 0.806250 0.406250 0.804688 0.409375 0.801562 0.420312 0.801562 0.426563 0.800000 0.429688 0.796875 0.431250 0.796875 0.432812 0.795312 0.437500 0.789062 0.440625 0.779687 0.442188 0.779687 0.446875 0.776563 0.448437 0.773438 0.448437 0.765625
0 0.232813 0.992188 0.232813 0.998437 0.303125 0.998437 0.303125 0.989062 0.296875 0.981250 0.295312 0.973437 0.292187 0.971875 0.284375 0.971875 0.275000 0.968750 0.267188 0.964063 0.257812 0.965625 0.251563 0.967187 0.248438 0.968750 0.243750 0.973437 0.237500 0.982812
0 0.305891 0.971094 0.302766 0.977344 0.302766 0.988281 0.305891 0.998437 0.351203 0.998437 0.351203 0.996094 0.352766 0.994531 0.352766 0.986719 0.349641 0.978906 0.346516 0.974219 0.343391 0.971094 0.335578 0.966406 0.330891 0.964844 0.324641 0.963281 0.315266 0.963281 0.312141 0.964844
0 0.743750 0.534375 0.725000 0.534375 0.720313 0.535937 0.714063 0.539062 0.707812 0.543750 0.701562 0.553125 0.698438 0.559375 0.696875 0.565625 0.696875 0.576562 0.698438 0.581250 0.706250 0.589063 0.715625 0.593750 0.721875 0.593750 0.723437 0.595313 0.728125 0.595313 0.732812 0.593750 0.739062 0.590625 0.745313 0.584375 0.748437 0.578125 0.750000 0.576562 0.757812 0.570312 0.760938 0.564063 0.760938 0.550000 0.757812 0.543750 0.751563 0.537500 0.748437 0.535937
0 0.909375 0.515625 0.904687 0.510938 0.898438 0.507812 0.887500 0.507812 0.885938 0.506250 0.876563 0.506250 0.862500 0.507812 0.854688 0.509375 0.850000 0.510938 0.845313 0.514062 0.835938 0.523438 0.831250 0.532813 0.826562 0.546875 0.826562 0.554688 0.828125 0.557813 0.831250 0.562500 0.837500 0.568750 0.842187 0.570312 0.875000 0.570312 0.887500 0.564063 0.896875 0.557813 0.901563 0.553125 0.910937 0.540625 0.912500 0.535937 0.912500 0.526563 0.910937 0.518750
0 0.928125 0.465625 0.925000 0.460938 0.917188 0.457813 0.907813 0.448437 0.903125 0.446875 0.887500 0.446875 0.882812 0.448437 0.876563 0.451562 0.871875 0.454688 0.860938 0.465625 0.856250 0.473438 0.851562 0.482812 0.850000 0.495312 0.851562 0.507812 0.860938 0.507812 0.901563 0.506250 0.909375 0.501563 0.915625 0.496875 0.921875 0.490625 0.926562 0.482812 0.928125 0.479687 0.929688 0.475000 0.929688 0.470313
0 0.990625 0.468750 0.985938 0.467187 0.968750 0.468750 0.962500 0.465625 0.951562 0.465625 0.943750 0.467187 0.940625 0.468750 0.928125 0.481250 0.921875 0.492188 0.917188 0.501563 0.915625 0.506250 0.915625 0.523438 0.918750 0.531250 0.935937 0.546875 0.939063 0.548438 0.945312 0.550000 0.951562 0.550000 0.956250 0.548438 0.962500 0.545312 0.971875 0.535937 0.982812 0.529687 0.987500 0.525000 0.989062 0.521875 0.990625 0.515625 0.995313 0.510938 0.995313 0.507812 0.998437 0.504687 0.995313 0.498437 0.995313 0.493750 0.998437 0.490625 0.998437 0.475000 0.995313 0.471875
0 0.823438 0.425000 0.815625 0.421875 0.806250 0.420312 0.801562 0.420312 0.795312 0.421875 0.792188 0.423438 0.789062 0.426563 0.789062 0.428125 0.784375 0.432812 0.778125 0.435937 0.770312 0.442188 0.770312 0.443750 0.767188 0.446875 0.753125 0.475000 0.753125 0.489063 0.756250 0.492188 0.756250 0.493750 0.757812 0.495312 0.765625 0.501563 0.773438 0.506250 0.778125 0.507812 0.793750 0.509375 0.798438 0.509375 0.800000 0.507812 0.806250 0.507812 0.817187 0.503125 0.823438 0.498437 0.832812 0.489063 0.832812 0.487500 0.835938 0.484375 0.839063 0.478125 0.840625 0.470313 0.840625 0.453125 0.839063 0.450000 0.834375 0.445312 0.831250 0.439063 0.831250 0.434375 0.828125 0.428125 0.826562 0.428125
0 0.851562 0.348438 0.837500 0.348438 0.831250 0.351562 0.825000 0.351562 0.817187 0.353125 0.798438 0.365625 0.795312 0.368750 0.792188 0.373437 0.790625 0.378125 0.790625 0.384375 0.789062 0.387500 0.784375 0.392188 0.782813 0.395313 0.782813 0.403125 0.787500 0.409375 0.793750 0.415625 0.798438 0.417187 0.806250 0.417187 0.817187 0.420312 0.823438 0.423438 0.828125 0.428125 0.837500 0.428125 0.840625 0.426563 0.850000 0.420312 0.853125 0.417187 0.854688 0.414062 0.854688 0.404687 0.853125 0.403125 0.853125 0.395313 0.854688 0.390625 0.856250 0.387500 0.862500 0.379688 0.865625 0.373437 0.865625 0.359375 0.862500 0.356250 0.862500 0.354687 0.860938 0.353125
0 0.943750 0.360938 0.942187 0.359375 0.939063 0.357812 0.928125 0.357812 0.912500 0.353125 0.907813 0.353125 0.892188 0.354687 0.887500 0.356250 0.881250 0.360938 0.871875 0.370312 0.870313 0.373437 0.864062 0.390625 0.864062 0.396875 0.867188 0.403125 0.873437 0.409375 0.879687 0.412500 0.898438 0.415625 0.903125 0.415625 0.917188 0.414062 0.920312 0.412500 0.926562 0.406250 0.926562 0.404687 0.931250 0.400000 0.932813 0.400000 0.935937 0.396875 0.939063 0.390625 0.939063 0.387500 0.943750 0.381250 0.945312 0.376563 0.945312 0.364063
1 0.782813 0.404687 0.779687 0.403125 0.770312 0.403125 0.765625 0.404687 0.756250 0.409375 0.751563 0.414062 0.751563 0.429688 0.754687 0.437500 0.757812 0.439063 0.768750 0.439063 0.775000 0.435937 0.779687 0.432812 0.784375 0.428125 0.787500 0.423438 0.789062 0.420312 0.789062 0.417187 0.790625 0.414062 0.789062 0.410938
1 0.706250 0.515625 0.701562 0.514062 0.696875 0.514062 0.687500 0.518750 0.685937 0.520312 0.684375 0.523438 0.682813 0.528125 0.682813 0.534375 0.685937 0.537500 0.692187 0.540625 0.696875 0.540625 0.701562 0.539062 0.704688 0.537500 0.709375 0.532813 0.710938 0.529687 0.710938 0.520312
1 0.743750 0.476562 0.740625 0.475000 0.732812 0.475000 0.729688 0.476562 0.723437 0.482812 0.721875 0.485938 0.721875 0.493750 0.725000 0.496875 0.734375 0.496875 0.737500 0.495312 0.740625 0.492188 0.742188 0.492188 0.743750 0.490625 0.745313 0.487500
1 0.848437 0.482812 0.837500 0.482812 0.825000 0.495312 0.821875 0.500000 0.821875 0.506250 0.825000 0.509375 0.831250 0.512500 0.842187 0.512500 0.848437 0.509375 0.848437 0.506250 0.850000 0.504687 0.851562 0.490625 0.851562 0.485938
1 0.789062 0.535937 0.785937 0.534375 0.775000 0.534375 0.770312 0.535937 0.764062 0.539062 0.762500 0.542188 0.762500 0.553125 0.767188 0.557813 0.771875 0.559375 0.778125 0.557813 0.782813 0.553125 0.787500 0.546875 0.790625 0.540625
1 0.814063 0.542188 0.810937 0.540625 0.798438 0.540625 0.792188 0.542188 0.785937 0.546875 0.784375 0.548438 0.784375 0.550000 0.781250 0.553125 0.778125 0.559375 0.778125 0.562500 0.779687 0.567187 0.781250 0.570312 0.785937 0.573438 0.789062 0.575000 0.801562 0.575000 0.807813 0.571875 0.810937 0.568750 0.815625 0.567187 0.817187 0.565625 0.820312 0.559375 0.817187 0.546875 0.815625 0.543750
1 0.978125 0.403125 0.968750 0.403125 0.965625 0.404687 0.959375 0.410938 0.956250 0.415625 0.957812 0.421875 0.965625 0.421875 0.970313 0.420312 0.976562 0.417187 0.979688 0.412500 0.979688 0.406250
1 0.954688 0.426563 0.951562 0.425000 0.945312 0.425000 0.942187 0.426563 0.937500 0.431250 0.937500 0.439063 0.939063 0.440625 0.942187 0.442188 0.946875 0.440625 0.950000 0.439063 0.956250 0.432812 0.956250 0.429688
1 0.935937 0.403125 0.934375 0.404687 0.931250 0.410938 0.931250 0.415625 0.934375 0.415625 0.935937 0.417187 0.948438 0.417187 0.953125 0.412500 0.953125 0.406250 0.950000 0.403125 0.946875 0.401562 0.939063 0.401562