0 0.556250 0.000000 0.553125 0.003125 0.543750 0.014063 0.542188 0.017188 0.542188 0.026562 0.546875 0.031250 0.551562 0.032813 0.556250 0.032813 0.559375 0.035937 0.565625 0.043750 0.568750 0.045312 0.575000 0.045312 0.578125 0.043750 0.585938 0.035937 0.590625 0.028125 0.592187 0.025000 0.593750 0.017188 0.593750 0.009375 0.592187 0.007812 0.592187 0.003125 0.589063 0.000000
0 0.200000 0.189062 0.196875 0.190625 0.184375 0.203125 0.179688 0.206250 0.178125 0.206250 0.176563 0.207813 0.175000 0.210938 0.175000 0.215625 0.176563 0.217188 0.176563 0.221875 0.175000 0.232813 0.181250 0.239063 0.185938 0.242188 0.187500 0.242188 0.189062 0.245312 0.192188 0.246875 0.196875 0.243750 0.201563 0.246875 0.204687 0.246875 0.207813 0.245312 0.212500 0.240625 0.215625 0.232813 0.220312 0.228125 0.225000 0.228125 0.228125 0.226562 0.229687 0.217188 0.228125 0.214062 0.221875 0.204687 0.215625 0.198437 0.209375 0.193750 0.204687 0.190625
0 0.142187 0.239063 0.140625 0.242188 0.140625 0.246875 0.142187 0.250000 0.148438 0.256250 0.151562 0.257812 0.159375 0.259375 0.165625 0.267188 0.168750 0.270313 0.171875 0.271875 0.181250 0.271875 0.184375 0.270313 0.190625 0.264062 0.192188 0.260937 0.192188 0.254688 0.190625 0.251563 0.185938 0.245312 0.175000 0.234375 0.170313 0.231250 0.153125 0.231250 0.150000 0.232813 0.145313 0.235937
0 0.190125 0.290844 0.197938 0.290844 0.201063 0.292406 0.208875 0.297094 0.216688 0.297094 0.221375 0.298656 0.229188 0.306469 0.246375 0.306469 0.249594 0.302344 0.247938 0.298312 0.243250 0.297094 0.241484 0.293406 0.235438 0.290844 0.230750 0.286156 0.224500 0.281469 0.219813 0.278344 0.213563 0.275219 0.202625 0.275219 0.197938 0.278344 0.193250 0.283031 0.193250 0.286156
0 0.232813 0.273438 0.231250 0.276562 0.232813 0.287500 0.239063 0.289062 0.246875 0.293750 0.251563 0.298438 0.251563 0.306250 0.257812 0.300000 0.260937 0.300000 0.267188 0.303125 0.275000 0.301563 0.275000 0.292187 0.273438 0.290625 0.275000 0.278125 0.270313 0.273438 0.260937 0.270313 0.245312 0.270313 0.235937 0.271875
0 0.296875 0.201563 0.293750 0.203125 0.290625 0.206250 0.289062 0.212500 0.289062 0.218750 0.287500 0.221875 0.278125 0.231250 0.276562 0.235937 0.278125 0.242188 0.281250 0.248438 0.282813 0.250000 0.292187 0.250000 0.296875 0.246875 0.301563 0.246875 0.310937 0.256250 0.317188 0.254688 0.318750 0.248438 0.323437 0.245312 0.326562 0.239063 0.328125 0.234375 0.331250 0.234375 0.334375 0.232813 0.334375 0.228125 0.325000 0.218750 0.325000 0.214062 0.328125 0.207813 0.325000 0.204687 0.309375 0.204687 0.300000 0.201563
0 0.357812 0.242188 0.354687 0.240625 0.350000 0.239063 0.345313 0.239063 0.340625 0.235937 0.337500 0.237500 0.325000 0.250000 0.320312 0.256250 0.318750 0.259375 0.317188 0.265625 0.314063 0.268750 0.312500 0.271875 0.314063 0.281250 0.323437 0.281250 0.328125 0.278125 0.346875 0.276562 0.348438 0.273438 0.350000 0.265625 0.356250 0.260937 0.357812 0.259375 0.359375 0.256250 0.359375 0.245312
0 0.817187 0.251563 0.814063 0.251563 0.804688 0.243750 0.795312 0.243750 0.792188 0.245312 0.787500 0.250000 0.785937 0.254688 0.781250 0.259375 0.775000 0.259375 0.768750 0.260937 0.764062 0.262500 0.760938 0.265625 0.759375 0.268750 0.757812 0.275000 0.757812 0.284375 0.759375 0.287500 0.764062 0.292187 0.764062 0.295312 0.760938 0.301563 0.760938 0.309375 0.765625 0.314063 0.776563 0.314063 0.782813 0.310937 0.785937 0.307812 0.792188 0.306250 0.803125 0.300000 0.807813 0.295312 0.809375 0.292187 0.810937 0.284375 0.814063 0.279687 0.818750 0.275000 0.821875 0.268750 0.821875 0.257812 0.820312 0.254688
0 0.714063 0.301563 0.710938 0.304688 0.709375 0.307812 0.707812 0.314063 0.709375 0.320312 0.712500 0.325000 0.707812 0.329688 0.701562 0.332813 0.698438 0.335938 0.695312 0.342187 0.695312 0.357812 0.696875 0.360938 0.700000 0.364063 0.703125 0.365625 0.712500 0.368750 0.714063 0.373437 0.714063 0.378125 0.715625 0.381250 0.720313 0.385937 0.728125 0.385937 0.735938 0.378125 0.739062 0.373437 0.740625 0.368750 0.746875 0.362500 0.750000 0.357812 0.753125 0.351562 0.754687 0.346875 0.754687 0.332813 0.748437 0.326562 0.748437 0.318750 0.745313 0.312500 0.742188 0.309375 0.740625 0.304688 0.737500 0.303125 0.732812 0.307812 0.725000 0.301563
0 0.832812 0.346875 0.826562 0.346875 0.823438 0.348438 0.818750 0.353125 0.815625 0.354687 0.800000 0.354687 0.793750 0.356250 0.789062 0.360938 0.790625 0.376563 0.790625 0.379688 0.781250 0.389062 0.781250 0.396875 0.789062 0.409375 0.790625 0.414062 0.800000 0.414062 0.804688 0.418750 0.806250 0.423438 0.807813 0.425000 0.810937 0.426563 0.817187 0.426563 0.821875 0.425000 0.828125 0.421875 0.835938 0.414062 0.837500 0.410938 0.839063 0.404687 0.840625 0.401562 0.843750 0.398438 0.846875 0.392188 0.848437 0.387500 0.848437 0.381250 0.845313 0.368750 0.845313 0.356250 0.843750 0.353125 0.840625 0.350000 0.837500 0.348438
0 0.953125 0.285938 0.942187 0.285938 0.940625 0.287500 0.928125 0.287500 0.925000 0.289062 0.920312 0.293750 0.917188 0.300000 0.917188 0.303125 0.915625 0.306250 0.912500 0.309375 0.909375 0.309375 0.906250 0.312500 0.906250 0.318750 0.910937 0.329688 0.914062 0.343750 0.914062 0.359375 0.915625 0.362500 0.921875 0.368750 0.926562 0.370312 0.934375 0.370312 0.937500 0.368750 0.946875 0.360938 0.950000 0.360938 0.956250 0.365625 0.962500 0.367188 0.967187 0.365625 0.970313 0.364063 0.973437 0.360938 0.975000 0.357812 0.976562 0.353125 0.976562 0.346875 0.975000 0.343750 0.971875 0.340625 0.970313 0.337500 0.975000 0.332813 0.978125 0.326562 0.978125 0.318750 0.976562 0.314063 0.975000 0.310937 0.973437 0.309375 0.971875 0.309375 0.968750 0.306250 0.967187 0.306250 0.965625 0.304688 0.964063 0.301563 0.964063 0.296875 0.962500 0.293750 0.957812 0.289062
0 0.998437 0.428125 0.992188 0.426563 0.982812 0.423438 0.975000 0.423438 0.970313 0.425000 0.965625 0.429688 0.962500 0.431250 0.956250 0.432812 0.953125 0.434375 0.946875 0.440625 0.945312 0.443750 0.943750 0.448437 0.943750 0.456250 0.945312 0.459375 0.954688 0.468750 0.953125 0.479687 0.953125 0.485938 0.954688 0.489063 0.959375 0.492188 0.967187 0.489063 0.979688 0.487500 0.995313 0.489063 0.998437 0.487500
0 0.759375 0.381250 0.754687 0.381250 0.748437 0.384375 0.745313 0.387500 0.743750 0.387500 0.742188 0.389062 0.739062 0.395313 0.739062 0.406250 0.742188 0.410938 0.742188 0.415625 0.734375 0.428125 0.728125 0.434375 0.728125 0.437500 0.726562 0.439063 0.726562 0.442188 0.728125 0.446875 0.731250 0.450000 0.734375 0.451562 0.746875 0.451562 0.765625 0.450000 0.775000 0.446875 0.775000 0.445312 0.781250 0.437500 0.785937 0.428125 0.787500 0.423438 0.787500 0.414062 0.785937 0.407813 0.784375 0.404687 0.779687 0.396875 0.776563 0.393750 0.775000 0.393750 0.764062 0.384375
0 0.773438 0.448437 0.770312 0.448437 0.732812 0.451562 0.728125 0.453125 0.723437 0.457813 0.721875 0.460938 0.721875 0.467187 0.725000 0.476562 0.743750 0.496875 0.751563 0.504687 0.754687 0.506250 0.762500 0.506250 0.765625 0.504687 0.770312 0.501563 0.778125 0.493750 0.782813 0.487500 0.785937 0.481250 0.787500 0.468750 0.787500 0.462500
0 0.840625 0.446875 0.831250 0.446875 0.826562 0.448437 0.821875 0.451562 0.812500 0.451562 0.807813 0.453125 0.804688 0.456250 0.801562 0.456250 0.798438 0.459375 0.796875 0.459375 0.795312 0.460938 0.795312 0.462500 0.792188 0.465625 0.790625 0.470313 0.792188 0.482812 0.792188 0.485938 0.790625 0.498437 0.795312 0.503125 0.801562 0.506250 0.810937 0.507812 0.817187 0.506250 0.820312 0.507812 0.826562 0.514062 0.834375 0.514062 0.839063 0.512500 0.842187 0.510938 0.850000 0.501563 0.853125 0.498437 0.862500 0.495312 0.865625 0.492188 0.868750 0.485938 0.868750 0.481250 0.870313 0.479687 0.870313 0.476562 0.868750 0.471875 0.867188 0.468750 0.862500 0.464062 0.846875 0.450000
0 0.907813 0.484375 0.903125 0.481250 0.896875 0.481250 0.892188 0.484375 0.887500 0.489063 0.884375 0.493750 0.881250 0.500000 0.882812 0.504687 0.879687 0.507812 0.876563 0.507812 0.870313 0.506250 0.850000 0.509375 0.846875 0.512500 0.842187 0.514062 0.834375 0.515625 0.831250 0.517188 0.823438 0.525000 0.821875 0.528125 0.821875 0.535937 0.826562 0.535937 0.831250 0.540625 0.831250 0.546875 0.832812 0.550000 0.834375 0.551562 0.837500 0.553125 0.842187 0.554688 0.845313 0.554688 0.853125 0.553125 0.856250 0.551562 0.859375 0.548438 0.864062 0.546875 0.867188 0.548438 0.875000 0.556250 0.878125 0.557813 0.889062 0.557813 0.892188 0.556250 0.896875 0.551562 0.904687 0.542188 0.907813 0.537500 0.912500 0.526563 0.914062 0.520312 0.914062 0.510938 0.912500 0.492188
0 0.943750 0.575000 0.943750 0.584375 0.945312 0.587500 0.946875 0.589063 0.951562 0.590625 0.953125 0.592187 0.954688 0.596875 0.957812 0.600000 0.960938 0.601562 0.964063 0.601562 0.967187 0.603125 0.976562 0.600000 0.981250 0.600000 0.995313 0.603125 0.998437 0.603125 0.998437 0.576562 0.993750 0.567187 0.985938 0.560937 0.976562 0.556250 0.971875 0.554688 0.967187 0.554688 0.960938 0.556250 0.957812 0.557813 0.951562 0.564063 0.948438 0.568750
0 0.904687 0.585938 0.901563 0.589063 0.900000 0.592187 0.898438 0.596875 0.898438 0.625000 0.895312 0.628125 0.893750 0.632812 0.893750 0.646875 0.895312 0.651563 0.901563 0.657813 0.912500 0.657813 0.915625 0.654687 0.923438 0.654687 0.928125 0.657813 0.932813 0.662500 0.939063 0.665625 0.946875 0.664062 0.948438 0.660937 0.950000 0.648438 0.957812 0.646875 0.965625 0.639062 0.967187 0.634375 0.967187 0.620313 0.964063 0.615625 0.957812 0.610938 0.956250 0.604688 0.951562 0.600000 0.948438 0.595313 0.948438 0.593750 0.940625 0.592187 0.937500 0.593750 0.934375 0.596875 0.928125 0.598437 0.921875 0.598437 0.910937 0.587500 0.907813 0.585938
1 0.981250 0.515625 0.976562 0.515625 0.973437 0.517188 0.968750 0.521875 0.967187 0.526563 0.967187 0.532813 0.968750 0.537500 0.973437 0.542188 0.978125 0.542188 0.981250 0.540625 0.982812 0.539062 0.982812 0.537500 0.985938 0.534375 0.987500 0.529687 0.987500 0.520312 0.984375 0.517188
0 0.759375 0.642188 0.756250 0.640625 0.742188 0.640625 0.737500 0.645312 0.735938 0.650000 0.734375 0.651563 0.732812 0.651563 0.731250 0.653125 0.729688 0.657813 0.726562 0.660937 0.721875 0.662500 0.715625 0.668750 0.715625 0.681250 0.718750 0.690625 0.720313 0.693750 0.725000 0.696875 0.735938 0.695312 0.757812 0.690625 0.760938 0.689063 0.765625 0.685937 0.768750 0.682813 0.771875 0.678125 0.775000 0.671875 0.775000 0.664062 0.768750 0.657813 0.768750 0.654687 0.764062 0.646875
0 0.817187 0.706250 0.812500 0.706250 0.807813 0.709375 0.790625 0.709375 0.785937 0.710938 0.781250 0.714063 0.778125 0.720313 0.778125 0.728125 0.770312 0.735938 0.768750 0.739062 0.768750 0.746875 0.770312 0.754687 0.773438 0.757812 0.773438 0.759375 0.775000 0.760938 0.781250 0.764062 0.787500 0.764062 0.790625 0.767188 0.790625 0.775000 0.793750 0.781250 0.796875 0.782813 0.806250 0.782813 0.810937 0.781250 0.823438 0.773438 0.831250 0.773438 0.834375 0.771875 0.839063 0.767188 0.840625 0.764062 0.842187 0.759375 0.842187 0.750000 0.840625 0.745313 0.839063 0.742188 0.834375 0.735938 0.832812 0.729688 0.832812 0.723437 0.831250 0.720313 0.828125 0.715625 0.821875 0.709375
0 0.532813 0.578125 0.529687 0.576562 0.525000 0.575000 0.518750 0.573438 0.509375 0.571875 0.504687 0.573438 0.500000 0.578125 0.496875 0.584375 0.496875 0.590625 0.498437 0.593750 0.503125 0.598437 0.493750 0.607812 0.493750 0.614062 0.496875 0.621875 0.501563 0.626563 0.514062 0.626563 0.518750 0.621875 0.521875 0.615625 0.526563 0.610938 0.534375 0.606250 0.539062 0.606250 0.540625 0.607812 0.545312 0.607812 0.545312 0.590625 0.542188 0.587500 0.539062 0.587500 0.535937 0.584375
0 0.468750 0.523438 0.467187 0.525000 0.464062 0.525000 0.460938 0.531250 0.460938 0.534375 0.459375 0.537500 0.460938 0.540625 0.464062 0.543750 0.465625 0.548438 0.464062 0.553125 0.468750 0.560937 0.470313 0.565625 0.470313 0.570312 0.471875 0.573438 0.478125 0.575000 0.481250 0.573438 0.485938 0.568750 0.487500 0.562500 0.487500 0.543750 0.485938 0.537500 0.484375 0.534375 0.475000 0.525000 0.471875 0.523438
1 0.579688 0.584375 0.575000 0.589063 0.575000 0.598437 0.578125 0.601562 0.581250 0.603125 0.584375 0.603125 0.589063 0.598437 0.590625 0.595313 0.590625 0.587500 0.587500 0.584375
0 0.640625 0.851562 0.634375 0.856250 0.632812 0.857812 0.629687 0.864062 0.629687 0.867188 0.631250 0.870313 0.634375 0.873437 0.637500 0.871875 0.643750 0.875000 0.643750 0.889062 0.645312 0.892188 0.651563 0.895312 0.665625 0.895312 0.670312 0.893750 0.673438 0.892188 0.676562 0.889062 0.681250 0.879687 0.681250 0.876563 0.682813 0.873437 0.681250 0.867188 0.679688 0.862500 0.675000 0.853125 0.668750 0.846875 0.654687 0.846875 0.648438 0.848437 0.643750 0.850000
0 0.670312 0.812500 0.667188 0.810937 0.662500 0.809375 0.657813 0.809375 0.651563 0.812500 0.645312 0.818750 0.642188 0.825000 0.640625 0.829688 0.640625 0.843750 0.645312 0.848437 0.651563 0.848437 0.664062 0.845313 0.668750 0.842187 0.671875 0.837500 0.675000 0.831250 0.676562 0.826562 0.676562 0.821875 0.673438 0.815625
1 0.729688 0.804688 0.726562 0.806250 0.723437 0.809375 0.721875 0.812500 0.721875 0.820312 0.723437 0.823438 0.726562 0.825000 0.731250 0.826562 0.735938 0.826562 0.742188 0.823438 0.743750 0.818750 0.743750 0.809375 0.740625 0.806250 0.737500 0.804688
1 0.700000 0.835938 0.696875 0.837500 0.695312 0.843750 0.696875 0.850000 0.700000 0.851562 0.704688 0.851562 0.707812 0.850000 0.710938 0.843750 0.709375 0.839063 0.706250 0.835938
1 0.748437 0.876563 0.745313 0.878125 0.742188 0.881250 0.742188 0.893750 0.743750 0.896875 0.746875 0.900000 0.751563 0.900000 0.754687 0.898438 0.756250 0.896875 0.757812 0.893750 0.759375 0.887500 0.759375 0.882812 0.757812 0.879687 0.751563 0.876563
1 0.778125 0.826562 0.775000 0.832812 0.775000 0.835938 0.776563 0.839063 0.784375 0.840625 0.787500 0.839063 0.790625 0.832812 0.787500 0.825000
0 0.818750 0.868750 0.803125 0.868750 0.795312 0.871875 0.789062 0.876563 0.781250 0.884375 0.781250 0.885938 0.775000 0.892188 0.773438 0.892188 0.765625 0.900000 0.764062 0.904687 0.765625 0.907813 0.770312 0.909375 0.771875 0.910937 0.778125 0.912500 0.793750 0.929688 0.798438 0.934375 0.801562 0.934375 0.806250 0.932813 0.814063 0.928125 0.826562 0.928125 0.829688 0.926562 0.832812 0.923438 0.837500 0.907813 0.837500 0.896875 0.835938 0.892188 0.829688 0.884375 0.821875 0.876563 0.821875 0.873437
0 0.709375 0.909375 0.696875 0.921875 0.695312 0.925000 0.695312 0.928125 0.698438 0.929688 0.707812 0.929688 0.710938 0.931250 0.714063 0.934375 0.714063 0.937500 0.710938 0.950000 0.712500 0.954688 0.714063 0.957812 0.717187 0.960938 0.721875 0.964063 0.726562 0.965625 0.731250 0.965625 0.739062 0.962500 0.743750 0.962500 0.746875 0.965625 0.751563 0.964063 0.753125 0.960938 0.754687 0.954688 0.754687 0.939063 0.753125 0.931250 0.751563 0.926562 0.750000 0.923438 0.745313 0.918750 0.743750 0.914062 0.735938 0.906250 0.728125 0.906250 0.714063 0.907813
0 0.792188 0.959375 0.795312 0.962500 0.800000 0.965625 0.806250 0.967187 0.810937 0.967187 0.817187 0.965625 0.828125 0.959375 0.834375 0.959375 0.848437 0.960938 0.862500 0.954688 0.867188 0.950000 0.867188 0.946875 0.865625 0.943750 0.862500 0.940625 0.857812 0.937500 0.854688 0.935937 0.848437 0.934375 0.834375 0.929688 0.825000 0.929688 0.818750 0.931250 0.814063 0.932813 0.804688 0.937500 0.801562 0.940625 0.800000 0.940625 0.798438 0.942187 0.798438 0.943750 0.792188 0.951562
0 0.954688 0.903125 0.951562 0.900000 0.945312 0.898438 0.920312 0.898438 0.915625 0.900000 0.907813 0.906250 0.896875 0.910937 0.879687 0.929688 0.878125 0.932813 0.878125 0.939063 0.879687 0.942187 0.881250 0.943750 0.887500 0.946875 0.896875 0.948438 0.903125 0.946875 0.910937 0.939063 0.915625 0.929688 0.935937 0.928125 0.942187 0.926562 0.948438 0.920312 0.950000 0.917188 0.950000 0.910937