1 0.673438 0.379688 0.678125 0.384375 0.681250 0.385937 0.696875 0.385937 0.703125 0.382812 0.712500 0.373437 0.714063 0.370312 0.714063 0.365625 0.712500 0.362500 0.696875 0.359375 0.684375 0.359375 0.675000 0.368750 0.673438 0.371875
1 0.759375 0.467187 0.756250 0.465625 0.751563 0.465625 0.746875 0.467187 0.739062 0.470313 0.735938 0.471875 0.731250 0.476562 0.729688 0.479687 0.729688 0.489063 0.732812 0.492188 0.732812 0.493750 0.739062 0.496875 0.745313 0.496875 0.748437 0.495312 0.754687 0.490625 0.757812 0.485938 0.759375 0.482812 0.760938 0.478125
1 0.723437 0.489063 0.714063 0.489063 0.709375 0.493750 0.709375 0.503125 0.712500 0.503125 0.714063 0.504687 0.718750 0.504687 0.721875 0.503125 0.723437 0.501563 0.725000 0.498437
1 0.732812 0.517188 0.728125 0.521875 0.726562 0.525000 0.728125 0.537500 0.731250 0.539062 0.737500 0.539062 0.739062 0.540625 0.743750 0.540625 0.748437 0.539062 0.751563 0.535937 0.753125 0.532813 0.754687 0.528125 0.754687 0.525000 0.753125 0.520312 0.750000 0.517188 0.746875 0.515625 0.735938 0.515625
0 0.720313 0.389062 0.710938 0.389062 0.704688 0.390625 0.698438 0.393750 0.696875 0.395313 0.695312 0.400000 0.692187 0.403125 0.687500 0.404687 0.679688 0.406250 0.676562 0.407813 0.671875 0.412500 0.670312 0.415625 0.668750 0.420312 0.668750 0.428125 0.679688 0.439063 0.676562 0.442188 0.675000 0.446875 0.675000 0.451562 0.673438 0.454688 0.668750 0.459375 0.668750 0.462500 0.664062 0.467187 0.664062 0.473438 0.665625 0.476562 0.667188 0.478125 0.670312 0.479687 0.679688 0.482812 0.684375 0.482812 0.689063 0.479687 0.698438 0.470313 0.698438 0.462500 0.701562 0.459375 0.704688 0.460938 0.707812 0.464062 0.712500 0.462500 0.715625 0.460938 0.721875 0.454688 0.725000 0.448437 0.725000 0.445312 0.726562 0.442188 0.729688 0.439063 0.731250 0.435937 0.734375 0.426563 0.734375 0.410938 0.726562 0.395313
0 0.826562 0.353125 0.820312 0.353125 0.817187 0.357812 0.817187 0.359375 0.807813 0.360938 0.803125 0.365625 0.798438 0.371875 0.796875 0.375000 0.796875 0.379688 0.795312 0.382812 0.785937 0.392188 0.784375 0.396875 0.784375 0.403125 0.785937 0.407813 0.789062 0.414062 0.792188 0.417187 0.800000 0.423438 0.801562 0.428125 0.820312 0.428125 0.828125 0.420312 0.834375 0.412500 0.835938 0.409375 0.837500 0.403125 0.835938 0.400000 0.832812 0.395313 0.835938 0.392188 0.840625 0.390625 0.843750 0.387500 0.845313 0.382812 0.845313 0.378125 0.843750 0.371875 0.840625 0.365625 0.834375 0.356250
0 0.837500 0.437500 0.834375 0.435937 0.823438 0.434375 0.815625 0.429688 0.804688 0.429688 0.801562 0.431250 0.778125 0.454688 0.776563 0.457813 0.776563 0.462500 0.775000 0.464062 0.775000 0.467187 0.776563 0.470313 0.779687 0.473438 0.781250 0.478125 0.781250 0.490625 0.785937 0.495312 0.792188 0.495312 0.795312 0.493750 0.801562 0.487500 0.806250 0.487500 0.814063 0.490625 0.825000 0.489063 0.831250 0.482812 0.834375 0.478125 0.835938 0.473438 0.835938 0.468750 0.834375 0.464062 0.829688 0.457813 0.839063 0.448437 0.840625 0.445312 0.840625 0.440625
0 0.650000 0.498437 0.643750 0.501563 0.639062 0.506250 0.637500 0.509375 0.637500 0.512500 0.635938 0.515625 0.629687 0.523438 0.626563 0.529687 0.625000 0.534375 0.625000 0.539062 0.626563 0.542188 0.632812 0.548438 0.637500 0.550000 0.639062 0.551562 0.640625 0.554688 0.640625 0.559375 0.642188 0.562500 0.646875 0.567187 0.650000 0.568750 0.664062 0.568750 0.668750 0.564063 0.670312 0.559375 0.673438 0.556250 0.679688 0.556250 0.689063 0.557813 0.692187 0.556250 0.695312 0.551562 0.696875 0.546875 0.701562 0.542188 0.709375 0.537500 0.709375 0.529687 0.706250 0.526563 0.701562 0.525000 0.698438 0.523438 0.696875 0.512500 0.695312 0.509375 0.690625 0.504687 0.679688 0.504687 0.673438 0.507812 0.670312 0.507812 0.665625 0.503125 0.660937 0.500000 0.656250 0.498437
0 0.751563 0.545312 0.745313 0.542188 0.734375 0.542188 0.728125 0.539062 0.723437 0.539062 0.712500 0.540625 0.709375 0.540625 0.707812 0.542188 0.703125 0.542188 0.695312 0.550000 0.692187 0.556250 0.692187 0.564063 0.693750 0.565625 0.693750 0.571875 0.690625 0.579688 0.690625 0.582812 0.692187 0.593750 0.693750 0.596875 0.707812 0.598437 0.710938 0.596875 0.715625 0.592187 0.720313 0.592187 0.731250 0.593750 0.734375 0.592187 0.740625 0.585938 0.742188 0.582812 0.742188 0.571875 0.748437 0.565625 0.751563 0.560937 0.753125 0.557813 0.753125 0.550000
0 0.345313 0.600000 0.337500 0.596875 0.331250 0.596875 0.328125 0.598437 0.323437 0.601562 0.320312 0.604688 0.320312 0.609375 0.318750 0.610938 0.318750 0.626563 0.315625 0.628125 0.312500 0.628125 0.306250 0.632812 0.304688 0.637500 0.303125 0.640625 0.304688 0.648438 0.309375 0.653125 0.312500 0.654687 0.317188 0.656250 0.320312 0.656250 0.326562 0.654687 0.339062 0.656250 0.342187 0.654687 0.343750 0.653125 0.343750 0.651563 0.346875 0.648438 0.348438 0.645312 0.346875 0.637500 0.346875 0.634375 0.348438 0.626563 0.351562 0.623437 0.354687 0.623437 0.354687 0.620313 0.353125 0.618750 0.353125 0.614062 0.350000 0.610938 0.350000 0.606250
0 0.403125 0.573438 0.401562 0.570312 0.396875 0.565625 0.389062 0.565625 0.385937 0.567187 0.379688 0.571875 0.368750 0.568750 0.362500 0.568750 0.354687 0.571875 0.351562 0.573438 0.350000 0.579688 0.351562 0.595313 0.354687 0.595313 0.360938 0.598437 0.375000 0.598437 0.384375 0.601562 0.390625 0.603125 0.395313 0.601562 0.400000 0.596875 0.403125 0.590625
0 0.465625 0.601562 0.459375 0.607812 0.459375 0.610938 0.460938 0.625000 0.457813 0.632812 0.457813 0.646875 0.459375 0.650000 0.465625 0.656250 0.467187 0.660937 0.470313 0.662500 0.478125 0.662500 0.484375 0.665625 0.485938 0.659375 0.485938 0.657813 0.476562 0.648438 0.478125 0.645312 0.484375 0.639062 0.485938 0.631250 0.482812 0.623437 0.482812 0.618750 0.484375 0.617188 0.482812 0.610938 0.478125 0.610938 0.473438 0.604688 0.470313 0.601562
0 0.396875 0.601562 0.396875 0.606250 0.400000 0.610938 0.407813 0.618750 0.409375 0.623437 0.415625 0.628125 0.418750 0.632812 0.420312 0.643750 0.428125 0.643750 0.431250 0.645312 0.434375 0.648438 0.437500 0.650000 0.442188 0.650000 0.454688 0.643750 0.460938 0.651563 0.462500 0.653125 0.467187 0.654687 0.470313 0.657813 0.471875 0.660937 0.473438 0.654687 0.478125 0.653125 0.476562 0.646875 0.478125 0.643750 0.481250 0.642188 0.484375 0.635938 0.484375 0.626563 0.481250 0.621875 0.481250 0.617188 0.482812 0.615625 0.481250 0.610938 0.476562 0.610938 0.473438 0.609375 0.470313 0.606250 0.470313 0.603125 0.464062 0.603125 0.459375 0.607812 0.456250 0.607812 0.451562 0.606250 0.448437 0.604688 0.445312 0.601562 0.443750 0.598437 0.443750 0.595313 0.442188 0.592187 0.437500 0.592187 0.435937 0.590625 0.421875 0.590625 0.415625 0.596875 0.403125 0.596875 0.400000 0.598437
0 0.357812 0.614062 0.356250 0.617188 0.356250 0.631250 0.353125 0.635938 0.353125 0.639062 0.354687 0.646875 0.357812 0.650000 0.357812 0.653125 0.360938 0.653125 0.367188 0.656250 0.375000 0.657813 0.390625 0.657813 0.396875 0.656250 0.406250 0.653125 0.414062 0.646875 0.415625 0.646875 0.417187 0.645312 0.418750 0.642188 0.415625 0.632812 0.409375 0.621875 0.406250 0.620313 0.406250 0.618750 0.403125 0.614062 0.395313 0.606250 0.389062 0.603125 0.381250 0.601562 0.378125 0.601562 0.371875 0.603125 0.365625 0.609375
0 0.475000 0.667188 0.462500 0.667188 0.457813 0.664062 0.453125 0.664062 0.450000 0.665625 0.445312 0.671875 0.442188 0.678125 0.440625 0.687500 0.428125 0.700000 0.426563 0.703125 0.426563 0.714063 0.425000 0.717187 0.421875 0.720313 0.418750 0.726562 0.418750 0.740625 0.420312 0.743750 0.423438 0.746875 0.426563 0.748437 0.434375 0.750000 0.437500 0.753125 0.437500 0.754687 0.440625 0.757812 0.451562 0.757812 0.454688 0.756250 0.464062 0.746875 0.473438 0.740625 0.475000 0.739062 0.476562 0.735938 0.476562 0.725000 0.478125 0.721875 0.484375 0.715625 0.485938 0.712500 0.485938 0.701562 0.484375 0.698438 0.478125 0.689063 0.481250 0.681250 0.481250 0.671875 0.478125 0.668750
0 0.439063 0.656250 0.435937 0.654687 0.429688 0.654687 0.421875 0.657813 0.415625 0.657813 0.404687 0.656250 0.401562 0.657813 0.398438 0.660937 0.390625 0.678125 0.390625 0.692187 0.398438 0.701562 0.401562 0.703125 0.414062 0.703125 0.423438 0.701562 0.426563 0.700000 0.428125 0.698438 0.435937 0.689063 0.434375 0.681250 0.435937 0.678125 0.440625 0.673438 0.442188 0.670312 0.442188 0.659375
0 0.318750 0.660937 0.318750 0.665625 0.320312 0.675000 0.321875 0.679688 0.325000 0.682813 0.326562 0.685937 0.326562 0.698438 0.337500 0.698438 0.342187 0.700000 0.345313 0.703125 0.353125 0.703125 0.365625 0.709375 0.368750 0.709375 0.373437 0.707812 0.384375 0.696875 0.385937 0.693750 0.385937 0.684375 0.389062 0.676562 0.389062 0.664062 0.382812 0.660937 0.378125 0.659375 0.364063 0.657813 0.359375 0.657813 0.350000 0.660937 0.345313 0.660937 0.323437 0.657813
0 0.367188 0.714063 0.364063 0.710938 0.356250 0.709375 0.343750 0.707812 0.339062 0.706250 0.334375 0.703125 0.329688 0.701562 0.325000 0.701562 0.314063 0.707812 0.309375 0.712500 0.306250 0.717187 0.306250 0.723437 0.315625 0.732812 0.317188 0.735938 0.315625 0.748437 0.321875 0.754687 0.329688 0.754687 0.342187 0.750000 0.345313 0.746875 0.356250 0.734375 0.357812 0.731250 0.357812 0.726562 0.362500 0.720313 0.364063 0.718750 0.365625 0.718750
0 0.409375 0.715625 0.406250 0.714063 0.390625 0.715625 0.387500 0.714063 0.384375 0.710938 0.379688 0.709375 0.376563 0.709375 0.371875 0.710938 0.365625 0.714063 0.359375 0.723437 0.357812 0.732812 0.350000 0.746875 0.345313 0.751563 0.346875 0.754687 0.351562 0.759375 0.353125 0.764062 0.364063 0.778125 0.370312 0.781250 0.378125 0.779687 0.384375 0.776563 0.392188 0.770312 0.406250 0.768750 0.409375 0.767188 0.414062 0.762500 0.415625 0.759375 0.415625 0.746875 0.412500 0.742188 0.412500 0.739062 0.414062 0.737500 0.415625 0.731250 0.415625 0.725000 0.412500 0.718750
0 0.432812 0.782813 0.421875 0.771875 0.418750 0.770312 0.410938 0.768750 0.401562 0.770312 0.396875 0.771875 0.381250 0.779687 0.376563 0.784375 0.373437 0.789062 0.375000 0.793750 0.373437 0.798438 0.368750 0.806250 0.368750 0.814063 0.370312 0.820312 0.373437 0.823438 0.381250 0.823438 0.396875 0.821875 0.400000 0.823438 0.403125 0.826562 0.406250 0.828125 0.414062 0.828125 0.417187 0.826562 0.421875 0.821875 0.423438 0.818750 0.425000 0.810937 0.435937 0.800000 0.435937 0.789062
0 0.570312 0.820312 0.562500 0.820312 0.557813 0.825000 0.551562 0.825000 0.546875 0.821875 0.542188 0.821875 0.535937 0.823438 0.529687 0.829688 0.521875 0.840625 0.521875 0.845313 0.517188 0.853125 0.517188 0.865625 0.521875 0.870313 0.534375 0.875000 0.545312 0.875000 0.550000 0.873437 0.559375 0.864062 0.565625 0.860938 0.570312 0.856250 0.573438 0.848437 0.571875 0.839063 0.573438 0.837500 0.573438 0.828125 0.571875 0.823438
0 0.585875 0.838922 0.590719 0.834719 0.598688 0.829891 0.611719 0.829469 0.621375 0.830937 0.627875 0.832422 0.631656 0.833891 0.633547 0.830109 0.627047 0.821922 0.618641 0.820453 0.617375 0.819812 0.615906 0.814984 0.614437 0.811625 0.609406 0.808266 0.605406 0.808062 0.599734 0.809734 0.595547 0.812672 0.591547 0.812672 0.584000 0.812047 0.579156 0.814781 0.575594 0.816453 0.574750 0.824859 0.577063 0.830734 0.579797 0.835141
0 0.586094 0.848172 0.586094 0.844391 0.587984 0.839766 0.598688 0.833047 0.608141 0.828844 0.614656 0.826953 0.622000 0.827797 0.630406 0.832625 0.634813 0.835562 0.637328 0.841656 0.636906 0.849219 0.633766 0.855937 0.628516 0.860766 0.619484 0.867281 0.614016 0.868109
0 0.584625 0.912422 0.559422 0.886594 0.555438 0.883031 0.554391 0.878609 0.558578 0.868750 0.568031 0.859078 0.577266 0.853625 0.589656 0.851734 0.597438 0.853828 0.600578 0.855094 0.605406 0.860547 0.608359 0.864328 0.614234 0.868109 0.618844 0.870641 0.623469 0.874828 0.624313 0.879656 0.620531 0.887219 0.613609 0.890578
0 0.583578 0.912844 0.581047 0.917875 0.578750 0.928172 0.573078 0.937203 0.549141 0.935937 0.539687 0.927969 0.534641 0.923125 0.532969 0.918937 0.531703 0.909484 0.537156 0.899188 0.549547 0.890797 0.557328 0.887641
0 0.587984 0.910953 0.587359 0.912000 0.586297 0.921656 0.590078 0.926703 0.594906 0.928172 0.597219 0.931734 0.599953 0.936578 0.616750 0.933422 0.620328 0.931953 0.631031 0.929641 0.638797 0.926906 0.641109 0.922078 0.640906 0.913047 0.638797 0.907172 0.640906 0.901078 0.642797 0.898359 0.641109 0.893516 0.625984 0.887859 0.615703 0.890156 0.610875 0.891422
1 0.690625 0.906250 0.687500 0.904687 0.682813 0.903125 0.676562 0.903125 0.671875 0.904687 0.668750 0.906250 0.665625 0.909375 0.662500 0.915625 0.662500 0.918750 0.664062 0.923438 0.668750 0.928125 0.673438 0.928125 0.682813 0.926562 0.689063 0.920312 0.692187 0.914062
1 0.653125 0.967187 0.646875 0.970313 0.642188 0.975000 0.643750 0.987500 0.650000 0.990625 0.657813 0.990625 0.660937 0.989062 0.664062 0.985938 0.665625 0.985938 0.667188 0.984375 0.668750 0.981250 0.668750 0.973437 0.664062 0.968750 0.660937 0.967187
1 0.654687 0.950000 0.650000 0.945312 0.645312 0.943750 0.642188 0.943750 0.631250 0.945312 0.625000 0.948438 0.625000 0.956250 0.628125 0.959375 0.637500 0.962500 0.645312 0.962500 0.651563 0.959375 0.654687 0.954688
0 0.734375 0.998437 0.732812 0.995313 0.726562 0.995313 0.723437 0.993750 0.720313 0.990625 0.718750 0.985938 0.710938 0.978125 0.704688 0.978125 0.700000 0.981250 0.693750 0.982812 0.685937 0.982812 0.679688 0.984375 0.676562 0.985938 0.675000 0.998437
0 0.784375 0.328125 0.778125 0.328125 0.771875 0.332813 0.768750 0.334375 0.765625 0.334375 0.759375 0.337500 0.759375 0.343750 0.764062 0.348438 0.767188 0.350000 0.771875 0.350000 0.775000 0.348438 0.776563 0.346875 0.776563 0.345313 0.779687 0.342187 0.784375 0.332813