0 0.123438 0.409375 0.117188 0.409375 0.112500 0.410938 0.107813 0.414062 0.103125 0.418750 0.098437 0.426563 0.096875 0.431250 0.096875 0.442188 0.098437 0.445312 0.101562 0.448437 0.107813 0.451562 0.123438 0.451562 0.126562 0.450000 0.131250 0.445312 0.134375 0.440625 0.137500 0.434375 0.137500 0.425000 0.131250 0.418750 0.129688 0.414062 0.126562 0.410938
1 0.145313 0.451562 0.132812 0.451562 0.128125 0.453125 0.121875 0.459375 0.120313 0.462500 0.120313 0.473438 0.121875 0.476562 0.126562 0.481250 0.129688 0.482812 0.139063 0.482812 0.143750 0.481250 0.150000 0.475000 0.151562 0.471875 0.153125 0.467187 0.153125 0.462500 0.151562 0.457813 0.148438 0.453125
1 0.081250 0.429688 0.075000 0.426563 0.065625 0.428125 0.060937 0.429688 0.054688 0.435937 0.053125 0.439063 0.053125 0.445312 0.056250 0.451562 0.059375 0.454688 0.071875 0.454688 0.076563 0.451562 0.081250 0.445312 0.082812 0.442188 0.082812 0.432812
1 0.082812 0.471875 0.070312 0.471875 0.064062 0.475000 0.060937 0.478125 0.059375 0.481250 0.059375 0.489063 0.060937 0.492188 0.064062 0.495312 0.067187 0.496875 0.073438 0.496875 0.085938 0.490625 0.087500 0.489063 0.089063 0.485938 0.089063 0.478125
1 0.092188 0.490625 0.085938 0.490625 0.076563 0.495312 0.070312 0.501563 0.070312 0.509375 0.071875 0.512500 0.075000 0.515625 0.079687 0.517188 0.085938 0.515625 0.089063 0.514062 0.096875 0.506250 0.096875 0.496875 0.095312 0.493750
0 0.014063 0.481250 0.010937 0.481250 0.009375 0.482812 0.004687 0.482812 0.003125 0.484375 0.000000 0.484375 0.001563 0.520312 0.004687 0.521875 0.015625 0.521875 0.021875 0.518750 0.029687 0.510938 0.032813 0.504687 0.032813 0.498437 0.031250 0.493750 0.029687 0.490625 0.026562 0.487500 0.021875 0.484375 0.018750 0.482812
1 0.798438 0.242188 0.796875 0.245312 0.796875 0.254688 0.801562 0.259375 0.806250 0.260937 0.812500 0.262500 0.818750 0.262500 0.825000 0.265625 0.829688 0.264062 0.834375 0.260937 0.840625 0.254688 0.842187 0.251563 0.843750 0.243750 0.843750 0.240625 0.840625 0.237500 0.840625 0.235937 0.839063 0.234375 0.835938 0.232813 0.831250 0.231250 0.815625 0.231250 0.810937 0.232813 0.807813 0.234375 0.803125 0.237500
1 0.835938 0.304688 0.835938 0.309375 0.837500 0.310937 0.837500 0.314063 0.843750 0.317188 0.851562 0.317188 0.860938 0.314063 0.864062 0.312500 0.868750 0.307812 0.868750 0.300000 0.867188 0.296875 0.864062 0.293750 0.846875 0.293750 0.842187 0.295312 0.839063 0.298438
1 0.857812 0.345313 0.862500 0.348438 0.868750 0.356250 0.871875 0.357812 0.878125 0.357812 0.882812 0.356250 0.889062 0.353125 0.890625 0.351562 0.892188 0.348438 0.892188 0.343750 0.890625 0.340625 0.887500 0.337500 0.884375 0.335938 0.878125 0.334375 0.870313 0.335938 0.865625 0.337500
1 0.829688 0.323437 0.826562 0.321875 0.812500 0.321875 0.803125 0.326562 0.798438 0.331250 0.796875 0.334375 0.795312 0.339062 0.795312 0.345313 0.796875 0.348438 0.803125 0.354687 0.806250 0.356250 0.818750 0.356250 0.823438 0.354687 0.831250 0.348438 0.834375 0.343750 0.835938 0.340625 0.835938 0.334375 0.834375 0.329688 0.832812 0.326562
0 0.784375 0.254688 0.779687 0.256250 0.767188 0.262500 0.762500 0.268750 0.759375 0.275000 0.759375 0.289062 0.760938 0.296875 0.762500 0.303125 0.764062 0.306250 0.771875 0.314063 0.775000 0.315625 0.779687 0.317188 0.800000 0.317188 0.806250 0.314063 0.820312 0.304688 0.829688 0.295312 0.832812 0.285938 0.832812 0.282813 0.831250 0.270313 0.829688 0.265625 0.826562 0.262500 0.821875 0.260937 0.814063 0.259375 0.803125 0.259375 0.798438 0.256250 0.792188 0.254688
0 0.881250 0.240625 0.875000 0.242188 0.868750 0.245312 0.864062 0.250000 0.860938 0.256250 0.860938 0.264062 0.859375 0.265625 0.859375 0.271875 0.864062 0.281250 0.867188 0.284375 0.871875 0.287500 0.878125 0.290625 0.882812 0.292187 0.890625 0.292187 0.895312 0.290625 0.903125 0.287500 0.907813 0.284375 0.914062 0.278125 0.920312 0.270313 0.921875 0.267188 0.921875 0.259375 0.920312 0.254688 0.918750 0.251563 0.915625 0.248438 0.906250 0.243750 0.892188 0.240625