0 0.246875 0.559375 0.242188 0.560937 0.239063 0.562500 0.234375 0.567187 0.232813 0.575000 0.229687 0.578125 0.228125 0.578125 0.226562 0.579688 0.225000 0.582812 0.225000 0.596875 0.228125 0.601562 0.235937 0.609375 0.240625 0.621875 0.243750 0.625000 0.250000 0.628125 0.254688 0.628125 0.257812 0.626563 0.259375 0.625000 0.259375 0.623437 0.260937 0.621875 0.264062 0.620313 0.275000 0.620313 0.281250 0.614062 0.282813 0.609375 0.282813 0.590625 0.278125 0.585938 0.278125 0.570312 0.275000 0.565625 0.271875 0.564063 0.267188 0.562500 0.260937 0.562500 0.254688 0.559375
0 0.235937 0.640625 0.229687 0.639062 0.217188 0.639062 0.214062 0.635938 0.204687 0.635938 0.201563 0.637500 0.200000 0.639062 0.187500 0.662500 0.187500 0.667188 0.189062 0.671875 0.192188 0.675000 0.196875 0.676562 0.198437 0.678125 0.200000 0.681250 0.200000 0.684375 0.201563 0.687500 0.204687 0.690625 0.207813 0.692187 0.210938 0.692187 0.214062 0.690625 0.217188 0.687500 0.218750 0.684375 0.220312 0.670312 0.223438 0.670312 0.232813 0.671875 0.239063 0.668750 0.240625 0.665625 0.240625 0.656250 0.239063 0.654687 0.239063 0.643750
0 0.201563 0.575000 0.196875 0.571875 0.192188 0.570312 0.178125 0.570312 0.171875 0.573438 0.164062 0.575000 0.156250 0.575000 0.153125 0.578125 0.153125 0.584375 0.148438 0.589063 0.146875 0.592187 0.146875 0.595313 0.142187 0.600000 0.139063 0.601562 0.135937 0.601562 0.131250 0.606250 0.129688 0.610938 0.129688 0.620313 0.131250 0.623437 0.134375 0.626563 0.137500 0.628125 0.140625 0.628125 0.142187 0.626563 0.148438 0.625000 0.153125 0.625000 0.157812 0.629687 0.157812 0.632812 0.159375 0.635938 0.160938 0.637500 0.164062 0.639062 0.175000 0.639062 0.178125 0.637500 0.181250 0.634375 0.185938 0.632812 0.190625 0.632812 0.193750 0.631250 0.196875 0.628125 0.206250 0.610938 0.206250 0.603125 0.204687 0.587500 0.203125 0.579688 0.201563 0.578125
0 0.160938 0.492188 0.157812 0.493750 0.151562 0.500000 0.150000 0.503125 0.146875 0.515625 0.146875 0.539062 0.148438 0.546875 0.153125 0.551562 0.154688 0.551562 0.160938 0.557813 0.165625 0.559375 0.173437 0.559375 0.176563 0.557813 0.178125 0.556250 0.178125 0.554688 0.181250 0.551562 0.192188 0.550000 0.200000 0.542188 0.201563 0.539062 0.201563 0.523438 0.198437 0.517188 0.198437 0.506250 0.192188 0.500000 0.189062 0.498437 0.181250 0.500000 0.171875 0.492188
0 0.143750 0.514062 0.139063 0.512500 0.137500 0.514062 0.132812 0.514062 0.126562 0.509375 0.123438 0.507812 0.117188 0.507812 0.114062 0.509375 0.109375 0.514062 0.101562 0.517188 0.093750 0.525000 0.090625 0.531250 0.093750 0.535937 0.093750 0.540625 0.090625 0.543750 0.090625 0.554688 0.092188 0.557813 0.096875 0.562500 0.103125 0.567187 0.106250 0.567187 0.109375 0.568750 0.128125 0.567187 0.132812 0.565625 0.135937 0.564063 0.143750 0.556250 0.146875 0.551562 0.146875 0.532813 0.145313 0.517188
0 0.107813 0.085938 0.101562 0.089063 0.100000 0.090625 0.093750 0.098437 0.092188 0.103125 0.087500 0.107813 0.085938 0.110937 0.089063 0.126562 0.092188 0.132812 0.103125 0.132812 0.106250 0.134375 0.109375 0.137500 0.110937 0.145313 0.115625 0.153125 0.121875 0.156250 0.129688 0.156250 0.132812 0.153125 0.139063 0.145313 0.142187 0.140625 0.143750 0.137500 0.143750 0.121875 0.139063 0.114062 0.137500 0.107813 0.137500 0.101562 0.134375 0.095312 0.128125 0.090625 0.125000 0.089063 0.115625 0.085938
0 0.184375 0.017188 0.181250 0.017188 0.175000 0.020313 0.164062 0.026562 0.153125 0.037500 0.148438 0.043750 0.148438 0.050000 0.150000 0.070312 0.153125 0.073438 0.157812 0.076563 0.165625 0.079687 0.173437 0.087500 0.187500 0.087500 0.190625 0.084375 0.192188 0.081250 0.192188 0.078125 0.195312 0.071875 0.196875 0.070312 0.207813 0.062500 0.210938 0.059375 0.210938 0.050000 0.209375 0.043750 0.203125 0.037500 0.201563 0.037500 0.196875 0.032813 0.196875 0.029687 0.195312 0.026562 0.187500 0.018750
0 0.203125 0.000000 0.203125 0.012500 0.200000 0.015625 0.200000 0.026562 0.201563 0.032813 0.217188 0.048438 0.225000 0.053125 0.228125 0.054688 0.231250 0.054688 0.234375 0.053125 0.235937 0.051562 0.235937 0.050000 0.239063 0.046875 0.240625 0.042188 0.246875 0.037500 0.250000 0.034375 0.250000 0.031250 0.253125 0.028125 0.257812 0.026562 0.260937 0.023438 0.260937 0.018750 0.257812 0.012500 0.251563 0.003125 0.248438 0.000000
0 0.114062 0.000000 0.115625 0.003125 0.118750 0.007812 0.120313 0.017188 0.120313 0.028125 0.121875 0.034375 0.123438 0.037500 0.126562 0.040625 0.142187 0.040625 0.145313 0.035937 0.151562 0.035937 0.159375 0.028125 0.165625 0.025000 0.167187 0.020313 0.175000 0.012500 0.176563 0.009375 0.176563 0.003125 0.175000 0.000000
0 0.110937 0.001563 0.107813 0.001563 0.103125 0.003125 0.098437 0.006250 0.092188 0.012500 0.090625 0.015625 0.092188 0.040625 0.100000 0.042188 0.104688 0.046875 0.104688 0.045312 0.107813 0.040625 0.118750 0.029687 0.118750 0.026562 0.120313 0.023438 0.118750 0.014063 0.117188 0.009375 0.114062 0.004687
1 0.145313 0.260937 0.143750 0.278125 0.148438 0.282813 0.156250 0.282813 0.157812 0.279687 0.159375 0.275000 0.159375 0.271875 0.157812 0.270313 0.157812 0.265625 0.154688 0.262500 0.150000 0.259375 0.146875 0.260937
1 0.150000 0.246875 0.148438 0.250000 0.150000 0.262500 0.153125 0.264062 0.160938 0.264062 0.164062 0.260937 0.164062 0.248438 0.160938 0.245312
1 0.179688 0.259375 0.175000 0.264062 0.176563 0.279687 0.182812 0.282813 0.187500 0.282813 0.190625 0.281250 0.192188 0.278125 0.192188 0.265625 0.190625 0.262500 0.189062 0.260937 0.185938 0.259375
1 0.206250 0.243750 0.203125 0.245312 0.201563 0.248438 0.201563 0.257812 0.207813 0.264062 0.214062 0.264062 0.218750 0.259375 0.220312 0.256250 0.221875 0.251563 0.217188 0.245312
1 0.170313 0.295312 0.167187 0.298438 0.167187 0.307812 0.168750 0.310937 0.171875 0.314063 0.182812 0.312500 0.184375 0.309375 0.184375 0.303125 0.181250 0.296875 0.178125 0.295312
1 0.212500 0.307812 0.206250 0.310937 0.204687 0.314063 0.204687 0.318750 0.207813 0.326562 0.210938 0.328125 0.215625 0.328125 0.220312 0.325000 0.223438 0.321875 0.225000 0.317188 0.221875 0.310937 0.215625 0.307812
0 0.507812 0.268750 0.496875 0.270313 0.495312 0.275000 0.492188 0.278125 0.489063 0.279687 0.484375 0.279687 0.482812 0.278125 0.479687 0.278125 0.478125 0.279687 0.471875 0.281250 0.470313 0.284375 0.470313 0.292187 0.471875 0.307812 0.476562 0.317188 0.481250 0.323437 0.485938 0.328125 0.495312 0.331250 0.504687 0.331250 0.507812 0.329688 0.515625 0.323437 0.517188 0.321875 0.518750 0.318750 0.518750 0.304688 0.520312 0.298438 0.521875 0.296875 0.521875 0.293750 0.520312 0.290625 0.515625 0.285938 0.514062 0.282813 0.514062 0.278125 0.510938 0.271875
0 0.585938 0.242188 0.576562 0.242188 0.573438 0.243750 0.567187 0.250000 0.562500 0.253125 0.556250 0.253125 0.551562 0.254688 0.548438 0.257812 0.546875 0.262500 0.548438 0.273438 0.543750 0.282813 0.543750 0.292187 0.546875 0.298438 0.548438 0.300000 0.551562 0.301563 0.557813 0.301563 0.562500 0.303125 0.565625 0.306250 0.568750 0.307812 0.575000 0.307812 0.579688 0.306250 0.585938 0.303125 0.595313 0.293750 0.596875 0.287500 0.600000 0.284375 0.601562 0.281250 0.601562 0.276562 0.598437 0.270313 0.601562 0.264062 0.601562 0.260937 0.600000 0.259375 0.600000 0.254688 0.596875 0.248438 0.592187 0.246875 0.589063 0.243750
0 0.501563 0.204687 0.498437 0.207813 0.496875 0.210938 0.496875 0.215625 0.495312 0.218750 0.490625 0.223438 0.489063 0.228125 0.489063 0.234375 0.490625 0.251563 0.492188 0.257812 0.495312 0.264062 0.504687 0.264062 0.507812 0.265625 0.514062 0.270313 0.517188 0.271875 0.525000 0.271875 0.528125 0.270313 0.532813 0.265625 0.532813 0.262500 0.534375 0.259375 0.539062 0.254688 0.540625 0.250000 0.545312 0.245312 0.545312 0.229687 0.542188 0.223438 0.537500 0.218750 0.537500 0.217188 0.534375 0.214062 0.528125 0.210938 0.514062 0.206250 0.507812 0.204687
0 0.537500 0.173437 0.535937 0.176563 0.534375 0.185938 0.528125 0.190625 0.526563 0.192188 0.525000 0.195312 0.525000 0.198437 0.526563 0.203125 0.528125 0.206250 0.531250 0.207813 0.539062 0.210938 0.540625 0.214062 0.540625 0.217188 0.545312 0.221875 0.551562 0.225000 0.560937 0.225000 0.567187 0.220312 0.571875 0.220312 0.578125 0.217188 0.579688 0.214062 0.579688 0.204687 0.575000 0.201563 0.573438 0.193750 0.571875 0.190625 0.567187 0.185938 0.565625 0.181250 0.564063 0.178125 0.562500 0.176563 0.559375 0.175000 0.554688 0.175000 0.550000 0.171875
0 0.531250 0.140625 0.528125 0.139063 0.523438 0.139063 0.520312 0.142187 0.515625 0.143750 0.510938 0.140625 0.498437 0.140625 0.489063 0.145313 0.484375 0.150000 0.484375 0.160938 0.482812 0.164062 0.479687 0.167187 0.481250 0.179688 0.485938 0.181250 0.490625 0.181250 0.493750 0.184375 0.496875 0.185938 0.504687 0.187500 0.509375 0.185938 0.531250 0.165625 0.534375 0.162500 0.535937 0.159375 0.535937 0.150000 0.534375 0.145313
0 0.464062 0.195312 0.460938 0.195312 0.456250 0.196875 0.453125 0.198437 0.445312 0.204687 0.440625 0.206250 0.435937 0.206250 0.431250 0.209375 0.428125 0.212500 0.425000 0.218750 0.425000 0.229687 0.428125 0.235937 0.431250 0.239063 0.432812 0.239063 0.437500 0.243750 0.437500 0.246875 0.434375 0.251563 0.434375 0.254688 0.437500 0.257812 0.446875 0.257812 0.450000 0.256250 0.460938 0.246875 0.464062 0.243750 0.465625 0.234375 0.467187 0.229687 0.468750 0.226562 0.473438 0.220312 0.475000 0.217188 0.475000 0.207813 0.471875 0.203125
0 0.837500 0.543750 0.835938 0.548438 0.832812 0.554688 0.831250 0.556250 0.828125 0.557813 0.823438 0.559375 0.818750 0.564063 0.818750 0.571875 0.823438 0.576562 0.823438 0.584375 0.825000 0.587500 0.831250 0.595313 0.831250 0.596875 0.832812 0.598437 0.835938 0.600000 0.842187 0.600000 0.845313 0.598437 0.848437 0.590625 0.850000 0.589063 0.853125 0.587500 0.860938 0.596875 0.864062 0.598437 0.871875 0.596875 0.873437 0.585938 0.873437 0.560937 0.871875 0.557813 0.868750 0.554688 0.864062 0.553125 0.854688 0.543750 0.851562 0.542188 0.840625 0.542188
0 0.804688 0.475000 0.801562 0.476562 0.798438 0.479687 0.796875 0.482812 0.796875 0.489063 0.798438 0.518750 0.801562 0.525000 0.804688 0.526563 0.817187 0.525000 0.825000 0.532813 0.828125 0.532813 0.831250 0.531250 0.843750 0.517188 0.845313 0.514062 0.845313 0.503125 0.843750 0.485938 0.842187 0.479687 0.840625 0.476562 0.839063 0.475000 0.835938 0.473438 0.831250 0.471875 0.818750 0.471875 0.812500 0.475000
0 0.875000 0.443750 0.868750 0.442188 0.859375 0.442188 0.850000 0.445312 0.840625 0.454688 0.839063 0.457813 0.839063 0.462500 0.837500 0.464062 0.837500 0.467187 0.839063 0.470313 0.842187 0.473438 0.843750 0.476562 0.843750 0.485938 0.845313 0.493750 0.846875 0.496875 0.853125 0.500000 0.862500 0.500000 0.865625 0.498437 0.871875 0.492188 0.876563 0.489063 0.878125 0.489063 0.879687 0.487500 0.882812 0.482812 0.882812 0.481250 0.885938 0.478125 0.889062 0.476562 0.890625 0.475000 0.890625 0.473438 0.893750 0.470313 0.893750 0.462500 0.890625 0.459375 0.889062 0.459375 0.884375 0.454688 0.882812 0.450000 0.878125 0.445312
0 0.907813 0.475000 0.903125 0.475000 0.900000 0.476562 0.893750 0.482812 0.893750 0.484375 0.889062 0.489063 0.884375 0.490625 0.882812 0.495312 0.879687 0.500000 0.876563 0.509375 0.876563 0.514062 0.885938 0.531250 0.895312 0.540625 0.898438 0.542188 0.903125 0.542188 0.906250 0.540625 0.912500 0.534375 0.923438 0.534375 0.926562 0.532813 0.928125 0.531250 0.929688 0.528125 0.929688 0.517188 0.937500 0.503125 0.937500 0.498437 0.935937 0.493750 0.934375 0.490625 0.932813 0.489063 0.929688 0.487500 0.918750 0.484375 0.915625 0.482812 0.912500 0.479687 0.912500 0.478125 0.910937 0.476562
0 0.896875 0.415625 0.896875 0.423438 0.900000 0.445312 0.906250 0.450000 0.907813 0.454688 0.909375 0.456250 0.912500 0.457813 0.915625 0.457813 0.918750 0.456250 0.925000 0.451562 0.942187 0.451562 0.942187 0.446875 0.940625 0.437500 0.943750 0.432812 0.942187 0.426563 0.935937 0.423438 0.931250 0.423438 0.928125 0.420312 0.926562 0.414062 0.925000 0.410938 0.923438 0.409375 0.920312 0.407813 0.917188 0.407813 0.909375 0.412500 0.903125 0.410938 0.900000 0.412500
0 0.834375 0.393750 0.831250 0.395313 0.818750 0.407813 0.815625 0.409375 0.809375 0.410938 0.804688 0.414062 0.806250 0.421875 0.806250 0.425000 0.804688 0.426563 0.806250 0.431250 0.832812 0.431250 0.835938 0.432812 0.840625 0.439063 0.843750 0.440625 0.845313 0.443750 0.845313 0.440625 0.842187 0.437500 0.840625 0.432812 0.840625 0.428125 0.843750 0.425000 0.843750 0.423438 0.845313 0.421875 0.848437 0.420312 0.853125 0.420312 0.856250 0.418750 0.860938 0.414062 0.860938 0.407813 0.859375 0.406250 0.859375 0.403125 0.856250 0.401562 0.848437 0.401562 0.842187 0.395313 0.837500 0.393750
0 0.748437 0.207813 0.751563 0.209375 0.756250 0.210938 0.760938 0.215625 0.760938 0.218750 0.762500 0.221875 0.765625 0.223438 0.775000 0.225000 0.785937 0.225000 0.789062 0.228125 0.789062 0.231250 0.792188 0.231250 0.793750 0.232813 0.800000 0.232813 0.801562 0.234375 0.806250 0.234375 0.809375 0.231250 0.809375 0.223438 0.807813 0.218750 0.803125 0.214062 0.787500 0.201563 0.784375 0.198437 0.784375 0.196875 0.781250 0.193750 0.778125 0.192188 0.760938 0.193750 0.750000 0.204687
0 0.826562 0.204687 0.823438 0.210938 0.821875 0.218750 0.825000 0.225000 0.828125 0.226562 0.831250 0.226562 0.834375 0.229687 0.834375 0.239063 0.837500 0.246875 0.842187 0.246875 0.848437 0.240625 0.853125 0.237500 0.867188 0.239063 0.867188 0.245312 0.868750 0.246875 0.873437 0.253125 0.876563 0.253125 0.879687 0.251563 0.881250 0.248438 0.882812 0.243750 0.882812 0.235937 0.879687 0.229687 0.879687 0.218750 0.878125 0.215625 0.867188 0.215625 0.857812 0.206250 0.851562 0.204687 0.845313 0.200000 0.840625 0.198437 0.835938 0.198437 0.829688 0.201563
0 0.882672 0.224328 0.882672 0.232141 0.881109 0.238391 0.884234 0.252453 0.885797 0.257141 0.888922 0.263391 0.904547 0.261828 0.910797 0.254016 0.913922 0.254016 0.917047 0.252453 0.940484 0.252453 0.940484 0.227453 0.938922 0.222766 0.937359 0.219641 0.935797 0.218078 0.929547 0.214953 0.913922 0.211828 0.902984 0.211828 0.899859 0.214953 0.898297 0.219641 0.895172 0.221203 0.888922 0.221203
0 0.998437 0.178125 0.981250 0.178125 0.975000 0.179688 0.965625 0.189062 0.964063 0.192188 0.960938 0.201563 0.959375 0.207813 0.959375 0.225000 0.962500 0.231250 0.964063 0.235937 0.967187 0.239063 0.971875 0.239063 0.976562 0.234375 0.992188 0.234375 0.998437 0.231250
0 0.834375 0.051562 0.828125 0.051562 0.825000 0.053125 0.820312 0.057813 0.815625 0.059375 0.812500 0.060937 0.810937 0.062500 0.804688 0.073438 0.803125 0.076563 0.801562 0.082812 0.801562 0.087500 0.806250 0.100000 0.807813 0.103125 0.809375 0.104688 0.812500 0.106250 0.812500 0.107813 0.815625 0.110937 0.817187 0.117188 0.818750 0.121875 0.828125 0.121875 0.831250 0.120313 0.834375 0.117188 0.842187 0.117188 0.848437 0.114062 0.850000 0.112500 0.851562 0.109375 0.853125 0.104688 0.854688 0.093750 0.856250 0.090625 0.860938 0.085938 0.862500 0.082812 0.862500 0.078125 0.859375 0.071875 0.857812 0.070312 0.853125 0.068750 0.851562 0.067187 0.850000 0.062500 0.848437 0.060937 0.846875 0.060937 0.843750 0.057813 0.842187 0.057813 0.840625 0.054688
0 0.909375 0.045312 0.896875 0.043750 0.892188 0.043750 0.887500 0.046875 0.881250 0.046875 0.879687 0.048438 0.876563 0.048438 0.875000 0.051562 0.875000 0.054688 0.871875 0.057813 0.865625 0.059375 0.864062 0.062500 0.864062 0.070312 0.865625 0.075000 0.867188 0.078125 0.871875 0.084375 0.873437 0.087500 0.875000 0.095312 0.876563 0.098437 0.878125 0.100000 0.881250 0.101562 0.889062 0.101562 0.892188 0.096875 0.900000 0.095312 0.910937 0.096875 0.914062 0.095312 0.915625 0.093750 0.917188 0.090625 0.917188 0.087500 0.915625 0.085938 0.915625 0.082812 0.920312 0.078125 0.921875 0.075000 0.923438 0.070312 0.921875 0.060937 0.918750 0.054688
0 0.923438 0.000000 0.921875 0.003125 0.921875 0.006250 0.918750 0.009375 0.917188 0.009375 0.914062 0.012500 0.914062 0.014063 0.910937 0.017188 0.912500 0.020313 0.915625 0.025000 0.915625 0.031250 0.920312 0.040625 0.920312 0.048438 0.925000 0.056250 0.926562 0.067187 0.929688 0.070312 0.935937 0.070312 0.939063 0.071875 0.942187 0.075000 0.954688 0.079687 0.962500 0.079687 0.965625 0.078125 0.965625 0.075000 0.964063 0.073438 0.964063 0.068750 0.965625 0.064062 0.971875 0.057813 0.973437 0.057813 0.978125 0.053125 0.979688 0.050000 0.981250 0.045312 0.981250 0.040625 0.979688 0.037500 0.976562 0.032813 0.970313 0.026562 0.968750 0.023438 0.973437 0.010937 0.978125 0.003125 0.978125 0.000000
0 0.884375 0.007812 0.881250 0.010937 0.879687 0.014063 0.879687 0.026562 0.878125 0.029687 0.873437 0.035937 0.875000 0.045312 0.876563 0.048438 0.881250 0.048438 0.882812 0.050000 0.890625 0.051562 0.900000 0.051562 0.901563 0.050000 0.910937 0.051562 0.912500 0.039062 0.912500 0.032813 0.910937 0.025000 0.909375 0.018750 0.907813 0.015625 0.900000 0.007812 0.895312 0.006250 0.887500 0.006250
0 0.989062 0.134375 0.982812 0.137500 0.979688 0.145313 0.978125 0.151562 0.978125 0.162500 0.979688 0.165625 0.981250 0.167187 0.984375 0.168750 0.995313 0.170313 0.998437 0.170313 0.998437 0.135937 0.992188 0.134375
0 0.916094 0.189141 0.913031 0.192062 0.908375 0.194687 0.902250 0.200953 0.900500 0.207516 0.900203 0.211016 0.902688 0.215531 0.911141 0.218750 0.927328 0.218594 0.933594 0.218750 0.935203 0.220203 0.940156 0.220062 0.947313 0.218750 0.958234 0.215391 0.963781 0.207219 0.964656 0.201250 0.962766 0.197156 0.961891 0.194250 0.958531 0.191766 0.946438 0.192641 0.943078 0.192062 0.943516 0.186812 0.934469 0.189875 0.932719 0.190891 0.931125 0.191188
0 0.908375 0.161141 0.908219 0.159250 0.906625 0.153844 0.905453 0.143781 0.906031 0.136641 0.915375 0.136203 0.918875 0.135906 0.919453 0.133875 0.922375 0.122063 0.922953 0.120750 0.934906 0.118266 0.938562 0.118844 0.945703 0.120453 0.945844 0.120453 0.956344 0.122063 0.963047 0.126875 0.965391 0.130516 0.965969 0.133578 0.965094 0.137656 0.959109 0.143344 0.953000 0.151656 0.949344 0.156906 0.947750 0.163469 0.947750 0.164781 0.952562 0.170031 0.956344 0.171344 0.962609 0.172953 0.964516 0.175875 0.965969 0.179812 0.965969 0.185344 0.963344 0.189875 0.953578 0.191188 0.942937 0.192203 0.938406 0.193219 0.928344 0.197750 0.921203 0.196141 0.915813 0.190016 0.913469 0.184469 0.911719 0.177625 0.907344 0.175000
0 0.965672 0.136641 0.962031 0.139703 0.956938 0.143344 0.951969 0.149328 0.950375 0.153844 0.952406 0.157641 0.955328 0.162156 0.957656 0.166094 0.958531 0.167125 0.964656 0.165656 0.969172 0.163766 0.975891 0.157781 0.978656 0.152828 0.978953 0.146844 0.978656 0.139844 0.974719 0.137375
0 0.902250 0.149469 0.897578 0.151516 0.892328 0.152828 0.877750 0.157641 0.867391 0.163031 0.859656 0.167266 0.849016 0.175719 0.847266 0.183750 0.846969 0.188406 0.847703 0.193516 0.852375 0.193812 0.855875 0.193078 0.858344 0.195563 0.859812 0.200656 0.860828 0.204156 0.863891 0.204891 0.867094 0.204891 0.872500 0.203281 0.872781 0.203281 0.876719 0.207656 0.884750 0.205766 0.886344 0.203719 0.888391 0.201688 0.890281 0.200656 0.901953 0.204453 0.906625 0.201391 0.908813 0.199781 0.913328 0.195266 0.914937 0.194094 0.912312 0.188844 0.908656 0.180969 0.906469 0.173828 0.905156 0.168141 0.904578 0.163906
0 0.849594 0.161437 0.850187 0.159250 0.855438 0.143500 0.856594 0.137813 0.857469 0.122641 0.858641 0.115781 0.860828 0.110828 0.865781 0.105281 0.867531 0.107328 0.869000 0.108062 0.873516 0.107766 0.878328 0.107625 0.878328 0.107766 0.880219 0.107906 0.890281 0.113594 0.896266 0.117969 0.900062 0.120594 0.904281 0.126578 0.905750 0.130516 0.904000 0.140281 0.903703 0.143203 0.903844 0.147875 0.903844 0.152688 0.902828 0.156031 0.900781 0.158953 0.897000 0.157344 0.891750 0.161719 0.888531 0.157500 0.882406 0.161281 0.881094 0.160844 0.875266 0.164641 0.872500 0.163625 0.870313 0.164781 0.866812 0.164344 0.863594 0.164781 0.860828 0.163469 0.857469 0.164203 0.856156 0.165078
0 0.849453 0.163906 0.844641 0.167266 0.842156 0.168141 0.836328 0.167563 0.832391 0.165219 0.827281 0.160406 0.825250 0.157781 0.823344 0.156187 0.817516 0.155453 0.811531 0.152688 0.806281 0.149031 0.803656 0.139844 0.803078 0.131828 0.803375 0.129344 0.805844 0.127594 0.807750 0.126438 0.814156 0.123078 0.819844 0.118406 0.821594 0.109813 0.821750 0.107469 0.829625 0.105000 0.839250 0.104844 0.845516 0.105875 0.847266 0.107031 0.848719 0.109375 0.851500 0.110828 0.853094 0.110094 0.854266 0.110969
0 0.732812 0.151562 0.729688 0.153125 0.725000 0.157812 0.725000 0.165625 0.729688 0.170313 0.729688 0.178125 0.731250 0.182812 0.732812 0.185938 0.735938 0.189062 0.737500 0.192188 0.739062 0.201563 0.750000 0.201563 0.753125 0.198437 0.756250 0.192188 0.754687 0.170313 0.754687 0.159375 0.753125 0.156250 0.746875 0.150000 0.739062 0.150000
0 0.767188 0.084375 0.764062 0.085938 0.757812 0.090625 0.754687 0.095312 0.753125 0.095312 0.750000 0.098437 0.750000 0.104688 0.753125 0.110937 0.754687 0.117188 0.757812 0.137500 0.759375 0.142187 0.762500 0.148438 0.767188 0.153125 0.770312 0.154688 0.782813 0.156250 0.787500 0.156250 0.792188 0.151562 0.793750 0.148438 0.793750 0.143750 0.795312 0.139063 0.801562 0.134375 0.803125 0.131250 0.801562 0.115625 0.801562 0.110937 0.803125 0.100000 0.798438 0.089063 0.793750 0.084375 0.787500 0.084375 0.782813 0.089063 0.779687 0.089063 0.773438 0.084375
0 0.740625 0.101562 0.737500 0.103125 0.731250 0.109375 0.726562 0.112500 0.725000 0.112500 0.723437 0.114062 0.723437 0.115625 0.720313 0.118750 0.720313 0.123438 0.715625 0.131250 0.714063 0.135937 0.714063 0.140625 0.715625 0.145313 0.718750 0.148438 0.721875 0.150000 0.728125 0.150000 0.729688 0.151562 0.734375 0.151562 0.746875 0.150000 0.756250 0.146875 0.756250 0.139063 0.751563 0.126562 0.751563 0.117188 0.750000 0.112500 0.748437 0.109375 0.743750 0.103125
0 0.735938 0.025000 0.731250 0.026562 0.728125 0.028125 0.725000 0.031250 0.723437 0.034375 0.723437 0.048438 0.720313 0.051562 0.720313 0.056250 0.715625 0.064062 0.717187 0.092188 0.721875 0.093750 0.723437 0.095312 0.726562 0.103125 0.729688 0.103125 0.734375 0.101562 0.737500 0.100000 0.748437 0.089063 0.753125 0.087500 0.756250 0.085938 0.757812 0.084375 0.759375 0.081250 0.759375 0.064062 0.754687 0.051562 0.751563 0.048438 0.751563 0.039062 0.746875 0.031250 0.742188 0.026562
0 0.792188 0.004687 0.781250 0.004687 0.778125 0.007812 0.767188 0.009375 0.764062 0.010937 0.756250 0.018750 0.751563 0.018750 0.750000 0.020313 0.746875 0.020313 0.745313 0.025000 0.740625 0.028125 0.745313 0.032813 0.750000 0.040625 0.750000 0.050000 0.754687 0.062500 0.756250 0.065625 0.760938 0.068750 0.770312 0.060937 0.779687 0.059375 0.782813 0.056250 0.793750 0.056250 0.796875 0.054688 0.800000 0.051562 0.801562 0.048438 0.800297 0.044016 0.800547 0.040000 0.800797 0.036016 0.797656 0.027328 0.797547 0.024969 0.795125 0.021406 0.792891 0.017125 0.793750 0.010937 0.793750 0.007812
0 0.796875 0.000000 0.795312 0.003125 0.793750 0.017188 0.798438 0.021875 0.800000 0.025000 0.801562 0.031250 0.801562 0.045312 0.806250 0.048438 0.810937 0.043750 0.814063 0.037500 0.815625 0.031250 0.815625 0.023438 0.818750 0.015625 0.818750 0.009375 0.817187 0.006250 0.814063 0.003125 0.814063 0.001563
0 0.985938 0.101562 0.985938 0.110937 0.984375 0.125000 0.989062 0.131250 0.989062 0.132812 0.990625 0.135937 0.998437 0.137500 0.998437 0.100000 0.993750 0.100000 0.990625 0.103125
0 0.998437 0.031250 0.993750 0.035937 0.993750 0.037500 0.985938 0.045312 0.984375 0.048438 0.982812 0.054688 0.981250 0.071875 0.981250 0.087500 0.982812 0.092188 0.985938 0.095312 0.990625 0.093750 0.993750 0.095312 0.998437 0.095312
0 0.856250 0.037500 0.853125 0.039062 0.850000 0.039062 0.842187 0.046875 0.840625 0.050000 0.840625 0.054688 0.843750 0.059375 0.848437 0.062500 0.851562 0.064062 0.854688 0.064062 0.867188 0.051562 0.867188 0.046875 0.859375 0.039062
0 0.223438 0.479687 0.220312 0.479687 0.214062 0.485938 0.212500 0.489063 0.209375 0.501563 0.207813 0.504687 0.210938 0.510938 0.217188 0.512500 0.220312 0.510938 0.223438 0.507812 0.225000 0.507812 0.226562 0.506250 0.226562 0.504687 0.229687 0.501563 0.231250 0.498437 0.231250 0.484375 0.228125 0.481250