0 0.220312 0.028125 0.217188 0.025000 0.207813 0.025000 0.203125 0.026562 0.200000 0.028125 0.187500 0.037500 0.176563 0.042188 0.171875 0.046875 0.171875 0.054688 0.175000 0.060937 0.175000 0.068750 0.170313 0.073438 0.165625 0.075000 0.167187 0.078125 0.168750 0.078125 0.171875 0.081250 0.178125 0.084375 0.185938 0.087500 0.192188 0.085938 0.198437 0.076563 0.207813 0.068750 0.210938 0.065625 0.214062 0.060937 0.215625 0.057813 0.217188 0.053125 0.217188 0.048438 0.220312 0.043750
0 0.270313 0.048438 0.246875 0.046875 0.240625 0.040625 0.220312 0.042188 0.220312 0.043750 0.217188 0.046875 0.215625 0.051562 0.215625 0.057813 0.209375 0.067187 0.198437 0.078125 0.192188 0.087500 0.195312 0.093750 0.200000 0.098437 0.206250 0.101562 0.210938 0.103125 0.217188 0.103125 0.223438 0.098437 0.228125 0.093750 0.228125 0.092188 0.231250 0.089063 0.234375 0.087500 0.239063 0.087500 0.246875 0.082812 0.259375 0.079687 0.262500 0.078125 0.267188 0.075000 0.270313 0.071875 0.271875 0.068750 0.273438 0.064062 0.273438 0.054688
0 0.354687 0.104688 0.354687 0.110937 0.356250 0.114062 0.367188 0.125000 0.367188 0.128125 0.368750 0.131250 0.371875 0.134375 0.373437 0.134375 0.378125 0.139063 0.382812 0.140625 0.401562 0.140625 0.410938 0.137500 0.415625 0.134375 0.420312 0.129688 0.421875 0.129688 0.425000 0.126562 0.431250 0.118750 0.429688 0.115625 0.417187 0.112500 0.418750 0.101562 0.417187 0.096875 0.414062 0.093750 0.403125 0.089063 0.385937 0.089063 0.382812 0.090625 0.378125 0.095312 0.375000 0.096875 0.367188 0.096875 0.362500 0.098437 0.359375 0.100000
0 0.310937 0.109375 0.307812 0.110937 0.304688 0.114062 0.301563 0.120313 0.295312 0.126562 0.293750 0.129688 0.292187 0.135937 0.292187 0.142187 0.295312 0.148438 0.295312 0.151562 0.292187 0.157812 0.292187 0.168750 0.293750 0.173437 0.295312 0.176563 0.296875 0.178125 0.300000 0.179688 0.306250 0.181250 0.315625 0.182812 0.315625 0.184375 0.317188 0.185938 0.318750 0.185938 0.321875 0.189062 0.332813 0.189062 0.343750 0.182812 0.357812 0.168750 0.365625 0.165625 0.373437 0.157812 0.375000 0.153125 0.375000 0.148438 0.373437 0.145313 0.364063 0.137500 0.360938 0.134375 0.360938 0.125000 0.356250 0.115625 0.353125 0.112500 0.348438 0.110937 0.343750 0.110937 0.342187 0.112500 0.334375 0.114062 0.325000 0.114062 0.317188 0.109375
0 0.250000 0.168750 0.245312 0.171875 0.234375 0.178125 0.228125 0.182812 0.221875 0.189062 0.220312 0.192188 0.220312 0.204687 0.223438 0.212500 0.223438 0.221875 0.225000 0.226562 0.228125 0.232813 0.231250 0.234375 0.235937 0.234375 0.240625 0.232813 0.243750 0.231250 0.250000 0.237500 0.256250 0.240625 0.273438 0.240625 0.276562 0.239063 0.285938 0.228125 0.295312 0.221875 0.298438 0.212500 0.298438 0.200000 0.295312 0.193750 0.290625 0.189062 0.279687 0.189062 0.276562 0.185938 0.278125 0.176563 0.276562 0.171875 0.271875 0.168750 0.268750 0.167187 0.256250 0.167187
0 0.393750 0.243750 0.389062 0.239063 0.379688 0.235937 0.368750 0.234375 0.359375 0.234375 0.353125 0.235937 0.346875 0.239063 0.340625 0.245312 0.329688 0.251563 0.323437 0.253125 0.320312 0.256250 0.315625 0.267188 0.314063 0.271875 0.315625 0.284375 0.318750 0.284375 0.323437 0.282813 0.328125 0.279687 0.332813 0.279687 0.335938 0.282813 0.335938 0.284375 0.337500 0.285938 0.343750 0.285938 0.351562 0.284375 0.359375 0.281250 0.368750 0.271875 0.370312 0.265625 0.375000 0.260937 0.384375 0.260937 0.387500 0.259375 0.393750 0.253125
0 0.185938 0.214062 0.179688 0.218750 0.173437 0.225000 0.171875 0.231250 0.171875 0.237500 0.164062 0.245312 0.164062 0.254688 0.167187 0.257812 0.167187 0.259375 0.168750 0.260937 0.175000 0.265625 0.179688 0.267188 0.182812 0.270313 0.184375 0.275000 0.189062 0.279687 0.193750 0.279687 0.206250 0.276562 0.215625 0.273438 0.218750 0.271875 0.221875 0.268750 0.223438 0.265625 0.223438 0.256250 0.220312 0.245312 0.220312 0.242188 0.221875 0.228125 0.218750 0.225000 0.214062 0.223438 0.209375 0.223438 0.204687 0.217188 0.198437 0.214062
0 0.235937 0.279687 0.232813 0.279687 0.228125 0.273438 0.225000 0.271875 0.218750 0.271875 0.214062 0.273438 0.209375 0.276562 0.204687 0.276562 0.192188 0.281250 0.176563 0.292187 0.175000 0.295312 0.173437 0.300000 0.173437 0.306250 0.175000 0.309375 0.178125 0.312500 0.179688 0.317188 0.181250 0.318750 0.182812 0.318750 0.185938 0.321875 0.195312 0.325000 0.204687 0.325000 0.214062 0.320312 0.215625 0.318750 0.228125 0.303125 0.237500 0.290625 0.239063 0.285938
0 0.121875 0.139063 0.120313 0.139063 0.117188 0.135937 0.109375 0.135937 0.106250 0.137500 0.103125 0.140625 0.087500 0.140625 0.082812 0.142187 0.076563 0.145313 0.067187 0.154688 0.065625 0.157812 0.064062 0.167187 0.059375 0.171875 0.059375 0.175000 0.057813 0.178125 0.059375 0.185938 0.068750 0.195312 0.081250 0.200000 0.085938 0.200000 0.092188 0.198437 0.098437 0.195312 0.106250 0.189062 0.109375 0.187500 0.114062 0.187500 0.118750 0.182812 0.123438 0.175000 0.126562 0.167187 0.126562 0.146875 0.123438 0.140625
0 0.142187 0.167187 0.135937 0.167187 0.129688 0.168750 0.126562 0.170313 0.125000 0.171875 0.120313 0.181250 0.120313 0.189062 0.118750 0.192188 0.115625 0.195312 0.110937 0.198437 0.109375 0.198437 0.107813 0.200000 0.106250 0.203125 0.106250 0.209375 0.107813 0.215625 0.112500 0.223438 0.112500 0.228125 0.114062 0.231250 0.117188 0.234375 0.123438 0.234375 0.131250 0.232813 0.140625 0.229687 0.150000 0.225000 0.154688 0.221875 0.159375 0.217188 0.160938 0.212500 0.162500 0.204687 0.160938 0.201563 0.156250 0.196875 0.154688 0.190625 0.153125 0.181250 0.151562 0.176563 0.146875 0.170313 0.145313 0.168750
0 0.167187 0.148438 0.153125 0.165625 0.153125 0.176563 0.156250 0.181250 0.157812 0.190625 0.159375 0.195312 0.162500 0.201563 0.176563 0.203125 0.182812 0.200000 0.189062 0.200000 0.192188 0.203125 0.198437 0.203125 0.203125 0.201563 0.207813 0.198437 0.210938 0.195312 0.212500 0.192188 0.214062 0.187500 0.214062 0.182812 0.215625 0.179688 0.220312 0.173437 0.221875 0.168750 0.221875 0.160938 0.212500 0.151562 0.207813 0.150000 0.190625 0.150000 0.176563 0.146875
0 0.243750 0.156250 0.237500 0.156250 0.234375 0.153125 0.234375 0.146875 0.231250 0.140625 0.226562 0.137500 0.225000 0.134375 0.225000 0.131250 0.223438 0.128125 0.218750 0.121875 0.217188 0.118750 0.217188 0.114062 0.210938 0.114062 0.200000 0.118750 0.190625 0.123438 0.181250 0.132812 0.181250 0.134375 0.171875 0.142187 0.168750 0.145313 0.167187 0.150000 0.170313 0.150000 0.176563 0.148438 0.206250 0.151562 0.215625 0.160938 0.220312 0.162500 0.225000 0.162500 0.235937 0.157812
0 0.278125 0.079687 0.275000 0.078125 0.262500 0.078125 0.248438 0.082812 0.237500 0.087500 0.228125 0.093750 0.217188 0.103125 0.215625 0.106250 0.215625 0.115625 0.218750 0.121875 0.218750 0.132812 0.220312 0.139063 0.226562 0.154688 0.228125 0.160938 0.232813 0.160938 0.242188 0.159375 0.250000 0.154688 0.259375 0.154688 0.262500 0.153125 0.265625 0.150000 0.273438 0.137500 0.282813 0.117188 0.284375 0.106250 0.282813 0.090625 0.281250 0.085938
0 0.325000 0.350000 0.320312 0.354687 0.318750 0.359375 0.315625 0.362500 0.307812 0.368750 0.306250 0.375000 0.306250 0.382812 0.309375 0.390625 0.312500 0.392188 0.317188 0.393750 0.320312 0.396875 0.318750 0.403125 0.320312 0.407813 0.321875 0.410938 0.323437 0.412500 0.325000 0.412500 0.328125 0.415625 0.334375 0.417187 0.346875 0.417187 0.354687 0.412500 0.367188 0.410938 0.371875 0.407813 0.378125 0.401562 0.379688 0.398438 0.379688 0.390625 0.375000 0.384375 0.375000 0.378125 0.378125 0.373437 0.378125 0.365625 0.367188 0.354687 0.359375 0.348438 0.356250 0.346875 0.331250 0.346875
0 0.343750 0.464062 0.342187 0.462500 0.340625 0.462500 0.337500 0.459375 0.332813 0.457813 0.320312 0.457813 0.303125 0.459375 0.298438 0.460938 0.287500 0.468750 0.284375 0.470313 0.279687 0.470313 0.276562 0.471875 0.270313 0.478125 0.268750 0.482812 0.268750 0.489063 0.270313 0.492188 0.273438 0.495312 0.275000 0.498437 0.276562 0.507812 0.278125 0.512500 0.282813 0.517188 0.292187 0.517188 0.295312 0.514062 0.301563 0.512500 0.304688 0.510938 0.310937 0.504687 0.314063 0.504687 0.317188 0.506250 0.320312 0.509375 0.325000 0.510938 0.328125 0.510938 0.332813 0.509375 0.335938 0.506250 0.337500 0.506250 0.339062 0.504687 0.340625 0.501563 0.343750 0.490625 0.345313 0.478125 0.345313 0.467187
1 0.356250 0.423438 0.351562 0.421875 0.343750 0.421875 0.339062 0.425000 0.332813 0.431250 0.331250 0.434375 0.331250 0.443750 0.332813 0.446875 0.337500 0.451562 0.340625 0.453125 0.346875 0.453125 0.351562 0.451562 0.354687 0.450000 0.357812 0.446875 0.367188 0.434375 0.365625 0.431250 0.360938 0.426563
1 0.378125 0.454688 0.375000 0.453125 0.365625 0.453125 0.360938 0.454688 0.354687 0.460938 0.354687 0.464062 0.353125 0.467187 0.354687 0.475000 0.357812 0.478125 0.364063 0.476562 0.368750 0.475000 0.371875 0.473438 0.378125 0.467187 0.379688 0.464062 0.379688 0.457813
1 0.407813 0.398438 0.404687 0.398438 0.400000 0.400000 0.396875 0.401562 0.392188 0.406250 0.389062 0.412500 0.389062 0.417187 0.390625 0.420312 0.392188 0.421875 0.393750 0.421875 0.396875 0.425000 0.398438 0.439063 0.401562 0.439063 0.404687 0.435937 0.406250 0.431250 0.406250 0.421875 0.409375 0.415625 0.410938 0.409375 0.410938 0.401562
1 0.426563 0.420312 0.421875 0.420312 0.417187 0.425000 0.415625 0.425000 0.412500 0.428125 0.403125 0.439063 0.403125 0.448437 0.409375 0.454688 0.412500 0.456250 0.418750 0.456250 0.425000 0.450000 0.437500 0.434375 0.435937 0.431250 0.431250 0.425000
0 0.073438 0.529687 0.070312 0.526563 0.057813 0.526563 0.032813 0.528125 0.026562 0.531250 0.023438 0.534375 0.021875 0.534375 0.018750 0.540625 0.018750 0.548438 0.021875 0.554688 0.020313 0.557813 0.018750 0.559375 0.017188 0.559375 0.015625 0.560937 0.014063 0.564063 0.017188 0.570312 0.026562 0.575000 0.039062 0.575000 0.045312 0.573438 0.050000 0.571875 0.057813 0.568750 0.060937 0.567187 0.062500 0.565625 0.064062 0.562500 0.064062 0.556250 0.065625 0.551562 0.067187 0.548438 0.073438 0.543750 0.075000 0.534375
0 0.114062 0.606250 0.109375 0.606250 0.107813 0.607812 0.101562 0.607812 0.095312 0.610938 0.089063 0.615625 0.085938 0.617188 0.082812 0.617188 0.079687 0.618750 0.075000 0.623437 0.073438 0.626563 0.071875 0.631250 0.071875 0.642188 0.075000 0.648438 0.082812 0.654687 0.084375 0.659375 0.084375 0.664062 0.085938 0.667188 0.092188 0.670312 0.096875 0.670312 0.101562 0.673438 0.112500 0.673438 0.121875 0.671875 0.125000 0.668750 0.129688 0.657813 0.129688 0.653125 0.131250 0.650000 0.134375 0.646875 0.135937 0.646875 0.140625 0.642188 0.142187 0.637500 0.140625 0.634375 0.131250 0.621875 0.117188 0.607812
0 0.065625 0.565625 0.056250 0.570312 0.050000 0.578125 0.040625 0.578125 0.035937 0.582812 0.035937 0.589063 0.040625 0.600000 0.043750 0.606250 0.051562 0.614062 0.056250 0.614062 0.065625 0.609375 0.068750 0.618750 0.073438 0.615625 0.078125 0.614062 0.089063 0.603125 0.098437 0.598437 0.100000 0.587500 0.095312 0.582812 0.090625 0.581250 0.079687 0.581250 0.075000 0.584375 0.071875 0.567187 0.068750 0.565625
0 0.023438 0.609375 0.014063 0.609375 0.009375 0.610938 0.006250 0.612500 0.003125 0.615625 0.004687 0.632812 0.004687 0.645312 0.000000 0.650000 0.000000 0.665625 0.004687 0.664062 0.007812 0.659375 0.009375 0.654687 0.017188 0.646875 0.025000 0.642188 0.028125 0.642188 0.031250 0.640625 0.032813 0.639062 0.034375 0.635938 0.034375 0.629687 0.032813 0.628125 0.032813 0.620313 0.029687 0.614062 0.026562 0.610938
0 0.009375 0.701562 0.000000 0.701562 0.000000 0.765625 0.006250 0.760938 0.007812 0.760938 0.010937 0.757812 0.014063 0.753125 0.015625 0.750000 0.015625 0.737500 0.018750 0.732812 0.020313 0.728125 0.020313 0.715625 0.018750 0.710938 0.017188 0.707812 0.012500 0.703125
0 0.000000 0.000000 0.000000 0.028125 0.009375 0.026562 0.015625 0.025000 0.021875 0.021875 0.028125 0.017188 0.031250 0.007812 0.031250 0.000000
0 0.296875 0.221875 0.290625 0.225000 0.285938 0.229687 0.285938 0.231250 0.279687 0.237500 0.273438 0.240625 0.268750 0.245312 0.265625 0.251563 0.254688 0.262500 0.254688 0.268750 0.265625 0.268750 0.275000 0.264062 0.279687 0.259375 0.282813 0.253125 0.284375 0.245312 0.295312 0.235937 0.296875 0.234375 0.298438 0.231250 0.298438 0.225000
0 0.382812 0.057813 0.376563 0.057813 0.368750 0.062500 0.364063 0.067187 0.354687 0.068750 0.351562 0.070312 0.348438 0.073438 0.348438 0.078125 0.351562 0.082812 0.356250 0.087500 0.381250 0.087500 0.389062 0.084375 0.389062 0.081250 0.384375 0.075000 0.384375 0.065625 0.382812 0.064062
0 0.320312 0.089063 0.317188 0.087500 0.309375 0.087500 0.307812 0.089063 0.298438 0.089063 0.295312 0.090625 0.290625 0.095312 0.289062 0.098437 0.290625 0.104688 0.295312 0.104688 0.300000 0.107813 0.310937 0.107813 0.317188 0.104688 0.318750 0.103125 0.320312 0.100000 0.321875 0.095312