0 0.875000 0.381250 0.871875 0.384375 0.867188 0.393750 0.867188 0.401562 0.864062 0.409375 0.864062 0.415625 0.867188 0.431250 0.868750 0.434375 0.873437 0.440625 0.882812 0.440625 0.887500 0.442188 0.895312 0.446875 0.901563 0.446875 0.904687 0.445312 0.909375 0.440625 0.910937 0.435937 0.912500 0.432812 0.914062 0.431250 0.918750 0.429688 0.921875 0.426563 0.925000 0.420312 0.925000 0.414062 0.923438 0.409375 0.920312 0.403125 0.909375 0.385937 0.906250 0.382812 0.901563 0.381250 0.881250 0.379688 0.878125 0.381250
0 0.982812 0.542188 0.978125 0.543750 0.971875 0.550000 0.970313 0.553125 0.968750 0.557813 0.968750 0.565625 0.962500 0.573438 0.960938 0.576562 0.960938 0.582812 0.962500 0.587500 0.967187 0.592187 0.973437 0.592187 0.984375 0.603125 0.993750 0.606250 0.998437 0.598437 0.998437 0.542188
0 0.932813 0.443750 0.931250 0.445312 0.929688 0.448437 0.929688 0.457813 0.926562 0.465625 0.923438 0.465625 0.918750 0.470313 0.917188 0.475000 0.917188 0.481250 0.918750 0.482812 0.918750 0.485938 0.925000 0.487500 0.934375 0.485938 0.942187 0.487500 0.948438 0.489063 0.956250 0.495312 0.959375 0.495312 0.970313 0.490625 0.975000 0.484375 0.973437 0.481250 0.970313 0.478125 0.968750 0.475000 0.968750 0.467187 0.965625 0.460938 0.956250 0.453125 0.954688 0.446875 0.951562 0.443750 0.943750 0.443750 0.942187 0.442188 0.935937 0.442188
0 0.918750 0.487500 0.915625 0.490625 0.914062 0.495312 0.906250 0.501563 0.904687 0.504687 0.906250 0.507812 0.910937 0.512500 0.910937 0.526563 0.912500 0.529687 0.925000 0.542188 0.926562 0.546875 0.929688 0.550000 0.932813 0.551562 0.946875 0.551562 0.954688 0.546875 0.962500 0.546875 0.965625 0.545312 0.968750 0.539062 0.968750 0.532813 0.971875 0.528125 0.971875 0.520312 0.970313 0.515625 0.959375 0.503125 0.957812 0.498437 0.951562 0.492188 0.945312 0.489063 0.939063 0.487500
0 0.850000 0.457813 0.846875 0.460938 0.845313 0.464062 0.843750 0.470313 0.843750 0.475000 0.846875 0.481250 0.848437 0.496875 0.853125 0.507812 0.860938 0.515625 0.864062 0.517188 0.871875 0.517188 0.879687 0.512500 0.882812 0.512500 0.889062 0.517188 0.893750 0.517188 0.896875 0.514062 0.896875 0.509375 0.898438 0.504687 0.901563 0.501563 0.901563 0.500000 0.903125 0.498437 0.904687 0.498437 0.907813 0.495312 0.910937 0.489063 0.910937 0.485938 0.909375 0.484375 0.909375 0.479687 0.907813 0.476562 0.904687 0.471875 0.900000 0.467187 0.895312 0.465625 0.885938 0.456250 0.882812 0.454688 0.873437 0.456250 0.868750 0.456250 0.859375 0.454688 0.853125 0.456250
0 0.801562 0.456250 0.798438 0.459375 0.796875 0.464062 0.796875 0.475000 0.801562 0.485938 0.801562 0.490625 0.800000 0.504687 0.801562 0.507812 0.809375 0.520312 0.812500 0.521875 0.818750 0.523438 0.826562 0.525000 0.829688 0.525000 0.837500 0.517188 0.848437 0.514062 0.851562 0.510938 0.851562 0.503125 0.846875 0.484375 0.843750 0.476562 0.829688 0.462500 0.825000 0.460938 0.817187 0.460938 0.814063 0.457813 0.810937 0.456250
0 0.835938 0.515625 0.828125 0.523438 0.828125 0.526563 0.829688 0.532813 0.828125 0.545312 0.829688 0.548438 0.837500 0.551562 0.842187 0.556250 0.848437 0.564063 0.853125 0.565625 0.856250 0.568750 0.857812 0.571875 0.857812 0.575000 0.859375 0.578125 0.865625 0.584375 0.871875 0.587500 0.875000 0.587500 0.878125 0.585938 0.882812 0.582812 0.885938 0.578125 0.887500 0.575000 0.887500 0.568750 0.890625 0.559375 0.893750 0.556250 0.893750 0.550000 0.885938 0.540625 0.881250 0.535937 0.873437 0.532813 0.870313 0.529687 0.867188 0.523438 0.859375 0.515625 0.856250 0.514062 0.840625 0.514062
0 0.878125 0.531250 0.878125 0.534375 0.881250 0.537500 0.882812 0.537500 0.884375 0.539062 0.889062 0.545312 0.892188 0.551562 0.892188 0.556250 0.887500 0.567187 0.887500 0.578125 0.892188 0.584375 0.893750 0.585938 0.900000 0.590625 0.914062 0.595313 0.918750 0.595313 0.926562 0.592187 0.929688 0.589063 0.931250 0.584375 0.931250 0.576562 0.935937 0.571875 0.937500 0.567187 0.932813 0.562500 0.926562 0.550000 0.921875 0.545312 0.920312 0.542188 0.920312 0.539062 0.915625 0.534375 0.909375 0.529687
1 0.900000 0.154688 0.900000 0.160938 0.901563 0.164062 0.903125 0.165625 0.906250 0.167187 0.912500 0.164062 0.912500 0.156250 0.909375 0.153125
1 0.881250 0.182812 0.878125 0.182812 0.871875 0.185938 0.870313 0.189062 0.870313 0.192188 0.871875 0.196875 0.876563 0.201563 0.884375 0.200000 0.885938 0.196875 0.885938 0.193750 0.884375 0.185938
1 0.890625 0.214062 0.885938 0.218750 0.885938 0.225000 0.887500 0.228125 0.892188 0.232813 0.900000 0.231250 0.901563 0.226562 0.901563 0.220312 0.900000 0.217188 0.896875 0.214062
1 0.939063 0.209375 0.935937 0.210938 0.934375 0.214062 0.934375 0.220312 0.939063 0.225000 0.942187 0.225000 0.945312 0.223438 0.946875 0.214062 0.945312 0.210938