0 0.073438 0.598437 0.065625 0.598437 0.062500 0.600000 0.054688 0.607812 0.054688 0.618750 0.057813 0.621875 0.057813 0.629687 0.054688 0.635938 0.054688 0.640625 0.059375 0.645312 0.064062 0.646875 0.067187 0.646875 0.073438 0.643750 0.078125 0.639062 0.082812 0.640625 0.087500 0.639062 0.093750 0.632812 0.093750 0.617188 0.092188 0.614062 0.089063 0.609375 0.081250 0.601562 0.078125 0.600000
0 0.095312 0.693750 0.092188 0.695312 0.089063 0.698438 0.087500 0.703125 0.087500 0.707812 0.090625 0.717187 0.092188 0.720313 0.093750 0.721875 0.096875 0.723437 0.107813 0.723437 0.110937 0.721875 0.112500 0.720313 0.114062 0.717187 0.114062 0.707812 0.112500 0.701562 0.110937 0.698438 0.106250 0.693750
1 0.090625 0.642188 0.089063 0.653125 0.090625 0.656250 0.096875 0.659375 0.104688 0.659375 0.109375 0.654687 0.109375 0.648438 0.107813 0.645312 0.104688 0.642188 0.100000 0.640625 0.093750 0.640625
1 0.121875 0.637500 0.115625 0.643750 0.114062 0.646875 0.114062 0.654687 0.120313 0.660937 0.123438 0.662500 0.128125 0.662500 0.131250 0.660937 0.135937 0.656250 0.135937 0.645312 0.131250 0.640625 0.128125 0.639062
1 0.129688 0.687500 0.128125 0.692187 0.128125 0.695312 0.132812 0.700000 0.135937 0.701562 0.143750 0.701562 0.146875 0.700000 0.146875 0.690625 0.145313 0.687500 0.142187 0.685937 0.137500 0.684375
0 0.195312 0.628125 0.189062 0.626563 0.184375 0.626563 0.171875 0.628125 0.165625 0.631250 0.162500 0.634375 0.159375 0.639062 0.157812 0.642188 0.156250 0.646875 0.156250 0.659375 0.164062 0.667188 0.164062 0.668750 0.170313 0.675000 0.173437 0.676562 0.181250 0.676562 0.187500 0.673438 0.190625 0.670312 0.196875 0.668750 0.201563 0.664062 0.203125 0.660937 0.203125 0.635938 0.201563 0.632812 0.198437 0.629687
0 0.173437 0.587500 0.165625 0.587500 0.160938 0.584375 0.157812 0.584375 0.156250 0.587500 0.156250 0.590625 0.150000 0.600000 0.145313 0.610938 0.139063 0.617188 0.134375 0.617188 0.135937 0.621875 0.140625 0.626563 0.142187 0.626563 0.146875 0.631250 0.148438 0.635938 0.153125 0.640625 0.156250 0.640625 0.159375 0.639062 0.162500 0.634375 0.167187 0.631250 0.171875 0.629687 0.176563 0.629687 0.181250 0.626563 0.184375 0.626563 0.187500 0.625000 0.187500 0.614062 0.184375 0.609375 0.184375 0.598437 0.182812 0.595313 0.176563 0.589063
0 0.150000 0.557813 0.143750 0.557813 0.139063 0.562500 0.135937 0.562500 0.131250 0.559375 0.120313 0.559375 0.115625 0.564063 0.114062 0.568750 0.114062 0.576562 0.107813 0.582812 0.106250 0.585938 0.106250 0.589063 0.104688 0.592187 0.107813 0.598437 0.109375 0.600000 0.112500 0.601562 0.117188 0.603125 0.120313 0.606250 0.120313 0.607812 0.125000 0.614062 0.126562 0.615625 0.134375 0.618750 0.137500 0.614062 0.145313 0.607812 0.146875 0.603125 0.154688 0.595313 0.157812 0.589063 0.164062 0.587500 0.160938 0.584375 0.157812 0.579688 0.157812 0.567187 0.156250 0.562500 0.153125 0.559375
0 0.189062 0.459375 0.189062 0.465625 0.192188 0.475000 0.187500 0.479687 0.187500 0.490625 0.192188 0.495312 0.195312 0.496875 0.204687 0.498437 0.214062 0.509375 0.217188 0.512500 0.223438 0.515625 0.228125 0.515625 0.231250 0.514062 0.242188 0.503125 0.248438 0.503125 0.251563 0.500000 0.251563 0.489063 0.248438 0.482812 0.245312 0.479687 0.243750 0.476562 0.243750 0.473438 0.242188 0.470313 0.232813 0.460938 0.226562 0.457813 0.206250 0.456250 0.192188 0.456250
0 0.134375 0.393750 0.129688 0.398438 0.129688 0.415625 0.132812 0.421875 0.132812 0.429688 0.131250 0.431250 0.131250 0.439063 0.132812 0.442188 0.139063 0.448437 0.142187 0.450000 0.157812 0.450000 0.162500 0.454688 0.168750 0.457813 0.182812 0.456250 0.185938 0.450000 0.187500 0.445312 0.187500 0.425000 0.185938 0.414062 0.184375 0.410938 0.181250 0.406250 0.176563 0.401562 0.170313 0.392188 0.170313 0.390625 0.168750 0.389062 0.167187 0.389062 0.164062 0.385937 0.160938 0.384375 0.156250 0.384375 0.153125 0.385937 0.151562 0.387500 0.151562 0.389062 0.150000 0.390625 0.146875 0.392188 0.137500 0.392188
0 0.300000 0.214062 0.296875 0.217188 0.295312 0.220312 0.295312 0.234375 0.292187 0.237500 0.285938 0.239063 0.281250 0.243750 0.279687 0.246875 0.279687 0.256250 0.281250 0.259375 0.284375 0.262500 0.284375 0.264062 0.285938 0.265625 0.287500 0.265625 0.298438 0.273438 0.303125 0.279687 0.304688 0.281250 0.307812 0.282813 0.315625 0.282813 0.318750 0.281250 0.325000 0.276562 0.331250 0.279687 0.334375 0.279687 0.339062 0.278125 0.342187 0.276562 0.348438 0.270313 0.350000 0.267188 0.350000 0.231250 0.348438 0.226562 0.346875 0.223438 0.345313 0.221875 0.342187 0.220312 0.337500 0.218750 0.332813 0.218750 0.331250 0.220312 0.326562 0.220312 0.321875 0.215625 0.315625 0.212500 0.303125 0.212500
0 0.420312 0.220312 0.414062 0.226562 0.412500 0.229687 0.410938 0.235937 0.409375 0.239063 0.400000 0.246875 0.396875 0.253125 0.396875 0.262500 0.398438 0.267188 0.401562 0.271875 0.406250 0.275000 0.410938 0.276562 0.417187 0.282813 0.418750 0.287500 0.421875 0.292187 0.426563 0.295312 0.429688 0.295312 0.432812 0.293750 0.435937 0.290625 0.435937 0.289062 0.439063 0.285938 0.446875 0.284375 0.450000 0.282813 0.454688 0.278125 0.456250 0.270313 0.453125 0.264062 0.453125 0.260937 0.454688 0.257812 0.459375 0.251563 0.460938 0.248438 0.460938 0.239063 0.459375 0.235937 0.456250 0.232813 0.453125 0.231250 0.442188 0.231250 0.437500 0.232813 0.432812 0.232813 0.431250 0.229687 0.431250 0.225000 0.429688 0.221875
0 0.409375 0.310937 0.406250 0.314063 0.404687 0.317188 0.406250 0.328125 0.406250 0.332813 0.401562 0.337500 0.400000 0.340625 0.400000 0.353125 0.401562 0.356250 0.404687 0.360938 0.407813 0.364063 0.415625 0.370312 0.420312 0.373437 0.432812 0.373437 0.435937 0.375000 0.437500 0.381250 0.440625 0.379688 0.445312 0.373437 0.456250 0.373437 0.459375 0.371875 0.465625 0.365625 0.465625 0.359375 0.467187 0.354687 0.470313 0.351562 0.470313 0.340625 0.464062 0.334375 0.462500 0.331250 0.462500 0.317188 0.459375 0.314063 0.456250 0.312500 0.450000 0.312500 0.443750 0.309375 0.437500 0.309375 0.432812 0.312500 0.425000 0.312500
0 0.267188 0.256250 0.264062 0.257812 0.257812 0.265625 0.254688 0.268750 0.248438 0.268750 0.243750 0.270313 0.235937 0.278125 0.234375 0.281250 0.232813 0.285938 0.232813 0.292187 0.234375 0.296875 0.242188 0.304688 0.246875 0.307812 0.253125 0.309375 0.259375 0.312500 0.267188 0.320312 0.275000 0.326562 0.281250 0.329688 0.284375 0.329688 0.289062 0.328125 0.292187 0.325000 0.293750 0.321875 0.295312 0.317188 0.295312 0.310937 0.298438 0.304688 0.303125 0.298438 0.304688 0.293750 0.304688 0.284375 0.301563 0.278125 0.298438 0.275000 0.293750 0.271875 0.289062 0.270313 0.279687 0.260937 0.275000 0.257812 0.271875 0.256250
0 0.242188 0.414062 0.242188 0.418750 0.239063 0.423438 0.239063 0.428125 0.237500 0.431250 0.231250 0.437500 0.228125 0.446875 0.228125 0.451562 0.229687 0.456250 0.232813 0.459375 0.245312 0.468750 0.250000 0.473438 0.250000 0.476562 0.251563 0.479687 0.257812 0.485938 0.260937 0.487500 0.275000 0.485938 0.279687 0.485938 0.290625 0.492188 0.298438 0.492188 0.303125 0.490625 0.306250 0.489063 0.309375 0.485938 0.309375 0.473438 0.304688 0.464062 0.304688 0.454688 0.310937 0.446875 0.310937 0.432812 0.309375 0.429688 0.303125 0.421875 0.301563 0.420312 0.287500 0.412500 0.281250 0.412500 0.275000 0.409375 0.270313 0.409375 0.262500 0.414062 0.248438 0.412500 0.245312 0.412500
0 0.204687 0.389062 0.203125 0.392188 0.203125 0.395313 0.196875 0.401562 0.195312 0.401562 0.187500 0.409375 0.187500 0.418750 0.189062 0.420312 0.189062 0.431250 0.190625 0.434375 0.192188 0.435937 0.200000 0.442188 0.200000 0.445312 0.204687 0.450000 0.212500 0.450000 0.215625 0.446875 0.226562 0.445312 0.228125 0.439063 0.228125 0.429688 0.229687 0.426563 0.232813 0.423438 0.232813 0.420312 0.235937 0.417187 0.235937 0.412500 0.232813 0.414062 0.229687 0.412500 0.221875 0.404687 0.220312 0.401562 0.220312 0.398438 0.218750 0.395313 0.217188 0.393750 0.215625 0.393750 0.212500 0.390625 0.207813 0.389062
0 0.203125 0.303125 0.195312 0.303125 0.190625 0.306250 0.187500 0.306250 0.173437 0.304688 0.170313 0.306250 0.165625 0.310937 0.164062 0.315625 0.164062 0.320312 0.165625 0.329688 0.157812 0.337500 0.156250 0.343750 0.156250 0.371875 0.157812 0.376563 0.162500 0.381250 0.170313 0.384375 0.173437 0.387500 0.175000 0.390625 0.175000 0.393750 0.176563 0.396875 0.182812 0.403125 0.187500 0.403125 0.192188 0.400000 0.196875 0.389062 0.201563 0.384375 0.206250 0.381250 0.207813 0.381250 0.209375 0.379688 0.209375 0.378125 0.215625 0.370312 0.217188 0.367188 0.217188 0.353125 0.214062 0.340625 0.214062 0.321875 0.212500 0.315625 0.207813 0.306250 0.206250 0.304688
0 0.225000 0.301563 0.217188 0.309375 0.215625 0.312500 0.215625 0.342187 0.218750 0.345313 0.221875 0.357812 0.225000 0.359375 0.231250 0.359375 0.237500 0.356250 0.237500 0.351562 0.240625 0.348438 0.250000 0.342187 0.257812 0.339062 0.257812 0.337500 0.259375 0.335938 0.265625 0.331250 0.271875 0.331250 0.271875 0.328125 0.267188 0.321875 0.260937 0.317188 0.253125 0.312500 0.245312 0.309375 0.240625 0.304688 0.235937 0.301563
0 0.290625 0.337500 0.285938 0.335938 0.281250 0.335938 0.278125 0.334375 0.270313 0.326562 0.267188 0.325000 0.267188 0.329688 0.265625 0.332813 0.262500 0.337500 0.257812 0.342187 0.250000 0.345313 0.248438 0.350000 0.240625 0.356250 0.240625 0.362500 0.234375 0.368750 0.234375 0.378125 0.235937 0.382812 0.237500 0.385937 0.242188 0.390625 0.245312 0.392188 0.254688 0.392188 0.267188 0.385937 0.270313 0.389062 0.275000 0.389062 0.276562 0.387500 0.279687 0.387500 0.281250 0.389062 0.284375 0.389062 0.289062 0.387500 0.295312 0.384375 0.296875 0.379688 0.296875 0.370312 0.295312 0.368750 0.295312 0.360938 0.296875 0.346875 0.293750 0.340625
0 0.318750 0.290625 0.317188 0.293750 0.317188 0.301563 0.315625 0.303125 0.315625 0.309375 0.318750 0.310937 0.323437 0.312500 0.329688 0.312500 0.332813 0.314063 0.335938 0.317188 0.339062 0.318750 0.342187 0.318750 0.345313 0.320312 0.348438 0.323437 0.351562 0.323437 0.354687 0.325000 0.357812 0.328125 0.360938 0.332813 0.367188 0.335938 0.371875 0.337500 0.371875 0.340625 0.375000 0.340625 0.376563 0.342187 0.379688 0.342187 0.385937 0.340625 0.385937 0.328125 0.387500 0.326562 0.387500 0.304688 0.385937 0.301563 0.376563 0.290625 0.375000 0.285938 0.368750 0.279687 0.365625 0.278125 0.354687 0.278125 0.350000 0.279687 0.345313 0.282813 0.329688 0.282813 0.323437 0.285938
0 0.295312 0.326562 0.295312 0.329688 0.298438 0.335938 0.301563 0.339062 0.303125 0.342187 0.303125 0.345313 0.306250 0.351562 0.309375 0.354687 0.309375 0.356250 0.310937 0.357812 0.320312 0.362500 0.325000 0.362500 0.335938 0.360938 0.345313 0.364063 0.351562 0.364063 0.356250 0.360938 0.362500 0.360938 0.365625 0.359375 0.368750 0.353125 0.379688 0.343750 0.376563 0.340625 0.367188 0.340625 0.360938 0.337500 0.357812 0.334375 0.348438 0.329688 0.345313 0.331250 0.342187 0.328125 0.337500 0.328125 0.329688 0.325000 0.326562 0.321875 0.326562 0.320312 0.325000 0.318750 0.320312 0.317188 0.314063 0.310937 0.304688 0.312500 0.300000 0.317188
0 0.393750 0.375000 0.390625 0.378125 0.390625 0.382812 0.387500 0.387500 0.387500 0.393750 0.390625 0.398438 0.393750 0.401562 0.401562 0.404687 0.401562 0.406250 0.404687 0.409375 0.406250 0.414062 0.409375 0.417187 0.409375 0.418750 0.414062 0.420312 0.423438 0.428125 0.428125 0.421875 0.435937 0.418750 0.439063 0.415625 0.440625 0.412500 0.440625 0.400000 0.439063 0.396875 0.435937 0.392188 0.429688 0.385937 0.418750 0.378125 0.415625 0.376563 0.400000 0.373437
0 0.389062 0.393750 0.385937 0.393750 0.381250 0.395313 0.376563 0.398438 0.373437 0.398438 0.370312 0.400000 0.368750 0.404687 0.364063 0.406250 0.362500 0.407813 0.360938 0.410938 0.362500 0.415625 0.359375 0.423438 0.359375 0.435937 0.364063 0.454688 0.362500 0.457813 0.364063 0.460938 0.367188 0.462500 0.378125 0.462500 0.382812 0.459375 0.390625 0.459375 0.392188 0.460938 0.400000 0.460938 0.403125 0.459375 0.407813 0.454688 0.410938 0.446875 0.417187 0.442188 0.418750 0.439063 0.420312 0.434375 0.420312 0.426563 0.410938 0.417187 0.409375 0.417187 0.404687 0.412500 0.403125 0.407813
0 0.342187 0.414062 0.332813 0.420312 0.331250 0.420312 0.329688 0.421875 0.328125 0.425000 0.328125 0.428125 0.321875 0.434375 0.321875 0.454688 0.323437 0.459375 0.328125 0.464062 0.331250 0.465625 0.343750 0.470313 0.356250 0.470313 0.360938 0.465625 0.360938 0.464062 0.365625 0.460938 0.367188 0.456250 0.365625 0.445312 0.359375 0.432812 0.357812 0.423438 0.354687 0.420312 0.351562 0.420312
0 0.344719 0.413516 0.343219 0.405953 0.335656 0.394875 0.330359 0.388063 0.324813 0.385297 0.315750 0.384031 0.307688 0.387062 0.303141 0.389078 0.299875 0.391344 0.294828 0.387062 0.284500 0.386813 0.277953 0.389328 0.272656 0.395625 0.269625 0.402187 0.271391 0.406969 0.278953 0.411250 0.285500 0.416047 0.295078 0.423594 0.303656 0.429141 0.308937 0.432672 0.312219 0.434938 0.314734 0.435438 0.316750 0.435438
0 0.327594 0.387062 0.332375 0.395625 0.341203 0.403937 0.347500 0.412000 0.351281 0.417797 0.360344 0.417797 0.365391 0.410500 0.368672 0.406719 0.375969 0.403937 0.377234 0.398406 0.376734 0.396125 0.378500 0.392359 0.383781 0.387562 0.385047 0.380000 0.383781 0.372438 0.373953 0.364125 0.366906 0.363125 0.361109 0.363125 0.356312 0.364375 0.351031 0.365641 0.340187 0.364125 0.333391 0.365141 0.328094 0.367656 0.321547 0.366656 0.311469 0.363625 0.305672 0.362359 0.306172 0.370938 0.322797 0.379250 0.329109 0.380250 0.330609 0.385297
0 0.617188 0.281250 0.612500 0.287500 0.607812 0.289062 0.603125 0.289062 0.593750 0.293750 0.592187 0.295312 0.590625 0.298438 0.590625 0.309375 0.593750 0.315625 0.598437 0.320312 0.600000 0.323437 0.600000 0.340625 0.601562 0.343750 0.606250 0.348438 0.609375 0.350000 0.617188 0.351562 0.620313 0.354687 0.623437 0.356250 0.629687 0.357812 0.635938 0.357812 0.639062 0.356250 0.646875 0.350000 0.648438 0.348438 0.651563 0.342187 0.653125 0.329688 0.657813 0.323437 0.659375 0.320312 0.659375 0.307812 0.656250 0.301563 0.651563 0.296875 0.635938 0.282813 0.629687 0.279687
0 0.639062 0.175000 0.635938 0.178125 0.632812 0.182812 0.632812 0.184375 0.631250 0.185938 0.628125 0.187500 0.614062 0.187500 0.607812 0.190625 0.604688 0.196875 0.604688 0.206250 0.606250 0.212500 0.610938 0.220312 0.606250 0.226562 0.606250 0.235937 0.609375 0.239063 0.621875 0.243750 0.626563 0.243750 0.628125 0.245312 0.631250 0.245312 0.632812 0.243750 0.635938 0.243750 0.642188 0.250000 0.646875 0.251563 0.650000 0.251563 0.654687 0.250000 0.657813 0.248438 0.665625 0.237500 0.667188 0.234375 0.667188 0.229687 0.668750 0.226562 0.676562 0.220312 0.679688 0.214062 0.679688 0.204687 0.678125 0.200000 0.671875 0.193750 0.664062 0.192188 0.660937 0.189062 0.651563 0.178125 0.645312 0.175000
0 0.782813 0.242188 0.773438 0.242188 0.770312 0.243750 0.762500 0.253125 0.757812 0.257812 0.750000 0.260937 0.746875 0.264062 0.743750 0.268750 0.743750 0.281250 0.746875 0.285938 0.746875 0.298438 0.748437 0.303125 0.753125 0.307812 0.756250 0.309375 0.764062 0.309375 0.775000 0.307812 0.790625 0.309375 0.793750 0.307812 0.795312 0.306250 0.796875 0.303125 0.796875 0.292187 0.798438 0.289062 0.801562 0.285938 0.806250 0.284375 0.806250 0.282813 0.809375 0.279687 0.810937 0.275000 0.810937 0.267188 0.809375 0.264062 0.807813 0.262500 0.800000 0.257812 0.793750 0.257812 0.790625 0.254688 0.790625 0.250000 0.789062 0.246875 0.785937 0.243750
0 0.673438 0.317188 0.671875 0.321875 0.673438 0.326562 0.676562 0.331250 0.682813 0.337500 0.687500 0.340625 0.693750 0.340625 0.698438 0.343750 0.703125 0.345313 0.707812 0.345313 0.715625 0.340625 0.723437 0.343750 0.729688 0.343750 0.732812 0.342187 0.735938 0.337500 0.735938 0.332813 0.737500 0.331250 0.737500 0.328125 0.734375 0.321875 0.737500 0.317188 0.737500 0.303125 0.735938 0.300000 0.731250 0.295312 0.726562 0.293750 0.706250 0.292187 0.701562 0.292187 0.696875 0.293750 0.692187 0.296875 0.687500 0.301563 0.685937 0.307812 0.681250 0.312500 0.676562 0.314063
0 0.692187 0.209375 0.687500 0.214062 0.685937 0.218750 0.684375 0.220312 0.679688 0.221875 0.675000 0.225000 0.673438 0.228125 0.673438 0.234375 0.675000 0.240625 0.678125 0.245312 0.681250 0.248438 0.684375 0.250000 0.696875 0.251563 0.703125 0.251563 0.706250 0.250000 0.714063 0.242188 0.714063 0.232813 0.710938 0.226562 0.707812 0.221875 0.703125 0.215625 0.698438 0.210938 0.695312 0.209375
1 0.698438 0.160938 0.695312 0.167187 0.693750 0.173437 0.693750 0.178125 0.698438 0.182812 0.704688 0.185938 0.712500 0.187500 0.715625 0.185938 0.718750 0.182812 0.718750 0.171875 0.715625 0.165625 0.712500 0.162500 0.709375 0.160938 0.704688 0.159375
0 0.606250 0.026562 0.603125 0.028125 0.601562 0.029687 0.601562 0.031250 0.600000 0.032813 0.596875 0.034375 0.592187 0.034375 0.587500 0.035937 0.582812 0.040625 0.581250 0.045312 0.581250 0.048438 0.582812 0.050000 0.582812 0.054688 0.585938 0.057813 0.585938 0.062500 0.581250 0.070312 0.581250 0.081250 0.582812 0.085938 0.589063 0.092188 0.595313 0.093750 0.600000 0.093750 0.606250 0.090625 0.609375 0.093750 0.610938 0.098437 0.612500 0.100000 0.618750 0.103125 0.623437 0.103125 0.626563 0.101562 0.631250 0.098437 0.631250 0.093750 0.632812 0.092188 0.632812 0.078125 0.631250 0.071875 0.628125 0.065625 0.626563 0.057813 0.626563 0.048438 0.623437 0.039062 0.620313 0.034375 0.617188 0.031250 0.612500 0.028125 0.609375 0.026562
0 0.632812 0.051562 0.629687 0.054688 0.629687 0.064062 0.634375 0.076563 0.632812 0.092188 0.632812 0.095312 0.634375 0.100000 0.637500 0.103125 0.642188 0.106250 0.659375 0.104688 0.662500 0.104688 0.670312 0.112500 0.673438 0.114062 0.678125 0.115625 0.682813 0.115625 0.685937 0.114062 0.689063 0.107813 0.690625 0.096875 0.692187 0.093750 0.696875 0.090625 0.700000 0.084375 0.700000 0.079687 0.692187 0.071875 0.682813 0.070312 0.678125 0.068750 0.675000 0.067187 0.667188 0.060937 0.659375 0.053125 0.653125 0.050000 0.650000 0.051562 0.637500 0.050000
0 0.656250 0.034375 0.653125 0.045312 0.653125 0.048438 0.654687 0.051562 0.656250 0.053125 0.657813 0.053125 0.660937 0.056250 0.667188 0.064062 0.670312 0.064062 0.673438 0.062500 0.678125 0.067187 0.689063 0.065625 0.693750 0.068750 0.700000 0.076563 0.704688 0.081250 0.714063 0.085938 0.723437 0.085938 0.729688 0.082812 0.734375 0.075000 0.735938 0.062500 0.743750 0.054688 0.745313 0.051562 0.746875 0.045312 0.746875 0.037500 0.745313 0.034375 0.739062 0.028125 0.735938 0.026562 0.732812 0.026562 0.729688 0.025000 0.725000 0.020313 0.725000 0.018750 0.720313 0.014063 0.712500 0.009375 0.707812 0.009375 0.703125 0.010937 0.698438 0.014063 0.693750 0.020313 0.690625 0.021875 0.682813 0.023438 0.679688 0.025000 0.671875 0.031250 0.667188 0.029687 0.662500 0.031250
0 0.615625 0.020313 0.617188 0.025000 0.623437 0.031250 0.626563 0.032813 0.634375 0.034375 0.646875 0.035937 0.650000 0.032813 0.656250 0.031250 0.660937 0.031250 0.667188 0.029687 0.675000 0.026562 0.687500 0.020313 0.692187 0.014063 0.693750 0.010937 0.693750 0.003125 0.692187 0.000000 0.618750 0.000000 0.618750 0.006250 0.615625 0.012500
0 0.714063 0.007812 0.728125 0.021875 0.731250 0.023438 0.739062 0.025000 0.742188 0.026562 0.745313 0.029687 0.751563 0.032813 0.757812 0.032813 0.760938 0.031250 0.765625 0.026562 0.768750 0.021875 0.768750 0.018750 0.770312 0.015625 0.773438 0.012500 0.778125 0.010937 0.787500 0.000000 0.714063 0.000000
0 0.873437 0.079687 0.870313 0.082812 0.868750 0.087500 0.868750 0.103125 0.864062 0.115625 0.864062 0.120313 0.865625 0.125000 0.867188 0.128125 0.870313 0.131250 0.876563 0.134375 0.892188 0.134375 0.896875 0.139063 0.896875 0.140625 0.901563 0.145313 0.907813 0.148438 0.915625 0.150000 0.920312 0.148438 0.923438 0.146875 0.925000 0.145313 0.928125 0.139063 0.928125 0.135937 0.929688 0.132812 0.932813 0.129688 0.937500 0.128125 0.942187 0.123438 0.943750 0.120313 0.943750 0.110937 0.932813 0.096875 0.928125 0.092188 0.925000 0.092188 0.920312 0.087500 0.917188 0.085938 0.909375 0.082812 0.900000 0.079687 0.887500 0.076563 0.881250 0.076563 0.876563 0.078125
0 0.939063 0.025000 0.935937 0.026562 0.929688 0.031250 0.926562 0.039062 0.923438 0.042188 0.920312 0.042188 0.910937 0.040625 0.906250 0.042188 0.903125 0.043750 0.900000 0.046875 0.898438 0.046875 0.896875 0.048438 0.895312 0.051562 0.895312 0.060937 0.900000 0.068750 0.900000 0.075000 0.903125 0.078125 0.907813 0.081250 0.912500 0.082812 0.920312 0.084375 0.923438 0.085938 0.934375 0.096875 0.940625 0.106250 0.943750 0.107813 0.948438 0.107813 0.954688 0.104688 0.964063 0.095312 0.965625 0.090625 0.973437 0.082812 0.976562 0.071875 0.976562 0.057813 0.975000 0.053125 0.968750 0.046875 0.965625 0.046875 0.959375 0.040625 0.959375 0.037500 0.956250 0.032813 0.950000 0.026562 0.946875 0.025000
0 0.998437 0.068750 0.992188 0.068750 0.989062 0.070312 0.981250 0.076563 0.978125 0.076563 0.975000 0.079687 0.975000 0.082812 0.973437 0.085938 0.970313 0.090625 0.965625 0.095312 0.964063 0.100000 0.960938 0.103125 0.954688 0.106250 0.951562 0.109375 0.950000 0.112500 0.948438 0.117188 0.948438 0.121875 0.951562 0.125000 0.956250 0.126562 0.965625 0.126562 0.967187 0.132812 0.970313 0.139063 0.976562 0.145313 0.979688 0.146875 0.985938 0.146875 0.989062 0.145313 0.998437 0.139063
0 0.981250 0.000000 0.981250 0.006250 0.979688 0.009375 0.976562 0.012500 0.968750 0.018750 0.965625 0.023438 0.962500 0.029687 0.962500 0.034375 0.964063 0.037500 0.968750 0.042188 0.971875 0.042188 0.976562 0.046875 0.978125 0.054688 0.979688 0.057813 0.984375 0.062500 0.987500 0.064062 0.992188 0.065625 0.998437 0.065625 0.998437 0.000000
0 0.821875 0.476562 0.817187 0.481250 0.814063 0.487500 0.814063 0.490625 0.820312 0.503125 0.823438 0.506250 0.825000 0.506250 0.829688 0.510938 0.848437 0.520312 0.851562 0.520312 0.857812 0.517188 0.859375 0.514062 0.859375 0.496875 0.857812 0.492188 0.854688 0.485938 0.851562 0.481250 0.845313 0.475000 0.839063 0.471875 0.832812 0.471875
0 0.860938 0.492188 0.859375 0.495312 0.859375 0.501563 0.862500 0.507812 0.862500 0.520312 0.867188 0.525000 0.871875 0.526563 0.878125 0.523438 0.882812 0.523438 0.887500 0.526563 0.896875 0.526563 0.900000 0.525000 0.903125 0.518750 0.903125 0.509375 0.906250 0.504687 0.906250 0.498437 0.904687 0.495312 0.901563 0.492188 0.896875 0.490625 0.890625 0.490625 0.884375 0.487500 0.873437 0.487500 0.864062 0.490625
0 0.848437 0.462500 0.848437 0.470313 0.851562 0.473438 0.859375 0.476562 0.864062 0.482812 0.868750 0.485938 0.876563 0.485938 0.879687 0.484375 0.884375 0.479687 0.884375 0.478125 0.887500 0.475000 0.890625 0.473438 0.898438 0.471875 0.898438 0.462500 0.896875 0.459375 0.890625 0.456250 0.876563 0.457813 0.873437 0.457813 0.868750 0.454688 0.864062 0.454688 0.853125 0.460938
0 0.906250 0.468750 0.906250 0.478125 0.907813 0.481250 0.910937 0.484375 0.915625 0.485938 0.920312 0.485938 0.925000 0.484375 0.928125 0.482812 0.931250 0.479687 0.932813 0.476562 0.932813 0.470313 0.929688 0.467187 0.926562 0.465625 0.918750 0.462500 0.914062 0.462500 0.910937 0.464062
0 0.490625 0.876563 0.489063 0.881250 0.489063 0.884375 0.490625 0.885938 0.490625 0.890625 0.501563 0.903125 0.504687 0.904687 0.514062 0.904687 0.525000 0.898438 0.529687 0.896875 0.529687 0.892188 0.525000 0.881250 0.520312 0.876563 0.517188 0.875000 0.504687 0.873437 0.493750 0.873437
0 0.457813 0.904687 0.454688 0.910937 0.454688 0.918750 0.456250 0.921875 0.457813 0.923438 0.460938 0.925000 0.473438 0.925000 0.475000 0.923438 0.476562 0.920312 0.476562 0.912500 0.473438 0.906250 0.470313 0.903125 0.460938 0.903125
1 0.403125 0.912500 0.400000 0.915625 0.398438 0.918750 0.398438 0.926562 0.401562 0.931250 0.401562 0.934375 0.403125 0.937500 0.406250 0.939063 0.421875 0.939063 0.425000 0.937500 0.428125 0.931250 0.429688 0.926562 0.428125 0.921875 0.425000 0.918750 0.412500 0.912500
1 0.417187 0.964063 0.417187 0.968750 0.418750 0.971875 0.421875 0.973437 0.426563 0.973437 0.428125 0.975000 0.431250 0.975000 0.432812 0.973437 0.435937 0.973437 0.439063 0.967187 0.437500 0.957812 0.434375 0.956250 0.426563 0.956250 0.423438 0.957812
0 0.856250 0.396875 0.854688 0.393750 0.850000 0.389062 0.846875 0.387500 0.843750 0.387500 0.840625 0.389062 0.837500 0.392188 0.835938 0.396875 0.831250 0.401562 0.826562 0.403125 0.820312 0.403125 0.823438 0.407813 0.831250 0.409375 0.843750 0.410938 0.848437 0.410938 0.851562 0.409375 0.856250 0.404687
0 0.909375 0.373437 0.906250 0.367188 0.904687 0.365625 0.901563 0.364063 0.892188 0.364063 0.889062 0.365625 0.884375 0.370312 0.884375 0.371875 0.879687 0.376563 0.871875 0.376563 0.868750 0.378125 0.868750 0.381250 0.871875 0.382812 0.881250 0.382812 0.885938 0.384375 0.889062 0.387500 0.892188 0.389062 0.895312 0.389062 0.898438 0.387500 0.906250 0.381250 0.909375 0.378125