0 0.123438 0.028125 0.112500 0.028125 0.110937 0.029687 0.098437 0.029687 0.089063 0.031250 0.075000 0.035937 0.071875 0.037500 0.068750 0.040625 0.068750 0.045312 0.064062 0.050000 0.059375 0.051562 0.056250 0.053125 0.054688 0.056250 0.057813 0.056250 0.059375 0.057813 0.065625 0.056250 0.068750 0.056250 0.071875 0.057813 0.075000 0.060937 0.081250 0.060937 0.084375 0.059375 0.089063 0.054688 0.093750 0.053125 0.098437 0.050000 0.103125 0.050000 0.107813 0.048438 0.112500 0.043750 0.120313 0.040625 0.125000 0.035937
0 0.157812 0.046875 0.157812 0.056250 0.159375 0.059375 0.165625 0.065625 0.184375 0.073438 0.187500 0.076563 0.189062 0.076563 0.190625 0.078125 0.190625 0.079687 0.192188 0.081250 0.198437 0.085938 0.201563 0.087500 0.206250 0.089063 0.217188 0.089063 0.221875 0.087500 0.225000 0.085938 0.228125 0.082812 0.228125 0.079687 0.226562 0.076563 0.225000 0.075000 0.223438 0.075000 0.220312 0.071875 0.212500 0.068750 0.207813 0.064062 0.206250 0.060937 0.204687 0.054688 0.203125 0.054688 0.200000 0.051562 0.193750 0.050000 0.171875 0.050000 0.165625 0.046875
0 0.168750 0.110937 0.160938 0.110937 0.156250 0.112500 0.151562 0.117188 0.150000 0.120313 0.150000 0.125000 0.148438 0.128125 0.146875 0.129688 0.143750 0.131250 0.139063 0.132812 0.134375 0.137500 0.131250 0.137500 0.128125 0.139063 0.128125 0.145313 0.131250 0.148438 0.132812 0.153125 0.128125 0.162500 0.128125 0.168750 0.129688 0.171875 0.135937 0.178125 0.139063 0.179688 0.146875 0.179688 0.150000 0.176563 0.150000 0.173437 0.153125 0.170313 0.159375 0.170313 0.170313 0.171875 0.173437 0.170313 0.179688 0.162500 0.181250 0.159375 0.181250 0.154688 0.179688 0.150000 0.178125 0.146875 0.170313 0.137500 0.175000 0.131250 0.176563 0.126562 0.176563 0.117188 0.171875 0.112500
0 0.118750 0.060937 0.115625 0.062500 0.110937 0.067187 0.100000 0.071875 0.096875 0.075000 0.096875 0.084375 0.101562 0.101562 0.103125 0.115625 0.107813 0.117188 0.112500 0.117188 0.115625 0.118750 0.117188 0.125000 0.112500 0.129688 0.112500 0.134375 0.117188 0.134375 0.128125 0.139063 0.134375 0.135937 0.145313 0.129688 0.148438 0.126562 0.148438 0.118750 0.151562 0.114062 0.157812 0.107813 0.159375 0.107813 0.164062 0.103125 0.165625 0.098437 0.165625 0.089063 0.164062 0.084375 0.160938 0.082812 0.157812 0.082812 0.154688 0.079687 0.154688 0.076563 0.153125 0.073438 0.150000 0.070312 0.140625 0.067187 0.134375 0.068750 0.131250 0.067187 0.126562 0.062500 0.123438 0.060937
0 0.095312 0.075000 0.089063 0.071875 0.078125 0.071875 0.075000 0.075000 0.073438 0.075000 0.071875 0.076563 0.070312 0.079687 0.068750 0.084375 0.067187 0.087500 0.065625 0.089063 0.062500 0.090625 0.051562 0.090625 0.045312 0.093750 0.043750 0.096875 0.043750 0.106250 0.046875 0.110937 0.051562 0.115625 0.051562 0.126562 0.053125 0.129688 0.056250 0.132812 0.065625 0.132812 0.070312 0.129688 0.075000 0.129688 0.081250 0.132812 0.084375 0.132812 0.085938 0.131250 0.090625 0.131250 0.096875 0.125000 0.101562 0.115625 0.101562 0.112500 0.100000 0.098437 0.096875 0.089063 0.096875 0.078125
0 0.143750 0.278125 0.140625 0.281250 0.140625 0.282813 0.134375 0.284375 0.131250 0.285938 0.126562 0.290625 0.126562 0.306250 0.137500 0.315625 0.139063 0.321875 0.132812 0.328125 0.129688 0.332813 0.129688 0.335938 0.131250 0.339062 0.134375 0.342187 0.148438 0.343750 0.151562 0.342187 0.157812 0.337500 0.160938 0.332813 0.162500 0.328125 0.164062 0.321875 0.160938 0.312500 0.160938 0.307812 0.162500 0.292187 0.159375 0.285938 0.154688 0.281250 0.151562 0.279687 0.146875 0.278125
0 0.253125 0.243750 0.243750 0.243750 0.239063 0.245312 0.232813 0.251563 0.231250 0.254688 0.231250 0.259375 0.229687 0.262500 0.223438 0.264062 0.220312 0.265625 0.218750 0.267188 0.218750 0.268750 0.215625 0.271875 0.214062 0.275000 0.214062 0.287500 0.221875 0.295312 0.221875 0.303125 0.223438 0.306250 0.228125 0.310937 0.232813 0.314063 0.237500 0.315625 0.246875 0.315625 0.251563 0.312500 0.267188 0.310937 0.270313 0.309375 0.273438 0.306250 0.275000 0.306250 0.276562 0.304688 0.278125 0.301563 0.276562 0.292187 0.282813 0.285938 0.285938 0.279687 0.285938 0.270313 0.284375 0.265625 0.279687 0.260937 0.273438 0.257812 0.270313 0.257812 0.267188 0.256250 0.259375 0.246875
0 0.214062 0.317188 0.204687 0.317188 0.201563 0.320312 0.187500 0.320312 0.184375 0.321875 0.181250 0.325000 0.181250 0.335938 0.176563 0.340625 0.173437 0.346875 0.173437 0.353125 0.175000 0.356250 0.187500 0.367188 0.190625 0.370312 0.192188 0.375000 0.193750 0.376563 0.200000 0.379688 0.204687 0.379688 0.209375 0.378125 0.218750 0.373437 0.223438 0.368750 0.228125 0.367188 0.231250 0.365625 0.232813 0.364063 0.234375 0.360938 0.234375 0.351562 0.231250 0.345313 0.226562 0.340625 0.225000 0.337500 0.223438 0.329688 0.220312 0.323437
0 0.000000 0.339062 0.001563 0.370312 0.017188 0.368750 0.023438 0.368750 0.031250 0.370312 0.039062 0.373437 0.048438 0.373437 0.051562 0.371875 0.054688 0.368750 0.054688 0.364063 0.053125 0.360938 0.050000 0.357812 0.048438 0.357812 0.046875 0.356250 0.045312 0.353125 0.045312 0.346875 0.042188 0.340625 0.037500 0.335938 0.034375 0.334375 0.025000 0.334375 0.021875 0.335938 0.018750 0.339062 0.015625 0.340625 0.010937 0.340625
0 0.000000 0.371875 0.000000 0.425000 0.004687 0.428125 0.004687 0.429688 0.007812 0.432812 0.018750 0.432812 0.023438 0.435937 0.031250 0.435937 0.034375 0.434375 0.039062 0.429688 0.040625 0.425000 0.042188 0.423438 0.046875 0.421875 0.050000 0.418750 0.050000 0.414062 0.053125 0.407813 0.054688 0.406250 0.060937 0.401562 0.060937 0.390625 0.059375 0.387500 0.053125 0.384375 0.048438 0.384375 0.045312 0.382812 0.043750 0.381250 0.042188 0.378125 0.042188 0.375000 0.035937 0.371875 0.029687 0.370312 0.014063 0.370312 0.012500 0.371875
0 0.200000 0.400000 0.200000 0.404687 0.204687 0.409375 0.215625 0.410938 0.225000 0.420312 0.231250 0.423438 0.239063 0.423438 0.242188 0.426563 0.248438 0.426563 0.253125 0.420312 0.254688 0.418750 0.257812 0.417187 0.264062 0.417187 0.267188 0.414062 0.267188 0.407813 0.264062 0.401562 0.259375 0.398438 0.250000 0.393750 0.246875 0.393750 0.243750 0.392188 0.237500 0.387500 0.234375 0.385937 0.220312 0.385937 0.215625 0.387500 0.210938 0.390625 0.207813 0.390625 0.204687 0.392188 0.201563 0.396875
0 0.276562 0.410938 0.270313 0.414062 0.265625 0.418750 0.265625 0.429688 0.264062 0.432812 0.260937 0.435937 0.259375 0.435937 0.254688 0.440625 0.254688 0.445312 0.256250 0.451562 0.259375 0.457813 0.262500 0.460938 0.264062 0.460938 0.267188 0.464062 0.268750 0.467187 0.268750 0.473438 0.270313 0.476562 0.279687 0.478125 0.282813 0.476562 0.289062 0.470313 0.295312 0.468750 0.301563 0.465625 0.303125 0.464062 0.306250 0.457813 0.306250 0.450000 0.304688 0.446875 0.298438 0.440625 0.295312 0.439063 0.298438 0.437500 0.301563 0.434375 0.303125 0.431250 0.303125 0.423438 0.301563 0.420312 0.296875 0.415625 0.292187 0.415625 0.290625 0.417187 0.287500 0.417187 0.282813 0.412500 0.279687 0.410938
0 0.360938 0.493750 0.357812 0.490625 0.353125 0.487500 0.350000 0.485938 0.343750 0.485938 0.329688 0.487500 0.320312 0.492188 0.314063 0.498437 0.309375 0.500000 0.295312 0.514062 0.292187 0.520312 0.292187 0.523438 0.290625 0.526563 0.293750 0.534375 0.295312 0.534375 0.298438 0.537500 0.307812 0.537500 0.310937 0.535937 0.314063 0.532813 0.325000 0.531250 0.328125 0.532813 0.331250 0.535937 0.334375 0.537500 0.342187 0.539062 0.350000 0.535937 0.351562 0.532813 0.353125 0.521875 0.354687 0.518750 0.357812 0.515625 0.359375 0.512500 0.360938 0.500000
0 0.270313 0.523438 0.270313 0.532813 0.275000 0.542188 0.285938 0.543750 0.292187 0.546875 0.301563 0.556250 0.309375 0.557813 0.317188 0.562500 0.331250 0.564063 0.351562 0.564063 0.356250 0.560937 0.364063 0.560937 0.375000 0.562500 0.375000 0.556250 0.368750 0.550000 0.362500 0.546875 0.357812 0.546875 0.353125 0.543750 0.346875 0.543750 0.340625 0.542188 0.337500 0.539062 0.326562 0.534375 0.321875 0.532813 0.318750 0.532813 0.317188 0.534375 0.312500 0.534375 0.307812 0.539062 0.301563 0.539062 0.298438 0.537500 0.293750 0.532813 0.290625 0.531250 0.282813 0.531250 0.279687 0.529687 0.278125 0.525000 0.275000 0.521875
0 0.237500 0.450000 0.237500 0.453125 0.239063 0.454688 0.239063 0.465625 0.235937 0.467187 0.234375 0.470313 0.235937 0.475000 0.239063 0.479687 0.239063 0.489063 0.243750 0.495312 0.251563 0.503125 0.253125 0.503125 0.262500 0.512500 0.265625 0.512500 0.270313 0.510938 0.273438 0.509375 0.282813 0.503125 0.287500 0.498437 0.289062 0.495312 0.287500 0.487500 0.281250 0.484375 0.270313 0.479687 0.265625 0.478125 0.265625 0.471875 0.264062 0.468750 0.259375 0.464062 0.250000 0.464062 0.246875 0.460938 0.243750 0.454688 0.242188 0.450000
0 0.610938 0.210938 0.607812 0.209375 0.603125 0.207813 0.593750 0.209375 0.592187 0.215625 0.589063 0.218750 0.578125 0.218750 0.575000 0.220312 0.571875 0.223438 0.568750 0.229687 0.568750 0.239063 0.567187 0.242188 0.565625 0.243750 0.554688 0.248438 0.551562 0.254688 0.551562 0.257812 0.553125 0.262500 0.554688 0.265625 0.557813 0.268750 0.560937 0.268750 0.564063 0.270313 0.567187 0.273438 0.567187 0.278125 0.573438 0.278125 0.581250 0.276562 0.585938 0.273438 0.589063 0.270313 0.593750 0.267188 0.607812 0.264062 0.607812 0.262500 0.610938 0.259375 0.614062 0.253125 0.614062 0.248438 0.617188 0.243750 0.618750 0.239063 0.618750 0.234375 0.617188 0.220312 0.614062 0.214062
0 0.667188 0.259375 0.662500 0.260937 0.657813 0.265625 0.657813 0.273438 0.656250 0.276562 0.651563 0.279687 0.650000 0.282813 0.650000 0.290625 0.651563 0.295312 0.657813 0.301563 0.660937 0.303125 0.671875 0.303125 0.679688 0.298438 0.682813 0.295312 0.684375 0.295312 0.685937 0.293750 0.689063 0.287500 0.689063 0.273438 0.687500 0.270313 0.684375 0.267188 0.682813 0.267188 0.678125 0.262500 0.675000 0.260937
0 0.729688 0.295312 0.726562 0.296875 0.723437 0.296875 0.720313 0.298438 0.717187 0.301563 0.715625 0.301563 0.709375 0.309375 0.703125 0.312500 0.696875 0.317188 0.692187 0.321875 0.690625 0.326562 0.689063 0.329688 0.687500 0.331250 0.685937 0.331250 0.684375 0.332813 0.684375 0.334375 0.681250 0.337500 0.679688 0.340625 0.679688 0.354687 0.681250 0.359375 0.685937 0.364063 0.692187 0.364063 0.693750 0.362500 0.700000 0.362500 0.704688 0.367188 0.704688 0.368750 0.710938 0.375000 0.714063 0.376563 0.717187 0.376563 0.720313 0.378125 0.723437 0.376563 0.729688 0.370312 0.729688 0.360938 0.731250 0.356250 0.735938 0.351562 0.737500 0.348438 0.735938 0.340625 0.740625 0.335938 0.742188 0.335938 0.746875 0.331250 0.748437 0.328125 0.750000 0.323437 0.750000 0.314063 0.746875 0.310937 0.742188 0.309375 0.735938 0.309375 0.732812 0.306250 0.732812 0.296875
0 0.720313 0.239063 0.714063 0.235937 0.707812 0.234375 0.703125 0.234375 0.698438 0.235937 0.692187 0.242188 0.690625 0.245312 0.690625 0.251563 0.693750 0.264062 0.712500 0.264062 0.715625 0.262500 0.721875 0.256250 0.723437 0.253125 0.723437 0.248438 0.721875 0.242188
0 0.464062 0.293750 0.457813 0.296875 0.453125 0.301563 0.451562 0.304688 0.450000 0.309375 0.451562 0.323437 0.451562 0.328125 0.448437 0.331250 0.445312 0.331250 0.442188 0.332813 0.439063 0.335938 0.439063 0.343750 0.440625 0.353125 0.443750 0.356250 0.448437 0.359375 0.451562 0.360938 0.457813 0.362500 0.462500 0.367188 0.464062 0.371875 0.468750 0.376563 0.478125 0.376563 0.481250 0.375000 0.485938 0.371875 0.492188 0.365625 0.501563 0.360938 0.509375 0.353125 0.512500 0.348438 0.514062 0.345313 0.514062 0.342187 0.509375 0.334375 0.509375 0.326562 0.512500 0.320312 0.512500 0.307812 0.507812 0.303125 0.503125 0.301563 0.498437 0.304688 0.495312 0.304688 0.490625 0.300000 0.484375 0.296875 0.470313 0.293750
0 0.568750 0.296875 0.565625 0.298438 0.562500 0.304688 0.562500 0.315625 0.559375 0.318750 0.554688 0.320312 0.546875 0.328125 0.546875 0.331250 0.545312 0.334375 0.548438 0.340625 0.553125 0.345313 0.554688 0.348438 0.554688 0.354687 0.556250 0.359375 0.557813 0.362500 0.559375 0.364063 0.562500 0.365625 0.567187 0.367188 0.578125 0.365625 0.582812 0.365625 0.592187 0.375000 0.595313 0.376563 0.603125 0.376563 0.609375 0.370312 0.610938 0.367188 0.610938 0.359375 0.617188 0.354687 0.618750 0.343750 0.615625 0.337500 0.606250 0.328125 0.601562 0.320312 0.603125 0.303125 0.600000 0.296875 0.596875 0.293750 0.590625 0.293750 0.587500 0.295312 0.584375 0.298438 0.576562 0.298438 0.571875 0.296875
0 0.410938 0.395313 0.410938 0.398438 0.412500 0.401562 0.415625 0.404687 0.423438 0.409375 0.426563 0.410938 0.445312 0.410938 0.448437 0.412500 0.453125 0.417187 0.459375 0.417187 0.460938 0.414062 0.460938 0.406250 0.459375 0.403125 0.454688 0.400000 0.454688 0.390625 0.445312 0.381250 0.442188 0.379688 0.429688 0.379688 0.425000 0.381250 0.421875 0.382812 0.412500 0.392188
0 0.509375 0.367188 0.504687 0.371875 0.504687 0.373437 0.501563 0.376563 0.496875 0.378125 0.492188 0.382812 0.492188 0.396875 0.493750 0.400000 0.498437 0.406250 0.500000 0.414062 0.503125 0.420312 0.504687 0.421875 0.506250 0.421875 0.509375 0.425000 0.520312 0.425000 0.532813 0.414062 0.537500 0.409375 0.539062 0.401562 0.543750 0.396875 0.545312 0.393750 0.546875 0.385937 0.550000 0.382812 0.550000 0.379688 0.548438 0.376563 0.543750 0.373437 0.539062 0.371875 0.531250 0.371875 0.520312 0.367188
0 0.592187 0.403125 0.585938 0.403125 0.579688 0.406250 0.578125 0.403125 0.576562 0.401562 0.575000 0.393750 0.571875 0.387500 0.568750 0.384375 0.564063 0.381250 0.553125 0.381250 0.550000 0.382812 0.550000 0.385937 0.545312 0.390625 0.545312 0.395313 0.539062 0.407813 0.532813 0.414062 0.531250 0.414062 0.523438 0.421875 0.518750 0.423438 0.520312 0.426563 0.523438 0.429688 0.523438 0.434375 0.518750 0.439063 0.517188 0.443750 0.518750 0.446875 0.521875 0.448437 0.528125 0.450000 0.539062 0.450000 0.545312 0.453125 0.550000 0.453125 0.553125 0.451562 0.556250 0.448437 0.565625 0.448437 0.568750 0.446875 0.568750 0.443750 0.570312 0.442188 0.570312 0.435937 0.573438 0.432812 0.581250 0.431250 0.584375 0.429688 0.587500 0.426563 0.589063 0.423438 0.592187 0.414062
0 0.485938 0.415625 0.478125 0.415625 0.470313 0.417187 0.451562 0.426563 0.446875 0.426563 0.443750 0.428125 0.440625 0.431250 0.440625 0.437500 0.437500 0.442188 0.435937 0.446875 0.435937 0.451562 0.437500 0.457813 0.439063 0.460938 0.442188 0.464062 0.446875 0.465625 0.454688 0.465625 0.457813 0.468750 0.457813 0.473438 0.459375 0.476562 0.467187 0.478125 0.470313 0.476562 0.476562 0.471875 0.478125 0.470313 0.479687 0.467187 0.479687 0.459375 0.484375 0.454688 0.489063 0.454688 0.493750 0.450000 0.493750 0.440625 0.492188 0.435937 0.493750 0.423438 0.492188 0.420312 0.489063 0.417187
0 0.529687 0.457813 0.526563 0.457813 0.525000 0.456250 0.520312 0.456250 0.510938 0.460938 0.504687 0.459375 0.489063 0.467187 0.482812 0.473438 0.475000 0.476562 0.464062 0.487500 0.464062 0.495312 0.465625 0.500000 0.467187 0.503125 0.473438 0.510938 0.479687 0.515625 0.481250 0.515625 0.484375 0.518750 0.484375 0.526563 0.487500 0.529687 0.500000 0.528125 0.507812 0.529687 0.510938 0.529687 0.512500 0.528125 0.517188 0.528125 0.526563 0.518750 0.529687 0.514062 0.529687 0.512500 0.534375 0.510938 0.545312 0.500000 0.545312 0.484375 0.543750 0.481250 0.531250 0.468750 0.531250 0.460938
0 0.685937 0.437500 0.678125 0.437500 0.671875 0.440625 0.668750 0.443750 0.665625 0.448437 0.664062 0.451562 0.664062 0.456250 0.662500 0.459375 0.659375 0.460938 0.656250 0.465625 0.650000 0.478125 0.650000 0.487500 0.651563 0.496875 0.653125 0.503125 0.654687 0.506250 0.656250 0.507812 0.657813 0.507812 0.659375 0.509375 0.660937 0.512500 0.660937 0.515625 0.668750 0.518750 0.670312 0.518750 0.673438 0.504687 0.684375 0.504687 0.690625 0.493750 0.692187 0.485938 0.692187 0.478125 0.693750 0.475000 0.698438 0.470313 0.700000 0.460938 0.698438 0.454688 0.692187 0.446875 0.692187 0.443750
0 0.485938 0.562500 0.485938 0.565625 0.482812 0.570312 0.482812 0.576562 0.484375 0.579688 0.490625 0.585938 0.498437 0.587500 0.504687 0.587500 0.507812 0.581250 0.507812 0.570312 0.504687 0.564063 0.501563 0.562500 0.493750 0.560937
0 0.540625 0.531250 0.532813 0.531250 0.528125 0.534375 0.521875 0.540625 0.521875 0.545312 0.518750 0.548438 0.515625 0.550000 0.512500 0.550000 0.507812 0.554688 0.507812 0.560937 0.510938 0.564063 0.510938 0.567187 0.509375 0.579688 0.517188 0.587500 0.521875 0.589063 0.525000 0.589063 0.529687 0.584375 0.531250 0.581250 0.532813 0.571875 0.532813 0.557813 0.534375 0.551562 0.540625 0.535937
0 0.601562 0.501563 0.582812 0.501563 0.579688 0.503125 0.575000 0.507812 0.565625 0.507812 0.560937 0.510938 0.551562 0.520312 0.548438 0.525000 0.550000 0.532813 0.548438 0.535937 0.543750 0.540625 0.543750 0.548438 0.545312 0.568750 0.548438 0.571875 0.548438 0.578125 0.545312 0.582812 0.546875 0.590625 0.553125 0.593750 0.559375 0.593750 0.562500 0.592187 0.564063 0.590625 0.568750 0.582812 0.573438 0.582812 0.578125 0.589063 0.581250 0.590625 0.589063 0.590625 0.593750 0.587500 0.598437 0.587500 0.601562 0.585938 0.606250 0.581250 0.610938 0.581250 0.614062 0.578125 0.618750 0.575000 0.623437 0.570312 0.625000 0.567187 0.625000 0.556250 0.626563 0.553125 0.634375 0.543750 0.635938 0.540625 0.634375 0.535937 0.629687 0.531250 0.626563 0.523438 0.625000 0.521875 0.621875 0.520312 0.618750 0.520312 0.612500 0.514062
0 0.671875 0.540625 0.670312 0.540625 0.667188 0.537500 0.660937 0.535937 0.656250 0.535937 0.651563 0.537500 0.642188 0.542188 0.634375 0.546875 0.629687 0.551562 0.628125 0.554688 0.628125 0.564063 0.626563 0.568750 0.625000 0.571875 0.620313 0.576562 0.618750 0.579688 0.615609 0.581547 0.612828 0.582844 0.606875 0.586172 0.609375 0.590625 0.612500 0.592187 0.618750 0.592187 0.634375 0.581250 0.640625 0.573438 0.643750 0.571875 0.657813 0.567187 0.660937 0.564063 0.662500 0.564063 0.662500 0.554688 0.667188 0.550000 0.671875 0.548438
0 0.590625 0.620313 0.587500 0.623437 0.585938 0.626563 0.585938 0.635938 0.587500 0.639062 0.593750 0.645312 0.592187 0.650000 0.587500 0.651563 0.579688 0.659375 0.578125 0.662500 0.578125 0.671875 0.579688 0.675000 0.581250 0.676562 0.582812 0.676562 0.587500 0.679688 0.592187 0.684375 0.593750 0.684375 0.596875 0.687500 0.596875 0.695312 0.598437 0.698438 0.607812 0.700000 0.614062 0.696875 0.623437 0.687500 0.635938 0.685937 0.637500 0.681250 0.637500 0.664062 0.632812 0.654687 0.632812 0.643750 0.631250 0.639062 0.625000 0.632812 0.621875 0.632812 0.620313 0.634375 0.617188 0.634375 0.614062 0.632812 0.604688 0.623437 0.600000 0.620313
0 0.667188 0.721875 0.665625 0.726562 0.659375 0.737500 0.659375 0.746875 0.664062 0.751563 0.673438 0.753125 0.678125 0.754687 0.681250 0.756250 0.685937 0.760938 0.685937 0.762500 0.690625 0.767188 0.695312 0.768750 0.701562 0.768750 0.707812 0.767188 0.714063 0.764062 0.714063 0.751563 0.706250 0.735938 0.698438 0.728125 0.698438 0.725000 0.696875 0.721875 0.692187 0.717187 0.689063 0.715625 0.678125 0.715625 0.671875 0.718750 0.668750 0.721875
1 0.659375 0.676562 0.657813 0.679688 0.657813 0.687500 0.659375 0.690625 0.662500 0.692187 0.670312 0.692187 0.673438 0.689063 0.675000 0.685937 0.675000 0.682813 0.673438 0.679688 0.670312 0.676562 0.667188 0.675000 0.664062 0.675000 0.662500 0.676562
1 0.726562 0.662500 0.723437 0.665625 0.723437 0.673438 0.725000 0.678125 0.726562 0.681250 0.728125 0.682813 0.731250 0.684375 0.734375 0.684375 0.739062 0.682813 0.742188 0.681250 0.745313 0.678125 0.745313 0.668750 0.740625 0.664062 0.735938 0.662500
1 0.926562 0.659375 0.920312 0.662500 0.917188 0.668750 0.917188 0.676562 0.918750 0.679688 0.920312 0.681250 0.921875 0.681250 0.925000 0.684375 0.928125 0.685937 0.934375 0.685937 0.940625 0.679688 0.942187 0.676562 0.942187 0.667188 0.939063 0.662500 0.934375 0.659375
1 0.850000 0.731250 0.846875 0.732812 0.845313 0.734375 0.843750 0.737500 0.843750 0.743750 0.845313 0.746875 0.848437 0.750000 0.851562 0.751563 0.856250 0.751563 0.860938 0.746875 0.862500 0.742188 0.862500 0.737500 0.860938 0.734375 0.857812 0.732812 0.853125 0.731250
1 0.876563 0.720313 0.871875 0.725000 0.870313 0.729688 0.871875 0.737500 0.873437 0.740625 0.878125 0.743750 0.882812 0.745313 0.887500 0.745313 0.889062 0.746875 0.893750 0.745313 0.898438 0.735938 0.900000 0.731250 0.898438 0.726562 0.896875 0.723437 0.893750 0.720313 0.890625 0.718750 0.879687 0.718750
0 0.820312 0.651563 0.818750 0.653125 0.817187 0.656250 0.815625 0.662500 0.817187 0.676562 0.815625 0.679688 0.814063 0.681250 0.807813 0.684375 0.803125 0.685937 0.801562 0.689063 0.800000 0.695312 0.800000 0.700000 0.801562 0.703125 0.810937 0.710938 0.814063 0.714063 0.815625 0.718750 0.821875 0.725000 0.832812 0.725000 0.837500 0.723437 0.848437 0.717187 0.853125 0.715625 0.860938 0.715625 0.864062 0.714063 0.868750 0.710938 0.870313 0.707812 0.868750 0.692187 0.870313 0.685937 0.873437 0.681250 0.875000 0.676562 0.875000 0.671875 0.873437 0.668750 0.868750 0.664062 0.864062 0.662500 0.851562 0.662500 0.842187 0.653125 0.837500 0.651563 0.831250 0.650000 0.823438 0.650000
0 0.770312 0.743750 0.768750 0.746875 0.768750 0.753125 0.770312 0.756250 0.775000 0.760938 0.778125 0.762500 0.784375 0.764062 0.787500 0.765625 0.792188 0.770312 0.792188 0.773438 0.790625 0.785937 0.792188 0.792188 0.793750 0.795312 0.795312 0.796875 0.798438 0.798438 0.804688 0.796875 0.817187 0.789062 0.820312 0.789062 0.825000 0.793750 0.831250 0.793750 0.839063 0.785937 0.837500 0.775000 0.837500 0.770312 0.840625 0.767188 0.848437 0.767188 0.850000 0.764062 0.850000 0.754687 0.848437 0.751563 0.843750 0.746875 0.842187 0.743750 0.840625 0.739062 0.842187 0.729688 0.840625 0.726562 0.837500 0.725000 0.831250 0.725000 0.829688 0.726562 0.820312 0.728125 0.817187 0.728125 0.812500 0.725000 0.804688 0.726562 0.803125 0.729688 0.803125 0.739062 0.800000 0.742188 0.796875 0.742188 0.793750 0.739062 0.776563 0.739062 0.773438 0.740625
0 0.882812 0.771875 0.881250 0.775000 0.881250 0.782813 0.879687 0.784375 0.879687 0.792188 0.876563 0.798438 0.876563 0.801562 0.881250 0.806250 0.885938 0.809375 0.890625 0.810937 0.900000 0.810937 0.906250 0.809375 0.909375 0.806250 0.909375 0.804688 0.912500 0.801562 0.915625 0.800000 0.920312 0.803125 0.934375 0.803125 0.937500 0.801562 0.940625 0.798438 0.939063 0.789062 0.939063 0.784375 0.945312 0.773438 0.945312 0.768750 0.939063 0.762500 0.935937 0.760938 0.931250 0.759375 0.915625 0.759375 0.909375 0.754687 0.900000 0.754687 0.892188 0.762500 0.892188 0.764062
0 0.853125 0.765625 0.851562 0.781250 0.851562 0.785937 0.853125 0.790625 0.854688 0.793750 0.859375 0.798438 0.862500 0.800000 0.876563 0.800000 0.876563 0.796875 0.878125 0.795312 0.879687 0.787500 0.879687 0.776563 0.876563 0.770312 0.870313 0.767188 0.864062 0.767188 0.859375 0.765625
0 0.785937 0.831250 0.782813 0.832812 0.776563 0.839063 0.775000 0.843750 0.764062 0.854688 0.760938 0.860938 0.759375 0.868750 0.759375 0.875000 0.762500 0.881250 0.762500 0.885938 0.760938 0.887500 0.760938 0.892188 0.762500 0.896875 0.764062 0.900000 0.771875 0.907813 0.775000 0.909375 0.782813 0.909375 0.785937 0.907813 0.789062 0.904687 0.798438 0.904687 0.815625 0.906250 0.818750 0.903125 0.818750 0.892188 0.815625 0.887500 0.817187 0.884375 0.820312 0.881250 0.821875 0.881250 0.826562 0.876563 0.831250 0.867188 0.831250 0.859375 0.829688 0.856250 0.826562 0.853125 0.820312 0.850000 0.812500 0.848437 0.804688 0.848437 0.803125 0.845313 0.803125 0.840625 0.801562 0.837500 0.798438 0.834375 0.792188 0.831250
0 0.751563 0.940625 0.745313 0.935937 0.740625 0.934375 0.732812 0.934375 0.723437 0.939063 0.718750 0.937500 0.714063 0.940625 0.706250 0.942187 0.701562 0.939063 0.695312 0.940625 0.693750 0.943750 0.693750 0.948438 0.690625 0.951562 0.685937 0.953125 0.681250 0.956250 0.679688 0.960938 0.675000 0.968750 0.676562 0.976562 0.681250 0.978125 0.684375 0.981250 0.684375 0.989062 0.685937 0.992188 0.689063 0.995313 0.695312 0.995313 0.700000 0.993750 0.706250 0.989062 0.714063 0.981250 0.717187 0.979688 0.720313 0.979688 0.723437 0.976562 0.726562 0.975000 0.735938 0.973437 0.745313 0.968750 0.746875 0.965625 0.743750 0.957812 0.750000 0.951562 0.751563 0.948438
0 0.607812 0.898438 0.604688 0.901563 0.603125 0.906250 0.603125 0.912500 0.604688 0.914062 0.604688 0.920312 0.603125 0.932813 0.604688 0.948438 0.606250 0.953125 0.610938 0.957812 0.621875 0.957812 0.628125 0.965625 0.635938 0.971875 0.639062 0.973437 0.643750 0.975000 0.646875 0.975000 0.657813 0.971875 0.662500 0.973437 0.665625 0.973437 0.668750 0.971875 0.673438 0.967187 0.676562 0.962500 0.678125 0.959375 0.678125 0.953125 0.682813 0.946875 0.682813 0.939063 0.681250 0.937500 0.681250 0.929688 0.684375 0.926562 0.684375 0.917188 0.682813 0.914062 0.676562 0.909375 0.667188 0.907813 0.662500 0.903125 0.659375 0.896875 0.656250 0.893750 0.648438 0.889062 0.643750 0.889062 0.640625 0.890625 0.634375 0.896875 0.629687 0.898438 0.617188 0.895312 0.610938 0.896875
0 0.753125 0.896875 0.750000 0.890625 0.748437 0.889062 0.746875 0.889062 0.743750 0.885938 0.735938 0.882812 0.732812 0.882812 0.723437 0.884375 0.715625 0.885938 0.698438 0.890625 0.685937 0.896875 0.681250 0.901563 0.681250 0.910937 0.687500 0.918750 0.689063 0.920312 0.695312 0.923438 0.700000 0.925000 0.707812 0.925000 0.710938 0.926562 0.717187 0.932813 0.720313 0.934375 0.723437 0.934375 0.728125 0.932813 0.734375 0.926562 0.739062 0.915625 0.742188 0.912500 0.746875 0.910937 0.753125 0.904687
0 0.650000 0.876563 0.650000 0.885938 0.656250 0.892188 0.659375 0.893750 0.670312 0.896875 0.678125 0.896875 0.681250 0.900000 0.684375 0.900000 0.689063 0.895312 0.692187 0.895312 0.696875 0.890625 0.704688 0.885938 0.707812 0.885938 0.710938 0.882812 0.717187 0.881250 0.728125 0.879687 0.734375 0.881250 0.734375 0.875000 0.732812 0.871875 0.728125 0.867188 0.726562 0.867188 0.723437 0.864062 0.721875 0.860938 0.721875 0.856250 0.720313 0.853125 0.715625 0.848437 0.710938 0.846875 0.704688 0.840625 0.701562 0.839063 0.698438 0.839063 0.689063 0.840625 0.684375 0.835938 0.673438 0.839063 0.671875 0.840625 0.668750 0.840625 0.667188 0.843750 0.667188 0.848437 0.668750 0.860938 0.665625 0.864062 0.660937 0.864062 0.657813 0.865625
0 0.617188 0.792188 0.615625 0.793750 0.612500 0.793750 0.610938 0.796875 0.610938 0.801562 0.606250 0.806250 0.596875 0.807813 0.593750 0.809375 0.589063 0.814063 0.589063 0.823438 0.590625 0.828125 0.595313 0.834375 0.598437 0.840625 0.598437 0.846875 0.596875 0.848437 0.596875 0.853125 0.598437 0.854688 0.598437 0.860938 0.600000 0.865625 0.603125 0.868750 0.621875 0.868750 0.625000 0.873437 0.631250 0.875000 0.634375 0.871875 0.635938 0.868750 0.635938 0.865625 0.637500 0.862500 0.640625 0.859375 0.642188 0.859375 0.646875 0.854688 0.650000 0.850000 0.651563 0.845313 0.651563 0.832812 0.654687 0.828125 0.656250 0.820312 0.656250 0.814063 0.654687 0.812500 0.654687 0.807813 0.651563 0.806250 0.642188 0.806250 0.639062 0.803125 0.639062 0.801562 0.635938 0.798438 0.631250 0.795312 0.628125 0.793750 0.621875 0.792188
0 0.523438 0.765625 0.521875 0.770312 0.523438 0.779687 0.523438 0.782813 0.520312 0.785937 0.515625 0.785937 0.512500 0.787500 0.509375 0.790625 0.509375 0.798438 0.510938 0.801562 0.515625 0.806250 0.518750 0.807813 0.521875 0.807813 0.525000 0.810937 0.526563 0.815625 0.528125 0.817187 0.531250 0.818750 0.539062 0.818750 0.543750 0.815625 0.557813 0.815625 0.560937 0.814063 0.564063 0.810937 0.564063 0.801562 0.570312 0.793750 0.571875 0.790625 0.571875 0.779687 0.567187 0.775000 0.564063 0.773438 0.557813 0.773438 0.553125 0.776563 0.548438 0.776563 0.545312 0.773438 0.537500 0.764062
0 0.504687 0.812500 0.496875 0.812500 0.490625 0.815625 0.489063 0.817187 0.487500 0.820312 0.485938 0.825000 0.482812 0.828125 0.475000 0.829688 0.473438 0.834375 0.471875 0.835938 0.468750 0.837500 0.465625 0.837500 0.462500 0.840625 0.460938 0.845313 0.462500 0.848437 0.465625 0.851562 0.468750 0.851562 0.471875 0.854688 0.471875 0.862500 0.475000 0.865625 0.481250 0.868750 0.485938 0.873437 0.485938 0.875000 0.492188 0.881250 0.498437 0.881250 0.510938 0.868750 0.515625 0.867188 0.523438 0.867188 0.526563 0.864062 0.528125 0.860938 0.528125 0.848437 0.526563 0.835938 0.525000 0.831250 0.520312 0.826562 0.515625 0.825000 0.512500 0.823438 0.510938 0.821875 0.509375 0.817187
0 0.496875 0.882812 0.495312 0.885938 0.495312 0.895312 0.496875 0.898438 0.500000 0.901563 0.501563 0.901563 0.506250 0.906250 0.506250 0.912500 0.507812 0.917188 0.514062 0.923438 0.523438 0.923438 0.528125 0.920312 0.532813 0.918750 0.539062 0.923438 0.542188 0.925000 0.550000 0.925000 0.554688 0.920312 0.556250 0.917188 0.556250 0.907813 0.551562 0.900000 0.551562 0.895312 0.554688 0.892188 0.554688 0.882812 0.553125 0.879687 0.551562 0.878125 0.550000 0.878125 0.546875 0.875000 0.542188 0.873437 0.529687 0.873437 0.523438 0.870313 0.510938 0.870313
0 0.585938 0.851562 0.584375 0.857812 0.581250 0.860938 0.579688 0.867188 0.581250 0.875000 0.587500 0.885938 0.587500 0.893750 0.593750 0.904687 0.595313 0.912500 0.598437 0.917188 0.601562 0.914062 0.603125 0.910937 0.603125 0.895312 0.601562 0.868750 0.598437 0.860938 0.596875 0.856250 0.592187 0.851562
1 0.426563 0.914062 0.426563 0.926562 0.429688 0.928125 0.435937 0.928125 0.439063 0.926562 0.440625 0.920312 0.440625 0.917188 0.437500 0.914062 0.434375 0.912500 0.429688 0.912500
1 0.415625 0.948438 0.415625 0.954688 0.418750 0.959375 0.428125 0.959375 0.429688 0.957812 0.432812 0.957812 0.432812 0.954688 0.434375 0.953125 0.432812 0.943750 0.429688 0.942187 0.421875 0.942187
1 0.434375 0.957812 0.429688 0.957812 0.428125 0.959375 0.420312 0.959375 0.420312 0.967187 0.423438 0.970313 0.431250 0.970313 0.434375 0.967187 0.435937 0.964063
0 0.010937 0.810937 0.007812 0.814063 0.006250 0.817187 0.006250 0.825000 0.009375 0.831250 0.014063 0.837500 0.007812 0.843750 0.004687 0.848437 0.004687 0.854688 0.006250 0.857812 0.009375 0.860938 0.014063 0.864062 0.018750 0.865625 0.026562 0.865625 0.032813 0.870313 0.040625 0.871875 0.046875 0.870313 0.053125 0.864062 0.054688 0.860938 0.054688 0.857812 0.056250 0.854688 0.057813 0.853125 0.060937 0.851562 0.062500 0.851562 0.065625 0.850000 0.067187 0.848437 0.068750 0.845313 0.068750 0.832812 0.067187 0.829688 0.060937 0.823438 0.060937 0.818750 0.059375 0.814063 0.053125 0.807813 0.050000 0.806250 0.040625 0.806250 0.037500 0.807813 0.031250 0.812500 0.028125 0.812500 0.021875 0.809375 0.015625 0.809375
0 0.121875 0.892188 0.112500 0.892188 0.109375 0.893750 0.106250 0.896875 0.104688 0.896875 0.103125 0.898438 0.103125 0.900000 0.100000 0.903125 0.100000 0.906250 0.095312 0.910937 0.081250 0.910937 0.078125 0.912500 0.071875 0.918750 0.071875 0.926562 0.075000 0.932813 0.078125 0.935937 0.079687 0.935937 0.082812 0.939063 0.082812 0.950000 0.084375 0.953125 0.087500 0.956250 0.092188 0.959375 0.100000 0.959375 0.110937 0.954688 0.121875 0.956250 0.125000 0.954688 0.126562 0.953125 0.129688 0.946875 0.129688 0.939063 0.134375 0.934375 0.139063 0.932813 0.140625 0.929688 0.140625 0.920312 0.134375 0.914062 0.132812 0.910937 0.132812 0.906250 0.125000 0.893750
0 0.128125 0.885938 0.128125 0.895312 0.129688 0.898438 0.134375 0.904687 0.135937 0.906250 0.140625 0.909375 0.142187 0.909375 0.142187 0.925000 0.145313 0.928125 0.148438 0.929688 0.154688 0.931250 0.162500 0.931250 0.185938 0.929688 0.192188 0.926562 0.195312 0.923438 0.196875 0.920312 0.196875 0.912500 0.198437 0.907813 0.201563 0.904687 0.203125 0.900000 0.203125 0.896875 0.201563 0.895312 0.201563 0.890625 0.196875 0.885938 0.193750 0.884375 0.184375 0.884375 0.181250 0.881250 0.178125 0.873437 0.171875 0.867188 0.168750 0.865625 0.160938 0.865625 0.156250 0.867188 0.151562 0.871875 0.151562 0.875000 0.148438 0.878125 0.135937 0.878125
0 0.204687 0.940625 0.201563 0.939063 0.196875 0.937500 0.190625 0.937500 0.184375 0.940625 0.184375 0.942187 0.181250 0.945312 0.170313 0.945312 0.164062 0.948438 0.162500 0.951562 0.162500 0.954688 0.159375 0.957812 0.157812 0.960938 0.156250 0.970313 0.151562 0.978125 0.151562 0.985938 0.154688 0.989062 0.159375 0.990625 0.164062 0.996875 0.207813 0.998437 0.209375 0.995313 0.210938 0.990625 0.212500 0.989062 0.217188 0.987500 0.223438 0.981250 0.223438 0.978125 0.221875 0.973437 0.215625 0.964063 0.212500 0.964063 0.207813 0.959375 0.207813 0.946875
0 0.223438 0.954688 0.217188 0.960938 0.217188 0.967187 0.223438 0.975000 0.223438 0.984375 0.220312 0.987500 0.215625 0.989062 0.212500 0.992188 0.210938 0.995313 0.210938 0.998437 0.257812 0.998437 0.260937 0.993750 0.262500 0.989062 0.262500 0.982812 0.260937 0.979688 0.254688 0.973437 0.251563 0.968750 0.250000 0.965625 0.248438 0.954688 0.239063 0.956250 0.234375 0.956250 0.231250 0.953125 0.226562 0.953125
0 0.998437 0.665625 0.995313 0.667188 0.993750 0.670312 0.993750 0.682813 0.985938 0.684375 0.982812 0.685937 0.979688 0.689063 0.981250 0.698438 0.979688 0.704688 0.982812 0.710938 0.990625 0.718750 0.995313 0.729688 0.998437 0.732812
0 0.998437 0.623437 0.995313 0.625000 0.990625 0.629687 0.989062 0.632812 0.989062 0.643750 0.992188 0.648438 0.998437 0.651563
0 0.565625 0.459375 0.559375 0.459375 0.548438 0.462500 0.545312 0.465625 0.545312 0.468750 0.553125 0.482812 0.556250 0.485938 0.560937 0.487500 0.567187 0.484375 0.570312 0.481250 0.571875 0.478125 0.571875 0.470313 0.570312 0.464062 0.568750 0.460938
0 0.470313 0.393750 0.470313 0.400000 0.473438 0.403125 0.479687 0.406250 0.484375 0.406250 0.487500 0.404687 0.490625 0.401562 0.490625 0.395313 0.487500 0.392188
1 0.473438 0.529687 0.468750 0.529687 0.465625 0.531250 0.459375 0.537500 0.457813 0.540625 0.459375 0.543750 0.473438 0.545312 0.476562 0.542188 0.476562 0.535937
1 0.479687 0.534375 0.479687 0.537500 0.481250 0.540625 0.484375 0.543750 0.493750 0.543750 0.496875 0.540625 0.496875 0.534375 0.493750 0.531250 0.487500 0.529687 0.481250 0.531250