0 0.042188 0.221875 0.039062 0.221875 0.034375 0.223438 0.029687 0.228125 0.023438 0.243750 0.029687 0.245312 0.031250 0.248438 0.028125 0.251563 0.012500 0.251563 0.010937 0.254688 0.012500 0.259375 0.026562 0.273438 0.028125 0.281250 0.031250 0.287500 0.034375 0.289062 0.042188 0.289062 0.048438 0.285938 0.051562 0.281250 0.059375 0.279687 0.062500 0.276562 0.064062 0.276562 0.065625 0.275000 0.065625 0.273438 0.068750 0.270313 0.070312 0.265625 0.073438 0.246875 0.071875 0.237500 0.057813 0.237500 0.048438 0.234375 0.048438 0.226562 0.045312 0.223438
0 0.142187 0.343750 0.139063 0.346875 0.139063 0.351562 0.143750 0.359375 0.143750 0.373437 0.145313 0.375000 0.145313 0.387500 0.142187 0.393750 0.142187 0.396875 0.145313 0.403125 0.148438 0.406250 0.151562 0.407813 0.162500 0.407813 0.168750 0.404687 0.178125 0.398438 0.184375 0.398438 0.187500 0.396875 0.195312 0.389062 0.196875 0.385937 0.198437 0.379688 0.196875 0.375000 0.195312 0.371875 0.193750 0.370312 0.190625 0.368750 0.184375 0.367188 0.181250 0.364063 0.173437 0.351562 0.168750 0.346875 0.159375 0.346875 0.154688 0.343750 0.150000 0.342187 0.145313 0.342187
0 0.067187 0.371875 0.068750 0.375000 0.073438 0.379688 0.075000 0.390625 0.079687 0.390625 0.084375 0.395313 0.087500 0.400000 0.089063 0.403125 0.089063 0.406250 0.087500 0.407813 0.089063 0.414062 0.095312 0.415625 0.103125 0.415625 0.104688 0.418750 0.110937 0.420312 0.114062 0.418750 0.115625 0.412500 0.118750 0.409375 0.123438 0.409375 0.129688 0.406250 0.129688 0.400000 0.128125 0.395313 0.126562 0.392188 0.112500 0.378125 0.110937 0.378125 0.106250 0.373437 0.104688 0.368750 0.079687 0.367188 0.071875 0.368750 0.070312 0.370312
0 0.071875 0.479687 0.075000 0.484375 0.075000 0.487500 0.076563 0.490625 0.081250 0.495312 0.081250 0.498437 0.084375 0.501563 0.093750 0.507812 0.103125 0.507812 0.106250 0.506250 0.110937 0.501563 0.118750 0.503125 0.121875 0.501563 0.123438 0.498437 0.121875 0.490625 0.120313 0.485938 0.114062 0.478125 0.112500 0.475000 0.110937 0.468750 0.106250 0.464062 0.103125 0.462500 0.093750 0.462500 0.089063 0.464062 0.085938 0.467187 0.085938 0.468750 0.082812 0.471875 0.075000 0.475000
0 0.585938 0.140625 0.581250 0.145313 0.579688 0.150000 0.581250 0.159375 0.571875 0.168750 0.571875 0.175000 0.573438 0.178125 0.578125 0.182812 0.578125 0.184375 0.581250 0.187500 0.585938 0.189062 0.589063 0.190625 0.590625 0.195312 0.592187 0.198437 0.596875 0.200000 0.600000 0.198437 0.603125 0.201563 0.603125 0.209375 0.604688 0.212500 0.606250 0.214062 0.612500 0.217188 0.621875 0.217188 0.623437 0.215625 0.629687 0.215625 0.626563 0.210938 0.626563 0.201563 0.628125 0.196875 0.631250 0.193750 0.631250 0.192188 0.640625 0.184375 0.642188 0.181250 0.642188 0.171875 0.640625 0.167187 0.639062 0.164062 0.632812 0.157812 0.632812 0.150000 0.631250 0.143750 0.629687 0.140625 0.628125 0.139063 0.626563 0.139063 0.623437 0.135937 0.615625 0.135937 0.610938 0.137500 0.606250 0.140625
0 0.515625 0.295312 0.509375 0.292187 0.504687 0.290625 0.496875 0.290625 0.492188 0.293750 0.473438 0.293750 0.470313 0.296875 0.468750 0.296875 0.467187 0.298438 0.462500 0.304688 0.460938 0.309375 0.453125 0.318750 0.451562 0.321875 0.451562 0.325000 0.456250 0.334375 0.454688 0.340625 0.457813 0.346875 0.464062 0.354687 0.468750 0.357812 0.481250 0.360938 0.493750 0.356250 0.498437 0.356250 0.504687 0.353125 0.504687 0.346875 0.501563 0.342187 0.503125 0.335938 0.506250 0.334375 0.512500 0.334375 0.515625 0.331250 0.520312 0.318750 0.520312 0.310937 0.517188 0.307812 0.515625 0.303125 0.517188 0.298438
0 0.539062 0.235937 0.532813 0.235937 0.528125 0.237500 0.514062 0.245312 0.507812 0.251563 0.503125 0.253125 0.500000 0.254688 0.498437 0.256250 0.496875 0.259375 0.496875 0.268750 0.498437 0.278125 0.500000 0.284375 0.504687 0.289062 0.517188 0.290625 0.520312 0.292187 0.526563 0.296875 0.537500 0.296875 0.542188 0.295312 0.545312 0.293750 0.548438 0.290625 0.548438 0.289062 0.551562 0.285938 0.554688 0.284375 0.559375 0.284375 0.562500 0.282813 0.565625 0.279687 0.568750 0.273438 0.568750 0.264062 0.565625 0.260937 0.564063 0.253125 0.557813 0.246875 0.546875 0.242188 0.542188 0.237500
0 0.606250 0.220312 0.606250 0.237500 0.607812 0.242188 0.609375 0.245312 0.614062 0.245312 0.621875 0.248438 0.626563 0.246875 0.631250 0.248438 0.635938 0.251563 0.645312 0.251563 0.651563 0.253125 0.651563 0.239063 0.650000 0.231250 0.648438 0.226562 0.640625 0.218750 0.637500 0.218750 0.631250 0.212500 0.625000 0.212500 0.618750 0.217188 0.614062 0.217188 0.609375 0.218750
0 0.576562 0.203125 0.576562 0.215625 0.571875 0.220312 0.571875 0.232813 0.564063 0.235937 0.567187 0.239063 0.570312 0.240625 0.573438 0.240625 0.576562 0.243750 0.579688 0.243750 0.582812 0.245312 0.585938 0.243750 0.590625 0.240625 0.593750 0.242188 0.595313 0.228125 0.598437 0.223438 0.603125 0.220312 0.603125 0.215625 0.600000 0.210938 0.595313 0.206250 0.590625 0.203125 0.587500 0.201563
0 0.576562 0.250000 0.575000 0.251563 0.571875 0.257812 0.571875 0.265625 0.573438 0.268750 0.581250 0.275000 0.585938 0.279687 0.587500 0.287500 0.592187 0.292187 0.595313 0.293750 0.610938 0.295312 0.620313 0.295312 0.623437 0.292187 0.625000 0.289062 0.626563 0.284375 0.626563 0.278125 0.628125 0.275000 0.632812 0.270313 0.632812 0.265625 0.625000 0.256250 0.612500 0.248438 0.603125 0.248438 0.595313 0.245312 0.589063 0.245312 0.582812 0.246875
0 0.653125 0.265625 0.650000 0.268750 0.645312 0.270313 0.637500 0.271875 0.634375 0.273438 0.629687 0.278125 0.629687 0.290625 0.623437 0.295312 0.621875 0.303125 0.626563 0.312500 0.631250 0.317188 0.634375 0.318750 0.642188 0.321875 0.646875 0.323437 0.660937 0.323437 0.664062 0.321875 0.665625 0.318750 0.665625 0.300000 0.670312 0.292187 0.671875 0.287500 0.671875 0.278125 0.670312 0.275000 0.665625 0.270313 0.660937 0.267188 0.657813 0.265625
0 0.695312 0.256250 0.684375 0.256250 0.681250 0.259375 0.679688 0.262500 0.679688 0.271875 0.681250 0.275000 0.684375 0.278125 0.684375 0.287500 0.681250 0.292187 0.681250 0.300000 0.679688 0.303125 0.678125 0.304688 0.675000 0.306250 0.675000 0.307812 0.671875 0.310937 0.670312 0.314063 0.671875 0.317188 0.676562 0.317188 0.684375 0.310937 0.698438 0.309375 0.704688 0.306250 0.709375 0.301563 0.714063 0.285938 0.714063 0.276562 0.712500 0.273438 0.709375 0.270313 0.709375 0.267188 0.707812 0.264062 0.704688 0.260937
0 0.657813 0.329688 0.656250 0.332813 0.653125 0.335938 0.651563 0.335938 0.648438 0.342187 0.645312 0.343750 0.642188 0.343750 0.632812 0.353125 0.629687 0.359375 0.629687 0.367188 0.631250 0.371875 0.645312 0.387500 0.646875 0.387500 0.651563 0.390625 0.657813 0.396875 0.660937 0.398438 0.665625 0.398438 0.670312 0.396875 0.673438 0.395313 0.679688 0.389062 0.682813 0.387500 0.685937 0.387500 0.689063 0.385937 0.693750 0.382812 0.695312 0.379688 0.695312 0.360938 0.698438 0.354687 0.698438 0.346875 0.693750 0.342187 0.689063 0.340625 0.676562 0.342187 0.671875 0.342187 0.667188 0.337500 0.665625 0.332813 0.662500 0.331250
0 0.723437 0.384375 0.717187 0.382812 0.707812 0.382812 0.700000 0.384375 0.693750 0.385937 0.684375 0.390625 0.679688 0.395313 0.678125 0.400000 0.678125 0.407813 0.673438 0.415625 0.673438 0.431250 0.675828 0.436625 0.681250 0.440625 0.685937 0.440625 0.689063 0.442188 0.695312 0.448437 0.698438 0.450000 0.703125 0.450000 0.707812 0.448437 0.712500 0.445312 0.729688 0.442188 0.729688 0.435937 0.731250 0.431250 0.734375 0.428125 0.735938 0.425000 0.737500 0.412500 0.737500 0.400000 0.735938 0.396875 0.732812 0.393750 0.732812 0.392188
0 0.570312 0.421875 0.570312 0.428125 0.568750 0.429688 0.570312 0.439063 0.570312 0.445312 0.565625 0.450000 0.560937 0.451562 0.546875 0.451562 0.543750 0.453125 0.540625 0.456250 0.537500 0.456250 0.534375 0.457813 0.532813 0.464062 0.532813 0.465625 0.542188 0.473438 0.542188 0.479687 0.537500 0.484375 0.535937 0.487500 0.535937 0.492188 0.537500 0.495312 0.542188 0.500000 0.554688 0.503125 0.564063 0.503125 0.567187 0.506250 0.568750 0.506250 0.570312 0.507812 0.570312 0.509375 0.571875 0.510938 0.578125 0.510938 0.589063 0.498437 0.590625 0.493750 0.593750 0.490625 0.601562 0.489063 0.606250 0.484375 0.607812 0.481250 0.607812 0.476562 0.609375 0.475000 0.609375 0.471875 0.607812 0.470313 0.607812 0.465625 0.601562 0.457813 0.600000 0.451562 0.598437 0.451562 0.596875 0.450000 0.596875 0.448437 0.593750 0.445312 0.593750 0.442188 0.590625 0.439063 0.590625 0.437500 0.587500 0.435937 0.587500 0.431250 0.582812 0.426563 0.581250 0.421875
0 0.648438 0.496875 0.645312 0.495312 0.634375 0.495312 0.631250 0.493750 0.625000 0.489063 0.614062 0.489063 0.607812 0.492188 0.604688 0.495312 0.601562 0.496875 0.593750 0.496875 0.590625 0.498437 0.581250 0.507812 0.579688 0.510938 0.579688 0.517188 0.582812 0.521875 0.587500 0.526563 0.587500 0.528125 0.590625 0.531250 0.596875 0.531250 0.607812 0.526563 0.617188 0.525000 0.631250 0.525000 0.639062 0.523438 0.648438 0.520312 0.650000 0.504687
0 0.646437 0.524703 0.638625 0.527828 0.615187 0.527828 0.607375 0.529391 0.601125 0.532516 0.596438 0.538766 0.590188 0.541891 0.590188 0.548141 0.588625 0.549703 0.588625 0.559078 0.590188 0.562203 0.598000 0.571578 0.602688 0.576266 0.604250 0.576266 0.607375 0.579391 0.624563 0.580953 0.630812 0.580953 0.640188 0.576266 0.649563 0.576266 0.654250 0.574703 0.657375 0.571578 0.660500 0.566891 0.660500 0.562203 0.665188 0.555953 0.665188 0.546578 0.667188 0.541609 0.667422 0.535203 0.661766 0.528922 0.654625 0.522188
0 0.185938 0.425000 0.182812 0.426563 0.181250 0.428125 0.179688 0.431250 0.181250 0.440625 0.178125 0.445312 0.178125 0.456250 0.173437 0.460938 0.170313 0.462500 0.162500 0.464062 0.159375 0.470313 0.159375 0.473438 0.162500 0.475000 0.165625 0.475000 0.168750 0.478125 0.171875 0.478125 0.176563 0.482812 0.184375 0.485938 0.187500 0.490625 0.192188 0.490625 0.193750 0.492188 0.201563 0.493750 0.212500 0.493750 0.215625 0.490625 0.215625 0.489063 0.217188 0.487500 0.220312 0.485938 0.225000 0.484375 0.229687 0.479687 0.231250 0.475000 0.235937 0.470313 0.234375 0.453125 0.231250 0.453125 0.228125 0.450000 0.226562 0.446875 0.225000 0.442188 0.228125 0.435937 0.215625 0.435937 0.209375 0.432812 0.204687 0.428125 0.201563 0.426563 0.196875 0.425000
0 0.206250 0.415625 0.203125 0.421875 0.203125 0.425000 0.212500 0.434375 0.217188 0.435937 0.221875 0.440625 0.223438 0.445312 0.226562 0.448437 0.226562 0.450000 0.228125 0.451562 0.231250 0.453125 0.235937 0.451562 0.237500 0.448437 0.237500 0.435937 0.243750 0.431250 0.245312 0.425000 0.240625 0.421875 0.220312 0.415625 0.212500 0.414062 0.209375 0.414062
0 0.134375 0.479687 0.132812 0.482812 0.132812 0.490625 0.134375 0.495312 0.137500 0.500000 0.146875 0.509375 0.146875 0.512500 0.145313 0.518750 0.146875 0.521875 0.150000 0.525000 0.162500 0.525000 0.173437 0.528125 0.196875 0.528125 0.200000 0.526563 0.201563 0.523438 0.201563 0.514062 0.198437 0.507812 0.196875 0.506250 0.193750 0.504687 0.189062 0.503125 0.182812 0.495312 0.179688 0.492188 0.171875 0.485938 0.171875 0.484375 0.165625 0.478125 0.154688 0.476562 0.148438 0.475000 0.142187 0.475000 0.137500 0.476562
0 0.250000 0.482812 0.243750 0.479687 0.232813 0.479687 0.228125 0.484375 0.225000 0.485938 0.221875 0.485938 0.218750 0.487500 0.217188 0.489063 0.214062 0.495312 0.214062 0.506250 0.220312 0.509375 0.240625 0.509375 0.245312 0.507812 0.250000 0.503125 0.251563 0.500000 0.251563 0.485938
0 0.354687 0.382812 0.348438 0.389062 0.348438 0.398438 0.351562 0.403125 0.351562 0.417187 0.348438 0.420312 0.348438 0.421875 0.346875 0.423438 0.343750 0.425000 0.342187 0.425000 0.339062 0.426563 0.337500 0.428125 0.335938 0.431250 0.337500 0.456250 0.339062 0.459375 0.340625 0.460938 0.343750 0.462500 0.346875 0.462500 0.350000 0.464062 0.354687 0.468750 0.367188 0.468750 0.370312 0.467187 0.371875 0.465625 0.371875 0.464062 0.373437 0.462500 0.379688 0.459375 0.385937 0.459375 0.389062 0.457813 0.392188 0.454688 0.395313 0.445312 0.395313 0.435937 0.390625 0.431250 0.389062 0.431250 0.385937 0.428125 0.385937 0.417187 0.384375 0.409375 0.379688 0.400000 0.379688 0.392188 0.376563 0.389062 0.375000 0.389062 0.371875 0.384375 0.367188 0.384375 0.365625 0.382812
0 0.442188 0.384375 0.437500 0.384375 0.435937 0.382812 0.423438 0.382812 0.418750 0.384375 0.415625 0.387500 0.412500 0.387500 0.409375 0.389062 0.406250 0.392188 0.403125 0.392188 0.395313 0.398438 0.393750 0.398438 0.392188 0.400000 0.392188 0.401562 0.389062 0.404687 0.389062 0.407813 0.390625 0.410938 0.393750 0.415625 0.398438 0.420312 0.401562 0.421875 0.412500 0.421875 0.417187 0.420312 0.420312 0.418750 0.425000 0.415625 0.432812 0.407813 0.435937 0.400000 0.442188 0.392188 0.443750 0.387500
0 0.378125 0.390625 0.379688 0.392188 0.379688 0.396875 0.385937 0.396875 0.385937 0.395313 0.387500 0.393750 0.390625 0.392188 0.406250 0.392188 0.415625 0.389062 0.421875 0.384375 0.425000 0.382812 0.431250 0.381250 0.428125 0.375000 0.426563 0.373437 0.423438 0.371875 0.415625 0.370312 0.403125 0.371875 0.396875 0.371875 0.393750 0.368750 0.387500 0.371875 0.384375 0.375000 0.382812 0.379688 0.378125 0.384375
0 0.421875 0.523438 0.418750 0.521875 0.414062 0.521875 0.404687 0.525000 0.401562 0.526563 0.393750 0.534375 0.392188 0.539062 0.393750 0.542188 0.398438 0.546875 0.401562 0.548438 0.407813 0.550000 0.415625 0.548438 0.425000 0.539062 0.426563 0.535937 0.426563 0.532813 0.425000 0.528125
0 0.376563 0.539062 0.370312 0.542188 0.368750 0.548438 0.370312 0.560937 0.370312 0.564063 0.368750 0.565625 0.368750 0.570312 0.364063 0.579688 0.371875 0.587500 0.375000 0.595313 0.379688 0.595313 0.385937 0.589063 0.387500 0.585938 0.389062 0.579688 0.395313 0.575000 0.396875 0.573438 0.400000 0.567187 0.401562 0.562500 0.401562 0.556250 0.400000 0.551562 0.390625 0.542188 0.385937 0.540625
0 0.415625 0.587500 0.412500 0.589063 0.404687 0.596875 0.401562 0.603125 0.403125 0.607812 0.407813 0.612500 0.425000 0.612500 0.428125 0.610938 0.432812 0.604688 0.434375 0.598437 0.432812 0.593750 0.428125 0.589063 0.425000 0.587500
0 0.459375 0.360938 0.456250 0.364063 0.454688 0.367188 0.453125 0.371875 0.453125 0.376563 0.454688 0.381250 0.457813 0.384375 0.459375 0.387500 0.457813 0.407813 0.459375 0.410938 0.462500 0.414062 0.471875 0.414062 0.475000 0.415625 0.479687 0.420312 0.485938 0.420312 0.490625 0.417187 0.496875 0.410938 0.500000 0.401562 0.500000 0.395313 0.504687 0.390625 0.506250 0.387500 0.503125 0.382812 0.503125 0.379688 0.498437 0.375000 0.492188 0.371875 0.481250 0.367188 0.471875 0.359375 0.468750 0.359375
0 0.539062 0.301563 0.535937 0.303125 0.531250 0.307812 0.529687 0.310937 0.529687 0.315625 0.531250 0.318750 0.537500 0.325000 0.540625 0.329688 0.545312 0.340625 0.550000 0.345313 0.553125 0.345313 0.559375 0.339062 0.560937 0.335938 0.562500 0.331250 0.562500 0.318750 0.560937 0.314063 0.557813 0.310937 0.550000 0.304688 0.543750 0.301563
0 0.495312 0.415625 0.492188 0.417187 0.489063 0.420312 0.487500 0.423438 0.487500 0.437500 0.485938 0.440625 0.482812 0.443750 0.481250 0.446875 0.481250 0.454688 0.485938 0.464062 0.492188 0.470313 0.500000 0.471875 0.507812 0.476562 0.512500 0.471875 0.514062 0.468750 0.514062 0.465625 0.517188 0.459375 0.520312 0.456250 0.528125 0.456250 0.531250 0.453125 0.532813 0.446875 0.532813 0.442188 0.529687 0.435937 0.518750 0.425000 0.510938 0.421875 0.506250 0.417187 0.503125 0.415625
0 0.484375 0.468750 0.476562 0.468750 0.470313 0.475000 0.460938 0.475000 0.457813 0.476562 0.451562 0.482812 0.450000 0.485938 0.451562 0.492188 0.448437 0.495312 0.443750 0.496875 0.440625 0.500000 0.440625 0.512500 0.442188 0.518750 0.445312 0.525000 0.451562 0.531250 0.454688 0.537500 0.456250 0.546875 0.460938 0.551562 0.465625 0.551562 0.471875 0.543750 0.476562 0.540625 0.484375 0.537500 0.485938 0.534375 0.485938 0.531250 0.490625 0.525000 0.492188 0.521875 0.493750 0.514062 0.496875 0.506250 0.500000 0.503125 0.501563 0.500000 0.500000 0.479687 0.493750 0.479687 0.490625 0.476562
0 0.556250 0.518750 0.550000 0.518750 0.545312 0.515625 0.540625 0.514062 0.535937 0.514062 0.528125 0.517188 0.512500 0.517188 0.506250 0.523438 0.504687 0.528125 0.504687 0.540625 0.503125 0.546875 0.500000 0.550000 0.498437 0.553125 0.498437 0.564063 0.500000 0.567187 0.507812 0.576562 0.520312 0.587500 0.525000 0.589063 0.539062 0.589063 0.550000 0.582812 0.554688 0.582812 0.559375 0.581250 0.562500 0.579688 0.565625 0.576562 0.567187 0.573438 0.568750 0.567187 0.568750 0.560937 0.567187 0.551562 0.568750 0.539062 0.567187 0.534375 0.564063 0.531250 0.564063 0.525000 0.559375 0.520312
0 0.470313 0.571875 0.467187 0.575000 0.465625 0.578125 0.465625 0.582812 0.468750 0.590625 0.473438 0.595313 0.475000 0.603125 0.475000 0.626563 0.476562 0.629687 0.484375 0.639062 0.487500 0.639062 0.489063 0.640625 0.500000 0.640625 0.504687 0.637500 0.509375 0.637500 0.515625 0.634375 0.520312 0.631250 0.523438 0.628125 0.523438 0.612500 0.528125 0.609375 0.529687 0.606250 0.529687 0.600000 0.528125 0.596875 0.523438 0.592187 0.514062 0.587500 0.506250 0.579688 0.506250 0.578125 0.498437 0.570312 0.481250 0.570312
0 0.465625 0.589063 0.462500 0.589063 0.454688 0.590625 0.450000 0.592187 0.445312 0.596875 0.443750 0.600000 0.442188 0.606250 0.432812 0.615625 0.431250 0.618750 0.431250 0.631250 0.432812 0.634375 0.439063 0.640625 0.442188 0.642188 0.448437 0.643750 0.465625 0.643750 0.471875 0.642188 0.476562 0.640625 0.479687 0.639062 0.476562 0.632812 0.470313 0.625000 0.468750 0.621875 0.468750 0.609375 0.470313 0.607812 0.470313 0.595313 0.468750 0.592187
0 0.507812 0.514062 0.501563 0.514062 0.493750 0.517188 0.493750 0.520312 0.489063 0.529687 0.485938 0.532813 0.484375 0.537500 0.482812 0.539062 0.476562 0.543750 0.471875 0.545312 0.467187 0.550000 0.465625 0.553125 0.465625 0.562500 0.467187 0.565625 0.470313 0.568750 0.482812 0.568750 0.487500 0.567187 0.495312 0.564063 0.496875 0.560937 0.496875 0.553125 0.501563 0.545312 0.503125 0.540625 0.503125 0.529687 0.504687 0.523438 0.507812 0.520312
0 0.575000 0.604688 0.562500 0.604688 0.557813 0.606250 0.548438 0.615625 0.542188 0.617188 0.532813 0.617188 0.532813 0.629687 0.540625 0.643750 0.539062 0.643750 0.535937 0.646875 0.535937 0.654687 0.543750 0.662500 0.548438 0.665625 0.554688 0.668750 0.559375 0.670312 0.568750 0.670312 0.579688 0.665625 0.585938 0.662500 0.592187 0.657813 0.596875 0.651563 0.595313 0.642188 0.604688 0.632812 0.604688 0.626563 0.603125 0.621875 0.600000 0.620313 0.593750 0.618750 0.590625 0.617188 0.579688 0.606250
0 0.506250 0.668750 0.506250 0.676562 0.507812 0.679688 0.512500 0.684375 0.512500 0.696875 0.514062 0.700000 0.517188 0.703125 0.520312 0.704688 0.529687 0.704688 0.537500 0.700000 0.542188 0.700000 0.546875 0.698438 0.556250 0.692187 0.560937 0.687500 0.560937 0.684375 0.562500 0.681250 0.562500 0.673438 0.550000 0.670312 0.546875 0.668750 0.537500 0.657813 0.515625 0.656250 0.510938 0.659375 0.509375 0.664062
0 0.470313 0.650000 0.464062 0.648438 0.459375 0.648438 0.454688 0.650000 0.451562 0.651563 0.446875 0.656250 0.442188 0.657813 0.428125 0.657813 0.423438 0.662500 0.423438 0.670312 0.426563 0.673438 0.428125 0.676562 0.423438 0.684375 0.421875 0.689063 0.421875 0.693750 0.425000 0.698438 0.429688 0.698438 0.440625 0.703125 0.445312 0.709375 0.448437 0.710938 0.457813 0.710938 0.462500 0.709375 0.467187 0.704688 0.467187 0.701562 0.470313 0.698438 0.478125 0.698438 0.485938 0.695312 0.485938 0.693750 0.487500 0.690625 0.485938 0.682813 0.476562 0.671875 0.479687 0.667188 0.479687 0.659375 0.478125 0.656250 0.473438 0.651563
0 0.421875 0.703125 0.420312 0.707812 0.421875 0.710938 0.414062 0.718750 0.410938 0.723437 0.409375 0.726562 0.409375 0.734375 0.412500 0.739062 0.421875 0.748437 0.425000 0.750000 0.439063 0.748437 0.445312 0.751563 0.448437 0.751563 0.451562 0.750000 0.453125 0.745313 0.454688 0.739062 0.459375 0.734375 0.464062 0.731250 0.462500 0.728125 0.459375 0.723437 0.451562 0.717187 0.448437 0.714063 0.443750 0.706250 0.442188 0.704688 0.439063 0.703125 0.432812 0.701562 0.425000 0.701562
0 0.526563 0.731250 0.525000 0.731250 0.521875 0.728125 0.521875 0.726562 0.518750 0.723437 0.506250 0.723437 0.500000 0.725000 0.492188 0.731250 0.485938 0.734375 0.473438 0.739062 0.468750 0.742188 0.460938 0.754687 0.467187 0.754687 0.476562 0.750000 0.492188 0.750000 0.496875 0.748437 0.504687 0.743750 0.510938 0.743750 0.520312 0.740625 0.526563 0.737500
0 0.362500 0.673438 0.360938 0.681250 0.365625 0.687500 0.367188 0.690625 0.367188 0.695312 0.368750 0.700000 0.375000 0.707812 0.378125 0.709375 0.382812 0.710938 0.385937 0.710938 0.396875 0.709375 0.403125 0.712500 0.407813 0.712500 0.414062 0.709375 0.417187 0.703125 0.415625 0.689063 0.417187 0.679688 0.415625 0.675000 0.414062 0.671875 0.410938 0.668750 0.409375 0.668750 0.404687 0.664062 0.401562 0.662500 0.395313 0.660937 0.390625 0.662500 0.387500 0.664062 0.381250 0.668750 0.375000 0.670312 0.365625 0.671875
0 0.392188 0.612500 0.384375 0.609375 0.379688 0.609375 0.379688 0.612500 0.381250 0.614062 0.381250 0.618750 0.384375 0.621875 0.384375 0.625000 0.379688 0.631250 0.378125 0.634375 0.375000 0.643750 0.375000 0.648438 0.371875 0.656250 0.359375 0.656250 0.356250 0.657813 0.353125 0.662500 0.354687 0.667188 0.357812 0.667188 0.365625 0.665625 0.376563 0.662500 0.387500 0.657813 0.404687 0.646875 0.407813 0.643750 0.407813 0.640625 0.406250 0.637500 0.400000 0.629687 0.396875 0.623437 0.396875 0.617188
0 0.248438 0.579688 0.248438 0.596875 0.251563 0.604688 0.253125 0.607812 0.254688 0.609375 0.259375 0.610938 0.265625 0.617188 0.270313 0.618750 0.275000 0.618750 0.279687 0.617188 0.284375 0.614062 0.293750 0.614062 0.300000 0.610938 0.304688 0.606250 0.306250 0.606250 0.309375 0.603125 0.310937 0.600000 0.312500 0.585938 0.312500 0.579688 0.307812 0.575000 0.300000 0.570312 0.284375 0.562500 0.278125 0.560937 0.270313 0.562500 0.267188 0.564063 0.259375 0.571875 0.254688 0.573438
0 0.243750 0.648438 0.234375 0.657813 0.229687 0.659375 0.223438 0.665625 0.220312 0.671875 0.220312 0.681250 0.225000 0.689063 0.225000 0.692187 0.220312 0.696875 0.218750 0.700000 0.218750 0.714063 0.220312 0.717187 0.223438 0.718750 0.234375 0.718750 0.240625 0.715625 0.243750 0.717187 0.246875 0.720313 0.250000 0.721875 0.254688 0.723437 0.264062 0.723437 0.270313 0.720313 0.278125 0.712500 0.279687 0.709375 0.285938 0.690625 0.285938 0.676562 0.284375 0.668750 0.282813 0.664062 0.279687 0.659375 0.276562 0.656250 0.262500 0.648438 0.256250 0.646875 0.251563 0.646875 0.250000 0.648438
0 0.178125 0.628125 0.168750 0.628125 0.162500 0.632812 0.154688 0.632812 0.146875 0.629687 0.142187 0.629687 0.139063 0.631250 0.134375 0.635938 0.134375 0.648438 0.137500 0.653125 0.128125 0.662500 0.126562 0.665625 0.126562 0.671875 0.128125 0.676562 0.134375 0.682813 0.139063 0.684375 0.145313 0.684375 0.148438 0.685937 0.151562 0.689063 0.151562 0.690625 0.154688 0.693750 0.159375 0.696875 0.171875 0.696875 0.175000 0.695312 0.181250 0.689063 0.182812 0.685937 0.182812 0.681250 0.185938 0.678125 0.193750 0.675000 0.196875 0.671875 0.198437 0.667188 0.198437 0.660937 0.195312 0.656250 0.196875 0.642188 0.193750 0.639062 0.193750 0.637500 0.192188 0.635938 0.190625 0.635938 0.182812 0.629687
0 0.231250 0.554688 0.221875 0.559375 0.214062 0.559375 0.210938 0.560937 0.209375 0.562500 0.207813 0.565625 0.206250 0.571875 0.204687 0.575000 0.200000 0.579688 0.193750 0.590625 0.193750 0.603125 0.195312 0.606250 0.196875 0.607812 0.200000 0.609375 0.206250 0.610938 0.214062 0.610938 0.218750 0.615625 0.220312 0.621875 0.223438 0.625000 0.228125 0.626563 0.239063 0.626563 0.242188 0.625000 0.246875 0.620313 0.250000 0.614062 0.251563 0.609375 0.251563 0.606250 0.250000 0.601562 0.246875 0.596875 0.246875 0.593750 0.245312 0.590625 0.248438 0.578125 0.257812 0.570312 0.259375 0.567187 0.256250 0.560937 0.253125 0.559375 0.248438 0.557813 0.235937 0.554688
0 0.150000 0.556250 0.145313 0.557813 0.142187 0.559375 0.140625 0.560937 0.139063 0.565625 0.135937 0.568750 0.129688 0.568750 0.125000 0.570312 0.120313 0.575000 0.118750 0.584375 0.120313 0.584375 0.123438 0.587500 0.123438 0.592187 0.121875 0.593750 0.121875 0.596875 0.125000 0.603125 0.131250 0.606250 0.140625 0.604688 0.146875 0.604688 0.154688 0.609375 0.157812 0.609375 0.160938 0.607812 0.167187 0.600000 0.178125 0.600000 0.181250 0.598437 0.184375 0.595313 0.184375 0.584375 0.181250 0.579688 0.181250 0.575000 0.178125 0.571875 0.178125 0.570312 0.176563 0.568750 0.170313 0.564063 0.170313 0.562500 0.167187 0.559375 0.162500 0.557813
0 0.234375 0.537500 0.231250 0.532813 0.228125 0.532813 0.226562 0.531250 0.220312 0.529687 0.215625 0.531250 0.210938 0.535937 0.207813 0.537500 0.198437 0.532813 0.189062 0.532813 0.182812 0.535937 0.178125 0.540625 0.175000 0.540625 0.164062 0.537500 0.153125 0.537500 0.150000 0.540625 0.151562 0.546875 0.148438 0.550000 0.145313 0.550000 0.145313 0.554688 0.150000 0.554688 0.156250 0.557813 0.159375 0.560937 0.159375 0.562500 0.164062 0.567187 0.167187 0.568750 0.173437 0.568750 0.179688 0.573438 0.181250 0.575000 0.182812 0.578125 0.185938 0.587500 0.193750 0.585938 0.198437 0.579688 0.200000 0.575000 0.204687 0.570312 0.206250 0.565625 0.209375 0.562500 0.209375 0.560937 0.210938 0.559375 0.214062 0.557813 0.225000 0.556250 0.229687 0.554688 0.232813 0.553125 0.234375 0.550000
0 0.087500 0.617188 0.079687 0.617188 0.076563 0.618750 0.070312 0.625000 0.065625 0.626563 0.064062 0.628125 0.062500 0.631250 0.060937 0.639062 0.057813 0.642188 0.054688 0.642188 0.051562 0.645312 0.050000 0.650000 0.050000 0.654687 0.048438 0.657813 0.045312 0.660937 0.043750 0.664062 0.043750 0.667188 0.046875 0.671875 0.056250 0.681250 0.059375 0.682813 0.067187 0.682813 0.076563 0.687500 0.081250 0.687500 0.090625 0.685937 0.093750 0.684375 0.098437 0.679688 0.100000 0.676562 0.100000 0.668750 0.098437 0.664062 0.093750 0.656250 0.103125 0.646875 0.104688 0.643750 0.106250 0.635938 0.104688 0.629687 0.101562 0.626563 0.092188 0.618750
0 0.045312 0.712500 0.042188 0.714063 0.035937 0.718750 0.034375 0.721875 0.032813 0.732812 0.025000 0.732812 0.018750 0.734375 0.015625 0.735938 0.012500 0.739062 0.010937 0.742188 0.009375 0.748437 0.009375 0.754687 0.010937 0.757812 0.017188 0.764062 0.017188 0.768750 0.018750 0.771875 0.021875 0.775000 0.025000 0.776563 0.034375 0.779687 0.040625 0.779687 0.048438 0.784375 0.057813 0.784375 0.076563 0.775000 0.082812 0.768750 0.089063 0.765625 0.092188 0.762500 0.090625 0.757812 0.089063 0.757812 0.084375 0.754687 0.081250 0.750000 0.089063 0.743750 0.090625 0.740625 0.090625 0.734375 0.087500 0.731250 0.081250 0.728125 0.075000 0.728125 0.068750 0.725000 0.064062 0.718750 0.064062 0.717187 0.060937 0.714063 0.057813 0.712500
0 0.000000 0.784375 0.000000 0.837500 0.014063 0.839063 0.015625 0.842187 0.015625 0.848437 0.018750 0.851562 0.021875 0.853125 0.028125 0.853125 0.032813 0.848437 0.037500 0.845313 0.043750 0.845313 0.048438 0.843750 0.051562 0.842187 0.053125 0.840625 0.054688 0.837500 0.054688 0.829688 0.053125 0.825000 0.048438 0.820312 0.046875 0.817187 0.048438 0.809375 0.046875 0.804688 0.042188 0.800000 0.037500 0.796875 0.034375 0.795312 0.029687 0.793750 0.020313 0.792188 0.020313 0.790625 0.017188 0.787500 0.012500 0.784375 0.009375 0.782813 0.004687 0.782813 0.003125 0.784375
0 0.735938 0.779687 0.732812 0.779687 0.728125 0.781250 0.723437 0.785937 0.720313 0.793750 0.712500 0.793750 0.709375 0.795312 0.706250 0.798438 0.704688 0.801562 0.704688 0.809375 0.707812 0.812500 0.706250 0.821875 0.707812 0.828125 0.714063 0.832812 0.715625 0.834375 0.717187 0.837500 0.717187 0.843750 0.718750 0.846875 0.721875 0.850000 0.725000 0.851562 0.734375 0.851562 0.743750 0.848437 0.748437 0.843750 0.748437 0.842187 0.754687 0.835938 0.757812 0.829688 0.757812 0.821875 0.760938 0.815625 0.762500 0.809375 0.762500 0.801562 0.759375 0.795312 0.754687 0.790625 0.748437 0.789062 0.745313 0.787500 0.739062 0.781250
0 0.873437 0.815625 0.870313 0.817187 0.865625 0.821875 0.862500 0.826562 0.862500 0.829688 0.860938 0.832812 0.857812 0.835938 0.853125 0.837500 0.851562 0.839063 0.851562 0.840625 0.848437 0.843750 0.846875 0.846875 0.846875 0.854688 0.848437 0.857812 0.853125 0.860938 0.854688 0.860938 0.856250 0.875000 0.860938 0.879687 0.865625 0.881250 0.889062 0.881250 0.893750 0.879687 0.904687 0.868750 0.907813 0.864062 0.910937 0.854688 0.912500 0.839063 0.912500 0.834375 0.910937 0.831250 0.904687 0.825000 0.898438 0.823438 0.892188 0.823438 0.884375 0.815625
0 0.857812 0.900000 0.846875 0.900000 0.843750 0.901563 0.840625 0.904687 0.840625 0.906250 0.835938 0.910937 0.835938 0.912500 0.832812 0.915625 0.829688 0.917188 0.820312 0.917188 0.814063 0.920312 0.809375 0.925000 0.807813 0.929688 0.809375 0.946875 0.810937 0.950000 0.814063 0.953125 0.821875 0.956250 0.828125 0.962500 0.828125 0.965625 0.832812 0.970313 0.837500 0.971875 0.842187 0.970313 0.850000 0.962500 0.856250 0.962500 0.860938 0.959375 0.865625 0.959375 0.868750 0.957812 0.873437 0.953125 0.875000 0.950000 0.875000 0.946875 0.881250 0.940625 0.882812 0.937500 0.884375 0.932813 0.884375 0.923438 0.876563 0.914062 0.873437 0.910937 0.862500 0.901563
0 0.740625 0.881250 0.731250 0.881250 0.728125 0.882812 0.723437 0.887500 0.723437 0.890625 0.721875 0.893750 0.715625 0.900000 0.707812 0.896875 0.701562 0.898438 0.698438 0.901563 0.690625 0.903125 0.687500 0.904687 0.684375 0.907813 0.682813 0.907813 0.681250 0.912500 0.687500 0.923438 0.690625 0.925000 0.700000 0.926562 0.704688 0.931250 0.706250 0.935937 0.715625 0.945312 0.718750 0.946875 0.735938 0.946875 0.739062 0.945312 0.742188 0.942187 0.743750 0.939063 0.743750 0.923438 0.739062 0.914062 0.737500 0.907813 0.743750 0.903125 0.745313 0.901563 0.746875 0.898438 0.746875 0.890625 0.743750 0.884375
0 0.732812 0.971875 0.732812 0.975000 0.734375 0.978125 0.737500 0.982812 0.743750 0.985938 0.746875 0.985938 0.750000 0.987500 0.754687 0.992188 0.757812 0.998437 0.770312 0.998437 0.773438 0.995313 0.778125 0.993750 0.787500 0.993750 0.789062 0.989062 0.787500 0.984375 0.782813 0.978125 0.776563 0.971875 0.773438 0.965625 0.765625 0.957812 0.762500 0.956250 0.756250 0.954688 0.745313 0.954688 0.742188 0.956250 0.742188 0.960938 0.734375 0.968750
0 0.803125 0.895312 0.798438 0.900000 0.796875 0.909375 0.796875 0.912500 0.798438 0.915625 0.801562 0.918750 0.807813 0.921875 0.810937 0.921875 0.820312 0.917188 0.823438 0.910937 0.823438 0.906250 0.821875 0.901563 0.817187 0.896875 0.814063 0.895312
0 0.320312 0.423438 0.321875 0.426563 0.320312 0.435937 0.317188 0.439063 0.303125 0.440625 0.301563 0.443750 0.304688 0.450000 0.310937 0.454688 0.312500 0.457813 0.309375 0.462500 0.307812 0.471875 0.307812 0.475000 0.309375 0.478125 0.312500 0.481250 0.318750 0.482812 0.323437 0.487500 0.326562 0.489063 0.329688 0.489063 0.334375 0.484375 0.335938 0.481250 0.342187 0.467187 0.342187 0.462500 0.337500 0.456250 0.335938 0.453125 0.335938 0.437500 0.334375 0.431250 0.328125 0.425000 0.325000 0.423438
0 0.981250 0.017188 0.979688 0.020313 0.979688 0.023438 0.976562 0.026562 0.971875 0.026562 0.965625 0.029687 0.962500 0.032813 0.965625 0.035937 0.959375 0.042188 0.957812 0.045312 0.957812 0.048438 0.959375 0.053125 0.960938 0.056250 0.962500 0.057813 0.968750 0.060937 0.976562 0.060937 0.981250 0.057813 0.984375 0.059375 0.985938 0.060937 0.990625 0.067187 0.993750 0.068750 0.998437 0.068750 0.995313 0.028125 0.998437 0.025000 0.995313 0.018750 0.992188 0.017188
0 0.364063 0.984375 0.364063 0.998437 0.451562 0.998437 0.451562 0.990625 0.450000 0.987500 0.446875 0.984375 0.442188 0.982812 0.437500 0.978125 0.437500 0.973437 0.435937 0.970313 0.425000 0.970313 0.418750 0.973437 0.406250 0.973437 0.401562 0.970313 0.389062 0.970313 0.384375 0.973437 0.379688 0.973437 0.373437 0.976562 0.368750 0.981250 0.367188 0.981250
0 0.712500 0.303125 0.709375 0.303125 0.704688 0.307812 0.701562 0.309375 0.696875 0.310937 0.690625 0.310937 0.684375 0.312500 0.676562 0.318750 0.671875 0.320312 0.668750 0.323437 0.667188 0.326562 0.667188 0.329688 0.668750 0.334375 0.670312 0.337500 0.675000 0.340625 0.689063 0.339062 0.693750 0.340625 0.698438 0.345313 0.700000 0.348438 0.700000 0.354687 0.695312 0.362500 0.695312 0.370312 0.696875 0.373437 0.700000 0.376563 0.709375 0.373437 0.710938 0.368750 0.717187 0.364063 0.720313 0.360938 0.721875 0.356250 0.721875 0.340625 0.718750 0.332813 0.718750 0.323437 0.717187 0.318750 0.714063 0.314063 0.712500 0.307812
1 0.085938 0.768750 0.082812 0.771875 0.081250 0.775000 0.081250 0.779687 0.082812 0.782813 0.085938 0.785937 0.098437 0.785937 0.103125 0.781250 0.103125 0.773438 0.101562 0.770312 0.100000 0.768750 0.096875 0.767188 0.089063 0.767188
0 0.000000 0.668750 0.000000 0.737500 0.004687 0.735938 0.009375 0.732812 0.012500 0.729688 0.014063 0.726562 0.015625 0.721875 0.015625 0.714063 0.018750 0.706250 0.018750 0.689063 0.015625 0.685937 0.012500 0.685937 0.009375 0.682813 0.007812 0.679688 0.006250 0.673438
1 0.390625 0.521875 0.384375 0.521875 0.381250 0.523438 0.379688 0.525000 0.376563 0.531250 0.376563 0.539062 0.379688 0.540625 0.387500 0.542188 0.392188 0.540625 0.395313 0.534375 0.395313 0.528125 0.393750 0.525000