0 0.690625 0.003125 0.679688 0.007812 0.667188 0.014063 0.665625 0.015625 0.665625 0.017188 0.662500 0.020313 0.660937 0.031250 0.662500 0.037500 0.659375 0.045312 0.659375 0.050000 0.660937 0.054688 0.667188 0.060937 0.673438 0.062500 0.681250 0.062500 0.684375 0.065625 0.684375 0.067187 0.687500 0.070312 0.695312 0.070312 0.701562 0.068750 0.704688 0.067187 0.709375 0.062500 0.710938 0.059375 0.712500 0.054688 0.712500 0.046875 0.715625 0.040625 0.715625 0.029687 0.712500 0.015625 0.709375 0.012500 0.709375 0.010937 0.707812 0.009375 0.700000 0.004687 0.695312 0.003125
0 0.800000 0.025000 0.793750 0.028125 0.782813 0.039062 0.781250 0.046875 0.778125 0.051562 0.778125 0.054688 0.779687 0.056250 0.779687 0.060937 0.781250 0.064062 0.785937 0.068750 0.785937 0.070312 0.789062 0.073438 0.793750 0.076563 0.807813 0.082812 0.818750 0.082812 0.823438 0.081250 0.831250 0.073438 0.839063 0.062500 0.840625 0.057813 0.840625 0.050000 0.839063 0.046875 0.835938 0.043750 0.834375 0.040625 0.834375 0.037500 0.831250 0.031250 0.828125 0.028125 0.821875 0.025000
0 0.871875 0.067187 0.854688 0.068750 0.846875 0.070312 0.837500 0.073438 0.831250 0.076563 0.825000 0.081250 0.820312 0.085938 0.818750 0.089063 0.817187 0.095312 0.817187 0.106250 0.818750 0.109375 0.821875 0.112500 0.823438 0.115625 0.823438 0.123438 0.826562 0.129688 0.828125 0.131250 0.831250 0.132812 0.835938 0.134375 0.845313 0.134375 0.854688 0.131250 0.864062 0.126562 0.870313 0.120313 0.871875 0.120313 0.876563 0.115625 0.878125 0.112500 0.879687 0.107813 0.879687 0.103125 0.876563 0.096875 0.876563 0.090625 0.879687 0.087500 0.879687 0.079687 0.878125 0.076563 0.875000 0.073438 0.875000 0.070312
0 0.692187 0.092188 0.690625 0.098437 0.692187 0.100000 0.692187 0.104688 0.690625 0.106250 0.690625 0.110937 0.692187 0.115625 0.696875 0.125000 0.701562 0.131250 0.710938 0.140625 0.714063 0.142187 0.721875 0.143750 0.729688 0.143750 0.731250 0.142187 0.734375 0.142187 0.737500 0.135937 0.740625 0.132812 0.742188 0.132812 0.746875 0.128125 0.753125 0.115625 0.754687 0.106250 0.753125 0.100000 0.751563 0.096875 0.748437 0.093750 0.743750 0.092188 0.735938 0.085938 0.726562 0.082812 0.712500 0.082812 0.707812 0.084375
0 0.803125 0.090625 0.796875 0.087500 0.790625 0.085938 0.782813 0.085938 0.770312 0.090625 0.764062 0.093750 0.759375 0.098437 0.756250 0.104688 0.756250 0.112500 0.753125 0.123438 0.751563 0.126562 0.748437 0.129688 0.748437 0.131250 0.739062 0.139063 0.737500 0.143750 0.737500 0.146875 0.740625 0.153125 0.754687 0.153125 0.757812 0.151562 0.764062 0.146875 0.767188 0.145313 0.776563 0.142187 0.801562 0.140625 0.806250 0.139063 0.809375 0.135937 0.810937 0.135937 0.812500 0.134375 0.814063 0.131250 0.814063 0.115625 0.806250 0.106250 0.806250 0.095312
0 0.804688 0.142187 0.789062 0.142187 0.779687 0.143750 0.773438 0.145313 0.764062 0.150000 0.759375 0.154688 0.759375 0.157812 0.764062 0.162500 0.764062 0.170313 0.767188 0.179688 0.770312 0.181250 0.773438 0.181250 0.778125 0.185938 0.778125 0.187500 0.781250 0.190625 0.784375 0.192188 0.790625 0.192188 0.800000 0.187500 0.806250 0.181250 0.812500 0.179688 0.814063 0.176563 0.814063 0.173437 0.817187 0.170313 0.823438 0.168750 0.825000 0.165625 0.823438 0.159375 0.821875 0.156250 0.814063 0.148438
0 0.718750 0.165625 0.718750 0.176563 0.714063 0.184375 0.714063 0.189062 0.718750 0.193750 0.720313 0.200000 0.723437 0.203125 0.726562 0.204687 0.732812 0.206250 0.740625 0.204687 0.745313 0.204687 0.753125 0.210938 0.759375 0.210938 0.762500 0.209375 0.764062 0.207813 0.767188 0.201563 0.767188 0.184375 0.764062 0.179688 0.764062 0.171875 0.762500 0.165625 0.756250 0.159375 0.743750 0.159375 0.735938 0.162500 0.726562 0.162500 0.721875 0.164062
0 0.643750 0.192188 0.650000 0.198437 0.654687 0.200000 0.660937 0.200000 0.662500 0.198437 0.667188 0.198437 0.682813 0.200000 0.687500 0.198437 0.690625 0.196875 0.692187 0.192188 0.698438 0.185938 0.710938 0.175000 0.712500 0.171875 0.712500 0.165625 0.710938 0.162500 0.706250 0.162500 0.701562 0.165625 0.692187 0.165625 0.687500 0.164062 0.681250 0.159375 0.678125 0.157812 0.673438 0.156250 0.662500 0.156250 0.654687 0.159375 0.648438 0.165625 0.645312 0.170313 0.643750 0.173437
0 0.614062 0.134375 0.609375 0.143750 0.603125 0.150000 0.596875 0.159375 0.593750 0.165625 0.595313 0.175000 0.598437 0.176563 0.603125 0.176563 0.607812 0.175000 0.610938 0.171875 0.615625 0.170313 0.620313 0.170313 0.635938 0.178125 0.642188 0.178125 0.643750 0.175000 0.646875 0.167187 0.653125 0.159375 0.653125 0.148438 0.651563 0.145313 0.643750 0.137500 0.634375 0.137500 0.623437 0.139063 0.621875 0.139063 0.620313 0.137500 0.620313 0.135937
0 0.598437 0.114062 0.593750 0.112500 0.590625 0.112500 0.589063 0.114062 0.584375 0.114062 0.578125 0.117188 0.576562 0.118750 0.575000 0.121875 0.567187 0.143750 0.567187 0.150000 0.568750 0.153125 0.571875 0.156250 0.575000 0.154688 0.584375 0.143750 0.600000 0.125000 0.601562 0.121875 0.601562 0.117188
1 0.612500 0.173437 0.609375 0.175000 0.604688 0.178125 0.601562 0.181250 0.598437 0.187500 0.596875 0.192188 0.598437 0.196875 0.609375 0.207813 0.612500 0.209375 0.618750 0.210938 0.626563 0.209375 0.629687 0.207813 0.639062 0.198437 0.640625 0.195312 0.640625 0.185938 0.639062 0.182812 0.635938 0.179688 0.626563 0.175000 0.621875 0.173437
0 0.664781 0.110156 0.664781 0.114703 0.667578 0.121188 0.669516 0.125922 0.670734 0.131172 0.671078 0.138531 0.670563 0.145000 0.667578 0.150266 0.664250 0.153594 0.659172 0.153406 0.654094 0.150078 0.649016 0.144125 0.646750 0.138875 0.644984 0.134141 0.642719 0.129766 0.640609 0.125562 0.637453 0.121719 0.635891 0.117687 0.635703 0.112781 0.636406 0.107172 0.638516 0.102625 0.640969 0.100516 0.643766 0.099469 0.650422 0.099125 0.655141 0.100344 0.657953 0.101219 0.659875 0.102281
0 0.668172 0.108047 0.670453 0.121531 0.672906 0.135719 0.676047 0.149203 0.676047 0.154109 0.676406 0.157609 0.678328 0.159187 0.680781 0.159875 0.683938 0.161281 0.689531 0.162859 0.693562 0.164078 0.698813 0.164609 0.712297 0.157609 0.712297 0.154625 0.712656 0.153234 0.714234 0.146578 0.713172 0.138172 0.706328 0.132672 0.698813 0.123766 0.694266 0.114766 0.689813 0.110125 0.683203 0.109172 0.676859 0.108125
0 0.693750 0.076563 0.692187 0.073438 0.690625 0.071875 0.687500 0.070312 0.684375 0.070312 0.668750 0.071875 0.665625 0.073438 0.659375 0.079687 0.657813 0.082812 0.657813 0.087500 0.662500 0.092188 0.668750 0.093750 0.682813 0.093750 0.689063 0.092188 0.693750 0.087500
0 0.346875 0.000000 0.346875 0.003125 0.343750 0.009375 0.345313 0.012500 0.351562 0.014063 0.354687 0.015625 0.359125 0.020313 0.361516 0.027219 0.368219 0.035734 0.373750 0.042266 0.381047 0.052625 0.392188 0.043750 0.400000 0.045312 0.403125 0.042188 0.404687 0.042188 0.406250 0.040625 0.406250 0.039062 0.409375 0.035937 0.410938 0.032813 0.412500 0.028125 0.415625 0.015625 0.415625 0.006250 0.412500 0.000000
0 0.346125 0.015969 0.348859 0.019750 0.356203 0.026906 0.363766 0.034250 0.369031 0.040766 0.373234 0.046016 0.375547 0.050641 0.376797 0.056531 0.378063 0.063672 0.375750 0.071031 0.371344 0.075656 0.367141 0.079859 0.358516 0.086375 0.347797 0.091000 0.340859 0.091625 0.338969 0.085531 0.337922 0.082375 0.335828 0.077547 0.333516 0.072922 0.331828 0.067453 0.331828 0.063047 0.332047 0.058422 0.329516 0.050859 0.327000 0.046656 0.324469 0.042875 0.323844 0.038250 0.325531 0.032156 0.326781 0.030891 0.329937 0.030266 0.334141 0.029219 0.335406 0.027312 0.336875 0.023750 0.337078 0.019969 0.338969 0.015766
0 0.392984 0.047078 0.387734 0.051484 0.382687 0.056328 0.376172 0.063250 0.374063 0.070828 0.374281 0.077328 0.376172 0.081750 0.378906 0.087219 0.383313 0.094141 0.387313 0.097937 0.391719 0.101500 0.395922 0.104031 0.400125 0.104859 0.407062 0.104656 0.412734 0.102766 0.418828 0.096672 0.423453 0.090156 0.427656 0.080703 0.428922 0.073766 0.427875 0.067250 0.425984 0.062203 0.422406 0.055063 0.418406 0.048750 0.412312 0.044969 0.402656 0.044969
0 0.346719 0.091938 0.361078 0.090000 0.363516 0.090484 0.368016 0.092188 0.371906 0.093406 0.375188 0.095219 0.379312 0.099719 0.379922 0.105688 0.378594 0.110422 0.376516 0.119063 0.375547 0.123687 0.375188 0.129891 0.374938 0.134625 0.373484 0.141688 0.372016 0.146422 0.369953 0.152141 0.368016 0.155062 0.363875 0.159562 0.358031 0.163328 0.346844 0.165281 0.339313 0.162969 0.334437 0.161016 0.330313 0.157250 0.330063 0.151406 0.332375 0.148609 0.333719 0.145937 0.332125 0.142297 0.329328 0.139375 0.328609 0.135844 0.329328 0.130984 0.330672 0.127812 0.334562 0.123812 0.337844 0.120516 0.340156 0.117969 0.340641 0.114922 0.338938 0.111281 0.337125 0.109328 0.337234 0.106172 0.339188 0.102031 0.340891 0.098625
0 0.374703 0.126844 0.376406 0.125141 0.379922 0.122219 0.382359 0.116500 0.384422 0.110422 0.387344 0.106906 0.391844 0.107266 0.393797 0.108359 0.397922 0.110797 0.403516 0.113109 0.409719 0.116016 0.415078 0.118813 0.421516 0.124906 0.425891 0.132078 0.428453 0.136328 0.431000 0.138891 0.432594 0.142406 0.432344 0.149828 0.426016 0.159438 0.422609 0.164187 0.417750 0.168797 0.408750 0.171234 0.394516 0.174766 0.386984 0.176219 0.379203 0.176578 0.374219 0.172687 0.370812 0.166859 0.369828 0.159438 0.372141 0.150313 0.374328 0.145328 0.375422 0.140594 0.376156 0.135484
0 0.467187 0.129688 0.457813 0.129688 0.448437 0.132812 0.442188 0.135937 0.437500 0.140625 0.435937 0.143750 0.434375 0.148438 0.432812 0.157812 0.432812 0.162500 0.434375 0.164062 0.434375 0.170313 0.437500 0.173437 0.442188 0.175000 0.445312 0.178125 0.448437 0.185938 0.451562 0.189062 0.454688 0.190625 0.462500 0.190625 0.471875 0.189062 0.485938 0.178125 0.487500 0.176563 0.487500 0.175000 0.490625 0.171875 0.490625 0.159375 0.481250 0.140625 0.473438 0.132812
0 0.450000 0.193750 0.448437 0.196875 0.450000 0.204687 0.448437 0.206250 0.448437 0.212500 0.450000 0.215625 0.451562 0.217188 0.453125 0.217188 0.465625 0.226562 0.468750 0.229687 0.473438 0.229687 0.478125 0.226562 0.482812 0.226562 0.489063 0.223438 0.489063 0.203125 0.487500 0.200000 0.484375 0.196875 0.479687 0.193750 0.475000 0.192188 0.467187 0.190625 0.454688 0.190625 0.451562 0.192188
0 0.379688 0.190625 0.379688 0.195312 0.395313 0.210938 0.396875 0.215625 0.404687 0.223438 0.414062 0.223438 0.417187 0.221875 0.421875 0.217188 0.423438 0.212500 0.429688 0.210938 0.431250 0.212500 0.439063 0.214062 0.450000 0.214062 0.450000 0.195312 0.448437 0.189062 0.445312 0.179688 0.442188 0.176563 0.432812 0.171875 0.426563 0.170313 0.415625 0.170313 0.409375 0.171875 0.400000 0.175000 0.396875 0.176563 0.382812 0.185938
0 0.364063 0.195312 0.359375 0.196875 0.356250 0.198437 0.351562 0.203125 0.350000 0.206250 0.350000 0.215625 0.351562 0.229687 0.354687 0.237500 0.356250 0.240625 0.359375 0.243750 0.365625 0.246875 0.370312 0.248438 0.376563 0.248438 0.379688 0.246875 0.385937 0.240625 0.384375 0.235937 0.387500 0.232813 0.390625 0.232813 0.393750 0.231250 0.395313 0.229687 0.396875 0.226562 0.396875 0.214062 0.393750 0.209375 0.384375 0.200000 0.379688 0.196875 0.373437 0.195312
0 0.376563 0.278125 0.376563 0.284375 0.379688 0.293750 0.381250 0.300000 0.382812 0.303125 0.395313 0.304688 0.398438 0.307812 0.404687 0.307812 0.412500 0.304688 0.415625 0.303125 0.421875 0.298438 0.425000 0.298438 0.428125 0.296875 0.429688 0.289062 0.425000 0.282813 0.425000 0.273438 0.423438 0.270313 0.414062 0.270313 0.410938 0.267188 0.389062 0.267188 0.382812 0.270313 0.379688 0.273438
0 0.335938 0.300000 0.335938 0.303125 0.337500 0.306250 0.342187 0.310937 0.346875 0.312500 0.357812 0.312500 0.362500 0.310937 0.365625 0.307812 0.368750 0.306250 0.375000 0.304688 0.381250 0.304688 0.381250 0.295312 0.378125 0.287500 0.376563 0.284375 0.365625 0.273438 0.351562 0.273438 0.348438 0.276562 0.342187 0.284375 0.339062 0.290625
0 0.356250 0.321875 0.356250 0.332813 0.359375 0.335938 0.392188 0.335938 0.400000 0.332813 0.406250 0.329688 0.406250 0.321875 0.404687 0.318750 0.401562 0.315625 0.401562 0.314063 0.400000 0.312500 0.393750 0.307812 0.385937 0.306250 0.371875 0.306250 0.367188 0.307812 0.359375 0.315625
0 0.320312 0.310937 0.318750 0.320312 0.320312 0.329688 0.326562 0.332813 0.331250 0.332813 0.339062 0.328125 0.356250 0.328125 0.356250 0.323437 0.359375 0.317188 0.357812 0.312500 0.346875 0.312500 0.342187 0.310937 0.337500 0.306250 0.325000 0.306250
0 0.300000 0.254688 0.290625 0.264062 0.284375 0.275000 0.282813 0.278125 0.282813 0.285938 0.287500 0.290625 0.295312 0.295312 0.298438 0.296875 0.307812 0.300000 0.315625 0.301563 0.332813 0.301563 0.335938 0.298438 0.335938 0.293750 0.342187 0.282813 0.343750 0.278125 0.343750 0.271875 0.335938 0.257812 0.335938 0.253125 0.334375 0.250000 0.315625 0.248438 0.307812 0.253125 0.303125 0.253125
0 0.251563 0.176563 0.246875 0.181250 0.246875 0.184375 0.240625 0.192188 0.239063 0.200000 0.240625 0.206250 0.243750 0.212500 0.245312 0.214062 0.246875 0.214062 0.256250 0.225000 0.265625 0.232813 0.268750 0.234375 0.271875 0.234375 0.276562 0.232813 0.289062 0.226562 0.292187 0.223438 0.295312 0.218750 0.296875 0.215625 0.298438 0.209375 0.298438 0.198437 0.295312 0.192188 0.290625 0.185938 0.284375 0.179688 0.279687 0.176563 0.275000 0.175000 0.259375 0.175000
0 0.250000 0.168750 0.242188 0.160938 0.239063 0.159375 0.232813 0.162500 0.225000 0.162500 0.220312 0.164062 0.217188 0.165625 0.212500 0.170313 0.209375 0.175000 0.209375 0.178125 0.207813 0.181250 0.210938 0.185938 0.209375 0.193750 0.210938 0.198437 0.218750 0.200000 0.228125 0.200000 0.229687 0.201563 0.237500 0.201563 0.240625 0.198437 0.242188 0.190625 0.250000 0.171875
0 0.242203 0.207703 0.241500 0.206828 0.236422 0.205078 0.231344 0.203328 0.224516 0.201578 0.221016 0.200000 0.215578 0.199297 0.211203 0.200344 0.210859 0.201047 0.210500 0.205781 0.211203 0.208922 0.214531 0.212078 0.218906 0.214000 0.221891 0.215750 0.224688 0.216625 0.227312 0.217156 0.230297 0.219609 0.230984 0.223469 0.229234 0.230641 0.227141 0.235188 0.227312 0.236766 0.233438 0.238875 0.241328 0.238000 0.243781 0.237641 0.251656 0.238172 0.258484 0.238172 0.265313 0.238516 0.269000 0.238000 0.270047 0.233969 0.267422 0.231172 0.262859 0.228891 0.258313 0.226266 0.253406 0.222766 0.245531 0.219078 0.242203 0.216453
0 0.223641 0.216625 0.222234 0.216281 0.217156 0.214188 0.210328 0.210156 0.207703 0.208750 0.203500 0.209984 0.196672 0.212609 0.194047 0.212781 0.191234 0.214531 0.187734 0.217156 0.185984 0.225219 0.189484 0.235891 0.193859 0.243078 0.195609 0.249203 0.198250 0.252359 0.208219 0.252875 0.208578 0.252875 0.211031 0.256203 0.213828 0.260937 0.215406 0.264797 0.218734 0.266016 0.223641 0.266016 0.225906 0.267594 0.228719 0.272141 0.230813 0.274250 0.236078 0.274594 0.238703 0.274594 0.243078 0.275297 0.246234 0.275125 0.247797 0.274594 0.250781 0.269516 0.250781 0.267937 0.250781 0.266016 0.250781 0.264437 0.250781 0.263391 0.249375 0.257969 0.248156 0.253406 0.245359 0.248156 0.243422 0.242547 0.237969 0.238875 0.232141 0.240516 0.227844 0.233969 0.225031 0.233266 0.227625 0.227969
0 0.271734 0.238906 0.267219 0.238609 0.259625 0.238313 0.252625 0.238469 0.248828 0.239188 0.247797 0.239344 0.245031 0.241672 0.244297 0.244016 0.245609 0.250141 0.247516 0.254953 0.248094 0.260500 0.247219 0.267656 0.245469 0.273641 0.245031 0.275969 0.244453 0.277578 0.244016 0.280641 0.243141 0.284141 0.242844 0.286922 0.242984 0.292172 0.243281 0.299031 0.244156 0.301797 0.247359 0.304719 0.251016 0.306172 0.257578 0.306172 0.261813 0.305453 0.266047 0.302672 0.269984 0.299906 0.274078 0.295812 0.275234 0.288672 0.275391 0.284000 0.275391 0.278594 0.276984 0.272031 0.278750 0.264594 0.280344 0.258750 0.281953 0.252766 0.284000 0.245172 0.284281 0.239047
0 0.282094 0.288375 0.279328 0.290266 0.274078 0.296406 0.270859 0.300344 0.266188 0.303703 0.260203 0.308078 0.257000 0.311281 0.256266 0.316828 0.258313 0.320625 0.264297 0.324719 0.270578 0.324422 0.275391 0.323984 0.280938 0.324281 0.284281 0.327344 0.287500 0.330547 0.293625 0.332453 0.300641 0.331281 0.305891 0.330109 0.318734 0.329672 0.321500 0.324422 0.322094 0.317703 0.320328 0.310406 0.317703 0.306172 0.313031 0.301219 0.306766 0.298438 0.296406 0.293781 0.289687 0.291141