0 0.040625 0.360938 0.031250 0.367188 0.025000 0.371875 0.023438 0.375000 0.021875 0.379688 0.021875 0.384375 0.026562 0.401562 0.028125 0.406250 0.034375 0.418750 0.039062 0.423438 0.048438 0.428125 0.062500 0.426563 0.060937 0.420312 0.057813 0.415625 0.057813 0.410938 0.062500 0.406250 0.064062 0.403125 0.064062 0.390625 0.062500 0.387500 0.059375 0.382812 0.054688 0.379688 0.051562 0.375000 0.051562 0.368750 0.048438 0.362500 0.045312 0.360938
0 0.342187 0.575000 0.339062 0.578125 0.337500 0.581250 0.337500 0.585938 0.339062 0.595313 0.342187 0.601562 0.345313 0.604688 0.350000 0.607812 0.356250 0.610938 0.360938 0.612500 0.365625 0.610938 0.371875 0.607812 0.375000 0.603125 0.376563 0.600000 0.376563 0.589063 0.373437 0.582812 0.365625 0.575000 0.359375 0.573438 0.345313 0.573438
0 0.293750 0.657813 0.290625 0.660937 0.290625 0.667188 0.292187 0.670312 0.296875 0.675000 0.298438 0.675000 0.301563 0.678125 0.301563 0.687500 0.306250 0.696875 0.310937 0.700000 0.318750 0.701562 0.321875 0.703125 0.325000 0.706250 0.328125 0.707812 0.335938 0.707812 0.339062 0.704688 0.339062 0.693750 0.342187 0.687500 0.342187 0.682813 0.335938 0.675000 0.332813 0.667188 0.325000 0.659375 0.315625 0.653125 0.309375 0.650000 0.306250 0.650000 0.301563 0.656250 0.296875 0.656250
0 0.471875 0.550000 0.468750 0.553125 0.467187 0.556250 0.464062 0.565625 0.462500 0.565625 0.459375 0.568750 0.459375 0.581250 0.460938 0.587500 0.464062 0.592187 0.467187 0.595313 0.470313 0.596875 0.478125 0.598437 0.481250 0.601562 0.490625 0.604688 0.504687 0.604688 0.509375 0.603125 0.512500 0.601562 0.514062 0.590625 0.510938 0.587500 0.510938 0.582812 0.512500 0.573438 0.510938 0.568750 0.504687 0.560937 0.504687 0.559375 0.503125 0.557813 0.496875 0.554688 0.489063 0.554688 0.485938 0.553125 0.482812 0.550000 0.479687 0.548438 0.475000 0.548438
0 0.532813 0.617188 0.528125 0.621875 0.525000 0.628125 0.525000 0.637500 0.526563 0.643750 0.529687 0.653125 0.531250 0.656250 0.534375 0.659375 0.542188 0.664062 0.545312 0.665625 0.553125 0.668750 0.559375 0.668750 0.568750 0.665625 0.571875 0.664062 0.573438 0.660937 0.573438 0.634375 0.570312 0.628125 0.564063 0.621875 0.560937 0.620313 0.545312 0.620313 0.540625 0.617188
0 0.485938 0.692187 0.490625 0.695312 0.493750 0.700000 0.496875 0.707812 0.510938 0.721875 0.520312 0.726562 0.525000 0.728125 0.534375 0.728125 0.537500 0.725000 0.537500 0.701562 0.534375 0.692187 0.532813 0.689063 0.525000 0.681250 0.515625 0.676562 0.509375 0.675000 0.504687 0.676562 0.501563 0.678125 0.498437 0.681250 0.495312 0.687500 0.492188 0.690625
0 0.393750 0.682813 0.390625 0.685937 0.387500 0.692187 0.389062 0.701562 0.389062 0.706250 0.387500 0.707812 0.387500 0.714063 0.389062 0.717187 0.396875 0.725000 0.401562 0.726562 0.407813 0.725000 0.418750 0.735938 0.421875 0.737500 0.426563 0.739062 0.439063 0.739062 0.442188 0.735938 0.443750 0.732812 0.443750 0.728125 0.446875 0.725000 0.450000 0.725000 0.453125 0.723437 0.454688 0.721875 0.456250 0.718750 0.456250 0.707812 0.454688 0.703125 0.453125 0.700000 0.446875 0.693750 0.443750 0.692187 0.437500 0.690625 0.428125 0.684375 0.423438 0.682813 0.403125 0.681250 0.398438 0.681250
1 0.398438 0.665625 0.396875 0.668750 0.396875 0.675000 0.398438 0.678125 0.404687 0.681250 0.414062 0.681250 0.417187 0.679688 0.418750 0.676562 0.418750 0.673438 0.410938 0.665625 0.407813 0.664062 0.401562 0.664062
1 0.417187 0.634375 0.414062 0.637500 0.414062 0.642188 0.415625 0.646875 0.420312 0.651563 0.423438 0.653125 0.431250 0.653125 0.434375 0.650000 0.434375 0.642188 0.432812 0.639062 0.429688 0.635938 0.426563 0.634375
1 0.460938 0.632812 0.459375 0.637500 0.460938 0.642188 0.465625 0.646875 0.468750 0.648438 0.475000 0.648438 0.478125 0.646875 0.478125 0.635938 0.473438 0.631250 0.464062 0.631250
1 0.270313 0.878125 0.270313 0.885938 0.271875 0.889062 0.278125 0.895312 0.281250 0.896875 0.290625 0.896875 0.293750 0.895312 0.296875 0.892188 0.296875 0.884375 0.295312 0.879687 0.289062 0.873437 0.275000 0.873437
0 0.201563 0.812500 0.198437 0.814063 0.193750 0.820312 0.190625 0.823438 0.182812 0.825000 0.178125 0.829688 0.173437 0.839063 0.173437 0.846875 0.175000 0.850000 0.187500 0.868750 0.190625 0.871875 0.200000 0.876563 0.207813 0.884375 0.207813 0.885938 0.212500 0.890625 0.215625 0.892188 0.220312 0.892188 0.225000 0.890625 0.228125 0.889062 0.231250 0.885938 0.234375 0.878125 0.245312 0.867188 0.246875 0.864062 0.246875 0.856250 0.237500 0.837500 0.231250 0.831250 0.229687 0.831250 0.225000 0.826562 0.225000 0.825000 0.218750 0.818750 0.214062 0.815625 0.207813 0.812500
0 0.184375 0.871875 0.175000 0.876563 0.171875 0.879687 0.170313 0.882812 0.167187 0.895312 0.167187 0.907813 0.168750 0.910937 0.176563 0.917188 0.179688 0.920312 0.181250 0.925000 0.181250 0.929688 0.182812 0.934375 0.185938 0.939063 0.189062 0.942187 0.192188 0.943750 0.200000 0.943750 0.203125 0.942187 0.209375 0.935937 0.212500 0.931250 0.214062 0.928125 0.218750 0.907813 0.218750 0.903125 0.217188 0.898438 0.215625 0.895312 0.207813 0.885938 0.196875 0.875000 0.193750 0.873437 0.189062 0.873437 0.187500 0.871875
0 0.317188 0.857812 0.307812 0.867188 0.306250 0.871875 0.306250 0.887500 0.307812 0.895312 0.310937 0.901563 0.317188 0.909375 0.317188 0.910937 0.318750 0.912500 0.325000 0.917188 0.331250 0.920312 0.350000 0.928125 0.356250 0.929688 0.357812 0.926562 0.359375 0.925000 0.359375 0.920312 0.360938 0.918750 0.360938 0.915625 0.357812 0.909375 0.354687 0.906250 0.350000 0.903125 0.348438 0.903125 0.346875 0.901563 0.346875 0.900000 0.343750 0.896875 0.340625 0.890625 0.340625 0.881250 0.337500 0.875000 0.337500 0.865625 0.335938 0.862500 0.332813 0.859375 0.329688 0.857812
0 0.343750 0.876563 0.340625 0.879687 0.340625 0.887500 0.342187 0.892188 0.343750 0.895312 0.348438 0.901563 0.356250 0.906250 0.359375 0.909375 0.360938 0.912500 0.360938 0.925000 0.357812 0.931250 0.359375 0.937500 0.364063 0.942187 0.370312 0.945312 0.376563 0.945312 0.379688 0.943750 0.387500 0.935937 0.392188 0.932813 0.393750 0.932813 0.395313 0.931250 0.395313 0.929688 0.398438 0.926562 0.403125 0.920312 0.403125 0.917188 0.400000 0.912500 0.404687 0.903125 0.406250 0.896875 0.406250 0.892188 0.403125 0.885938 0.400000 0.882812 0.395313 0.879687 0.389062 0.879687 0.384375 0.881250 0.379688 0.884375 0.376563 0.889062 0.371875 0.890625 0.368750 0.884375 0.357812 0.876563
0 0.376563 0.948438 0.375000 0.950000 0.371875 0.956250 0.370312 0.960938 0.370312 0.968750 0.373437 0.975000 0.376563 0.978125 0.378125 0.981250 0.379688 0.990625 0.381250 0.993750 0.385937 0.998437 0.404687 0.996875 0.414062 0.995313 0.418750 0.998437 0.425000 0.998437 0.429688 0.995313 0.432812 0.990625 0.437500 0.978125 0.437500 0.967187 0.435937 0.965625 0.435937 0.953125 0.432812 0.946875 0.426563 0.940625 0.421875 0.937500 0.404687 0.937500 0.395313 0.939063 0.390625 0.940625 0.381250 0.945312 0.378125 0.948438
0 0.431250 0.909375 0.426563 0.914062 0.425000 0.917188 0.425000 0.920312 0.418750 0.926562 0.418750 0.929688 0.420312 0.931250 0.421875 0.935937 0.429688 0.942187 0.434375 0.943750 0.435937 0.945312 0.437500 0.948438 0.437500 0.951562 0.440625 0.954688 0.450000 0.954688 0.459375 0.959375 0.465625 0.959375 0.470313 0.954688 0.471875 0.951562 0.471875 0.942187 0.470313 0.939063 0.462500 0.931250 0.459375 0.929688 0.454688 0.928125 0.448437 0.926562 0.446875 0.921875 0.446875 0.914062 0.442188 0.909375 0.439063 0.907813
0 0.439063 0.959375 0.435937 0.965625 0.435937 0.970313 0.437500 0.981250 0.432812 0.989062 0.432812 0.992188 0.429688 0.998437 0.465625 0.998437 0.468750 0.993750 0.470313 0.990625 0.471875 0.981250 0.471875 0.973437 0.470313 0.970313 0.465625 0.965625 0.465625 0.964063 0.462500 0.960938 0.453125 0.956250 0.446875 0.956250 0.442188 0.957812
0 0.250000 0.907813 0.246875 0.909375 0.245312 0.910937 0.243750 0.914062 0.239063 0.926562 0.239063 0.937500 0.240625 0.940625 0.248438 0.950000 0.250000 0.954688 0.254688 0.959375 0.259375 0.962500 0.262500 0.964063 0.267188 0.965625 0.270313 0.965625 0.271875 0.960938 0.275000 0.959375 0.281250 0.957812 0.285938 0.953125 0.289062 0.948438 0.289062 0.942187 0.287500 0.935937 0.279687 0.928125 0.275000 0.920312 0.262500 0.907813
0 0.193750 0.968750 0.193750 0.981250 0.201563 0.989062 0.204687 0.990625 0.207813 0.990625 0.214062 0.998437 0.276562 0.996875 0.271875 0.993750 0.270313 0.989062 0.267188 0.985938 0.267188 0.984375 0.265625 0.982812 0.264062 0.982812 0.256250 0.976562 0.251563 0.973437 0.246875 0.971875 0.234375 0.970313 0.223438 0.965625 0.215625 0.965625 0.209375 0.962500 0.201563 0.962500 0.198437 0.964063
0 0.306250 0.951562 0.296875 0.951562 0.293750 0.953125 0.292187 0.956250 0.292187 0.959375 0.290625 0.962500 0.285938 0.967187 0.271875 0.970313 0.275000 0.976562 0.275000 0.979688 0.273438 0.987500 0.276562 0.993750 0.279687 0.998437 0.303125 0.998437 0.304688 0.995313 0.304688 0.985938 0.301563 0.981250 0.304688 0.978125 0.310937 0.978125 0.315625 0.973437 0.315625 0.962500 0.314063 0.959375
1 0.015625 0.129688 0.015625 0.137500 0.017188 0.142187 0.018750 0.145313 0.029687 0.156250 0.034375 0.159375 0.039062 0.160938 0.045312 0.160938 0.048438 0.159375 0.050000 0.157812 0.050000 0.156250 0.051562 0.153125 0.050000 0.146875 0.045312 0.139063 0.035937 0.129688 0.031250 0.128125 0.018750 0.128125
0 0.000000 0.629687 0.000000 0.653125 0.004687 0.653125 0.010937 0.654687 0.017188 0.660937 0.017188 0.667188 0.020313 0.670312 0.028125 0.670312 0.032813 0.665625 0.034375 0.660937 0.034375 0.657813 0.032813 0.653125 0.028125 0.645312 0.026562 0.629687 0.023438 0.628125 0.017188 0.626563 0.012500 0.626563 0.010937 0.628125 0.004687 0.628125 0.003125 0.629687
0 0.000000 0.654687 0.000172 0.721844 0.015531 0.728500 0.014750 0.704031 0.026562 0.700344 0.034953 0.700891 0.036844 0.696000 0.020313 0.692187 0.020313 0.689063 0.023438 0.684375 0.021875 0.679688 0.018750 0.665625 0.015625 0.659375 0.012500 0.656250 0.009375 0.654687