0 0.168750 0.646875 0.165625 0.648438 0.164062 0.657813 0.165625 0.662500 0.165625 0.667188 0.160938 0.667188 0.157812 0.668750 0.154688 0.671875 0.153125 0.671875 0.151562 0.673438 0.148438 0.679688 0.148438 0.685937 0.150000 0.690625 0.157812 0.698438 0.160938 0.700000 0.165625 0.700000 0.168750 0.703125 0.170313 0.714063 0.173437 0.715625 0.179688 0.715625 0.182812 0.714063 0.192188 0.706250 0.198437 0.706250 0.201563 0.703125 0.204687 0.696875 0.206250 0.692187 0.204687 0.681250 0.204687 0.678125 0.206250 0.673438 0.209375 0.670312 0.210938 0.667188 0.210938 0.664062 0.209375 0.660937 0.204687 0.656250 0.201563 0.654687 0.189062 0.656250 0.176563 0.648438 0.171875 0.646875
0 0.235937 0.664062 0.232813 0.664062 0.226562 0.667188 0.218750 0.665625 0.214062 0.667188 0.210938 0.668750 0.209375 0.670312 0.207813 0.673438 0.209375 0.689063 0.209375 0.692187 0.204687 0.700000 0.204687 0.707812 0.206250 0.710938 0.209375 0.715625 0.212500 0.718750 0.218750 0.721875 0.225000 0.723437 0.239063 0.723437 0.245312 0.720313 0.250000 0.715625 0.251563 0.712500 0.253125 0.698438 0.253125 0.692187 0.251563 0.689063 0.246875 0.682813 0.242188 0.670312 0.240625 0.667188 0.239063 0.665625
0 0.156250 0.709375 0.146875 0.710938 0.145313 0.714063 0.145313 0.723437 0.142187 0.726562 0.132812 0.728125 0.129688 0.731250 0.128125 0.734375 0.126562 0.753125 0.126562 0.756250 0.128125 0.759375 0.132812 0.764062 0.135937 0.765625 0.142187 0.767188 0.148438 0.767188 0.154688 0.760938 0.156250 0.757812 0.157812 0.751563 0.162500 0.745313 0.164062 0.742188 0.165625 0.735938 0.165625 0.725000 0.164062 0.718750 0.162500 0.715625
1 0.190625 0.739062 0.187500 0.740625 0.185938 0.742188 0.182812 0.748437 0.181250 0.754687 0.182812 0.759375 0.184375 0.762500 0.187500 0.764062 0.192188 0.765625 0.196875 0.765625 0.200000 0.764062 0.204687 0.759375 0.206250 0.754687 0.206250 0.748437 0.204687 0.743750 0.203125 0.740625 0.200000 0.739062
0 0.178125 0.787500 0.173437 0.792188 0.173437 0.804688 0.175000 0.810937 0.179688 0.815625 0.189062 0.820312 0.196875 0.828125 0.196875 0.831250 0.203125 0.837500 0.209375 0.837500 0.212500 0.835938 0.218750 0.828125 0.221875 0.825000 0.223438 0.825000 0.225000 0.817187 0.223438 0.812500 0.221875 0.809375 0.217188 0.801562 0.212500 0.796875 0.207813 0.793750 0.198437 0.789062 0.193750 0.787500
0 0.507812 0.909375 0.504687 0.910937 0.500000 0.914062 0.496875 0.918750 0.495312 0.921875 0.493750 0.932813 0.490625 0.939063 0.490625 0.943750 0.492188 0.950000 0.493750 0.954688 0.507812 0.968750 0.510938 0.970313 0.515625 0.970313 0.517188 0.971875 0.520312 0.971875 0.521875 0.970313 0.526563 0.970313 0.532813 0.964063 0.539062 0.960938 0.542188 0.957812 0.545312 0.953125 0.546875 0.945312 0.545312 0.934375 0.543750 0.931250 0.532813 0.920312 0.529687 0.918750 0.523438 0.917188 0.520312 0.915625 0.517188 0.912500 0.510938 0.909375
0 0.454688 0.885938 0.448437 0.889062 0.442188 0.895312 0.440625 0.898438 0.440625 0.904687 0.442188 0.915625 0.443750 0.920312 0.451562 0.929688 0.465625 0.943750 0.471875 0.946875 0.478125 0.946875 0.484375 0.943750 0.489063 0.939063 0.490625 0.934375 0.490625 0.909375 0.489063 0.904687 0.487500 0.901563 0.479687 0.893750 0.475000 0.890625 0.468750 0.885938
0 0.428125 0.914062 0.428125 0.918750 0.429688 0.923438 0.435937 0.928125 0.439063 0.931250 0.439063 0.934375 0.437500 0.957812 0.439063 0.960938 0.442188 0.964063 0.453125 0.964063 0.457813 0.960938 0.464062 0.960938 0.470313 0.954688 0.470313 0.946875 0.468750 0.943750 0.460938 0.935937 0.459375 0.935937 0.451562 0.926562 0.448437 0.923438 0.443750 0.920312 0.439063 0.918750 0.434375 0.914062
0 0.453125 0.970313 0.453125 0.976562 0.454688 0.978125 0.454688 0.984375 0.453125 0.995313 0.454688 0.998437 0.542188 0.998437 0.539062 0.987500 0.535937 0.985938 0.528125 0.985938 0.518750 0.982812 0.506250 0.982812 0.498437 0.984375 0.496875 0.985938 0.492188 0.985938 0.489063 0.984375 0.479687 0.975000 0.475000 0.971875 0.471875 0.970313
0 0.998437 0.954688 0.995313 0.954688 0.989062 0.951562 0.984375 0.951562 0.973437 0.954688 0.968750 0.954688 0.953125 0.953125 0.943750 0.956250 0.940625 0.959375 0.940625 0.964063 0.943750 0.970313 0.939063 0.975000 0.939063 0.979688 0.940625 0.982812 0.943750 0.987500 0.948438 0.992188 0.953125 0.993750 0.957812 0.993750 0.962500 0.995313 0.965625 0.998437 0.985938 0.996875 0.998437 0.998437
0 0.887500 0.406250 0.875000 0.406250 0.864062 0.410938 0.856250 0.409375 0.853125 0.410938 0.839063 0.425000 0.837500 0.442188 0.837500 0.448437 0.839063 0.450000 0.839063 0.453125 0.843750 0.459375 0.850000 0.462500 0.857812 0.462500 0.860938 0.460938 0.867188 0.454688 0.870313 0.453125 0.882812 0.453125 0.885938 0.450000 0.885938 0.445312 0.887500 0.442188 0.893750 0.435937 0.895312 0.432812 0.895312 0.425000 0.893750 0.421875 0.892188 0.420312 0.889062 0.418750 0.890625 0.409375
0 0.823438 0.345313 0.821875 0.346875 0.817187 0.346875 0.814063 0.348438 0.809375 0.353125 0.807813 0.356250 0.807813 0.365625 0.810937 0.368750 0.812500 0.371875 0.807813 0.376563 0.800000 0.392188 0.800000 0.395313 0.817187 0.415625 0.821875 0.420312 0.828125 0.423438 0.837500 0.423438 0.845313 0.418750 0.853125 0.410938 0.860938 0.404687 0.864062 0.404687 0.870313 0.398438 0.871875 0.395313 0.871875 0.382812 0.868750 0.376563 0.868750 0.364063 0.867188 0.360938 0.860938 0.354687 0.856250 0.353125 0.848437 0.351562 0.839063 0.351562 0.831250 0.346875 0.826562 0.345313
0 0.760938 0.315625 0.757812 0.317188 0.754687 0.320312 0.753125 0.328125 0.748437 0.332813 0.740625 0.335938 0.735938 0.340625 0.735938 0.351562 0.739062 0.357812 0.739062 0.371875 0.745313 0.378125 0.746875 0.382812 0.759375 0.384375 0.778125 0.387500 0.784375 0.390625 0.795312 0.389062 0.801562 0.376563 0.803125 0.370312 0.803125 0.362500 0.800000 0.356250 0.804688 0.348438 0.806250 0.343750 0.806250 0.337500 0.804688 0.332813 0.798438 0.326562 0.784375 0.325000 0.773438 0.317188 0.768750 0.315625
0 0.795312 0.450000 0.793750 0.454688 0.795312 0.464062 0.798438 0.479687 0.800000 0.484375 0.803125 0.487500 0.806250 0.489063 0.809375 0.485938 0.810937 0.485938 0.817187 0.481250 0.825000 0.473438 0.831250 0.475000 0.842187 0.479687 0.850000 0.478125 0.848437 0.473438 0.843750 0.465625 0.840625 0.457813 0.840625 0.450000 0.837500 0.443750 0.825000 0.443750 0.821875 0.442188 0.817187 0.437500 0.806250 0.437500 0.803125 0.440625
0 0.707812 0.412500 0.704688 0.415625 0.701562 0.421875 0.698438 0.425000 0.690625 0.431250 0.690625 0.443750 0.692187 0.448437 0.696875 0.457813 0.700000 0.462500 0.704688 0.467187 0.707812 0.468750 0.712500 0.468750 0.717187 0.470313 0.720313 0.473438 0.728125 0.473438 0.734375 0.470313 0.740625 0.464062 0.740625 0.448437 0.739062 0.439063 0.735938 0.425000 0.734375 0.421875 0.731250 0.418750 0.728125 0.417187 0.712500 0.412500
0 0.740625 0.393750 0.739062 0.396875 0.739062 0.401562 0.742188 0.407813 0.740625 0.410938 0.737500 0.414062 0.735938 0.417187 0.735938 0.420312 0.737500 0.423438 0.743750 0.429688 0.746875 0.435937 0.745313 0.437500 0.746875 0.440625 0.751563 0.445312 0.754687 0.446875 0.759375 0.448437 0.793750 0.448437 0.796875 0.446875 0.800000 0.440625 0.806250 0.434375 0.810937 0.432812 0.812500 0.429688 0.814063 0.425000 0.814063 0.420312 0.812500 0.415625 0.809375 0.410938 0.803125 0.404687 0.801562 0.404687 0.793750 0.396875 0.790625 0.395313 0.785937 0.393750 0.775000 0.392188 0.765625 0.392188 0.754687 0.389062 0.745313 0.389062
0 0.751563 0.448437 0.750000 0.451562 0.750000 0.456250 0.748437 0.460938 0.745313 0.465625 0.748437 0.470313 0.753125 0.476562 0.754687 0.478125 0.756250 0.478125 0.759375 0.481250 0.767188 0.482812 0.770312 0.485938 0.775000 0.487500 0.778125 0.487500 0.781250 0.485938 0.782813 0.484375 0.784375 0.481250 0.784375 0.478125 0.787500 0.475000 0.795312 0.473438 0.795312 0.470313 0.793750 0.460938 0.790625 0.454688 0.787500 0.451562 0.787500 0.450000 0.785937 0.448437 0.782813 0.446875 0.771875 0.445312 0.762500 0.445312 0.757812 0.448437
0 0.651563 0.289062 0.651563 0.292187 0.654687 0.307812 0.657813 0.309375 0.662500 0.309375 0.673438 0.307812 0.678125 0.309375 0.685937 0.314063 0.698438 0.314063 0.701562 0.312500 0.704688 0.306250 0.709375 0.301563 0.718750 0.298438 0.720313 0.293750 0.717187 0.287500 0.715625 0.285938 0.712500 0.284375 0.707812 0.282813 0.684375 0.278125 0.671875 0.276562 0.656250 0.276562 0.653125 0.282813 0.653125 0.287500
0 0.620313 0.234375 0.617188 0.235937 0.609375 0.245312 0.600000 0.245312 0.593750 0.248438 0.592187 0.253125 0.592187 0.260937 0.595313 0.264062 0.596875 0.268750 0.595313 0.276562 0.598437 0.279687 0.603125 0.281250 0.607812 0.281250 0.614062 0.284375 0.617188 0.287500 0.618750 0.292187 0.625000 0.298438 0.632812 0.298438 0.637500 0.293750 0.640625 0.292187 0.646875 0.292187 0.650000 0.290625 0.653125 0.282813 0.656250 0.279687 0.656250 0.276562 0.654687 0.273438 0.651563 0.270313 0.651563 0.259375 0.650000 0.254688 0.648438 0.251563 0.640625 0.242188 0.635938 0.237500 0.631250 0.234375
0 0.693750 0.195312 0.689063 0.193750 0.676562 0.193750 0.671875 0.198437 0.670312 0.203125 0.667188 0.207813 0.662500 0.212500 0.657813 0.214062 0.651563 0.214062 0.642188 0.217188 0.634375 0.220312 0.634375 0.229687 0.635938 0.234375 0.640625 0.240625 0.645312 0.245312 0.650000 0.248438 0.657813 0.250000 0.660937 0.251563 0.664062 0.254688 0.667188 0.256250 0.671875 0.256250 0.675000 0.254688 0.678125 0.251563 0.681250 0.250000 0.693750 0.250000 0.700000 0.246875 0.701562 0.245312 0.703125 0.242188 0.703125 0.231250 0.701562 0.228125 0.696875 0.223438 0.693750 0.223438 0.690625 0.221875 0.689063 0.218750 0.700000 0.209375 0.700000 0.207813 0.701562 0.204687 0.698438 0.198437
0 0.609375 0.171875 0.607812 0.176563 0.607812 0.184375 0.612500 0.190625 0.614062 0.196875 0.614062 0.201563 0.617188 0.210938 0.618750 0.214062 0.621875 0.215625 0.628125 0.217188 0.631250 0.220312 0.634375 0.221875 0.637500 0.221875 0.639062 0.218750 0.648438 0.218750 0.654687 0.217188 0.662500 0.214062 0.665625 0.210938 0.667188 0.206250 0.668750 0.198437 0.668750 0.192188 0.667188 0.187500 0.659375 0.179688 0.654687 0.178125 0.650000 0.173437 0.643750 0.171875 0.635938 0.164062 0.631250 0.164062 0.626563 0.168750 0.615625 0.168750
0 0.582812 0.176563 0.575000 0.178125 0.573438 0.181250 0.573438 0.185938 0.570312 0.193750 0.565625 0.195312 0.559375 0.200000 0.553125 0.206250 0.551562 0.209375 0.551562 0.214062 0.554688 0.220312 0.557813 0.223438 0.560937 0.225000 0.570312 0.226562 0.573438 0.229687 0.573438 0.235937 0.575000 0.239063 0.578125 0.242188 0.582812 0.243750 0.592187 0.243750 0.600000 0.237500 0.606250 0.234375 0.610938 0.234375 0.615625 0.229687 0.617188 0.226562 0.617188 0.214062 0.615625 0.206250 0.614062 0.203125 0.610938 0.200000 0.610938 0.193750 0.609375 0.189062 0.604688 0.184375 0.596875 0.182812 0.589063 0.178125
1 0.557813 0.164062 0.554688 0.165625 0.551562 0.168750 0.550000 0.171875 0.550000 0.176563 0.551562 0.181250 0.554688 0.184375 0.557813 0.185938 0.562500 0.187500 0.565625 0.187500 0.568750 0.185938 0.571875 0.181250 0.571875 0.170313 0.567187 0.165625 0.564063 0.164062
1 0.665625 0.134375 0.664062 0.137500 0.664062 0.145313 0.665625 0.148438 0.671875 0.154688 0.678125 0.157812 0.682813 0.157812 0.685937 0.154688 0.685937 0.146875 0.682813 0.137500 0.678125 0.132812
1 0.640625 0.089063 0.637500 0.092188 0.637500 0.100000 0.639062 0.103125 0.643750 0.107813 0.646875 0.109375 0.653125 0.109375 0.659375 0.103125 0.660937 0.100000 0.660937 0.095312 0.657813 0.089063 0.654687 0.087500 0.643750 0.087500
1 0.562500 0.117188 0.562500 0.123438 0.565625 0.126562 0.582812 0.126562 0.585938 0.125000 0.585938 0.117188 0.584375 0.114062 0.578125 0.110937 0.571875 0.110937 0.565625 0.114062
0 0.564063 0.128125 0.559375 0.137500 0.559375 0.145313 0.560937 0.148438 0.565625 0.154688 0.567187 0.156250 0.568750 0.156250 0.571875 0.159375 0.576562 0.160938 0.585938 0.160938 0.592187 0.157812 0.598437 0.151562 0.598437 0.143750 0.595313 0.137500 0.592187 0.132812 0.585938 0.126562 0.568750 0.126562 0.567187 0.128125
0 0.507812 0.100000 0.506250 0.103125 0.506250 0.114062 0.507812 0.117188 0.514062 0.123438 0.518750 0.125000 0.521875 0.126562 0.523438 0.128125 0.523438 0.129688 0.526563 0.134375 0.529687 0.137500 0.539062 0.137500 0.542188 0.135937 0.550000 0.128125 0.550000 0.125000 0.551562 0.121875 0.550000 0.114062 0.548438 0.109375 0.546875 0.106250 0.542188 0.101562 0.539062 0.100000 0.523438 0.096875 0.517188 0.096875 0.510938 0.098437
0 0.578125 0.015625 0.579688 0.021875 0.581250 0.025000 0.584375 0.028125 0.592187 0.029687 0.595313 0.031250 0.603125 0.039062 0.609375 0.042188 0.612500 0.042188 0.615625 0.043750 0.621875 0.042188 0.625000 0.040625 0.628125 0.037500 0.629687 0.037500 0.631250 0.035937 0.632812 0.031250 0.635938 0.026562 0.639062 0.023438 0.643750 0.021875 0.648438 0.021875 0.654687 0.015625 0.659375 0.006250 0.659375 0.003125 0.657813 0.000000 0.581250 0.000000 0.578125 0.004687
0 0.400000 0.021875 0.407813 0.029687 0.406250 0.032813 0.403125 0.035937 0.401562 0.040625 0.401562 0.046875 0.403125 0.050000 0.407813 0.054688 0.410938 0.056250 0.418750 0.059375 0.426563 0.059375 0.429688 0.062500 0.431250 0.067187 0.440625 0.076563 0.445312 0.078125 0.450000 0.078125 0.459375 0.073438 0.464062 0.068750 0.464062 0.064062 0.467187 0.060937 0.470313 0.060937 0.470313 0.057813 0.467187 0.051562 0.457813 0.037500 0.450000 0.029687 0.446875 0.029687 0.443750 0.026562 0.437500 0.025000 0.432812 0.023438 0.412500 0.020313
0 0.415625 0.015625 0.418750 0.018750 0.425000 0.021875 0.440625 0.025000 0.445312 0.026562 0.450000 0.029687 0.454688 0.034375 0.454688 0.035937 0.460938 0.042188 0.460938 0.043750 0.465625 0.048438 0.471875 0.046875 0.475000 0.040625 0.476562 0.028125 0.479687 0.028125 0.482812 0.029687 0.495312 0.028125 0.500000 0.029687 0.510938 0.029687 0.512500 0.025000 0.503125 0.017188 0.506250 0.014063 0.509375 0.012500 0.506250 0.007812 0.506250 0.004687 0.503125 0.000000 0.421875 0.000000 0.418750 0.006250 0.418750 0.009375
0 0.281250 0.076563 0.273438 0.076563 0.262500 0.079687 0.256250 0.082812 0.254688 0.087500 0.251563 0.090625 0.251563 0.096875 0.253125 0.104688 0.256250 0.110937 0.259375 0.115625 0.262500 0.118750 0.265625 0.120313 0.270313 0.120313 0.275000 0.118750 0.285938 0.112500 0.290625 0.112500 0.293750 0.110937 0.296875 0.107813 0.300000 0.101562 0.300000 0.092188 0.298438 0.089063 0.293750 0.084375 0.289062 0.082812 0.284375 0.078125
0 0.259375 0.023438 0.259375 0.039062 0.260937 0.042188 0.264062 0.045312 0.267188 0.046875 0.271875 0.048438 0.281250 0.048438 0.284375 0.046875 0.290625 0.040625 0.292187 0.037500 0.292187 0.028125 0.287500 0.023438 0.284375 0.021875
0 0.296875 0.000000 0.296875 0.006250 0.298438 0.010937 0.300000 0.014063 0.300000 0.021875 0.303125 0.023438 0.307812 0.025000 0.315625 0.026562 0.318750 0.026562 0.321875 0.025000 0.328125 0.018750 0.329688 0.015625 0.329688 0.004687 0.328125 0.003125 0.328125 0.000000
1 0.292187 0.043750 0.287500 0.048438 0.285938 0.051562 0.285938 0.056250 0.287500 0.060937 0.289062 0.064062 0.290625 0.065625 0.293750 0.067187 0.303125 0.067187 0.306250 0.064062 0.307812 0.060937 0.309375 0.056250 0.309375 0.053125 0.307812 0.048438 0.304688 0.045312 0.301563 0.043750
1 0.351562 0.084375 0.348438 0.085938 0.346875 0.087500 0.345313 0.090625 0.343750 0.095312 0.345313 0.100000 0.350000 0.104688 0.353125 0.106250 0.357812 0.106250 0.360938 0.104688 0.367188 0.098437 0.367188 0.092188 0.365625 0.089063 0.362500 0.085938 0.357812 0.084375
1 0.765625 0.082812 0.762500 0.085938 0.762500 0.095312 0.767188 0.100000 0.776563 0.100000 0.779687 0.096875 0.779687 0.089063 0.778125 0.085938 0.775000 0.082812 0.770312 0.081250
1 0.743750 0.112500 0.743750 0.118750 0.745313 0.121875 0.746875 0.123438 0.750000 0.125000 0.760938 0.123438 0.762500 0.120313 0.762500 0.114062 0.760938 0.110937 0.759375 0.109375 0.756250 0.107813 0.748437 0.107813
1 0.740625 0.143750 0.739062 0.145313 0.737500 0.148438 0.737500 0.156250 0.740625 0.159375 0.743750 0.160938 0.750000 0.162500 0.756250 0.162500 0.760938 0.157812 0.762500 0.153125 0.759375 0.145313 0.756250 0.143750 0.751563 0.142187 0.743750 0.142187
1 0.721875 0.137500 0.718750 0.140625 0.718750 0.148438 0.723437 0.153125 0.731250 0.153125 0.734375 0.150000 0.734375 0.142187 0.731250 0.139063 0.728125 0.137500
1 0.739062 0.164062 0.737500 0.167187 0.737500 0.173437 0.739062 0.176563 0.742188 0.179688 0.745313 0.181250 0.753125 0.181250 0.756250 0.178125 0.756250 0.170313 0.754687 0.167187 0.750000 0.164062
1 0.801562 0.126562 0.798438 0.129688 0.796875 0.132812 0.796875 0.139063 0.798438 0.142187 0.801562 0.145313 0.804688 0.146875 0.814063 0.146875 0.817187 0.140625 0.817187 0.135937 0.815625 0.132812 0.809375 0.126562
1 0.801562 0.165625 0.796875 0.170313 0.796875 0.176563 0.803125 0.182812 0.812500 0.182812 0.815625 0.176563 0.815625 0.173437 0.812500 0.167187 0.809375 0.165625
1 0.517188 0.031250 0.510938 0.034375 0.509375 0.043750 0.510938 0.048438 0.517188 0.054688 0.523438 0.054688 0.526563 0.053125 0.531250 0.048438 0.531250 0.042188 0.529687 0.037500 0.523438 0.031250
0 0.835938 0.993750 0.835938 0.998437 0.896875 0.998437 0.887500 0.987500 0.882812 0.985938 0.873437 0.985938 0.868750 0.984375 0.864062 0.981250 0.857812 0.979688 0.848437 0.979688 0.845313 0.981250 0.839063 0.987500
0 0.715625 0.993750 0.715625 0.998437 0.768750 0.998437 0.767188 0.993750 0.760938 0.987500 0.757812 0.985938 0.753125 0.984375 0.743750 0.982812 0.728125 0.982812 0.721875 0.985938 0.717187 0.990625