0 0.157812 0.000000 0.159375 0.003125 0.159375 0.006250 0.160938 0.009375 0.165625 0.014063 0.165625 0.020313 0.164062 0.023438 0.159375 0.029687 0.157812 0.032813 0.157812 0.037500 0.162500 0.037500 0.165625 0.034375 0.175000 0.031250 0.182812 0.029687 0.184375 0.025000 0.189062 0.020313 0.190625 0.017188 0.187500 0.014063 0.185938 0.014063 0.182812 0.009375 0.173437 0.000000
0 0.239063 0.000000 0.242188 0.004687 0.250000 0.010937 0.251563 0.014063 0.251563 0.017188 0.254688 0.021875 0.257812 0.023438 0.271875 0.023438 0.279687 0.025000 0.281250 0.026562 0.285938 0.026562 0.289062 0.025000 0.290625 0.023438 0.290625 0.021875 0.293750 0.018750 0.295312 0.015625 0.295312 0.006250 0.292187 0.000000
0 0.310937 0.053125 0.307812 0.051562 0.301563 0.051562 0.296875 0.045312 0.289062 0.043750 0.285938 0.045312 0.282813 0.048438 0.281250 0.048438 0.279687 0.050000 0.276562 0.056250 0.276562 0.059375 0.275000 0.062500 0.271875 0.065625 0.270313 0.068750 0.268750 0.075000 0.268750 0.081250 0.279687 0.092188 0.284375 0.092188 0.285938 0.087500 0.296875 0.085938 0.298438 0.082812 0.298438 0.078125 0.301563 0.075000 0.306250 0.075000 0.307812 0.073438 0.310937 0.073438 0.314063 0.067187 0.314063 0.056250
0 0.240625 0.026562 0.237500 0.028125 0.234375 0.032813 0.234375 0.045312 0.235937 0.048438 0.239063 0.051562 0.248438 0.051562 0.251563 0.050000 0.254688 0.046875 0.257812 0.042188 0.257812 0.032813 0.253125 0.028125 0.250000 0.026562
1 0.206250 0.051562 0.204687 0.054688 0.206250 0.060937 0.215625 0.059375 0.215625 0.054688 0.214062 0.051562
1 0.200000 0.067187 0.200000 0.073438 0.206250 0.073438 0.206250 0.065625
1 0.210938 0.078125 0.214062 0.081250 0.217188 0.081250 0.220312 0.078125 0.220312 0.075000
1 0.467187 0.007812 0.464062 0.009375 0.460938 0.009375 0.457813 0.010937 0.456250 0.012500 0.454688 0.015625 0.454688 0.025000 0.456250 0.028125 0.465625 0.029687 0.468750 0.028125 0.473438 0.023438 0.475000 0.018750 0.475000 0.015625 0.473438 0.014063 0.473438 0.010937
0 0.521875 0.004687 0.510938 0.001563 0.506250 0.003125 0.503125 0.006250 0.496875 0.015625 0.493750 0.025000 0.492188 0.031250 0.492188 0.042188 0.495312 0.048438 0.496875 0.050000 0.498437 0.050000 0.501563 0.051562 0.504687 0.048438 0.504687 0.045312 0.510938 0.043750 0.514062 0.043750 0.517188 0.045312 0.520312 0.042188 0.520312 0.037500 0.518750 0.034375 0.515625 0.031250 0.514062 0.028125 0.520312 0.023438 0.523438 0.018750 0.523438 0.007812
0 0.479687 0.053125 0.470313 0.053125 0.465625 0.054688 0.456250 0.064062 0.451562 0.065625 0.450000 0.067187 0.450000 0.068750 0.446875 0.071875 0.445312 0.076563 0.445312 0.081250 0.446875 0.096875 0.448437 0.100000 0.453125 0.104688 0.462500 0.104688 0.468750 0.110937 0.473438 0.112500 0.478125 0.109375 0.479687 0.109375 0.482812 0.107813 0.484375 0.106250 0.487500 0.100000 0.487500 0.095312 0.490625 0.092188 0.498437 0.089063 0.501563 0.082812 0.501563 0.075000 0.492188 0.065625 0.487500 0.064062 0.484375 0.060937 0.484375 0.057813 0.482812 0.054688
0 0.384375 0.014063 0.379688 0.014063 0.376563 0.015625 0.356250 0.035937 0.353125 0.040625 0.353125 0.053125 0.356250 0.057813 0.360938 0.060937 0.367188 0.062500 0.367188 0.068750 0.368750 0.071875 0.371875 0.075000 0.376563 0.075000 0.381250 0.071875 0.389062 0.060937 0.392188 0.057813 0.395313 0.057813 0.400000 0.053125 0.401562 0.048438 0.400000 0.031250 0.393750 0.026562 0.393750 0.023438 0.390625 0.020313 0.390625 0.018750 0.389062 0.017188 0.387500 0.017188
0 0.339062 0.067187 0.339062 0.071875 0.343750 0.079687 0.343750 0.089063 0.345313 0.092188 0.351562 0.098437 0.354687 0.100000 0.371875 0.100000 0.375000 0.098437 0.378125 0.095312 0.378125 0.087500 0.381250 0.082812 0.381250 0.079687 0.378125 0.076563 0.376563 0.076563 0.373437 0.073438 0.371875 0.070312 0.367188 0.065625 0.362500 0.065625 0.357812 0.068750 0.353125 0.068750
0 0.340625 0.128125 0.340625 0.140625 0.342187 0.145313 0.345313 0.153125 0.346875 0.156250 0.351562 0.160938 0.354687 0.162500 0.360938 0.162500 0.365625 0.160938 0.368750 0.157812 0.373437 0.157812 0.378125 0.160938 0.384375 0.160938 0.387500 0.157812 0.387500 0.154688 0.385937 0.151562 0.382812 0.146875 0.376563 0.139063 0.373437 0.135937 0.371875 0.135937 0.368750 0.132812 0.368750 0.128125 0.365625 0.118750 0.353125 0.118750 0.346875 0.121875
0 0.281250 0.106250 0.275000 0.104688 0.271875 0.106250 0.268750 0.106250 0.262500 0.112500 0.260937 0.115625 0.260937 0.126562 0.257812 0.129688 0.254688 0.131250 0.250000 0.131250 0.246875 0.132812 0.245312 0.139063 0.248438 0.145313 0.251563 0.148438 0.256250 0.151562 0.262500 0.151562 0.264062 0.153125 0.268750 0.153125 0.275000 0.151562 0.279687 0.150000 0.292187 0.139063 0.298438 0.132812 0.300000 0.129688 0.298438 0.121875 0.292187 0.121875 0.289062 0.120313 0.287500 0.114062 0.285938 0.110937
0 0.281250 0.156250 0.278125 0.160938 0.278125 0.170313 0.282813 0.176563 0.282813 0.181250 0.279687 0.185938 0.279687 0.198437 0.284375 0.203125 0.290625 0.206250 0.301563 0.206250 0.304688 0.209375 0.312500 0.209375 0.317188 0.204687 0.320312 0.200000 0.321875 0.195312 0.331250 0.185938 0.331250 0.182812 0.332813 0.179688 0.331250 0.173437 0.329688 0.170313 0.323437 0.162500 0.323437 0.159375 0.314063 0.150000 0.304688 0.150000 0.300000 0.153125 0.292187 0.154688 0.284375 0.154688
0 0.265625 0.207813 0.265625 0.212500 0.260937 0.220312 0.260937 0.223438 0.270313 0.232813 0.275000 0.235937 0.281250 0.237500 0.284375 0.243750 0.285938 0.248438 0.285938 0.253125 0.290625 0.262500 0.293750 0.264062 0.300000 0.264062 0.303125 0.262500 0.304688 0.260937 0.307812 0.254688 0.307812 0.250000 0.304688 0.243750 0.300000 0.232813 0.295312 0.226562 0.279687 0.210938 0.273438 0.207813
0 0.323437 0.221875 0.320312 0.223438 0.315625 0.226562 0.312500 0.231250 0.307812 0.240625 0.307812 0.251563 0.310937 0.254688 0.320312 0.257812 0.334375 0.257812 0.340625 0.251563 0.342187 0.246875 0.345313 0.239063 0.345313 0.229687 0.339062 0.223438 0.335938 0.221875
0 0.775000 0.000000 0.775000 0.010937 0.770312 0.020313 0.770312 0.029687 0.773438 0.032813 0.781250 0.032813 0.784375 0.034375 0.785937 0.048438 0.787500 0.051562 0.792188 0.056250 0.795312 0.057813 0.803125 0.057813 0.809375 0.056250 0.812500 0.054688 0.817187 0.051562 0.820312 0.048438 0.823438 0.042188 0.825000 0.035937 0.826562 0.023438 0.826562 0.012500 0.820312 0.000000
1 0.512500 0.564063 0.509375 0.567187 0.509375 0.575000 0.512500 0.581250 0.515625 0.584375 0.525000 0.584375 0.528125 0.582812 0.532813 0.578125 0.535937 0.573438 0.535937 0.568750 0.532813 0.565625 0.526563 0.562500 0.517188 0.562500
1 0.535937 0.571875 0.532813 0.578125 0.532813 0.584375 0.535937 0.587500 0.546875 0.587500 0.550000 0.584375 0.550000 0.576562 0.548438 0.573438 0.543750 0.570312 0.539062 0.570312
1 0.532813 0.604688 0.531250 0.606250 0.529687 0.609375 0.528125 0.614062 0.529687 0.618750 0.532813 0.621875 0.543750 0.621875 0.546875 0.620313 0.548438 0.612500 0.545312 0.606250 0.540625 0.603125 0.535937 0.603125
1 0.565625 0.604688 0.560937 0.609375 0.560937 0.615625 0.562500 0.618750 0.564063 0.620313 0.565625 0.620313 0.568750 0.621875 0.575000 0.620313 0.579688 0.615625 0.579688 0.607812 0.576562 0.604688
1 0.596875 0.598437 0.595313 0.609375 0.596875 0.612500 0.600000 0.614062 0.610938 0.612500 0.612500 0.603125 0.610938 0.600000 0.609375 0.598437 0.606250 0.596875 0.600000 0.596875
1 0.531250 0.628125 0.529687 0.629687 0.528125 0.632812 0.528125 0.637500 0.529687 0.639062 0.529687 0.642188 0.532813 0.643750 0.542188 0.643750 0.546875 0.639062 0.546875 0.631250 0.543750 0.628125 0.540625 0.626563 0.534375 0.626563
1 0.593750 0.626563 0.590625 0.628125 0.589063 0.631250 0.589063 0.639062 0.590625 0.642188 0.595313 0.645312 0.600000 0.645312 0.603125 0.642188 0.604688 0.639062 0.604688 0.631250 0.603125 0.628125 0.600000 0.626563
0 0.848437 0.432812 0.832812 0.434375 0.831250 0.445312 0.828125 0.445312 0.821875 0.448437 0.818750 0.451562 0.817187 0.454688 0.817187 0.467187 0.818750 0.473438 0.820312 0.476562 0.825000 0.481250 0.825000 0.487500 0.826562 0.490625 0.828125 0.492188 0.834375 0.495312 0.842187 0.495312 0.854688 0.490625 0.857812 0.489063 0.860938 0.485938 0.862500 0.485938 0.864062 0.484375 0.865625 0.481250 0.865625 0.479687 0.870313 0.473438 0.871875 0.468750 0.873437 0.462500 0.873437 0.457813 0.871875 0.453125 0.868750 0.446875 0.859375 0.437500 0.853125 0.434375
0 0.939063 0.385937 0.934375 0.384375 0.926562 0.384375 0.909375 0.385937 0.904687 0.387500 0.901563 0.390625 0.900000 0.390625 0.898438 0.392188 0.895312 0.396875 0.895312 0.398438 0.893750 0.400000 0.890625 0.401562 0.887500 0.401562 0.884375 0.403125 0.881250 0.406250 0.879687 0.409375 0.881250 0.426563 0.881250 0.431250 0.878125 0.437500 0.884375 0.445312 0.887500 0.453125 0.892188 0.457813 0.900000 0.457813 0.907813 0.454688 0.912500 0.454688 0.915625 0.456250 0.921875 0.460938 0.925000 0.462500 0.931250 0.462500 0.935937 0.460938 0.939063 0.459375 0.942187 0.456250 0.946875 0.445312 0.946875 0.437500 0.945312 0.434375 0.942187 0.429688 0.939063 0.426563 0.943750 0.421875 0.945312 0.418750 0.945312 0.393750 0.943750 0.390625
0 0.971875 0.432812 0.967187 0.434375 0.946875 0.445312 0.940625 0.450000 0.934375 0.456250 0.931250 0.462500 0.931250 0.467187 0.932813 0.470313 0.935937 0.473438 0.937500 0.476562 0.937500 0.487500 0.939063 0.492188 0.942187 0.495312 0.942187 0.496875 0.943750 0.498437 0.950000 0.501563 0.957812 0.501563 0.959375 0.500000 0.967187 0.501563 0.967187 0.510938 0.968750 0.514062 0.971875 0.517188 0.975000 0.518750 0.981250 0.518750 0.984375 0.517188 0.990625 0.509375 0.993750 0.506250 0.998437 0.506250 0.998437 0.448437 0.990625 0.440625 0.990625 0.437500 0.985938 0.432812
0 0.979688 0.340625 0.976562 0.346875 0.975000 0.353125 0.975000 0.360938 0.976562 0.370312 0.978125 0.376563 0.979688 0.384375 0.984375 0.389062 0.987500 0.390625 0.992188 0.392188 0.998437 0.393750 0.998437 0.340625 0.995313 0.340625 0.985938 0.339062
0 0.856250 0.500000 0.854688 0.504687 0.856250 0.509375 0.860938 0.514062 0.864062 0.514062 0.867188 0.517188 0.867188 0.520312 0.864062 0.526563 0.864062 0.537500 0.867188 0.540625 0.871875 0.543750 0.875000 0.545312 0.879687 0.546875 0.884375 0.546875 0.889062 0.545312 0.892188 0.543750 0.896875 0.540625 0.900000 0.537500 0.904687 0.542188 0.904687 0.543750 0.910937 0.550000 0.914062 0.551562 0.917188 0.551562 0.920312 0.548438 0.921875 0.540625 0.921875 0.525000 0.920312 0.521875 0.912500 0.510938 0.904687 0.503125 0.896875 0.498437 0.884375 0.492188 0.878125 0.490625 0.871875 0.490625 0.867188 0.492188 0.864062 0.493750 0.859375 0.496875
0 0.934375 0.556250 0.931250 0.556250 0.928125 0.557813 0.923438 0.564063 0.921875 0.565625 0.918750 0.567187 0.915625 0.567187 0.909375 0.570312 0.904687 0.575000 0.904687 0.589063 0.907813 0.595313 0.906250 0.601562 0.898438 0.606250 0.893750 0.612500 0.892188 0.615625 0.892188 0.623437 0.893750 0.626563 0.896875 0.629687 0.903125 0.632812 0.912500 0.632812 0.921875 0.631250 0.928125 0.629687 0.934375 0.626563 0.937500 0.623437 0.939063 0.620313 0.939063 0.615625 0.943750 0.607812 0.945312 0.603125 0.943750 0.593750 0.946875 0.585938 0.946875 0.570312 0.943750 0.564063 0.937500 0.557813
0 0.951562 0.625000 0.942187 0.625000 0.937500 0.626563 0.929688 0.634375 0.928125 0.642188 0.926562 0.645312 0.925000 0.646875 0.921875 0.648438 0.915625 0.650000 0.912500 0.651563 0.907813 0.656250 0.906250 0.660937 0.906250 0.667188 0.907813 0.673438 0.909375 0.676562 0.910937 0.678125 0.912500 0.678125 0.915625 0.681250 0.918750 0.681250 0.921875 0.684375 0.923438 0.689063 0.923438 0.696875 0.926562 0.703125 0.940625 0.707812 0.943750 0.707812 0.948438 0.706250 0.951562 0.704688 0.956250 0.700000 0.970313 0.700000 0.973437 0.698438 0.982812 0.689063 0.984375 0.685937 0.984375 0.679688 0.982812 0.667188 0.987500 0.659375 0.987500 0.648438 0.982812 0.639062 0.981250 0.637500 0.978125 0.635938 0.973437 0.634375 0.960938 0.634375 0.957812 0.631250 0.957812 0.629687 0.954688 0.626563
1 0.860938 0.637500 0.854688 0.640625 0.851562 0.643750 0.850000 0.643750 0.848437 0.645312 0.846875 0.648438 0.845313 0.653125 0.845313 0.667188 0.850000 0.671875 0.856250 0.675000 0.870313 0.675000 0.876563 0.671875 0.884375 0.664062 0.885938 0.660937 0.887500 0.656250 0.887500 0.651563 0.884375 0.645312 0.879687 0.639062 0.876563 0.637500
0 0.950000 0.715625 0.946875 0.714063 0.937500 0.714063 0.928125 0.717187 0.923438 0.720313 0.921875 0.725000 0.906250 0.740625 0.898438 0.740625 0.895312 0.742188 0.890625 0.746875 0.887500 0.751563 0.885938 0.754687 0.884375 0.759375 0.884375 0.762500 0.885938 0.767188 0.890625 0.771875 0.890625 0.775000 0.882812 0.782813 0.881250 0.785937 0.881250 0.793750 0.884375 0.798438 0.887500 0.800000 0.892188 0.801562 0.904687 0.801562 0.931250 0.796875 0.934375 0.795312 0.939063 0.790625 0.946875 0.781250 0.948438 0.778125 0.950000 0.773438 0.948438 0.743750 0.953125 0.732812 0.953125 0.718750
0 0.959375 0.710938 0.956250 0.717187 0.956250 0.732812 0.951562 0.740625 0.951562 0.759375 0.959375 0.767188 0.959375 0.771875 0.957812 0.781250 0.960938 0.785937 0.965625 0.789062 0.968750 0.790625 0.973437 0.792188 0.981250 0.792188 0.985938 0.790625 0.995313 0.785937 0.998437 0.785937 0.998437 0.714063 0.981250 0.714063 0.973437 0.709375 0.967187 0.707812
0 0.937922 0.811672 0.936406 0.806125 0.935391 0.803609 0.932125 0.799063 0.928844 0.797813 0.921781 0.797813 0.916250 0.799828 0.909437 0.801078 0.904906 0.802594 0.901875 0.808141 0.901625 0.811672 0.902641 0.812672 0.897094 0.812922 0.892313 0.812922 0.886250 0.813688 0.883234 0.815953 0.879453 0.819734 0.877188 0.823266 0.876688 0.833344 0.882219 0.839891 0.886000 0.843922 0.886516 0.845938 0.883484 0.849969 0.879703 0.855516 0.876688 0.860812 0.875172 0.865594 0.875422 0.875672 0.879203 0.884234 0.883234 0.889031 0.894828 0.890797 0.899859 0.889281 0.900625 0.889031 0.908938 0.887266 0.920531 0.885500 0.928594 0.884234 0.935906 0.882484 0.940938 0.880969 0.944719 0.879703 0.947234 0.878453 0.950516 0.876172
0 0.946484 0.876172 0.938422 0.811672 0.938672 0.811672 0.940938 0.808641 0.942953 0.803359 0.945469 0.799828 0.949000 0.795281 0.953031 0.792766 0.956813 0.792016 0.965641 0.792766 0.971438 0.796547 0.974453 0.801844 0.976719 0.805375 0.979500 0.809406 0.981516 0.813172 0.983281 0.815703 0.983531 0.815703 0.984031 0.812172 0.984781 0.809906 0.985547 0.808391 0.986547 0.806875 0.988063 0.802844 0.990078 0.800328 0.991594 0.798312 0.994609 0.796547 0.998437 0.794531 0.998437 0.796047 0.998437 0.803859 0.998437 0.817219 0.998437 0.833094 0.998437 0.843672 0.998437 0.848203 0.998437 0.849219 0.993859 0.848453 0.992094 0.847703 0.992094 0.847953 0.994859 0.854250 0.997141 0.858531 0.994859 0.864328 0.990078 0.870891 0.985547 0.874672 0.979500 0.875422 0.972937 0.875672 0.965391 0.873156 0.962109 0.871141
1 0.954688 0.875000 0.948438 0.878125 0.945312 0.881250 0.943750 0.884375 0.943750 0.896875 0.946875 0.903125 0.948438 0.904687 0.950000 0.904687 0.953125 0.907813 0.965625 0.907813 0.975000 0.898438 0.979688 0.889062 0.979688 0.885938 0.976562 0.879687 0.971875 0.878125 0.967187 0.875000
1 0.931250 0.881250 0.912500 0.881250 0.907813 0.882812 0.903125 0.885938 0.898438 0.890625 0.898438 0.900000 0.900000 0.904687 0.901563 0.907813 0.904687 0.910937 0.910937 0.914062 0.918750 0.915625 0.923438 0.914062 0.926562 0.912500 0.934375 0.907813 0.937500 0.904687 0.937500 0.892188 0.935937 0.887500 0.934375 0.884375
1 0.934375 0.923438 0.931250 0.926562 0.929688 0.929688 0.929688 0.937500 0.931250 0.942187 0.934375 0.943750 0.939063 0.945312 0.950000 0.943750 0.954688 0.935937 0.956250 0.931250 0.954688 0.928125 0.950000 0.923438 0.946875 0.921875 0.937500 0.921875
0 0.998437 0.875000 0.995313 0.876563 0.989062 0.884375 0.985938 0.890625 0.985938 0.896875 0.981250 0.901563 0.973437 0.904687 0.970313 0.906250 0.968750 0.907813 0.967187 0.910937 0.964063 0.921875 0.964063 0.942187 0.965625 0.945312 0.968750 0.948438 0.975000 0.951562 0.981250 0.951562 0.989062 0.953125 0.995313 0.959375 0.996875 0.962500 0.998437 0.967187