0 0.743750 0.004687 0.743750 0.007812 0.745313 0.010937 0.748437 0.014063 0.757812 0.014063 0.767188 0.015625 0.770312 0.018750 0.773438 0.028125 0.776563 0.031250 0.782813 0.031250 0.787500 0.026562 0.789062 0.021875 0.789062 0.015625 0.790625 0.012500 0.798438 0.009375 0.807813 0.009375 0.810937 0.006250 0.810937 0.000000 0.745313 0.000000 0.745313 0.003125
0 0.985938 0.020313 0.978125 0.012500 0.970313 0.012500 0.940625 0.014063 0.937500 0.015625 0.934375 0.025000 0.928125 0.031250 0.925000 0.035937 0.920312 0.045312 0.920312 0.050000 0.923438 0.053125 0.928125 0.053125 0.931250 0.054688 0.934375 0.057813 0.934375 0.059375 0.935937 0.060937 0.942187 0.060937 0.943750 0.056250 0.945312 0.054688 0.948438 0.053125 0.982812 0.051562 0.982812 0.035937 0.979688 0.029687 0.982812 0.026562 0.984375 0.026562
0 0.942187 0.062500 0.935937 0.062500 0.929688 0.065625 0.912500 0.081250 0.906250 0.087500 0.903125 0.093750 0.904687 0.101562 0.909375 0.104688 0.909375 0.114062 0.912500 0.120313 0.918750 0.123438 0.923438 0.123438 0.926562 0.121875 0.931250 0.117188 0.939063 0.118750 0.942187 0.118750 0.943750 0.117188 0.948438 0.117188 0.951562 0.115625 0.956250 0.110937 0.957812 0.103125 0.957812 0.100000 0.956250 0.098437 0.954688 0.092188 0.954688 0.084375 0.953125 0.081250 0.946875 0.073438
0 0.867188 0.000000 0.867188 0.004687 0.864062 0.009375 0.865625 0.012500 0.862500 0.015625 0.860938 0.015625 0.859375 0.020313 0.860938 0.023438 0.864062 0.026562 0.865625 0.034375 0.870313 0.035937 0.875000 0.040625 0.875000 0.043750 0.876563 0.046875 0.881250 0.051562 0.885938 0.053125 0.892188 0.054688 0.896875 0.054688 0.903125 0.050000 0.904687 0.048438 0.904687 0.046875 0.907813 0.043750 0.909375 0.035937 0.915625 0.029687 0.920312 0.028125 0.921875 0.026562 0.923438 0.023438 0.923438 0.012500 0.914062 0.003125 0.914062 0.000000
0 0.812500 0.000000 0.812500 0.004687 0.810937 0.006250 0.810937 0.015625 0.814063 0.025000 0.828125 0.023438 0.837500 0.023438 0.845313 0.025000 0.848437 0.026562 0.856250 0.031250 0.859375 0.035937 0.862500 0.035937 0.867188 0.034375 0.870313 0.031250 0.871875 0.023438 0.871875 0.000000
0 0.803125 0.043750 0.806250 0.046875 0.809375 0.048438 0.814063 0.048438 0.820312 0.051562 0.821875 0.056250 0.825000 0.059375 0.831250 0.059375 0.842187 0.048438 0.842187 0.046875 0.845313 0.043750 0.848437 0.042188 0.856250 0.042188 0.859375 0.039062 0.859375 0.035937 0.854688 0.031250 0.851562 0.029687 0.845313 0.028125 0.842187 0.025000 0.834375 0.023438 0.820312 0.025000 0.815625 0.023438 0.807813 0.029687 0.803125 0.039062
0 0.864062 0.039062 0.857812 0.039062 0.851562 0.040625 0.842187 0.043750 0.839063 0.045312 0.839063 0.048438 0.835938 0.050000 0.834375 0.051562 0.829688 0.059375 0.828125 0.068750 0.828125 0.078125 0.831250 0.084375 0.834375 0.087500 0.837500 0.089063 0.853125 0.090625 0.853125 0.098437 0.856250 0.101562 0.859375 0.101562 0.862500 0.100000 0.865625 0.096875 0.868750 0.092188 0.870313 0.087500 0.871875 0.084375 0.873437 0.082812 0.878125 0.081250 0.879687 0.065625 0.876563 0.056250 0.870313 0.045312
0 0.878125 0.425000 0.878125 0.431250 0.882812 0.435937 0.885938 0.437500 0.889062 0.437500 0.895312 0.443750 0.898438 0.445312 0.903125 0.446875 0.917188 0.450000 0.923438 0.450000 0.929688 0.446875 0.932813 0.443750 0.935937 0.442188 0.942187 0.440625 0.945312 0.442188 0.948438 0.440625 0.950000 0.434375 0.945312 0.429688 0.945312 0.426563 0.940625 0.421875 0.937500 0.420312 0.926562 0.420312 0.920312 0.423438 0.914062 0.423438 0.910937 0.421875 0.906250 0.417187 0.903125 0.415625 0.895312 0.415625 0.892188 0.417187 0.885938 0.423438 0.881250 0.425000
0 0.917188 0.454688 0.917188 0.459375 0.920312 0.470313 0.925000 0.478125 0.926562 0.482812 0.928125 0.492188 0.931250 0.493750 0.935937 0.495312 0.942187 0.495312 0.960938 0.503125 0.968750 0.503125 0.971875 0.500000 0.973437 0.495312 0.973437 0.490625 0.975000 0.487500 0.979688 0.482812 0.982812 0.476562 0.982812 0.470313 0.981250 0.467187 0.975000 0.464062 0.960938 0.464062 0.954688 0.457813 0.954688 0.453125 0.953125 0.448437 0.948438 0.443750 0.945312 0.442188 0.935937 0.442188 0.932813 0.443750 0.929688 0.446875 0.929688 0.448437 0.926562 0.451562 0.923438 0.453125
0 0.915922 0.491828 0.912797 0.493391 0.906547 0.501203 0.904984 0.512141 0.901859 0.515266 0.898734 0.516828 0.890922 0.518391 0.887797 0.521516 0.883109 0.521516 0.883109 0.526203 0.886234 0.530891 0.886234 0.537141 0.887797 0.541828 0.892484 0.546516 0.897172 0.548078 0.900297 0.549641 0.903422 0.559016 0.906547 0.562141 0.906547 0.563703 0.908109 0.565266 0.914359 0.568391 0.925297 0.568391 0.929984 0.563703 0.929984 0.562141 0.933109 0.559016 0.937797 0.557453 0.950297 0.557453 0.953422 0.555891 0.956547 0.552766 0.958109 0.548078 0.958109 0.544953 0.956547 0.537141 0.953422 0.532453 0.953422 0.529328 0.961234 0.519953 0.964359 0.513703 0.964359 0.505891 0.959672 0.501203 0.944047 0.496516 0.929984 0.494953 0.925297 0.491828
0 0.903125 0.448437 0.881250 0.448437 0.875000 0.450000 0.862500 0.454688 0.859375 0.457813 0.856250 0.462500 0.854688 0.475000 0.854688 0.478125 0.851562 0.481250 0.851562 0.490625 0.854688 0.498437 0.857812 0.501563 0.860938 0.503125 0.864062 0.503125 0.868750 0.507812 0.868750 0.509375 0.871875 0.512500 0.875000 0.514062 0.879687 0.515625 0.887500 0.515625 0.893750 0.512500 0.896875 0.509375 0.900000 0.504687 0.903125 0.498437 0.912500 0.490625 0.914062 0.489063 0.915625 0.485938 0.917188 0.481250 0.917188 0.476562 0.915625 0.473438 0.912500 0.470313 0.910937 0.467187 0.910937 0.457813 0.909375 0.453125 0.906250 0.450000
0 0.787500 0.475000 0.784375 0.475000 0.782813 0.476562 0.776563 0.478125 0.765625 0.478125 0.762500 0.479687 0.753125 0.489063 0.751563 0.489063 0.743750 0.496875 0.742188 0.500000 0.742188 0.506250 0.739062 0.510938 0.735938 0.514062 0.731250 0.515625 0.723437 0.510938 0.720313 0.512500 0.720313 0.521875 0.721875 0.525000 0.725000 0.528125 0.732812 0.532813 0.743750 0.537500 0.748437 0.537500 0.751563 0.539062 0.753125 0.540625 0.754687 0.543750 0.753125 0.551562 0.754687 0.556250 0.756250 0.559375 0.757812 0.560937 0.764062 0.564063 0.771875 0.564063 0.778125 0.560937 0.782813 0.556250 0.785937 0.554688 0.792188 0.553125 0.800000 0.553125 0.803125 0.551562 0.806250 0.546875 0.807813 0.537500 0.810937 0.528125 0.815625 0.523438 0.817187 0.520312 0.818750 0.514062 0.817187 0.501563 0.809375 0.495312 0.803125 0.492188 0.795312 0.484375 0.792188 0.476562
0 0.804688 0.457813 0.801562 0.459375 0.798438 0.462500 0.793750 0.471875 0.793750 0.478125 0.795312 0.484375 0.803125 0.492188 0.807813 0.493750 0.814063 0.501563 0.817187 0.504687 0.820312 0.503125 0.821875 0.501563 0.821875 0.500000 0.825000 0.495312 0.829688 0.490625 0.831250 0.487500 0.831250 0.476562 0.828125 0.473438 0.821875 0.475000 0.818750 0.471875 0.818750 0.467187 0.817187 0.464062 0.812500 0.459375 0.809375 0.457813
0 0.829688 0.507812 0.826562 0.510938 0.825000 0.515625 0.825000 0.525000 0.821875 0.528125 0.817187 0.529687 0.814063 0.531250 0.812500 0.532813 0.810937 0.535937 0.809375 0.540625 0.807813 0.548438 0.810937 0.553125 0.810937 0.559375 0.812500 0.567187 0.817187 0.571875 0.825000 0.576562 0.837500 0.576562 0.842187 0.573438 0.846875 0.573438 0.853125 0.568750 0.859375 0.568750 0.862500 0.567187 0.871875 0.553125 0.870313 0.546875 0.875000 0.537500 0.875000 0.526563 0.873437 0.523438 0.870313 0.520312 0.867188 0.518750 0.857812 0.517188 0.853125 0.515625 0.850000 0.514062 0.842187 0.507812
0 0.998437 0.535937 0.992188 0.540625 0.985938 0.550000 0.981250 0.556250 0.979688 0.559375 0.979688 0.567187 0.973437 0.573438 0.964063 0.593750 0.964063 0.604688 0.968750 0.610938 0.968750 0.615625 0.967187 0.625000 0.970313 0.631250 0.973437 0.632812 0.982812 0.632812 0.985938 0.631250 0.990625 0.626563 0.990625 0.625000 0.993750 0.621875 0.998437 0.623437
0 0.848437 0.610938 0.850000 0.617188 0.856250 0.618750 0.862500 0.618750 0.864062 0.620313 0.867188 0.621875 0.862500 0.626563 0.854688 0.628125 0.850000 0.631250 0.846875 0.634375 0.843750 0.640625 0.843750 0.646875 0.846875 0.651563 0.846875 0.654687 0.843750 0.659375 0.843750 0.662500 0.842187 0.665625 0.845313 0.664062 0.848437 0.665625 0.854688 0.671875 0.862500 0.675000 0.867188 0.675000 0.870313 0.676562 0.873437 0.679688 0.876563 0.689063 0.878125 0.689063 0.881250 0.692187 0.889062 0.692187 0.892188 0.689063 0.895312 0.689063 0.900000 0.685937 0.912500 0.673438 0.914062 0.670312 0.912500 0.656250 0.912500 0.650000 0.920312 0.642188 0.918750 0.632812 0.910937 0.631250 0.904687 0.631250 0.901563 0.629687 0.898438 0.626563 0.898438 0.621875 0.895312 0.618750 0.895312 0.617188 0.893750 0.615625 0.887500 0.612500 0.881250 0.612500 0.878125 0.609375 0.875000 0.607812 0.865625 0.607812 0.856250 0.610938
0 0.828125 0.673438 0.825000 0.679688 0.825000 0.682813 0.828125 0.689063 0.831250 0.690625 0.834375 0.690625 0.837500 0.692187 0.839063 0.698438 0.837500 0.714063 0.842187 0.718750 0.856250 0.717187 0.862500 0.718750 0.864062 0.721875 0.867188 0.723437 0.878125 0.723437 0.881250 0.721875 0.884375 0.704688 0.884375 0.695312 0.879687 0.693750 0.873437 0.687500 0.868750 0.685937 0.865625 0.681250 0.853125 0.676562 0.846875 0.673438 0.842187 0.668750 0.842187 0.665625 0.837500 0.668750 0.834375 0.668750 0.831250 0.671875 0.829688 0.671875
0 0.782813 0.576562 0.778125 0.578125 0.775000 0.579688 0.765625 0.589063 0.762500 0.590625 0.759375 0.590625 0.756250 0.592187 0.750000 0.596875 0.746875 0.603125 0.746875 0.609375 0.754687 0.623437 0.751563 0.637500 0.754687 0.645312 0.757812 0.646875 0.770312 0.650000 0.775000 0.651563 0.782813 0.659375 0.795312 0.659375 0.804688 0.650000 0.807813 0.643750 0.807813 0.637500 0.810937 0.631250 0.814063 0.626563 0.823438 0.618750 0.825000 0.615625 0.825000 0.607812 0.823438 0.604688 0.818750 0.600000 0.812500 0.596875 0.806250 0.595313 0.803125 0.593750 0.796875 0.587500 0.795312 0.582812 0.790625 0.578125 0.785937 0.576562
0 0.728125 0.626563 0.729688 0.653125 0.732812 0.654687 0.737500 0.656250 0.745313 0.656250 0.746875 0.653125 0.746875 0.648438 0.750000 0.642188 0.751563 0.631250 0.751563 0.628125 0.750000 0.625000 0.739062 0.623437
0 0.800000 0.690625 0.796875 0.689063 0.785937 0.685937 0.762500 0.685937 0.759375 0.687500 0.756250 0.690625 0.748437 0.701562 0.731250 0.718750 0.729688 0.721875 0.731250 0.732812 0.735938 0.734375 0.740625 0.739062 0.743750 0.745313 0.746875 0.748437 0.750000 0.750000 0.767188 0.750000 0.773438 0.748437 0.776563 0.745313 0.778125 0.745313 0.785937 0.735938 0.795312 0.735938 0.798438 0.734375 0.804688 0.728125 0.806250 0.725000 0.806250 0.710938 0.804688 0.700000 0.803125 0.693750
0 0.732812 0.678125 0.725000 0.679688 0.721875 0.681250 0.714063 0.690625 0.714063 0.696875 0.717187 0.701562 0.720313 0.704688 0.725000 0.707812 0.732812 0.707812 0.735938 0.706250 0.740625 0.701562 0.742188 0.701562 0.745313 0.698438 0.746875 0.693750 0.746875 0.684375 0.743750 0.681250 0.740625 0.679688
0 0.676562 0.512500 0.673438 0.514062 0.670312 0.514062 0.667188 0.515625 0.657813 0.525000 0.654687 0.526563 0.646875 0.526563 0.642188 0.528125 0.639062 0.529687 0.637500 0.531250 0.635938 0.534375 0.634375 0.543750 0.628125 0.550000 0.629687 0.557813 0.629687 0.560937 0.626563 0.565625 0.628125 0.575000 0.632812 0.575000 0.639062 0.571875 0.645312 0.571875 0.651563 0.570312 0.656250 0.567187 0.662500 0.567187 0.678125 0.553125 0.682813 0.548438 0.687500 0.532813 0.687500 0.528125 0.682813 0.518750
0 0.632812 0.576562 0.631250 0.579688 0.631250 0.593750 0.632812 0.598437 0.634375 0.601562 0.635938 0.603125 0.642188 0.606250 0.646875 0.607812 0.664062 0.607812 0.668750 0.609375 0.673438 0.614062 0.679688 0.614062 0.684375 0.615625 0.687500 0.618750 0.692187 0.618750 0.690625 0.615625 0.689063 0.607812 0.684375 0.600000 0.676562 0.585938 0.667188 0.576562 0.667188 0.575000 0.659375 0.567187 0.653125 0.564063 0.648438 0.565625 0.646875 0.568750 0.640625 0.570312 0.635938 0.573438
0 0.689063 0.720313 0.685937 0.721875 0.678125 0.729688 0.676562 0.734375 0.676562 0.743750 0.679688 0.750000 0.681250 0.751563 0.687500 0.754687 0.692187 0.756250 0.695312 0.756250 0.696875 0.754687 0.701562 0.754687 0.704688 0.753125 0.706250 0.751563 0.709375 0.745313 0.709375 0.735938 0.707812 0.731250 0.706250 0.728125 0.700000 0.721875 0.693750 0.720313
0 0.639062 0.690625 0.635938 0.692187 0.634375 0.693750 0.632812 0.696875 0.632812 0.704688 0.631250 0.707812 0.628125 0.710938 0.621875 0.712500 0.615625 0.718750 0.614062 0.726562 0.614062 0.734375 0.620313 0.740625 0.621875 0.743750 0.621875 0.750000 0.626563 0.754687 0.629687 0.756250 0.640625 0.756250 0.650000 0.751563 0.654687 0.753125 0.659375 0.756250 0.667188 0.756250 0.671875 0.751563 0.673438 0.748437 0.673438 0.728125 0.676562 0.715625 0.678125 0.710938 0.681250 0.707812 0.681250 0.703125 0.665625 0.704688 0.660937 0.700000 0.660937 0.698438 0.656250 0.693750 0.653125 0.692187 0.646875 0.690625
0 0.662141 0.617844 0.657453 0.620969 0.655891 0.624094 0.654328 0.628781 0.652766 0.638156 0.655500 0.667281 0.660141 0.673516 0.664578 0.676734 0.672234 0.678141 0.682063 0.675250 0.687422 0.667453 0.692359 0.677797 0.698078 0.666281 0.698078 0.660031 0.702766 0.649094 0.705891 0.638156 0.705891 0.631906 0.704328 0.628781 0.698078 0.625656 0.693391 0.625656 0.685578 0.617844 0.682453 0.616281 0.668391 0.616281
0 0.645312 0.610938 0.642188 0.609375 0.631250 0.607812 0.628125 0.609375 0.625000 0.609375 0.621875 0.612500 0.618750 0.614062 0.609375 0.615625 0.598437 0.615625 0.595313 0.617188 0.592187 0.623437 0.592187 0.626563 0.593750 0.628125 0.595313 0.634375 0.595313 0.639062 0.590625 0.643750 0.589063 0.643750 0.582812 0.650000 0.581250 0.653125 0.581250 0.660937 0.582812 0.665625 0.587500 0.670312 0.589063 0.670312 0.593750 0.675000 0.593750 0.687500 0.596875 0.690625 0.600000 0.690625 0.603125 0.692187 0.609375 0.690625 0.614062 0.687500 0.617188 0.684375 0.618750 0.679688 0.618750 0.676562 0.621875 0.670312 0.626563 0.670312 0.631250 0.673438 0.634375 0.676562 0.635938 0.681250 0.639062 0.682813 0.642188 0.679688 0.645312 0.679688 0.648438 0.678125 0.651563 0.667188 0.651563 0.657813 0.648438 0.651563 0.646875 0.643750 0.646875 0.632812 0.650000 0.629687 0.650000 0.626563 0.653125 0.618750 0.653125 0.617188
0 0.717187 0.957812 0.715625 0.960938 0.715625 0.971875 0.717187 0.975000 0.721875 0.981250 0.721875 0.985938 0.715625 0.992188 0.714063 0.995313 0.714063 0.998437 0.764062 0.998437 0.765625 0.995313 0.765625 0.992188 0.768750 0.989062 0.770312 0.985938 0.771875 0.976562 0.771875 0.973437 0.770312 0.968750 0.767188 0.964063 0.760938 0.964063 0.756250 0.965625 0.753125 0.965625 0.750000 0.964063 0.743750 0.956250 0.740625 0.953125 0.726562 0.953125 0.720313 0.954688
0 0.967187 0.951562 0.964063 0.948438 0.960938 0.946875 0.953125 0.946875 0.948438 0.948438 0.935937 0.956250 0.932813 0.956250 0.929688 0.954688 0.926562 0.951562 0.915625 0.953125 0.914062 0.956250 0.915625 0.973437 0.912500 0.981250 0.912500 0.985938 0.915625 0.995313 0.917188 0.998437 0.968750 0.998437 0.971875 0.995313 0.973437 0.995313 0.975000 0.993750 0.978125 0.987500 0.978125 0.984375 0.979688 0.981250 0.978125 0.978125 0.973437 0.973437 0.967187 0.971875 0.964063 0.968750 0.964063 0.965625 0.967187 0.959375
0 0.821875 0.923438 0.818750 0.925000 0.814063 0.926562 0.801562 0.925000 0.798438 0.926562 0.790625 0.934375 0.785937 0.937500 0.782813 0.937500 0.779687 0.939063 0.778125 0.940625 0.773438 0.950000 0.773438 0.956250 0.778125 0.960938 0.781250 0.960938 0.785937 0.965625 0.775000 0.970313 0.775000 0.975000 0.778125 0.982812 0.781250 0.985938 0.787500 0.987500 0.801562 0.987500 0.806250 0.984375 0.828125 0.985938 0.828125 0.987500 0.829688 0.989062 0.832812 0.990625 0.840625 0.989062 0.840625 0.985938 0.843750 0.982812 0.845313 0.973437 0.843750 0.968750 0.840625 0.964063 0.837500 0.964063 0.834375 0.960938 0.834375 0.957812 0.831250 0.954688 0.829688 0.954688 0.828125 0.953125 0.826562 0.950000 0.825000 0.943750 0.825000 0.937500 0.820312 0.929688
0 0.829688 0.914062 0.826562 0.915625 0.821875 0.920312 0.821875 0.921875 0.817187 0.928125 0.820312 0.929688 0.821875 0.935937 0.825000 0.937500 0.826562 0.942187 0.831250 0.945312 0.831250 0.948438 0.837500 0.954688 0.842187 0.962500 0.843750 0.967187 0.845313 0.967187 0.846875 0.968750 0.848437 0.971875 0.848437 0.975000 0.853125 0.979688 0.856250 0.981250 0.859375 0.979688 0.864062 0.976562 0.867188 0.973437 0.868750 0.968750 0.868750 0.964063 0.867188 0.960938 0.862500 0.954688 0.860938 0.950000 0.862500 0.946875 0.865625 0.942187 0.865625 0.939063 0.867188 0.935937 0.871875 0.931250 0.871875 0.928125 0.870313 0.923438 0.868750 0.920312 0.867188 0.918750 0.864062 0.917188 0.853125 0.920312 0.837500 0.920312 0.832812 0.915625
0 0.934375 0.993750 0.931250 0.993750 0.926562 0.998437 0.934375 0.998437
0 0.920312 0.992188 0.917188 0.993750 0.920312 0.998437
0 0.998437 0.773438 0.992188 0.773438 0.989062 0.775000 0.985938 0.778125 0.984375 0.778125 0.982812 0.779687 0.981250 0.782813 0.976562 0.795312 0.975000 0.804688 0.971875 0.809375 0.968750 0.812500 0.964063 0.814063 0.962500 0.820312 0.965625 0.826562 0.971875 0.834375 0.970313 0.840625 0.973437 0.843750 0.979688 0.843750 0.985938 0.837500 0.989062 0.837500 0.992188 0.839063 0.995313 0.835938 0.996875 0.835938
0 0.680844 0.676187 0.680844 0.676484 0.684484 0.681859 0.687719 0.687219 0.688641 0.692187 0.685187 0.696734 0.677594 0.700797 0.672125 0.702000 0.668484 0.703016 0.663312 0.703719 0.660781 0.701500 0.656125 0.698250 0.648531 0.693500 0.644891 0.691984 0.641844 0.689953 0.639719 0.687625 0.639625 0.684594 0.641641 0.680844 0.644688 0.678813 0.649047 0.677703 0.654719 0.676984 0.662516 0.676578 0.666563 0.675875 0.668578 0.675266
0 0.796875 0.571875 0.795312 0.578125 0.795312 0.581250 0.798438 0.587500 0.800000 0.589063 0.806250 0.592187 0.810937 0.592187 0.812500 0.593750 0.815625 0.593750 0.820312 0.592187 0.823438 0.589063 0.823438 0.587500 0.828125 0.582812 0.828125 0.579688 0.825000 0.575000 0.821875 0.571875 0.817187 0.568750 0.814063 0.567187 0.810937 0.567187 0.809375 0.568750 0.804688 0.568750 0.800000 0.570312
0 0.885938 0.596875 0.887500 0.603125 0.890625 0.604688 0.895312 0.606250 0.918750 0.606250 0.921875 0.603125 0.920312 0.596875 0.915625 0.596875 0.909375 0.593750 0.901563 0.585938 0.901563 0.582812 0.900000 0.579688 0.896875 0.581250 0.895312 0.585938
0 0.837500 0.618750 0.828125 0.621875 0.828125 0.646875 0.829688 0.653125 0.834375 0.651563 0.837500 0.650000 0.839063 0.646875 0.840625 0.639062 0.840625 0.620313
0 0.998437 0.139063 0.990625 0.146875 0.989062 0.146875 0.982812 0.153125 0.981250 0.156250 0.981250 0.162500 0.982812 0.165625 0.987500 0.170313 0.989062 0.173437 0.989062 0.179688 0.990625 0.184375 0.995313 0.189062 0.998437 0.189062