0 0.965625 0.275000 0.956250 0.275000 0.950000 0.278125 0.945312 0.282813 0.931250 0.281250 0.923438 0.284375 0.918750 0.289062 0.915625 0.293750 0.915625 0.314063 0.904687 0.314063 0.901563 0.317188 0.901563 0.328125 0.903125 0.331250 0.907813 0.335938 0.918750 0.345313 0.918750 0.354687 0.921875 0.357812 0.925000 0.359375 0.939063 0.359375 0.942187 0.360938 0.946875 0.365625 0.950000 0.367188 0.959375 0.367188 0.965625 0.365625 0.973437 0.362500 0.975000 0.360938 0.976562 0.357812 0.978125 0.351562 0.981250 0.350000 0.984375 0.350000 0.987500 0.346875 0.990625 0.340625 0.990625 0.325000 0.989062 0.321875 0.984375 0.317188 0.987500 0.314063 0.990625 0.309375 0.992188 0.304688 0.992188 0.298438 0.989062 0.290625 0.985938 0.287500 0.982812 0.285938 0.975000 0.285938 0.970313 0.281250 0.970313 0.279687
0 0.998437 0.348438 0.995313 0.351562 0.993750 0.351562 0.989062 0.356250 0.985938 0.356250 0.982812 0.359375 0.979688 0.359375 0.971875 0.367188 0.968750 0.376563 0.970313 0.410938 0.968750 0.442188 0.971875 0.445312 0.975000 0.446875 0.984375 0.445312 0.990625 0.446875 0.992188 0.451562 0.992188 0.459375 0.995313 0.462500 0.995313 0.464062 0.998437 0.465625
0 0.715625 0.390625 0.712500 0.392188 0.709375 0.395313 0.701562 0.404687 0.700000 0.407813 0.700000 0.415625 0.706250 0.423438 0.709375 0.432812 0.712500 0.434375 0.715625 0.434375 0.728125 0.432812 0.731250 0.431250 0.735938 0.428125 0.740625 0.421875 0.742188 0.418750 0.742188 0.404687 0.739062 0.398438 0.734375 0.395313 0.725000 0.392188 0.720313 0.392188 0.718750 0.390625
0 0.720313 0.457813 0.717187 0.459375 0.712500 0.464062 0.710938 0.467187 0.709375 0.476562 0.703125 0.478125 0.698438 0.478125 0.693750 0.479687 0.689063 0.484375 0.689063 0.487500 0.690625 0.490625 0.700000 0.501563 0.698438 0.512500 0.700000 0.515625 0.703125 0.518750 0.706250 0.520312 0.710938 0.520312 0.712500 0.521875 0.715625 0.521875 0.720313 0.520312 0.725000 0.517188 0.728125 0.518750 0.732812 0.521875 0.737500 0.523438 0.745313 0.523438 0.751563 0.520312 0.751563 0.518750 0.754687 0.515625 0.756250 0.512500 0.754687 0.500000 0.754687 0.496875 0.757812 0.493750 0.764062 0.492188 0.767188 0.489063 0.768750 0.485938 0.768750 0.479687 0.765625 0.476562 0.760938 0.475000 0.746875 0.475000 0.743750 0.473438 0.742188 0.467187 0.739062 0.460938 0.734375 0.457813 0.731250 0.456250 0.725000 0.456250
0 0.428125 0.634375 0.428125 0.637500 0.432812 0.645312 0.437500 0.651563 0.450000 0.664062 0.451562 0.670312 0.454688 0.671875 0.465625 0.675000 0.479687 0.676562 0.493750 0.676562 0.500000 0.675000 0.507812 0.671875 0.514062 0.665625 0.515625 0.660937 0.515625 0.654687 0.512500 0.651563 0.509375 0.650000 0.492188 0.645312 0.489063 0.642188 0.493750 0.637500 0.495312 0.637500 0.500000 0.632812 0.501563 0.629687 0.501563 0.617188 0.500000 0.614062 0.496875 0.610938 0.493750 0.609375 0.487500 0.609375 0.485938 0.607812 0.481250 0.607812 0.479687 0.609375 0.475000 0.609375 0.471875 0.606250 0.470313 0.596875 0.464062 0.596875 0.457813 0.601562 0.445312 0.612500 0.443750 0.615625 0.445312 0.626563 0.443750 0.631250 0.429688 0.631250
0 0.200000 0.704688 0.198437 0.701562 0.184375 0.689063 0.179688 0.687500 0.178125 0.682813 0.171875 0.682813 0.168750 0.681250 0.165625 0.678125 0.160938 0.676562 0.154688 0.676562 0.151562 0.678125 0.143750 0.684375 0.135937 0.679688 0.131250 0.678125 0.125000 0.678125 0.120313 0.679688 0.115625 0.684375 0.114062 0.687500 0.114062 0.696875 0.117188 0.701562 0.117188 0.704688 0.103125 0.717187 0.101562 0.720313 0.101562 0.726562 0.103125 0.729688 0.107813 0.734375 0.121875 0.740625 0.128125 0.742188 0.132297 0.761391 0.143375 0.766625 0.163531 0.746250 0.171875 0.737500 0.175000 0.735938 0.176563 0.734375 0.178125 0.729688 0.184375 0.726562 0.192188 0.726562 0.195312 0.725000 0.201563 0.718750 0.201563 0.712500
0 0.145313 0.575000 0.143750 0.576562 0.140625 0.584375 0.140625 0.600000 0.142187 0.603125 0.145313 0.606250 0.145313 0.612500 0.137500 0.614062 0.132812 0.617188 0.125000 0.625000 0.123438 0.628125 0.123438 0.637500 0.125000 0.640625 0.126562 0.642188 0.128125 0.642188 0.131250 0.645312 0.132812 0.645312 0.134375 0.646875 0.135937 0.650000 0.135937 0.656250 0.137500 0.660937 0.142187 0.665625 0.148438 0.668750 0.162500 0.668750 0.168750 0.665625 0.175000 0.665625 0.178125 0.668750 0.204687 0.668750 0.207813 0.665625 0.210938 0.659375 0.212500 0.654687 0.212500 0.643750 0.223438 0.632812 0.226562 0.626563 0.226562 0.618750 0.225000 0.615625 0.223438 0.614062 0.218750 0.612500 0.217188 0.609375 0.220312 0.604688 0.220312 0.590625 0.218750 0.585938 0.215625 0.579688 0.212500 0.576562 0.207813 0.575000 0.195312 0.582812 0.190625 0.582812 0.184375 0.576562 0.181250 0.575000 0.170313 0.576562 0.167187 0.576562 0.160938 0.573438 0.148438 0.573438
1 0.178125 0.670312 0.176563 0.679688 0.176563 0.684375 0.178125 0.687500 0.182812 0.692187 0.187500 0.693750 0.192188 0.698438 0.196875 0.701562 0.200000 0.703125 0.203125 0.703125 0.209375 0.696875 0.212500 0.690625 0.212500 0.676562 0.206250 0.670312 0.193750 0.668750 0.190625 0.668750
0 0.343750 0.557813 0.340625 0.554688 0.335938 0.551562 0.329688 0.550000 0.320312 0.550000 0.309375 0.553125 0.306250 0.553125 0.303125 0.550000 0.298438 0.543750 0.293750 0.542188 0.289062 0.542188 0.284375 0.543750 0.275000 0.551562 0.271875 0.556250 0.268750 0.562500 0.267188 0.568750 0.267188 0.576562 0.264062 0.579688 0.256250 0.579688 0.250000 0.581250 0.243750 0.584375 0.242188 0.585938 0.240625 0.589063 0.240625 0.593750 0.242188 0.598437 0.245312 0.603125 0.250000 0.607812 0.257812 0.607812 0.262500 0.606250 0.267188 0.603125 0.285938 0.598437 0.300000 0.598437 0.321875 0.595313 0.334375 0.589063 0.339062 0.584375 0.342187 0.578125 0.345313 0.568750 0.345313 0.560937
0 0.243750 0.617188 0.242188 0.620313 0.242188 0.628125 0.243750 0.634375 0.246875 0.640625 0.250000 0.643750 0.251563 0.643750 0.254688 0.646875 0.254688 0.650000 0.246875 0.659375 0.245312 0.665625 0.245312 0.673438 0.248438 0.676562 0.257812 0.679688 0.278125 0.679688 0.282813 0.678125 0.289062 0.670312 0.292187 0.667188 0.295312 0.667188 0.296875 0.670312 0.304688 0.676562 0.310937 0.679688 0.315625 0.681250 0.326562 0.679688 0.328125 0.676562 0.328125 0.675000 0.332813 0.668750 0.332813 0.656250 0.329688 0.651563 0.329688 0.648438 0.328125 0.645312 0.331250 0.640625 0.328125 0.637500 0.325000 0.626563 0.323437 0.612500 0.320312 0.601562 0.318750 0.598437 0.317188 0.596875 0.314063 0.595313 0.287500 0.595313 0.279687 0.601562 0.275000 0.603125 0.270313 0.603125 0.265625 0.604688 0.260937 0.607812 0.256250 0.607812 0.251563 0.609375
0 0.368750 0.557813 0.357812 0.557813 0.353125 0.559375 0.350000 0.562500 0.348438 0.562500 0.345313 0.568750 0.343750 0.575000 0.343750 0.582812 0.342187 0.587500 0.339062 0.590625 0.335938 0.590625 0.328125 0.595313 0.326562 0.604688 0.329688 0.626563 0.331250 0.631250 0.337500 0.643750 0.337500 0.650000 0.339062 0.653125 0.345313 0.659375 0.353125 0.664062 0.359375 0.664062 0.367188 0.660937 0.373437 0.660937 0.376563 0.657813 0.378125 0.651563 0.379688 0.648438 0.384375 0.643750 0.392188 0.648438 0.396875 0.650000 0.409375 0.650000 0.415625 0.646875 0.417187 0.643750 0.418750 0.637500 0.417187 0.631250 0.414062 0.625000 0.407813 0.618750 0.407813 0.615625 0.423438 0.601562 0.426563 0.595313 0.426563 0.589063 0.425000 0.585938 0.421875 0.582812 0.418750 0.581250 0.412500 0.579688 0.398438 0.579688 0.392188 0.582812 0.385937 0.587500 0.382812 0.584375 0.382812 0.573438 0.381250 0.568750 0.378125 0.564063 0.373437 0.559375
0 0.345313 0.667188 0.342187 0.668750 0.339062 0.671875 0.337500 0.671875 0.335938 0.673438 0.332813 0.679688 0.332813 0.690625 0.334375 0.695312 0.343750 0.703125 0.348438 0.707812 0.348438 0.709375 0.351562 0.712500 0.354687 0.714063 0.359375 0.714063 0.362500 0.717187 0.362500 0.721875 0.364063 0.726562 0.367188 0.731250 0.371875 0.734375 0.375000 0.735938 0.379688 0.735938 0.384375 0.734375 0.390625 0.731250 0.398438 0.723437 0.400000 0.720313 0.401562 0.715625 0.400000 0.712500 0.401562 0.709375 0.404687 0.706250 0.406250 0.703125 0.407813 0.695312 0.406250 0.687500 0.403125 0.681250 0.400000 0.678125 0.393750 0.675000 0.389062 0.668750 0.382812 0.665625 0.379688 0.665625 0.375000 0.668750 0.368750 0.670312 0.357812 0.670312 0.353125 0.667188
0 0.521875 0.731250 0.518750 0.729688 0.504687 0.728125 0.495312 0.728125 0.484375 0.729688 0.478125 0.732812 0.462500 0.746875 0.462500 0.759375 0.464062 0.767188 0.465625 0.771875 0.473438 0.779687 0.479687 0.782813 0.487500 0.785937 0.495312 0.785937 0.498437 0.782813 0.498437 0.779687 0.501563 0.775000 0.504687 0.771875 0.506250 0.771875 0.510938 0.767188 0.521875 0.767188 0.523438 0.764062 0.523438 0.751563 0.521875 0.750000 0.523438 0.735938
0 0.315625 0.682813 0.303125 0.682813 0.282813 0.684375 0.279687 0.685937 0.278125 0.687500 0.278125 0.689063 0.275000 0.693750 0.271875 0.696875 0.268750 0.696875 0.264062 0.700000 0.259375 0.704688 0.256250 0.712500 0.256250 0.720313 0.251563 0.725000 0.243750 0.726562 0.239063 0.731250 0.235937 0.737500 0.235937 0.743750 0.237500 0.748437 0.245312 0.756250 0.251563 0.770312 0.259375 0.773438 0.264062 0.773438 0.270313 0.776563 0.278125 0.775000 0.281250 0.776563 0.290625 0.785937 0.290625 0.787500 0.298438 0.795312 0.307812 0.795312 0.310937 0.793750 0.314063 0.790625 0.314063 0.789062 0.318750 0.784375 0.325000 0.771875 0.325000 0.762500 0.328125 0.759375 0.337500 0.757812 0.345313 0.746875 0.348438 0.740625 0.348438 0.735938 0.345313 0.735938 0.342187 0.732812 0.346875 0.723437 0.345313 0.720313 0.340625 0.717187 0.337500 0.715625 0.334375 0.715625 0.331250 0.714063 0.328125 0.710938 0.326562 0.710938 0.325000 0.690625 0.323437 0.687500 0.321875 0.685937
0 0.217188 0.723437 0.206250 0.723437 0.203125 0.725000 0.200000 0.728125 0.196875 0.737500 0.193750 0.739062 0.175000 0.739062 0.171875 0.740625 0.168750 0.748437 0.162500 0.750000 0.145313 0.765625 0.145313 0.770312 0.146875 0.775000 0.154688 0.790625 0.148438 0.801562 0.146875 0.806250 0.146875 0.817187 0.148438 0.820312 0.151562 0.823438 0.159375 0.826562 0.168750 0.828125 0.168750 0.835938 0.171875 0.843750 0.176563 0.848437 0.181250 0.850000 0.189062 0.850000 0.195312 0.848437 0.198437 0.846875 0.204687 0.840625 0.207813 0.829688 0.207813 0.823438 0.210938 0.820312 0.229687 0.820312 0.232813 0.818750 0.234375 0.817187 0.237500 0.809375 0.237500 0.800000 0.235937 0.795312 0.232813 0.792188 0.229687 0.790625 0.228125 0.789062 0.228125 0.782813 0.232813 0.782813 0.242188 0.784375 0.245312 0.782813 0.246875 0.781250 0.248438 0.778125 0.248438 0.767188 0.245312 0.760938 0.243750 0.759375 0.240625 0.757812 0.235937 0.757812 0.232813 0.754687 0.232813 0.751563 0.234375 0.745313 0.229687 0.740625 0.225000 0.732812 0.223438 0.728125 0.221875 0.726562 0.220312 0.726562
0 0.000000 0.759375 0.000000 0.826562 0.004687 0.826562 0.010937 0.825000 0.023438 0.820312 0.042188 0.820312 0.048438 0.815625 0.050000 0.812500 0.050000 0.803125 0.048438 0.800000 0.043750 0.795312 0.042188 0.795312 0.039062 0.787500 0.040625 0.782813 0.040625 0.776563 0.039062 0.768750 0.037500 0.765625 0.035937 0.764062 0.029687 0.760938 0.018750 0.762500 0.015625 0.762500 0.012500 0.760938 0.009375 0.757812 0.003125 0.757812
0 0.054688 0.826562 0.039062 0.826562 0.028125 0.821875 0.025000 0.821875 0.023438 0.823438 0.018750 0.823438 0.012500 0.826562 0.006250 0.828125 0.000000 0.828125 0.000000 0.887500 0.003125 0.892188 0.006250 0.893750 0.009375 0.893750 0.012500 0.892188 0.031250 0.878125 0.039062 0.870313 0.045312 0.867188 0.048438 0.864062 0.050000 0.856250 0.056250 0.848437 0.057813 0.845313 0.057813 0.829688
0 0.021875 0.953125 0.017188 0.953125 0.000000 0.954688 0.000000 0.992188 0.004687 0.995313 0.012500 0.998437 0.015625 0.998437 0.021875 0.995313 0.023438 0.992188 0.028125 0.979688 0.028125 0.964063 0.026562 0.960938 0.023438 0.957812
0 0.120313 0.862500 0.118750 0.865625 0.120313 0.868750 0.126562 0.876563 0.132812 0.881250 0.132812 0.884375 0.126562 0.892188 0.123438 0.898438 0.123438 0.906250 0.126562 0.910937 0.134375 0.917188 0.134375 0.925000 0.137500 0.931250 0.142187 0.935937 0.145313 0.937500 0.168750 0.937500 0.181250 0.935937 0.190625 0.934375 0.193750 0.931250 0.201563 0.928125 0.206250 0.928125 0.209375 0.925000 0.209375 0.918750 0.215625 0.912500 0.217188 0.909375 0.217188 0.903125 0.215625 0.898438 0.212500 0.892188 0.209375 0.887500 0.201563 0.879687 0.201563 0.875000 0.200000 0.871875 0.196875 0.868750 0.187500 0.865625 0.176563 0.864062 0.162500 0.864062 0.159375 0.859375 0.153125 0.856250 0.132812 0.856250
0 0.232813 0.951562 0.231250 0.950000 0.231250 0.945312 0.228125 0.939063 0.220312 0.931250 0.217188 0.929688 0.206250 0.929688 0.196875 0.934375 0.189062 0.940625 0.185938 0.942187 0.181250 0.943750 0.171875 0.943750 0.160938 0.939063 0.146875 0.939063 0.142187 0.943750 0.139063 0.948438 0.135937 0.954688 0.135937 0.968750 0.137500 0.971875 0.139063 0.973437 0.145313 0.976562 0.150000 0.978125 0.170313 0.976562 0.173437 0.979688 0.175000 0.987500 0.178125 0.993750 0.181250 0.998437 0.203125 0.998437 0.206250 0.993750 0.209375 0.987500 0.210938 0.982812 0.210938 0.970313 0.215625 0.965625 0.225000 0.965625 0.231250 0.959375 0.232813 0.954688
0 0.371875 0.839063 0.370312 0.842187 0.370312 0.846875 0.368750 0.848437 0.368750 0.851562 0.370312 0.859375 0.371875 0.862500 0.379688 0.870313 0.387500 0.873437 0.387500 0.878125 0.378125 0.885938 0.376563 0.889062 0.376563 0.896875 0.378125 0.900000 0.379688 0.901563 0.385937 0.904687 0.390625 0.906250 0.401562 0.904687 0.407813 0.904687 0.410938 0.906250 0.418750 0.912500 0.429688 0.912500 0.432812 0.909375 0.437500 0.909375 0.448437 0.914062 0.454688 0.914062 0.460938 0.910937 0.465625 0.906250 0.465625 0.901563 0.459375 0.890625 0.459375 0.884375 0.467187 0.876563 0.468750 0.870313 0.475000 0.862500 0.484375 0.853125 0.485938 0.848437 0.484375 0.843750 0.479687 0.839063 0.473438 0.835938 0.468750 0.834375 0.453125 0.834375 0.450000 0.832812 0.448437 0.825000 0.446875 0.820312 0.443750 0.814063 0.442188 0.812500 0.435937 0.809375 0.431250 0.807813 0.423438 0.807813 0.415625 0.810937 0.409375 0.821875 0.409375 0.825000 0.407813 0.828125 0.404687 0.831250 0.382812 0.831250 0.376563 0.834375
0 0.306250 0.853125 0.301563 0.853125 0.298438 0.854688 0.296875 0.856250 0.296875 0.857812 0.293750 0.860938 0.289062 0.871875 0.282813 0.878125 0.278125 0.878125 0.265625 0.884375 0.260937 0.889062 0.256250 0.890625 0.251563 0.895312 0.251563 0.896875 0.248438 0.900000 0.250000 0.906250 0.253125 0.912500 0.254688 0.921875 0.254688 0.931250 0.259375 0.932813 0.262500 0.935937 0.262500 0.946875 0.264062 0.951562 0.267188 0.957812 0.268750 0.959375 0.270313 0.959375 0.273438 0.962500 0.278125 0.964063 0.281250 0.968750 0.287500 0.968750 0.289062 0.970313 0.296875 0.970313 0.301563 0.967187 0.312500 0.957812 0.335938 0.934375 0.342187 0.934375 0.345313 0.932813 0.350000 0.928125 0.353125 0.921875 0.353125 0.917188 0.351562 0.910937 0.350000 0.907813 0.343750 0.901563 0.332813 0.896875 0.331250 0.895312 0.329688 0.892188 0.329688 0.887500 0.325000 0.879687 0.323437 0.871875 0.321875 0.868750 0.318750 0.864062 0.309375 0.854688
1 0.234375 0.898438 0.229687 0.900000 0.226562 0.903125 0.225000 0.903125 0.223438 0.904687 0.221875 0.907813 0.221875 0.909375 0.217188 0.915625 0.215625 0.920312 0.215625 0.923438 0.220312 0.928125 0.221875 0.928125 0.228125 0.935937 0.231250 0.939063 0.239063 0.939063 0.251563 0.932813 0.253125 0.917188 0.251563 0.907813 0.250000 0.903125 0.248438 0.900000
1 0.321875 0.831250 0.315625 0.834375 0.309375 0.840625 0.309375 0.850000 0.317188 0.857812 0.323437 0.860938 0.328125 0.860938 0.332813 0.859375 0.335938 0.857812 0.339062 0.854688 0.342187 0.848437 0.342187 0.837500 0.339062 0.834375 0.332813 0.831250
1 0.332813 0.810937 0.328125 0.814063 0.326562 0.817187 0.326562 0.826562 0.329688 0.829688 0.332813 0.831250 0.337500 0.832812 0.343750 0.832812 0.351562 0.825000 0.353125 0.818750 0.351562 0.814063 0.346875 0.809375 0.337500 0.809375
1 0.428125 0.787500 0.415625 0.787500 0.412500 0.789062 0.406250 0.795312 0.406250 0.803125 0.407813 0.810937 0.410938 0.814063 0.415625 0.809375 0.418750 0.807813 0.423438 0.807813 0.428125 0.806250 0.431250 0.804688 0.432812 0.801562 0.432812 0.792188
1 0.404687 0.765625 0.404687 0.778125 0.407813 0.781250 0.410938 0.782813 0.420312 0.782813 0.425000 0.778125 0.426563 0.778125 0.429688 0.775000 0.429688 0.768750 0.426563 0.765625 0.423438 0.764062 0.407813 0.764062
1 0.475000 0.789062 0.471875 0.792188 0.470313 0.795312 0.468750 0.801562 0.471875 0.807813 0.478125 0.814063 0.481250 0.815625 0.489063 0.817187 0.495312 0.815625 0.500000 0.810937 0.503125 0.806250 0.503125 0.798438 0.501563 0.793750 0.496875 0.789062 0.490625 0.787500 0.479687 0.787500
0 0.526563 0.879687 0.521875 0.885938 0.520312 0.889062 0.520312 0.898438 0.517188 0.904687 0.504687 0.904687 0.506250 0.910937 0.512500 0.921875 0.518750 0.928125 0.520312 0.928125 0.526563 0.934375 0.528125 0.937500 0.528125 0.950000 0.529687 0.954688 0.535937 0.960938 0.539062 0.962500 0.545312 0.962500 0.554688 0.959375 0.564063 0.959375 0.579688 0.960938 0.587500 0.957812 0.590625 0.954688 0.589063 0.950000 0.579688 0.945312 0.564063 0.939063 0.562500 0.935937 0.565625 0.932813 0.576562 0.929688 0.585938 0.925000 0.590625 0.920312 0.595313 0.907813 0.595313 0.904687 0.593750 0.901563 0.589063 0.896875 0.582812 0.893750 0.571875 0.892188 0.557813 0.892188 0.554688 0.889062 0.554688 0.884375 0.553125 0.881250 0.548438 0.876563 0.545312 0.875000 0.534375 0.875000
0 0.621875 0.931250 0.615625 0.943750 0.614062 0.948438 0.614062 0.954688 0.610938 0.964063 0.609375 0.964063 0.606250 0.967187 0.606250 0.987500 0.610938 0.992188 0.614062 0.993750 0.617188 0.993750 0.620313 0.998437 0.670312 0.998437 0.671875 0.993750 0.670312 0.989062 0.660937 0.979688 0.656250 0.979688 0.653125 0.976562 0.653125 0.973437 0.657813 0.968750 0.659375 0.965625 0.660937 0.960938 0.662500 0.954688 0.660937 0.951562 0.657813 0.948438 0.653125 0.945312 0.648438 0.943750 0.642188 0.942187 0.631250 0.942187 0.628125 0.939063 0.628125 0.934375 0.625000 0.931250
0 0.303125 0.979688 0.301563 0.976562 0.295312 0.971875 0.290625 0.970313 0.282813 0.970313 0.279687 0.971875 0.278125 0.973437 0.276562 0.976562 0.275000 0.987500 0.265625 0.987500 0.259375 0.989062 0.256250 0.990625 0.251563 0.993750 0.250000 0.998437 0.306250 0.998437 0.301563 0.990625 0.303125 0.982812
0 0.434375 0.928125 0.423438 0.928125 0.418750 0.929688 0.415625 0.931250 0.410938 0.934375 0.404687 0.942187 0.401562 0.945312 0.396875 0.946875 0.393750 0.950000 0.392188 0.950000 0.390625 0.951562 0.385937 0.960938 0.384375 0.965625 0.384375 0.973437 0.387500 0.976562 0.389062 0.982812 0.389062 0.989062 0.390625 0.995313 0.392188 0.998437 0.443750 0.998437 0.443750 0.993750 0.442188 0.989062 0.439063 0.984375 0.435937 0.981250 0.439063 0.979688 0.442188 0.976562 0.445312 0.970313 0.445312 0.948438 0.443750 0.942187 0.439063 0.932813
0 0.385937 0.934375 0.379688 0.928125 0.373437 0.925000 0.367188 0.925000 0.362500 0.929688 0.362500 0.931250 0.357812 0.935937 0.337500 0.935937 0.334375 0.937500 0.326562 0.946875 0.320312 0.956250 0.310937 0.965625 0.310937 0.968750 0.314063 0.973437 0.318750 0.975000 0.323437 0.981250 0.315625 0.989062 0.314063 0.992188 0.314063 0.998437 0.387500 0.998437 0.387500 0.995313 0.385937 0.993750 0.387500 0.989062 0.384375 0.981250 0.382812 0.962500 0.387500 0.953125 0.387500 0.937500
0 0.514062 0.929688 0.510938 0.929688 0.509375 0.931250 0.504687 0.931250 0.501563 0.934375 0.496875 0.935937 0.489063 0.935937 0.485938 0.937500 0.484375 0.940625 0.482812 0.945312 0.482812 0.953125 0.484375 0.956250 0.489063 0.957812 0.490625 0.964063 0.489063 0.967187 0.484375 0.973437 0.484375 0.978125 0.489063 0.982812 0.492188 0.984375 0.503125 0.984375 0.509375 0.978125 0.514062 0.976562 0.525000 0.968750 0.529687 0.964063 0.529687 0.956250 0.528125 0.953125 0.517188 0.942187 0.517188 0.939063 0.515625 0.932813
1 0.221875 0.148438 0.221875 0.153125 0.226562 0.162500 0.229687 0.164062 0.237500 0.164062 0.243750 0.160938 0.246875 0.157812 0.246875 0.154688 0.245312 0.151562 0.240625 0.146875
1 0.190625 0.193750 0.187500 0.196875 0.187500 0.206250 0.189062 0.209375 0.193750 0.214062 0.201563 0.214062 0.204687 0.212500 0.207813 0.209375 0.209375 0.206250 0.209375 0.201563 0.207813 0.198437 0.206250 0.196875 0.203125 0.195312 0.198437 0.193750
1 0.153125 0.146875 0.148438 0.151562 0.148438 0.157812 0.150000 0.160938 0.153125 0.164062 0.164062 0.162500 0.165625 0.159375 0.165625 0.156250 0.167187 0.153125 0.160938 0.146875 0.157812 0.145313
1 0.146875 0.193750 0.143750 0.196875 0.143750 0.206250 0.151562 0.214062 0.154688 0.215625 0.160938 0.215625 0.167187 0.209375 0.168750 0.206250 0.168750 0.200000 0.165625 0.193750
1 0.118750 0.182812 0.114062 0.184375 0.110937 0.185938 0.106250 0.190625 0.104688 0.193750 0.104688 0.204687 0.107813 0.209375 0.112500 0.212500 0.121875 0.210938 0.125000 0.209375 0.131250 0.203125 0.132812 0.200000 0.132812 0.195312 0.131250 0.190625 0.126562 0.185938 0.123438 0.184375
1 0.107813 0.231250 0.101562 0.226562 0.098437 0.225000 0.095312 0.226562 0.092188 0.226562 0.082812 0.231250 0.078125 0.234375 0.079687 0.239063 0.089063 0.248438 0.098437 0.248438 0.104688 0.245312 0.104688 0.243750 0.107813 0.240625 0.109375 0.237500
1 0.035937 0.201563 0.031250 0.204687 0.028125 0.207813 0.026562 0.210938 0.026562 0.214062 0.028125 0.218750 0.031250 0.223438 0.040625 0.228125 0.045312 0.226562 0.048438 0.223438 0.051562 0.218750 0.053125 0.215625 0.053125 0.210938 0.051562 0.207813 0.046875 0.203125 0.043750 0.201563
1 0.040625 0.246875 0.035937 0.246875 0.031250 0.250000 0.028125 0.253125 0.026562 0.256250 0.026562 0.265625 0.028125 0.268750 0.031250 0.270313 0.040625 0.270313 0.048438 0.262500 0.048438 0.257812 0.046875 0.254688 0.043750 0.250000
1 0.064062 0.218750 0.064062 0.220312 0.062500 0.223438 0.065625 0.228125 0.067187 0.232813 0.073438 0.234375 0.076563 0.232813 0.081250 0.228125 0.082812 0.223438 0.079687 0.217188
1 0.000000 0.364063 0.000000 0.387500 0.006250 0.387500 0.009375 0.385937 0.015625 0.379688 0.015625 0.371875 0.012500 0.365625 0.009375 0.364063
1 0.023438 0.371875 0.021875 0.376563 0.023438 0.381250 0.025000 0.384375 0.028125 0.385937 0.037500 0.385937 0.040625 0.384375 0.045312 0.379688 0.046875 0.376563 0.046875 0.373437 0.045312 0.370312 0.043750 0.368750 0.040625 0.367188 0.029687 0.367188 0.026562 0.368750
1 0.071875 0.354687 0.068750 0.351562 0.057813 0.351562 0.053125 0.356250 0.053125 0.368750 0.057813 0.368750 0.064062 0.367188 0.067187 0.365625 0.068750 0.364063 0.070312 0.360938 0.070312 0.357812
1 0.064062 0.371875 0.059375 0.371875 0.056250 0.373437 0.051562 0.378125 0.051562 0.384375 0.053125 0.387500 0.060937 0.387500 0.064062 0.385937 0.067187 0.379688 0.067187 0.375000
1 0.078125 0.389062 0.076563 0.390625 0.075000 0.393750 0.075000 0.398438 0.078125 0.404687 0.085938 0.404687 0.089063 0.403125 0.090625 0.400000 0.090625 0.392188 0.087500 0.389062
1 0.018750 0.500000 0.012500 0.500000 0.009375 0.501563 0.003125 0.507812 0.000000 0.512500 0.000000 0.521875 0.004687 0.526563 0.007812 0.528125 0.014063 0.528125 0.017188 0.526563 0.020313 0.523438 0.021875 0.523438 0.023438 0.521875 0.023438 0.520312 0.026562 0.517188 0.026562 0.509375 0.023438 0.503125 0.021875 0.501563
1 0.045312 0.485938 0.039062 0.485938 0.035937 0.487500 0.031250 0.492188 0.029687 0.495312 0.029687 0.504687 0.031250 0.507812 0.040625 0.509375 0.045312 0.506250 0.048438 0.503125 0.050000 0.500000 0.050000 0.490625 0.048438 0.487500
1 0.043750 0.457813 0.037500 0.456250 0.032813 0.457813 0.026562 0.460938 0.026562 0.465625 0.028125 0.468750 0.032813 0.473438 0.037500 0.473438 0.040625 0.471875 0.043750 0.468750 0.045312 0.465625 0.045312 0.460938
1 0.020313 0.445312 0.020313 0.453125 0.021875 0.456250 0.029687 0.457813 0.035937 0.456250 0.042188 0.453125 0.042188 0.448437 0.040625 0.445312 0.035937 0.440625 0.032813 0.439063 0.028125 0.439063 0.025000 0.440625
1 0.045312 0.428125 0.042188 0.434375 0.042188 0.442188 0.045312 0.445312 0.056250 0.445312 0.059375 0.443750 0.060937 0.440625 0.060937 0.432812 0.059375 0.429688 0.056250 0.426563 0.048438 0.426563
1 0.079687 0.459375 0.079687 0.467187 0.081250 0.470313 0.084375 0.473438 0.087500 0.475000 0.093750 0.475000 0.098437 0.473438 0.103125 0.468750 0.104688 0.465625 0.104688 0.462500 0.103125 0.457813 0.100000 0.454688 0.085938 0.454688 0.082812 0.456250
1 0.084375 0.435937 0.082812 0.437500 0.081250 0.440625 0.081250 0.443750 0.082812 0.446875 0.087500 0.451562 0.096875 0.451562 0.100000 0.448437 0.100000 0.439063 0.096875 0.435937 0.092188 0.434375 0.087500 0.434375
1 0.068750 0.425000 0.068750 0.432812 0.075000 0.435937 0.079687 0.437500 0.085938 0.434375 0.085938 0.425000 0.082812 0.421875 0.075000 0.421875
1 0.064062 0.414062 0.065625 0.421875 0.075000 0.421875 0.081250 0.418750 0.081250 0.410938 0.068750 0.409375