0 0.043750 0.623437 0.037500 0.620313 0.034375 0.620313 0.032813 0.621875 0.028125 0.621875 0.025000 0.623437 0.010937 0.632812 0.007812 0.635938 0.007812 0.637500 0.003125 0.642188 0.003125 0.654687 0.000000 0.656250 0.000000 0.685937 0.003125 0.689063 0.021875 0.689063 0.028125 0.682813 0.031250 0.681250 0.043750 0.681250 0.046875 0.679688 0.056250 0.670312 0.057813 0.665625 0.060937 0.660937 0.056250 0.657813 0.056250 0.648438 0.057813 0.646875 0.056250 0.635938 0.046875 0.634375 0.045312 0.631250 0.045312 0.626563
0 0.129688 0.590625 0.126562 0.592187 0.123438 0.595313 0.114062 0.596875 0.110937 0.598437 0.101562 0.609375 0.098437 0.615625 0.098437 0.620313 0.100000 0.625000 0.101562 0.628125 0.110937 0.639062 0.109375 0.653125 0.112500 0.659375 0.117188 0.664062 0.120313 0.665625 0.125000 0.665625 0.132812 0.662500 0.140625 0.662500 0.143750 0.665625 0.150000 0.667188 0.162500 0.662500 0.167187 0.657813 0.168750 0.643750 0.170313 0.643750 0.175000 0.640625 0.178125 0.637500 0.179688 0.634375 0.179688 0.628125 0.176563 0.621875 0.176563 0.607812 0.173437 0.604688 0.170313 0.603125 0.165625 0.601562 0.153125 0.601562 0.145313 0.593750 0.142187 0.592187 0.137500 0.590625
0 0.062500 0.662500 0.060937 0.667188 0.051562 0.676562 0.051562 0.682813 0.053125 0.685937 0.057813 0.689063 0.065625 0.690625 0.078125 0.696875 0.081250 0.700000 0.081250 0.710938 0.085938 0.715625 0.093750 0.715625 0.100000 0.712500 0.103125 0.709375 0.104688 0.706250 0.104688 0.695312 0.103125 0.690625 0.101562 0.687500 0.098437 0.684375 0.096875 0.681250 0.096875 0.673438 0.095312 0.667188 0.092188 0.664062 0.092188 0.662500 0.090625 0.660937 0.087500 0.659375 0.082812 0.659375 0.078125 0.660937 0.075000 0.664062 0.071875 0.664062 0.067187 0.660937
0 0.032813 0.687500 0.028125 0.690625 0.028125 0.695312 0.025000 0.698438 0.021875 0.700000 0.018750 0.700000 0.014063 0.704688 0.012500 0.710938 0.007812 0.717187 0.007812 0.721875 0.006250 0.723437 0.006250 0.726562 0.009375 0.735938 0.012500 0.742188 0.015625 0.745313 0.017188 0.751563 0.020313 0.753125 0.034375 0.753125 0.039062 0.759375 0.040625 0.759375 0.050000 0.764062 0.051562 0.764062 0.053125 0.762500 0.053125 0.760938 0.056250 0.757812 0.060937 0.756250 0.065625 0.756250 0.068750 0.754687 0.071875 0.751563 0.073438 0.748437 0.075000 0.740625 0.081250 0.726562 0.084375 0.723437 0.085938 0.718750 0.082812 0.715625 0.081250 0.715625 0.078125 0.712500 0.078125 0.701562 0.073438 0.696875 0.067187 0.693750 0.050000 0.690625 0.042188 0.692187 0.037500 0.692187
0 0.217188 0.626563 0.210938 0.629687 0.203125 0.637500 0.200000 0.637500 0.196875 0.643750 0.196875 0.646875 0.198437 0.650000 0.198437 0.664062 0.196875 0.673438 0.196875 0.678125 0.200000 0.689063 0.201563 0.692187 0.203125 0.693750 0.206250 0.695312 0.220312 0.695312 0.223438 0.698438 0.225000 0.698438 0.226562 0.700000 0.229687 0.704688 0.229687 0.706250 0.231250 0.707812 0.232813 0.707812 0.235937 0.709375 0.243750 0.706250 0.243750 0.704688 0.246875 0.700000 0.251563 0.695312 0.256250 0.695312 0.259375 0.693750 0.260937 0.679688 0.260937 0.675000 0.256250 0.668750 0.250000 0.654687 0.248438 0.650000 0.248438 0.643750 0.246875 0.640625 0.242188 0.635938 0.234375 0.634375 0.228125 0.629687 0.225000 0.628125 0.220312 0.626563
0 0.223438 0.698438 0.220312 0.696875 0.206250 0.698438 0.200000 0.698438 0.196875 0.695312 0.193750 0.693750 0.189062 0.693750 0.185938 0.695312 0.179688 0.701562 0.176563 0.706250 0.176563 0.710938 0.175000 0.715625 0.170313 0.718750 0.170313 0.723437 0.175000 0.725000 0.181250 0.729688 0.182812 0.731250 0.182812 0.732812 0.185938 0.735938 0.185938 0.742188 0.181250 0.750000 0.181250 0.754687 0.185938 0.759375 0.190625 0.759375 0.195312 0.754687 0.196875 0.750000 0.201563 0.745313 0.214062 0.745313 0.218750 0.743750 0.221875 0.740625 0.223438 0.737500 0.221875 0.725000 0.221875 0.720313 0.223438 0.717187 0.226562 0.714063 0.228125 0.710938 0.228125 0.704688 0.226562 0.701562
0 0.142187 0.709375 0.139063 0.710938 0.135937 0.714063 0.134375 0.714063 0.132812 0.715625 0.131250 0.718750 0.129688 0.723437 0.126562 0.726562 0.121875 0.726562 0.112500 0.731250 0.107813 0.735938 0.106250 0.739062 0.106250 0.742188 0.107813 0.745313 0.110937 0.750000 0.114062 0.753125 0.118750 0.756250 0.121875 0.757812 0.128125 0.757812 0.132812 0.759375 0.139063 0.765625 0.140625 0.768750 0.142187 0.776563 0.145313 0.782813 0.148438 0.785937 0.157812 0.785937 0.162500 0.782813 0.165625 0.776563 0.165625 0.762500 0.168750 0.757812 0.171875 0.754687 0.175000 0.753125 0.178125 0.753125 0.181250 0.751563 0.182812 0.750000 0.184375 0.746875 0.185938 0.742188 0.185938 0.735938 0.182812 0.732812 0.182812 0.731250 0.178125 0.726562 0.175000 0.725000 0.170313 0.723437 0.160938 0.721875 0.157812 0.714063 0.153125 0.710938 0.148438 0.709375
0 0.107813 0.753125 0.101562 0.754687 0.096875 0.757812 0.093750 0.760938 0.093750 0.762500 0.090625 0.765625 0.087500 0.767188 0.082812 0.767188 0.079687 0.768750 0.073438 0.775000 0.067187 0.778125 0.064062 0.781250 0.065625 0.789062 0.071875 0.793750 0.070312 0.800000 0.070312 0.803125 0.082812 0.804688 0.087500 0.806250 0.090625 0.807813 0.098437 0.815625 0.103125 0.818750 0.106250 0.820312 0.115625 0.820312 0.121875 0.817187 0.123438 0.815625 0.125000 0.812500 0.126562 0.807813 0.125000 0.798438 0.126562 0.795312 0.132812 0.793750 0.135937 0.792188 0.142187 0.785937 0.142187 0.778125 0.137500 0.765625 0.135937 0.762500 0.134375 0.760938 0.131250 0.759375 0.123438 0.759375 0.117188 0.757812 0.112500 0.754687
0 0.029687 0.779687 0.021875 0.779687 0.007812 0.787500 0.000000 0.787500 0.000000 0.842187 0.004687 0.846875 0.007812 0.848437 0.017188 0.848437 0.028125 0.845313 0.034375 0.839063 0.037500 0.832812 0.040625 0.829688 0.043750 0.828125 0.048438 0.828125 0.059375 0.817187 0.060937 0.814063 0.059375 0.804688 0.051562 0.803125 0.039062 0.798438 0.035937 0.795312 0.034375 0.785937 0.032813 0.782813
0 0.068750 0.804688 0.062500 0.810937 0.054688 0.821875 0.051562 0.828125 0.050000 0.835938 0.050000 0.843750 0.051562 0.846875 0.053125 0.848437 0.056250 0.850000 0.060937 0.850000 0.067187 0.848437 0.079687 0.843750 0.089063 0.843750 0.092188 0.845313 0.095312 0.848437 0.098437 0.853125 0.098437 0.854688 0.104688 0.856250 0.104688 0.835938 0.100000 0.820312 0.096875 0.814063 0.095312 0.812500 0.093750 0.812500 0.090625 0.809375 0.084375 0.806250 0.079687 0.804688 0.073438 0.803125
0 0.017188 0.868750 0.017188 0.875000 0.020313 0.878125 0.031250 0.876563 0.039062 0.878125 0.040625 0.882812 0.045312 0.887500 0.051562 0.890625 0.057813 0.890625 0.067187 0.885938 0.071875 0.881250 0.095312 0.879687 0.096875 0.875000 0.095312 0.870313 0.092188 0.867188 0.082812 0.862500 0.078125 0.862500 0.071875 0.859375 0.068750 0.856250 0.065625 0.854688 0.060937 0.853125 0.053125 0.853125 0.037500 0.854688 0.031250 0.856250 0.025000 0.859375 0.018750 0.865625
0 0.246875 0.789062 0.243750 0.785937 0.237500 0.784375 0.225000 0.785937 0.210938 0.784375 0.201563 0.785937 0.190625 0.793750 0.187500 0.798438 0.185938 0.800000 0.181250 0.801562 0.171875 0.809375 0.168750 0.815625 0.168750 0.818750 0.170313 0.820312 0.170313 0.825000 0.171875 0.826562 0.171875 0.829688 0.176563 0.828125 0.176563 0.825000 0.179688 0.821875 0.196875 0.821875 0.201563 0.825000 0.207813 0.825000 0.212500 0.826562 0.220312 0.832812 0.223438 0.834375 0.229687 0.834375 0.232813 0.832812 0.239063 0.823438 0.235937 0.821875 0.237500 0.818750 0.240625 0.815625 0.242188 0.800000 0.246875 0.798438
0 0.251563 0.746875 0.246875 0.751563 0.246875 0.754687 0.250000 0.754687 0.254688 0.760938 0.253125 0.770312 0.256250 0.776563 0.259375 0.778125 0.275000 0.778125 0.278125 0.776563 0.284375 0.770312 0.285938 0.767188 0.287500 0.757812 0.287500 0.754687 0.285938 0.751563 0.279687 0.745313 0.270313 0.742188 0.262500 0.742188 0.257812 0.743750
0 0.304688 0.739062 0.304688 0.746875 0.307812 0.751563 0.307812 0.756250 0.303125 0.762500 0.301563 0.765625 0.301563 0.778125 0.303125 0.781250 0.306250 0.784375 0.310937 0.785937 0.315625 0.790625 0.315625 0.792188 0.318750 0.795312 0.326562 0.795312 0.334375 0.792188 0.345313 0.792188 0.348438 0.803125 0.353125 0.804688 0.359375 0.803125 0.368750 0.798438 0.370312 0.796875 0.371875 0.793750 0.371875 0.787500 0.373437 0.784375 0.375000 0.782813 0.378125 0.781250 0.381250 0.781250 0.382812 0.782813 0.385937 0.782813 0.390625 0.778125 0.393750 0.778125 0.396875 0.775000 0.400000 0.775000 0.400000 0.771875 0.401562 0.770312 0.400000 0.765625 0.393750 0.759375 0.390625 0.759375 0.389062 0.757812 0.384375 0.757812 0.381250 0.754687 0.376563 0.754687 0.375000 0.753125 0.371875 0.753125 0.364063 0.756250 0.365625 0.760938 0.359375 0.762500 0.356250 0.756250 0.348438 0.759375 0.342187 0.757812 0.340625 0.751563 0.340625 0.745313 0.329688 0.732812 0.326562 0.731250 0.317188 0.731250 0.307812 0.735938
0 0.412500 0.682813 0.404687 0.682813 0.400000 0.684375 0.396875 0.687500 0.393750 0.689063 0.385937 0.689063 0.384375 0.687500 0.378125 0.687500 0.367188 0.690625 0.360938 0.696875 0.359375 0.701562 0.360938 0.709375 0.351562 0.720313 0.350000 0.723437 0.350000 0.728125 0.354687 0.734375 0.360938 0.737500 0.368750 0.737500 0.371875 0.739062 0.373437 0.740625 0.375000 0.743750 0.375000 0.746875 0.378125 0.750000 0.382812 0.753125 0.390625 0.753125 0.395313 0.751563 0.403125 0.742188 0.407813 0.737500 0.421875 0.737500 0.426563 0.732812 0.428125 0.728125 0.428125 0.720313 0.426563 0.715625 0.417187 0.707812 0.421875 0.698438 0.421875 0.693750 0.418750 0.687500
0 0.345313 0.654687 0.337500 0.656250 0.329688 0.659375 0.326562 0.660937 0.318750 0.668750 0.317188 0.673438 0.317188 0.678125 0.323437 0.684375 0.331250 0.689063 0.335938 0.690625 0.343750 0.690625 0.348438 0.689063 0.357812 0.684375 0.364063 0.678125 0.362500 0.670312 0.360938 0.670312 0.357812 0.667188 0.348438 0.656250
1 0.268750 0.665625 0.270313 0.675000 0.271875 0.675000 0.275000 0.678125 0.284375 0.678125 0.290625 0.675000 0.292187 0.668750 0.290625 0.665625 0.287500 0.662500 0.275000 0.662500
1 0.310937 0.717187 0.301563 0.717187 0.298438 0.718750 0.295312 0.721875 0.295312 0.731250 0.298438 0.734375 0.306250 0.734375 0.312500 0.731250 0.314063 0.729688 0.315625 0.726562 0.315625 0.723437 0.314063 0.721875 0.314063 0.718750
0 0.315625 0.860938 0.315625 0.865625 0.320312 0.871875 0.317188 0.875000 0.315625 0.875000 0.310937 0.879687 0.309375 0.882812 0.309375 0.889062 0.312500 0.895312 0.320312 0.903125 0.320312 0.906250 0.312500 0.917188 0.310937 0.920312 0.310937 0.923438 0.314063 0.926562 0.318750 0.928125 0.321875 0.928125 0.326562 0.926562 0.329688 0.925000 0.334375 0.920312 0.337500 0.915625 0.343750 0.898438 0.343750 0.893750 0.339062 0.889062 0.339062 0.885938 0.340625 0.882812 0.339062 0.875000 0.331250 0.864062 0.329688 0.862500 0.326562 0.860938
0 0.342187 0.939063 0.339062 0.942187 0.337500 0.946875 0.337500 0.957812 0.342187 0.962500 0.343750 0.962500 0.346875 0.967187 0.345313 0.970313 0.342187 0.973437 0.342187 0.981250 0.343750 0.985938 0.348438 0.990625 0.356250 0.993750 0.359375 0.998437 0.398438 0.998437 0.401562 0.995313 0.401562 0.978125 0.404687 0.975000 0.404687 0.967187 0.401562 0.964063 0.395313 0.964063 0.387500 0.959375 0.379688 0.953125 0.373437 0.950000 0.365625 0.950000 0.359375 0.956250 0.354687 0.951562 0.354687 0.940625 0.351562 0.937500 0.345313 0.937500
0 0.473438 0.865625 0.468750 0.865625 0.465625 0.867188 0.464062 0.870313 0.462500 0.875000 0.453125 0.875000 0.448437 0.871875 0.442188 0.871875 0.439063 0.873437 0.437500 0.875000 0.434375 0.881250 0.434375 0.884375 0.435937 0.887500 0.440625 0.893750 0.440625 0.898438 0.435937 0.904687 0.434375 0.910937 0.426563 0.918750 0.426563 0.925000 0.434375 0.932813 0.437500 0.932813 0.445312 0.940625 0.450000 0.943750 0.454688 0.945312 0.457813 0.945312 0.467187 0.943750 0.473438 0.937500 0.478125 0.934375 0.481250 0.934375 0.484375 0.931250 0.485938 0.928125 0.485938 0.923438 0.487500 0.920312 0.490625 0.917188 0.495312 0.914062 0.496875 0.914062 0.498437 0.912500 0.500000 0.909375 0.500000 0.904687 0.496875 0.898438 0.492188 0.896875 0.485938 0.893750 0.484375 0.887500 0.485938 0.885938 0.485938 0.879687 0.484375 0.875000 0.476562 0.867188
0 0.496875 0.937500 0.490625 0.934375 0.485938 0.932813 0.482812 0.934375 0.478125 0.937500 0.471875 0.943750 0.471875 0.945312 0.465625 0.951562 0.459375 0.951562 0.454688 0.953125 0.451562 0.954688 0.448437 0.957812 0.446875 0.960938 0.445312 0.965625 0.445312 0.971875 0.446875 0.975000 0.450000 0.978125 0.450000 0.979688 0.451562 0.981250 0.456250 0.982812 0.459375 0.985938 0.460938 0.989062 0.459375 0.998437 0.517797 0.998437 0.518687 0.989906 0.519906 0.984531 0.518281 0.977031 0.516516 0.969594 0.516000 0.961797 0.514062 0.956250 0.509375 0.956250 0.506250 0.953125 0.504687 0.948438 0.498437 0.940625 0.498437 0.939063
0 0.525000 0.943750 0.523438 0.946875 0.520312 0.957812 0.520312 0.960938 0.523438 0.975000 0.523438 0.990625 0.525000 0.992188 0.525000 0.998437 0.584375 0.998437 0.584375 0.995313 0.585938 0.993750 0.587500 0.985938 0.587500 0.959375 0.585938 0.956250 0.584375 0.954688 0.578125 0.951562 0.562500 0.953125 0.557813 0.953125 0.553125 0.948438 0.553125 0.946875 0.548438 0.942187 0.545312 0.940625 0.540625 0.939063 0.537500 0.939063 0.529687 0.940625 0.526563 0.942187
0 0.637500 0.915625 0.632812 0.915625 0.629687 0.917188 0.626563 0.920312 0.625000 0.923438 0.625000 0.929688 0.626563 0.932813 0.629687 0.935937 0.635938 0.935937 0.639062 0.934375 0.643750 0.929688 0.645312 0.926562 0.645312 0.921875 0.640625 0.917188
0 0.703125 0.984375 0.700000 0.978125 0.693750 0.975000 0.689063 0.975000 0.687500 0.976562 0.681250 0.976562 0.673438 0.982812 0.668750 0.984375 0.664062 0.984375 0.660937 0.985938 0.659375 0.987500 0.657813 0.990625 0.654687 0.998437 0.703125 0.998437
0 0.815625 0.678125 0.809375 0.678125 0.804688 0.679688 0.798438 0.684375 0.787500 0.684375 0.784375 0.685937 0.776563 0.693750 0.773438 0.703125 0.773438 0.720313 0.768750 0.731250 0.770312 0.742188 0.773438 0.740625 0.778125 0.735938 0.784375 0.737500 0.785937 0.740625 0.785937 0.746875 0.789062 0.751563 0.793750 0.754687 0.796875 0.756250 0.803125 0.756250 0.809375 0.753125 0.814063 0.748437 0.818750 0.746875 0.826562 0.739062 0.826562 0.726562 0.832812 0.718750 0.832812 0.709375 0.831250 0.706250 0.826562 0.701562 0.825000 0.698438 0.825000 0.684375 0.820312 0.679688
0 0.718750 0.657813 0.712500 0.657813 0.707812 0.659375 0.704688 0.662500 0.703125 0.662500 0.701562 0.664062 0.700000 0.667188 0.700000 0.671875 0.695312 0.676562 0.687500 0.679688 0.682813 0.684375 0.681250 0.687500 0.681250 0.698438 0.682813 0.701562 0.685937 0.704688 0.693750 0.707812 0.696875 0.712500 0.695312 0.728125 0.696875 0.731250 0.704688 0.739062 0.712500 0.740625 0.717187 0.739062 0.723437 0.735938 0.729688 0.729688 0.734375 0.728125 0.742188 0.729688 0.746875 0.728125 0.750000 0.725000 0.751563 0.725000 0.753125 0.723437 0.754687 0.720313 0.754687 0.707812 0.751563 0.700000 0.751563 0.693750 0.756250 0.689063 0.757812 0.684375 0.756250 0.676562 0.753125 0.671875 0.748437 0.668750 0.732812 0.668750 0.729688 0.665625 0.729688 0.664062 0.728125 0.662500 0.726562 0.662500 0.723437 0.659375
0 0.731250 0.571875 0.728125 0.575000 0.728125 0.581250 0.729688 0.587500 0.731250 0.589063 0.731250 0.592187 0.729688 0.595313 0.726562 0.598437 0.726562 0.610938 0.732812 0.617188 0.742188 0.621875 0.745313 0.625000 0.746875 0.629687 0.748437 0.632812 0.764062 0.634375 0.775000 0.629687 0.781250 0.629687 0.784375 0.628125 0.787500 0.625000 0.785937 0.612500 0.784375 0.612500 0.781250 0.609375 0.781250 0.606250 0.789062 0.593750 0.787500 0.581250 0.784375 0.579688 0.779687 0.578125 0.770312 0.578125 0.767188 0.575000 0.767188 0.571875 0.765625 0.568750 0.764062 0.567187 0.760938 0.565625 0.757812 0.565625 0.753125 0.567187 0.745313 0.575000 0.742188 0.575000 0.739062 0.571875
0 0.804688 0.625000 0.798438 0.631250 0.795312 0.635938 0.793750 0.640625 0.793750 0.662500 0.796875 0.668750 0.800000 0.671875 0.801562 0.678125 0.804688 0.679688 0.807813 0.679688 0.818750 0.678125 0.825000 0.681250 0.829688 0.681250 0.834375 0.679688 0.837500 0.678125 0.840625 0.671875 0.840625 0.665625 0.832812 0.657813 0.828125 0.656250 0.825000 0.653125 0.831250 0.646875 0.832812 0.643750 0.832812 0.637500 0.829688 0.631250 0.826562 0.628125 0.821875 0.626563 0.815625 0.628125 0.812500 0.628125 0.807813 0.625000
0 0.690625 0.607812 0.685937 0.607812 0.682813 0.609375 0.681250 0.610938 0.679688 0.614062 0.679688 0.617188 0.676562 0.620313 0.665625 0.614062 0.657813 0.614062 0.654687 0.617188 0.653125 0.621875 0.643750 0.629687 0.639062 0.634375 0.637500 0.637500 0.635938 0.642188 0.637500 0.646875 0.643750 0.653125 0.643750 0.660937 0.642188 0.673438 0.643750 0.676562 0.645312 0.678125 0.646875 0.678125 0.650000 0.681250 0.664062 0.681250 0.667188 0.679688 0.673438 0.673438 0.675000 0.664062 0.678125 0.660937 0.684375 0.660937 0.692187 0.664062 0.696875 0.664062 0.700000 0.660937 0.701562 0.657813 0.706250 0.640625 0.706250 0.635938 0.704688 0.632812 0.701562 0.631250 0.700000 0.628125 0.700000 0.620313 0.698438 0.615625
0 0.971875 0.567187 0.965625 0.567187 0.959375 0.573438 0.942187 0.573438 0.939063 0.575000 0.937500 0.576562 0.937500 0.578125 0.935937 0.581250 0.937500 0.587500 0.940625 0.593750 0.946875 0.603125 0.946875 0.609375 0.932813 0.623437 0.931250 0.626563 0.931250 0.631250 0.934375 0.634375 0.940625 0.635938 0.957812 0.637500 0.959375 0.645312 0.964063 0.645312 0.968750 0.640625 0.968750 0.639062 0.975000 0.632812 0.973437 0.618750 0.973437 0.612500 0.978125 0.607812 0.979688 0.604688 0.979688 0.598437 0.975000 0.596875 0.975000 0.592187 0.976562 0.587500 0.976562 0.573438 0.975000 0.570312
0 0.993750 0.515625 0.985938 0.515625 0.982812 0.517188 0.979688 0.520312 0.979688 0.528125 0.981250 0.529687 0.981250 0.537500 0.973437 0.543750 0.970313 0.550000 0.970313 0.554688 0.975000 0.559375 0.976562 0.559375 0.979688 0.562500 0.979688 0.576562 0.982812 0.579688 0.985938 0.581250 0.989062 0.581250 0.990625 0.579688 0.995313 0.579688 0.998437 0.578125 0.998437 0.517188 0.995313 0.517188
0 0.998437 0.689063 0.989062 0.698438 0.984375 0.700000 0.981250 0.701562 0.978125 0.707812 0.978125 0.714063 0.979688 0.717187 0.989062 0.726562 0.995313 0.729688 0.998437 0.729688
0 0.998437 0.946875 0.993750 0.946875 0.987500 0.950000 0.984375 0.953125 0.984375 0.957812 0.989062 0.965625 0.984375 0.968750 0.981250 0.973437 0.979688 0.976562 0.979688 0.979688 0.981250 0.990625 0.982812 0.995313 0.984375 0.998437 0.998437 0.998437
0 0.396266 0.874828 0.393109 0.872531 0.392891 0.872312 0.386594 0.871469 0.384500 0.875250 0.383875 0.879250 0.384078 0.881766 0.384922 0.884703 0.385969 0.887016 0.387016 0.888687 0.390375 0.894359 0.393109 0.899609 0.394578 0.904438 0.396469 0.912219 0.397937 0.920187 0.399203 0.924188 0.401719 0.929859 0.404031 0.932375 0.408859 0.931109 0.410125 0.924609 0.409281 0.919562 0.407813 0.915359 0.410125 0.910328 0.413062 0.905281 0.415781 0.901719 0.418094 0.896469 0.418734 0.891422 0.414734 0.890375 0.410328 0.890375 0.405078 0.887859 0.401719 0.885328 0.398984 0.883031