1 0.073438 0.162500 0.068750 0.165625 0.065625 0.168750 0.064062 0.173437 0.064062 0.182812 0.065625 0.185938 0.070312 0.189062 0.075000 0.190625 0.079687 0.190625 0.082812 0.189062 0.089063 0.182812 0.090625 0.176563 0.090625 0.171875 0.087500 0.165625 0.085938 0.164062 0.082812 0.162500
1 0.104688 0.187500 0.101562 0.187500 0.096875 0.189062 0.090625 0.195312 0.090625 0.207813 0.093750 0.210938 0.098437 0.210938 0.100000 0.212500 0.103125 0.212500 0.106250 0.210938 0.110937 0.206250 0.112500 0.203125 0.114062 0.196875 0.110937 0.190625
1 0.093750 0.225000 0.082812 0.225000 0.079687 0.226562 0.073438 0.232813 0.070312 0.239063 0.070312 0.246875 0.071875 0.250000 0.073438 0.251563 0.076563 0.253125 0.084375 0.253125 0.090625 0.250000 0.096875 0.243750 0.100000 0.237500 0.100000 0.234375 0.096875 0.228125
1 0.160938 0.207813 0.157812 0.207813 0.154688 0.209375 0.151562 0.212500 0.150000 0.215625 0.150000 0.225000 0.153125 0.228125 0.160938 0.228125 0.167187 0.225000 0.168750 0.221875 0.168750 0.215625 0.167187 0.212500 0.164062 0.209375
1 0.146875 0.176563 0.143750 0.178125 0.142187 0.181250 0.142187 0.187500 0.143750 0.190625 0.150000 0.192188 0.153125 0.190625 0.156250 0.187500 0.156250 0.181250 0.154688 0.178125 0.151562 0.176563
0 0.040625 0.184375 0.037500 0.190625 0.037500 0.195312 0.039062 0.198437 0.043750 0.204687 0.043750 0.220312 0.045312 0.223438 0.048438 0.225000 0.054688 0.226562 0.062500 0.226562 0.067187 0.225000 0.071875 0.220312 0.075000 0.214062 0.078125 0.204687 0.078125 0.198437 0.070312 0.190625 0.064062 0.187500 0.053125 0.182812 0.043750 0.182812
0 0.043750 0.326562 0.031250 0.326562 0.021875 0.331250 0.017188 0.335938 0.003125 0.351562 0.003125 0.360938 0.004687 0.364063 0.007812 0.365625 0.012500 0.365625 0.018750 0.368750 0.026562 0.376563 0.028125 0.382812 0.034375 0.382812 0.040625 0.381250 0.045312 0.376563 0.046875 0.371875 0.048438 0.368750 0.050000 0.367188 0.056250 0.364063 0.059375 0.359375 0.059375 0.346875 0.057813 0.343750 0.050000 0.335938 0.048438 0.331250
0 0.015625 0.409375 0.021875 0.406250 0.023438 0.403125 0.023438 0.400000 0.020313 0.389062 0.020313 0.387500 0.021875 0.385937 0.023438 0.385937 0.026562 0.382812 0.026562 0.378125 0.025000 0.375000 0.021875 0.371875 0.017188 0.368750 0.012500 0.367188 0.007812 0.367188 0.004687 0.365625 0.001563 0.360938 0.000000 0.409375 0.009375 0.407813 0.010937 0.409375
0 0.128125 0.396875 0.121875 0.393750 0.104688 0.393750 0.100000 0.395313 0.089063 0.406250 0.081250 0.421875 0.081250 0.431250 0.082812 0.434375 0.087500 0.439063 0.090625 0.440625 0.103125 0.440625 0.109375 0.439063 0.117188 0.429688 0.118750 0.428125 0.125000 0.425000 0.129688 0.425000 0.134375 0.420312 0.134375 0.407813 0.129688 0.401562 0.129688 0.400000
0 0.035937 0.423438 0.032813 0.421875 0.021875 0.421875 0.015625 0.425000 0.010937 0.429688 0.007812 0.434375 0.007812 0.443750 0.009375 0.446875 0.014063 0.451562 0.025000 0.451562 0.028125 0.450000 0.037500 0.440625 0.039062 0.435937 0.039062 0.426563
0 0.050000 0.464062 0.048438 0.489063 0.048438 0.493750 0.050000 0.496875 0.054688 0.501563 0.062500 0.501563 0.070312 0.495312 0.071875 0.495312 0.073438 0.493750 0.073438 0.492188 0.076563 0.489063 0.087500 0.487500 0.093750 0.484375 0.095312 0.476562 0.093750 0.473438 0.090625 0.468750 0.085938 0.464062 0.082812 0.462500 0.075000 0.460938 0.067187 0.462500 0.053125 0.460938
0 0.050000 0.467187 0.042188 0.460938 0.037500 0.459375 0.029687 0.459375 0.023438 0.453125 0.020313 0.453125 0.017188 0.454688 0.007812 0.464062 0.004687 0.465625 0.000000 0.465625 0.000000 0.514062 0.003125 0.514062 0.007812 0.512500 0.017188 0.504687 0.021875 0.507812 0.032813 0.507812 0.035937 0.506250 0.039062 0.503125 0.040625 0.498437 0.046875 0.493750 0.048438 0.490625 0.050000 0.481250
0 0.715625 0.009375 0.714063 0.014063 0.714063 0.017188 0.715625 0.020313 0.718750 0.023438 0.723437 0.026562 0.726562 0.026562 0.729688 0.028125 0.732812 0.031250 0.732812 0.037500 0.734375 0.040625 0.739062 0.045312 0.742188 0.046875 0.746875 0.046875 0.754687 0.042188 0.764062 0.042188 0.767188 0.040625 0.773438 0.034375 0.773438 0.025000 0.768750 0.017188 0.768750 0.004687 0.767188 0.001563 0.725000 0.000000
0 0.603125 0.073438 0.598437 0.078125 0.595313 0.082812 0.595313 0.093750 0.604688 0.101562 0.612500 0.109375 0.614062 0.114062 0.617188 0.117188 0.621875 0.118750 0.628125 0.117188 0.631250 0.115625 0.635938 0.110937 0.637500 0.106250 0.637500 0.093750 0.635938 0.090625 0.631250 0.084375 0.629687 0.082812 0.626563 0.081250 0.618750 0.082812 0.615625 0.081250 0.614062 0.079687 0.612500 0.075000 0.610938 0.073438
0 0.603125 0.056250 0.604688 0.059375 0.606250 0.060937 0.612500 0.065625 0.612500 0.075000 0.614062 0.079687 0.617188 0.082812 0.626563 0.081250 0.634375 0.084375 0.639062 0.084375 0.643750 0.079687 0.650000 0.076563 0.659375 0.076563 0.662500 0.075000 0.664062 0.071875 0.664062 0.062500 0.653125 0.062500 0.650000 0.060937 0.637500 0.048438 0.634375 0.046875 0.625000 0.046875 0.614062 0.048438 0.609375 0.050000 0.606250 0.051562 0.604688 0.053125
0 0.857812 0.010937 0.851562 0.010937 0.840625 0.012500 0.835938 0.014063 0.832812 0.015625 0.826562 0.021875 0.826562 0.028125 0.825000 0.031250 0.815625 0.040625 0.814063 0.043750 0.814063 0.048438 0.817187 0.051562 0.818750 0.051562 0.823438 0.056250 0.828125 0.056250 0.829688 0.054688 0.835938 0.054688 0.839063 0.053125 0.842187 0.048438 0.843750 0.043750 0.865625 0.040625 0.865625 0.028125 0.859375 0.020313
0 0.837500 0.054688 0.828125 0.057813 0.821875 0.057813 0.815625 0.060937 0.806250 0.070312 0.804688 0.073438 0.804688 0.078125 0.810937 0.085938 0.812500 0.089063 0.814063 0.095312 0.817187 0.098437 0.823438 0.101562 0.828125 0.104688 0.834375 0.104688 0.839063 0.100000 0.840625 0.095312 0.840625 0.084375 0.846875 0.078125 0.848437 0.075000 0.848437 0.064062 0.840625 0.056250
0 0.679688 0.139063 0.678125 0.143750 0.676562 0.145313 0.670312 0.150000 0.670312 0.164062 0.671875 0.168750 0.676562 0.173437 0.681250 0.175000 0.689063 0.173437 0.695312 0.179688 0.701562 0.179688 0.704688 0.178125 0.710938 0.171875 0.717187 0.159375 0.717187 0.153125 0.714063 0.150000 0.712500 0.150000 0.707812 0.145313 0.698438 0.139063 0.695312 0.137500
0 0.734375 0.148438 0.729688 0.148438 0.723437 0.151562 0.718750 0.151562 0.715625 0.153125 0.715625 0.164062 0.712500 0.170313 0.712500 0.176563 0.715625 0.182812 0.725000 0.184375 0.729688 0.184375 0.731250 0.182812 0.737500 0.182812 0.740625 0.181250 0.743750 0.178125 0.743750 0.170313 0.742188 0.165625 0.739062 0.159375 0.734375 0.154688
0 0.751563 0.137500 0.748437 0.139063 0.745313 0.142187 0.745313 0.143750 0.740625 0.148438 0.739062 0.151562 0.739062 0.157812 0.745313 0.170313 0.748437 0.173437 0.757812 0.175000 0.760938 0.175000 0.764062 0.173437 0.768750 0.168750 0.773438 0.159375 0.773438 0.156250 0.768750 0.148438 0.762500 0.140625
0 0.801562 0.110937 0.792188 0.110937 0.787500 0.112500 0.784375 0.115625 0.779687 0.115625 0.773438 0.118750 0.770312 0.121875 0.770312 0.123438 0.765625 0.129688 0.757812 0.137500 0.764062 0.143750 0.765625 0.143750 0.770312 0.148438 0.775000 0.157812 0.784375 0.157812 0.790625 0.154688 0.796875 0.148438 0.801562 0.146875 0.804688 0.139063 0.806250 0.129688 0.804688 0.114062
0 0.653125 0.014063 0.654687 0.017188 0.659375 0.021875 0.665625 0.026562 0.668750 0.028125 0.675000 0.028125 0.678125 0.029687 0.681250 0.039062 0.693750 0.037500 0.693750 0.032813 0.696875 0.028125 0.696875 0.012500 0.701562 0.007812 0.707812 0.004687 0.710938 0.000000 0.670312 0.000000 0.667188 0.003125 0.667188 0.004687 0.664062 0.007812 0.659375 0.010937 0.656250 0.010937
0 0.729688 0.071875 0.729688 0.090625 0.734375 0.095312 0.737500 0.096875 0.742188 0.098437 0.748437 0.098437 0.753125 0.100000 0.759375 0.104688 0.762500 0.106250 0.771875 0.106250 0.773438 0.104688 0.773438 0.103125 0.776563 0.100000 0.776563 0.096875 0.779687 0.093750 0.781250 0.090625 0.782813 0.084375 0.782813 0.075000 0.781250 0.071875 0.775000 0.067187 0.771875 0.065625 0.764062 0.062500 0.759375 0.060937 0.745313 0.060937 0.740625 0.064062 0.735938 0.065625
0 0.723437 0.103125 0.723437 0.117188 0.725000 0.120313 0.729688 0.125000 0.742188 0.126562 0.754687 0.126562 0.757812 0.125000 0.757812 0.121875 0.759375 0.120313 0.759375 0.117188 0.757812 0.114062 0.759375 0.106250 0.754687 0.103125 0.751563 0.101562 0.746875 0.100000 0.740625 0.098437 0.729688 0.098437 0.726562 0.100000
0 0.804688 0.098437 0.803125 0.101562 0.803125 0.107813 0.806250 0.110937 0.807813 0.110937 0.809375 0.112500 0.817187 0.121875 0.820312 0.123438 0.823438 0.123438 0.826562 0.120313 0.828125 0.117188 0.828125 0.104688 0.826562 0.101562 0.820312 0.098437 0.812500 0.096875
0 0.698016 0.040734 0.695078 0.040734 0.683109 0.042625 0.673031 0.047250 0.667984 0.052281 0.665891 0.059219 0.668203 0.064047 0.676813 0.065094 0.683953 0.064891 0.688359 0.066141 0.692344 0.078328 0.694453 0.079172 0.699703 0.079172 0.702422 0.084844 0.703688 0.089875 0.706000 0.093031 0.709984 0.095547 0.715031 0.099109 0.721953 0.101641 0.726375 0.100172 0.728672 0.091563 0.728672 0.082531 0.726781 0.074125 0.726781 0.067625 0.726578 0.059844 0.724266 0.054594 0.721125 0.049344 0.717344 0.044938
0 0.717125 0.101000 0.715453 0.109609 0.710625 0.116547 0.704734 0.120531 0.700328 0.117391 0.695703 0.115922 0.691922 0.114234 0.690250 0.113609 0.685844 0.116125 0.681422 0.114859 0.677438 0.111922 0.673875 0.110250 0.670719 0.109203 0.664000 0.109406 0.660641 0.107516 0.653500 0.105000 0.651828 0.099328 0.659594 0.087141 0.666312 0.080000 0.672609 0.071188 0.676187 0.066141 0.678703 0.063625 0.688156 0.067625 0.694875 0.075172 0.699703 0.081266
0 0.848437 0.120313 0.845313 0.121875 0.840625 0.126562 0.840625 0.135937 0.846875 0.142187 0.848437 0.145313 0.848437 0.157812 0.850000 0.164062 0.853125 0.167187 0.865625 0.165625 0.865625 0.151562 0.868750 0.145313 0.870313 0.139063 0.870313 0.134375 0.868750 0.131250 0.865625 0.128125 0.865625 0.126562 0.864062 0.125000 0.857812 0.120313 0.854688 0.120313 0.853125 0.121875
0 0.826562 0.415625 0.821875 0.417187 0.820312 0.420312 0.820312 0.423438 0.815625 0.428125 0.812500 0.429688 0.806250 0.429688 0.800000 0.432812 0.796875 0.439063 0.796875 0.448437 0.800000 0.454688 0.800000 0.468750 0.804688 0.473438 0.807813 0.475000 0.814063 0.475000 0.815625 0.473438 0.821875 0.475000 0.825000 0.475000 0.829688 0.473438 0.834375 0.468750 0.835938 0.464062 0.845313 0.454688 0.845313 0.442188 0.842187 0.435937 0.839063 0.431250 0.834375 0.426563 0.832812 0.421875 0.829688 0.417187
0 0.789062 0.484375 0.782813 0.484375 0.778125 0.485938 0.775000 0.487500 0.771875 0.493750 0.768750 0.495312 0.765625 0.495312 0.762500 0.498437 0.762500 0.503125 0.770312 0.510938 0.773438 0.518750 0.778125 0.523438 0.782813 0.525000 0.785937 0.525000 0.790625 0.523438 0.793750 0.521875 0.801562 0.514062 0.803125 0.509375 0.803125 0.501563 0.800000 0.495312 0.796875 0.490625 0.792188 0.485938
0 0.812500 0.495312 0.809375 0.496875 0.806250 0.500000 0.804688 0.504687 0.806250 0.512500 0.804688 0.515625 0.800000 0.520312 0.798438 0.525000 0.798438 0.534375 0.800000 0.537500 0.803125 0.540625 0.809375 0.543750 0.818750 0.543750 0.823438 0.546875 0.828125 0.551562 0.831250 0.553125 0.835938 0.553125 0.842187 0.548438 0.850000 0.543750 0.853125 0.539062 0.853125 0.535937 0.854688 0.532813 0.853125 0.525000 0.850000 0.517188 0.848437 0.514062 0.845313 0.509375 0.837500 0.503125 0.821875 0.495312
0 0.796875 0.550000 0.793750 0.554688 0.798438 0.559375 0.800000 0.562500 0.800000 0.573438 0.804688 0.578125 0.807813 0.579688 0.820312 0.579688 0.823438 0.582812 0.826562 0.592187 0.831250 0.592187 0.835938 0.587500 0.839063 0.582812 0.839063 0.570312 0.834375 0.560937 0.828125 0.554688 0.818750 0.550000 0.812500 0.548438 0.803125 0.548438
0 0.859375 0.540625 0.854688 0.545312 0.854688 0.557813 0.857812 0.562500 0.857812 0.567187 0.854688 0.575000 0.854688 0.581250 0.856250 0.584375 0.859375 0.585938 0.871875 0.584375 0.875000 0.584375 0.881250 0.589063 0.885938 0.590625 0.889062 0.590625 0.900000 0.589063 0.903125 0.585938 0.901563 0.576562 0.903125 0.570312 0.906250 0.568750 0.907813 0.568750 0.910937 0.567187 0.912500 0.565625 0.914062 0.562500 0.914062 0.556250 0.912500 0.553125 0.909375 0.550000 0.904687 0.548438 0.901563 0.546875 0.900000 0.540625 0.895312 0.535937 0.882812 0.535937 0.870313 0.537500 0.864062 0.539062
0 0.846875 0.475000 0.842187 0.478125 0.835938 0.484375 0.832812 0.489063 0.831250 0.493750 0.831250 0.496875 0.835938 0.501563 0.837500 0.501563 0.845313 0.507812 0.848437 0.510938 0.848437 0.512500 0.851562 0.515625 0.864062 0.515625 0.867188 0.514062 0.870313 0.507812 0.870313 0.489063 0.868750 0.482812 0.867188 0.479687 0.862500 0.475000 0.859375 0.473438 0.851562 0.473438
0 0.918750 0.471875 0.914062 0.471875 0.903125 0.475000 0.898438 0.478125 0.893750 0.478125 0.887500 0.471875 0.879687 0.471875 0.873437 0.475000 0.870313 0.478125 0.868750 0.482812 0.871875 0.498437 0.870313 0.512500 0.871875 0.515625 0.881250 0.523438 0.882812 0.528125 0.884375 0.529687 0.887500 0.531250 0.893750 0.531250 0.898438 0.529687 0.915625 0.512500 0.923438 0.503125 0.923438 0.495312 0.920312 0.492188 0.918750 0.489063 0.918750 0.484375 0.921875 0.478125
0 0.945312 0.428125 0.940625 0.432812 0.939063 0.439063 0.939063 0.445312 0.940625 0.450000 0.943750 0.454688 0.946875 0.457813 0.954688 0.457813 0.962500 0.450000 0.964063 0.446875 0.964063 0.437500 0.957812 0.431250 0.954688 0.429688 0.950000 0.428125
0 0.979688 0.412500 0.975000 0.417187 0.973437 0.420312 0.971875 0.428125 0.971875 0.443750 0.975000 0.446875 0.984375 0.446875 0.989062 0.450000 0.993750 0.451562 0.998437 0.451562 0.998437 0.417187 0.992188 0.415625 0.987500 0.412500
0 0.998437 0.301563 0.989062 0.304688 0.981250 0.304688 0.979688 0.303125 0.971875 0.303125 0.968750 0.306250 0.968750 0.310937 0.970313 0.320312 0.967187 0.326562 0.967187 0.334375 0.968750 0.337500 0.973437 0.342187 0.975000 0.345313 0.975000 0.353125 0.976562 0.356250 0.982812 0.357812 0.987500 0.351562 0.989062 0.350000 0.990625 0.350000 0.993750 0.348438 0.998437 0.353125
0 0.998437 0.364063 0.987500 0.365625 0.985938 0.368750 0.987500 0.373437 0.989062 0.381250 0.989062 0.382812 0.987500 0.384375 0.984375 0.385937 0.975000 0.389062 0.975000 0.395313 0.981250 0.401562 0.982812 0.406250 0.989062 0.412500 0.992188 0.414062 0.995313 0.414062 0.998437 0.415625
0 0.973437 0.448437 0.970313 0.451562 0.968750 0.454688 0.968750 0.464062 0.971875 0.470313 0.971875 0.473438 0.970313 0.492188 0.973437 0.495312 0.981250 0.495312 0.985938 0.492188 0.998437 0.495312 0.998437 0.451562 0.992188 0.451562 0.985938 0.448437
1 0.918750 0.401562 0.910937 0.401562 0.907813 0.403125 0.906250 0.406250 0.904687 0.410938 0.904687 0.417187 0.906250 0.421875 0.912500 0.428125 0.918750 0.426563 0.921875 0.420312 0.923438 0.412500 0.923438 0.409375 0.921875 0.404687
1 0.873437 0.364063 0.868750 0.364063 0.865625 0.365625 0.860938 0.370312 0.857812 0.376563 0.859375 0.381250 0.860938 0.384375 0.864062 0.385937 0.868750 0.385937 0.871875 0.384375 0.875000 0.381250 0.876563 0.378125 0.878125 0.371875 0.876563 0.367188
1 0.846875 0.378125 0.842187 0.382812 0.840625 0.385937 0.840625 0.392188 0.842187 0.395313 0.846875 0.396875 0.854688 0.396875 0.857812 0.395313 0.859375 0.384375 0.857812 0.381250 0.854688 0.378125 0.851562 0.376563
1 0.850000 0.331250 0.839063 0.331250 0.835938 0.332813 0.829688 0.339062 0.829688 0.354687 0.832812 0.360938 0.837500 0.362500 0.840625 0.359375 0.842187 0.354687 0.843750 0.353125 0.845313 0.353125 0.848437 0.350000 0.850000 0.350000 0.851562 0.348438 0.853125 0.345313 0.853125 0.332813
1 0.904687 0.343750 0.900000 0.346875 0.896875 0.351562 0.895312 0.354687 0.893750 0.360938 0.895312 0.365625 0.898438 0.365625 0.900000 0.367188 0.904687 0.367188 0.907813 0.365625 0.909375 0.364063 0.910937 0.360938 0.910937 0.356250 0.909375 0.350000 0.907813 0.346875
1 0.951562 0.351562 0.945312 0.351562 0.940625 0.356250 0.940625 0.368750 0.943750 0.371875 0.948438 0.371875 0.951562 0.370312 0.954688 0.365625 0.956250 0.360938 0.956250 0.356250 0.954688 0.353125
1 0.903125 0.295312 0.903125 0.304688 0.906250 0.307812 0.910937 0.307812 0.915625 0.303125 0.914062 0.293750
1 0.895312 0.303125 0.892188 0.306250 0.892188 0.315625 0.896875 0.320312 0.906250 0.318750 0.907813 0.315625 0.907813 0.310937 0.901563 0.304688 0.898438 0.303125
0 0.903125 0.193750 0.892188 0.195312 0.884375 0.201563 0.881250 0.207813 0.882812 0.220312 0.887500 0.221875 0.890625 0.225000 0.890625 0.226562 0.901563 0.228125 0.910937 0.223438 0.914062 0.220312 0.915625 0.215625 0.914062 0.212500 0.909375 0.204687 0.909375 0.200000 0.907813 0.196875 0.906250 0.195312
0 0.904687 0.229687 0.906250 0.237500 0.910937 0.239063 0.917188 0.240625 0.928125 0.240625 0.931250 0.239063 0.932813 0.234375 0.929688 0.229687 0.928125 0.225000 0.926562 0.223438 0.920312 0.220312 0.914062 0.220312 0.910937 0.221875 0.906250 0.226562
0 0.609375 0.020313 0.612500 0.021875 0.618750 0.021875 0.621875 0.020313 0.626563 0.017188 0.629687 0.012500 0.637500 0.007812 0.642188 0.006250 0.643750 0.000000 0.604688 0.000000 0.607812 0.010937
1 0.645312 0.004687 0.642188 0.004687 0.634375 0.010937 0.634375 0.020313 0.637500 0.023438 0.646875 0.023438 0.650000 0.020313 0.650000 0.010937 0.648438 0.007812
1 0.665625 0.029687 0.662500 0.031250 0.659375 0.035937 0.660937 0.048438 0.671875 0.048438 0.675000 0.042188 0.673438 0.031250 0.670312 0.029687
1 0.606250 0.017188 0.603125 0.020313 0.601562 0.023438 0.601562 0.028125 0.604688 0.031250 0.610938 0.031250 0.614062 0.029687 0.615625 0.028125 0.615625 0.021875 0.609375 0.017188
1 0.803125 0.145313 0.800000 0.145313 0.793750 0.148438 0.789062 0.153125 0.789062 0.156250 0.792188 0.160938 0.795312 0.164062 0.803125 0.164062 0.806250 0.162500 0.807813 0.159375 0.807813 0.151562 0.806250 0.148438
1 0.867188 0.168750 0.864062 0.171875 0.862500 0.176563 0.860938 0.184375 0.862500 0.187500 0.873437 0.187500 0.876563 0.184375 0.878125 0.179688 0.878125 0.175000 0.876563 0.171875 0.875000 0.170313 0.871875 0.168750
1 0.890625 0.184375 0.889062 0.187500 0.889062 0.193750 0.892188 0.196875 0.895312 0.196875 0.904687 0.193750 0.904687 0.190625 0.903125 0.185938 0.901563 0.182812 0.893750 0.181250
1 0.937500 0.253125 0.926562 0.253125 0.923438 0.254688 0.921875 0.257812 0.921875 0.264062 0.925000 0.270313 0.931250 0.275000 0.935937 0.271875 0.939063 0.268750 0.940625 0.265625 0.940625 0.256250
1 0.854688 0.123438 0.862500 0.126562 0.865625 0.129688 0.870313 0.131250 0.873437 0.129688 0.876563 0.126562 0.879687 0.126562 0.885938 0.120313 0.885938 0.117188 0.882812 0.115625 0.878125 0.114062 0.871875 0.112500 0.859375 0.112500 0.856250 0.115625 0.856250 0.118750 0.853125 0.121875
0 0.004687 0.534375 0.000000 0.534375 0.000000 0.576562 0.003125 0.575000 0.006250 0.570312 0.009375 0.562500 0.015625 0.556250 0.015625 0.546875 0.014063 0.543750 0.010937 0.539062 0.007812 0.535937