0 0.121875 0.071875 0.117188 0.076563 0.117188 0.081250 0.110937 0.085938 0.110937 0.093750 0.112500 0.100000 0.117188 0.109375 0.117188 0.117188 0.118750 0.121875 0.121875 0.126562 0.129688 0.131250 0.135937 0.139063 0.142187 0.142187 0.148438 0.142187 0.162500 0.146875 0.165625 0.150000 0.170313 0.151562 0.178125 0.151562 0.181250 0.150000 0.184375 0.146875 0.184375 0.143750 0.185938 0.140625 0.184375 0.134375 0.178125 0.126562 0.173437 0.118750 0.179688 0.112500 0.181250 0.107813 0.181250 0.093750 0.176563 0.084375 0.173437 0.081250 0.167187 0.078125 0.157812 0.078125 0.151562 0.081250 0.148438 0.081250 0.143750 0.076563 0.143750 0.075000 0.139063 0.070312 0.125000 0.070312
0 0.075000 0.159375 0.067187 0.157812 0.056250 0.157812 0.048438 0.159375 0.043750 0.160938 0.035937 0.167187 0.029687 0.168750 0.026562 0.171875 0.025000 0.171875 0.023438 0.173437 0.023438 0.175000 0.021875 0.178125 0.023438 0.184375 0.025000 0.187500 0.035937 0.200000 0.042188 0.209375 0.046875 0.215625 0.046875 0.235937 0.050000 0.235937 0.051562 0.237500 0.054688 0.237500 0.056250 0.235937 0.060937 0.235937 0.068750 0.232813 0.075000 0.228125 0.078125 0.228125 0.081250 0.226562 0.087500 0.220312 0.090625 0.215625 0.093750 0.209375 0.095312 0.204687 0.095312 0.200000 0.090625 0.192188 0.087500 0.184375 0.085938 0.178125 0.084375 0.167187 0.082812 0.164062 0.081250 0.162500
0 0.020313 0.087500 0.014063 0.090625 0.006250 0.098437 0.004687 0.101562 0.004687 0.109375 0.006250 0.114062 0.007812 0.117188 0.015625 0.126562 0.017188 0.128125 0.020313 0.129688 0.025000 0.131250 0.031250 0.131250 0.034375 0.129688 0.045312 0.121875 0.050000 0.117188 0.050000 0.107813 0.040625 0.096875 0.034375 0.090625 0.031250 0.089063 0.026562 0.087500
0 0.009375 0.256250 0.007812 0.259375 0.006250 0.264062 0.006250 0.267188 0.007812 0.278125 0.000000 0.284375 0.000000 0.307812 0.003125 0.307812 0.007812 0.312500 0.009375 0.321875 0.012500 0.328125 0.014063 0.329688 0.020313 0.332813 0.028125 0.334375 0.037500 0.332813 0.040625 0.332813 0.045312 0.335938 0.054688 0.335938 0.057813 0.334375 0.064062 0.328125 0.068750 0.320312 0.070312 0.315625 0.070312 0.307812 0.067187 0.300000 0.067187 0.293750 0.070312 0.287500 0.070312 0.279687 0.067187 0.273438 0.064062 0.270313 0.059375 0.267188 0.050000 0.262500 0.043750 0.262500 0.039062 0.260937 0.035937 0.257812 0.032813 0.256250 0.028125 0.254688 0.012500 0.254688
0 0.379688 0.153125 0.378125 0.157812 0.370312 0.159375 0.350000 0.157812 0.342187 0.160938 0.339062 0.162500 0.332813 0.168750 0.331250 0.173437 0.331250 0.176563 0.332813 0.181250 0.334375 0.184375 0.340625 0.190625 0.340625 0.209375 0.343750 0.214062 0.346875 0.217188 0.353125 0.220312 0.368750 0.225000 0.373437 0.225000 0.376563 0.223438 0.381250 0.218750 0.385937 0.215625 0.401562 0.215625 0.406250 0.214062 0.410938 0.209375 0.412500 0.204687 0.412500 0.198437 0.410938 0.195312 0.406250 0.190625 0.403125 0.189062 0.400000 0.189062 0.396875 0.187500 0.393750 0.184375 0.393750 0.168750 0.389062 0.159375 0.385937 0.156250 0.385937 0.154688
0 0.360938 0.226562 0.351562 0.229687 0.348438 0.231250 0.340625 0.239063 0.340625 0.245312 0.346875 0.251563 0.348438 0.256250 0.356250 0.264062 0.359375 0.265625 0.362500 0.265625 0.371875 0.262500 0.378125 0.256250 0.378125 0.246875 0.376563 0.242188 0.370312 0.232813 0.367188 0.229687
0 0.473438 0.132812 0.467187 0.139063 0.459375 0.154688 0.459375 0.157812 0.462500 0.164062 0.462500 0.170313 0.464062 0.176563 0.467187 0.182812 0.473438 0.189062 0.481250 0.193750 0.487500 0.196875 0.493750 0.196875 0.500000 0.190625 0.506250 0.190625 0.512500 0.187500 0.515625 0.182812 0.514062 0.176563 0.510938 0.171875 0.507812 0.168750 0.514062 0.162500 0.514062 0.151562 0.510938 0.148438 0.503125 0.143750 0.493750 0.140625 0.485938 0.140625 0.482812 0.139063 0.479687 0.134375 0.476562 0.132812
0 0.409375 0.303125 0.409375 0.307812 0.407813 0.309375 0.407813 0.312500 0.409375 0.317188 0.415625 0.323437 0.421875 0.326562 0.435937 0.325000 0.440625 0.326562 0.442188 0.331250 0.446875 0.335938 0.450000 0.337500 0.459375 0.337500 0.462500 0.335938 0.467187 0.331250 0.475000 0.329688 0.478125 0.326562 0.478125 0.314063 0.475000 0.307812 0.468750 0.301563 0.468750 0.300000 0.464062 0.295312 0.459375 0.293750 0.456250 0.293750 0.450000 0.295312 0.443750 0.292187 0.432812 0.292187 0.418750 0.295312 0.415625 0.296875
0 0.139063 0.204687 0.134375 0.209375 0.134375 0.217188 0.132812 0.221875 0.129688 0.225000 0.123438 0.225000 0.118750 0.226562 0.115625 0.229687 0.109375 0.237500 0.109375 0.245312 0.112500 0.250000 0.117188 0.254688 0.120313 0.256250 0.123438 0.256250 0.126562 0.257812 0.128125 0.259375 0.128125 0.260937 0.129688 0.264062 0.128125 0.270313 0.129688 0.275000 0.132812 0.279687 0.140625 0.287500 0.150000 0.287500 0.154688 0.284375 0.165625 0.282813 0.179688 0.284375 0.184375 0.282813 0.190625 0.276562 0.192188 0.273438 0.192188 0.268750 0.193750 0.265625 0.200000 0.264062 0.200000 0.257812 0.198437 0.254688 0.193750 0.250000 0.190625 0.245312 0.189062 0.239063 0.189062 0.234375 0.190625 0.223438 0.189062 0.220312 0.185938 0.215625 0.182812 0.212500 0.176563 0.209375 0.165625 0.209375 0.159375 0.203125 0.156250 0.201563 0.148438 0.201563
0 0.182812 0.328125 0.173437 0.318750 0.171875 0.314063 0.170313 0.310937 0.168750 0.309375 0.165625 0.307812 0.160938 0.306250 0.145313 0.306250 0.137500 0.307812 0.126562 0.312500 0.123438 0.315625 0.123438 0.317188 0.121875 0.318750 0.118750 0.320312 0.109375 0.320312 0.106250 0.321875 0.103125 0.325000 0.103125 0.334375 0.101562 0.335938 0.101562 0.343750 0.104688 0.346875 0.107813 0.348438 0.110937 0.348438 0.114062 0.350000 0.121875 0.357812 0.125000 0.359375 0.129688 0.360938 0.132812 0.359375 0.140625 0.350000 0.143750 0.348438 0.150000 0.346875 0.153125 0.345313 0.160938 0.337500 0.164062 0.335938 0.168750 0.335938 0.175000 0.339062 0.179688 0.339062 0.182812 0.331250
0 0.192188 0.182812 0.189062 0.184375 0.187500 0.185938 0.185938 0.189062 0.184375 0.193750 0.179688 0.196875 0.176563 0.200000 0.175000 0.203125 0.176563 0.209375 0.179688 0.209375 0.189062 0.218750 0.190625 0.221875 0.192188 0.228125 0.190625 0.240625 0.193750 0.246875 0.196875 0.250000 0.198437 0.250000 0.203125 0.254688 0.206250 0.254688 0.212500 0.251563 0.214062 0.248438 0.215625 0.242188 0.215625 0.234375 0.212500 0.228125 0.209375 0.223438 0.206250 0.220312 0.212500 0.214062 0.215625 0.209375 0.217188 0.206250 0.217188 0.200000 0.215625 0.196875 0.212500 0.192188 0.206250 0.185938 0.203125 0.184375 0.196875 0.182812
0 0.032813 0.345313 0.029687 0.345313 0.021875 0.350000 0.015625 0.350000 0.012500 0.351562 0.007812 0.356250 0.007812 0.360938 0.006250 0.362500 0.006250 0.365625 0.007812 0.370312 0.010937 0.373437 0.012500 0.381250 0.015625 0.387500 0.020313 0.392188 0.025000 0.393750 0.034375 0.392188 0.037500 0.390625 0.040625 0.384375 0.039062 0.364063 0.042188 0.357812 0.042188 0.351562 0.037500 0.346875
0 0.075000 0.365625 0.071875 0.364063 0.062500 0.364063 0.057813 0.367188 0.048438 0.365625 0.045312 0.367188 0.042188 0.370312 0.040625 0.376563 0.040625 0.385937 0.035937 0.390625 0.031250 0.392188 0.020313 0.392188 0.020313 0.396875 0.009375 0.420312 0.010937 0.425000 0.014063 0.426563 0.025000 0.426563 0.037500 0.428125 0.045312 0.431250 0.051562 0.429688 0.054688 0.431250 0.064062 0.442188 0.071875 0.442188 0.075000 0.437500 0.073438 0.431250 0.070312 0.423438 0.070312 0.415625 0.075000 0.409375 0.076563 0.406250 0.076563 0.390625 0.078125 0.389062 0.078125 0.375000 0.076563 0.368750
1 0.070312 0.415625 0.070312 0.425000 0.073438 0.431250 0.079687 0.437500 0.082812 0.439063 0.089063 0.439063 0.095312 0.435937 0.100000 0.432812 0.100000 0.429688 0.101562 0.428125 0.101562 0.417187 0.100000 0.414062 0.095312 0.409375 0.092188 0.407813 0.087500 0.406250 0.076563 0.407813
1 0.082812 0.439063 0.082812 0.448437 0.084375 0.453125 0.092188 0.460938 0.096875 0.464062 0.104688 0.464062 0.110937 0.462500 0.114062 0.460938 0.117188 0.457813 0.117188 0.450000 0.115625 0.445312 0.114062 0.442188 0.104688 0.432812 0.098437 0.432812 0.085938 0.437500
1 0.225000 0.451562 0.221875 0.454688 0.221875 0.470313 0.228125 0.476562 0.231250 0.478125 0.240625 0.478125 0.243750 0.475000 0.245312 0.471875 0.245312 0.460938 0.243750 0.456250 0.242188 0.453125 0.235937 0.450000 0.228125 0.450000
1 0.282813 0.503125 0.279687 0.506250 0.279687 0.518750 0.281250 0.521875 0.285938 0.526563 0.290625 0.529687 0.293750 0.531250 0.300000 0.531250 0.303125 0.529687 0.306250 0.523438 0.306250 0.509375 0.304688 0.506250 0.303125 0.504687 0.300000 0.503125
1 0.246875 0.517188 0.240625 0.520312 0.239063 0.523438 0.239063 0.531250 0.240625 0.534375 0.246875 0.540625 0.254688 0.543750 0.257812 0.542188 0.264062 0.535937 0.264062 0.528125 0.262500 0.525000 0.256250 0.518750 0.253125 0.517188
1 0.264062 0.534375 0.256250 0.540625 0.254688 0.542188 0.253125 0.545312 0.253125 0.548438 0.254688 0.551562 0.260937 0.559375 0.260937 0.560937 0.262500 0.562500 0.265625 0.564063 0.276562 0.564063 0.281250 0.559375 0.281250 0.548438 0.278125 0.542188 0.270313 0.534375
0 0.168750 0.484375 0.167187 0.489063 0.164062 0.493750 0.164062 0.503125 0.168750 0.507812 0.182812 0.514062 0.187500 0.518750 0.195312 0.517188 0.200000 0.510938 0.201563 0.507812 0.201563 0.493750 0.196875 0.484375 0.193750 0.481250 0.190625 0.479687 0.176563 0.479687 0.173437 0.481250
0 0.310937 0.470313 0.310937 0.476562 0.312500 0.484375 0.314063 0.489063 0.318750 0.498437 0.321875 0.501563 0.326562 0.504687 0.332813 0.504687 0.342187 0.501563 0.345313 0.495312 0.346875 0.490625 0.346875 0.487500 0.345313 0.482812 0.343750 0.479687 0.339062 0.475000 0.332813 0.470313 0.326562 0.467187 0.321875 0.467187 0.315625 0.468750 0.314063 0.470313
0 0.348438 0.426563 0.346875 0.429688 0.346875 0.434375 0.348438 0.439063 0.353125 0.448437 0.359375 0.454688 0.362500 0.459375 0.364063 0.465625 0.368750 0.473438 0.371875 0.476562 0.375000 0.478125 0.379688 0.479687 0.385937 0.479687 0.389062 0.478125 0.393750 0.473438 0.400000 0.470313 0.406250 0.468750 0.410938 0.467187 0.415625 0.462500 0.417187 0.459375 0.418750 0.454688 0.418750 0.450000 0.417187 0.443750 0.403125 0.429688 0.393750 0.421875 0.387500 0.418750 0.364063 0.418750 0.356250 0.420312 0.353125 0.421875
0 0.012500 0.475000 0.007812 0.479687 0.006250 0.482812 0.006250 0.492188 0.007812 0.496875 0.010937 0.504687 0.015625 0.509375 0.020313 0.510938 0.032813 0.510938 0.035937 0.509375 0.040625 0.504687 0.042188 0.496875 0.042188 0.489063 0.040625 0.485938 0.037500 0.481250 0.031250 0.475000 0.028125 0.473438 0.017188 0.473438
0 0.075000 0.514062 0.070312 0.514062 0.068750 0.510938 0.064062 0.514062 0.062500 0.517188 0.062500 0.520312 0.059375 0.523438 0.057813 0.526563 0.057813 0.529687 0.060937 0.532813 0.042188 0.534375 0.034375 0.539062 0.031250 0.543750 0.029687 0.559375 0.026562 0.562500 0.021875 0.564063 0.020313 0.565625 0.020313 0.567187 0.017188 0.570312 0.015625 0.579688 0.012500 0.584375 0.010937 0.590625 0.017188 0.596875 0.020313 0.603125 0.023438 0.606250 0.043750 0.606250 0.046875 0.604688 0.053125 0.600000 0.056250 0.601562 0.059375 0.606250 0.064062 0.607812 0.075000 0.604688 0.078125 0.603125 0.079687 0.600000 0.078125 0.592187 0.078125 0.587500 0.081250 0.584375 0.084375 0.582812 0.090625 0.582812 0.092188 0.584375 0.096875 0.584375 0.100000 0.582812 0.101562 0.581250 0.101562 0.579688 0.104688 0.576562 0.104688 0.565625 0.100000 0.557813 0.100000 0.553125 0.098437 0.551562 0.098437 0.548438 0.103125 0.543750 0.103125 0.537500 0.095312 0.529687 0.092188 0.528125 0.089063 0.528125 0.084375 0.525000 0.079687 0.520312 0.079687 0.518750
0 0.075000 0.618750 0.073438 0.621875 0.071875 0.626563 0.070312 0.634375 0.070312 0.645312 0.071875 0.650000 0.075000 0.654687 0.081250 0.657813 0.092188 0.660937 0.096875 0.660937 0.106250 0.656250 0.109375 0.653125 0.112500 0.648438 0.114062 0.640625 0.115625 0.637500 0.114062 0.629687 0.112500 0.626563 0.109375 0.623437 0.109375 0.621875 0.107813 0.620313 0.101562 0.617188
0 0.179688 0.623437 0.178125 0.620313 0.170313 0.607812 0.164062 0.601562 0.157812 0.598437 0.153125 0.596875 0.146875 0.596875 0.142187 0.598437 0.139063 0.600000 0.132812 0.604688 0.126562 0.604688 0.121875 0.609375 0.118750 0.618750 0.118750 0.632812 0.120313 0.635938 0.123438 0.639062 0.126562 0.640625 0.134375 0.642188 0.150000 0.640625 0.156250 0.639062 0.159375 0.637500 0.164062 0.632812 0.167187 0.631250 0.171875 0.631250 0.176563 0.629687 0.179688 0.626563
0 0.454688 0.415625 0.443750 0.415625 0.439063 0.417187 0.431250 0.425000 0.431250 0.426563 0.421875 0.435937 0.420312 0.439063 0.418750 0.460938 0.417187 0.468750 0.417187 0.471875 0.420312 0.478125 0.428125 0.484375 0.431250 0.484375 0.434375 0.482812 0.442188 0.475000 0.446875 0.471875 0.454688 0.468750 0.459375 0.465625 0.462500 0.462500 0.464062 0.459375 0.464062 0.448437 0.462500 0.442188 0.459375 0.437500 0.459375 0.434375 0.464062 0.428125 0.464062 0.423438 0.462500 0.420312 0.460938 0.418750
0 0.307812 0.509375 0.307812 0.521875 0.304688 0.526563 0.304688 0.532813 0.309375 0.537500 0.312500 0.539062 0.318750 0.539062 0.323437 0.535937 0.326562 0.535937 0.335938 0.540625 0.345313 0.540625 0.360938 0.535937 0.364063 0.534375 0.364063 0.525000 0.362500 0.518750 0.356250 0.512500 0.346875 0.507812 0.310937 0.507812
0 0.357812 0.487500 0.356250 0.489063 0.351562 0.495312 0.350000 0.500000 0.350000 0.504687 0.351562 0.507812 0.359375 0.514062 0.362500 0.517188 0.364063 0.521875 0.385937 0.523438 0.389062 0.520312 0.390625 0.517188 0.392188 0.510938 0.393750 0.503125 0.382812 0.490625 0.379688 0.487500 0.376563 0.485938 0.370312 0.484375 0.364063 0.484375
0 0.423438 0.484375 0.420312 0.478125 0.417187 0.475000 0.415625 0.470313 0.410938 0.468750 0.406250 0.470313 0.393750 0.476562 0.385937 0.484375 0.385937 0.493750 0.396875 0.500000 0.396875 0.498437 0.400000 0.495312 0.410938 0.495312 0.415625 0.493750
0 0.537500 0.268750 0.526563 0.268750 0.515625 0.273438 0.510938 0.276562 0.500000 0.287500 0.498437 0.290625 0.498437 0.298438 0.500000 0.303125 0.503125 0.306250 0.507812 0.307812 0.514062 0.315625 0.517188 0.318750 0.520312 0.320312 0.525000 0.321875 0.529687 0.320312 0.534375 0.314063 0.543750 0.312500 0.545312 0.314063 0.551562 0.314063 0.554688 0.310937 0.556250 0.307812 0.557813 0.303125 0.557813 0.293750 0.556250 0.292187 0.556250 0.281250 0.554688 0.278125 0.553125 0.276562 0.551562 0.276562 0.548438 0.273438 0.542188 0.270313
0 0.576562 0.214062 0.571875 0.214062 0.565625 0.220312 0.564063 0.220312 0.559375 0.225000 0.553125 0.234375 0.553125 0.239063 0.550000 0.243750 0.548438 0.248438 0.548438 0.265625 0.550000 0.270313 0.557813 0.279687 0.560937 0.282813 0.564063 0.282813 0.568750 0.279687 0.570312 0.276562 0.571875 0.268750 0.576562 0.268750 0.581250 0.267188 0.584375 0.265625 0.585938 0.260937 0.589063 0.256250 0.589063 0.248438 0.593750 0.243750 0.593750 0.234375 0.589063 0.228125 0.582812 0.223438 0.581250 0.218750
0 0.504687 0.196875 0.501563 0.198437 0.492188 0.207813 0.489063 0.214062 0.485938 0.223438 0.487500 0.228125 0.492188 0.229687 0.498437 0.235937 0.514062 0.243750 0.520312 0.245312 0.525000 0.243750 0.532813 0.237500 0.540625 0.234375 0.543750 0.231250 0.546875 0.223438 0.545312 0.217188 0.535937 0.200000 0.532813 0.196875 0.529687 0.195312 0.514062 0.195312
0 0.525000 0.253125 0.518750 0.246875 0.512500 0.245312 0.509375 0.242188 0.503125 0.239063 0.495312 0.235937 0.485938 0.234375 0.482812 0.231250 0.476562 0.234375 0.465625 0.245312 0.460938 0.253125 0.459375 0.256250 0.457813 0.270313 0.457813 0.279687 0.468750 0.290625 0.473438 0.292187 0.478125 0.292187 0.482812 0.290625 0.489063 0.284375 0.493750 0.284375 0.495312 0.285938 0.500000 0.285938 0.514062 0.270313 0.518750 0.268750 0.523438 0.264062 0.525000 0.260937
0 0.448437 0.206250 0.442188 0.210938 0.443750 0.214062 0.446875 0.217188 0.448437 0.220312 0.450000 0.228125 0.451562 0.231250 0.457813 0.239063 0.460938 0.242188 0.464062 0.242188 0.467187 0.239063 0.468750 0.239063 0.470313 0.237500 0.470313 0.235937 0.473438 0.232813 0.475000 0.229687 0.476562 0.225000 0.476562 0.218750 0.470313 0.214062 0.470313 0.212500 0.464062 0.206250 0.457813 0.204687
0 0.703125 0.181250 0.701562 0.178125 0.695312 0.175000 0.689063 0.175000 0.685937 0.171875 0.684375 0.168750 0.684375 0.164062 0.676562 0.156250 0.670312 0.154688 0.664062 0.154688 0.657813 0.160938 0.656250 0.164062 0.656250 0.173437 0.653125 0.176563 0.646875 0.176563 0.643750 0.179688 0.642188 0.182812 0.639062 0.192188 0.639062 0.200000 0.643750 0.201563 0.646875 0.204687 0.653125 0.204687 0.653125 0.201563 0.656250 0.198437 0.673438 0.198437 0.678125 0.196875 0.690625 0.189062 0.695312 0.184375 0.700000 0.184375
0 0.610938 0.114062 0.610938 0.117188 0.614062 0.121875 0.609375 0.126562 0.606250 0.126562 0.603125 0.129688 0.603125 0.137500 0.614062 0.148438 0.617188 0.153125 0.617188 0.156250 0.626563 0.164062 0.635938 0.168750 0.645312 0.168750 0.648438 0.167187 0.653125 0.162500 0.654687 0.159375 0.653125 0.145313 0.653125 0.140625 0.656250 0.131250 0.654687 0.126562 0.654687 0.117188 0.653125 0.114062 0.648438 0.109375 0.645312 0.107813 0.632812 0.107813 0.629687 0.110937 0.621875 0.114062
0 0.590625 0.135937 0.587500 0.137500 0.584375 0.140625 0.581250 0.142187 0.575000 0.142187 0.571875 0.143750 0.562500 0.153125 0.562500 0.165625 0.564063 0.173437 0.567187 0.182812 0.570312 0.189062 0.573438 0.193750 0.576562 0.196875 0.581250 0.200000 0.593750 0.204687 0.598437 0.204687 0.601562 0.203125 0.601562 0.193750 0.604688 0.190625 0.607812 0.189062 0.612500 0.187500 0.614062 0.184375 0.614062 0.173437 0.612500 0.168750 0.607812 0.160938 0.617188 0.156250 0.612500 0.151562 0.609375 0.143750 0.604688 0.139063 0.601562 0.137500 0.596875 0.135937
0 0.704688 0.087500 0.700000 0.087500 0.696875 0.090625 0.687500 0.089063 0.684375 0.090625 0.675000 0.100000 0.670312 0.106250 0.668750 0.117188 0.668750 0.134375 0.675000 0.140625 0.678125 0.142187 0.687500 0.145313 0.696875 0.145313 0.698438 0.142187 0.700000 0.137500 0.707812 0.134375 0.712500 0.134375 0.715625 0.132812 0.718750 0.129688 0.720313 0.126562 0.721875 0.121875 0.721875 0.118750 0.720313 0.115625 0.710938 0.104688 0.712500 0.093750 0.707812 0.089063
0 0.732812 0.056250 0.723437 0.056250 0.715625 0.059375 0.712500 0.060937 0.707812 0.065625 0.706250 0.070312 0.706250 0.085938 0.712500 0.092188 0.714063 0.095312 0.714063 0.101562 0.720313 0.107813 0.723437 0.109375 0.728125 0.109375 0.731250 0.106250 0.735938 0.096875 0.735938 0.078125 0.740625 0.071875 0.742188 0.068750 0.742188 0.064062 0.740625 0.060937 0.739062 0.059375
0 0.665625 0.025000 0.659375 0.031250 0.654687 0.040625 0.654687 0.068750 0.656250 0.071875 0.662500 0.078125 0.667188 0.081250 0.670312 0.082812 0.676562 0.084375 0.681250 0.084375 0.685937 0.081250 0.693750 0.081250 0.700000 0.079687 0.703125 0.076563 0.703125 0.067187 0.700000 0.064062 0.698438 0.060937 0.698438 0.053125 0.701562 0.048438 0.701562 0.039062 0.700000 0.035937 0.698438 0.034375 0.692187 0.029687 0.684375 0.028125 0.678125 0.028125 0.671875 0.025000
0 0.685937 0.442188 0.685937 0.445312 0.687500 0.448437 0.693750 0.454688 0.695312 0.459375 0.698438 0.459375 0.701562 0.462500 0.703125 0.462500 0.704688 0.464062 0.709375 0.470313 0.715625 0.473438 0.720313 0.475000 0.725000 0.473438 0.728125 0.470313 0.731250 0.470313 0.740625 0.471875 0.743750 0.470313 0.745313 0.465625 0.750000 0.460938 0.753125 0.456250 0.754687 0.453125 0.754687 0.445312 0.753125 0.440625 0.751563 0.437500 0.746875 0.431250 0.745313 0.428125 0.743750 0.418750 0.740625 0.417187 0.735938 0.415625 0.712500 0.415625 0.704688 0.421875 0.692187 0.434375
1 0.650000 0.415625 0.648438 0.426563 0.650000 0.429688 0.653125 0.432812 0.656250 0.434375 0.660937 0.435937 0.667188 0.432812 0.668750 0.429688 0.668750 0.425000 0.667188 0.421875 0.664062 0.418750 0.664062 0.417187 0.657813 0.414062 0.653125 0.414062
1 0.673438 0.448437 0.673438 0.453125 0.675000 0.457813 0.678125 0.464062 0.681250 0.467187 0.684375 0.468750 0.690625 0.468750 0.693750 0.460938 0.693750 0.457813 0.692187 0.454688 0.685937 0.448437 0.682813 0.446875
0 0.000000 0.190625 0.000000 0.243750 0.004687 0.246875 0.010937 0.250000 0.015625 0.250000 0.020313 0.248438 0.023438 0.245312 0.025000 0.242188 0.025000 0.228125 0.023438 0.226562 0.023438 0.210938 0.021875 0.207813 0.009375 0.195312 0.004687 0.192188
1 0.000000 0.117188 0.000000 0.143750 0.004687 0.143750 0.010937 0.140625 0.012500 0.139063 0.014063 0.135937 0.014063 0.125000 0.007812 0.118750 0.004687 0.117188
1 0.028125 0.220312 0.028125 0.234375 0.032813 0.239063 0.035937 0.240625 0.043750 0.240625 0.053125 0.235937 0.048438 0.231250 0.046875 0.226562 0.042188 0.221875 0.039062 0.220312 0.034375 0.218750
0 0.004687 0.370312 0.000000 0.370312 0.000000 0.432812 0.004687 0.431250 0.007812 0.426563 0.014063 0.409375 0.014063 0.404687 0.017188 0.400000 0.017188 0.392188 0.010937 0.381250 0.010937 0.376563 0.007812 0.371875
0 0.000000 0.487500 0.000000 0.526563 0.009375 0.526563 0.012500 0.525000 0.014063 0.521875 0.014063 0.507812 0.012500 0.501563 0.009375 0.493750 0.007812 0.490625 0.004687 0.487500