0 0.051562 0.000000 0.051562 0.003125 0.050000 0.004687 0.050000 0.020313 0.053125 0.028125 0.059375 0.040625 0.092188 0.040625 0.092188 0.034375 0.090625 0.029687 0.082812 0.015625 0.082812 0.012500 0.089063 0.006250 0.090625 0.003125 0.090625 0.000000
0 0.098437 0.054688 0.090625 0.046875 0.085938 0.043750 0.081250 0.042188 0.071875 0.042188 0.065625 0.043750 0.062500 0.046875 0.057813 0.048438 0.053125 0.048438 0.050000 0.050000 0.048438 0.051562 0.045312 0.057813 0.043750 0.067187 0.039062 0.071875 0.037500 0.071875 0.031250 0.078125 0.028125 0.084375 0.028125 0.090625 0.032813 0.095312 0.039062 0.095312 0.040625 0.093750 0.045312 0.093750 0.060937 0.103125 0.070312 0.103125 0.075000 0.100000 0.076563 0.096875 0.078125 0.090625 0.079687 0.075000 0.087500 0.073438 0.093750 0.070312 0.095312 0.068750 0.098437 0.062500
0 0.123438 0.007812 0.117188 0.009375 0.112500 0.014063 0.110937 0.017188 0.110937 0.028125 0.114062 0.031250 0.114062 0.043750 0.115625 0.046875 0.121875 0.054688 0.125000 0.057813 0.128125 0.057813 0.131250 0.059375 0.134375 0.057813 0.135937 0.054688 0.139063 0.050000 0.143750 0.040625 0.145313 0.035937 0.146875 0.028125 0.145313 0.025000 0.142187 0.023438 0.140625 0.020313 0.140625 0.015625 0.139063 0.012500 0.137500 0.010937 0.131250 0.007812
0 0.237500 0.004687 0.226562 0.003125 0.223438 0.000000 0.184375 0.001563 0.184375 0.018750 0.181250 0.026562 0.178125 0.028125 0.170313 0.028125 0.160938 0.025000 0.142187 0.025000 0.142187 0.029687 0.143750 0.040625 0.142187 0.045312 0.137500 0.051562 0.137500 0.059375 0.142187 0.064062 0.156250 0.067187 0.173437 0.067187 0.176563 0.070312 0.178125 0.073438 0.179688 0.079687 0.184375 0.084375 0.193750 0.089063 0.198437 0.089063 0.204687 0.084375 0.207813 0.079687 0.209375 0.071875 0.212500 0.070312 0.223438 0.070312 0.228125 0.064062 0.235937 0.057813 0.240625 0.056250 0.246875 0.056250 0.250000 0.054688 0.251563 0.045312 0.243750 0.031250 0.242188 0.020313 0.242188 0.010937 0.240625 0.006250
1 0.075000 0.350000 0.075000 0.359375 0.076563 0.362500 0.081250 0.367188 0.085938 0.370312 0.089063 0.371875 0.100000 0.371875 0.103125 0.368750 0.104688 0.362500 0.104688 0.357812 0.103125 0.353125 0.100000 0.350000 0.093750 0.346875 0.081250 0.346875
1 0.059375 0.387500 0.059375 0.395313 0.062500 0.398438 0.065625 0.400000 0.073438 0.400000 0.079687 0.396875 0.079687 0.390625 0.078125 0.387500 0.076563 0.385937 0.075000 0.385937 0.071875 0.382812 0.064062 0.382812
1 0.054688 0.353125 0.051562 0.357812 0.054688 0.364063 0.057813 0.365625 0.064062 0.365625 0.067187 0.362500 0.067187 0.357812 0.065625 0.354687
0 0.040625 0.431250 0.015625 0.431250 0.009375 0.434375 0.004687 0.439063 0.003125 0.442188 0.004687 0.451562 0.004687 0.456250 0.000000 0.460938 0.000000 0.476562 0.004687 0.479687 0.010937 0.479687 0.020313 0.475000 0.025000 0.470313 0.032813 0.467187 0.045312 0.454688 0.048438 0.448437 0.048438 0.442188 0.046875 0.437500
1 0.018750 0.407813 0.015625 0.410938 0.015625 0.421875 0.017188 0.426563 0.020313 0.429688 0.023438 0.431250 0.028125 0.432812 0.035937 0.432812 0.039062 0.431250 0.039062 0.418750 0.037500 0.415625 0.034375 0.412500 0.034375 0.410938 0.032813 0.409375 0.029687 0.407813
0 0.145313 0.418750 0.142187 0.421875 0.137500 0.431250 0.137500 0.434375 0.140625 0.442188 0.137500 0.445312 0.129688 0.445312 0.126562 0.446875 0.126562 0.456250 0.128125 0.459375 0.135937 0.467187 0.140625 0.470313 0.145313 0.471875 0.159375 0.485938 0.165625 0.489063 0.170313 0.490625 0.181250 0.489063 0.196875 0.490625 0.203125 0.487500 0.206250 0.484375 0.207813 0.479687 0.207813 0.475000 0.206250 0.470313 0.204687 0.467187 0.198437 0.460938 0.192188 0.457813 0.187500 0.456250 0.178125 0.454688 0.176563 0.451562 0.176563 0.448437 0.178125 0.439063 0.176563 0.434375 0.160938 0.418750 0.157812 0.417187 0.148438 0.417187
1 0.212500 0.506250 0.217188 0.510938 0.223438 0.514062 0.229687 0.520312 0.232813 0.521875 0.245312 0.521875 0.250000 0.520312 0.253125 0.517188 0.254688 0.517188 0.256250 0.515625 0.257812 0.512500 0.257812 0.504687 0.248438 0.495312 0.243750 0.493750 0.228125 0.493750 0.221875 0.496875 0.217188 0.500000
1 0.039062 0.473438 0.045312 0.479687 0.051562 0.484375 0.054688 0.485938 0.067187 0.485938 0.071875 0.482812 0.071875 0.478125 0.070312 0.475000 0.065625 0.470313 0.059375 0.467187 0.046875 0.467187 0.042188 0.468750
0 0.025000 0.484375 0.021875 0.487500 0.020313 0.490625 0.017188 0.503125 0.018750 0.507812 0.018750 0.514062 0.020313 0.518750 0.025000 0.523438 0.034375 0.529687 0.040625 0.532813 0.046875 0.532813 0.048438 0.529687 0.048438 0.526563 0.050000 0.523438 0.057813 0.515625 0.062500 0.514062 0.065625 0.510938 0.065625 0.504687 0.062500 0.496875 0.057813 0.492188 0.048438 0.487500 0.034375 0.482812 0.029687 0.482812
0 0.007812 0.498437 0.000000 0.498437 0.000000 0.551562 0.007812 0.550000 0.007812 0.548438 0.010937 0.545312 0.009375 0.529687 0.010937 0.526563 0.018750 0.518750 0.018750 0.512500 0.017188 0.507812 0.014063 0.501563
0 0.070312 0.490625 0.067187 0.492188 0.065625 0.500000 0.070312 0.510938 0.067187 0.514062 0.064062 0.515625 0.059375 0.515625 0.056250 0.517188 0.051562 0.521875 0.048438 0.529687 0.048438 0.535937 0.054688 0.543750 0.056250 0.548438 0.059375 0.551562 0.060937 0.551562 0.065625 0.557813 0.064062 0.564063 0.065625 0.567187 0.071875 0.573438 0.075000 0.575000 0.082812 0.576562 0.089063 0.579688 0.093750 0.584375 0.096875 0.590625 0.103125 0.596875 0.107813 0.598437 0.112500 0.598437 0.118750 0.595313 0.125000 0.587500 0.128125 0.584375 0.129688 0.584375 0.134375 0.579688 0.142187 0.576562 0.145313 0.570312 0.145313 0.543750 0.143750 0.534375 0.142187 0.529687 0.140625 0.526563 0.134375 0.520312 0.131250 0.518750 0.126562 0.518750 0.123438 0.515625 0.120313 0.510938 0.115625 0.500000 0.114062 0.498437 0.112500 0.498437 0.109375 0.495312 0.104688 0.493750 0.096875 0.493750 0.093750 0.496875 0.090625 0.496875 0.082812 0.492188 0.073438 0.490625
0 0.179688 0.493750 0.173437 0.496875 0.167187 0.504687 0.164062 0.507812 0.156250 0.509375 0.151562 0.512500 0.148438 0.515625 0.145313 0.520312 0.143750 0.525000 0.143750 0.531250 0.145313 0.532813 0.146875 0.542188 0.146875 0.564063 0.148438 0.571875 0.154688 0.578125 0.157812 0.579688 0.171875 0.578125 0.178125 0.578125 0.187500 0.582812 0.198437 0.582812 0.203125 0.578125 0.206250 0.573438 0.206250 0.570312 0.209375 0.567187 0.214062 0.546875 0.214062 0.535937 0.218750 0.526563 0.218750 0.520312 0.215625 0.515625 0.212500 0.512500 0.206250 0.512500 0.198437 0.514062 0.198437 0.509375 0.195312 0.498437 0.193750 0.495312
0 0.217188 0.542188 0.214062 0.545312 0.210938 0.554688 0.209375 0.567187 0.206250 0.571875 0.207813 0.576562 0.214062 0.584375 0.214062 0.585938 0.218750 0.587500 0.218750 0.581250 0.221875 0.581250 0.228125 0.584375 0.235937 0.585938 0.239063 0.584375 0.239063 0.581250 0.235937 0.575000 0.242188 0.568750 0.243750 0.565625 0.243750 0.559375 0.242188 0.554688 0.240625 0.551562 0.237500 0.548438 0.228125 0.543750 0.223438 0.542188
0 0.062500 0.614062 0.060937 0.617188 0.060937 0.625000 0.064062 0.629687 0.075000 0.634375 0.078125 0.637500 0.078125 0.653125 0.079687 0.656250 0.085938 0.662500 0.092188 0.665625 0.104688 0.670312 0.114062 0.670312 0.117188 0.668750 0.125000 0.660937 0.129688 0.660937 0.131250 0.662500 0.135937 0.660937 0.140625 0.650000 0.139063 0.645312 0.137500 0.642188 0.134375 0.637500 0.128125 0.629687 0.121875 0.623437 0.120313 0.623437 0.115625 0.618750 0.114062 0.614062 0.110937 0.609375 0.104688 0.603125 0.090625 0.603125 0.082812 0.600000 0.073438 0.601562 0.073438 0.606250 0.068750 0.610938
0 0.137500 0.581250 0.135937 0.582812 0.134375 0.585938 0.134375 0.590625 0.132812 0.593750 0.121875 0.604688 0.120313 0.607812 0.118750 0.614062 0.120313 0.620313 0.125000 0.626563 0.137500 0.639062 0.140625 0.646875 0.143750 0.650000 0.157812 0.648438 0.165625 0.651563 0.168750 0.651563 0.175000 0.648438 0.182812 0.648438 0.189062 0.646875 0.192188 0.645312 0.192188 0.635938 0.195312 0.623437 0.195312 0.620313 0.193750 0.615625 0.190625 0.610938 0.189062 0.606250 0.189062 0.600000 0.185938 0.595313 0.179688 0.590625 0.167187 0.590625 0.156250 0.582812 0.150000 0.579688 0.140625 0.579688
0 0.200000 0.592187 0.190625 0.598437 0.190625 0.612500 0.193750 0.621875 0.190625 0.634375 0.192188 0.639062 0.196875 0.645312 0.204687 0.643750 0.217188 0.645312 0.218750 0.640625 0.220312 0.640625 0.223438 0.637500 0.223438 0.629687 0.218750 0.625000 0.218750 0.620313 0.220312 0.615625 0.221875 0.609375 0.226562 0.604688 0.229687 0.604688 0.232813 0.601562 0.228125 0.598437 0.223438 0.596875 0.217188 0.596875 0.212500 0.595313 0.209375 0.592187
0 0.250000 0.660937 0.246875 0.664062 0.246875 0.675000 0.248438 0.678125 0.251563 0.681250 0.251563 0.689063 0.253125 0.692187 0.256250 0.695312 0.267188 0.701562 0.273438 0.704688 0.289062 0.704688 0.292187 0.703125 0.295312 0.700000 0.296875 0.696875 0.298438 0.690625 0.298438 0.684375 0.296875 0.679688 0.292187 0.670312 0.275000 0.651563 0.270313 0.650000 0.265625 0.656250 0.262500 0.656250 0.259375 0.657813
0 0.359375 0.637500 0.370312 0.648438 0.376563 0.656250 0.384375 0.660937 0.393750 0.665625 0.398438 0.665625 0.400000 0.667188 0.403125 0.667188 0.407813 0.665625 0.410938 0.664062 0.415625 0.659375 0.417187 0.656250 0.417187 0.648438 0.415625 0.640625 0.412500 0.634375 0.404687 0.626563 0.395313 0.621875 0.387500 0.621875 0.385937 0.620313 0.379688 0.620313 0.376563 0.621875
1 0.315625 0.656250 0.312500 0.657813 0.307812 0.662500 0.306250 0.665625 0.306250 0.673438 0.307812 0.678125 0.317188 0.687500 0.320312 0.689063 0.325000 0.690625 0.329688 0.690625 0.332813 0.689063 0.340625 0.681250 0.340625 0.671875 0.339062 0.667188 0.331250 0.659375 0.325000 0.656250
1 0.373437 0.684375 0.370312 0.690625 0.370312 0.700000 0.371875 0.703125 0.376563 0.707812 0.379688 0.709375 0.385937 0.710938 0.395313 0.710938 0.398438 0.709375 0.400000 0.707812 0.401562 0.704688 0.401562 0.696875 0.398438 0.690625 0.393750 0.685937 0.389062 0.682813 0.376563 0.682813
0 0.100000 0.860938 0.100000 0.868750 0.101562 0.871875 0.106250 0.876563 0.107813 0.885938 0.109375 0.890625 0.110937 0.893750 0.112500 0.895312 0.115625 0.896875 0.126562 0.896875 0.129688 0.895312 0.132812 0.892188 0.134375 0.889062 0.134375 0.878125 0.132812 0.873437 0.131250 0.870313 0.128125 0.867188 0.123438 0.864062 0.120313 0.862500 0.107813 0.859375
0 0.159375 0.901563 0.156250 0.904687 0.153125 0.910937 0.150000 0.915625 0.150000 0.925000 0.156250 0.937500 0.162500 0.943750 0.182812 0.953125 0.196875 0.951562 0.196875 0.937500 0.192188 0.929688 0.173437 0.910937 0.170313 0.906250 0.170313 0.904687 0.168750 0.903125 0.165625 0.901563
1 0.098437 0.925000 0.095312 0.928125 0.095312 0.937500 0.100000 0.942187 0.106250 0.945312 0.110937 0.946875 0.115625 0.945312 0.115625 0.931250 0.109375 0.925000 0.106250 0.923438 0.101562 0.923438
0 0.000000 0.854688 0.000000 0.907813 0.003125 0.907813 0.004687 0.909375 0.017188 0.912500 0.023438 0.910937 0.026562 0.907813 0.026562 0.903125 0.021875 0.898438 0.023438 0.893750 0.026562 0.892188 0.026562 0.881250 0.025000 0.878125 0.020313 0.873437 0.014063 0.870313 0.007812 0.868750 0.006250 0.864062 0.006250 0.859375 0.004687 0.856250
0 0.034375 0.896875 0.031250 0.898438 0.031250 0.903125 0.029687 0.909375 0.021875 0.915625 0.018750 0.918750 0.017188 0.921875 0.017188 0.928125 0.018750 0.931250 0.021875 0.935937 0.031250 0.945312 0.032813 0.948438 0.032813 0.951562 0.037500 0.959375 0.046875 0.970313 0.046875 0.971875 0.050000 0.975000 0.053125 0.975000 0.056250 0.971875 0.060937 0.970313 0.067187 0.970313 0.070312 0.968750 0.078125 0.953125 0.078125 0.950000 0.076563 0.948438 0.076563 0.943750 0.075000 0.939063 0.068750 0.932813 0.064062 0.931250 0.057813 0.931250 0.048438 0.921875 0.046875 0.912500 0.042188 0.903125 0.037500 0.898438
0 0.000000 0.910937 0.000000 0.956250 0.004687 0.956250 0.007812 0.959375 0.009375 0.959375 0.010937 0.960938 0.010937 0.962500 0.014063 0.965625 0.014063 0.970313 0.018750 0.971875 0.025000 0.979688 0.028125 0.987500 0.035937 0.989062 0.042188 0.987500 0.045312 0.985938 0.046875 0.984375 0.048438 0.981250 0.048438 0.971875 0.046875 0.968750 0.037500 0.959375 0.034375 0.954688 0.028125 0.942187 0.017188 0.932813 0.015625 0.918750 0.014063 0.915625 0.012500 0.914062 0.009375 0.912500 0.004687 0.912500 0.003125 0.910937
0 0.000000 0.956250 0.000000 0.998437 0.037500 0.998437 0.034375 0.992188 0.023438 0.978125 0.015625 0.964063 0.009375 0.957812 0.006250 0.956250
0 0.053125 0.973437 0.053125 0.979688 0.051562 0.981250 0.051562 0.985938 0.064062 0.998437 0.076563 0.998437 0.076563 0.995313 0.084375 0.987500 0.084375 0.984375 0.073438 0.973437 0.070312 0.971875
0 0.114062 0.998437 0.175000 0.998437 0.170313 0.993750 0.162500 0.989062 0.159375 0.987500 0.154688 0.985938 0.137500 0.985938 0.128125 0.989062 0.121875 0.992188 0.117188 0.993750
1 0.010937 0.365625 0.007812 0.368750 0.007812 0.373437 0.010937 0.379688 0.014063 0.381250 0.021875 0.379688 0.021875 0.371875 0.017188 0.367188 0.014063 0.365625
1 0.039062 0.381250 0.042188 0.384375 0.048438 0.384375 0.046875 0.378125
1 0.034375 0.357812 0.034375 0.364063 0.037500 0.367188 0.040625 0.368750 0.043750 0.368750 0.046875 0.367188 0.048438 0.360938 0.043750 0.356250