1 0.171875 0.082812 0.167187 0.087500 0.167187 0.092188 0.168750 0.095312 0.171875 0.098437 0.181250 0.096875 0.182812 0.092188 0.182812 0.089063 0.181250 0.085938 0.179688 0.084375 0.176563 0.082812
1 0.200000 0.101562 0.196875 0.104688 0.196875 0.112500 0.198437 0.115625 0.209375 0.117188 0.210938 0.114062 0.210938 0.106250 0.209375 0.103125 0.206250 0.101562
1 0.140625 0.134375 0.139063 0.139063 0.142187 0.145313 0.145313 0.146875 0.150000 0.148438 0.154688 0.148438 0.157812 0.146875 0.159375 0.145313 0.160938 0.142187 0.160938 0.135937 0.159375 0.132812 0.157812 0.131250 0.154688 0.129688 0.146875 0.129688 0.143750 0.131250
0 0.140625 0.004687 0.134375 0.007812 0.131250 0.010937 0.131250 0.012500 0.126562 0.017188 0.125000 0.017188 0.121875 0.020313 0.121875 0.029687 0.123438 0.050000 0.129688 0.060937 0.132812 0.064062 0.139063 0.064062 0.145313 0.060937 0.156250 0.071875 0.164062 0.071875 0.170313 0.065625 0.170313 0.064062 0.178125 0.057813 0.182812 0.051562 0.184375 0.048438 0.184375 0.035937 0.181250 0.029687 0.175000 0.023438 0.173437 0.020313 0.171875 0.014063 0.168750 0.010937 0.159375 0.010937 0.156250 0.009375 0.153125 0.006250 0.148438 0.004687
0 0.220312 0.000000 0.212500 0.007812 0.207813 0.009375 0.203125 0.014063 0.201563 0.018750 0.201563 0.025000 0.204687 0.031250 0.204687 0.045312 0.206250 0.048438 0.214062 0.056250 0.220312 0.059375 0.225000 0.060937 0.231250 0.062500 0.237500 0.062500 0.239063 0.064062 0.243750 0.064062 0.245312 0.062500 0.251563 0.062500 0.254688 0.060937 0.256250 0.059375 0.257812 0.056250 0.259375 0.051562 0.259375 0.043750 0.260937 0.040625 0.265625 0.035937 0.267188 0.032813 0.267188 0.017188 0.262500 0.007812 0.256250 0.000000 0.234375 0.001563
0 0.189062 0.068750 0.187500 0.071875 0.187500 0.076563 0.189062 0.082812 0.190625 0.085938 0.195312 0.090625 0.198437 0.092188 0.201563 0.092188 0.204687 0.093750 0.207813 0.098437 0.210938 0.100000 0.215625 0.101562 0.223438 0.100000 0.228125 0.100000 0.232813 0.104688 0.234375 0.109375 0.237500 0.112500 0.240625 0.112500 0.243750 0.110937 0.248438 0.106250 0.248438 0.104688 0.254688 0.098437 0.256250 0.093750 0.256250 0.071875 0.254688 0.068750 0.251563 0.065625 0.246875 0.064062 0.235937 0.065625 0.228125 0.064062 0.218750 0.060937 0.207813 0.054688 0.204687 0.054688 0.201563 0.057813 0.201563 0.062500 0.196875 0.067187 0.193750 0.065625 0.190625 0.067187
0 0.306250 0.006250 0.303125 0.007812 0.300000 0.010937 0.296875 0.017188 0.295312 0.021875 0.292187 0.040625 0.293750 0.045312 0.296875 0.050000 0.296875 0.054688 0.295312 0.067187 0.296875 0.070312 0.300000 0.075000 0.304688 0.078125 0.314063 0.076563 0.318750 0.076563 0.329688 0.078125 0.331250 0.075000 0.331250 0.071875 0.334375 0.068750 0.335938 0.068750 0.337500 0.067187 0.339062 0.064062 0.339062 0.059375 0.337500 0.056250 0.334375 0.053125 0.334375 0.045312 0.337500 0.040625 0.335938 0.034375 0.331250 0.031250 0.332813 0.017188 0.331250 0.014063 0.328125 0.012500 0.320312 0.010937 0.317188 0.007812 0.312500 0.006250
0 0.271875 0.107813 0.262500 0.107813 0.259375 0.109375 0.256250 0.112500 0.256250 0.114062 0.251563 0.118750 0.242188 0.126562 0.242188 0.135937 0.237500 0.143750 0.237500 0.153125 0.239063 0.156250 0.245312 0.162500 0.254688 0.168750 0.264062 0.168750 0.271875 0.162500 0.278125 0.159375 0.285938 0.156250 0.290625 0.156250 0.295312 0.154688 0.298438 0.151562 0.298438 0.126562 0.295312 0.123438 0.292187 0.121875 0.287500 0.121875 0.281250 0.115625 0.281250 0.114062 0.276562 0.109375
0 0.170313 0.134375 0.164062 0.140625 0.160938 0.145313 0.160938 0.156250 0.151562 0.165625 0.151562 0.184375 0.153125 0.187500 0.160938 0.195312 0.160938 0.198437 0.164062 0.201563 0.176563 0.207813 0.181250 0.209375 0.185938 0.209375 0.196875 0.203125 0.204687 0.203125 0.207813 0.201563 0.210938 0.198437 0.210938 0.187500 0.207813 0.182812 0.207813 0.173437 0.210938 0.164062 0.209375 0.157812 0.207813 0.154688 0.206250 0.153125 0.203125 0.151562 0.200000 0.151562 0.195312 0.146875 0.193750 0.143750 0.193750 0.140625 0.190625 0.137500 0.184375 0.134375
0 0.143750 0.073438 0.140625 0.071875 0.128125 0.071875 0.121875 0.076563 0.118750 0.078125 0.114062 0.078125 0.112500 0.076563 0.109375 0.076563 0.107813 0.078125 0.103125 0.078125 0.100000 0.081250 0.096875 0.085938 0.095312 0.090625 0.090625 0.095312 0.089063 0.101562 0.089063 0.106250 0.095312 0.117188 0.096875 0.126562 0.098437 0.129688 0.101562 0.132812 0.104688 0.134375 0.112500 0.135937 0.115625 0.135937 0.118750 0.134375 0.120313 0.132812 0.120313 0.131250 0.121875 0.129688 0.123438 0.129688 0.126562 0.128125 0.135937 0.132812 0.139063 0.132812 0.142187 0.131250 0.146875 0.126562 0.148438 0.121875 0.150000 0.120313 0.156250 0.115625 0.157812 0.112500 0.157812 0.100000 0.156250 0.096875 0.148438 0.089063 0.146875 0.079687
0 0.229687 0.384375 0.223438 0.382812 0.218750 0.384375 0.207813 0.390625 0.201563 0.390625 0.196875 0.392188 0.193750 0.395313 0.190625 0.395313 0.185938 0.400000 0.185938 0.409375 0.182812 0.414062 0.182812 0.428125 0.184375 0.431250 0.195312 0.443750 0.200000 0.448437 0.209375 0.451562 0.214062 0.451562 0.218750 0.450000 0.223438 0.446875 0.231250 0.440625 0.237500 0.434375 0.239063 0.431250 0.240625 0.426563 0.239063 0.410938 0.239063 0.406250 0.240625 0.404687 0.240625 0.398438 0.239063 0.392188 0.232813 0.385937
0 0.235937 0.467187 0.231250 0.471875 0.229687 0.478125 0.229687 0.484375 0.226562 0.489063 0.221875 0.493750 0.220312 0.496875 0.220312 0.507812 0.221875 0.512500 0.231250 0.520312 0.235937 0.525000 0.235937 0.528125 0.239063 0.532813 0.243750 0.535937 0.248438 0.537500 0.259375 0.537500 0.264062 0.535937 0.270313 0.529687 0.273438 0.528125 0.278125 0.528125 0.282813 0.531250 0.292187 0.529687 0.292187 0.526563 0.295312 0.521875 0.295312 0.510938 0.296875 0.509375 0.295312 0.498437 0.295312 0.492188 0.296875 0.481250 0.295312 0.478125 0.289062 0.471875 0.285938 0.470313 0.281250 0.468750 0.267188 0.470313 0.260937 0.470313 0.253125 0.465625 0.239063 0.465625
1 0.156250 0.404687 0.150000 0.410938 0.150000 0.415625 0.151562 0.421875 0.153125 0.425000 0.156250 0.429688 0.159375 0.432812 0.175000 0.432812 0.178125 0.429688 0.179688 0.426563 0.179688 0.412500 0.178125 0.409375 0.173437 0.404687 0.170313 0.403125 0.159375 0.403125
1 0.154688 0.496875 0.153125 0.495312 0.146875 0.492188 0.142187 0.492188 0.137500 0.493750 0.134375 0.496875 0.132812 0.501563 0.132812 0.504687 0.134375 0.507812 0.137500 0.510938 0.146875 0.510938 0.151562 0.507812 0.154688 0.504687
1 0.184375 0.490625 0.182812 0.498437 0.184375 0.501563 0.189062 0.506250 0.203125 0.506250 0.206250 0.503125 0.206250 0.493750 0.203125 0.489063 0.196875 0.485938 0.193750 0.485938
0 0.171875 0.504687 0.167187 0.509375 0.165625 0.512500 0.164062 0.517188 0.165625 0.525000 0.164062 0.528125 0.157812 0.535937 0.157812 0.548438 0.159375 0.551562 0.162500 0.554688 0.165625 0.556250 0.176563 0.556250 0.179688 0.557813 0.185938 0.565625 0.185938 0.567187 0.189062 0.570312 0.193750 0.571875 0.196875 0.570312 0.201563 0.567187 0.206250 0.562500 0.212500 0.559375 0.220312 0.559375 0.225000 0.554688 0.226562 0.551562 0.228125 0.546875 0.228125 0.543750 0.225000 0.534375 0.223438 0.531250 0.220312 0.528125 0.218750 0.525000 0.217188 0.520312 0.217188 0.515625 0.215625 0.512500 0.212500 0.509375 0.206250 0.506250 0.201563 0.506250 0.192188 0.507812 0.184375 0.503125 0.175000 0.503125
0 0.506250 0.329688 0.503125 0.332813 0.501563 0.337500 0.500000 0.346875 0.493750 0.351562 0.489063 0.362500 0.489063 0.371875 0.490625 0.375000 0.493750 0.378125 0.495312 0.378125 0.498437 0.381250 0.500000 0.384375 0.500000 0.389062 0.501563 0.393750 0.504687 0.398438 0.509375 0.401562 0.518750 0.401562 0.525000 0.398438 0.529687 0.395313 0.532813 0.396875 0.537500 0.400000 0.542188 0.398438 0.542188 0.385937 0.540625 0.381250 0.537500 0.376563 0.535937 0.368750 0.535937 0.354687 0.534375 0.350000 0.532813 0.346875 0.526563 0.337500 0.520312 0.332813 0.514062 0.329688
0 0.557813 0.389062 0.554688 0.392188 0.553125 0.396875 0.554688 0.406250 0.551562 0.409375 0.542188 0.417187 0.540625 0.421875 0.540625 0.431250 0.543750 0.437500 0.546875 0.440625 0.548438 0.440625 0.553125 0.445312 0.554688 0.448437 0.554688 0.451562 0.557813 0.457813 0.559375 0.459375 0.565625 0.462500 0.571875 0.464062 0.576562 0.464062 0.581250 0.462500 0.590625 0.453125 0.592187 0.448437 0.592187 0.431250 0.596875 0.425000 0.598437 0.421875 0.598437 0.414062 0.596875 0.409375 0.593750 0.404687 0.589063 0.400000 0.585938 0.398438 0.579688 0.398438 0.573438 0.395313 0.567187 0.390625 0.564063 0.389062
0 0.609375 0.337500 0.606250 0.339062 0.601562 0.343750 0.601562 0.348438 0.600000 0.351562 0.598437 0.353125 0.595313 0.354687 0.587500 0.354687 0.582812 0.359375 0.579688 0.365625 0.575000 0.373437 0.573438 0.378125 0.573438 0.387500 0.575000 0.390625 0.579688 0.395313 0.584375 0.396875 0.598437 0.398438 0.598437 0.400000 0.601562 0.404687 0.607812 0.410938 0.610938 0.412500 0.618750 0.412500 0.623437 0.407813 0.625000 0.404687 0.625000 0.398438 0.626563 0.395313 0.628125 0.393750 0.631250 0.392188 0.637500 0.392188 0.640625 0.390625 0.646875 0.384375 0.648438 0.379688 0.648438 0.368750 0.646875 0.365625 0.643750 0.362500 0.643750 0.360938 0.642188 0.359375 0.637500 0.357812 0.634375 0.354687 0.632812 0.346875 0.631250 0.343750 0.628125 0.340625 0.623437 0.337500
0 0.732812 0.381250 0.729688 0.378125 0.726562 0.376563 0.720313 0.375000 0.717187 0.371875 0.712500 0.365625 0.706250 0.362500 0.703125 0.364063 0.700000 0.364063 0.695312 0.368750 0.690625 0.378125 0.678125 0.390625 0.673438 0.393750 0.670312 0.393750 0.667188 0.396875 0.668750 0.414062 0.667188 0.420312 0.668750 0.426563 0.671875 0.429688 0.676562 0.431250 0.685937 0.432812 0.695312 0.431250 0.703125 0.435937 0.710938 0.435937 0.715625 0.434375 0.720313 0.429688 0.721875 0.425000 0.721875 0.420312 0.723437 0.417187 0.735938 0.404687 0.735938 0.389062 0.734375 0.384375
0 0.690625 0.432812 0.684375 0.429688 0.668750 0.429688 0.651563 0.431250 0.645312 0.434375 0.640625 0.439063 0.639062 0.443750 0.639062 0.446875 0.640625 0.454688 0.643750 0.459375 0.643750 0.467187 0.642188 0.473438 0.640625 0.475000 0.640625 0.478125 0.642188 0.482812 0.650000 0.490625 0.657813 0.492188 0.673438 0.490625 0.678125 0.489063 0.681250 0.487500 0.684375 0.484375 0.687500 0.482812 0.692187 0.482812 0.692187 0.478125 0.698438 0.471875 0.698438 0.456250 0.695312 0.453125 0.695312 0.442188 0.693750 0.435937
0 0.784375 0.439063 0.778125 0.432812 0.775000 0.432812 0.771875 0.429688 0.770312 0.426563 0.770312 0.423438 0.768750 0.420312 0.762500 0.414062 0.756250 0.410938 0.750000 0.410938 0.746875 0.412500 0.740625 0.418750 0.734375 0.431250 0.731250 0.434375 0.726562 0.435937 0.718750 0.434375 0.715625 0.435937 0.714063 0.439063 0.714063 0.442188 0.715625 0.450000 0.709375 0.456250 0.706250 0.460938 0.704688 0.467187 0.704688 0.471875 0.706250 0.475000 0.710938 0.481250 0.714063 0.482812 0.718750 0.482812 0.723437 0.481250 0.731250 0.475000 0.734375 0.473438 0.739062 0.473438 0.750000 0.479687 0.760938 0.479687 0.764062 0.478125 0.767188 0.473438 0.768750 0.467187 0.775000 0.460938 0.778125 0.460938 0.782813 0.456250 0.784375 0.453125 0.785937 0.448437 0.785937 0.443750
0 0.776563 0.328125 0.771875 0.332813 0.771875 0.334375 0.767188 0.339062 0.765625 0.339062 0.762500 0.342187 0.759375 0.353125 0.757812 0.367188 0.754687 0.368750 0.748437 0.370312 0.745313 0.376563 0.745313 0.387500 0.746875 0.390625 0.750000 0.393750 0.753125 0.395313 0.757812 0.396875 0.770312 0.398438 0.778125 0.404687 0.781250 0.406250 0.793750 0.406250 0.796875 0.404687 0.800000 0.401562 0.801562 0.398438 0.804688 0.384375 0.809375 0.384375 0.812500 0.381250 0.812500 0.378125 0.809375 0.375000 0.807813 0.367188 0.807813 0.359375 0.806250 0.356250 0.801562 0.351562 0.792188 0.343750 0.792188 0.335938 0.790625 0.332813 0.785937 0.328125
0 0.637500 0.285938 0.635938 0.300000 0.642188 0.306250 0.650000 0.309375 0.653125 0.310937 0.654687 0.312500 0.654687 0.314063 0.656250 0.315625 0.659375 0.317188 0.665625 0.317188 0.676562 0.315625 0.689063 0.320312 0.696875 0.320312 0.701562 0.318750 0.707812 0.315625 0.707812 0.310937 0.704688 0.307812 0.703125 0.304688 0.703125 0.301563 0.704688 0.292187 0.701562 0.285938 0.696875 0.284375 0.692187 0.281250 0.682813 0.278125 0.671875 0.276562 0.667188 0.273438 0.653125 0.273438 0.650000 0.275000 0.646875 0.279687 0.646875 0.281250 0.642188 0.282813 0.639062 0.285938
0 0.725000 0.492188 0.723437 0.490625 0.723437 0.487500 0.720313 0.485938 0.712500 0.482812 0.707812 0.478125 0.701562 0.475000 0.698438 0.475000 0.689063 0.476562 0.668750 0.487500 0.665625 0.490625 0.665625 0.496875 0.667188 0.500000 0.684375 0.501563 0.693750 0.496875 0.696875 0.498437 0.700000 0.501563 0.703125 0.503125 0.707812 0.503125 0.718750 0.501563 0.721875 0.500000 0.723437 0.498437 0.725000 0.495312
0 0.648438 0.348438 0.646875 0.351562 0.646875 0.354687 0.645312 0.357812 0.646875 0.364063 0.648438 0.367188 0.664062 0.368750 0.670312 0.365625 0.671875 0.360938 0.671875 0.356250 0.670312 0.351562 0.668750 0.348438 0.667188 0.346875 0.664062 0.345313 0.654687 0.345313
1 0.593750 0.251563 0.589063 0.256250 0.587500 0.256250 0.584375 0.259375 0.582812 0.262500 0.582812 0.267188 0.584375 0.271875 0.585938 0.275000 0.593750 0.282813 0.606250 0.282813 0.609375 0.281250 0.612500 0.278125 0.614062 0.273438 0.614062 0.268750 0.612500 0.264062 0.607812 0.257812 0.601562 0.253125 0.598437 0.251563
1 0.568750 0.282813 0.565625 0.284375 0.564063 0.287500 0.564063 0.296875 0.565625 0.300000 0.567187 0.301563 0.570312 0.303125 0.575000 0.303125 0.578125 0.301563 0.579688 0.300000 0.581250 0.296875 0.581250 0.290625 0.579688 0.287500 0.576562 0.284375 0.571875 0.282813
1 0.582812 0.318750 0.578125 0.323437 0.578125 0.328125 0.576562 0.329688 0.576562 0.332813 0.578125 0.337500 0.579688 0.340625 0.582812 0.342187 0.589063 0.342187 0.593750 0.340625 0.596875 0.339062 0.598437 0.337500 0.600000 0.334375 0.600000 0.326562 0.598437 0.323437 0.596875 0.321875 0.590625 0.318750
1 0.450000 0.548438 0.446875 0.550000 0.443750 0.553125 0.440625 0.557813 0.440625 0.567187 0.445312 0.571875 0.448437 0.573438 0.459375 0.573438 0.462500 0.571875 0.467187 0.567187 0.467187 0.556250 0.465625 0.553125 0.462500 0.550000 0.459375 0.548438
1 0.520312 0.540625 0.517188 0.542188 0.514062 0.545312 0.512500 0.550000 0.512500 0.554688 0.514062 0.557813 0.515625 0.559375 0.518750 0.560937 0.528125 0.560937 0.531250 0.559375 0.532813 0.557813 0.534375 0.554688 0.534375 0.546875 0.531250 0.542188 0.528125 0.540625
1 0.698438 0.564063 0.689063 0.565625 0.684375 0.571875 0.682813 0.575000 0.682813 0.582812 0.684375 0.585938 0.689063 0.590625 0.693750 0.592187 0.696875 0.592187 0.700000 0.590625 0.707812 0.582812 0.707812 0.575000 0.704688 0.570312
1 0.348438 0.690625 0.345313 0.693750 0.343750 0.696875 0.343750 0.701562 0.345313 0.704688 0.348438 0.707812 0.353125 0.707812 0.356250 0.706250 0.359375 0.703125 0.360938 0.700000 0.360938 0.695312 0.356250 0.692187 0.353125 0.690625
1 0.334375 0.742188 0.328125 0.745313 0.326562 0.746875 0.323437 0.753125 0.323437 0.757812 0.326562 0.760938 0.331250 0.764062 0.334375 0.765625 0.340625 0.765625 0.345313 0.760938 0.346875 0.751563 0.346875 0.748437 0.342187 0.743750 0.337500 0.742188
0 0.310937 0.692187 0.307812 0.692187 0.306250 0.693750 0.303125 0.693750 0.298438 0.690625 0.290625 0.692187 0.285938 0.700000 0.284375 0.704688 0.285938 0.710938 0.289062 0.715625 0.289062 0.718750 0.282813 0.725000 0.281250 0.725000 0.276562 0.729688 0.276562 0.739062 0.282813 0.745313 0.285938 0.746875 0.289062 0.746875 0.296875 0.745313 0.300000 0.743750 0.306250 0.737500 0.309375 0.737500 0.312500 0.735938 0.315625 0.729688 0.317188 0.723437 0.317188 0.709375 0.315625 0.700000 0.314063 0.695312
0 0.301563 0.756250 0.298438 0.757812 0.292187 0.764062 0.285938 0.767188 0.278125 0.775000 0.276562 0.781250 0.278125 0.785937 0.281250 0.790625 0.281250 0.795312 0.278125 0.798438 0.276562 0.801562 0.275000 0.809375 0.276562 0.815625 0.278125 0.818750 0.282813 0.823438 0.285938 0.825000 0.298438 0.825000 0.304688 0.831250 0.310937 0.831250 0.314063 0.829688 0.314063 0.826562 0.315625 0.825000 0.317188 0.817187 0.317188 0.810937 0.320312 0.807813 0.321875 0.807813 0.323437 0.806250 0.325000 0.803125 0.326562 0.792188 0.326562 0.785937 0.325000 0.784375 0.325000 0.778125 0.321875 0.778125 0.318750 0.775000 0.318750 0.767188 0.317188 0.764062 0.309375 0.756250
0 0.000000 0.871875 0.003125 0.875000 0.006250 0.881250 0.015625 0.890625 0.018750 0.890625 0.023438 0.889062 0.026562 0.885938 0.028125 0.885938 0.029687 0.884375 0.031250 0.881250 0.031250 0.876563 0.029687 0.871875 0.028125 0.868750 0.025000 0.865625 0.021875 0.864062 0.009375 0.864062 0.003125 0.867188
1 0.010937 0.815625 0.010937 0.825000 0.015625 0.829688 0.018750 0.831250 0.025000 0.831250 0.031250 0.828125 0.031250 0.826562 0.032813 0.823438 0.031250 0.817187 0.029687 0.814063 0.014063 0.812500
1 0.081250 0.801562 0.078125 0.800000 0.071875 0.801562 0.065625 0.804688 0.064062 0.807813 0.064062 0.817187 0.068750 0.821875 0.079687 0.821875 0.084375 0.818750 0.085938 0.815625 0.085938 0.809375 0.084375 0.804688
1 0.043750 0.834375 0.040625 0.837500 0.037500 0.843750 0.037500 0.853125 0.040625 0.856250 0.046875 0.859375 0.050000 0.859375 0.053125 0.860938 0.059375 0.859375 0.064062 0.854688 0.064062 0.839063 0.059375 0.834375
1 0.139063 0.818750 0.137500 0.829688 0.140625 0.832812 0.143750 0.834375 0.151562 0.834375 0.156250 0.829688 0.156250 0.821875 0.151562 0.817187 0.142187 0.817187
1 0.185938 0.831250 0.182812 0.832812 0.181250 0.834375 0.179688 0.837500 0.179688 0.840625 0.181250 0.843750 0.182812 0.845313 0.185938 0.846875 0.189062 0.846875 0.192188 0.848437 0.195312 0.846875 0.195312 0.843750 0.196875 0.842187 0.196875 0.837500 0.195312 0.834375 0.193750 0.832812 0.190625 0.831250
1 0.201563 0.873437 0.200000 0.876563 0.200000 0.882812 0.201563 0.885938 0.204687 0.889062 0.212500 0.889062 0.215625 0.885938 0.215625 0.879687 0.214062 0.876563 0.210938 0.873437 0.207813 0.871875
1 0.142187 0.853125 0.142187 0.856250 0.143750 0.859375 0.153125 0.860938 0.156250 0.859375 0.159375 0.856250 0.157812 0.853125 0.153125 0.848437 0.143750 0.850000
1 0.164062 0.859375 0.160938 0.862500 0.160938 0.868750 0.164062 0.871875 0.168750 0.873437 0.171875 0.871875 0.171875 0.860938 0.168750 0.859375
1 0.159375 0.881250 0.159375 0.884375 0.162500 0.887500 0.165625 0.889062 0.173437 0.885938 0.173437 0.881250 0.171875 0.878125 0.170313 0.876563 0.162500 0.876563 0.160938 0.878125
1 0.162500 0.889062 0.157812 0.889062 0.154688 0.890625 0.148438 0.896875 0.148438 0.906250 0.150000 0.909375 0.151562 0.910937 0.157812 0.914062 0.165625 0.912500 0.167187 0.906250 0.167187 0.901563 0.165625 0.892188
1 0.121875 0.876563 0.125000 0.878125 0.132812 0.879687 0.143750 0.879687 0.145313 0.876563 0.143750 0.867188 0.140625 0.865625 0.131250 0.865625 0.125000 0.870313
1 0.276562 0.978125 0.273438 0.981250 0.271875 0.984375 0.271875 0.992188 0.278125 0.998437 0.292187 0.998437 0.295312 0.995313 0.295312 0.992188 0.293750 0.984375 0.292187 0.981250 0.290625 0.979688 0.289062 0.979688 0.285938 0.976562 0.279687 0.976562
0 0.267188 0.921875 0.264062 0.920312 0.260937 0.920312 0.257812 0.921875 0.253125 0.926562 0.250000 0.928125 0.245312 0.929688 0.239063 0.929688 0.229687 0.934375 0.225000 0.939063 0.221875 0.943750 0.218750 0.950000 0.218750 0.960938 0.221875 0.965625 0.221875 0.973437 0.223438 0.976562 0.226562 0.981250 0.231250 0.984375 0.245312 0.987500 0.256250 0.987500 0.267188 0.985938 0.270313 0.984375 0.271875 0.982812 0.276562 0.971875 0.278125 0.970313 0.284375 0.965625 0.285938 0.960938 0.285938 0.953125 0.284375 0.948438 0.279687 0.943750 0.278125 0.943750 0.271875 0.937500 0.270313 0.932813 0.270313 0.928125
0 0.304688 0.906250 0.301563 0.909375 0.298438 0.918750 0.298438 0.923438 0.300000 0.926562 0.303125 0.931250 0.307812 0.935937 0.312500 0.937500 0.315625 0.937500 0.318750 0.935937 0.323437 0.931250 0.323437 0.918750 0.320312 0.914062 0.314063 0.907813 0.310937 0.906250
0 0.390625 0.943750 0.385937 0.945312 0.379688 0.951562 0.376563 0.953125 0.364063 0.953125 0.360938 0.954688 0.357812 0.957812 0.356250 0.960938 0.357812 0.976562 0.356250 0.984375 0.351562 0.985938 0.346875 0.989062 0.346875 0.995313 0.348438 0.998437 0.396875 0.998437 0.396875 0.981250 0.400000 0.978125 0.401562 0.978125 0.406250 0.973437 0.406250 0.970313 0.404687 0.967187 0.400000 0.962500 0.392188 0.959375
0 0.514062 0.860938 0.504687 0.860938 0.493750 0.871875 0.493750 0.884375 0.496875 0.890625 0.498437 0.892188 0.501563 0.893750 0.509375 0.893750 0.514062 0.892188 0.517188 0.890625 0.525000 0.882812 0.525000 0.870313 0.523438 0.867188 0.520312 0.864062
0 0.528125 0.775000 0.525000 0.781250 0.525000 0.789062 0.520312 0.793750 0.514062 0.793750 0.510938 0.795312 0.506250 0.800000 0.503125 0.806250 0.503125 0.810937 0.504687 0.814063 0.507812 0.818750 0.510938 0.820312 0.510938 0.821875 0.514062 0.825000 0.514062 0.828125 0.510938 0.832812 0.510938 0.843750 0.517188 0.850000 0.520312 0.851562 0.535937 0.850000 0.540625 0.851562 0.545312 0.854688 0.553125 0.854688 0.559375 0.848437 0.560937 0.840625 0.564063 0.837500 0.565625 0.834375 0.565625 0.829688 0.564063 0.818750 0.567187 0.800000 0.567187 0.795312 0.564063 0.792188 0.557813 0.792188 0.554688 0.789062 0.553125 0.784375 0.546875 0.778125 0.539062 0.776563 0.535937 0.773438
0 0.581250 0.815625 0.578125 0.817187 0.576562 0.818750 0.575000 0.821875 0.573438 0.826562 0.571875 0.834375 0.567187 0.835938 0.560937 0.842187 0.562500 0.860938 0.559375 0.868750 0.560937 0.873437 0.564063 0.875000 0.568750 0.876563 0.578125 0.878125 0.589063 0.878125 0.595313 0.881250 0.603125 0.879687 0.607812 0.875000 0.607812 0.873437 0.612500 0.868750 0.618750 0.867188 0.623437 0.862500 0.625000 0.857812 0.625000 0.842187 0.628125 0.837500 0.628125 0.831250 0.623437 0.821875 0.621875 0.820312 0.615625 0.817187 0.607812 0.815625
0 0.543750 0.873437 0.540625 0.876563 0.535937 0.887500 0.535937 0.896875 0.540625 0.903125 0.542188 0.906250 0.542188 0.909375 0.543750 0.912500 0.546875 0.915625 0.550000 0.917188 0.551562 0.921875 0.554688 0.926562 0.560937 0.929688 0.571875 0.932813 0.579688 0.932813 0.585938 0.929688 0.590625 0.928125 0.596875 0.921875 0.598437 0.914062 0.600000 0.910937 0.604688 0.906250 0.607812 0.895312 0.607812 0.889062 0.606250 0.884375 0.601562 0.879687 0.598437 0.878125 0.593750 0.876563 0.587500 0.875000 0.578125 0.875000 0.568750 0.871875 0.560937 0.870313 0.546875 0.871875
0 0.571875 0.943750 0.571875 0.957812 0.579688 0.956250 0.585938 0.959375 0.587500 0.960938 0.587500 0.962500 0.589063 0.964063 0.592187 0.965625 0.604688 0.967187 0.612500 0.967187 0.618750 0.964063 0.625000 0.957812 0.631250 0.957812 0.635938 0.959375 0.640625 0.962500 0.646875 0.962500 0.651563 0.959375 0.657813 0.953125 0.659375 0.950000 0.662500 0.939063 0.668750 0.931250 0.671875 0.925000 0.671875 0.918750 0.670312 0.915625 0.657813 0.915625 0.654687 0.914062 0.650000 0.909375 0.645312 0.907813 0.639062 0.907813 0.626563 0.909375 0.612500 0.906250 0.609375 0.906250 0.606250 0.907813 0.603125 0.910937 0.603125 0.918750 0.595313 0.926562 0.593750 0.929688 0.592187 0.937500 0.573438 0.940625
0 0.682813 0.820312 0.679688 0.818750 0.676562 0.818750 0.671875 0.820312 0.668750 0.823438 0.667188 0.823438 0.665625 0.825000 0.664062 0.829688 0.657813 0.835938 0.654687 0.837500 0.648438 0.839063 0.637500 0.846875 0.629687 0.846875 0.626563 0.850000 0.626563 0.859375 0.614062 0.884375 0.612500 0.889062 0.614062 0.895312 0.617188 0.896875 0.623437 0.896875 0.628125 0.887500 0.632812 0.876563 0.637500 0.871875 0.639062 0.860938 0.642188 0.857812 0.646875 0.857812 0.659375 0.870313 0.664062 0.879687 0.667188 0.881250 0.675000 0.881250 0.681250 0.878125 0.687500 0.870313 0.695312 0.870313 0.698438 0.868750 0.700000 0.860938 0.698438 0.857812 0.696875 0.856250 0.687500 0.851562 0.682813 0.850000 0.673438 0.848437 0.670312 0.843750 0.675000 0.839063 0.684375 0.831250 0.685937 0.826562
0 0.765625 0.843750 0.753125 0.843750 0.748437 0.850000 0.729688 0.850000 0.726562 0.851562 0.725000 0.853125 0.725000 0.854688 0.721875 0.857812 0.718750 0.864062 0.718750 0.868750 0.720313 0.873437 0.723437 0.878125 0.725000 0.884375 0.723437 0.892188 0.725000 0.898438 0.726562 0.901563 0.729688 0.906250 0.740625 0.915625 0.742188 0.920312 0.751563 0.921875 0.756250 0.918750 0.759375 0.918750 0.768750 0.920312 0.771875 0.918750 0.776563 0.914062 0.778125 0.910937 0.778125 0.901563 0.779687 0.896875 0.782813 0.890625 0.787500 0.885938 0.790625 0.876563 0.790625 0.873437 0.789062 0.871875 0.789062 0.867188 0.787500 0.864062 0.779687 0.856250 0.778125 0.851562 0.773438 0.846875 0.770312 0.845313
0 0.710938 0.928125 0.707812 0.934375 0.709375 0.962500 0.712500 0.968750 0.717187 0.973437 0.720313 0.975000 0.735938 0.975000 0.740625 0.979688 0.743750 0.981250 0.750000 0.982812 0.756250 0.982812 0.757812 0.981250 0.765625 0.981250 0.770312 0.976562 0.771875 0.973437 0.771875 0.968750 0.773438 0.965625 0.779687 0.959375 0.779687 0.951562 0.773438 0.946875 0.768750 0.945312 0.762500 0.939063 0.762500 0.934375 0.760938 0.929688 0.757812 0.926562 0.751563 0.923438 0.746875 0.921875 0.740625 0.921875 0.729688 0.926562 0.717187 0.925000
0 0.720313 0.876563 0.717187 0.875000 0.710938 0.881250 0.701562 0.885938 0.696875 0.890625 0.696875 0.893750 0.695312 0.896875 0.692187 0.900000 0.687500 0.895312 0.684375 0.893750 0.673438 0.893750 0.670312 0.895312 0.670312 0.906250 0.671875 0.912500 0.675000 0.918750 0.684375 0.920312 0.689063 0.918750 0.695312 0.914062 0.718750 0.907813 0.725000 0.904687 0.725000 0.901563 0.723437 0.882812
0 0.918750 0.865625 0.915625 0.864062 0.912500 0.865625 0.909375 0.868750 0.907813 0.871875 0.906250 0.878125 0.903125 0.881250 0.893750 0.881250 0.889062 0.882812 0.876563 0.893750 0.875000 0.896875 0.875000 0.906250 0.876563 0.907813 0.876563 0.918750 0.875000 0.920312 0.875000 0.931250 0.876563 0.934375 0.879687 0.937500 0.884375 0.937500 0.892188 0.932813 0.895312 0.932813 0.898438 0.935937 0.903125 0.942187 0.907813 0.942187 0.910937 0.940625 0.917188 0.934375 0.918750 0.929688 0.921875 0.926562 0.928125 0.925000 0.931250 0.923438 0.935937 0.920312 0.940625 0.915625 0.942187 0.910937 0.942187 0.906250 0.939063 0.900000 0.932813 0.893750 0.932813 0.889062 0.937500 0.882812 0.935937 0.878125 0.928125 0.878125 0.925000 0.876563 0.923438 0.875000 0.921875 0.871875 0.921875 0.870313 0.920312 0.867188
0 0.800000 0.896875 0.800000 0.906250 0.803125 0.912500 0.803125 0.918750 0.804688 0.925000 0.806250 0.928125 0.810937 0.932813 0.814063 0.934375 0.826562 0.934375 0.840625 0.929688 0.843750 0.926562 0.843750 0.918750 0.840625 0.912500 0.840625 0.904687 0.839063 0.900000 0.837500 0.896875 0.834375 0.893750 0.829688 0.892188 0.825000 0.892188 0.821875 0.889062 0.818750 0.887500 0.812500 0.889062 0.810937 0.893750
0 0.707812 0.756250 0.703125 0.760938 0.701562 0.764062 0.701562 0.775000 0.690625 0.785937 0.689063 0.790625 0.689063 0.796875 0.690625 0.803125 0.693750 0.806250 0.696875 0.807813 0.704688 0.809375 0.706250 0.812500 0.717187 0.814063 0.734375 0.812500 0.739062 0.814063 0.746875 0.818750 0.750000 0.815625 0.751563 0.807813 0.756250 0.798438 0.756250 0.793750 0.760938 0.789062 0.760938 0.776563 0.759375 0.771875 0.756250 0.767188 0.753125 0.764062 0.751563 0.764062 0.746875 0.759375 0.739062 0.759375 0.731250 0.764062 0.723437 0.756250 0.720313 0.754687 0.712500 0.754687
0 0.753125 0.726562 0.746875 0.732812 0.746875 0.756250 0.750000 0.760938 0.757812 0.770312 0.760938 0.773438 0.764062 0.775000 0.768750 0.775000 0.771875 0.776563 0.781250 0.785937 0.790625 0.790625 0.793750 0.790625 0.796875 0.789062 0.800000 0.782813 0.800000 0.776563 0.801562 0.773438 0.803125 0.771875 0.804688 0.771875 0.809375 0.768750 0.814063 0.764062 0.817187 0.759375 0.818750 0.754687 0.818750 0.751563 0.817187 0.748437 0.814063 0.745313 0.810937 0.743750 0.806250 0.742188 0.800000 0.742188 0.795312 0.737500 0.790625 0.735938 0.779687 0.726562 0.773438 0.726562 0.767188 0.723437 0.759375 0.723437
0 0.810937 0.798438 0.810937 0.803125 0.817187 0.810937 0.818750 0.814063 0.818750 0.818750 0.820312 0.821875 0.825000 0.826562 0.829688 0.829688 0.832812 0.831250 0.835938 0.831250 0.839063 0.834375 0.842187 0.835938 0.846875 0.837500 0.853125 0.837500 0.857812 0.835938 0.867188 0.826562 0.868750 0.821875 0.865625 0.815625 0.865625 0.809375 0.867188 0.807813 0.867188 0.801562 0.865625 0.798438 0.862500 0.795312 0.850000 0.795312 0.845313 0.790625 0.845313 0.789062 0.842187 0.785937 0.839063 0.784375 0.835938 0.784375 0.831250 0.789062 0.831250 0.790625 0.825000 0.796875 0.814063 0.796875
0 0.842187 0.943750 0.831250 0.954688 0.829688 0.960938 0.829688 0.967187 0.831250 0.978125 0.829688 0.982812 0.828125 0.985938 0.835938 0.998437 0.885938 0.998437 0.887500 0.995313 0.887500 0.990625 0.889062 0.985938 0.890625 0.982812 0.896875 0.976562 0.896875 0.968750 0.895312 0.965625 0.892188 0.962500 0.882812 0.959375 0.876563 0.959375 0.875000 0.960938 0.868750 0.960938 0.864062 0.956250 0.862500 0.951562 0.853125 0.942187 0.845313 0.942187
0 0.665625 0.710938 0.660937 0.710938 0.654687 0.717187 0.651563 0.718750 0.648438 0.718750 0.645312 0.721875 0.642188 0.723437 0.635938 0.721875 0.632812 0.723437 0.625000 0.729688 0.618750 0.735938 0.614062 0.742188 0.610938 0.748437 0.610938 0.762500 0.617188 0.768750 0.631250 0.771875 0.634375 0.771875 0.654687 0.751563 0.662500 0.742188 0.665625 0.735938 0.668750 0.728125 0.668750 0.723437 0.665625 0.717187
0 0.621875 0.631250 0.618750 0.634375 0.617188 0.643750 0.617188 0.646875 0.620313 0.650000 0.621875 0.650000 0.625000 0.653125 0.618750 0.656250 0.614062 0.660937 0.614062 0.667188 0.615625 0.671875 0.618750 0.678125 0.621875 0.681250 0.628125 0.682813 0.637500 0.681250 0.640625 0.681250 0.643750 0.684375 0.643750 0.685937 0.645312 0.687500 0.651563 0.690625 0.660937 0.690625 0.664062 0.689063 0.667188 0.685937 0.668750 0.682813 0.668750 0.678125 0.673438 0.673438 0.678125 0.673438 0.682813 0.668750 0.684375 0.662500 0.684375 0.653125 0.682813 0.650000 0.678125 0.645312 0.676562 0.642188 0.676562 0.637500 0.675000 0.634375 0.668750 0.628125 0.664062 0.626563 0.648438 0.626563 0.643750 0.629687 0.634375 0.629687
0 0.751563 0.673438 0.735938 0.671875 0.729688 0.673438 0.726562 0.675000 0.723437 0.679688 0.720313 0.681250 0.712500 0.681250 0.707812 0.682813 0.703125 0.687500 0.701562 0.690625 0.703125 0.704688 0.698438 0.709375 0.698438 0.720313 0.703125 0.725000 0.706250 0.726562 0.712500 0.728125 0.720313 0.728125 0.726562 0.734375 0.729688 0.735938 0.739062 0.735938 0.742188 0.734375 0.753125 0.723437 0.757812 0.720313 0.759375 0.720313 0.760938 0.718750 0.765625 0.709375 0.764062 0.698438 0.760938 0.696875 0.757812 0.696875 0.754687 0.693750 0.754687 0.681250 0.753125 0.676562
0 0.779687 0.625000 0.767188 0.625000 0.757812 0.626563 0.754687 0.628125 0.753125 0.629687 0.751563 0.632812 0.751563 0.639062 0.750000 0.642188 0.745313 0.646875 0.745313 0.650000 0.742188 0.653125 0.729688 0.664062 0.728125 0.668750 0.731250 0.670312 0.748437 0.670312 0.754687 0.673438 0.757812 0.673438 0.771875 0.670312 0.775000 0.667188 0.776563 0.660937 0.776563 0.653125 0.779687 0.650000
0 0.846875 0.631250 0.843750 0.628125 0.837500 0.628125 0.834375 0.625000 0.832812 0.615625 0.829688 0.615625 0.821875 0.620313 0.817187 0.621875 0.809375 0.623437 0.798438 0.618750 0.792188 0.617188 0.785937 0.617188 0.784375 0.618750 0.781250 0.618750 0.779687 0.621875 0.779687 0.628125 0.781250 0.629687 0.779687 0.639062 0.779687 0.645312 0.781250 0.650000 0.785937 0.651563 0.790625 0.646875 0.795312 0.645312 0.818750 0.646875 0.825000 0.646875 0.828125 0.643750 0.832812 0.642188 0.837500 0.642188 0.843750 0.639062 0.845313 0.637500 0.846875 0.634375
0 0.781250 0.673438 0.782813 0.676562 0.785937 0.679688 0.789062 0.679688 0.803125 0.678125 0.817187 0.675000 0.843750 0.675000 0.846875 0.671875 0.848437 0.668750 0.848437 0.664062 0.842187 0.657813 0.840625 0.650000 0.837500 0.646875 0.831250 0.646875 0.821875 0.648438 0.795312 0.646875 0.790625 0.648438 0.787500 0.651563 0.787500 0.657813 0.782813 0.662500 0.781250 0.667188
0 0.839063 0.676562 0.810937 0.676562 0.798438 0.679688 0.785937 0.679688 0.782813 0.684375 0.782813 0.693750 0.775000 0.701562 0.775000 0.712500 0.779687 0.723437 0.782813 0.726562 0.793750 0.735938 0.798438 0.739062 0.807813 0.742188 0.814063 0.742188 0.818750 0.740625 0.826562 0.731250 0.829688 0.729688 0.835938 0.729688 0.842187 0.726562 0.848437 0.720313 0.848437 0.712500 0.846875 0.709375 0.842187 0.703125 0.842187 0.698438 0.845313 0.693750 0.845313 0.690625 0.843750 0.689063 0.843750 0.684375 0.842187 0.679688
1 0.846875 0.128125 0.837500 0.126562 0.834375 0.128125 0.828125 0.134375 0.828125 0.143750 0.829688 0.150000 0.832812 0.153125 0.835938 0.154688 0.839063 0.154688 0.843750 0.153125 0.850000 0.146875 0.851562 0.143750 0.851562 0.139063 0.850000 0.134375
1 0.856250 0.060937 0.853125 0.062500 0.850000 0.067187 0.848437 0.071875 0.848437 0.076563 0.851562 0.084375 0.854688 0.085938 0.859375 0.087500 0.864062 0.087500 0.867188 0.085938 0.868750 0.084375 0.870313 0.081250 0.870313 0.067187 0.865625 0.062500 0.860938 0.060937
1 0.543750 0.370312 0.542188 0.381250 0.543750 0.384375 0.545312 0.385937 0.548438 0.387500 0.553125 0.387500 0.557813 0.385937 0.560937 0.382812 0.562500 0.376563 0.559375 0.370312 0.556250 0.368750 0.546875 0.368750
0 0.864062 0.859375 0.860938 0.856250 0.857812 0.859375 0.853125 0.870313 0.848437 0.876563 0.846875 0.878125 0.840625 0.881250 0.835938 0.881250 0.829688 0.878125 0.826562 0.875000 0.823438 0.870313 0.823438 0.868750 0.815625 0.868750 0.814063 0.871875 0.814063 0.879687 0.818750 0.884375 0.825000 0.889062 0.828125 0.890625 0.832812 0.892188 0.842187 0.890625 0.854688 0.890625 0.859375 0.885938 0.860938 0.882812 0.860938 0.868750
0 0.876563 0.821875 0.871875 0.826562 0.870313 0.843750 0.870313 0.854688 0.871875 0.857812 0.873437 0.859375 0.876563 0.860938 0.885938 0.860938 0.895312 0.865625 0.900000 0.864062 0.900000 0.856250 0.892188 0.843750 0.892188 0.839063 0.895312 0.834375 0.895312 0.828125 0.893750 0.825000 0.889062 0.820312 0.879687 0.820312
0 0.703125 0.639062 0.698438 0.643750 0.696875 0.646875 0.695312 0.653125 0.695312 0.659375 0.698438 0.665625 0.700000 0.667188 0.703125 0.668750 0.709375 0.668750 0.712500 0.667188 0.717187 0.662500 0.717187 0.646875 0.715625 0.643750 0.712500 0.640625 0.709375 0.639062
0 0.882812 0.676562 0.882812 0.681250 0.889062 0.696875 0.890625 0.706250 0.887500 0.714063 0.887500 0.726562 0.889062 0.734375 0.892188 0.743750 0.893750 0.746875 0.895312 0.748437 0.898438 0.750000 0.903125 0.751563 0.907813 0.750000 0.910937 0.748437 0.910937 0.737500 0.920312 0.735938 0.920312 0.729688 0.917188 0.720313 0.912500 0.715625 0.909375 0.710938 0.909375 0.704688 0.907813 0.701562 0.903125 0.696875 0.898438 0.695312 0.895312 0.685937 0.893750 0.678125 0.889062 0.676562