0 0.376563 0.548438 0.376563 0.554688 0.384375 0.565625 0.390625 0.571875 0.390625 0.573438 0.395313 0.578125 0.398438 0.579688 0.403125 0.579688 0.406250 0.581250 0.410938 0.585938 0.420312 0.585938 0.423438 0.584375 0.425000 0.582812 0.426563 0.579688 0.426563 0.578125 0.428125 0.575000 0.429688 0.573438 0.432812 0.571875 0.437500 0.570312 0.440625 0.567187 0.442188 0.564063 0.443750 0.557813 0.443750 0.550000 0.439063 0.545312 0.428125 0.545312 0.425000 0.542188 0.418750 0.534375 0.415625 0.532813 0.412500 0.532813 0.407813 0.534375 0.404687 0.535937 0.401562 0.542188 0.400000 0.543750 0.396875 0.545312
0 0.398438 0.610938 0.395313 0.612500 0.389062 0.617188 0.385937 0.618750 0.382812 0.618750 0.379688 0.620313 0.376563 0.623437 0.375000 0.626563 0.375000 0.635938 0.378125 0.642188 0.382812 0.648438 0.382812 0.651563 0.384375 0.654687 0.382812 0.668750 0.385937 0.673438 0.390625 0.676562 0.398438 0.676562 0.400000 0.675000 0.406250 0.675000 0.410938 0.678125 0.417187 0.678125 0.420312 0.676562 0.423438 0.673438 0.423438 0.665625 0.425000 0.656250 0.431250 0.645312 0.431250 0.632812 0.429688 0.629687 0.417187 0.617188 0.410938 0.612500 0.407813 0.610938
0 0.353125 0.629687 0.346875 0.635938 0.343750 0.643750 0.343750 0.656250 0.345313 0.657813 0.345313 0.671875 0.346875 0.676562 0.350000 0.681250 0.353125 0.682813 0.357812 0.682813 0.360938 0.684375 0.365625 0.689063 0.370312 0.692187 0.373437 0.693750 0.376563 0.693750 0.379688 0.690625 0.381250 0.684375 0.381250 0.668750 0.382812 0.654687 0.382812 0.651563 0.379688 0.645312 0.375000 0.637500 0.371875 0.634375 0.371875 0.632812 0.370312 0.631250 0.364063 0.628125
0 0.309375 0.581250 0.306250 0.584375 0.306250 0.595313 0.304688 0.600000 0.301563 0.603125 0.300000 0.606250 0.300000 0.609375 0.301563 0.612500 0.310937 0.615625 0.314063 0.620313 0.309375 0.625000 0.309375 0.634375 0.312500 0.637500 0.317188 0.639062 0.323437 0.639062 0.328125 0.640625 0.337500 0.646875 0.342187 0.645312 0.342187 0.642188 0.345313 0.637500 0.345313 0.632812 0.343750 0.621875 0.342187 0.617188 0.335938 0.610938 0.337500 0.607812 0.340625 0.603125 0.340625 0.587500 0.337500 0.581250 0.332813 0.578125 0.325000 0.578125 0.320312 0.581250
0 0.196875 0.729688 0.190625 0.729688 0.179688 0.731250 0.175000 0.734375 0.167187 0.742188 0.167187 0.743750 0.164062 0.746875 0.162500 0.750000 0.162500 0.756250 0.164062 0.760938 0.168750 0.768750 0.170313 0.776563 0.173437 0.784375 0.175000 0.787500 0.185938 0.798438 0.195312 0.798438 0.201563 0.795312 0.210938 0.795312 0.215625 0.793750 0.218750 0.792188 0.226562 0.784375 0.228125 0.781250 0.229687 0.773438 0.235937 0.767188 0.237500 0.764062 0.237500 0.754687 0.231250 0.748437 0.226562 0.746875 0.223438 0.743750 0.223438 0.742188 0.218750 0.737500 0.215625 0.735938 0.204687 0.734375
0 0.270313 0.789062 0.264062 0.789062 0.253125 0.795312 0.245312 0.795312 0.242188 0.792188 0.237500 0.793750 0.232813 0.806250 0.232813 0.831250 0.234375 0.834375 0.239063 0.839063 0.240625 0.842187 0.240625 0.845313 0.245312 0.851562 0.246875 0.857812 0.251563 0.859375 0.254688 0.857812 0.259375 0.853125 0.265625 0.859375 0.270313 0.859375 0.271875 0.854688 0.273438 0.853125 0.279687 0.850000 0.279687 0.845313 0.282813 0.842187 0.285938 0.840625 0.289062 0.840625 0.292187 0.839063 0.296875 0.834375 0.298438 0.829688 0.298438 0.818750 0.296875 0.815625 0.293750 0.812500 0.287500 0.809375 0.282813 0.807813 0.281250 0.804688 0.281250 0.801562 0.278125 0.796875
0 0.187500 0.803125 0.184375 0.806250 0.182812 0.812500 0.184375 0.818750 0.185938 0.821875 0.189062 0.825000 0.190625 0.829688 0.192188 0.831250 0.193750 0.831250 0.196875 0.834375 0.210938 0.840625 0.220312 0.840625 0.226562 0.834375 0.229687 0.828125 0.229687 0.817187 0.226562 0.810937 0.221875 0.804688 0.215625 0.798438 0.212500 0.796875 0.203125 0.796875 0.193750 0.800000
0 0.190625 0.850000 0.192188 0.857812 0.192188 0.862500 0.190625 0.865625 0.182812 0.873437 0.182812 0.884375 0.189062 0.890625 0.195312 0.893750 0.200000 0.893750 0.203125 0.895312 0.206250 0.898438 0.210938 0.912500 0.214062 0.915625 0.218750 0.917188 0.228125 0.917188 0.232813 0.923438 0.237500 0.921875 0.243750 0.918750 0.246875 0.915625 0.246875 0.910937 0.243750 0.907813 0.240625 0.907813 0.237500 0.906250 0.237500 0.901563 0.242188 0.901563 0.245312 0.898438 0.246875 0.898438 0.248438 0.896875 0.250000 0.893750 0.250000 0.884375 0.245312 0.871875 0.239063 0.859375 0.234375 0.854688 0.231250 0.853125 0.218750 0.853125 0.210938 0.848437 0.195312 0.848437 0.193750 0.850000
0 0.232813 0.932813 0.231250 0.937500 0.232813 0.950000 0.237500 0.951562 0.245312 0.951562 0.251563 0.948438 0.256250 0.953125 0.257812 0.957812 0.260937 0.960938 0.264062 0.962500 0.273438 0.962500 0.276562 0.960938 0.278125 0.957812 0.278125 0.943750 0.281250 0.940625 0.282813 0.940625 0.284375 0.939063 0.285938 0.935937 0.285938 0.931250 0.284375 0.926562 0.282813 0.923438 0.276562 0.917188 0.271875 0.915625 0.264062 0.915625 0.250000 0.918750 0.246875 0.920312 0.235937 0.929688
0 0.140625 0.889062 0.139063 0.895312 0.139063 0.898438 0.143750 0.906250 0.145313 0.914062 0.151562 0.920312 0.157812 0.923438 0.164062 0.929688 0.167187 0.931250 0.170313 0.931250 0.173437 0.932813 0.178125 0.937500 0.185938 0.937500 0.192188 0.931250 0.195312 0.929688 0.200000 0.929688 0.203125 0.926562 0.203125 0.920312 0.201563 0.915625 0.196875 0.904687 0.193750 0.898438 0.181250 0.885938 0.176563 0.882812 0.171875 0.882812 0.168750 0.881250 0.160938 0.875000 0.154688 0.876563 0.154688 0.878125 0.153125 0.879687
0 0.106250 0.837500 0.104688 0.840625 0.104688 0.851562 0.110937 0.859375 0.120313 0.868750 0.120313 0.878125 0.121875 0.882812 0.129688 0.890625 0.132812 0.890625 0.135937 0.892188 0.143750 0.885938 0.157812 0.873437 0.157812 0.868750 0.156250 0.864062 0.153125 0.860938 0.142187 0.851562 0.129688 0.845313 0.121875 0.845313 0.117188 0.843750 0.114062 0.842187 0.110937 0.839063
0 0.115625 0.782813 0.104688 0.785937 0.100000 0.789062 0.095312 0.790625 0.095312 0.792188 0.093750 0.795312 0.096875 0.796875 0.098437 0.801562 0.098437 0.804688 0.100000 0.809375 0.104688 0.815625 0.106250 0.818750 0.106250 0.826562 0.107813 0.829688 0.112500 0.831250 0.117188 0.829688 0.123438 0.823438 0.123438 0.821875 0.128125 0.817187 0.129688 0.817187 0.132812 0.814063 0.132812 0.798438 0.131250 0.795312 0.128125 0.790625 0.123438 0.784375
0 0.101562 0.717187 0.098437 0.717187 0.096875 0.720313 0.096875 0.728125 0.092188 0.740625 0.089063 0.743750 0.084375 0.743750 0.081250 0.746875 0.081250 0.748437 0.076563 0.751563 0.070312 0.750000 0.067187 0.751563 0.064062 0.754687 0.062500 0.759375 0.062500 0.765625 0.065625 0.771875 0.070312 0.773438 0.075000 0.776563 0.079687 0.776563 0.087500 0.784375 0.090625 0.785937 0.095312 0.787500 0.098437 0.787500 0.109375 0.784375 0.114062 0.781250 0.121875 0.781250 0.125000 0.778125 0.126562 0.771875 0.126562 0.767188 0.125000 0.762500 0.123438 0.759375 0.120313 0.756250 0.110937 0.756250 0.110937 0.753125 0.114062 0.748437 0.114062 0.734375 0.110937 0.728125 0.106250 0.721875
0 0.062500 0.773438 0.059375 0.776563 0.060937 0.787500 0.060937 0.792188 0.059375 0.795312 0.056250 0.798438 0.056250 0.809375 0.067187 0.821875 0.070312 0.823438 0.084375 0.825000 0.093750 0.829688 0.098437 0.834375 0.101562 0.834375 0.104688 0.831250 0.104688 0.815625 0.098437 0.804688 0.092188 0.798438 0.090625 0.793750 0.085938 0.787500 0.079687 0.781250 0.071875 0.775000 0.068750 0.773438
0 0.071875 0.825000 0.068750 0.828125 0.062500 0.842187 0.060937 0.846875 0.060937 0.853125 0.062500 0.856250 0.071875 0.864062 0.078125 0.865625 0.081250 0.868750 0.081250 0.879687 0.082812 0.882812 0.096875 0.882812 0.100000 0.884375 0.109375 0.882812 0.115625 0.879687 0.115625 0.875000 0.117188 0.873437 0.117188 0.870313 0.115625 0.867188 0.110937 0.862500 0.110937 0.860938 0.107813 0.857812 0.106250 0.857812 0.104688 0.856250 0.103125 0.853125 0.103125 0.837500 0.101562 0.834375 0.095312 0.828125 0.090625 0.825000 0.085938 0.823438 0.079687 0.823438
1 0.318750 0.851562 0.317188 0.856250 0.317188 0.865625 0.320312 0.871875 0.323437 0.875000 0.329688 0.878125 0.334375 0.879687 0.337500 0.879687 0.343750 0.876563 0.343750 0.864062 0.340625 0.857812 0.334375 0.851562 0.331250 0.850000
1 0.665625 0.734375 0.660937 0.735938 0.657813 0.739062 0.656250 0.754687 0.657813 0.759375 0.664062 0.760938 0.668750 0.760938 0.675000 0.759375 0.678125 0.756250 0.679688 0.753125 0.679688 0.746875 0.676562 0.740625 0.671875 0.735938
1 0.584375 0.721875 0.581250 0.728125 0.581250 0.731250 0.584375 0.737500 0.587500 0.739062 0.592187 0.739062 0.593750 0.740625 0.596875 0.740625 0.600000 0.739062 0.601562 0.735938 0.601562 0.728125 0.600000 0.725000 0.595313 0.720313 0.587500 0.720313
1 0.617188 0.762500 0.614062 0.764062 0.612500 0.767188 0.612500 0.776563 0.615625 0.779687 0.623437 0.779687 0.625000 0.776563 0.626563 0.771875 0.625000 0.765625 0.621875 0.762500
1 0.589063 0.753125 0.585938 0.757812 0.585938 0.764062 0.589063 0.767188 0.598437 0.765625 0.598437 0.757812 0.593750 0.753125
0 0.528125 0.740625 0.525000 0.743750 0.525000 0.748437 0.528125 0.753125 0.528125 0.756250 0.525000 0.757812 0.520312 0.764062 0.520312 0.773438 0.523438 0.778125 0.526563 0.784375 0.529687 0.787500 0.529687 0.789062 0.531250 0.790625 0.532813 0.790625 0.535937 0.792188 0.542188 0.789062 0.553125 0.779687 0.554688 0.779687 0.557813 0.776563 0.557813 0.768750 0.554688 0.764062 0.553125 0.759375 0.551562 0.750000 0.545312 0.750000 0.534375 0.740625
1 0.582812 0.781250 0.573438 0.781250 0.570312 0.782813 0.567187 0.785937 0.564063 0.792188 0.564063 0.803125 0.568750 0.807813 0.571875 0.809375 0.576562 0.809375 0.581250 0.806250 0.589063 0.798438 0.590625 0.795312 0.590625 0.792188 0.589063 0.787500
0 0.446875 0.000000 0.448437 0.004687 0.456250 0.012500 0.456250 0.023438 0.457813 0.026562 0.462500 0.031250 0.467187 0.031250 0.468750 0.032813 0.471875 0.032813 0.490625 0.029687 0.490625 0.021875 0.487500 0.014063 0.487500 0.000000