0 0.028125 0.282813 0.029687 0.287500 0.035937 0.287500 0.042188 0.292187 0.046875 0.293750 0.051562 0.293750 0.056250 0.296875 0.079687 0.296875 0.079687 0.282813 0.070312 0.273438 0.065625 0.270313 0.062500 0.268750 0.057813 0.268750 0.056250 0.267188 0.053125 0.267188 0.045312 0.268750 0.035937 0.273438 0.031250 0.278125
0 0.179688 0.140625 0.176563 0.143750 0.175000 0.148438 0.171875 0.164062 0.171875 0.176563 0.173437 0.179688 0.184375 0.190625 0.187500 0.192188 0.200000 0.193750 0.203125 0.193750 0.206250 0.192188 0.207813 0.185938 0.195312 0.173437 0.192188 0.168750 0.190625 0.159375 0.190625 0.148438 0.189062 0.145313 0.184375 0.140625
0 0.410938 0.109375 0.409375 0.110937 0.406250 0.117188 0.404687 0.121875 0.404687 0.154688 0.406250 0.159375 0.409375 0.162500 0.418750 0.167187 0.423438 0.167187 0.428125 0.168750 0.435937 0.175000 0.439063 0.176563 0.448437 0.176563 0.454688 0.173437 0.459375 0.168750 0.457813 0.160938 0.456250 0.160938 0.453125 0.157812 0.460938 0.150000 0.462500 0.145313 0.464062 0.131250 0.462500 0.128125 0.460938 0.126562 0.457813 0.125000 0.453125 0.123438 0.448437 0.123438 0.445312 0.121875 0.442188 0.118750 0.442188 0.114062 0.440625 0.110937 0.437500 0.106250 0.434375 0.103125 0.426563 0.103125 0.414062 0.107813
0 0.473438 0.115625 0.471875 0.117188 0.471875 0.118750 0.468750 0.121875 0.465625 0.131250 0.465625 0.156250 0.468750 0.162500 0.473438 0.170313 0.476562 0.171875 0.490625 0.171875 0.504687 0.167187 0.507812 0.165625 0.510938 0.162500 0.514062 0.154688 0.514062 0.145313 0.512500 0.142187 0.510938 0.140625 0.509375 0.140625 0.506250 0.137500 0.501563 0.135937 0.492188 0.134375 0.489063 0.132812 0.485938 0.129688 0.485938 0.118750 0.481250 0.114062 0.476562 0.114062
0 0.293750 0.190625 0.290625 0.193750 0.290625 0.201563 0.295312 0.212500 0.292187 0.225000 0.293750 0.232813 0.296875 0.235937 0.300000 0.237500 0.321875 0.237500 0.328125 0.240625 0.337500 0.240625 0.340625 0.239063 0.346875 0.232813 0.350000 0.228125 0.351562 0.223438 0.356250 0.218750 0.359375 0.212500 0.359375 0.207813 0.357812 0.204687 0.348438 0.189062 0.345313 0.185938 0.337500 0.181250 0.326562 0.178125 0.321875 0.178125 0.320312 0.179688 0.317188 0.179688 0.310937 0.187500 0.301563 0.187500 0.296875 0.189062
0 0.398438 0.200000 0.393750 0.198437 0.387500 0.198437 0.381250 0.200000 0.376563 0.203125 0.368750 0.210938 0.362500 0.210938 0.357812 0.215625 0.354687 0.220312 0.353125 0.223438 0.353125 0.228125 0.356250 0.232813 0.356250 0.245312 0.357812 0.250000 0.362500 0.254688 0.365625 0.256250 0.382812 0.257812 0.395313 0.257812 0.401562 0.254688 0.404687 0.251563 0.404687 0.250000 0.407813 0.246875 0.409375 0.246875 0.412500 0.243750 0.414062 0.237500 0.414062 0.225000 0.412500 0.221875 0.406250 0.215625 0.404687 0.212500 0.404687 0.209375 0.401562 0.203125
0 0.473438 0.281250 0.471875 0.278125 0.462500 0.268750 0.456250 0.265625 0.448437 0.264062 0.442188 0.264062 0.432812 0.267188 0.423438 0.265625 0.417187 0.268750 0.414062 0.271875 0.412500 0.275000 0.412500 0.282813 0.409375 0.285938 0.409375 0.290625 0.403125 0.298438 0.401562 0.303125 0.401562 0.309375 0.403125 0.312500 0.414062 0.314063 0.418750 0.310937 0.426563 0.317188 0.431250 0.318750 0.437500 0.318750 0.440625 0.317188 0.442188 0.315625 0.443750 0.310937 0.446875 0.307812 0.448437 0.304688 0.450000 0.300000 0.450000 0.293750 0.454688 0.289062 0.462500 0.289062 0.468750 0.287500 0.471875 0.285938
1 0.335938 0.253125 0.329688 0.256250 0.326562 0.262500 0.326562 0.270313 0.329688 0.276562 0.332813 0.279687 0.335938 0.281250 0.345313 0.281250 0.348438 0.279687 0.353125 0.273438 0.354687 0.270313 0.354687 0.260937 0.353125 0.257812 0.348438 0.254688 0.343750 0.253125
1 0.432812 0.232813 0.434375 0.239063 0.442188 0.246875 0.456250 0.246875 0.464062 0.240625 0.465625 0.240625 0.467187 0.239063 0.468750 0.235937 0.465625 0.232813 0.465625 0.231250 0.460938 0.226562 0.451562 0.223438 0.446875 0.223438 0.440625 0.225000 0.434375 0.228125 0.434375 0.229687
0 0.371875 0.464062 0.367188 0.465625 0.360938 0.468750 0.359375 0.475000 0.357812 0.479687 0.354687 0.484375 0.351562 0.493750 0.351562 0.501563 0.353125 0.507812 0.354687 0.512500 0.357812 0.517188 0.357812 0.521875 0.359375 0.525000 0.362500 0.529687 0.365625 0.532813 0.368750 0.534375 0.376563 0.534375 0.382812 0.532813 0.385937 0.529687 0.387500 0.526563 0.389062 0.521875 0.387500 0.512500 0.387500 0.509375 0.390625 0.504687 0.396875 0.496875 0.398438 0.493750 0.398438 0.487500 0.395313 0.481250 0.390625 0.476562 0.382812 0.475000 0.378125 0.470313 0.378125 0.467187 0.375000 0.464062
0 0.307812 0.437500 0.301563 0.443750 0.296875 0.450000 0.295312 0.454688 0.298438 0.465625 0.298438 0.485938 0.300000 0.492188 0.301563 0.496875 0.304688 0.501563 0.310937 0.506250 0.314063 0.507812 0.318750 0.507812 0.321875 0.504687 0.323437 0.500000 0.326562 0.496875 0.340625 0.496875 0.348438 0.493750 0.350000 0.490625 0.351562 0.484375 0.351562 0.478125 0.350000 0.475000 0.343750 0.468750 0.343750 0.464062 0.346875 0.456250 0.346875 0.451562 0.343750 0.448437 0.339062 0.445312 0.334375 0.443750 0.325000 0.443750 0.318750 0.437500
0 0.289062 0.498437 0.284375 0.498437 0.279687 0.500000 0.273438 0.503125 0.264062 0.512500 0.257812 0.515625 0.253125 0.520312 0.251563 0.523438 0.251563 0.534375 0.253125 0.539062 0.260937 0.546875 0.262500 0.550000 0.264062 0.557813 0.267188 0.560937 0.267188 0.562500 0.268750 0.564063 0.275000 0.567187 0.279687 0.568750 0.285938 0.568750 0.290625 0.564063 0.293750 0.562500 0.303125 0.564063 0.306250 0.564063 0.310937 0.562500 0.317188 0.556250 0.320312 0.551562 0.321875 0.546875 0.321875 0.525000 0.320312 0.523438 0.320312 0.518750 0.318750 0.515625 0.312500 0.509375 0.309375 0.507812 0.303125 0.506250 0.296875 0.501563 0.293750 0.500000
0 0.356250 0.564063 0.353125 0.560937 0.348438 0.559375 0.334375 0.559375 0.329688 0.562500 0.325000 0.562500 0.317188 0.567187 0.310937 0.567187 0.309375 0.573438 0.307812 0.576562 0.300000 0.584375 0.298438 0.587500 0.298438 0.598437 0.301563 0.604688 0.303125 0.604688 0.306250 0.607812 0.312500 0.610938 0.323437 0.610938 0.328125 0.609375 0.331250 0.607812 0.335938 0.603125 0.337500 0.600000 0.337500 0.590625 0.342187 0.585938 0.346875 0.585938 0.354687 0.582812 0.357812 0.579688 0.357812 0.568750
0 0.225000 0.453125 0.218750 0.453125 0.209375 0.457813 0.201563 0.454688 0.193750 0.454688 0.190625 0.456250 0.185938 0.460938 0.184375 0.465625 0.184375 0.468750 0.187500 0.476562 0.178125 0.485938 0.176563 0.490625 0.176563 0.500000 0.178125 0.504687 0.181250 0.507812 0.187500 0.510938 0.196875 0.512500 0.207813 0.523438 0.210938 0.525000 0.217188 0.525000 0.221875 0.523438 0.228125 0.520312 0.239063 0.510938 0.245312 0.501563 0.246875 0.498437 0.246875 0.482812 0.245312 0.478125 0.242188 0.475000 0.240625 0.471875 0.240625 0.465625 0.239063 0.462500 0.234375 0.457813
0 0.150000 0.532813 0.139063 0.532813 0.134375 0.534375 0.131250 0.535937 0.125000 0.542188 0.121875 0.548438 0.121875 0.564063 0.123438 0.568750 0.128125 0.578125 0.131250 0.581250 0.134375 0.582812 0.142187 0.582812 0.150000 0.581250 0.153125 0.579688 0.159375 0.573438 0.160938 0.570312 0.162500 0.562500 0.165625 0.559375 0.165625 0.553125 0.164062 0.548438 0.162500 0.545312
0 0.039062 0.493750 0.039062 0.504687 0.040625 0.509375 0.048438 0.515625 0.051562 0.518750 0.051562 0.520312 0.054688 0.523438 0.059375 0.526563 0.065625 0.529687 0.078125 0.529687 0.082812 0.525000 0.085938 0.523438 0.090625 0.523438 0.100000 0.518750 0.104688 0.515625 0.107813 0.512500 0.107813 0.500000 0.106250 0.498437 0.107813 0.484375 0.107813 0.481250 0.106250 0.478125 0.101562 0.476562 0.093750 0.471875 0.078125 0.471875 0.075000 0.468750 0.071875 0.467187 0.057813 0.467187 0.053125 0.468750 0.050000 0.471875 0.048438 0.475000 0.048438 0.479687 0.046875 0.484375 0.042188 0.487500
0 0.032813 0.548438 0.028125 0.553125 0.026562 0.557813 0.021875 0.562500 0.018750 0.568750 0.018750 0.579688 0.020313 0.582812 0.026562 0.589063 0.032813 0.590625 0.039062 0.590625 0.043750 0.592187 0.051562 0.598437 0.054688 0.600000 0.060937 0.601562 0.068750 0.601562 0.071875 0.598437 0.073438 0.595313 0.075000 0.590625 0.078125 0.589063 0.081250 0.589063 0.084375 0.587500 0.089063 0.582812 0.089063 0.578125 0.090625 0.576562 0.090625 0.573438 0.089063 0.571875 0.089063 0.567187 0.087500 0.564063 0.082812 0.559375 0.079687 0.554688 0.078125 0.548438 0.076563 0.545312 0.075000 0.543750 0.071875 0.542188 0.067187 0.540625 0.053125 0.540625 0.046875 0.542188 0.042188 0.543750
0 0.000000 0.517188 0.000000 0.557813 0.007812 0.557813 0.010937 0.556250 0.018750 0.548438 0.021875 0.543750 0.025000 0.537500 0.025000 0.531250 0.020313 0.523438 0.017188 0.520312 0.014063 0.518750 0.006250 0.517188
0 0.001563 0.648438 0.004687 0.650000 0.012500 0.651563 0.026562 0.653125 0.028125 0.654687 0.032813 0.654687 0.042188 0.651563 0.045312 0.650000 0.046875 0.648438 0.048438 0.645312 0.048438 0.640625 0.051562 0.637500 0.059375 0.634375 0.064062 0.629687 0.070312 0.628125 0.073438 0.625000 0.073438 0.623437 0.078125 0.618750 0.078125 0.615625 0.076563 0.612500 0.070312 0.606250 0.064062 0.603125 0.054688 0.601562 0.051562 0.600000 0.043750 0.593750 0.026562 0.590625 0.007812 0.590625 0.004687 0.592187 0.000000 0.596875
0 0.000000 0.653125 0.000000 0.709375 0.004687 0.712500 0.007812 0.714063 0.020313 0.715625 0.028125 0.715625 0.031250 0.714063 0.035937 0.709375 0.037500 0.706250 0.035937 0.701562 0.032813 0.700000 0.029687 0.700000 0.025000 0.696875 0.020313 0.692187 0.017188 0.692187 0.014063 0.689063 0.014063 0.668750 0.009375 0.660937 0.003125 0.654687
0 0.026562 0.670312 0.025000 0.678125 0.021875 0.689063 0.025000 0.692187 0.028125 0.693750 0.034375 0.693750 0.040625 0.696875 0.045312 0.698438 0.051562 0.704688 0.064062 0.710938 0.071875 0.710938 0.076563 0.709375 0.084375 0.701562 0.084375 0.695312 0.082812 0.690625 0.079687 0.682813 0.076563 0.676562 0.073438 0.673438 0.067187 0.670312 0.060937 0.668750 0.051562 0.667188 0.035937 0.667188 0.029687 0.668750
0 0.096812 0.659781 0.092453 0.665844 0.087297 0.669703 0.084156 0.672438 0.081219 0.676578 0.083141 0.680438 0.087500 0.686203 0.090531 0.691172 0.096812 0.693297 0.105125 0.691172 0.110891 0.689656 0.115953 0.687312 0.119500 0.681047 0.121125 0.674250 0.121922 0.670406 0.122234 0.668281 0.121531 0.664937 0.121531 0.665250
0 0.120609 0.671625 0.096203 0.652375 0.096719 0.648531 0.101266 0.636984 0.104719 0.632125 0.109781 0.628578 0.114641 0.625844 0.127500 0.623719 0.139453 0.624734 0.146734 0.627875 0.149672 0.632641 0.146328 0.638406 0.139141 0.640234 0.140859 0.645094 0.143797 0.649844 0.146734 0.657047 0.146125 0.664234 0.139047 0.669500 0.132359 0.668578 0.123750 0.666656
0 0.750000 0.328125 0.748437 0.329688 0.748437 0.331250 0.746875 0.334375 0.748437 0.343750 0.743750 0.348438 0.743750 0.353125 0.750000 0.359375 0.753125 0.359375 0.756250 0.360938 0.759375 0.364063 0.760938 0.373437 0.779687 0.373437 0.782813 0.371875 0.789062 0.365625 0.792188 0.359375 0.798438 0.353125 0.798438 0.346875 0.790625 0.340625 0.790625 0.332813 0.787500 0.329688 0.782813 0.328125 0.776563 0.326562 0.762500 0.325000 0.754687 0.325000 0.751563 0.328125
0 0.837500 0.317188 0.835938 0.331250 0.831250 0.339062 0.829688 0.343750 0.829688 0.348438 0.826562 0.354687 0.826562 0.357812 0.829688 0.360938 0.837500 0.362500 0.840625 0.365625 0.840625 0.368750 0.842187 0.371875 0.850000 0.375000 0.857812 0.376563 0.860938 0.376563 0.871875 0.373437 0.875000 0.371875 0.876563 0.370312 0.878125 0.367188 0.876563 0.359375 0.885938 0.350000 0.885938 0.342187 0.889062 0.339062 0.887500 0.334375 0.884375 0.332813 0.881250 0.332813 0.878125 0.331250 0.873437 0.326562 0.873437 0.325000 0.868750 0.320312 0.865625 0.318750 0.862500 0.318750 0.857812 0.320312 0.854688 0.321875 0.851562 0.320312 0.848437 0.317188 0.843750 0.315625 0.840625 0.315625
0 0.890625 0.351562 0.887500 0.354687 0.881250 0.364063 0.879687 0.370312 0.878125 0.378125 0.878125 0.385937 0.881250 0.395313 0.885938 0.392188 0.890625 0.392188 0.896875 0.395313 0.907813 0.395313 0.910937 0.393750 0.917188 0.387500 0.920312 0.382812 0.923438 0.376563 0.925000 0.370312 0.925000 0.359375 0.918750 0.353125 0.914062 0.351562 0.896875 0.350000 0.893750 0.351562
0 0.790625 0.404687 0.796875 0.404687 0.803125 0.401562 0.821875 0.401562 0.828125 0.404687 0.832812 0.404687 0.843750 0.400000 0.843750 0.395313 0.834375 0.385937 0.829688 0.382812 0.826562 0.381250 0.814063 0.381250 0.807813 0.382812 0.801562 0.385937 0.796875 0.390625 0.795312 0.393750 0.795312 0.396875 0.790625 0.401562
0 0.867188 0.254688 0.865625 0.264062 0.862500 0.267188 0.856250 0.268750 0.856250 0.273438 0.862500 0.276562 0.864062 0.278125 0.868750 0.285938 0.868750 0.295312 0.871875 0.298438 0.879687 0.300000 0.895312 0.301563 0.903125 0.301563 0.906250 0.300000 0.909375 0.296875 0.907813 0.287500 0.907813 0.284375 0.909375 0.281250 0.914062 0.275000 0.915625 0.271875 0.914062 0.264062 0.910937 0.262500 0.904687 0.262500 0.901563 0.260937 0.898438 0.257812 0.896875 0.253125 0.893750 0.250000 0.890625 0.248438 0.884375 0.250000 0.882812 0.253125 0.870313 0.253125
0 0.842187 0.206250 0.835938 0.206250 0.832812 0.207813 0.831250 0.209375 0.831250 0.210938 0.825000 0.220312 0.820312 0.225000 0.817187 0.229687 0.812500 0.239063 0.812500 0.243750 0.815625 0.246875 0.817187 0.246875 0.821875 0.251563 0.823438 0.256250 0.825000 0.257812 0.826562 0.257812 0.829688 0.259375 0.832812 0.257812 0.835938 0.254688 0.848437 0.254688 0.854688 0.251563 0.856250 0.248438 0.856250 0.240625 0.854688 0.217188 0.850000 0.210938 0.848437 0.209375
0 0.801562 0.157812 0.798438 0.159375 0.790625 0.167187 0.781250 0.168750 0.778125 0.170313 0.776563 0.171875 0.775000 0.175000 0.775000 0.189062 0.779687 0.193750 0.784375 0.195312 0.787500 0.198437 0.787500 0.207813 0.789062 0.210938 0.796875 0.218750 0.800000 0.220312 0.807813 0.220312 0.810937 0.218750 0.820312 0.210938 0.821875 0.203125 0.826562 0.201563 0.829688 0.198437 0.832812 0.192188 0.832812 0.182812 0.829688 0.178125 0.829688 0.173437 0.825000 0.171875 0.818750 0.165625 0.818750 0.164062 0.812500 0.157812
0 0.865531 0.200891 0.861328 0.204562 0.850297 0.207187 0.838219 0.204219 0.833328 0.207547 0.828781 0.211391 0.824047 0.212438 0.820203 0.209813 0.818281 0.206312 0.820719 0.200547 0.826500 0.195813 0.832281 0.192844 0.837172 0.190047 0.838922 0.185141 0.836828 0.181812 0.834203 0.178141 0.832797 0.174469 0.834375 0.171844 0.838047 0.172547 0.845922 0.177437 0.852750 0.181812 0.855375 0.186016 0.853094 0.189875 0.860453 0.190750 0.864469 0.194250 0.865344 0.196875
0 0.910937 0.179688 0.909375 0.193750 0.907813 0.196875 0.904687 0.200000 0.903125 0.204687 0.903125 0.209375 0.901563 0.210938 0.901563 0.214062 0.904687 0.220312 0.906250 0.226562 0.912500 0.231250 0.915625 0.232813 0.929688 0.232813 0.932813 0.229687 0.942187 0.231250 0.950000 0.225000 0.953125 0.221875 0.953125 0.210938 0.950000 0.200000 0.943750 0.195312 0.939063 0.192188 0.925000 0.184375 0.917188 0.181250
0 0.953125 0.201563 0.953125 0.218750 0.950000 0.221875 0.950000 0.223438 0.948438 0.225000 0.943750 0.228125 0.942187 0.228125 0.940625 0.235937 0.942187 0.237500 0.942187 0.242188 0.945312 0.243750 0.950000 0.243750 0.951562 0.242188 0.956250 0.242188 0.962500 0.245312 0.967187 0.248438 0.970313 0.246875 0.979688 0.237500 0.981250 0.234375 0.981250 0.228125 0.982812 0.225000 0.987500 0.220312 0.984375 0.217188 0.982812 0.217188 0.979688 0.214062 0.979688 0.212500 0.978125 0.210938 0.975000 0.209375 0.970313 0.209375 0.967187 0.207813 0.962500 0.203125 0.959375 0.201563
0 0.935344 0.274219 0.931141 0.278766 0.926422 0.285422 0.925891 0.288219 0.933594 0.291719 0.939016 0.290484 0.942172 0.291188 0.950219 0.292937 0.964922 0.291891 0.974375 0.292766 0.978922 0.289969 0.983297 0.285766 0.987328 0.279469 0.992047 0.268969 0.996063 0.260922 0.997812 0.255844 0.995719 0.252172 0.989422 0.253922 0.980844 0.260047 0.975953 0.263547 0.973328 0.265641 0.969125 0.268094 0.965797 0.268609 0.961594 0.270187
0 0.925000 0.121875 0.925000 0.123438 0.921875 0.126562 0.918750 0.132812 0.917188 0.139063 0.917188 0.145313 0.921875 0.150000 0.923438 0.154688 0.931250 0.162500 0.932813 0.168750 0.935937 0.171875 0.940625 0.173437 0.948438 0.175000 0.965625 0.173437 0.973437 0.170313 0.975000 0.167187 0.975000 0.157812 0.978125 0.151562 0.978125 0.135937 0.976562 0.132812 0.973437 0.129688 0.970313 0.128125 0.960938 0.126562 0.957812 0.123438 0.957812 0.121875 0.954688 0.118750 0.951562 0.117188 0.945312 0.117188 0.942187 0.120313
0 0.884375 0.101562 0.884375 0.107813 0.885938 0.110937 0.889062 0.115625 0.898438 0.126562 0.898438 0.129688 0.901563 0.132812 0.904687 0.134375 0.909375 0.135937 0.915625 0.135937 0.918750 0.132812 0.925000 0.123438 0.925000 0.121875 0.931250 0.118750 0.940625 0.117188 0.940625 0.110937 0.939063 0.107813 0.932813 0.104688 0.918750 0.104688 0.906250 0.103125 0.892188 0.098437 0.887500 0.098437
0 0.878125 0.117188 0.871875 0.117188 0.868750 0.118750 0.862500 0.123438 0.853125 0.123438 0.848437 0.125000 0.845313 0.126562 0.843750 0.131250 0.850000 0.137500 0.853125 0.142187 0.857812 0.148438 0.857812 0.160938 0.862500 0.165625 0.865625 0.167187 0.870313 0.167187 0.873437 0.164062 0.884375 0.164062 0.890625 0.157812 0.892188 0.154688 0.895312 0.142187 0.895312 0.135937 0.893750 0.132812 0.889062 0.126562 0.881250 0.118750
0 0.814063 0.118750 0.810937 0.121875 0.810937 0.145313 0.812500 0.150000 0.815625 0.156250 0.821875 0.162500 0.829688 0.167187 0.832812 0.168750 0.842187 0.168750 0.845313 0.171875 0.848437 0.173437 0.857812 0.173437 0.860938 0.171875 0.864062 0.167187 0.859375 0.162500 0.859375 0.150000 0.854688 0.143750 0.848437 0.137500 0.839063 0.135937 0.834375 0.131250 0.834375 0.128125 0.831250 0.123438 0.826562 0.118750 0.823438 0.117188 0.817187 0.117188
0 0.059375 0.206250 0.057813 0.209375 0.057813 0.214062 0.062500 0.218750 0.067187 0.221875 0.071875 0.221875 0.079687 0.226562 0.089063 0.226562 0.089063 0.223438 0.079687 0.214062 0.076563 0.209375 0.076563 0.207813 0.075000 0.206250 0.073438 0.206250 0.070312 0.203125 0.067187 0.201563 0.062500 0.203125
0 0.000000 0.217188 0.000000 0.257812 0.003125 0.259375 0.009375 0.259375 0.015625 0.256250 0.018750 0.251563 0.018750 0.245312 0.017188 0.237500 0.014063 0.229687 0.012500 0.226562 0.003125 0.217188
0 0.995313 0.081250 0.992188 0.082812 0.990625 0.084375 0.984375 0.096875 0.978125 0.110937 0.976562 0.115625 0.978125 0.121875 0.982812 0.123438 0.989062 0.123438 0.998437 0.129688 0.998437 0.081250