0 0.612500 0.232813 0.606250 0.235937 0.598437 0.243750 0.596875 0.248438 0.596875 0.254688 0.600000 0.260937 0.600000 0.267188 0.603125 0.273438 0.604688 0.275000 0.614062 0.279687 0.629687 0.279687 0.635938 0.276562 0.646875 0.270313 0.650000 0.267188 0.651563 0.264062 0.651563 0.259375 0.650000 0.250000 0.648438 0.245312 0.645312 0.242188 0.640625 0.239063 0.632812 0.234375 0.629687 0.232813 0.623437 0.231250 0.618750 0.231250
0 0.535937 0.176563 0.532813 0.179688 0.529687 0.185938 0.528125 0.192188 0.528125 0.196875 0.531250 0.203125 0.534375 0.215625 0.534375 0.226562 0.539062 0.234375 0.543750 0.237500 0.548438 0.239063 0.564063 0.239063 0.570312 0.240625 0.575000 0.243750 0.581250 0.245312 0.587500 0.245312 0.592187 0.243750 0.595313 0.240625 0.596875 0.240625 0.598437 0.239063 0.598437 0.237500 0.601562 0.234375 0.603125 0.231250 0.604688 0.223438 0.607812 0.220312 0.615625 0.217188 0.621875 0.210938 0.623437 0.207813 0.623437 0.203125 0.625000 0.201563 0.625000 0.198437 0.623437 0.196875 0.623437 0.192188 0.620313 0.187500 0.617188 0.184375 0.607812 0.178125 0.606250 0.178125 0.604688 0.176563 0.603125 0.171875 0.598437 0.170313 0.595313 0.171875 0.565625 0.170313 0.556250 0.173437 0.551562 0.171875 0.542188 0.173437
0 0.589063 0.084375 0.585938 0.085938 0.581250 0.090625 0.581250 0.092188 0.578125 0.095312 0.564063 0.095312 0.559375 0.098437 0.556250 0.104688 0.554688 0.109375 0.554688 0.121875 0.556250 0.125000 0.560937 0.129688 0.560937 0.150000 0.564063 0.157812 0.567187 0.160938 0.567187 0.162500 0.573438 0.165625 0.578125 0.167187 0.587500 0.165625 0.590625 0.165625 0.603125 0.168750 0.609375 0.167187 0.621875 0.160938 0.626563 0.156250 0.631250 0.156250 0.637500 0.143750 0.639062 0.132812 0.642188 0.128125 0.642188 0.117188 0.640625 0.114062 0.637500 0.110937 0.637500 0.109375 0.635938 0.107813 0.634375 0.107813 0.631250 0.104688 0.623437 0.103125 0.620313 0.101562 0.612500 0.092188 0.609375 0.089063 0.606250 0.087500 0.595313 0.084375
0 0.656250 0.106250 0.650000 0.109375 0.648438 0.110937 0.646875 0.114062 0.646875 0.121875 0.639062 0.143750 0.634375 0.151562 0.632812 0.157812 0.634375 0.170313 0.635938 0.175000 0.640625 0.179688 0.646875 0.182812 0.656250 0.185938 0.692187 0.185938 0.695312 0.182812 0.696875 0.182812 0.698438 0.181250 0.698438 0.179688 0.701562 0.176563 0.703125 0.167187 0.707812 0.162500 0.709375 0.159375 0.710938 0.153125 0.712500 0.150000 0.718750 0.142187 0.718750 0.132812 0.717187 0.128125 0.715625 0.125000 0.712500 0.121875 0.707812 0.118750 0.704688 0.117188 0.700000 0.117188 0.695312 0.115625 0.692187 0.114062 0.687500 0.109375 0.687500 0.107813 0.682813 0.103125 0.670312 0.103125 0.660937 0.104688
0 0.731250 0.142187 0.726562 0.142187 0.720313 0.143750 0.710938 0.153125 0.709375 0.156250 0.706250 0.167187 0.701562 0.178125 0.698438 0.181250 0.696875 0.185938 0.698438 0.209375 0.704688 0.212500 0.715625 0.212500 0.725000 0.209375 0.731250 0.204687 0.739062 0.196875 0.751563 0.195312 0.757812 0.192188 0.760938 0.189062 0.762500 0.182812 0.762500 0.176563 0.756250 0.167187 0.757812 0.162500 0.756250 0.159375 0.748437 0.153125 0.743750 0.150000 0.739062 0.148438 0.734375 0.143750
1 0.660937 0.187500 0.657813 0.190625 0.657813 0.206250 0.664062 0.212500 0.667188 0.214062 0.673438 0.215625 0.685937 0.215625 0.689063 0.214062 0.693750 0.209375 0.693750 0.192188 0.689063 0.187500 0.685937 0.185938 0.681250 0.184375 0.673438 0.184375 0.664062 0.185938
1 0.520312 0.437500 0.518750 0.439063 0.517188 0.442188 0.515625 0.448437 0.515625 0.454688 0.517188 0.457813 0.518750 0.459375 0.521875 0.460938 0.528125 0.462500 0.532813 0.462500 0.537500 0.460938 0.540625 0.459375 0.542188 0.457813 0.543750 0.454688 0.543750 0.443750 0.542188 0.440625 0.539062 0.437500 0.535937 0.435937 0.523438 0.435937
1 0.592187 0.448437 0.589063 0.450000 0.585938 0.454688 0.585938 0.460938 0.587500 0.464062 0.590625 0.468750 0.593750 0.471875 0.596875 0.473438 0.601562 0.473438 0.604688 0.471875 0.609375 0.467187 0.612500 0.460938 0.612500 0.457813 0.609375 0.453125 0.606250 0.450000 0.603125 0.448437
0 0.575000 0.378125 0.565625 0.384375 0.560937 0.389062 0.559375 0.392188 0.559375 0.398438 0.560937 0.404687 0.565625 0.410938 0.567187 0.412500 0.568750 0.412500 0.571875 0.415625 0.590625 0.415625 0.593750 0.414062 0.600000 0.407813 0.601562 0.403125 0.601562 0.393750 0.600000 0.389062 0.596875 0.385937 0.595313 0.385937 0.590625 0.381250 0.587500 0.379688 0.581250 0.378125
0 0.634375 0.426563 0.625000 0.435937 0.625000 0.443750 0.628125 0.450000 0.635938 0.457813 0.639062 0.459375 0.653125 0.459375 0.656250 0.456250 0.659375 0.448437 0.659375 0.440625 0.654687 0.431250 0.651563 0.428125 0.648438 0.426563 0.642188 0.425000 0.637500 0.425000
0 0.634375 0.459375 0.631250 0.462500 0.629687 0.465625 0.629687 0.468750 0.628125 0.471875 0.621875 0.478125 0.620313 0.481250 0.620313 0.500000 0.621875 0.506250 0.625000 0.509375 0.629687 0.512500 0.632812 0.514062 0.642188 0.514062 0.643750 0.512500 0.651563 0.512500 0.659375 0.515625 0.665625 0.515625 0.670312 0.514062 0.676562 0.507812 0.679688 0.503125 0.679688 0.482812 0.678125 0.479687 0.671875 0.475000 0.671875 0.473438 0.667188 0.468750 0.660937 0.464062 0.654687 0.460938
0 0.734375 0.456250 0.723437 0.456250 0.714063 0.460938 0.707812 0.467187 0.701562 0.467187 0.692187 0.465625 0.689063 0.467187 0.682813 0.473438 0.681250 0.476562 0.681250 0.493750 0.685937 0.501563 0.687500 0.506250 0.687500 0.517188 0.692187 0.521875 0.701562 0.528125 0.706250 0.529687 0.714063 0.531250 0.729688 0.531250 0.732812 0.529687 0.739062 0.525000 0.743750 0.520312 0.745313 0.515625 0.745313 0.507812 0.746875 0.504687 0.753125 0.498437 0.754687 0.495312 0.756250 0.489063 0.756250 0.482812 0.754687 0.479687 0.745313 0.471875 0.740625 0.467187 0.739062 0.460938
0 0.565625 0.509375 0.564063 0.512500 0.564063 0.521875 0.565625 0.526563 0.567187 0.529687 0.571875 0.534375 0.593750 0.534375 0.596875 0.532813 0.600000 0.528125 0.601562 0.520312 0.600000 0.514062 0.592187 0.506250 0.585938 0.503125 0.575000 0.503125 0.568750 0.506250
0 0.656250 0.587500 0.653125 0.590625 0.650000 0.596875 0.650000 0.610938 0.653125 0.615625 0.667188 0.625000 0.678125 0.625000 0.681250 0.623437 0.682813 0.621875 0.689063 0.614062 0.689063 0.601562 0.687500 0.598437 0.684375 0.593750 0.679688 0.590625 0.676562 0.589063 0.670312 0.587500
0 0.590625 0.570312 0.589063 0.575000 0.589063 0.581250 0.593750 0.585938 0.598437 0.589063 0.603125 0.590625 0.610938 0.598437 0.617188 0.601562 0.621875 0.603125 0.626563 0.603125 0.628125 0.601562 0.634375 0.601562 0.643750 0.598437 0.646875 0.595313 0.648438 0.592187 0.648438 0.587500 0.646875 0.582812 0.640625 0.575000 0.640625 0.560937 0.639062 0.557813 0.635938 0.554688 0.629687 0.551562 0.625000 0.550000 0.609375 0.550000 0.606250 0.551562 0.596875 0.560937
0 0.609375 0.517188 0.607812 0.518750 0.604688 0.525000 0.603125 0.535937 0.606250 0.542188 0.610938 0.545312 0.614062 0.546875 0.621875 0.548438 0.629687 0.548438 0.632812 0.546875 0.635938 0.543750 0.637500 0.537500 0.639062 0.529687 0.639062 0.523438 0.635938 0.520312 0.631250 0.517188 0.628125 0.515625 0.623437 0.514062 0.615625 0.514062
1 0.637500 0.525000 0.635938 0.532813 0.634375 0.545312 0.635938 0.548438 0.640625 0.551562 0.650000 0.551562 0.654687 0.550000 0.657813 0.548438 0.659375 0.546875 0.660937 0.543750 0.660937 0.532813 0.659375 0.529687 0.656250 0.526563 0.653125 0.525000 0.648438 0.523438
1 0.660937 0.551562 0.651563 0.551562 0.646875 0.553125 0.643750 0.554688 0.642188 0.556250 0.640625 0.559375 0.640625 0.567187 0.643750 0.576562 0.646875 0.578125 0.660937 0.576562 0.662500 0.573438 0.664062 0.562500 0.665625 0.560937 0.665625 0.557813 0.664062 0.554688
1 0.668750 0.557813 0.665625 0.560937 0.664062 0.564063 0.662500 0.570312 0.660937 0.578125 0.667188 0.584375 0.670312 0.585938 0.679688 0.585938 0.682813 0.584375 0.687500 0.579688 0.689063 0.576562 0.689063 0.570312 0.687500 0.565625 0.684375 0.560937 0.679688 0.557813
1 0.029687 0.826562 0.025000 0.831250 0.015625 0.842187 0.015625 0.846875 0.017188 0.850000 0.021875 0.856250 0.032813 0.867188 0.039062 0.868750 0.043750 0.868750 0.050000 0.867188 0.053125 0.865625 0.054688 0.864062 0.054688 0.862500 0.057813 0.859375 0.059375 0.853125 0.059375 0.840625 0.057813 0.835938 0.050000 0.828125 0.046875 0.826562 0.040625 0.825000 0.034375 0.825000
1 0.096875 0.946875 0.098437 0.950000 0.101562 0.957812 0.103125 0.960938 0.114062 0.971875 0.118750 0.975000 0.123438 0.976562 0.135937 0.976562 0.139063 0.973437 0.142187 0.968750 0.143750 0.965625 0.143750 0.954688 0.139063 0.950000 0.132812 0.946875 0.128125 0.945312 0.121875 0.943750 0.106250 0.945312 0.103125 0.945312 0.101562 0.943750
1 0.067187 0.862500 0.067187 0.868750 0.068750 0.871875 0.075000 0.875000 0.082812 0.875000 0.085938 0.873437 0.087500 0.871875 0.095312 0.865625 0.093750 0.862500 0.093750 0.860938 0.092188 0.859375 0.089063 0.857812 0.071875 0.857812
0 0.056250 0.892188 0.056250 0.898438 0.059375 0.906250 0.060937 0.909375 0.076563 0.925000 0.081250 0.928125 0.085938 0.929688 0.090625 0.929688 0.096875 0.928125 0.103125 0.925000 0.107813 0.920312 0.110937 0.918750 0.115625 0.918750 0.121875 0.912500 0.123438 0.907813 0.123438 0.903125 0.115625 0.889062 0.112500 0.884375 0.106250 0.878125 0.098437 0.879687 0.075000 0.878125 0.070312 0.879687 0.064062 0.882812 0.057813 0.889062
0 0.739062 0.865625 0.739062 0.878125 0.740625 0.881250 0.743750 0.884375 0.748437 0.887500 0.754687 0.889062 0.762500 0.896875 0.768750 0.900000 0.782813 0.900000 0.785937 0.898438 0.792188 0.892188 0.795312 0.885938 0.795312 0.878125 0.792188 0.875000 0.790625 0.871875 0.790625 0.864062 0.789062 0.859375 0.787500 0.856250 0.782813 0.854688 0.778125 0.851562 0.770312 0.850000 0.764062 0.850000 0.756250 0.851562 0.753125 0.853125 0.745313 0.859375
0 0.806250 0.801562 0.806250 0.807813 0.812500 0.818750 0.812500 0.828125 0.814063 0.831250 0.817187 0.835938 0.821875 0.840625 0.823438 0.840625 0.829688 0.846875 0.835938 0.850000 0.840625 0.851562 0.850000 0.851562 0.856250 0.850000 0.860938 0.848437 0.864062 0.846875 0.868750 0.842187 0.870313 0.837500 0.868750 0.831250 0.867188 0.828125 0.862500 0.821875 0.860938 0.815625 0.859375 0.812500 0.857812 0.810937 0.856250 0.810937 0.842187 0.800000 0.839063 0.798438 0.832812 0.796875 0.817187 0.796875 0.809375 0.798438
0 0.850000 0.768750 0.846875 0.771875 0.842187 0.779687 0.840625 0.782813 0.839063 0.787500 0.839063 0.795312 0.840625 0.798438 0.846875 0.803125 0.851562 0.804688 0.859375 0.806250 0.871875 0.812500 0.876563 0.814063 0.879687 0.814063 0.884375 0.812500 0.887500 0.810937 0.889062 0.809375 0.890625 0.806250 0.892188 0.800000 0.892188 0.795312 0.890625 0.789062 0.885938 0.779687 0.878125 0.771875 0.871875 0.768750 0.867188 0.767188 0.856250 0.767188
0 0.962500 0.806250 0.954688 0.804688 0.946875 0.806250 0.940625 0.807813 0.935937 0.809375 0.923438 0.821875 0.923438 0.823438 0.920312 0.826562 0.921875 0.834375 0.928125 0.840625 0.935937 0.845313 0.945312 0.848437 0.951562 0.848437 0.956250 0.846875 0.959375 0.845313 0.960938 0.843750 0.960938 0.842187 0.964063 0.839063 0.965625 0.839063 0.970313 0.834375 0.970313 0.823438 0.967187 0.814063 0.965625 0.810937 0.962500 0.807813
0 0.906250 0.867188 0.904687 0.868750 0.900000 0.875000 0.900000 0.884375 0.901563 0.887500 0.906250 0.892188 0.910937 0.895312 0.920312 0.900000 0.926562 0.901563 0.934375 0.901563 0.937500 0.900000 0.939063 0.898438 0.942187 0.892188 0.943750 0.887500 0.943750 0.884375 0.940625 0.881250 0.939063 0.881250 0.934375 0.875000 0.932813 0.873437 0.931250 0.873437 0.928125 0.870313 0.921875 0.867188 0.917188 0.865625 0.909375 0.865625
0 0.910937 0.850000 0.910937 0.851562 0.907813 0.854688 0.907813 0.860938 0.910937 0.864062 0.915625 0.865625 0.920312 0.865625 0.925000 0.867188 0.928125 0.868750 0.934375 0.875000 0.940625 0.879687 0.946875 0.879687 0.946875 0.876563 0.951562 0.871875 0.953125 0.867188 0.951562 0.864062 0.948438 0.859375 0.942187 0.854688 0.935937 0.851562 0.926562 0.848437
0 0.837500 0.868750 0.825000 0.868750 0.821875 0.867188 0.818750 0.864062 0.814063 0.862500 0.809375 0.864062 0.796875 0.875000 0.795312 0.890625 0.790625 0.900000 0.789062 0.904687 0.789062 0.912500 0.792188 0.918750 0.795312 0.920312 0.815625 0.921875 0.823438 0.921875 0.826562 0.920312 0.829688 0.917188 0.829688 0.915625 0.834375 0.910937 0.835938 0.910937 0.839063 0.907813 0.840625 0.904687 0.842187 0.900000 0.842187 0.878125 0.840625 0.875000 0.840625 0.871875