1 0.089063 0.317188 0.082812 0.320312 0.078125 0.325000 0.076563 0.328125 0.076563 0.331250 0.078125 0.332813 0.078125 0.337500 0.081250 0.343750 0.085938 0.348438 0.090625 0.350000 0.100000 0.350000 0.103125 0.348438 0.109375 0.342187 0.110937 0.339062 0.110937 0.325000 0.109375 0.321875 0.106250 0.318750 0.103125 0.317188
1 0.078125 0.362500 0.075000 0.365625 0.073438 0.368750 0.075000 0.378125 0.076563 0.381250 0.079687 0.384375 0.082812 0.385937 0.085938 0.385937 0.092188 0.384375 0.095312 0.378125 0.095312 0.367188 0.090625 0.362500
1 0.068750 0.365625 0.062500 0.365625 0.059375 0.367188 0.056250 0.370312 0.054688 0.373437 0.054688 0.382812 0.057813 0.389062 0.059375 0.390625 0.062500 0.392188 0.065625 0.392188 0.068750 0.390625 0.073438 0.385937 0.073438 0.371875 0.071875 0.368750
1 0.039062 0.353125 0.034375 0.357812 0.034375 0.367188 0.035937 0.370312 0.042188 0.373437 0.050000 0.373437 0.053125 0.371875 0.054688 0.370312 0.056250 0.367188 0.056250 0.356250 0.053125 0.353125
1 0.037500 0.373437 0.032813 0.378125 0.031250 0.381250 0.031250 0.389062 0.034375 0.395313 0.037500 0.398438 0.040625 0.400000 0.043750 0.400000 0.050000 0.396875 0.050000 0.395313 0.053125 0.392188 0.054688 0.387500 0.054688 0.384375 0.053125 0.382812 0.053125 0.378125 0.051562 0.375000 0.046875 0.375000 0.045312 0.373437
1 0.039062 0.409375 0.034375 0.414062 0.032813 0.418750 0.034375 0.423438 0.035937 0.426563 0.042188 0.429688 0.045312 0.429688 0.048438 0.428125 0.051562 0.425000 0.051562 0.415625 0.050000 0.412500 0.046875 0.409375
1 0.101562 0.412500 0.095312 0.412500 0.089063 0.414062 0.084375 0.415625 0.081250 0.417187 0.076563 0.421875 0.076563 0.432812 0.078125 0.437500 0.081250 0.440625 0.084375 0.442188 0.096875 0.442188 0.101562 0.440625 0.104688 0.439063 0.106250 0.437500 0.107813 0.434375 0.107813 0.421875 0.106250 0.417187
1 0.034375 0.507812 0.029687 0.512500 0.028125 0.515625 0.028125 0.526563 0.031250 0.532813 0.034375 0.535937 0.037500 0.537500 0.042188 0.539062 0.050000 0.539062 0.054688 0.537500 0.060937 0.531250 0.062500 0.528125 0.062500 0.525000 0.064062 0.521875 0.062500 0.515625 0.060937 0.512500 0.057813 0.509375 0.057813 0.507812 0.056250 0.506250 0.053125 0.504687 0.040625 0.504687
0 0.314063 0.475000 0.303125 0.475000 0.300000 0.476562 0.293750 0.482812 0.285938 0.495312 0.282813 0.501563 0.278125 0.515625 0.278125 0.520312 0.281250 0.528125 0.281250 0.535937 0.282813 0.543750 0.285938 0.550000 0.290625 0.557813 0.298438 0.565625 0.304688 0.568750 0.307812 0.568750 0.312500 0.565625 0.321875 0.562500 0.328125 0.562500 0.331250 0.560937 0.339062 0.553125 0.346875 0.543750 0.351562 0.534375 0.354687 0.525000 0.354687 0.517188 0.353125 0.512500 0.350000 0.507812 0.345313 0.503125 0.340625 0.500000 0.337500 0.500000 0.331250 0.493750 0.329688 0.490625 0.329688 0.484375 0.323437 0.478125 0.320312 0.476562
0 0.371875 0.556250 0.370312 0.553125 0.364063 0.546875 0.360938 0.545312 0.356250 0.543750 0.345313 0.543750 0.337500 0.546875 0.331250 0.553125 0.328125 0.559375 0.325000 0.562500 0.312500 0.565625 0.298438 0.567187 0.293750 0.567187 0.285938 0.564063 0.278125 0.564063 0.271875 0.560937 0.259375 0.560937 0.251563 0.567187 0.245312 0.573438 0.245312 0.576562 0.248438 0.582812 0.248438 0.596875 0.251563 0.600000 0.265625 0.601562 0.281250 0.601562 0.289062 0.606250 0.296875 0.607812 0.301563 0.610938 0.306250 0.615625 0.310937 0.618750 0.318750 0.618750 0.325000 0.615625 0.326562 0.614062 0.326562 0.612500 0.331250 0.604688 0.334375 0.603125 0.337500 0.604688 0.340625 0.607812 0.343750 0.609375 0.348438 0.610938 0.351562 0.610938 0.356250 0.609375 0.360938 0.604688 0.365625 0.595313 0.365625 0.582812 0.367188 0.579688 0.371875 0.575000 0.373437 0.571875 0.373437 0.562500
0 0.498437 0.187500 0.482812 0.171875 0.479687 0.170313 0.470313 0.168750 0.456250 0.171875 0.451562 0.175000 0.446875 0.175000 0.442188 0.176563 0.437500 0.179688 0.435937 0.182812 0.435937 0.187500 0.439063 0.190625 0.440625 0.190625 0.442188 0.203125 0.445312 0.206250 0.453125 0.206250 0.460938 0.209375 0.471875 0.209375 0.489063 0.207813 0.492188 0.206250 0.495312 0.203125 0.498437 0.193750
0 0.460938 0.000000 0.456250 0.003125 0.451562 0.007812 0.450000 0.010937 0.450000 0.029687 0.453125 0.032813 0.457813 0.035937 0.464062 0.039062 0.470313 0.039062 0.479687 0.035937 0.482812 0.032813 0.484375 0.032813 0.485938 0.014063 0.482812 0.007812 0.478125 0.003125 0.470313 0.000000
0 0.393750 0.139063 0.390625 0.142187 0.390625 0.143750 0.385937 0.148438 0.376563 0.156250 0.370312 0.164062 0.368750 0.168750 0.367188 0.175000 0.368750 0.187500 0.373437 0.189062 0.376563 0.192188 0.379688 0.193750 0.385937 0.195312 0.392188 0.198437 0.400000 0.204687 0.404687 0.204687 0.407813 0.201563 0.407813 0.195312 0.410938 0.189062 0.415625 0.182812 0.415625 0.171875 0.412500 0.167187 0.410938 0.162500 0.410938 0.157812 0.412500 0.143750 0.409375 0.140625 0.403125 0.139063
1 0.337500 0.134375 0.332813 0.139063 0.331250 0.142187 0.331250 0.150000 0.335938 0.157812 0.340625 0.162500 0.343750 0.164062 0.354687 0.162500 0.354687 0.160938 0.357812 0.157812 0.359375 0.154688 0.357812 0.135937 0.351562 0.132812 0.340625 0.132812
1 0.359375 0.137500 0.359375 0.143750 0.362500 0.159375 0.368750 0.159375 0.371875 0.156250 0.373437 0.153125 0.373437 0.145313 0.371875 0.140625 0.368750 0.137500
1 0.409375 0.117188 0.407813 0.120313 0.407813 0.126562 0.409375 0.131250 0.410938 0.134375 0.412500 0.135937 0.415625 0.137500 0.423438 0.137500 0.426563 0.135937 0.428125 0.134375 0.429688 0.131250 0.429688 0.125000 0.428125 0.121875 0.423438 0.117188 0.420312 0.115625 0.412500 0.115625
1 0.476562 0.096875 0.470313 0.100000 0.468750 0.107813 0.470313 0.117188 0.473438 0.120313 0.479687 0.123438 0.482812 0.123438 0.485938 0.125000 0.489063 0.123438 0.495312 0.117188 0.496875 0.114062 0.496875 0.110937 0.493750 0.104688 0.490625 0.101562 0.490625 0.100000 0.489063 0.098437 0.485938 0.096875
1 0.860938 0.035937 0.859375 0.050000 0.860938 0.054688 0.862500 0.057813 0.867188 0.062500 0.870313 0.064062 0.879687 0.064062 0.882812 0.062500 0.885938 0.059375 0.887500 0.059375 0.890625 0.053125 0.890625 0.042188 0.889062 0.037500 0.885938 0.034375 0.882812 0.032813 0.876563 0.031250 0.868750 0.032813 0.864062 0.034375
0 0.784375 0.103125 0.770312 0.103125 0.767188 0.104688 0.762500 0.109375 0.757812 0.110937 0.743750 0.109375 0.740625 0.110937 0.735938 0.115625 0.734375 0.118750 0.734375 0.126562 0.735938 0.156250 0.737500 0.159375 0.740625 0.162500 0.745313 0.165625 0.751563 0.164062 0.754687 0.164062 0.764062 0.173437 0.767188 0.175000 0.773438 0.175000 0.778125 0.173437 0.781250 0.170313 0.787500 0.160938 0.789062 0.159375 0.792188 0.157812 0.795312 0.157812 0.798438 0.154688 0.803125 0.137500 0.803125 0.123438 0.801562 0.117188 0.800000 0.114062 0.795312 0.109375 0.790625 0.106250
0 0.865625 0.134375 0.862500 0.131250 0.857812 0.128125 0.851562 0.125000 0.845313 0.123438 0.840625 0.125000 0.837500 0.126562 0.832812 0.131250 0.829688 0.132812 0.820312 0.128125 0.815625 0.128125 0.809375 0.129688 0.806250 0.132812 0.801562 0.142187 0.801562 0.160938 0.796875 0.165625 0.795312 0.168750 0.796875 0.173437 0.806250 0.182812 0.809375 0.184375 0.815625 0.185938 0.821875 0.185938 0.823438 0.184375 0.831250 0.184375 0.837500 0.187500 0.848437 0.187500 0.854688 0.185938 0.862500 0.182812 0.864062 0.178125 0.870313 0.171875 0.873437 0.167187 0.875000 0.164062 0.875000 0.156250 0.870313 0.143750
0 0.967187 0.153125 0.964063 0.154688 0.957812 0.160938 0.954688 0.168750 0.940625 0.168750 0.935937 0.170313 0.931250 0.173437 0.925000 0.184375 0.925000 0.189062 0.926562 0.193750 0.931250 0.203125 0.940625 0.212500 0.945312 0.214062 0.950000 0.218750 0.953125 0.220312 0.957812 0.221875 0.979688 0.221875 0.984375 0.220312 0.987500 0.218750 0.993750 0.214062 0.998437 0.207813 0.995313 0.204687 0.995313 0.200000 0.998437 0.196875 0.998437 0.181250 0.992188 0.173437 0.990625 0.170313 0.990625 0.162500 0.989062 0.159375 0.987500 0.157812 0.984375 0.156250 0.975000 0.153125
0 0.653125 0.259375 0.650000 0.264062 0.648438 0.281250 0.648438 0.289062 0.650000 0.293750 0.653125 0.300000 0.660937 0.307812 0.667188 0.309375 0.703125 0.309375 0.706250 0.306250 0.709375 0.301563 0.709375 0.284375 0.714063 0.276562 0.714063 0.273438 0.712500 0.268750 0.710938 0.265625 0.709375 0.264062 0.701562 0.257812 0.698438 0.256250 0.693750 0.254688 0.684375 0.254688 0.682813 0.256250 0.675000 0.256250 0.662500 0.254688 0.657813 0.256250
0 0.690625 0.321875 0.689063 0.328125 0.682813 0.335938 0.679688 0.342187 0.678125 0.350000 0.676562 0.353125 0.678125 0.356250 0.684375 0.364063 0.685937 0.370312 0.696875 0.384375 0.698438 0.385937 0.701562 0.387500 0.706250 0.387500 0.714063 0.384375 0.720313 0.384375 0.731250 0.385937 0.735938 0.381250 0.740625 0.371875 0.740625 0.364063 0.742188 0.356250 0.746875 0.351562 0.746875 0.343750 0.745313 0.339062 0.743750 0.335938 0.740625 0.331250 0.735938 0.326562 0.729688 0.323437 0.725000 0.321875 0.712500 0.320312
0 0.729688 0.264062 0.723437 0.267188 0.720313 0.271875 0.714063 0.285938 0.714063 0.292187 0.715625 0.295312 0.720313 0.300000 0.721875 0.303125 0.720313 0.307812 0.721875 0.315625 0.723437 0.318750 0.725000 0.320312 0.731250 0.323437 0.734375 0.323437 0.737500 0.325000 0.740625 0.328125 0.740625 0.329688 0.745313 0.334375 0.754687 0.334375 0.756250 0.328125 0.759375 0.325000 0.762500 0.323437 0.765625 0.323437 0.770312 0.320312 0.776563 0.314063 0.775000 0.303125 0.775000 0.296875 0.776563 0.295312 0.776563 0.287500 0.773438 0.281250 0.768750 0.279687 0.760938 0.275000 0.756250 0.273438 0.751563 0.273438 0.737500 0.265625 0.732812 0.264062
0 0.762500 0.228125 0.757812 0.231250 0.753125 0.235937 0.739062 0.251563 0.735938 0.257812 0.734375 0.262500 0.740625 0.267188 0.751563 0.271875 0.756250 0.271875 0.764062 0.275000 0.770312 0.278125 0.776563 0.285938 0.779687 0.287500 0.784375 0.289062 0.792188 0.289062 0.795312 0.287500 0.800000 0.282813 0.803125 0.278125 0.804688 0.273438 0.804688 0.265625 0.801562 0.250000 0.800000 0.246875 0.796875 0.243750 0.792188 0.240625 0.784375 0.237500 0.779687 0.232813 0.778125 0.228125 0.770312 0.226562 0.767188 0.226562
0 0.851562 0.398438 0.840625 0.409375 0.840625 0.415625 0.843750 0.421875 0.843750 0.435937 0.845313 0.442188 0.848437 0.448437 0.851562 0.453125 0.856250 0.457813 0.860938 0.459375 0.865625 0.459375 0.871875 0.464062 0.875000 0.465625 0.892188 0.465625 0.895312 0.464062 0.900000 0.459375 0.910937 0.439063 0.910937 0.434375 0.907813 0.423438 0.907813 0.410938 0.906250 0.407813 0.901563 0.401562 0.895312 0.395313 0.881250 0.389062 0.875000 0.389062 0.864062 0.395313 0.859375 0.395313 0.854688 0.396875
0 0.965625 0.242188 0.960938 0.246875 0.959375 0.250000 0.959375 0.256250 0.956250 0.259375 0.946875 0.260937 0.940625 0.264062 0.934375 0.270313 0.934375 0.282813 0.935937 0.289062 0.937500 0.292187 0.942187 0.296875 0.943750 0.301563 0.943750 0.304688 0.957812 0.304688 0.965625 0.309375 0.970313 0.306250 0.978125 0.307812 0.989062 0.310937 0.998437 0.310937 0.998437 0.251563 0.995313 0.250000 0.992188 0.250000 0.984375 0.243750 0.981250 0.242188 0.976562 0.240625 0.970313 0.240625
0 0.998437 0.298438 0.990625 0.301563 0.985938 0.301563 0.976562 0.300000 0.957812 0.300000 0.950000 0.303125 0.943750 0.303125 0.940625 0.306250 0.939063 0.309375 0.939063 0.340625 0.945312 0.351562 0.948438 0.354687 0.953125 0.357812 0.956250 0.357812 0.959375 0.359375 0.962500 0.364063 0.967187 0.364063 0.971875 0.367188 0.975000 0.367188 0.976562 0.365625 0.981250 0.365625 0.985938 0.360938 0.998437 0.360938
0 0.967187 0.357812 0.960938 0.360938 0.959375 0.364063 0.959375 0.368750 0.957812 0.371875 0.956250 0.373437 0.954688 0.373437 0.946875 0.378125 0.945312 0.382812 0.946875 0.389062 0.950000 0.395313 0.950000 0.401562 0.953125 0.407813 0.956250 0.410938 0.965625 0.417187 0.978125 0.421875 0.982812 0.421875 0.987500 0.423438 0.990625 0.426563 0.990625 0.434375 0.993750 0.437500 0.998437 0.439063 0.998437 0.356250 0.976562 0.356250
0 0.737500 0.679688 0.731250 0.681250 0.726562 0.685937 0.723437 0.692187 0.721875 0.698438 0.717187 0.700000 0.714063 0.703125 0.712500 0.706250 0.710938 0.715625 0.706250 0.720313 0.704688 0.723437 0.703125 0.728125 0.701562 0.739062 0.703125 0.746875 0.706250 0.753125 0.712500 0.759375 0.717187 0.759375 0.718750 0.757812 0.725000 0.757812 0.726562 0.760938 0.735938 0.767188 0.742188 0.768750 0.750000 0.768750 0.753125 0.767188 0.759375 0.762500 0.762500 0.757812 0.764062 0.751563 0.762500 0.746875 0.764062 0.743750 0.767188 0.740625 0.768750 0.740625 0.770312 0.739062 0.773438 0.732812 0.773438 0.720313 0.771875 0.715625 0.768750 0.710938 0.764062 0.706250 0.760938 0.701562 0.760938 0.698438 0.764062 0.693750 0.764062 0.687500 0.757812 0.681250 0.753125 0.679688
0 0.735938 0.614062 0.734375 0.618750 0.725000 0.629687 0.723437 0.632812 0.723437 0.642188 0.725000 0.645312 0.729688 0.650000 0.737500 0.654687 0.743750 0.657813 0.751563 0.657813 0.762500 0.646875 0.764062 0.643750 0.765625 0.635938 0.765625 0.632812 0.764062 0.628125 0.760938 0.625000 0.760938 0.623437 0.759375 0.621875 0.751563 0.615625 0.748437 0.614062
1 0.609375 0.573438 0.606250 0.575000 0.601562 0.579688 0.601562 0.589063 0.603125 0.592187 0.606250 0.595313 0.610938 0.596875 0.618750 0.596875 0.621875 0.595313 0.623437 0.593750 0.625000 0.590625 0.625000 0.582812 0.623437 0.579688 0.618750 0.575000 0.615625 0.573438
1 0.695312 0.598437 0.692187 0.601562 0.687500 0.610938 0.687500 0.623437 0.690625 0.629687 0.692187 0.631250 0.693750 0.631250 0.696875 0.634375 0.700000 0.635938 0.715625 0.635938 0.718750 0.634375 0.725000 0.628125 0.726562 0.625000 0.726562 0.618750 0.725000 0.614062 0.721875 0.609375 0.717187 0.604688 0.712500 0.601562 0.706250 0.598437 0.700000 0.596875
1 0.684375 0.678125 0.681250 0.681250 0.681250 0.693750 0.682813 0.698438 0.689063 0.704688 0.695312 0.707812 0.706250 0.707812 0.709375 0.704688 0.710938 0.700000 0.710938 0.689063 0.709375 0.681250 0.703125 0.675000 0.690625 0.675000
1 0.903125 0.673438 0.900000 0.679688 0.900000 0.685937 0.901563 0.689063 0.906250 0.693750 0.910937 0.695312 0.918750 0.695312 0.921875 0.693750 0.925000 0.690625 0.926562 0.687500 0.926562 0.682813 0.925000 0.678125 0.921875 0.675000 0.921875 0.673438 0.920312 0.671875 0.917188 0.670312 0.907813 0.670312 0.904687 0.673438
1 0.882812 0.700000 0.881250 0.703125 0.881250 0.707812 0.882812 0.712500 0.885938 0.717187 0.890625 0.721875 0.893750 0.723437 0.906250 0.723437 0.912500 0.720313 0.914062 0.717187 0.914062 0.710938 0.912500 0.706250 0.909375 0.700000 0.906250 0.696875 0.903125 0.695312 0.890625 0.695312 0.884375 0.698438
1 0.931250 0.690625 0.929688 0.693750 0.928125 0.698438 0.928125 0.701562 0.932813 0.710938 0.935937 0.714063 0.940625 0.715625 0.946875 0.715625 0.953125 0.712500 0.956250 0.709375 0.957812 0.706250 0.957812 0.703125 0.956250 0.698438 0.948438 0.690625 0.943750 0.689063
0 0.906250 0.759375 0.903125 0.765625 0.904687 0.771875 0.906250 0.776563 0.909375 0.782813 0.918750 0.789062 0.923438 0.790625 0.931250 0.790625 0.934375 0.789062 0.937500 0.785937 0.937500 0.779687 0.940625 0.771875 0.940625 0.765625 0.939063 0.762500 0.937500 0.760938 0.925000 0.754687 0.917188 0.754687 0.912500 0.756250
0 0.493750 0.798438 0.490625 0.793750 0.481250 0.787500 0.478125 0.785937 0.471875 0.784375 0.467187 0.784375 0.462500 0.785937 0.457813 0.789062 0.456250 0.795312 0.450000 0.798438 0.446875 0.798438 0.440625 0.793750 0.437500 0.793750 0.431250 0.800000 0.426563 0.809375 0.418750 0.828125 0.420312 0.835938 0.423438 0.837500 0.431250 0.837500 0.435937 0.835938 0.445312 0.831250 0.454688 0.840625 0.468750 0.842187 0.484375 0.842187 0.487500 0.840625 0.492188 0.835938 0.493750 0.832812 0.493750 0.826562 0.492188 0.815625 0.495312 0.812500 0.495312 0.809375
1 0.532813 0.825000 0.531250 0.837500 0.534375 0.842187 0.540625 0.848437 0.543750 0.850000 0.548438 0.850000 0.553125 0.845313 0.554688 0.842187 0.554688 0.834375 0.553125 0.831250 0.546875 0.825000 0.542188 0.823438 0.535937 0.823438
1 0.595313 0.946875 0.592187 0.950000 0.590625 0.953125 0.590625 0.962500 0.592187 0.965625 0.593750 0.967187 0.600000 0.971875 0.603125 0.973437 0.607812 0.973437 0.612500 0.971875 0.615625 0.968750 0.615625 0.956250 0.614062 0.953125 0.606250 0.945312 0.598437 0.945312
1 0.568750 0.984375 0.568750 0.993750 0.570312 0.996875 0.589063 0.998437 0.589063 0.990625 0.587500 0.987500 0.584375 0.984375 0.579688 0.981250 0.576562 0.979688 0.571875 0.981250
1 0.614062 0.979688 0.612500 0.982812 0.610938 0.989062 0.610938 0.998437 0.634375 0.998437 0.634375 0.992188 0.632812 0.989062 0.628125 0.984375 0.625000 0.984375 0.618750 0.978125
0 0.781250 0.000000 0.782813 0.003125 0.782813 0.006250 0.784375 0.009375 0.790625 0.015625 0.795312 0.018750 0.798438 0.020313 0.806250 0.021875 0.815625 0.020313 0.818750 0.021875 0.825000 0.026562 0.828125 0.028125 0.840625 0.028125 0.848437 0.021875 0.850000 0.020313 0.851562 0.017188 0.851562 0.006250 0.856250 0.000000
1 0.885938 0.935937 0.881250 0.940625 0.881250 0.951562 0.882812 0.954688 0.889062 0.959375 0.892188 0.960938 0.903125 0.960938 0.907813 0.956250 0.907813 0.950000 0.903125 0.940625 0.900000 0.937500 0.896875 0.935937
1 0.912500 0.957812 0.918750 0.970313 0.923438 0.976562 0.926562 0.978125 0.934375 0.968750 0.935937 0.965625 0.935937 0.960938 0.934375 0.957812 0.931250 0.956250 0.921875 0.956250 0.920312 0.957812
1 0.870313 0.767188 0.867188 0.770312 0.865625 0.773438 0.865625 0.781250 0.868750 0.784375 0.876563 0.784375 0.881250 0.779687 0.881250 0.775000 0.879687 0.771875 0.875000 0.767188
1 0.304688 0.035937 0.298438 0.035937 0.293750 0.040625 0.290625 0.045312 0.290625 0.056250 0.292187 0.059375 0.295312 0.060937 0.303125 0.059375 0.306250 0.057813 0.307812 0.056250 0.312500 0.050000 0.312500 0.043750 0.310937 0.040625 0.307812 0.037500
1 0.300000 0.004687 0.296875 0.007812 0.296875 0.017188 0.298438 0.020313 0.300000 0.021875 0.303125 0.023438 0.312500 0.023438 0.315625 0.020313 0.315625 0.012500 0.314063 0.009375 0.309375 0.004687