0 0.290625 0.037500 0.290625 0.046875 0.293750 0.050000 0.298438 0.051562 0.303125 0.051562 0.306250 0.054688 0.307812 0.059375 0.310937 0.062500 0.315625 0.064062 0.321875 0.065625 0.329688 0.065625 0.332813 0.068750 0.334375 0.071875 0.335938 0.076563 0.342187 0.079687 0.351562 0.079687 0.353125 0.051562 0.357812 0.050000 0.357812 0.043750 0.356250 0.040625 0.353125 0.037500 0.348438 0.035937 0.343750 0.031250 0.340625 0.031250 0.331250 0.023438 0.326562 0.021875 0.318750 0.021875 0.310937 0.025000 0.304688 0.028125 0.301563 0.032813 0.300000 0.034375 0.296875 0.035937 0.293750 0.035937
0 0.325000 0.000000 0.326562 0.004687 0.329688 0.007812 0.334375 0.007812 0.337500 0.010937 0.337500 0.025000 0.339062 0.026562 0.339062 0.029687 0.343750 0.032813 0.346875 0.034375 0.353125 0.034375 0.357812 0.032813 0.364063 0.028125 0.368750 0.026562 0.375000 0.028125 0.378125 0.023438 0.384375 0.023438 0.390625 0.020313 0.393750 0.014063 0.393750 0.007812 0.392188 0.003125 0.389062 0.000000
0 0.410938 0.037500 0.415625 0.042188 0.418750 0.043750 0.423438 0.043750 0.431250 0.048438 0.448437 0.045312 0.450000 0.039062 0.453125 0.037500 0.462500 0.034375 0.462500 0.017188 0.465625 0.014063 0.470313 0.012500 0.475000 0.009375 0.478125 0.006250 0.476562 0.000000 0.418750 0.000000 0.418750 0.004687 0.414062 0.007812 0.412500 0.010937 0.412500 0.014063 0.415625 0.017188 0.415625 0.020313 0.410938 0.025000 0.409375 0.029687 0.409375 0.032813
0 0.504687 0.221875 0.501563 0.234375 0.498437 0.234375 0.496875 0.232813 0.493750 0.232813 0.487500 0.235937 0.481250 0.242188 0.481250 0.246875 0.482812 0.250000 0.490625 0.259375 0.493750 0.265625 0.493750 0.281250 0.498437 0.285938 0.501563 0.287500 0.504687 0.287500 0.506250 0.290625 0.509375 0.292187 0.514062 0.292187 0.517188 0.290625 0.520312 0.287500 0.525000 0.285938 0.534375 0.290625 0.535937 0.282813 0.535937 0.268750 0.539062 0.260937 0.539062 0.246875 0.537500 0.243750 0.531250 0.237500 0.528125 0.237500 0.525000 0.235937 0.515625 0.225000 0.509375 0.220312 0.506250 0.221875
0 0.673438 0.254688 0.670312 0.253125 0.667188 0.253125 0.664062 0.254688 0.659375 0.257812 0.654687 0.262500 0.645312 0.273438 0.642188 0.275000 0.639062 0.271875 0.635938 0.267188 0.635938 0.265625 0.632812 0.260937 0.629687 0.257812 0.623437 0.254688 0.610938 0.254688 0.604688 0.256250 0.601562 0.257812 0.596875 0.262500 0.596875 0.276562 0.600000 0.281250 0.600000 0.285938 0.603125 0.292187 0.598437 0.296875 0.593750 0.300000 0.584375 0.304688 0.578125 0.309375 0.578125 0.314063 0.582812 0.323437 0.585938 0.326562 0.592187 0.329688 0.596875 0.331250 0.601562 0.331250 0.607812 0.329688 0.610938 0.326562 0.617188 0.326562 0.634375 0.320312 0.637500 0.318750 0.646875 0.310937 0.650000 0.306250 0.653125 0.304688 0.660937 0.304688 0.670312 0.300000 0.670312 0.295312 0.676562 0.279687 0.676562 0.273438 0.675000 0.271875 0.676562 0.264062 0.676562 0.260937
0 0.721875 0.267188 0.717187 0.268750 0.710938 0.271875 0.703125 0.279687 0.696875 0.296875 0.692187 0.295312 0.689063 0.296875 0.689063 0.301563 0.692187 0.310937 0.701562 0.326562 0.707812 0.332813 0.712500 0.334375 0.717187 0.334375 0.718750 0.332813 0.723437 0.332813 0.726562 0.334375 0.728125 0.340625 0.725000 0.345313 0.725000 0.351562 0.732812 0.351562 0.735938 0.350000 0.739062 0.345313 0.739062 0.340625 0.743750 0.337500 0.756250 0.339062 0.767188 0.335938 0.773438 0.332813 0.778125 0.328125 0.779687 0.325000 0.781250 0.318750 0.781250 0.314063 0.779687 0.309375 0.775000 0.304688 0.767188 0.303125 0.764062 0.300000 0.762500 0.293750 0.760938 0.290625 0.757812 0.287500 0.754687 0.281250 0.754687 0.278125 0.753125 0.275000 0.750000 0.271875 0.745313 0.270313 0.734375 0.270313 0.729688 0.267188
0 0.673438 0.337500 0.664062 0.337500 0.660937 0.339062 0.653125 0.345313 0.648438 0.351562 0.645312 0.353125 0.628125 0.351562 0.625000 0.353125 0.621875 0.356250 0.620313 0.376563 0.620313 0.389062 0.625000 0.396875 0.615625 0.406250 0.615625 0.415625 0.618750 0.425000 0.625000 0.431250 0.642188 0.431250 0.648438 0.429688 0.650000 0.428125 0.653125 0.428125 0.656250 0.431250 0.656250 0.437500 0.657813 0.440625 0.660937 0.440625 0.662500 0.442188 0.668750 0.442188 0.676562 0.439063 0.682813 0.432812 0.685937 0.423438 0.685937 0.415625 0.689063 0.412500 0.700000 0.414062 0.706250 0.407813 0.707812 0.404687 0.707812 0.385937 0.704688 0.379688 0.703125 0.378125 0.700000 0.376563 0.690625 0.373437 0.692187 0.357812 0.689063 0.351562 0.676562 0.339062
0 0.640625 0.454688 0.637500 0.459375 0.637500 0.470313 0.639062 0.473438 0.643750 0.475000 0.654687 0.481250 0.653125 0.485938 0.656250 0.500000 0.662500 0.506250 0.668750 0.509375 0.675000 0.509375 0.681250 0.506250 0.689063 0.506250 0.693750 0.509375 0.698438 0.509375 0.700000 0.510938 0.703125 0.510938 0.707812 0.509375 0.714063 0.503125 0.715625 0.500000 0.717187 0.493750 0.717187 0.485938 0.714063 0.479687 0.714063 0.473438 0.712500 0.468750 0.709375 0.462500 0.701562 0.454688 0.696875 0.453125 0.690625 0.450000 0.684375 0.445312 0.678125 0.442188 0.673438 0.443750 0.667188 0.448437 0.659375 0.446875 0.648438 0.450000 0.645312 0.453125
0 0.767188 0.518750 0.765625 0.520312 0.765625 0.521875 0.764062 0.525000 0.767188 0.528125 0.775000 0.529687 0.778125 0.534375 0.775000 0.537500 0.770312 0.539062 0.768750 0.540625 0.767188 0.543750 0.767188 0.554688 0.768750 0.557813 0.770312 0.559375 0.773438 0.560937 0.787500 0.560937 0.792188 0.564063 0.796875 0.568750 0.798438 0.571875 0.798438 0.581250 0.800000 0.584375 0.806250 0.589063 0.809375 0.590625 0.820312 0.590625 0.828125 0.585938 0.831250 0.589063 0.831250 0.592187 0.832812 0.595313 0.840625 0.593750 0.840625 0.573438 0.839063 0.565625 0.835938 0.559375 0.829688 0.554688 0.829688 0.546875 0.828125 0.542188 0.826562 0.539062 0.823438 0.535937 0.821875 0.535937 0.818750 0.532813 0.815625 0.525000 0.814063 0.523438 0.812500 0.523438 0.809375 0.520312 0.798438 0.515625 0.795312 0.512500 0.795312 0.510938 0.792188 0.507812 0.787500 0.509375 0.789062 0.515625 0.785937 0.518750 0.770312 0.517188
0 0.870313 0.584375 0.870313 0.593750 0.875000 0.598437 0.885938 0.600000 0.889062 0.601562 0.892188 0.604688 0.893750 0.607812 0.895312 0.615625 0.898438 0.620313 0.903125 0.625000 0.910937 0.625000 0.914062 0.626563 0.917188 0.629687 0.923438 0.631250 0.932813 0.631250 0.937500 0.626563 0.942187 0.626563 0.954688 0.628125 0.957812 0.626563 0.959375 0.625000 0.959375 0.623437 0.962500 0.620313 0.962500 0.610938 0.960938 0.606250 0.956250 0.598437 0.956250 0.593750 0.953125 0.590625 0.945312 0.587500 0.935937 0.584375 0.926562 0.582812 0.921875 0.581250 0.909375 0.575000 0.901563 0.575000 0.884375 0.576562 0.878125 0.578125 0.875000 0.579688
0 0.998437 0.620313 0.992188 0.621875 0.976562 0.620313 0.968750 0.623437 0.957812 0.634375 0.957812 0.642188 0.960938 0.645312 0.964063 0.645312 0.967187 0.648438 0.967187 0.651563 0.965625 0.659375 0.967187 0.665625 0.968750 0.668750 0.973437 0.673438 0.976562 0.675000 0.984375 0.675000 0.987500 0.673438 0.998437 0.665625
0 0.937500 0.707812 0.935937 0.712500 0.937500 0.714063 0.935937 0.720313 0.929688 0.720313 0.926562 0.721875 0.925000 0.725000 0.925000 0.729688 0.926562 0.734375 0.929688 0.739062 0.935937 0.745313 0.937500 0.750000 0.942187 0.754687 0.942187 0.767188 0.943750 0.771875 0.945312 0.775000 0.957812 0.787500 0.962500 0.787500 0.965625 0.784375 0.965625 0.754687 0.962500 0.750000 0.960938 0.739062 0.957812 0.732812 0.950000 0.721875 0.946875 0.714063 0.943750 0.710938
0 0.860938 0.993750 0.857812 0.987500 0.848437 0.978125 0.845313 0.976562 0.842187 0.976562 0.840625 0.979688 0.839063 0.987500 0.818750 0.987500 0.815625 0.990625 0.814063 0.993750 0.814063 0.998437 0.860938 0.998437
0 0.859375 0.998437 0.857812 0.990625 0.856250 0.987500 0.851562 0.982812 0.845313 0.979688 0.842187 0.982812 0.842187 0.984375 0.837500 0.989062 0.825000 0.987500 0.818750 0.989062 0.815625 0.992188 0.815625 0.998437
0 0.970313 0.942187 0.965625 0.937500 0.962500 0.935937 0.954688 0.935937 0.953125 0.934375 0.946875 0.934375 0.943750 0.935937 0.940625 0.940625 0.937500 0.942187 0.934375 0.940625 0.931250 0.937500 0.915625 0.937500 0.910937 0.942187 0.909375 0.948438 0.907813 0.951562 0.901563 0.957812 0.900000 0.960938 0.900000 0.970313 0.901563 0.973437 0.907813 0.981250 0.906250 0.992188 0.906250 0.998437 0.965625 0.998437 0.967187 0.995313 0.973437 0.995313 0.976562 0.993750 0.982812 0.987500 0.984375 0.984375 0.984375 0.973437 0.982812 0.968750 0.979688 0.965625 0.979688 0.964063 0.978125 0.962500 0.976562 0.962500 0.973437 0.959375 0.971875 0.954688 0.971875 0.948438
0 0.598437 0.867188 0.589063 0.868750 0.585938 0.868750 0.579688 0.871875 0.575000 0.876563 0.573438 0.876563 0.570312 0.879687 0.568750 0.882812 0.567187 0.889062 0.567187 0.900000 0.564063 0.904687 0.564063 0.915625 0.567187 0.920312 0.567187 0.926562 0.562500 0.931250 0.564063 0.939063 0.568750 0.940625 0.570312 0.943750 0.571875 0.951562 0.573438 0.954688 0.578125 0.959375 0.581250 0.959375 0.592187 0.970313 0.595313 0.970313 0.596875 0.967187 0.606250 0.967187 0.609375 0.965625 0.610938 0.959375 0.625000 0.945312 0.626563 0.940625 0.626563 0.931250 0.625000 0.926562 0.621875 0.920312 0.617188 0.914062 0.621875 0.909375 0.628125 0.904687 0.629687 0.904687 0.632812 0.901563 0.635938 0.895312 0.635938 0.892188 0.634375 0.889062 0.628125 0.885938 0.623437 0.884375 0.609375 0.884375 0.606250 0.881250 0.603125 0.876563 0.601562 0.871875 0.600000 0.868750
0 0.489063 0.993750 0.490625 0.995313 0.490625 0.998437 0.550000 0.998437 0.551562 0.995313 0.553125 0.989062 0.562500 0.989062 0.565625 0.987500 0.567187 0.978125 0.564063 0.971875 0.559375 0.967187 0.556250 0.965625 0.542188 0.965625 0.535937 0.968750 0.523438 0.968750 0.517188 0.965625 0.500000 0.965625 0.496875 0.970313 0.500000 0.973437 0.496875 0.978125 0.495312 0.979688 0.493750 0.979688 0.492188 0.981250 0.490625 0.984375 0.489063 0.989062
0 0.448437 0.879687 0.442188 0.882812 0.439063 0.889062 0.439063 0.901563 0.423438 0.917188 0.423438 0.920312 0.426563 0.923438 0.434375 0.929688 0.439063 0.937500 0.440625 0.943750 0.445312 0.950000 0.450000 0.951562 0.459375 0.959375 0.468750 0.968750 0.478125 0.976562 0.481250 0.976562 0.481250 0.970313 0.484375 0.965625 0.485938 0.959375 0.490625 0.957812 0.496875 0.951562 0.498437 0.939063 0.496875 0.928125 0.503125 0.923438 0.504687 0.920312 0.504687 0.912500 0.501563 0.906250 0.498437 0.903125 0.496875 0.903125 0.492188 0.898438 0.487500 0.895312 0.476562 0.893750 0.473438 0.892188 0.465625 0.882812 0.459375 0.879687
0 0.406250 0.929688 0.401562 0.934375 0.403125 0.945312 0.406250 0.946875 0.409375 0.946875 0.412500 0.948438 0.415625 0.951562 0.421875 0.954688 0.426563 0.956250 0.434375 0.957812 0.435937 0.967187 0.435937 0.976562 0.442188 0.982812 0.445312 0.984375 0.451562 0.984375 0.454688 0.982812 0.456250 0.981250 0.462500 0.973437 0.462500 0.965625 0.446875 0.951562 0.443750 0.948438 0.440625 0.943750 0.437500 0.935937 0.434375 0.931250 0.429688 0.929688 0.425000 0.926562 0.418750 0.926562 0.410938 0.928125
0 0.496875 0.657813 0.489063 0.656250 0.467187 0.657813 0.464062 0.660937 0.464062 0.662500 0.462500 0.664062 0.457813 0.665625 0.446875 0.676562 0.445312 0.679688 0.445312 0.684375 0.448437 0.690625 0.451562 0.693750 0.456250 0.696875 0.459375 0.696875 0.462500 0.698438 0.464062 0.700000 0.465625 0.704688 0.470313 0.709375 0.473438 0.710938 0.476562 0.710938 0.481250 0.709375 0.487500 0.703125 0.493750 0.701562 0.496875 0.698438 0.500000 0.698438 0.506250 0.701562 0.514062 0.701562 0.517188 0.700000 0.518750 0.681250 0.517188 0.678125 0.514062 0.675000 0.514062 0.673438 0.512500 0.671875 0.510938 0.671875 0.507812 0.668750 0.504687 0.668750 0.501563 0.665625 0.501563 0.664062
0 0.381250 0.696875 0.379688 0.701562 0.384375 0.704688 0.381250 0.707812 0.376563 0.709375 0.371875 0.714063 0.370312 0.717187 0.371875 0.725000 0.376563 0.726562 0.382812 0.726562 0.392188 0.729688 0.395313 0.732812 0.395313 0.737500 0.393750 0.746875 0.395313 0.753125 0.396875 0.756250 0.403125 0.762500 0.409375 0.765625 0.417187 0.764062 0.420312 0.764062 0.428125 0.768750 0.435937 0.770312 0.442188 0.768750 0.445312 0.767188 0.450000 0.762500 0.451562 0.759375 0.451562 0.750000 0.448437 0.746875 0.443750 0.745313 0.442188 0.743750 0.434375 0.729688 0.432812 0.718750 0.428125 0.712500 0.426563 0.710938 0.421875 0.709375 0.417187 0.703125 0.415625 0.701562 0.412500 0.700000 0.409375 0.700000 0.401562 0.704688 0.398438 0.704688 0.392188 0.701562 0.387500 0.696875 0.384375 0.695312
0 0.308016 0.822500 0.301766 0.822500 0.298641 0.824062 0.295516 0.827187 0.295516 0.828750 0.290828 0.831875 0.283016 0.824062 0.276766 0.820937 0.267391 0.820937 0.264266 0.822500 0.259578 0.827187 0.259578 0.830313 0.258016 0.833437 0.242391 0.847500 0.239266 0.852187 0.237703 0.855312 0.239266 0.861563 0.237703 0.864687 0.228328 0.867812 0.225203 0.870937 0.225203 0.874062 0.228328 0.883437 0.233016 0.892813 0.237703 0.899062 0.251766 0.913125 0.258016 0.914687 0.268953 0.916250 0.273641 0.916250 0.283016 0.914687 0.287703 0.913125 0.290828 0.911562 0.295516 0.906875 0.301766 0.892813 0.312703 0.883437 0.314266 0.878750 0.314266 0.863125 0.312703 0.855312 0.308016 0.845938 0.309578 0.841250
0 0.326562 0.873437 0.323437 0.876563 0.321875 0.881250 0.323437 0.896875 0.326562 0.901563 0.332813 0.907813 0.332813 0.912500 0.331250 0.917188 0.328125 0.920312 0.321875 0.920312 0.318750 0.921875 0.318750 0.925000 0.320312 0.928125 0.325000 0.932813 0.328125 0.934375 0.337500 0.934375 0.343750 0.937500 0.346875 0.945312 0.351562 0.950000 0.375000 0.950000 0.378125 0.948438 0.379688 0.946875 0.381250 0.943750 0.387500 0.926562 0.387500 0.912500 0.390625 0.901563 0.401562 0.892188 0.403125 0.887500 0.403125 0.878125 0.401562 0.875000 0.393750 0.868750 0.390625 0.867188 0.385937 0.867188 0.384375 0.865625 0.381250 0.865625 0.373437 0.867188 0.368750 0.871875 0.357812 0.871875 0.350000 0.867188 0.339062 0.867188
0 0.162500 0.860938 0.157812 0.865625 0.156250 0.878125 0.148438 0.878125 0.145313 0.879687 0.142187 0.882812 0.140625 0.882812 0.139063 0.884375 0.137500 0.887500 0.137500 0.895312 0.140625 0.900000 0.140625 0.906250 0.137500 0.912500 0.137500 0.920312 0.150000 0.932813 0.160938 0.932813 0.164062 0.935937 0.164062 0.940625 0.162500 0.950000 0.164062 0.956250 0.167187 0.959375 0.170313 0.960938 0.176563 0.959375 0.181250 0.942187 0.181250 0.928125 0.184375 0.923438 0.185938 0.918750 0.185938 0.912500 0.184375 0.909375 0.181250 0.906250 0.179688 0.903125 0.179688 0.879687 0.178125 0.871875 0.175000 0.865625 0.173437 0.864062 0.171875 0.864062 0.168750 0.860938
0 0.342187 0.989062 0.343750 0.992188 0.350000 0.992188 0.353125 0.995313 0.353125 0.998437 0.415625 0.998437 0.415625 0.989062 0.412500 0.982812 0.407813 0.976562 0.396875 0.965625 0.389062 0.959375 0.373437 0.959375 0.368750 0.960938 0.365625 0.962500 0.357812 0.968750 0.346875 0.979688
0 0.265625 0.928125 0.260937 0.932813 0.257812 0.939063 0.257812 0.946875 0.264062 0.954688 0.267188 0.960938 0.267188 0.965625 0.268750 0.970313 0.273438 0.975000 0.278125 0.978125 0.282813 0.979688 0.292187 0.979688 0.298438 0.984375 0.304688 0.984375 0.309375 0.979688 0.310937 0.976562 0.312500 0.970313 0.312500 0.954688 0.310937 0.950000 0.306250 0.939063 0.301563 0.929688 0.298438 0.926562 0.290625 0.921875 0.287500 0.920312 0.284375 0.920312 0.279687 0.925000 0.273438 0.925000 0.268750 0.926562
0 0.209375 0.973437 0.206250 0.979688 0.204687 0.984375 0.204687 0.998437 0.243750 0.998437 0.245312 0.993750 0.243750 0.989062 0.237500 0.982812 0.235937 0.979688 0.235937 0.973437 0.232813 0.970313 0.220312 0.970313 0.214062 0.971875 0.212500 0.973437
0 0.223438 0.956250 0.221875 0.960938 0.226562 0.970313 0.229687 0.970313 0.234375 0.975000 0.235937 0.978125 0.235937 0.981250 0.243750 0.989062 0.248438 0.998437 0.285938 0.998437 0.289062 0.995313 0.295312 0.990625 0.296875 0.987500 0.296875 0.984375 0.293750 0.978125 0.287500 0.978125 0.279687 0.976562 0.275000 0.975000 0.267188 0.967187 0.265625 0.957812 0.264062 0.953125 0.257812 0.945312 0.254688 0.943750 0.246875 0.945312 0.242188 0.940625 0.234375 0.942187 0.234375 0.943750 0.231250 0.948438
0 0.239063 0.901563 0.231250 0.900000 0.228125 0.904687 0.225000 0.910937 0.215625 0.928125 0.214062 0.934375 0.214062 0.942187 0.210938 0.945312 0.209375 0.948438 0.210938 0.953125 0.217188 0.956250 0.220312 0.956250 0.225000 0.951562 0.232813 0.939063 0.237500 0.928125 0.240625 0.920312 0.240625 0.904687
1 0.955000 0.376250 0.947188 0.374688 0.940938 0.380938 0.939375 0.380938 0.934688 0.385625 0.930000 0.393437 0.926875 0.399688 0.926875 0.412188 0.933125 0.418438 0.940938 0.418438 0.945625 0.416875 0.948750 0.415313 0.953438 0.412188 0.956563 0.407500 0.958125 0.402813 0.958125 0.385625 0.956563 0.379375
1 0.439063 0.687500 0.435937 0.689063 0.431250 0.693750 0.429688 0.696875 0.429688 0.704688 0.431250 0.707812 0.435937 0.712500 0.446875 0.712500 0.450000 0.710938 0.454688 0.707812 0.457813 0.704688 0.457813 0.701562 0.453125 0.695312 0.445312 0.687500
1 0.487500 0.710938 0.479687 0.709375 0.470313 0.710938 0.471875 0.726562 0.475000 0.728125 0.484375 0.728125 0.487500 0.725000 0.489063 0.721875 0.489063 0.714063
1 0.823438 0.448437 0.818750 0.453125 0.815625 0.457813 0.814063 0.462500 0.814063 0.465625 0.815625 0.470313 0.820312 0.475000 0.825000 0.478125 0.828125 0.479687 0.832812 0.481250 0.837500 0.481250 0.842187 0.479687 0.851562 0.470313 0.851562 0.456250 0.850000 0.453125 0.848437 0.451562 0.839063 0.446875 0.828125 0.446875
1 0.881250 0.504687 0.878125 0.510938 0.878125 0.515625 0.879687 0.520312 0.882812 0.523438 0.892188 0.523438 0.895312 0.521875 0.898438 0.518750 0.898438 0.509375 0.896875 0.506250 0.893750 0.503125 0.890625 0.503125
1 0.910937 0.489063 0.907813 0.490625 0.903125 0.495312 0.903125 0.506250 0.904687 0.509375 0.906250 0.510938 0.909375 0.512500 0.917188 0.512500 0.920312 0.510938 0.923438 0.507812 0.925000 0.504687 0.925000 0.498437 0.923438 0.493750 0.920312 0.490625 0.915625 0.490625 0.914062 0.489063
1 0.976562 0.565625 0.975000 0.567187 0.973437 0.570312 0.973437 0.576562 0.976562 0.582812 0.979688 0.585938 0.982812 0.587500 0.990625 0.587500 0.993750 0.585938 0.995313 0.584375 0.998437 0.578125 0.998437 0.568750 0.993750 0.564063 0.989062 0.562500 0.984375 0.562500 0.979688 0.564063
0 0.931250 0.487500 0.928125 0.489063 0.925000 0.504687 0.925000 0.509375 0.926562 0.514062 0.932813 0.521875 0.935937 0.525000 0.940625 0.526563 0.943750 0.526563 0.946875 0.523438 0.948438 0.517188 0.948438 0.510938 0.951562 0.506250 0.951562 0.495312 0.950000 0.490625 0.946875 0.487500
0 0.998437 0.457813 0.995313 0.457813 0.992188 0.460938 0.992188 0.471875 0.990625 0.475000 0.982812 0.482812 0.976562 0.482812 0.973437 0.481250 0.968750 0.476562 0.965625 0.470313 0.962500 0.468750 0.956250 0.468750 0.956250 0.475000 0.976562 0.495312 0.981250 0.498437 0.985938 0.500000 0.993750 0.500000 0.998437 0.496875
0 0.956250 0.496875 0.956250 0.504687 0.957812 0.507812 0.962500 0.510938 0.964063 0.514062 0.965625 0.521875 0.968750 0.525000 0.976562 0.525000 0.984375 0.518750 0.993750 0.509375 0.993750 0.504687 0.989062 0.504687 0.987500 0.503125 0.967187 0.503125 0.964063 0.501563 0.959375 0.496875
0 0.318750 0.884375 0.314063 0.885938 0.306250 0.890625 0.303125 0.893750 0.300000 0.898438 0.300000 0.901563 0.298438 0.904687 0.292187 0.910937 0.290625 0.915625 0.292187 0.918750 0.293750 0.920312 0.303125 0.926562 0.304688 0.928125 0.306250 0.932813 0.310937 0.937500 0.314063 0.937500 0.320312 0.932813 0.318750 0.923438 0.321875 0.920312 0.325000 0.920312 0.328125 0.917188 0.328125 0.907813 0.325000 0.900000 0.321875 0.896875 0.321875 0.887500