0 0.168750 0.453125 0.168750 0.467187 0.171875 0.471875 0.171875 0.475000 0.168750 0.478125 0.165625 0.478125 0.160938 0.482812 0.160938 0.490625 0.162500 0.493750 0.164062 0.495312 0.167187 0.496875 0.173437 0.498437 0.176563 0.501563 0.178125 0.501563 0.185938 0.510938 0.189062 0.512500 0.193750 0.514062 0.198437 0.514062 0.204687 0.510938 0.210938 0.504687 0.214062 0.503125 0.218750 0.503125 0.223438 0.501563 0.226562 0.500000 0.229687 0.496875 0.229687 0.484375 0.228125 0.481250 0.223438 0.476562 0.221875 0.473438 0.223438 0.465625 0.221875 0.459375 0.220312 0.456250 0.218750 0.454688 0.215625 0.453125 0.198437 0.454688 0.195312 0.454688 0.192188 0.451562 0.187500 0.450000 0.178125 0.448437 0.175000 0.450000 0.171875 0.450000
0 0.273438 0.475000 0.270313 0.475000 0.260937 0.478125 0.245312 0.478125 0.242188 0.479687 0.240625 0.501563 0.237500 0.507812 0.237500 0.518750 0.239063 0.521875 0.253125 0.535937 0.254688 0.540625 0.257812 0.543750 0.257812 0.545312 0.259375 0.546875 0.265625 0.550000 0.271875 0.550000 0.275000 0.548438 0.278125 0.545312 0.289062 0.543750 0.289062 0.515625 0.285938 0.509375 0.287500 0.501563 0.285938 0.498437 0.282813 0.495312 0.281250 0.490625 0.281250 0.479687 0.278125 0.476562
0 0.193750 0.581250 0.181250 0.582812 0.176563 0.584375 0.173437 0.585938 0.168750 0.590625 0.167187 0.595313 0.164062 0.598437 0.159375 0.598437 0.156250 0.600000 0.153125 0.603125 0.151562 0.606250 0.151562 0.615625 0.153125 0.617188 0.153125 0.625000 0.150000 0.631250 0.150000 0.637500 0.156250 0.643750 0.159375 0.645312 0.162500 0.645312 0.165625 0.646875 0.168750 0.650000 0.171875 0.657813 0.176563 0.660937 0.179688 0.662500 0.189062 0.662500 0.193750 0.659375 0.198437 0.654687 0.215625 0.654687 0.218750 0.651563 0.220312 0.648438 0.220312 0.642188 0.223438 0.635938 0.223438 0.631250 0.225000 0.629687 0.225000 0.626563 0.223438 0.625000 0.221875 0.618750 0.221875 0.606250 0.220312 0.603125 0.215625 0.598437 0.215625 0.592187 0.214062 0.589063 0.209375 0.585938 0.203125 0.582812
0 0.168750 0.560937 0.168750 0.570312 0.170313 0.573438 0.176563 0.579688 0.179688 0.581250 0.189062 0.582812 0.196875 0.581250 0.203125 0.582812 0.214062 0.589063 0.223438 0.589063 0.226562 0.585938 0.228125 0.581250 0.225000 0.575000 0.220312 0.571875 0.217188 0.570312 0.209375 0.568750 0.206250 0.567187 0.198437 0.560937 0.195312 0.559375 0.179688 0.556250 0.173437 0.556250 0.170313 0.557813
0 0.267188 0.560937 0.259375 0.568750 0.242188 0.579688 0.235937 0.579688 0.232813 0.581250 0.231250 0.582812 0.231250 0.584375 0.228125 0.587500 0.228125 0.600000 0.223438 0.606250 0.223438 0.615625 0.226562 0.626563 0.231250 0.635938 0.235937 0.640625 0.248438 0.646875 0.253125 0.646875 0.265625 0.653125 0.270313 0.654687 0.278125 0.654687 0.293750 0.639062 0.301563 0.634375 0.309375 0.628125 0.310937 0.623437 0.314063 0.617188 0.310937 0.609375 0.304688 0.598437 0.298438 0.592187 0.295312 0.587500 0.292187 0.579688 0.292187 0.575000 0.287500 0.567187 0.284375 0.564063 0.278125 0.560937
0 0.301563 0.529687 0.298438 0.531250 0.295312 0.539062 0.295312 0.548438 0.296875 0.550000 0.296875 0.559375 0.292187 0.567187 0.292187 0.570312 0.293750 0.581250 0.296875 0.587500 0.300000 0.592187 0.310937 0.603125 0.310937 0.606250 0.312500 0.609375 0.317188 0.614062 0.314063 0.615625 0.314063 0.618750 0.317188 0.618750 0.332813 0.610938 0.340625 0.603125 0.343750 0.601562 0.356250 0.601562 0.360938 0.596875 0.362500 0.593750 0.362500 0.589063 0.360938 0.585938 0.354687 0.579688 0.351562 0.571875 0.342187 0.562500 0.339062 0.556250 0.337500 0.554688 0.332813 0.551562 0.314063 0.531250 0.310937 0.529687
0 0.321875 0.628125 0.312500 0.628125 0.307812 0.631250 0.300000 0.637500 0.287500 0.648438 0.279687 0.657813 0.281250 0.664062 0.275000 0.670312 0.271875 0.676562 0.271875 0.687500 0.273438 0.690625 0.279687 0.696875 0.282813 0.698438 0.285938 0.698438 0.289062 0.701562 0.292187 0.703125 0.298438 0.703125 0.306250 0.700000 0.314063 0.695312 0.318750 0.693750 0.323437 0.693750 0.328125 0.692187 0.332813 0.687500 0.334375 0.684375 0.335938 0.667188 0.335938 0.656250 0.334375 0.639062 0.325000 0.629687
0 0.357812 0.631250 0.354687 0.632812 0.353125 0.635938 0.351562 0.643750 0.350000 0.646875 0.345313 0.653125 0.343750 0.656250 0.342187 0.660937 0.342187 0.665625 0.337500 0.679688 0.337500 0.682813 0.339062 0.685937 0.342187 0.690625 0.346875 0.695312 0.351562 0.698438 0.360938 0.700000 0.370312 0.696875 0.376563 0.696875 0.378125 0.693750 0.378125 0.690625 0.376563 0.679688 0.373437 0.671875 0.373437 0.667188 0.376563 0.664062 0.378125 0.664062 0.379688 0.654687 0.378125 0.648438 0.373437 0.639062 0.365625 0.637500 0.360938 0.632812
0 0.350000 0.700000 0.348438 0.696875 0.337500 0.685937 0.335938 0.685937 0.328125 0.689063 0.321875 0.693750 0.318750 0.695312 0.304688 0.700000 0.301563 0.703125 0.290625 0.704688 0.287500 0.707812 0.285938 0.710938 0.284375 0.715625 0.284375 0.721875 0.285938 0.725000 0.292187 0.731250 0.296875 0.732812 0.301563 0.732812 0.314063 0.726562 0.318750 0.723437 0.332813 0.709375 0.342187 0.707812 0.348438 0.704688
0 0.196875 0.729688 0.196875 0.734375 0.200000 0.735938 0.209375 0.739062 0.218750 0.740625 0.228125 0.745313 0.234375 0.750000 0.245312 0.760938 0.251563 0.760938 0.254688 0.759375 0.257812 0.756250 0.264062 0.753125 0.268750 0.753125 0.268750 0.750000 0.265625 0.746875 0.264062 0.743750 0.264062 0.740625 0.260937 0.737500 0.260937 0.734375 0.248438 0.715625 0.242188 0.712500 0.237500 0.710938 0.232813 0.710938 0.231250 0.709375 0.228125 0.709375 0.221875 0.712500 0.220312 0.718750 0.217188 0.721875 0.207813 0.725000 0.201563 0.725000
0 0.685937 0.409375 0.681250 0.414062 0.679688 0.417187 0.679688 0.429688 0.682813 0.439063 0.681250 0.450000 0.681250 0.453125 0.682813 0.454688 0.682813 0.459375 0.690625 0.467187 0.693750 0.468750 0.709375 0.468750 0.712500 0.470313 0.715625 0.473438 0.718750 0.475000 0.725000 0.476562 0.737500 0.476562 0.742188 0.475000 0.746875 0.470313 0.748437 0.467187 0.750000 0.460938 0.750000 0.446875 0.753125 0.443750 0.760938 0.437500 0.760938 0.429688 0.759375 0.426563 0.756250 0.421875 0.748437 0.415625 0.746875 0.412500 0.745313 0.407813 0.739062 0.401562 0.732812 0.398438 0.728125 0.396875 0.718750 0.396875 0.714063 0.398438 0.707812 0.403125 0.706250 0.404687 0.706250 0.406250 0.689063 0.407813
0 0.678125 0.320312 0.676562 0.323437 0.675000 0.328125 0.675000 0.334375 0.676562 0.335938 0.675000 0.342187 0.671875 0.343750 0.668750 0.343750 0.665625 0.346875 0.664062 0.346875 0.662500 0.348438 0.660937 0.351562 0.660937 0.359375 0.668750 0.367188 0.670312 0.370312 0.670312 0.373437 0.678125 0.381250 0.687500 0.389062 0.693750 0.393750 0.700000 0.396875 0.707812 0.396875 0.710938 0.395313 0.715625 0.390625 0.726562 0.389062 0.746875 0.390625 0.745313 0.387500 0.748437 0.382812 0.750000 0.373437 0.750000 0.362500 0.748437 0.351562 0.745313 0.346875 0.745313 0.342187 0.743750 0.339062 0.740625 0.335938 0.735938 0.332813 0.725000 0.329688 0.717187 0.329688 0.714063 0.328125 0.706250 0.320312 0.700000 0.317188 0.692187 0.315625 0.689063 0.315625 0.687500 0.317188 0.682813 0.317188
0 0.754687 0.339062 0.751563 0.342187 0.750000 0.345313 0.746875 0.356250 0.745313 0.392188 0.751563 0.396875 0.759375 0.415625 0.767188 0.423438 0.770312 0.423438 0.773438 0.425000 0.776563 0.428125 0.778125 0.437500 0.782813 0.443750 0.789062 0.446875 0.793750 0.442188 0.803125 0.442188 0.806250 0.440625 0.807813 0.439063 0.807813 0.437500 0.810937 0.434375 0.820312 0.431250 0.823438 0.423438 0.818750 0.409375 0.812500 0.403125 0.810937 0.400000 0.814063 0.395313 0.815625 0.389062 0.815625 0.384375 0.814063 0.379688 0.803125 0.368750 0.800000 0.360938 0.793750 0.353125 0.792188 0.350000 0.790625 0.343750 0.787500 0.340625 0.784375 0.339062 0.778125 0.339062 0.773438 0.340625 0.770312 0.343750 0.764062 0.342187 0.760938 0.340625 0.759375 0.339062
0 0.462500 0.223438 0.459375 0.226562 0.457813 0.229687 0.456250 0.235937 0.456250 0.242188 0.457813 0.254688 0.454688 0.262500 0.454688 0.275000 0.456250 0.279687 0.464062 0.287500 0.470313 0.290625 0.481250 0.290625 0.485938 0.292187 0.489063 0.293750 0.492188 0.296875 0.495312 0.298438 0.512500 0.298438 0.515625 0.296875 0.518750 0.293750 0.520312 0.290625 0.520312 0.281250 0.523438 0.278125 0.529687 0.276562 0.532813 0.273438 0.532813 0.271875 0.537500 0.267188 0.539062 0.264062 0.539062 0.260937 0.537500 0.257812 0.521875 0.242188 0.518750 0.228125 0.515625 0.226562 0.504687 0.225000 0.492188 0.225000 0.485938 0.221875 0.465625 0.221875
0 0.576562 0.237500 0.570312 0.240625 0.567187 0.243750 0.565625 0.246875 0.564063 0.251563 0.564063 0.257812 0.560937 0.260937 0.559375 0.260937 0.557813 0.262500 0.556250 0.265625 0.556250 0.282813 0.557813 0.287500 0.560937 0.290625 0.560937 0.292187 0.568750 0.298438 0.570312 0.304688 0.573438 0.310937 0.575000 0.312500 0.576562 0.312500 0.579688 0.315625 0.582812 0.317188 0.589063 0.317188 0.590625 0.318750 0.595313 0.318750 0.598437 0.315625 0.598437 0.312500 0.603125 0.307812 0.612500 0.307812 0.623437 0.304688 0.626563 0.301563 0.628125 0.298438 0.628125 0.292187 0.632812 0.287500 0.632812 0.284375 0.634375 0.281250 0.631250 0.275000 0.621875 0.267188 0.621875 0.265625 0.620313 0.262500 0.623437 0.257812 0.623437 0.251563 0.620313 0.246875 0.615625 0.243750 0.612500 0.242188 0.604688 0.240625 0.596875 0.242188 0.592187 0.242188 0.581250 0.237500
0 0.654687 0.384375 0.637500 0.382812 0.634375 0.382812 0.632812 0.384375 0.628125 0.384375 0.595313 0.398438 0.589063 0.404687 0.587500 0.407813 0.587500 0.415625 0.589063 0.420312 0.598437 0.429688 0.601562 0.431250 0.604688 0.431250 0.607812 0.432812 0.610938 0.435937 0.612500 0.443750 0.617188 0.451562 0.623437 0.454688 0.626563 0.454688 0.635938 0.453125 0.642188 0.451562 0.645312 0.450000 0.648438 0.446875 0.651563 0.445312 0.667188 0.445312 0.670312 0.442188 0.671875 0.439063 0.671875 0.421875 0.668750 0.414062 0.668750 0.401562 0.665625 0.395313 0.662500 0.390625 0.657813 0.385937
0 0.554688 0.357812 0.545312 0.348438 0.532813 0.340625 0.525000 0.337500 0.512500 0.337500 0.506250 0.339062 0.503125 0.340625 0.498437 0.343750 0.487500 0.356250 0.485938 0.359375 0.482812 0.367188 0.482812 0.381250 0.484375 0.385937 0.487500 0.392188 0.492188 0.396875 0.495312 0.398438 0.503125 0.398438 0.512500 0.396875 0.515625 0.393750 0.520312 0.392188 0.540625 0.392188 0.545312 0.390625 0.548438 0.387500 0.550000 0.382812 0.550000 0.376563 0.556250 0.365625 0.556250 0.362500
0 0.564063 0.407813 0.562500 0.404687 0.557813 0.398438 0.556250 0.396875 0.554688 0.396875 0.551562 0.393750 0.542188 0.390625 0.535937 0.390625 0.518750 0.392188 0.512500 0.393750 0.500000 0.400000 0.498437 0.401562 0.496875 0.406250 0.492188 0.410938 0.489063 0.417187 0.489063 0.426563 0.492188 0.429688 0.496875 0.429688 0.500000 0.431250 0.503125 0.435937 0.507812 0.439063 0.514062 0.442188 0.523438 0.445312 0.528125 0.445312 0.531250 0.443750 0.534375 0.440625 0.537500 0.435937 0.537500 0.434375 0.543750 0.432812 0.545312 0.434375 0.551562 0.434375 0.557813 0.432812 0.564063 0.426563
0 0.648438 0.314063 0.645312 0.312500 0.640625 0.310937 0.631250 0.310937 0.607812 0.312500 0.604688 0.314063 0.604688 0.318750 0.609375 0.325000 0.609375 0.328125 0.606250 0.331250 0.598437 0.337500 0.590625 0.348438 0.587500 0.354687 0.587500 0.359375 0.592187 0.367188 0.592187 0.381250 0.593750 0.385937 0.595313 0.389062 0.598437 0.392188 0.606250 0.393750 0.609375 0.393750 0.610938 0.392188 0.615625 0.392188 0.620313 0.390625 0.623437 0.389062 0.626563 0.385937 0.632812 0.382812 0.637500 0.381250 0.654687 0.381250 0.657813 0.378125 0.657813 0.368750 0.654687 0.356250 0.657813 0.353125 0.659375 0.348438 0.659375 0.343750 0.660937 0.342187 0.660937 0.339062 0.654687 0.328125 0.654687 0.320312
0 0.400000 0.400000 0.395313 0.404687 0.390625 0.415625 0.389062 0.420312 0.387500 0.428125 0.387500 0.435937 0.389062 0.440625 0.392188 0.443750 0.398438 0.446875 0.404687 0.453125 0.414062 0.459375 0.417187 0.459375 0.420312 0.460938 0.421875 0.465625 0.431250 0.464062 0.437500 0.468750 0.442188 0.470313 0.453125 0.470313 0.457813 0.468750 0.473438 0.453125 0.473438 0.442188 0.471875 0.440625 0.471875 0.428125 0.470313 0.420312 0.468750 0.417187 0.464062 0.412500 0.457813 0.409375 0.450000 0.409375 0.442188 0.406250 0.440625 0.403125 0.440625 0.400000 0.439063 0.396875 0.435937 0.393750 0.425000 0.393750 0.417187 0.396875 0.406250 0.396875
0 0.348438 0.429688 0.345313 0.432812 0.342187 0.439063 0.342187 0.442188 0.345313 0.446875 0.337500 0.453125 0.335938 0.456250 0.335938 0.459375 0.332813 0.462500 0.331250 0.465625 0.331250 0.478125 0.332813 0.481250 0.334375 0.482812 0.340625 0.485938 0.356250 0.487500 0.360938 0.489063 0.370312 0.493750 0.385937 0.498437 0.395313 0.498437 0.398438 0.496875 0.404687 0.490625 0.407813 0.484375 0.417187 0.475000 0.421875 0.468750 0.421875 0.465625 0.417187 0.460938 0.415625 0.460938 0.409375 0.454688 0.401562 0.450000 0.393750 0.446875 0.387500 0.439063 0.384375 0.435937 0.382812 0.435937 0.378125 0.431250 0.375000 0.429688 0.364063 0.426563 0.357812 0.426563
0 0.390625 0.403125 0.389062 0.398438 0.385937 0.395313 0.381250 0.393750 0.376563 0.393750 0.373437 0.395313 0.368750 0.401562 0.362500 0.401562 0.353125 0.398438 0.345313 0.398438 0.335938 0.400000 0.331250 0.401562 0.328125 0.403125 0.326562 0.406250 0.326562 0.410938 0.328125 0.417187 0.332813 0.421875 0.335938 0.423438 0.345313 0.426563 0.350000 0.426563 0.365625 0.425000 0.373437 0.428125 0.385937 0.426563 0.387500 0.423438 0.387500 0.417187 0.390625 0.412500
0 0.512281 0.541063 0.506250 0.531250 0.498437 0.517188 0.492188 0.510938 0.490625 0.500000 0.481250 0.498437 0.470313 0.498437 0.465625 0.500000 0.460938 0.503125 0.454688 0.504687 0.446875 0.503125 0.440625 0.500000 0.426563 0.500000 0.418750 0.504687 0.404687 0.503125 0.398438 0.503125 0.395313 0.504687 0.395313 0.509375 0.385937 0.518750 0.387500 0.525000 0.395313 0.529687 0.400000 0.529687 0.403125 0.528125 0.406250 0.523438 0.409375 0.521875 0.412500 0.521875 0.415625 0.523438 0.418750 0.526563 0.418750 0.529687 0.420312 0.532813 0.423438 0.535937 0.426563 0.537500 0.434375 0.537500 0.440625 0.534375 0.443750 0.534375 0.451562 0.537500 0.462500 0.543750 0.471875 0.543750 0.478125 0.537500 0.479687 0.532813 0.482812 0.529687 0.487500 0.529687 0.490625 0.531250 0.495312 0.535937 0.495312 0.537500 0.498437 0.540625 0.509703 0.549141
0 0.517188 0.485938 0.512500 0.487500 0.506250 0.490625 0.503125 0.493750 0.501563 0.498437 0.501563 0.514062 0.503125 0.518750 0.504687 0.521875 0.512500 0.532813 0.514062 0.535937 0.514062 0.540625 0.512500 0.548438 0.518750 0.560937 0.528125 0.570312 0.532813 0.571875 0.542188 0.571875 0.550000 0.568750 0.559375 0.560937 0.564063 0.556250 0.565625 0.553125 0.565625 0.503125 0.564063 0.500000 0.559375 0.495312 0.553125 0.490625 0.550000 0.489063 0.545312 0.489063 0.535937 0.490625 0.531250 0.487500 0.523438 0.485938
0 0.598437 0.459375 0.595313 0.462500 0.595313 0.475000 0.596875 0.479687 0.606250 0.489063 0.606250 0.492188 0.610938 0.496875 0.625000 0.503125 0.631250 0.504687 0.637500 0.504687 0.640625 0.503125 0.642188 0.501563 0.645312 0.495312 0.645312 0.492188 0.646875 0.489063 0.648438 0.487500 0.651563 0.485938 0.665625 0.485938 0.665625 0.481250 0.664062 0.476562 0.660937 0.470313 0.645312 0.456250 0.642188 0.454688 0.634375 0.454688 0.607812 0.456250 0.601562 0.457813
0 0.684375 0.498437 0.684375 0.503125 0.685937 0.506250 0.693750 0.509375 0.700000 0.515625 0.700000 0.518750 0.701562 0.521875 0.704688 0.525000 0.723437 0.526563 0.729688 0.525000 0.732812 0.523438 0.737500 0.518750 0.737500 0.512500 0.740625 0.509375 0.740625 0.504687 0.737500 0.503125 0.729688 0.500000 0.718750 0.490625 0.715625 0.489063 0.704688 0.489063 0.695312 0.490625 0.690625 0.492188
0 0.581250 0.650000 0.581250 0.657813 0.582812 0.660937 0.587500 0.665625 0.590625 0.667188 0.595313 0.668750 0.600000 0.668750 0.603125 0.667188 0.606250 0.664062 0.620313 0.664062 0.626563 0.660937 0.640625 0.660937 0.637500 0.656250 0.634375 0.653125 0.625000 0.645312 0.618750 0.640625 0.612500 0.637500 0.596875 0.634375 0.593750 0.634375 0.590625 0.635938 0.584375 0.643750
0 0.498437 0.603125 0.496875 0.612500 0.501563 0.618750 0.501563 0.623437 0.504687 0.629687 0.506250 0.631250 0.510938 0.632812 0.512500 0.634375 0.514062 0.637500 0.514062 0.642188 0.517188 0.646875 0.521875 0.650000 0.526563 0.651563 0.531250 0.651563 0.542188 0.646875 0.545312 0.646875 0.554688 0.648438 0.564063 0.653125 0.568750 0.651563 0.581250 0.645312 0.582812 0.643750 0.582812 0.642188 0.585938 0.639062 0.585938 0.634375 0.582812 0.631250 0.575000 0.631250 0.571875 0.629687 0.557813 0.617188 0.554688 0.614062 0.551562 0.609375 0.548438 0.601562 0.543750 0.596875 0.542188 0.596875 0.539062 0.593750 0.539062 0.592187 0.525000 0.590625 0.520312 0.595313 0.520312 0.596875 0.517188 0.600000 0.507812 0.600000 0.501563 0.601562
0 0.534672 0.583922 0.534672 0.590172 0.539359 0.591734 0.542484 0.594859 0.545609 0.594859 0.552078 0.608281 0.560219 0.616453 0.570609 0.626109 0.575297 0.626109 0.576859 0.627672 0.586234 0.627672 0.594047 0.618297 0.598734 0.613609 0.612797 0.613609 0.615922 0.612047 0.612812 0.585906 0.597141 0.570641 0.584672 0.563609 0.576859 0.560484 0.565922 0.560484 0.561234 0.562047 0.558109 0.563609 0.553422 0.568297 0.551859 0.572984 0.550297 0.574547 0.547172 0.576109 0.542484 0.576109 0.539359 0.577672 0.537797 0.579234 0.537797 0.580797
0 0.626563 0.507812 0.621875 0.504687 0.612500 0.500000 0.607812 0.498437 0.601562 0.498437 0.598437 0.500000 0.593750 0.504687 0.590625 0.506250 0.570312 0.504687 0.567187 0.507812 0.565625 0.514062 0.565625 0.553125 0.568750 0.556250 0.571875 0.557813 0.578125 0.559375 0.590625 0.559375 0.593750 0.557813 0.596875 0.551562 0.600000 0.543750 0.600000 0.537500 0.601562 0.532813 0.606250 0.528125 0.615625 0.526563 0.620313 0.525000 0.626563 0.521875 0.628125 0.514062 0.626563 0.512500
0 0.697391 0.573500 0.697594 0.573078 0.707891 0.569719 0.713141 0.565516 0.715875 0.561312 0.716922 0.556266 0.721328 0.553328 0.725313 0.549766 0.721750 0.546609 0.710406 0.543469 0.703266 0.542203 0.702422 0.538000 0.703688 0.532547 0.703688 0.527500 0.699703 0.521625 0.692344 0.516578 0.687937 0.513219 0.682063 0.517422 0.678063 0.523937 0.674297 0.530859 0.673234 0.534438 0.672813 0.535281 0.673453 0.537797 0.676391 0.540937 0.681641 0.544937 0.685000 0.551859 0.686891 0.559219 0.688359 0.563000 0.691094 0.564672 0.692562 0.565937 0.693609 0.566141 0.695703 0.566141
0 0.697594 0.576219 0.696344 0.582516 0.696125 0.598484 0.691922 0.610453 0.684578 0.606875 0.678063 0.601219 0.673656 0.595125 0.669250 0.591969 0.664625 0.594078 0.661484 0.599328 0.658953 0.598484 0.650984 0.591344 0.646578 0.588609 0.642578 0.584203 0.640688 0.580844 0.639016 0.577906 0.636078 0.573500 0.632297 0.568875 0.626828 0.565937 0.620734 0.563406 0.612344 0.560047 0.606469 0.557953 0.601625 0.554594 0.602891 0.548922 0.609187 0.543672 0.612766 0.540531 0.602688 0.535687 0.601000 0.531500 0.605203 0.527297 0.621375 0.526031 0.627047 0.527078 0.632078 0.526875 0.632078 0.521000 0.633125 0.520359 0.638375 0.523516 0.640906 0.525609 0.645734 0.522891 0.654766 0.519531 0.661687 0.523719 0.661266 0.530859 0.660641 0.535281 0.660844 0.536750 0.666312 0.535484 0.671563 0.537375 0.674703 0.541781 0.680375 0.546828 0.685844 0.550609 0.689203 0.558578 0.691094 0.566563 0.692766 0.571187
0 0.267188 0.139063 0.267188 0.142187 0.273438 0.146875 0.273438 0.148438 0.278125 0.153125 0.284375 0.156250 0.287500 0.159375 0.290625 0.165625 0.292187 0.170313 0.292187 0.176563 0.293750 0.182812 0.295312 0.185938 0.296875 0.187500 0.300000 0.189062 0.304688 0.190625 0.318750 0.190625 0.323437 0.193750 0.329688 0.193750 0.332813 0.190625 0.334375 0.187500 0.334375 0.176563 0.325000 0.159375 0.318750 0.151562 0.314063 0.137500 0.310937 0.131250 0.301563 0.123438 0.296875 0.120313 0.292187 0.121875 0.290625 0.135937 0.285938 0.137500 0.270313 0.137500
0 0.353125 0.139063 0.351562 0.151562 0.348438 0.154688 0.342187 0.157812 0.339062 0.160938 0.337500 0.164062 0.337500 0.170313 0.339062 0.171875 0.339062 0.178125 0.337500 0.189062 0.339062 0.192188 0.343750 0.193750 0.353125 0.198437 0.364063 0.209375 0.367188 0.210938 0.378125 0.209375 0.382812 0.209375 0.392188 0.214062 0.400000 0.214062 0.403125 0.212500 0.406250 0.206250 0.414062 0.201563 0.415625 0.201563 0.417187 0.200000 0.417187 0.198437 0.418750 0.195312 0.415625 0.192188 0.403125 0.192188 0.401562 0.193750 0.389062 0.192188 0.389062 0.189062 0.396875 0.181250 0.398438 0.181250 0.404687 0.175000 0.409375 0.167187 0.409375 0.160938 0.406250 0.157812 0.400000 0.154688 0.392188 0.153125 0.389062 0.151562 0.381250 0.143750 0.373437 0.137500 0.370312 0.135937 0.359375 0.135937
0 0.418750 0.070312 0.417187 0.067187 0.409375 0.059375 0.407813 0.056250 0.407813 0.053125 0.406250 0.050000 0.400000 0.043750 0.395313 0.040625 0.384375 0.040625 0.381250 0.042188 0.375000 0.046875 0.367188 0.046875 0.353125 0.045312 0.346875 0.048438 0.343750 0.051562 0.340625 0.057813 0.340625 0.064062 0.345313 0.073438 0.345313 0.076563 0.342187 0.079687 0.340625 0.079687 0.337500 0.082812 0.335938 0.085938 0.335938 0.096875 0.342187 0.103125 0.348438 0.106250 0.364063 0.106250 0.373437 0.109375 0.384375 0.109375 0.390625 0.107813 0.393750 0.106250 0.396875 0.103125 0.396875 0.100000 0.404687 0.092188 0.406250 0.087500 0.410938 0.081250 0.418750 0.073438
0 0.432812 0.060937 0.429688 0.064062 0.428125 0.067187 0.428125 0.071875 0.425000 0.075000 0.417187 0.075000 0.412500 0.079687 0.409375 0.084375 0.401562 0.098437 0.401562 0.109375 0.407813 0.115625 0.414062 0.118750 0.420312 0.125000 0.421875 0.129688 0.425000 0.132812 0.425000 0.134375 0.429688 0.135937 0.434375 0.139063 0.440625 0.140625 0.448437 0.140625 0.454688 0.137500 0.462500 0.137500 0.476562 0.139063 0.481250 0.134375 0.485938 0.123438 0.484375 0.114062 0.484375 0.110937 0.485938 0.107813 0.489063 0.104688 0.490625 0.101562 0.490625 0.095312 0.487500 0.093750 0.484375 0.093750 0.481250 0.096875 0.475000 0.089063 0.473438 0.084375 0.467187 0.078125 0.457813 0.071875 0.454688 0.068750 0.448437 0.060937 0.443750 0.059375 0.437500 0.059375
0 0.525000 0.000000 0.501563 0.000000 0.500000 0.004687 0.493750 0.010937 0.490625 0.010937 0.485938 0.007812 0.476562 0.004687 0.465625 0.004687 0.462500 0.006250 0.459375 0.009375 0.459375 0.023438 0.460938 0.029687 0.464062 0.032813 0.465625 0.037500 0.460938 0.042188 0.460938 0.050000 0.462500 0.056250 0.464062 0.059375 0.465625 0.060937 0.467187 0.060937 0.470313 0.064062 0.482812 0.064062 0.490625 0.068750 0.500000 0.068750 0.506250 0.065625 0.510938 0.059375 0.512500 0.054688 0.518750 0.051562 0.523438 0.050000 0.535937 0.050000 0.542188 0.046875 0.545312 0.043750 0.545312 0.034375 0.539062 0.028125 0.534375 0.026562 0.532813 0.021875 0.534375 0.020313 0.534375 0.015625 0.529687 0.006250
0 0.554688 0.000000 0.553125 0.003125 0.548438 0.017188 0.548438 0.028125 0.550000 0.032813 0.551562 0.035937 0.556250 0.040625 0.560937 0.042188 0.564063 0.043750 0.565625 0.045312 0.567187 0.050000 0.575000 0.057813 0.578125 0.064062 0.582812 0.067187 0.587500 0.068750 0.590625 0.068750 0.596875 0.065625 0.604688 0.065625 0.606250 0.067187 0.614062 0.067187 0.617188 0.065625 0.620313 0.062500 0.621875 0.057813 0.621875 0.050000 0.617188 0.043750 0.618750 0.040625 0.623437 0.034375 0.625000 0.031250 0.625000 0.021875 0.621875 0.018750 0.621875 0.017188 0.620313 0.015625 0.614062 0.012500 0.600000 0.007812 0.589063 0.007812 0.584375 0.003125 0.584375 0.000000
0 0.559375 0.045312 0.548438 0.045312 0.537500 0.051562 0.525000 0.051562 0.518750 0.054688 0.512500 0.062500 0.510938 0.062500 0.507812 0.065625 0.507812 0.068750 0.509375 0.071875 0.515625 0.076563 0.515625 0.079687 0.512500 0.082812 0.507812 0.084375 0.504687 0.085938 0.503125 0.087500 0.501563 0.090625 0.501563 0.106250 0.503125 0.109375 0.507812 0.114062 0.510938 0.115625 0.525000 0.115625 0.531250 0.121875 0.535937 0.125000 0.542188 0.128125 0.550000 0.128125 0.553125 0.126562 0.560937 0.118750 0.564063 0.117188 0.573438 0.117188 0.576562 0.115625 0.579688 0.112500 0.581250 0.109375 0.581250 0.090625 0.579688 0.081250 0.576562 0.075000 0.579688 0.071875 0.579688 0.067187 0.576562 0.062500 0.567187 0.053125 0.567187 0.051562 0.562500 0.046875
0 0.615625 0.079687 0.607812 0.079687 0.603125 0.081250 0.592187 0.093750 0.584375 0.100000 0.584375 0.109375 0.585938 0.120313 0.587500 0.125000 0.592187 0.131250 0.593750 0.132812 0.600000 0.135937 0.606250 0.137500 0.610938 0.137500 0.612500 0.135937 0.615625 0.135937 0.620313 0.129688 0.620313 0.121875 0.631250 0.110937 0.635938 0.103125 0.637500 0.100000 0.637500 0.095312 0.634375 0.092188 0.631250 0.090625 0.625000 0.089063 0.620313 0.082812 0.618750 0.081250
0 0.607437 0.142063 0.605875 0.138937 0.599625 0.135813 0.588688 0.132688 0.580875 0.131125 0.563688 0.129562 0.555875 0.129562 0.532438 0.138937 0.529312 0.138937 0.526188 0.137375 0.518375 0.138937 0.512125 0.142063 0.507437 0.145187 0.507437 0.153000 0.510563 0.156125 0.515250 0.157688 0.518375 0.159250 0.519937 0.162375 0.518375 0.170187 0.519937 0.173313 0.524625 0.178000 0.529312 0.178000 0.535562 0.176437 0.543375 0.173313 0.549625 0.168625 0.552750 0.167063 0.577750 0.167063 0.582437 0.165500 0.587125 0.160812 0.588156 0.151609 0.596500 0.159250 0.602750 0.159250 0.605875 0.156125 0.607437 0.151438
0 0.467187 0.192188 0.465625 0.206250 0.467187 0.209375 0.470313 0.212500 0.473438 0.214062 0.479687 0.214062 0.482812 0.215625 0.484375 0.217188 0.485938 0.221875 0.489063 0.221875 0.490625 0.223438 0.517188 0.223438 0.515625 0.207813 0.518750 0.201563 0.517188 0.196875 0.514062 0.192188 0.509375 0.189062 0.503125 0.187500 0.493750 0.185938 0.479687 0.185938 0.475000 0.187500
0 0.639062 0.175000 0.634375 0.173437 0.629687 0.173437 0.609375 0.178125 0.604688 0.179688 0.601562 0.181250 0.598437 0.185938 0.600000 0.189062 0.604688 0.196875 0.606250 0.206250 0.606250 0.217188 0.614062 0.217188 0.617188 0.214062 0.620313 0.214062 0.625000 0.210938 0.631250 0.204687 0.637500 0.189062 0.642188 0.182812 0.642188 0.178125
0 0.903125 0.050000 0.887500 0.051562 0.879687 0.051562 0.864062 0.050000 0.860938 0.051562 0.857812 0.057813 0.854688 0.067187 0.856250 0.075000 0.856250 0.078125 0.853125 0.085938 0.853125 0.100000 0.857812 0.104688 0.870313 0.109375 0.881250 0.109375 0.884375 0.107813 0.885938 0.103125 0.889062 0.098437 0.892188 0.095312 0.900000 0.096875 0.903125 0.095312 0.904687 0.090625 0.909375 0.084375 0.912500 0.078125 0.914062 0.073438 0.914062 0.067187 0.912500 0.060937 0.909375 0.054688 0.906250 0.051562
0 0.935937 0.039062 0.925000 0.039062 0.918750 0.043750 0.917188 0.045312 0.914062 0.051562 0.912500 0.057813 0.914062 0.067187 0.914062 0.070312 0.912500 0.075000 0.909375 0.079687 0.909375 0.090625 0.910937 0.093750 0.915625 0.098437 0.920312 0.101562 0.923438 0.103125 0.928125 0.101562 0.932813 0.098437 0.934375 0.095312 0.932813 0.078125 0.932813 0.071875 0.934375 0.068750 0.939063 0.064062 0.950000 0.059375 0.950000 0.054688 0.946875 0.053125 0.942187 0.051562 0.939063 0.048438 0.939063 0.042188
0 0.885938 0.000000 0.890625 0.004687 0.890625 0.010937 0.889062 0.021875 0.892188 0.028125 0.896875 0.031250 0.900000 0.032813 0.909375 0.032813 0.912500 0.029687 0.912500 0.026562 0.915625 0.023438 0.918750 0.021875 0.923438 0.021875 0.926562 0.020313 0.929688 0.017188 0.929688 0.012500 0.917188 0.000000
1 0.468750 0.603125 0.468750 0.610938 0.473438 0.615625 0.482812 0.615625 0.485938 0.614062 0.487500 0.610938 0.487500 0.606250 0.485938 0.603125 0.482812 0.600000 0.471875 0.600000
0 0.613594 0.614109 0.614500 0.611875 0.616937 0.604172 0.618453 0.596078 0.617547 0.588984 0.614000 0.583516 0.606406 0.576422 0.601750 0.572984 0.598203 0.570047 0.596484 0.567516 0.595766 0.565797 0.596578 0.563672 0.598906 0.561953 0.605703 0.563359 0.609234 0.562953 0.611969 0.563875 0.616125 0.566000 0.620781 0.568937 0.625437 0.571969 0.628984 0.575219 0.633844 0.578766 0.637906 0.582906 0.640641 0.587562 0.641750 0.592328 0.635266 0.593547 0.630000 0.591219 0.626859 0.590297 0.626859 0.595359 0.625750 0.601031 0.624328 0.606609 0.623219 0.610156 0.621797 0.611875
0 0.427016 0.208109 0.422469 0.209297 0.415625 0.211141 0.409812 0.212250 0.404750 0.215109 0.402891 0.216797 0.401953 0.221531 0.403641 0.226172 0.412000 0.228109 0.416812 0.228625 0.419094 0.232078 0.423063 0.235797 0.428125 0.239922 0.432250 0.240516 0.437656 0.235031 0.440781 0.230984 0.445000 0.227766 0.453266 0.225328 0.456984 0.223125 0.461625 0.220438 0.463312 0.219422 0.462047 0.215375 0.454453 0.211313 0.444906 0.207187 0.439094 0.206344 0.434031 0.206344
0 0.737500 0.000000 0.739062 0.003125 0.742188 0.004687 0.750000 0.006250 0.754687 0.010937 0.754687 0.014063 0.756250 0.017188 0.759375 0.020313 0.762500 0.021875 0.767188 0.023438 0.776563 0.021875 0.779687 0.020313 0.782813 0.017188 0.782813 0.015625 0.785937 0.012500 0.793750 0.010937 0.796875 0.009375 0.803125 0.004687 0.804688 0.000000
0 0.609375 0.140625 0.607812 0.143750 0.609375 0.153125 0.612500 0.154688 0.620313 0.154688 0.625000 0.153125 0.628125 0.150000 0.629687 0.146875 0.629687 0.143750 0.628125 0.140625 0.623437 0.140625 0.621875 0.139063 0.614062 0.139063 0.612500 0.140625
0 0.995313 0.565625 0.992188 0.567187 0.987500 0.571875 0.985938 0.575000 0.987500 0.585938 0.987500 0.590625 0.982812 0.595313 0.979688 0.601562 0.979688 0.615625 0.981250 0.618750 0.985938 0.623437 0.989062 0.625000 0.998437 0.628125 0.998437 0.565625
0 0.998437 0.637500 0.993750 0.642188 0.984375 0.653125 0.979688 0.654687 0.973437 0.660937 0.973437 0.668750 0.975000 0.671875 0.982812 0.678125 0.985938 0.682813 0.984375 0.689063 0.989062 0.693750 0.995313 0.696875 0.998437 0.696875
0 0.954688 0.710938 0.951562 0.714063 0.951562 0.723437 0.953125 0.726562 0.957812 0.731250 0.959375 0.735938 0.959375 0.742188 0.960938 0.745313 0.970313 0.754687 0.978125 0.757812 0.982812 0.760938 0.998437 0.775000 0.998437 0.701562 0.990625 0.701562 0.985938 0.704688 0.981250 0.710938 0.976562 0.710938 0.957812 0.709375
0 0.992188 0.000000 0.989062 0.003125 0.987500 0.003125 0.985938 0.004687 0.984375 0.007812 0.984375 0.018750 0.985938 0.021875 0.987500 0.023438 0.990625 0.025000 0.989062 0.029687 0.985938 0.032813 0.984375 0.037500 0.984375 0.050000 0.990625 0.056250 0.995313 0.057813 0.998437 0.057813 0.998437 0.000000