0 0.504687 0.060937 0.501563 0.064062 0.501563 0.071875 0.504687 0.078125 0.504687 0.090625 0.506250 0.093750 0.510938 0.098437 0.514062 0.100000 0.525000 0.101562 0.531250 0.106250 0.534375 0.107813 0.539062 0.109375 0.548438 0.109375 0.553125 0.104688 0.554688 0.100000 0.556250 0.089063 0.559375 0.089063 0.562500 0.087500 0.564063 0.079687 0.556250 0.073438 0.550000 0.071875 0.540625 0.062500 0.534375 0.059375 0.529687 0.057813 0.514062 0.057813 0.507812 0.059375
0 0.550000 0.010937 0.551562 0.014063 0.559375 0.023438 0.560937 0.029687 0.565625 0.029687 0.575000 0.026562 0.589063 0.017188 0.592187 0.014063 0.592187 0.012500 0.596875 0.007812 0.601562 0.006250 0.607812 0.004687 0.607812 0.000000 0.551562 0.000000 0.551562 0.003125 0.550000 0.004687
0 0.493750 0.000000 0.493750 0.004687 0.495312 0.010937 0.496875 0.014063 0.498437 0.015625 0.501563 0.017188 0.512500 0.018750 0.517188 0.021875 0.520312 0.021875 0.525000 0.020313 0.528125 0.017188 0.531250 0.010937 0.534375 0.007812 0.540625 0.004687 0.545312 0.003125 0.545312 0.000000
0 0.462500 0.001563 0.459375 0.004687 0.457813 0.014063 0.451562 0.020313 0.450000 0.023438 0.451562 0.031250 0.451562 0.034375 0.448437 0.037500 0.445312 0.037500 0.442188 0.040625 0.442188 0.050000 0.446875 0.054688 0.453125 0.057813 0.465625 0.059375 0.470313 0.062500 0.481250 0.062500 0.482812 0.060937 0.484375 0.057813 0.484375 0.048438 0.490625 0.042188 0.490625 0.034375 0.489063 0.029687 0.484375 0.021875 0.484375 0.015625 0.481250 0.012500 0.479687 0.012500 0.478125 0.010937 0.476562 0.006250 0.473438 0.003125 0.467187 0.001563
0 0.810937 0.173437 0.809375 0.175000 0.807813 0.178125 0.806250 0.185938 0.801562 0.190625 0.796875 0.192188 0.795312 0.198437 0.796875 0.203125 0.803125 0.209375 0.804688 0.209375 0.810937 0.215625 0.812500 0.220312 0.812500 0.228125 0.817187 0.232813 0.826562 0.234375 0.835938 0.234375 0.843750 0.229687 0.851562 0.229687 0.854688 0.228125 0.860938 0.221875 0.862500 0.218750 0.862500 0.210938 0.859375 0.206250 0.859375 0.203125 0.862500 0.198437 0.862500 0.195312 0.864062 0.192188 0.860938 0.185938 0.857812 0.182812 0.854688 0.181250 0.840625 0.182812 0.837500 0.179688 0.835938 0.175000 0.832812 0.171875 0.829688 0.170313 0.817187 0.170313
0 0.718750 0.250000 0.717187 0.253125 0.717187 0.264062 0.718750 0.267188 0.720313 0.268750 0.723437 0.270313 0.725000 0.270313 0.728125 0.271875 0.729688 0.273438 0.731250 0.276562 0.731250 0.279687 0.732812 0.282813 0.746875 0.284375 0.756250 0.279687 0.765625 0.281250 0.768750 0.279687 0.770312 0.278125 0.771875 0.275000 0.771875 0.271875 0.773438 0.268750 0.770312 0.257812 0.770312 0.250000 0.768750 0.246875 0.764062 0.242188 0.759375 0.239063 0.756250 0.237500 0.750000 0.237500 0.743750 0.234375 0.737500 0.234375 0.732812 0.235937 0.728125 0.240625 0.728125 0.242188 0.720313 0.248438
0 0.725000 0.284375 0.725000 0.289062 0.726562 0.292187 0.728125 0.293750 0.729688 0.293750 0.731250 0.295312 0.732812 0.298438 0.729688 0.301563 0.731250 0.314063 0.735938 0.315625 0.739062 0.318750 0.740625 0.321875 0.740625 0.325000 0.743750 0.329688 0.750000 0.332813 0.764062 0.332813 0.768750 0.337500 0.771875 0.337500 0.773438 0.334375 0.773438 0.331250 0.775000 0.328125 0.778125 0.325000 0.781250 0.325000 0.785937 0.320312 0.785937 0.309375 0.784375 0.306250 0.781250 0.303125 0.781250 0.301563 0.779687 0.300000 0.776563 0.298438 0.771875 0.296875 0.765625 0.292187 0.759375 0.284375 0.756250 0.282813 0.753125 0.282813 0.745313 0.287500 0.742188 0.287500 0.740625 0.285938 0.735938 0.285938 0.731250 0.282813
0 0.798438 0.232813 0.795312 0.234375 0.790625 0.239063 0.790625 0.243750 0.782813 0.251563 0.782813 0.259375 0.781250 0.264062 0.778125 0.267188 0.778125 0.271875 0.779687 0.276562 0.782813 0.282813 0.789062 0.290625 0.793750 0.293750 0.801562 0.296875 0.821875 0.296875 0.826562 0.295312 0.829688 0.293750 0.834375 0.290625 0.843750 0.281250 0.848437 0.271875 0.848437 0.264062 0.845313 0.254688 0.843750 0.251563 0.837500 0.246875 0.835938 0.245312 0.832812 0.237500 0.829688 0.235937 0.825000 0.234375 0.817187 0.234375 0.815625 0.235937 0.809375 0.235937 0.803125 0.232813
0 0.864062 0.251563 0.859375 0.251563 0.853125 0.253125 0.850000 0.254688 0.848437 0.256250 0.848437 0.257812 0.846875 0.260937 0.848437 0.270313 0.846875 0.276562 0.845313 0.279687 0.835938 0.290625 0.839063 0.293750 0.843750 0.295312 0.846875 0.298438 0.845313 0.303125 0.846875 0.306250 0.848437 0.307812 0.850000 0.307812 0.853125 0.310937 0.856250 0.312500 0.860938 0.310937 0.865625 0.306250 0.875000 0.307812 0.878125 0.307812 0.882812 0.306250 0.889062 0.300000 0.890625 0.296875 0.890625 0.289062 0.885938 0.281250 0.885938 0.278125 0.889062 0.273438 0.889062 0.267188 0.879687 0.257812 0.876563 0.256250 0.871875 0.256250
0 0.793750 0.315625 0.792188 0.320312 0.793750 0.326562 0.795312 0.329688 0.798438 0.332813 0.803125 0.334375 0.804688 0.335938 0.806250 0.339062 0.807813 0.345313 0.814063 0.351562 0.818750 0.353125 0.831250 0.351562 0.839063 0.351562 0.840625 0.353125 0.850000 0.353125 0.853125 0.351562 0.857812 0.346875 0.857812 0.339062 0.854688 0.334375 0.854688 0.331250 0.857812 0.326562 0.857812 0.318750 0.854688 0.314063 0.851562 0.310937 0.846875 0.307812 0.835938 0.307812 0.829688 0.301563 0.826562 0.300000 0.807813 0.300000 0.806250 0.303125 0.806250 0.306250 0.801562 0.310937 0.796875 0.312500
0 0.890625 0.393750 0.889062 0.400000 0.892188 0.403125 0.900000 0.406250 0.903125 0.409375 0.901563 0.417187 0.901563 0.420312 0.907813 0.426563 0.910937 0.428125 0.926562 0.428125 0.939063 0.426563 0.945312 0.425000 0.948438 0.423438 0.950000 0.421875 0.953125 0.415625 0.953125 0.409375 0.951562 0.407813 0.951562 0.403125 0.953125 0.401562 0.953125 0.395313 0.950000 0.389062 0.946875 0.385937 0.943750 0.384375 0.940625 0.384375 0.937500 0.382812 0.934375 0.379688 0.931250 0.378125 0.926562 0.376563 0.910937 0.376563 0.906250 0.378125 0.898438 0.385937 0.898438 0.387500
0 0.967187 0.487500 0.954688 0.489063 0.946875 0.487500 0.942187 0.487500 0.935937 0.489063 0.932813 0.492188 0.931250 0.492188 0.929688 0.493750 0.928125 0.496875 0.928125 0.500000 0.918750 0.509375 0.917188 0.512500 0.917188 0.523438 0.918750 0.526563 0.931250 0.539062 0.942187 0.539062 0.943750 0.540625 0.953125 0.540625 0.956250 0.539062 0.962500 0.531250 0.965625 0.528125 0.970313 0.526563 0.973437 0.523438 0.975000 0.520312 0.976562 0.515625 0.978125 0.504687 0.978125 0.501563 0.976562 0.496875 0.973437 0.490625
0 0.857812 0.496875 0.857812 0.517188 0.859375 0.521875 0.864062 0.526563 0.868750 0.528125 0.875000 0.528125 0.879687 0.526563 0.887500 0.521875 0.893750 0.521875 0.896875 0.520312 0.900000 0.517188 0.900000 0.506250 0.898438 0.501563 0.896875 0.498437 0.893750 0.495312 0.893750 0.493750 0.892188 0.492188 0.890625 0.492188 0.887500 0.489063 0.881250 0.485938 0.868750 0.485938 0.864062 0.489063
1 0.900000 0.478125 0.895312 0.481250 0.895312 0.484375 0.893750 0.485938 0.893750 0.492188 0.896875 0.496875 0.896875 0.500000 0.898438 0.503125 0.901563 0.504687 0.907813 0.504687 0.910937 0.503125 0.917188 0.496875 0.917188 0.487500 0.914062 0.481250 0.912500 0.479687 0.909375 0.478125
1 0.948438 0.456250 0.945312 0.459375 0.945312 0.467187 0.946875 0.470313 0.948438 0.471875 0.951562 0.473438 0.959375 0.473438 0.962500 0.470313 0.962500 0.460938 0.957812 0.456250 0.954688 0.454688 0.951562 0.454688
0 0.482812 0.318750 0.478125 0.317188 0.470313 0.317188 0.462500 0.321875 0.454688 0.321875 0.451562 0.323437 0.450000 0.329688 0.446875 0.335938 0.445312 0.337500 0.443750 0.337500 0.439063 0.340625 0.435937 0.343750 0.434375 0.350000 0.434375 0.357812 0.437500 0.375000 0.439063 0.378125 0.442188 0.381250 0.443750 0.381250 0.448437 0.385937 0.453125 0.389062 0.467187 0.389062 0.475000 0.381250 0.479687 0.379688 0.487500 0.371875 0.490625 0.367188 0.493750 0.356250 0.496875 0.335938 0.496875 0.331250 0.493750 0.328125 0.487500 0.325000 0.485938 0.323437 0.485938 0.321875
0 0.520312 0.315625 0.512500 0.317188 0.507812 0.320312 0.504687 0.326562 0.498437 0.331250 0.496875 0.339062 0.493750 0.345313 0.492188 0.362500 0.492188 0.368750 0.496875 0.373437 0.503125 0.376563 0.512500 0.376563 0.520312 0.373437 0.528125 0.373437 0.531250 0.371875 0.534375 0.368750 0.535937 0.368750 0.537500 0.367188 0.540625 0.360938 0.540625 0.354687 0.539062 0.353125 0.539062 0.348438 0.540625 0.331250 0.535937 0.326562 0.525000 0.317188
0 0.487500 0.375000 0.482812 0.379688 0.481250 0.384375 0.476562 0.389062 0.471875 0.390625 0.464062 0.398438 0.464062 0.417187 0.465625 0.421875 0.467187 0.425000 0.470313 0.428125 0.478125 0.434375 0.484375 0.437500 0.506250 0.437500 0.509375 0.435937 0.510938 0.434375 0.512500 0.431250 0.514062 0.423438 0.518750 0.418750 0.523438 0.417187 0.526563 0.410938 0.526563 0.398438 0.523438 0.395313 0.520312 0.393750 0.517188 0.393750 0.514062 0.392188 0.509375 0.387500 0.506250 0.378125 0.503125 0.376563 0.495312 0.375000
0 0.587500 0.376563 0.581250 0.373437 0.573438 0.373437 0.568750 0.378125 0.568750 0.379688 0.565625 0.382812 0.562500 0.382812 0.556250 0.379688 0.553125 0.379688 0.548438 0.381250 0.542188 0.387500 0.540625 0.390625 0.539062 0.398438 0.532813 0.403125 0.531250 0.404687 0.529687 0.407813 0.528125 0.412500 0.528125 0.421875 0.529687 0.425000 0.531250 0.426563 0.535937 0.428125 0.540625 0.432812 0.542188 0.437500 0.546875 0.442188 0.557813 0.445312 0.562500 0.445312 0.568750 0.443750 0.571875 0.442188 0.576562 0.437500 0.578125 0.432812 0.582812 0.428125 0.590625 0.426563 0.593750 0.425000 0.596875 0.421875 0.598437 0.418750 0.600000 0.414062 0.600000 0.406250 0.598437 0.404687 0.598437 0.395313 0.596875 0.389062 0.595313 0.385937 0.590625 0.381250 0.590625 0.379688
0 0.479687 0.442188 0.479687 0.443750 0.476562 0.446875 0.475000 0.450000 0.475000 0.460938 0.479687 0.470313 0.479687 0.476562 0.484375 0.481250 0.493750 0.481250 0.496875 0.482812 0.500000 0.485938 0.503125 0.485938 0.506250 0.487500 0.512500 0.485938 0.515625 0.482812 0.523438 0.482812 0.528125 0.481250 0.531250 0.478125 0.531250 0.475000 0.529687 0.470313 0.526563 0.467187 0.525000 0.456250 0.520312 0.446875 0.514062 0.440625 0.510938 0.439063 0.489063 0.439063
0 0.712500 0.590625 0.710938 0.595313 0.710938 0.601562 0.712500 0.604688 0.715625 0.607812 0.720313 0.610938 0.728125 0.612500 0.729688 0.617188 0.731250 0.623437 0.732812 0.623437 0.735938 0.626563 0.740625 0.628125 0.765625 0.628125 0.770312 0.623437 0.771875 0.620313 0.771875 0.615625 0.767188 0.610938 0.767188 0.606250 0.773438 0.600000 0.773438 0.590625 0.770312 0.587500 0.760938 0.582812 0.746875 0.581250 0.743750 0.581250 0.737500 0.584375 0.734375 0.584375 0.731250 0.581250 0.729688 0.581250 0.728125 0.578125 0.725000 0.576562 0.720313 0.579688 0.720313 0.581250 0.715625 0.585938
0 0.712500 0.664062 0.696875 0.671875 0.687500 0.681250 0.685937 0.695312 0.685937 0.703125 0.687500 0.706250 0.690625 0.709375 0.696875 0.712500 0.701562 0.712500 0.704688 0.714063 0.715625 0.725000 0.728125 0.725000 0.731250 0.723437 0.739062 0.715625 0.743750 0.714063 0.746875 0.710938 0.753125 0.703125 0.754687 0.696875 0.753125 0.690625 0.751563 0.685937 0.748437 0.682813 0.746875 0.679688 0.746875 0.668750 0.743750 0.665625 0.740625 0.664062 0.729688 0.664062 0.723437 0.667188 0.718750 0.667188 0.715625 0.664062
0 0.692187 0.615625 0.685937 0.615625 0.679688 0.618750 0.673438 0.625000 0.662500 0.626563 0.654687 0.634375 0.654687 0.643750 0.656250 0.646875 0.659375 0.650000 0.660937 0.653125 0.660937 0.657813 0.664062 0.664062 0.668750 0.671875 0.671875 0.675000 0.684375 0.678125 0.689063 0.678125 0.693750 0.675000 0.698438 0.670312 0.703125 0.667188 0.710938 0.664062 0.714063 0.660937 0.720313 0.651563 0.720313 0.640625 0.718750 0.637500 0.717187 0.635938 0.710938 0.632812 0.704688 0.632812 0.701562 0.629687 0.701562 0.623437 0.700000 0.620313 0.698438 0.618750
0 0.645312 0.639062 0.640625 0.640625 0.637500 0.642188 0.628125 0.650000 0.625000 0.653125 0.621875 0.659375 0.620313 0.664062 0.620313 0.676562 0.621875 0.681250 0.629687 0.689063 0.629687 0.701562 0.631250 0.704688 0.632812 0.706250 0.634375 0.706250 0.637500 0.709375 0.646875 0.709375 0.650000 0.707812 0.653125 0.704688 0.656250 0.703125 0.660937 0.703125 0.670312 0.698438 0.675000 0.693750 0.676562 0.690625 0.676562 0.685937 0.675000 0.681250 0.668750 0.673438 0.662500 0.668750 0.657813 0.659375 0.656250 0.654687 0.656250 0.648438 0.654687 0.643750 0.653125 0.640625
0 0.771875 0.757812 0.765625 0.757812 0.757812 0.760938 0.748437 0.765625 0.745313 0.768750 0.742188 0.775000 0.742188 0.781250 0.740625 0.784375 0.737500 0.787500 0.735938 0.790625 0.735938 0.803125 0.739062 0.807813 0.739062 0.812500 0.740625 0.817187 0.743750 0.820312 0.748437 0.821875 0.756250 0.828125 0.759375 0.829688 0.765625 0.829688 0.771875 0.828125 0.781250 0.818750 0.781250 0.815625 0.782813 0.812500 0.787500 0.807813 0.792188 0.806250 0.793750 0.801562 0.793750 0.798438 0.792188 0.787500 0.787500 0.782813 0.785937 0.782813 0.782813 0.779687 0.782813 0.770312 0.781250 0.765625 0.779687 0.762500 0.778125 0.760938
0 0.703125 0.817187 0.703125 0.821875 0.704688 0.829688 0.703125 0.831250 0.703125 0.837500 0.704688 0.842187 0.707812 0.845313 0.712500 0.846875 0.717187 0.851562 0.720313 0.851562 0.723437 0.854688 0.723437 0.860938 0.725000 0.864062 0.731250 0.870313 0.743750 0.871875 0.750000 0.871875 0.757812 0.870313 0.764062 0.867188 0.765625 0.865625 0.767188 0.862500 0.767188 0.856250 0.764062 0.850000 0.760938 0.846875 0.757812 0.840625 0.757812 0.835938 0.756250 0.832812 0.753125 0.828125 0.746875 0.821875 0.743750 0.821875 0.739062 0.815625 0.735938 0.815625 0.734375 0.814063 0.706250 0.814063
0 0.829688 0.839063 0.825000 0.843750 0.817187 0.843750 0.810937 0.846875 0.801562 0.845313 0.795312 0.846875 0.790625 0.848437 0.787500 0.850000 0.782813 0.854688 0.782813 0.860938 0.785937 0.864062 0.785937 0.867188 0.784375 0.878125 0.785937 0.881250 0.787500 0.882812 0.790625 0.884375 0.796875 0.885938 0.800000 0.898438 0.803125 0.900000 0.812500 0.900000 0.820312 0.898438 0.823438 0.896875 0.832812 0.889062 0.837500 0.885938 0.845313 0.884375 0.848437 0.882812 0.853125 0.878125 0.854688 0.875000 0.854688 0.862500 0.853125 0.859375 0.845313 0.851562 0.832812 0.840625
0 0.806250 0.807813 0.803125 0.810937 0.801562 0.817187 0.801562 0.825000 0.795312 0.832812 0.801562 0.840625 0.801562 0.845313 0.804688 0.846875 0.818750 0.846875 0.823438 0.845313 0.826562 0.843750 0.829688 0.839063 0.829688 0.835938 0.823438 0.829688 0.825000 0.820312 0.825000 0.817187 0.823438 0.814063 0.820312 0.810937 0.817187 0.809375 0.809375 0.807813
0 0.845313 0.818750 0.842187 0.821875 0.840625 0.829688 0.835938 0.834375 0.834375 0.837500 0.840625 0.843750 0.842187 0.848437 0.843750 0.850000 0.846875 0.851562 0.851562 0.851562 0.856250 0.854688 0.867188 0.854688 0.870313 0.853125 0.875000 0.848437 0.876563 0.845313 0.876563 0.839063 0.873437 0.828125 0.870313 0.821875 0.868750 0.820312 0.865625 0.818750 0.860938 0.817187 0.848437 0.817187
1 0.812500 0.778125 0.809375 0.781250 0.809375 0.792188 0.812500 0.795312 0.815625 0.796875 0.820312 0.796875 0.823438 0.795312 0.828125 0.790625 0.828125 0.784375 0.826562 0.781250 0.823438 0.778125
1 0.718750 0.870313 0.712500 0.873437 0.707812 0.878125 0.706250 0.881250 0.706250 0.890625 0.707812 0.893750 0.714063 0.900000 0.717187 0.901563 0.725000 0.901563 0.731250 0.895312 0.732812 0.892188 0.734375 0.887500 0.734375 0.881250 0.732812 0.876563 0.729688 0.873437 0.726562 0.871875 0.721875 0.870313
0 0.784375 0.882812 0.778125 0.882812 0.773438 0.884375 0.770312 0.885938 0.765625 0.890625 0.762500 0.896875 0.762500 0.912500 0.765625 0.918750 0.770312 0.923438 0.773438 0.925000 0.781250 0.925000 0.785937 0.923438 0.792188 0.918750 0.796875 0.914062 0.800000 0.909375 0.800000 0.901563 0.796875 0.898438 0.793750 0.889062 0.790625 0.885938
1 0.806250 0.934375 0.801562 0.932813 0.796875 0.932813 0.793750 0.934375 0.787500 0.940625 0.785937 0.948438 0.787500 0.957812 0.790625 0.960938 0.803125 0.960938 0.806250 0.959375 0.810937 0.954688 0.810937 0.939063
0 0.950000 0.832812 0.948438 0.831250 0.945312 0.829688 0.942187 0.829688 0.939063 0.826562 0.934375 0.826562 0.931250 0.828125 0.925000 0.834375 0.921875 0.835938 0.914062 0.835938 0.910937 0.837500 0.909375 0.839063 0.906250 0.845313 0.906250 0.854688 0.903125 0.857812 0.900000 0.851562 0.898438 0.854688 0.895312 0.857812 0.892188 0.867188 0.890625 0.876563 0.893750 0.885938 0.900000 0.882812 0.903125 0.885938 0.907813 0.887500 0.912500 0.892188 0.917188 0.895312 0.920312 0.896875 0.926562 0.896875 0.931250 0.895312 0.937500 0.889062 0.940625 0.879687 0.946875 0.878125 0.951562 0.873437 0.953125 0.870313 0.953125 0.867188 0.957812 0.860938 0.959375 0.857812 0.959375 0.850000 0.950000 0.834375
0 0.882812 0.912500 0.879687 0.912500 0.875000 0.917188 0.875000 0.918750 0.868750 0.925000 0.857812 0.934375 0.854688 0.939063 0.853125 0.942187 0.853125 0.946875 0.854688 0.950000 0.859375 0.954688 0.864062 0.957812 0.876563 0.957812 0.879687 0.956250 0.881250 0.954688 0.882812 0.950000 0.887500 0.945312 0.889062 0.942187 0.890625 0.928125 0.890625 0.925000 0.889062 0.920312 0.885938 0.915625
0 0.209375 0.376563 0.206250 0.373437 0.198437 0.373437 0.195312 0.370312 0.195312 0.367188 0.193750 0.364063 0.192188 0.362500 0.182812 0.362500 0.178125 0.365625 0.171875 0.371875 0.171875 0.373437 0.167187 0.378125 0.164062 0.379688 0.156250 0.379688 0.151562 0.382812 0.146875 0.384375 0.145313 0.387500 0.145313 0.392188 0.146875 0.396875 0.153125 0.403125 0.162500 0.403125 0.165625 0.400000 0.168750 0.400000 0.171875 0.396875 0.175000 0.395313 0.179688 0.395313 0.184375 0.393750 0.187500 0.390625 0.187500 0.389062 0.196875 0.385937 0.200000 0.384375 0.204687 0.381250
0 0.206250 0.389062 0.203125 0.387500 0.195312 0.387500 0.192188 0.389062 0.184375 0.395313 0.176563 0.395313 0.168750 0.398438 0.162500 0.404687 0.160938 0.407813 0.160938 0.415625 0.176563 0.429688 0.179688 0.431250 0.192188 0.431250 0.196875 0.429688 0.200000 0.428125 0.201563 0.426563 0.206250 0.420312 0.212500 0.417187 0.214062 0.414062 0.214062 0.410938 0.209375 0.403125 0.209375 0.393750 0.207813 0.390625
0 0.129688 0.401562 0.126562 0.404687 0.126562 0.409375 0.125000 0.412500 0.121875 0.415625 0.117188 0.415625 0.114062 0.417187 0.104688 0.428125 0.100000 0.429688 0.098437 0.432812 0.098437 0.437500 0.101562 0.442188 0.112500 0.451562 0.112500 0.462500 0.115625 0.465625 0.125000 0.468750 0.135937 0.468750 0.146875 0.460938 0.151562 0.456250 0.160938 0.445312 0.165625 0.443750 0.170313 0.434375 0.170313 0.423438 0.167187 0.420312 0.162500 0.417187 0.154688 0.417187 0.143750 0.418750 0.139063 0.417187 0.134375 0.412500 0.134375 0.407813 0.132812 0.406250 0.132812 0.403125
0 0.165625 0.443750 0.159375 0.446875 0.156250 0.450000 0.156250 0.451562 0.151562 0.456250 0.151562 0.457813 0.148438 0.460938 0.142187 0.464062 0.135937 0.470313 0.134375 0.473438 0.135937 0.478125 0.139063 0.482812 0.139063 0.489063 0.137500 0.490625 0.137500 0.496875 0.145313 0.504687 0.150000 0.506250 0.160938 0.506250 0.165625 0.509375 0.175000 0.509375 0.179688 0.507812 0.189062 0.498437 0.193750 0.487500 0.195312 0.481250 0.195312 0.476562 0.193750 0.475000 0.193750 0.468750 0.190625 0.462500 0.189062 0.460938 0.184375 0.459375 0.181250 0.451562 0.175000 0.445312 0.171875 0.443750
0 0.100000 0.485938 0.098437 0.498437 0.098437 0.506250 0.104688 0.512500 0.110937 0.514062 0.117188 0.518750 0.125000 0.521875 0.131250 0.520312 0.131250 0.510938 0.128125 0.504687 0.128125 0.492188 0.125000 0.487500 0.121875 0.484375 0.114062 0.484375 0.112500 0.482812 0.106250 0.482812
1 0.532813 0.554688 0.529687 0.556250 0.526563 0.559375 0.526563 0.567187 0.528125 0.570312 0.529687 0.571875 0.532813 0.573438 0.537500 0.573438 0.540625 0.571875 0.545312 0.567187 0.545312 0.560937 0.540625 0.556250 0.535937 0.554688
1 0.551562 0.576562 0.548438 0.579688 0.546875 0.582812 0.546875 0.589063 0.548438 0.592187 0.551562 0.595313 0.554688 0.596875 0.557813 0.596875 0.562500 0.595313 0.565625 0.593750 0.568750 0.590625 0.568750 0.582812 0.567187 0.579688 0.564063 0.576562
1 0.546875 0.593750 0.539062 0.593750 0.535937 0.596875 0.534375 0.601562 0.534375 0.604688 0.535937 0.606250 0.535937 0.609375 0.539062 0.610938 0.542188 0.610938 0.545312 0.607812 0.546875 0.607812 0.548438 0.606250 0.550000 0.603125 0.550000 0.596875
1 0.551562 0.609375 0.546875 0.609375 0.540625 0.612500 0.539062 0.615625 0.540625 0.625000 0.543750 0.626563 0.548438 0.626563 0.551562 0.625000 0.553125 0.623437 0.556250 0.617188 0.556250 0.614062
0 0.492188 0.712500 0.485938 0.715625 0.484375 0.718750 0.481250 0.728125 0.482812 0.739062 0.487500 0.743750 0.490625 0.745313 0.495312 0.746875 0.504687 0.746875 0.507812 0.745313 0.515625 0.737500 0.518750 0.731250 0.518750 0.723437 0.515625 0.718750 0.509375 0.712500 0.506250 0.710938 0.498437 0.710938
0 0.475000 0.746875 0.471875 0.745313 0.465625 0.743750 0.459375 0.746875 0.446875 0.745313 0.443750 0.745313 0.440625 0.746875 0.435937 0.751563 0.434375 0.754687 0.434375 0.760938 0.435937 0.765625 0.443750 0.775000 0.440625 0.784375 0.440625 0.790625 0.442188 0.793750 0.459375 0.792188 0.471875 0.793750 0.475000 0.793750 0.478125 0.792188 0.479687 0.789062 0.479687 0.771875 0.478125 0.770312 0.478125 0.751563
0 0.457813 0.796875 0.457813 0.809375 0.459375 0.814063 0.462500 0.818750 0.467187 0.823438 0.471875 0.826562 0.476562 0.828125 0.481250 0.832812 0.487500 0.835938 0.495312 0.835938 0.498437 0.834375 0.504687 0.828125 0.506250 0.825000 0.506250 0.814063 0.503125 0.804688 0.500000 0.801562 0.498437 0.798438 0.496875 0.789062 0.492188 0.784375 0.485938 0.784375 0.482812 0.787500 0.481250 0.792188 0.478125 0.795312 0.470313 0.796875
0 0.453125 0.821875 0.450000 0.823438 0.448437 0.823438 0.437500 0.834375 0.435937 0.837500 0.435937 0.848437 0.439063 0.853125 0.439063 0.860938 0.440625 0.867188 0.442188 0.870313 0.443750 0.871875 0.450000 0.876563 0.451562 0.882812 0.453125 0.885938 0.454688 0.887500 0.457813 0.889062 0.465625 0.889062 0.468750 0.887500 0.475000 0.882812 0.479687 0.881250 0.482812 0.879687 0.484375 0.878125 0.484375 0.876563 0.487500 0.873437 0.489063 0.867188 0.487500 0.859375 0.482812 0.853125 0.482812 0.850000 0.487500 0.845313 0.487500 0.840625 0.485938 0.837500 0.478125 0.829688 0.471875 0.826562 0.467187 0.825000 0.462500 0.826562 0.457813 0.825000
0 0.554688 0.807813 0.542188 0.807813 0.535937 0.810937 0.534375 0.812500 0.534375 0.814063 0.532813 0.815625 0.529687 0.817187 0.521875 0.817187 0.518750 0.818750 0.512500 0.825000 0.510938 0.828125 0.510938 0.857812 0.514062 0.864062 0.520312 0.870313 0.525000 0.871875 0.528125 0.870313 0.539062 0.860938 0.548438 0.856250 0.556250 0.854688 0.571875 0.854688 0.575000 0.853125 0.578125 0.848437 0.579688 0.843750 0.579688 0.837500 0.578125 0.834375 0.575000 0.831250 0.571875 0.829688 0.562500 0.829688 0.559375 0.826562 0.559375 0.823438 0.560937 0.817187 0.557813 0.810937
0 0.589063 0.857812 0.585938 0.856250 0.571875 0.856250 0.565625 0.859375 0.556250 0.859375 0.548438 0.860938 0.542188 0.862500 0.535937 0.865625 0.529687 0.871875 0.529687 0.882812 0.532813 0.887500 0.534375 0.896875 0.540625 0.907813 0.543750 0.909375 0.551562 0.909375 0.557813 0.912500 0.564063 0.912500 0.565625 0.910937 0.573438 0.910937 0.578125 0.909375 0.581250 0.907813 0.587500 0.903125 0.589063 0.900000 0.589063 0.892188 0.590625 0.890625 0.593750 0.873437 0.593750 0.870313 0.592187 0.868750 0.592187 0.864062
0 0.457813 0.901563 0.456250 0.909375 0.456250 0.912500 0.457813 0.928125 0.460938 0.937500 0.462500 0.943750 0.467187 0.948438 0.471875 0.950000 0.482812 0.948438 0.485938 0.948438 0.487500 0.950000 0.492188 0.950000 0.495312 0.953125 0.498437 0.953125 0.501563 0.950000 0.507812 0.940625 0.507812 0.928125 0.506250 0.925000 0.503125 0.921875 0.501563 0.918750 0.501563 0.914062 0.498437 0.907813 0.493750 0.903125 0.490625 0.901563 0.487500 0.901563 0.481250 0.904687 0.475000 0.904687 0.464062 0.901563
0 0.575000 0.968750 0.573438 0.965625 0.570312 0.962500 0.565625 0.960938 0.560937 0.956250 0.560937 0.954688 0.556250 0.950000 0.551562 0.946875 0.545312 0.946875 0.543750 0.945312 0.539062 0.945312 0.534375 0.946875 0.531250 0.948438 0.529687 0.953125 0.526563 0.959375 0.520312 0.960938 0.509375 0.959375 0.504687 0.960938 0.500000 0.965625 0.496875 0.971875 0.496875 0.979688 0.498437 0.993750 0.501563 0.998437 0.564063 0.998437 0.564063 0.993750 0.568750 0.989062 0.570312 0.989062 0.575000 0.984375 0.576562 0.981250 0.576562 0.973437
1 0.559375 0.796875 0.557813 0.800000 0.557813 0.809375 0.560937 0.814063 0.564063 0.817187 0.576562 0.817187 0.579688 0.814063 0.579688 0.800000 0.575000 0.795312 0.571875 0.793750 0.565625 0.793750
1 0.526563 0.773438 0.523438 0.775000 0.521875 0.776563 0.520312 0.779687 0.520312 0.782813 0.521875 0.785937 0.525000 0.789062 0.531250 0.789062 0.534375 0.787500 0.535937 0.785937 0.537500 0.782813 0.537500 0.778125 0.535937 0.775000
1 0.495312 0.864062 0.496875 0.871875 0.500000 0.873437 0.506250 0.873437 0.509375 0.871875 0.510938 0.865625 0.510938 0.864062 0.509375 0.862500 0.503125 0.859375 0.500000 0.859375
1 0.518750 0.881250 0.507812 0.881250 0.501563 0.887500 0.501563 0.890625 0.503125 0.892188 0.503125 0.896875 0.504687 0.901563 0.507812 0.904687 0.514062 0.904687 0.518750 0.901563 0.521875 0.896875 0.523438 0.893750 0.523438 0.887500 0.521875 0.884375
1 0.535937 0.900000 0.532813 0.898438 0.526563 0.898438 0.523438 0.900000 0.521875 0.903125 0.521875 0.906250 0.520312 0.909375 0.521875 0.915625 0.525000 0.917188 0.528125 0.917188 0.532813 0.915625 0.535937 0.914062 0.539062 0.910937 0.539062 0.904687
1 0.551562 0.759375 0.548438 0.757812 0.545312 0.759375 0.542188 0.762500 0.543750 0.768750 0.550000 0.768750 0.553125 0.767188
1 0.437500 0.962500 0.429688 0.962500 0.425000 0.964063 0.421875 0.965625 0.418750 0.968750 0.417187 0.971875 0.417187 0.979688 0.420312 0.982812 0.423438 0.984375 0.434375 0.984375 0.437500 0.982812 0.442188 0.978125 0.443750 0.975000 0.443750 0.970313 0.442188 0.967187
1 0.450000 0.976562 0.446875 0.979688 0.445312 0.982812 0.445312 0.992188 0.446875 0.995313 0.450000 0.998437 0.468750 0.998437 0.471875 0.995313 0.475000 0.990625 0.475000 0.981250 0.473438 0.978125 0.471875 0.976562 0.468750 0.975000 0.454688 0.975000
1 0.829688 0.931250 0.826562 0.934375 0.825000 0.937500 0.825000 0.943750 0.828125 0.950000 0.829688 0.951562 0.832812 0.953125 0.845313 0.953125 0.846875 0.950000 0.846875 0.943750 0.843750 0.937500 0.840625 0.934375 0.837500 0.932813 0.832812 0.931250
1 0.825000 0.920312 0.821875 0.920312 0.820312 0.921875 0.814063 0.923438 0.812500 0.928125 0.812500 0.932813 0.815625 0.940625 0.825000 0.939063 0.825000 0.934375 0.828125 0.929688 0.828125 0.923438