0 0.250000 0.000000 0.248438 0.004687 0.243750 0.006250 0.240625 0.007812 0.237500 0.010937 0.235937 0.014063 0.237500 0.020313 0.242188 0.025000 0.240625 0.029687 0.235937 0.031250 0.232813 0.034375 0.231250 0.039062 0.231250 0.043750 0.232813 0.048438 0.237500 0.053125 0.240625 0.054688 0.251563 0.057813 0.259375 0.057813 0.267188 0.067187 0.270313 0.068750 0.275000 0.070312 0.278125 0.070312 0.282813 0.068750 0.285938 0.067187 0.293750 0.059375 0.293750 0.054688 0.296875 0.051562 0.300000 0.050000 0.304688 0.050000 0.307812 0.048438 0.310937 0.045312 0.310937 0.039062 0.307812 0.031250 0.314063 0.025000 0.323437 0.020313 0.323437 0.009375 0.321875 0.004687 0.320312 0.001563
0 0.273438 0.114062 0.273438 0.118750 0.279687 0.123438 0.281250 0.125000 0.282813 0.129688 0.287500 0.132812 0.296875 0.137500 0.304688 0.137500 0.309375 0.135937 0.312500 0.134375 0.320312 0.128125 0.337500 0.128125 0.342187 0.126562 0.345313 0.123438 0.346875 0.120313 0.346875 0.114062 0.343750 0.107813 0.329688 0.093750 0.325000 0.090625 0.310937 0.087500 0.304688 0.087500 0.296875 0.090625 0.293750 0.092188 0.289062 0.095312 0.287500 0.098437 0.287500 0.101562 0.285938 0.104688 0.282813 0.107813 0.282813 0.109375 0.281250 0.110937
0 0.470313 0.078125 0.465625 0.070312 0.459375 0.064062 0.456250 0.062500 0.451562 0.060937 0.443750 0.059375 0.431250 0.062500 0.423438 0.064062 0.418750 0.065625 0.406250 0.078125 0.403125 0.082812 0.401562 0.085938 0.400000 0.090625 0.400000 0.095312 0.401562 0.096875 0.401562 0.103125 0.403125 0.106250 0.406250 0.109375 0.410938 0.110937 0.420312 0.112500 0.431250 0.112500 0.440625 0.103125 0.443750 0.095312 0.448437 0.092188 0.462500 0.093750 0.468750 0.090625 0.470313 0.089063 0.471875 0.085938 0.471875 0.082812
0 0.395313 0.000000 0.403125 0.006250 0.403125 0.017188 0.404687 0.021875 0.406250 0.025000 0.407813 0.026562 0.420312 0.034375 0.426563 0.037500 0.437500 0.037500 0.440625 0.035937 0.442188 0.034375 0.443750 0.031250 0.445312 0.026562 0.445312 0.012500 0.443750 0.009375 0.440625 0.004687 0.435937 0.000000
1 0.329688 0.006250 0.328125 0.009375 0.328125 0.017188 0.329688 0.020313 0.331250 0.021875 0.337500 0.025000 0.345313 0.025000 0.348438 0.023438 0.351562 0.020313 0.351562 0.012500 0.350000 0.009375 0.348438 0.007812 0.346875 0.007812 0.343750 0.004687 0.332813 0.004687
1 0.323437 0.071875 0.321875 0.075000 0.321875 0.078125 0.323437 0.082812 0.325000 0.085938 0.329688 0.090625 0.339062 0.095312 0.348438 0.096875 0.353125 0.096875 0.359375 0.095312 0.367188 0.087500 0.368750 0.084375 0.368750 0.075000 0.360938 0.067187 0.354687 0.064062 0.348438 0.062500 0.339062 0.064062 0.332813 0.065625 0.329688 0.067187 0.326562 0.070312 0.325000 0.070312
0 0.442188 0.000000 0.442188 0.004687 0.446875 0.009375 0.451562 0.009375 0.457813 0.012500 0.462500 0.017188 0.471875 0.021875 0.479687 0.023438 0.493750 0.023438 0.496875 0.021875 0.501563 0.018750 0.514062 0.006250 0.514062 0.000000
0 0.515625 0.009375 0.509375 0.012500 0.507812 0.014063 0.507812 0.015625 0.504687 0.018750 0.500000 0.020313 0.495312 0.025000 0.492188 0.026562 0.489063 0.026562 0.485938 0.028125 0.482812 0.031250 0.481250 0.034375 0.479687 0.040625 0.479687 0.053125 0.481250 0.056250 0.484375 0.060937 0.489063 0.065625 0.496875 0.067187 0.503125 0.070312 0.509375 0.076563 0.512500 0.078125 0.525000 0.078125 0.532813 0.071875 0.535937 0.070312 0.542188 0.070312 0.545312 0.068750 0.546875 0.065625 0.546875 0.060937 0.548438 0.056250 0.554688 0.050000 0.556250 0.046875 0.556250 0.035937 0.554688 0.031250 0.553125 0.028125 0.550000 0.023438 0.537500 0.012500 0.534375 0.010937 0.529687 0.009375
0 0.535937 0.010937 0.540625 0.015625 0.551562 0.025000 0.557813 0.028125 0.560937 0.028125 0.564063 0.029687 0.568750 0.028125 0.573438 0.018750 0.575000 0.014063 0.575000 0.009375 0.576562 0.004687 0.579688 0.000000 0.537500 0.000000 0.537500 0.003125 0.535937 0.004687
0 0.017188 0.078125 0.017188 0.081250 0.018750 0.084375 0.026562 0.092188 0.031250 0.095312 0.034375 0.096875 0.048438 0.096875 0.051562 0.095312 0.053125 0.093750 0.053125 0.092188 0.056250 0.089063 0.056250 0.078125 0.054688 0.075000 0.050000 0.070312 0.043750 0.068750 0.025000 0.068750 0.018750 0.075000
0 0.000000 0.154688 0.000000 0.171875 0.004687 0.171875 0.006250 0.173437 0.014063 0.173437 0.034375 0.184375 0.040625 0.184375 0.042188 0.185938 0.046875 0.185938 0.056250 0.184375 0.059375 0.182812 0.060937 0.181250 0.062500 0.178125 0.062500 0.175000 0.060937 0.171875 0.057813 0.167187 0.054688 0.165625 0.059375 0.160938 0.060937 0.160938 0.065625 0.156250 0.065625 0.146875 0.064062 0.143750 0.060937 0.140625 0.056250 0.139063 0.046875 0.137500 0.043750 0.135937 0.042188 0.134375 0.040625 0.129688 0.031250 0.128125 0.025000 0.129688 0.020313 0.134375 0.020313 0.137500 0.014063 0.142187 0.010937 0.148438 0.006250 0.153125
0 0.000000 0.173437 0.000000 0.229687 0.004687 0.229687 0.006250 0.231250 0.014063 0.231250 0.017188 0.229687 0.021875 0.225000 0.023438 0.221875 0.023438 0.217188 0.025000 0.214062 0.026562 0.212500 0.031250 0.210938 0.034375 0.207813 0.035937 0.204687 0.035937 0.192188 0.034375 0.189062 0.031250 0.185938 0.023438 0.179688 0.017188 0.176563 0.012500 0.175000
0 0.073438 0.668750 0.067187 0.675000 0.065625 0.678125 0.064062 0.698438 0.064062 0.706250 0.065625 0.710938 0.067187 0.714063 0.076563 0.723437 0.090625 0.729688 0.098437 0.735938 0.103125 0.737500 0.117188 0.737500 0.121875 0.735938 0.126562 0.731250 0.128125 0.726562 0.129688 0.725000 0.132812 0.723437 0.135937 0.723437 0.142187 0.720313 0.145313 0.717187 0.148438 0.710938 0.148438 0.701562 0.146875 0.698438 0.135937 0.689063 0.134375 0.685937 0.134375 0.678125 0.129688 0.668750 0.128125 0.667188 0.121875 0.664062 0.112500 0.660937 0.109375 0.660937 0.106250 0.662500 0.103125 0.665625 0.096875 0.667188 0.081250 0.667188
0 0.218750 0.718750 0.212500 0.721875 0.203125 0.731250 0.200000 0.737500 0.195312 0.750000 0.195312 0.757812 0.196875 0.760938 0.201563 0.767188 0.210938 0.781250 0.217188 0.787500 0.228125 0.793750 0.235937 0.796875 0.240625 0.796875 0.246875 0.795312 0.251563 0.792188 0.253125 0.789062 0.253125 0.785937 0.254688 0.782813 0.257812 0.779687 0.259375 0.776563 0.259375 0.762500 0.262500 0.757812 0.264062 0.750000 0.260937 0.742188 0.239063 0.720313 0.235937 0.718750 0.231250 0.717187 0.226562 0.717187 0.225000 0.718750
0 0.220312 0.800000 0.215625 0.801562 0.210938 0.804688 0.207813 0.807813 0.206250 0.810937 0.206250 0.815625 0.207813 0.826562 0.206250 0.851562 0.207813 0.859375 0.212500 0.864062 0.217188 0.875000 0.220312 0.878125 0.223438 0.879687 0.229687 0.878125 0.229687 0.873437 0.232813 0.870313 0.234375 0.870313 0.239063 0.865625 0.239063 0.862500 0.237500 0.857812 0.234375 0.854688 0.232813 0.842187 0.232813 0.834375 0.237500 0.825000 0.239063 0.818750 0.237500 0.804688 0.225000 0.800000
0 0.153125 0.731250 0.148438 0.732812 0.140625 0.739062 0.134375 0.740625 0.134375 0.743750 0.132812 0.745313 0.132812 0.750000 0.128125 0.754687 0.128125 0.759375 0.129688 0.767188 0.128125 0.771875 0.125000 0.775000 0.125000 0.793750 0.121875 0.800000 0.121875 0.803125 0.126562 0.810937 0.126562 0.814063 0.128125 0.817187 0.135937 0.823438 0.139063 0.825000 0.143750 0.826562 0.157812 0.828125 0.170313 0.828125 0.173437 0.826562 0.176563 0.823438 0.176563 0.821875 0.179688 0.818750 0.187500 0.817187 0.192188 0.814063 0.193750 0.810937 0.195312 0.789062 0.195312 0.781250 0.190625 0.775000 0.190625 0.759375 0.187500 0.756250 0.181250 0.753125 0.165625 0.753125 0.160938 0.748437 0.160938 0.740625 0.159375 0.735938 0.157812 0.732812
0 0.079687 0.751563 0.076563 0.754687 0.075000 0.764062 0.075000 0.801562 0.076563 0.803125 0.079687 0.804688 0.092188 0.807813 0.100000 0.812500 0.106250 0.814063 0.112500 0.812500 0.117188 0.807813 0.120313 0.803125 0.121875 0.795312 0.123438 0.785937 0.123438 0.768750 0.121875 0.759375 0.115625 0.753125 0.109375 0.750000 0.098437 0.748437 0.087500 0.750000
0 0.210938 0.906250 0.206250 0.901563 0.203125 0.900000 0.182812 0.895312 0.170313 0.895312 0.165625 0.900000 0.159375 0.903125 0.153125 0.904687 0.146875 0.907813 0.143750 0.910937 0.143750 0.918750 0.140625 0.929688 0.140625 0.939063 0.151562 0.939063 0.159375 0.943750 0.164062 0.945312 0.171875 0.945312 0.175000 0.942187 0.175000 0.940625 0.181250 0.937500 0.189062 0.937500 0.195312 0.934375 0.196875 0.931250 0.198437 0.925000 0.201563 0.920312 0.204687 0.917188 0.206250 0.917188 0.209375 0.914062 0.210938 0.910937
1 0.115625 0.850000 0.115625 0.856250 0.118750 0.859375 0.121875 0.860938 0.125000 0.860938 0.128125 0.862500 0.137500 0.859375 0.137500 0.856250 0.134375 0.851562 0.131250 0.848437 0.128125 0.846875 0.118750 0.846875
1 0.128125 0.881250 0.128125 0.887500 0.129688 0.895312 0.132812 0.898438 0.135937 0.900000 0.151562 0.898438 0.151562 0.889062 0.150000 0.885938 0.142187 0.878125 0.139063 0.876563 0.132812 0.876563
1 0.078125 0.853125 0.076563 0.856250 0.076563 0.864062 0.079687 0.865625 0.084375 0.867188 0.087500 0.867188 0.090625 0.865625 0.090625 0.854688 0.084375 0.851562 0.081250 0.851562
0 0.034375 0.934375 0.032813 0.937500 0.032813 0.943750 0.034375 0.946875 0.039062 0.951562 0.045312 0.954688 0.053125 0.962500 0.054688 0.965625 0.054688 0.968750 0.057813 0.975000 0.059375 0.976562 0.076563 0.985938 0.089063 0.985938 0.093750 0.984375 0.101562 0.976562 0.103125 0.971875 0.103125 0.967187 0.100000 0.960938 0.100000 0.956250 0.103125 0.953125 0.107813 0.951562 0.114062 0.945312 0.123438 0.942187 0.126562 0.939063 0.128125 0.934375 0.126562 0.929688 0.115625 0.926562 0.092188 0.921875 0.079687 0.921875 0.071875 0.918750 0.062500 0.918750 0.053125 0.921875 0.045312 0.928125 0.037500 0.931250
0 0.081250 0.871875 0.076563 0.876563 0.076563 0.884375 0.075000 0.889062 0.073438 0.892188 0.070312 0.895312 0.068750 0.898438 0.068750 0.914062 0.071875 0.917188 0.075000 0.918750 0.079687 0.920312 0.087500 0.921875 0.098437 0.921875 0.115625 0.925000 0.131250 0.929688 0.134375 0.931250 0.137500 0.928125 0.140625 0.917188 0.140625 0.912500 0.139063 0.909375 0.134375 0.906250 0.129688 0.904687 0.125000 0.898438 0.128125 0.893750 0.128125 0.890625 0.125000 0.884375 0.120313 0.879687 0.114062 0.875000 0.101562 0.868750 0.095312 0.868750
0 0.000000 0.867188 0.000000 0.901563 0.006250 0.906250 0.007812 0.910937 0.014063 0.917188 0.017188 0.918750 0.023438 0.920312 0.032813 0.921875 0.048438 0.920312 0.053125 0.918750 0.059375 0.914062 0.062500 0.914062 0.065625 0.910937 0.065625 0.898438 0.067187 0.895312 0.071875 0.890625 0.073438 0.887500 0.073438 0.882812 0.075000 0.878125 0.079687 0.873437 0.075000 0.867188 0.070312 0.865625 0.062500 0.865625 0.056250 0.862500 0.050000 0.862500 0.043750 0.859375 0.037500 0.853125 0.028125 0.853125 0.020313 0.854688 0.017188 0.856250 0.015625 0.857812 0.014063 0.862500 0.010937 0.865625 0.004687 0.865625 0.003125 0.867188
0 0.000000 0.789062 0.000000 0.856250 0.003125 0.854688 0.006250 0.854688 0.009375 0.851562 0.012500 0.851562 0.014063 0.853125 0.017188 0.853125 0.026562 0.851562 0.032813 0.850000 0.035937 0.846875 0.037500 0.843750 0.039062 0.837500 0.039062 0.820312 0.037500 0.815625 0.020313 0.798438 0.017188 0.798438 0.012500 0.793750 0.007812 0.790625
0 0.037500 0.751563 0.032813 0.754687 0.031250 0.760938 0.029687 0.762500 0.025000 0.764062 0.021875 0.767188 0.021875 0.770312 0.014063 0.779687 0.014063 0.790625 0.015625 0.796875 0.017188 0.800000 0.031250 0.814063 0.037500 0.817187 0.046875 0.815625 0.051562 0.815625 0.064062 0.817187 0.065625 0.815625 0.071875 0.803125 0.073438 0.771875 0.073438 0.754687 0.070312 0.753125 0.057813 0.750000 0.042188 0.750000
0 0.000000 0.671875 0.001563 0.723437 0.004687 0.718750 0.007812 0.718750 0.010937 0.715625 0.010937 0.712500 0.015625 0.707812 0.021875 0.704688 0.025000 0.700000 0.028125 0.698438 0.037500 0.696875 0.032813 0.689063 0.031250 0.687500 0.028125 0.685937 0.025000 0.685937 0.017188 0.678125 0.010937 0.675000 0.006250 0.673438
0 0.084375 0.731250 0.081250 0.728125 0.075000 0.725000 0.064062 0.714063 0.059375 0.704688 0.054688 0.700000 0.048438 0.696875 0.043750 0.695312 0.035937 0.693750 0.032813 0.693750 0.026562 0.700000 0.021875 0.701562 0.018750 0.704688 0.017188 0.704688 0.010937 0.712500 0.010937 0.715625 0.006250 0.723437 0.004687 0.725000 0.000000 0.726562 0.000000 0.770312 0.018750 0.770312 0.029687 0.767188 0.032813 0.764062 0.040625 0.760938 0.054688 0.756250 0.067187 0.756250 0.071875 0.754687 0.076563 0.750000 0.076563 0.746875 0.082812 0.740625 0.084375 0.737500