0 0.265625 0.545312 0.262500 0.542188 0.256250 0.539062 0.253125 0.539062 0.248438 0.540625 0.245312 0.542188 0.242188 0.545312 0.237500 0.554688 0.234375 0.557813 0.221875 0.557813 0.218750 0.559375 0.214062 0.564063 0.214062 0.579688 0.215625 0.582812 0.218750 0.585938 0.221875 0.587500 0.228125 0.589063 0.232813 0.587500 0.237500 0.584375 0.242188 0.582812 0.251563 0.582812 0.260937 0.579688 0.264062 0.576562 0.265625 0.571875 0.267188 0.562500 0.267188 0.548438
0 0.345313 0.560937 0.334375 0.560937 0.331250 0.557813 0.326562 0.548438 0.318750 0.539062 0.309375 0.539062 0.298438 0.550000 0.282813 0.550000 0.275000 0.554688 0.270313 0.559375 0.268750 0.562500 0.267188 0.567187 0.267188 0.578125 0.268750 0.582812 0.271875 0.587500 0.276562 0.592187 0.284375 0.595313 0.296875 0.595313 0.306250 0.590625 0.325000 0.590625 0.328125 0.587500 0.334375 0.579688 0.335938 0.579688 0.342187 0.573438 0.345313 0.568750
0 0.323437 0.593750 0.318750 0.592187 0.310937 0.592187 0.303125 0.593750 0.295312 0.598437 0.290625 0.598437 0.287500 0.600000 0.284375 0.606250 0.282813 0.610938 0.282813 0.625000 0.279687 0.637500 0.279687 0.640625 0.281250 0.645312 0.285938 0.650000 0.293750 0.654687 0.300000 0.656250 0.306250 0.656250 0.320312 0.648438 0.328125 0.646875 0.332813 0.645312 0.340625 0.637500 0.342187 0.634375 0.343750 0.628125 0.343750 0.609375 0.342187 0.606250 0.337500 0.601562 0.329688 0.600000
0 0.285938 0.598437 0.284375 0.598437 0.281250 0.595313 0.275000 0.595313 0.271875 0.592187 0.270313 0.587500 0.264062 0.581250 0.256250 0.581250 0.248438 0.584375 0.240625 0.584375 0.231250 0.587500 0.228125 0.590625 0.228125 0.604688 0.226562 0.610938 0.218750 0.618750 0.217188 0.618750 0.209375 0.626563 0.209375 0.635938 0.212500 0.645312 0.220312 0.646875 0.232813 0.646875 0.237500 0.645312 0.248438 0.645312 0.254688 0.648438 0.262500 0.656250 0.267188 0.656250 0.270313 0.654687 0.275000 0.650000 0.278125 0.643750 0.279687 0.631250 0.282813 0.620313 0.285938 0.615625 0.287500 0.603125
0 0.191984 0.611000 0.188859 0.612563 0.188859 0.620375 0.191984 0.625063 0.193547 0.636000 0.193547 0.640688 0.190422 0.643813 0.181047 0.645375 0.171672 0.654750 0.170109 0.657875 0.168547 0.662563 0.168547 0.670375 0.171672 0.676625 0.174797 0.679750 0.179484 0.682875 0.182609 0.682875 0.185734 0.687563 0.184172 0.701625 0.185734 0.703188 0.185734 0.706313 0.190422 0.709438 0.199797 0.714125 0.204484 0.714125 0.207609 0.712562 0.231047 0.689125 0.232609 0.682875 0.252688 0.679500 0.263531 0.659219 0.248047 0.647594 0.229484 0.651625 0.223234 0.648500 0.212297 0.648500 0.207609 0.643813 0.204484 0.637563 0.204484 0.631313 0.199797 0.618812 0.198234 0.615688 0.195109 0.612563
0 0.246875 0.676562 0.240625 0.678125 0.237500 0.679688 0.235937 0.682813 0.235937 0.685937 0.231250 0.690625 0.228125 0.690625 0.225000 0.693750 0.221875 0.700000 0.218750 0.715625 0.215625 0.720313 0.212500 0.732812 0.212500 0.740625 0.221875 0.750000 0.225000 0.751563 0.232813 0.751563 0.242188 0.746875 0.246875 0.748437 0.248438 0.756250 0.246875 0.767188 0.250000 0.767188 0.253125 0.764062 0.254688 0.760938 0.256250 0.756250 0.256250 0.746875 0.259375 0.742188 0.265625 0.735938 0.267188 0.729688 0.267188 0.721875 0.265625 0.717187 0.264062 0.714063 0.260937 0.710938 0.259375 0.706250 0.257812 0.692187 0.256250 0.687500 0.253125 0.681250 0.250000 0.678125
0 0.167187 0.714063 0.157812 0.714063 0.151562 0.720313 0.145313 0.723437 0.139063 0.729688 0.137500 0.732812 0.139063 0.746875 0.137500 0.756250 0.139063 0.759375 0.143750 0.764062 0.148438 0.765625 0.154688 0.765625 0.167187 0.759375 0.175000 0.754687 0.176563 0.750000 0.178125 0.748437 0.179688 0.742188 0.182812 0.737500 0.179688 0.725000 0.178125 0.721875 0.173437 0.717187
0 0.179875 0.764234 0.170313 0.757812 0.164062 0.760938 0.153125 0.767188 0.146875 0.773438 0.143750 0.778125 0.142187 0.796875 0.142187 0.801562 0.143750 0.807813 0.145313 0.810937 0.150000 0.815625 0.160938 0.823438 0.165625 0.825000 0.170313 0.825000 0.176563 0.823438 0.182812 0.818750 0.184375 0.817187 0.187500 0.810937 0.189062 0.806250 0.189062 0.789062 0.190625 0.779687 0.193750 0.773438 0.191266 0.770672 0.186500 0.767687
0 0.131250 0.728125 0.128125 0.726562 0.110937 0.720313 0.106250 0.720313 0.103125 0.721875 0.101562 0.725000 0.101562 0.731250 0.098437 0.734375 0.098437 0.735938 0.095312 0.737500 0.092188 0.742188 0.090625 0.746875 0.082812 0.754687 0.084375 0.781250 0.090625 0.784375 0.103125 0.771875 0.107813 0.770312 0.114062 0.767188 0.121875 0.764062 0.129688 0.762500 0.135937 0.753125 0.135937 0.734375 0.134375 0.731250
0 0.129688 0.765625 0.126562 0.765625 0.123438 0.768750 0.109375 0.773438 0.103125 0.776563 0.095312 0.781250 0.092188 0.784375 0.092188 0.800000 0.093750 0.807813 0.096875 0.810937 0.110937 0.812500 0.125000 0.812500 0.134375 0.803125 0.137500 0.798438 0.139063 0.795312 0.140625 0.790625 0.140625 0.785937 0.139063 0.779687
0 0.145313 0.814063 0.140625 0.812500 0.129688 0.812500 0.125000 0.814063 0.118750 0.817187 0.117188 0.818750 0.112500 0.828125 0.109375 0.832812 0.103125 0.839063 0.101562 0.843750 0.101562 0.853125 0.104688 0.859375 0.112500 0.867188 0.112500 0.873437 0.114062 0.876563 0.118750 0.881250 0.131250 0.881250 0.135937 0.879687 0.139063 0.878125 0.143750 0.873437 0.148438 0.873437 0.153125 0.871875 0.159375 0.865625 0.164062 0.856250 0.165625 0.848437 0.164062 0.840625 0.159375 0.828125 0.157812 0.825000 0.151562 0.818750
0 0.117188 0.915625 0.112500 0.915625 0.109375 0.917188 0.104688 0.921875 0.095312 0.920312 0.090625 0.920312 0.084375 0.923438 0.081250 0.929688 0.081250 0.948438 0.082812 0.951562 0.087500 0.956250 0.092188 0.959375 0.098437 0.962500 0.110937 0.962500 0.117188 0.960938 0.120313 0.959375 0.123438 0.956250 0.126562 0.951562 0.128125 0.948438 0.129688 0.943750 0.129688 0.928125 0.128125 0.925000 0.123438 0.918750
0 0.076563 0.950000 0.073438 0.946875 0.064062 0.946875 0.056250 0.951562 0.050000 0.945312 0.046875 0.943750 0.043750 0.943750 0.037500 0.946875 0.031250 0.954688 0.026562 0.956250 0.023438 0.957812 0.021875 0.959375 0.020313 0.962500 0.020313 0.973437 0.018750 0.978125 0.014063 0.982812 0.012500 0.985938 0.014063 0.998437 0.062500 0.998437 0.064062 0.995313 0.064062 0.992188 0.065625 0.989062 0.068750 0.985938 0.070312 0.982812 0.070312 0.970313 0.071875 0.965625 0.075000 0.962500 0.076563 0.959375
0 0.062500 0.993750 0.062500 0.998437 0.096875 0.998437 0.095312 0.985938 0.089063 0.979688 0.082812 0.976562 0.076563 0.976562 0.070312 0.979688 0.065625 0.984375
0 0.548438 0.873437 0.545312 0.875000 0.540625 0.879687 0.540625 0.881250 0.534375 0.889062 0.529687 0.893750 0.528125 0.893750 0.521875 0.900000 0.520312 0.903125 0.518750 0.910937 0.520312 0.920312 0.523438 0.926562 0.526563 0.931250 0.539062 0.943750 0.543750 0.951562 0.548438 0.954688 0.551562 0.956250 0.556250 0.957812 0.564063 0.957812 0.570312 0.951562 0.573438 0.950000 0.584375 0.950000 0.589063 0.948438 0.592187 0.945312 0.593750 0.945312 0.595313 0.943750 0.598437 0.937500 0.600000 0.932813 0.600000 0.925000 0.596875 0.918750 0.596875 0.915625 0.598437 0.914062 0.600000 0.907813 0.600000 0.898438 0.595313 0.889062 0.589063 0.882812 0.585938 0.881250 0.581250 0.879687 0.573438 0.879687 0.562500 0.873437
0 0.601562 0.835938 0.596875 0.840625 0.593750 0.846875 0.592187 0.853125 0.590625 0.856250 0.585938 0.860938 0.585938 0.868750 0.590625 0.876563 0.592187 0.878125 0.593750 0.878125 0.596875 0.881250 0.612500 0.887500 0.618750 0.887500 0.625000 0.890625 0.632812 0.892188 0.637500 0.890625 0.642188 0.885938 0.642188 0.878125 0.637500 0.873437 0.640625 0.868750 0.640625 0.859375 0.637500 0.856250 0.629687 0.853125 0.623437 0.846875 0.623437 0.837500 0.621875 0.834375 0.618750 0.832812 0.609375 0.832812 0.604688 0.834375
0 0.531250 0.798438 0.525000 0.806250 0.521875 0.814063 0.521875 0.821875 0.523438 0.825000 0.531250 0.835938 0.532813 0.839063 0.534375 0.846875 0.535937 0.851562 0.539062 0.856250 0.543750 0.857812 0.548438 0.860938 0.556250 0.864062 0.562500 0.865625 0.567187 0.865625 0.585938 0.862500 0.590625 0.856250 0.596875 0.840625 0.601562 0.835938 0.601562 0.825000 0.600000 0.820312 0.596875 0.817187 0.589063 0.814063 0.585938 0.810937 0.585938 0.807813 0.584375 0.804688 0.581250 0.803125 0.578125 0.803125 0.575000 0.801562 0.571875 0.798438 0.571875 0.796875 0.567187 0.792188 0.564063 0.792188 0.559375 0.793750 0.556250 0.796875 0.551562 0.798438 0.546875 0.798438 0.540625 0.795312 0.537500 0.795312
0 0.518750 0.820312 0.515625 0.818750 0.512500 0.818750 0.506250 0.814063 0.501563 0.812500 0.496875 0.812500 0.492188 0.814063 0.487500 0.818750 0.482812 0.825000 0.481250 0.828125 0.479687 0.837500 0.479687 0.850000 0.476562 0.853125 0.467187 0.856250 0.464062 0.859375 0.460938 0.867188 0.462500 0.873437 0.470313 0.868750 0.479687 0.865625 0.490625 0.870313 0.490625 0.871875 0.467187 0.893750 0.465625 0.896875 0.464062 0.909375 0.462500 0.909375 0.460938 0.910937 0.460938 0.912500 0.457813 0.915625 0.457813 0.918750 0.465625 0.918750 0.476562 0.921875 0.485938 0.921875 0.490625 0.920312 0.500000 0.910937 0.507812 0.907813 0.512500 0.903125 0.515625 0.896875 0.525000 0.889062 0.529687 0.884375 0.534375 0.878125 0.537500 0.867188 0.537500 0.859375 0.529687 0.835938 0.526563 0.829688 0.523438 0.825000
0 0.459375 0.915625 0.446875 0.923438 0.442188 0.928125 0.440625 0.931250 0.440625 0.953125 0.443750 0.981250 0.445312 0.982812 0.445312 0.985938 0.450000 0.989062 0.453125 0.990625 0.460938 0.990625 0.468750 0.995313 0.471875 0.995313 0.478125 0.998437 0.482812 0.995313 0.487500 0.993750 0.485938 0.984375 0.489063 0.981250 0.492188 0.981250 0.498437 0.975000 0.500000 0.971875 0.501563 0.957812 0.506250 0.946875 0.506250 0.939063 0.500000 0.932813 0.495312 0.931250 0.485938 0.929688 0.482812 0.928125 0.481250 0.926562 0.481250 0.925000 0.479687 0.923438 0.476562 0.921875 0.470313 0.921875 0.467187 0.920312 0.462500 0.915625
0 0.435937 0.935937 0.434375 0.934375 0.428125 0.931250 0.420312 0.931250 0.415625 0.932813 0.406250 0.937500 0.401562 0.937500 0.396875 0.934375 0.392188 0.934375 0.389062 0.939063 0.387500 0.939063 0.373437 0.950000 0.371875 0.951562 0.368750 0.957812 0.368750 0.960938 0.367188 0.964063 0.364063 0.967187 0.360938 0.973437 0.364063 0.976562 0.367188 0.985938 0.367188 0.995313 0.368750 0.998437 0.431250 0.998437 0.435937 0.995313 0.439063 0.992188 0.442188 0.985938 0.442188 0.967187 0.439063 0.942187
0 0.298438 0.917188 0.293750 0.920312 0.285938 0.920312 0.282813 0.921875 0.278125 0.925000 0.271875 0.931250 0.270313 0.939063 0.270313 0.945312 0.271875 0.950000 0.278125 0.957812 0.278125 0.962500 0.275000 0.970313 0.275000 0.975000 0.278125 0.981250 0.282813 0.985938 0.285938 0.987500 0.290625 0.989062 0.301563 0.990625 0.304688 0.998437 0.309375 0.998437 0.318750 0.989062 0.320312 0.985938 0.320312 0.981250 0.323437 0.975000 0.328125 0.970313 0.329688 0.967187 0.329688 0.959375 0.325000 0.953125 0.323437 0.950000 0.321875 0.945312 0.321875 0.939063 0.317188 0.928125 0.312500 0.921875 0.307812 0.917188
0 0.321875 0.985938 0.321875 0.992188 0.325000 0.998437 0.368750 0.998437 0.368750 0.987500 0.367188 0.984375 0.362500 0.978125 0.362500 0.975000 0.357812 0.970313 0.350000 0.965625 0.346875 0.964063 0.342187 0.964063 0.337500 0.965625 0.334375 0.967187 0.326562 0.975000 0.323437 0.981250
0 0.395313 0.884375 0.390625 0.882812 0.376563 0.881250 0.368750 0.876563 0.365625 0.876563 0.353125 0.878125 0.340625 0.882812 0.339062 0.887500 0.337500 0.889062 0.334375 0.890625 0.325000 0.890625 0.315625 0.896875 0.309375 0.903125 0.309375 0.915625 0.312500 0.921875 0.315625 0.925000 0.317188 0.925000 0.318750 0.926562 0.318750 0.928125 0.321875 0.931250 0.321875 0.934375 0.326562 0.940625 0.329688 0.946875 0.329688 0.954688 0.331250 0.957812 0.340625 0.959375 0.351562 0.956250 0.356250 0.951562 0.360938 0.950000 0.364063 0.951562 0.367188 0.950000 0.370312 0.945312 0.373437 0.943750 0.378125 0.943750 0.381250 0.940625 0.385937 0.939063 0.392188 0.932813 0.392188 0.920312 0.396875 0.912500 0.398438 0.907813 0.400000 0.900000 0.400000 0.890625 0.398438 0.887500
0 0.398438 0.814063 0.395313 0.815625 0.382812 0.828125 0.378125 0.834375 0.376563 0.840625 0.371875 0.845313 0.370312 0.848437 0.368750 0.856250 0.368750 0.865625 0.370312 0.868750 0.376563 0.875000 0.389062 0.881250 0.403125 0.884375 0.414062 0.884375 0.418750 0.887500 0.423438 0.887500 0.426563 0.884375 0.428125 0.879687 0.428125 0.875000 0.434375 0.870313 0.435937 0.854688 0.439063 0.848437 0.440625 0.842187 0.440625 0.832812 0.439063 0.826562 0.437500 0.823438 0.431250 0.823438 0.426563 0.826562 0.420312 0.820312 0.414062 0.815625 0.410938 0.814063
0 0.362500 0.814063 0.353125 0.810937 0.345313 0.810937 0.342187 0.812500 0.339062 0.815625 0.339062 0.821875 0.343750 0.825000 0.340625 0.828125 0.328125 0.832812 0.326562 0.835938 0.325000 0.848437 0.320312 0.850000 0.317188 0.853125 0.315625 0.860938 0.317188 0.868750 0.315625 0.870313 0.315625 0.878125 0.317188 0.881250 0.320312 0.882812 0.325000 0.884375 0.340625 0.884375 0.364063 0.879687 0.370312 0.875000 0.368750 0.864062 0.376563 0.845313 0.376563 0.837500 0.379688 0.832812 0.378125 0.828125 0.373437 0.823438 0.368750 0.821875 0.365625 0.818750 0.365625 0.817187
0 0.829688 0.650000 0.814063 0.650000 0.807813 0.651563 0.804688 0.653125 0.800000 0.657813 0.796875 0.662500 0.795312 0.665625 0.795312 0.670312 0.793750 0.671875 0.793750 0.675000 0.795312 0.676562 0.795312 0.681250 0.798438 0.685937 0.807813 0.695312 0.817187 0.696875 0.820312 0.696875 0.825000 0.693750 0.831250 0.687500 0.834375 0.682813 0.839063 0.673438 0.840625 0.667188 0.840625 0.662500 0.839063 0.657813 0.832812 0.651563
0 0.832812 0.579688 0.829688 0.581250 0.820312 0.590625 0.817187 0.595313 0.809375 0.614062 0.809375 0.617188 0.810937 0.621875 0.815625 0.629687 0.820312 0.634375 0.823438 0.635938 0.826562 0.635938 0.829688 0.637500 0.832812 0.640625 0.835938 0.642188 0.848437 0.642188 0.851562 0.640625 0.854688 0.637500 0.856250 0.637500 0.857812 0.635938 0.860938 0.629687 0.864062 0.615625 0.864062 0.609375 0.862500 0.593750 0.860938 0.589063 0.859375 0.585938 0.854688 0.582812 0.850000 0.581250 0.835938 0.579688
0 0.860938 0.535937 0.857812 0.534375 0.845313 0.534375 0.842187 0.535937 0.837500 0.539062 0.829688 0.546875 0.829688 0.562500 0.831250 0.567187 0.832812 0.570312 0.835938 0.573438 0.853125 0.573438 0.857812 0.571875 0.862500 0.568750 0.865625 0.565625 0.868750 0.559375 0.868750 0.546875 0.865625 0.540625
1 0.803125 0.551562 0.798438 0.551562 0.796875 0.550000 0.793750 0.550000 0.787500 0.553125 0.784375 0.556250 0.781250 0.560937 0.779687 0.564063 0.778125 0.568750 0.778125 0.575000 0.781250 0.581250 0.784375 0.582812 0.796875 0.582812 0.800000 0.581250 0.804688 0.576562 0.807813 0.568750 0.807813 0.556250
1 0.800000 0.621875 0.793750 0.625000 0.792188 0.626563 0.789062 0.632812 0.789062 0.645312 0.793750 0.650000 0.796875 0.651563 0.804688 0.651563 0.807813 0.650000 0.812500 0.646875 0.814063 0.643750 0.815625 0.639062 0.815625 0.634375 0.814063 0.629687 0.810937 0.623437 0.807813 0.621875
1 0.868750 0.581250 0.862500 0.584375 0.860938 0.587500 0.860938 0.590625 0.864062 0.600000 0.865625 0.612500 0.875000 0.612500 0.879687 0.607812 0.885938 0.598437 0.885938 0.590625 0.884375 0.587500 0.879687 0.582812 0.876563 0.581250
0 0.193750 0.728125 0.182812 0.735938 0.178125 0.746875 0.173437 0.751563 0.170313 0.759375 0.192188 0.760938 0.192188 0.757812 0.193750 0.756250 0.195312 0.746875 0.195312 0.734375 0.193750 0.732812
0 0.095312 0.812500 0.093750 0.815625 0.093750 0.829688 0.103125 0.839063 0.106250 0.837500 0.110937 0.831250 0.115625 0.821875 0.114062 0.814063 0.109375 0.812500