0 0.232813 0.012500 0.232813 0.025000 0.235937 0.029687 0.235937 0.037500 0.237500 0.040625 0.243750 0.045312 0.248438 0.046875 0.264062 0.046875 0.273438 0.043750 0.273438 0.028125 0.279687 0.023438 0.281250 0.021875 0.282813 0.018750 0.282813 0.009375 0.279687 0.006250 0.245312 0.006250 0.239063 0.007812 0.235937 0.009375
0 0.273438 0.029687 0.273438 0.045312 0.275000 0.048438 0.278125 0.051562 0.287500 0.056250 0.298438 0.056250 0.306250 0.054688 0.310937 0.053125 0.314063 0.051562 0.317188 0.048438 0.317188 0.045312 0.315625 0.042188 0.312500 0.039062 0.307812 0.037500 0.301563 0.037500 0.293750 0.029687 0.284375 0.025000 0.275000 0.026562
0 0.298438 0.007812 0.298438 0.015625 0.300000 0.020313 0.303125 0.023438 0.306250 0.025000 0.310937 0.026562 0.318750 0.026562 0.323437 0.025000 0.332813 0.020313 0.335938 0.015625 0.334375 0.007812 0.325000 0.006250
0 0.348438 0.010937 0.348438 0.020313 0.353125 0.025000 0.356250 0.026562 0.360938 0.028125 0.364063 0.028125 0.370312 0.021875 0.373437 0.017188 0.371875 0.012500 0.367188 0.010937 0.359375 0.009375 0.351562 0.009375
0 0.190625 0.060937 0.190625 0.068750 0.195312 0.073438 0.196875 0.078125 0.198437 0.079687 0.207813 0.084375 0.212500 0.085938 0.226562 0.085938 0.232813 0.084375 0.240625 0.079687 0.245312 0.079687 0.251563 0.075000 0.254688 0.073438 0.265625 0.073438 0.268750 0.071875 0.273438 0.067187 0.275000 0.064062 0.275000 0.054688 0.273438 0.051562 0.248438 0.050000 0.242188 0.046875 0.239063 0.043750 0.232813 0.040625 0.229687 0.040625 0.228125 0.042188 0.223438 0.042188 0.217188 0.045312 0.214062 0.048438 0.214062 0.051562 0.210938 0.054688 0.206250 0.056250 0.196875 0.056250 0.193750 0.057813
0 0.167187 0.092188 0.164062 0.095312 0.164062 0.098437 0.159375 0.104688 0.157812 0.107813 0.157812 0.112500 0.159375 0.117188 0.160938 0.120313 0.165625 0.125000 0.170313 0.128125 0.173437 0.129688 0.179688 0.131250 0.185938 0.131250 0.190625 0.129688 0.193750 0.128125 0.195312 0.126562 0.195312 0.125000 0.198437 0.121875 0.200000 0.118750 0.200000 0.106250 0.198437 0.101562 0.195312 0.098437 0.192188 0.096875 0.181250 0.092188 0.176563 0.090625 0.173437 0.090625 0.171875 0.092188
0 0.250000 0.101562 0.250000 0.112500 0.253125 0.115625 0.289062 0.115625 0.295312 0.112500 0.300000 0.107813 0.301563 0.103125 0.301563 0.096875 0.300000 0.093750 0.296875 0.090625 0.293750 0.089063 0.290625 0.089063 0.287500 0.087500 0.281250 0.081250 0.276562 0.079687 0.270313 0.079687 0.267188 0.081250 0.262500 0.084375 0.256250 0.090625 0.253125 0.095312
0 0.228125 0.145313 0.231250 0.148438 0.234375 0.150000 0.260937 0.154688 0.265625 0.154688 0.281250 0.153125 0.284375 0.151562 0.290625 0.145313 0.290625 0.139063 0.287500 0.135937 0.285938 0.132812 0.287500 0.129688 0.289062 0.128125 0.293750 0.126562 0.295312 0.123438 0.295312 0.120313 0.293750 0.117188 0.240625 0.115625 0.237500 0.117188 0.235937 0.120313 0.237500 0.128125 0.237500 0.132812 0.229687 0.140625
0 0.300000 0.134375 0.300000 0.145313 0.309375 0.154688 0.312500 0.156250 0.317188 0.157812 0.332813 0.157812 0.337500 0.156250 0.340625 0.154688 0.343750 0.151562 0.345313 0.148438 0.345313 0.142187 0.343750 0.137500 0.340625 0.132812 0.334375 0.126562 0.331250 0.125000 0.310937 0.125000 0.307812 0.126562 0.304688 0.129688 0.303125 0.129688 0.301563 0.131250
0 0.289062 0.164062 0.284375 0.159375 0.279687 0.157812 0.262500 0.156250 0.257812 0.156250 0.256250 0.157812 0.250000 0.157812 0.246875 0.159375 0.239063 0.167187 0.235937 0.171875 0.234375 0.175000 0.234375 0.182812 0.237500 0.185938 0.239063 0.190625 0.239063 0.195312 0.240625 0.198437 0.243750 0.201563 0.250000 0.201563 0.268750 0.200000 0.271875 0.200000 0.289062 0.184375 0.292187 0.181250 0.293750 0.176563 0.292187 0.170313
0 0.181250 0.142187 0.176563 0.143750 0.173437 0.146875 0.173437 0.148438 0.168750 0.153125 0.164062 0.162500 0.160938 0.165625 0.157812 0.165625 0.159375 0.173437 0.156250 0.176563 0.154688 0.176563 0.153125 0.178125 0.151562 0.181250 0.151562 0.190625 0.153125 0.193750 0.156250 0.195312 0.164062 0.195312 0.168750 0.196875 0.175000 0.204687 0.181250 0.207813 0.192188 0.207813 0.196875 0.203125 0.198437 0.200000 0.200000 0.193750 0.203125 0.190625 0.210938 0.190625 0.217188 0.189062 0.221875 0.184375 0.221875 0.179688 0.220312 0.178125 0.218750 0.170313 0.218750 0.165625 0.220312 0.156250 0.217188 0.153125 0.217188 0.150000 0.212500 0.145313 0.207813 0.143750
0 0.200000 0.212500 0.200000 0.225000 0.201563 0.234375 0.204687 0.237500 0.207813 0.239063 0.214062 0.240625 0.228125 0.240625 0.235937 0.245312 0.240625 0.245312 0.246875 0.242188 0.251563 0.237500 0.253125 0.231250 0.256250 0.228125 0.257812 0.225000 0.257812 0.217188 0.254688 0.212500 0.248438 0.206250 0.242188 0.204687 0.234375 0.203125 0.217188 0.203125 0.209375 0.206250 0.203125 0.209375
0 0.437500 0.034375 0.420312 0.032813 0.406250 0.032813 0.401562 0.034375 0.398438 0.035937 0.393750 0.040625 0.392188 0.043750 0.390625 0.053125 0.390625 0.067187 0.392188 0.070312 0.396875 0.075000 0.401562 0.078125 0.409375 0.078125 0.420312 0.073438 0.425000 0.068750 0.426563 0.065625 0.426563 0.062500 0.431250 0.057813 0.443750 0.056250 0.443750 0.054688 0.445312 0.051562 0.442188 0.046875 0.442188 0.040625 0.440625 0.037500
0 0.423438 0.073438 0.417187 0.075000 0.406250 0.079687 0.403125 0.081250 0.393750 0.089063 0.392188 0.090625 0.390625 0.093750 0.387500 0.101562 0.387500 0.118750 0.389062 0.121875 0.392188 0.125000 0.398438 0.123438 0.400000 0.117188 0.404687 0.112500 0.409375 0.112500 0.412500 0.110937 0.414062 0.109375 0.415625 0.106250 0.415625 0.103125 0.420312 0.098437 0.421875 0.095312 0.421875 0.090625 0.420312 0.089063 0.420312 0.084375 0.423438 0.081250 0.425000 0.078125
0 0.459375 0.037500 0.459375 0.043750 0.460938 0.046875 0.462500 0.048438 0.475000 0.057813 0.479687 0.060937 0.490625 0.060937 0.496875 0.057813 0.500000 0.054688 0.504687 0.053125 0.506250 0.051562 0.506250 0.050000 0.509375 0.046875 0.509375 0.040625 0.506250 0.037500 0.503125 0.035937 0.493750 0.034375 0.460938 0.034375
0 0.457813 0.000000 0.457813 0.004687 0.464062 0.010937 0.467187 0.012500 0.482812 0.014063 0.489063 0.021875 0.492188 0.025000 0.495312 0.026562 0.503125 0.028125 0.517188 0.028125 0.525000 0.023438 0.535937 0.021875 0.542188 0.015625 0.542188 0.009375 0.539062 0.004687 0.537500 0.000000
0 0.459375 0.046875 0.454688 0.046875 0.451562 0.048438 0.448437 0.053125 0.446875 0.056250 0.446875 0.064062 0.450000 0.067187 0.454688 0.068750 0.462500 0.067187 0.467187 0.064062 0.470313 0.060937 0.470313 0.056250 0.465625 0.051562
0 0.615625 0.000000 0.614062 0.003125 0.615625 0.009375 0.614062 0.014063 0.606250 0.025000 0.606250 0.034375 0.607812 0.037500 0.610938 0.040625 0.617188 0.042188 0.621875 0.042188 0.626563 0.040625 0.629687 0.037500 0.634375 0.035937 0.642188 0.037500 0.646875 0.035937 0.650000 0.034375 0.651563 0.032813 0.659375 0.017188 0.660937 0.012500 0.659375 0.009375 0.656250 0.006250 0.650000 0.003125 0.642188 0.000000
0 0.000000 0.645312 0.000000 0.665625 0.006250 0.671875 0.014063 0.678125 0.018750 0.681250 0.023438 0.682813 0.031250 0.684375 0.051562 0.682813 0.075000 0.684375 0.078125 0.682813 0.082812 0.678125 0.085938 0.671875 0.085938 0.667188 0.087500 0.664062 0.090625 0.662500 0.092188 0.659375 0.093750 0.653125 0.093750 0.646875 0.092188 0.643750 0.089063 0.639062 0.085938 0.635938 0.079687 0.632812 0.071875 0.631250 0.065625 0.628125 0.057813 0.621875 0.051562 0.618750 0.046875 0.617188 0.032813 0.617188 0.028125 0.618750 0.020313 0.626563 0.018750 0.631250 0.012500 0.637500 0.006250 0.640625
0 0.126562 0.653125 0.123438 0.657813 0.120313 0.664062 0.118750 0.668750 0.118750 0.679688 0.115625 0.692187 0.115625 0.695312 0.117188 0.698438 0.118750 0.700000 0.121875 0.701562 0.129688 0.701562 0.132812 0.704688 0.134375 0.709375 0.137500 0.712500 0.142187 0.715625 0.157812 0.715625 0.162500 0.714063 0.165625 0.712500 0.168750 0.709375 0.170313 0.704688 0.170313 0.685937 0.173437 0.682813 0.176563 0.675000 0.176563 0.668750 0.173437 0.662500 0.171875 0.660937 0.170313 0.660937 0.167187 0.657813 0.164062 0.656250 0.159375 0.654687 0.148438 0.653125 0.143750 0.650000 0.132812 0.650000
0 0.184375 0.728125 0.181250 0.725000 0.178125 0.723437 0.173437 0.721875 0.167187 0.720313 0.151562 0.720313 0.146875 0.721875 0.142187 0.725000 0.137500 0.729688 0.126562 0.742188 0.123438 0.746875 0.120313 0.753125 0.120313 0.767188 0.121875 0.770312 0.125000 0.773438 0.129688 0.773438 0.132812 0.771875 0.139063 0.765625 0.148438 0.764062 0.153125 0.760938 0.159375 0.753125 0.162500 0.745313 0.167187 0.740625 0.181250 0.734375 0.184375 0.731250
0 0.053125 0.710938 0.051562 0.712500 0.043750 0.728125 0.042188 0.732812 0.042188 0.743750 0.045312 0.745313 0.048438 0.745313 0.053125 0.748437 0.067187 0.748437 0.071875 0.750000 0.076563 0.754687 0.079687 0.754687 0.082812 0.756250 0.089063 0.764062 0.092188 0.765625 0.098437 0.767188 0.106250 0.767188 0.112500 0.760938 0.114062 0.756250 0.114062 0.745313 0.112500 0.715625 0.110937 0.712500 0.106250 0.707812 0.095312 0.706250 0.076563 0.706250 0.070312 0.709375 0.056250 0.709375
0 0.004687 0.773438 0.004687 0.781250 0.007812 0.785937 0.010937 0.787500 0.017188 0.789062 0.023438 0.789062 0.028125 0.787500 0.035937 0.782813 0.043750 0.789062 0.053125 0.798438 0.056250 0.800000 0.065625 0.800000 0.068750 0.796875 0.068750 0.789062 0.070312 0.782813 0.071875 0.779687 0.078125 0.773438 0.081250 0.771875 0.087500 0.770312 0.090625 0.767188 0.082812 0.762500 0.079687 0.762500 0.078125 0.764062 0.075000 0.764062 0.064062 0.760938 0.054688 0.756250 0.050000 0.751563 0.045312 0.751563 0.040625 0.746875 0.034375 0.746875 0.028125 0.748437 0.025000 0.751563 0.025000 0.754687 0.026562 0.757812 0.020313 0.764062 0.012500 0.765625
0 0.004687 0.715625 0.000000 0.715625 0.000000 0.771875 0.004687 0.770312 0.009375 0.764062 0.014063 0.762500 0.018750 0.759375 0.021875 0.756250 0.021875 0.742188 0.025000 0.735938 0.023438 0.731250 0.020313 0.728125 0.020313 0.726562 0.018750 0.725000 0.012500 0.720313 0.007812 0.717187
0 0.639062 0.878125 0.629687 0.878125 0.625000 0.879687 0.617188 0.885938 0.615625 0.887500 0.614062 0.890625 0.612500 0.907813 0.612500 0.910937 0.615625 0.917188 0.618750 0.920312 0.621875 0.921875 0.635938 0.921875 0.639062 0.920312 0.642188 0.917188 0.646875 0.909375 0.648438 0.903125 0.650000 0.892188 0.650000 0.889062 0.646875 0.884375 0.643750 0.881250
0 0.648438 0.896875 0.646875 0.907813 0.646875 0.910937 0.650000 0.917188 0.653125 0.920312 0.657813 0.923438 0.662500 0.925000 0.673438 0.925000 0.679688 0.921875 0.689063 0.912500 0.690625 0.907813 0.689063 0.903125 0.685937 0.898438 0.679688 0.892188 0.676562 0.890625 0.671875 0.889062 0.654687 0.889062 0.651563 0.890625
0 0.634375 0.993750 0.634375 0.998437 0.689063 0.998437 0.685937 0.992188 0.673438 0.979688 0.667188 0.976562 0.648438 0.976562 0.645312 0.978125 0.639062 0.984375 0.635938 0.989062
1 0.668750 0.876563 0.667188 0.887500 0.670312 0.889062 0.675000 0.889062 0.679688 0.892188 0.684375 0.892188 0.685937 0.889062 0.685937 0.879687 0.682813 0.876563 0.678125 0.875000 0.671875 0.875000
1 0.684375 0.921875 0.684375 0.925000 0.685937 0.928125 0.689063 0.931250 0.692187 0.932813 0.698438 0.932813 0.704688 0.929688 0.707812 0.926562 0.707812 0.920312 0.703125 0.915625 0.700000 0.914062 0.692187 0.914062 0.689063 0.915625 0.685937 0.918750
1 0.718750 0.917188 0.718750 0.920312 0.720313 0.923438 0.723437 0.925000 0.728125 0.925000 0.732812 0.923438 0.740625 0.920312 0.740625 0.914062 0.739062 0.910937 0.726562 0.909375 0.721875 0.912500
1 0.729688 0.925000 0.728125 0.932813 0.732812 0.937500 0.743750 0.937500 0.746875 0.935937 0.748437 0.932813 0.748437 0.926562 0.746875 0.923438 0.743750 0.921875 0.735938 0.921875
1 0.623437 0.946875 0.621875 0.950000 0.621875 0.957812 0.623437 0.960938 0.632812 0.970313 0.646875 0.968750 0.650000 0.959375 0.648438 0.954688 0.646875 0.951562 0.645312 0.950000 0.642188 0.948438 0.632812 0.945312 0.626563 0.945312
1 0.690625 0.968750 0.689063 0.979688 0.693750 0.984375 0.698438 0.985938 0.704688 0.985938 0.707812 0.982812 0.709375 0.978125 0.709375 0.975000 0.706250 0.970313 0.701562 0.967187 0.693750 0.967187
1 0.701562 0.962500 0.701562 0.965625 0.703125 0.968750 0.710938 0.975000 0.714063 0.973437 0.720313 0.967187 0.723437 0.968750 0.726562 0.967187 0.725000 0.964063 0.725000 0.962500 0.723437 0.960938 0.717187 0.957812 0.706250 0.957812
0 0.717187 0.970313 0.710938 0.976562 0.707812 0.982812 0.706250 0.989062 0.707812 0.993750 0.709375 0.996875 0.734375 0.998437 0.740625 0.992188 0.743750 0.987500 0.746875 0.981250 0.746875 0.976562 0.742188 0.971875 0.739062 0.970313 0.734375 0.968750 0.728125 0.967187 0.720313 0.968750
0 0.914062 0.853125 0.910937 0.854688 0.907813 0.857812 0.907813 0.862500 0.903125 0.867188 0.900000 0.867188 0.893750 0.873437 0.892188 0.876563 0.892188 0.882812 0.895312 0.889062 0.896875 0.889062 0.900000 0.892188 0.904687 0.893750 0.907813 0.900000 0.907813 0.904687 0.914062 0.910937 0.918750 0.912500 0.925000 0.912500 0.929688 0.910937 0.943750 0.904687 0.950000 0.901563 0.953125 0.898438 0.956250 0.892188 0.956250 0.885938 0.954688 0.878125 0.953125 0.875000 0.934375 0.856250 0.928125 0.853125
1 0.914062 0.940625 0.912500 0.943750 0.910937 0.950000 0.912500 0.954688 0.914062 0.957812 0.915625 0.959375 0.918750 0.960938 0.925000 0.962500 0.934375 0.962500 0.937500 0.960938 0.943750 0.954688 0.945312 0.951562 0.945312 0.948438 0.943750 0.943750 0.942187 0.940625 0.937500 0.937500 0.932813 0.935937 0.923438 0.935937 0.918750 0.937500
1 0.978125 0.853125 0.979688 0.865625 0.982812 0.867188 0.987500 0.868750 0.992188 0.868750 0.993750 0.870313 0.998437 0.868750 0.998437 0.848437 0.984375 0.848437 0.981250 0.850000