0 0.246875 0.906250 0.243750 0.907813 0.242188 0.909375 0.240625 0.914062 0.237500 0.917188 0.234375 0.918750 0.228125 0.920312 0.221875 0.923438 0.218750 0.926562 0.217188 0.934375 0.212500 0.939063 0.210938 0.942187 0.210938 0.950000 0.212500 0.953125 0.217188 0.957812 0.218750 0.964063 0.223438 0.965625 0.225000 0.967187 0.226562 0.970313 0.226562 0.973437 0.228125 0.976562 0.231250 0.979688 0.234375 0.981250 0.246875 0.984375 0.253125 0.984375 0.256250 0.981250 0.262500 0.973437 0.275000 0.973437 0.278125 0.970313 0.278125 0.960938 0.275000 0.957812 0.273438 0.957812 0.270313 0.954688 0.270313 0.946875 0.279687 0.937500 0.281250 0.934375 0.282813 0.926562 0.282813 0.920312 0.281250 0.918750 0.279687 0.918750 0.276562 0.915625 0.262500 0.915625 0.259375 0.914062 0.251563 0.906250
0 0.284375 0.992188 0.284375 0.998437 0.368750 0.998437 0.367188 0.995313 0.364063 0.992188 0.359375 0.989062 0.356250 0.987500 0.346875 0.985938 0.342187 0.981250 0.340625 0.976562 0.339062 0.975000 0.337500 0.975000 0.334375 0.971875 0.325000 0.967187 0.317188 0.967187 0.314063 0.968750 0.309375 0.975000 0.307812 0.981250 0.304688 0.984375 0.301563 0.985938 0.293750 0.985938 0.289062 0.987500
0 0.351562 0.898438 0.348438 0.900000 0.342187 0.907813 0.340625 0.912500 0.340625 0.928125 0.337500 0.934375 0.335938 0.942187 0.337500 0.945312 0.340625 0.948438 0.348438 0.954688 0.350000 0.960938 0.351562 0.964063 0.356250 0.968750 0.359375 0.970313 0.364063 0.971875 0.375000 0.973437 0.384375 0.973437 0.384375 0.968750 0.385937 0.962500 0.389062 0.957812 0.389062 0.950000 0.390625 0.945312 0.393750 0.942187 0.395313 0.937500 0.395313 0.931250 0.396875 0.929688 0.396875 0.925000 0.392188 0.920312 0.390625 0.914062 0.390625 0.906250 0.385937 0.901563 0.382812 0.900000 0.378125 0.898438 0.371875 0.898438 0.362500 0.900000 0.360938 0.898438
0 0.392766 0.926672 0.392766 0.932922 0.389641 0.939172 0.388078 0.951672 0.388078 0.964172 0.384953 0.976672 0.386516 0.979797 0.391203 0.984484 0.395891 0.986047 0.411516 0.986047 0.427141 0.978234 0.431828 0.976672 0.434953 0.973547 0.436516 0.967297 0.438078 0.936047 0.436516 0.932922 0.430266 0.931359 0.417766 0.925109 0.400578 0.925109 0.399016 0.926672
0 0.435937 0.895312 0.429688 0.900000 0.425000 0.901563 0.420312 0.901563 0.415625 0.903125 0.410938 0.906250 0.409375 0.914062 0.406250 0.918750 0.407813 0.925000 0.415625 0.925000 0.420312 0.926562 0.426563 0.932813 0.435937 0.937500 0.437500 0.939063 0.439063 0.942187 0.439063 0.956250 0.435937 0.973437 0.439063 0.979688 0.445312 0.985938 0.451562 0.990625 0.457813 0.990625 0.460938 0.989062 0.464062 0.985938 0.465625 0.982812 0.468750 0.973437 0.467187 0.965625 0.467187 0.962500 0.473438 0.956250 0.473438 0.948438 0.467187 0.942187 0.470313 0.939063 0.471875 0.934375 0.470313 0.925000 0.465625 0.914062 0.465625 0.907813 0.462500 0.901563 0.460938 0.901563 0.457813 0.898438 0.451562 0.895312
0 0.495609 0.901828 0.495609 0.908078 0.497172 0.911203 0.501859 0.915891 0.514359 0.915891 0.519047 0.914328 0.522172 0.912766 0.526859 0.917453 0.529984 0.919016 0.534672 0.920578 0.567484 0.920578 0.572172 0.915891 0.573734 0.912766 0.572172 0.904953 0.570609 0.904953 0.567484 0.901828 0.569047 0.898703 0.573734 0.892453 0.573734 0.886203 0.569047 0.875266 0.567484 0.873703 0.562797 0.872141 0.559672 0.869016 0.556547 0.867453 0.542484 0.865891 0.536234 0.862766 0.529984 0.862766 0.528422 0.864328 0.520609 0.864328 0.517484 0.865891 0.514359 0.873703 0.512797 0.878391 0.512797 0.884641 0.508109 0.889328 0.503422 0.890891 0.497172 0.897141
0 0.475000 0.959375 0.473438 0.962500 0.473438 0.975000 0.470313 0.981250 0.470313 0.989062 0.471875 0.993750 0.475000 0.998437 0.537500 0.998437 0.539062 0.992188 0.535937 0.981250 0.535937 0.973437 0.534375 0.970313 0.531250 0.967187 0.523438 0.960938 0.520312 0.953125 0.515625 0.948438 0.510938 0.946875 0.498437 0.946875 0.492188 0.948438 0.479687 0.954688
0 0.767188 0.760938 0.751563 0.760938 0.746875 0.764062 0.734375 0.762500 0.729688 0.765625 0.725000 0.767188 0.726562 0.779687 0.723437 0.784375 0.723437 0.792188 0.725000 0.795312 0.726562 0.796875 0.732812 0.801562 0.735938 0.803125 0.754687 0.803125 0.762500 0.801562 0.767188 0.800000 0.771875 0.796875 0.775000 0.793750 0.776563 0.790625 0.778125 0.785937 0.778125 0.781250 0.776563 0.775000 0.771875 0.765625
0 0.798438 0.806250 0.789062 0.796875 0.785937 0.795312 0.775000 0.795312 0.764062 0.801562 0.753125 0.803125 0.751563 0.804688 0.748437 0.806250 0.750000 0.810937 0.753125 0.815625 0.754687 0.820312 0.754687 0.825000 0.757812 0.832812 0.773438 0.832812 0.785937 0.831250 0.795312 0.828125 0.798438 0.825000 0.800000 0.817187
0 0.682813 0.810937 0.679688 0.809375 0.665625 0.804688 0.657813 0.804688 0.653125 0.806250 0.645312 0.810937 0.635938 0.810937 0.632812 0.812500 0.626563 0.818750 0.625000 0.823438 0.623437 0.842187 0.623437 0.854688 0.625000 0.857812 0.631250 0.864062 0.634375 0.865625 0.639062 0.865625 0.640625 0.867188 0.643750 0.867188 0.653125 0.865625 0.660937 0.868750 0.668750 0.868750 0.676562 0.867188 0.679688 0.865625 0.685937 0.859375 0.685937 0.857812 0.693750 0.850000 0.695312 0.846875 0.695312 0.839063 0.692187 0.829688 0.687500 0.823438 0.687500 0.818750 0.685937 0.814063
0 0.720453 0.805109 0.718891 0.808234 0.720453 0.811359 0.715766 0.816047 0.715766 0.825422 0.715766 0.847297 0.734516 0.850422 0.743891 0.848859 0.745453 0.844172 0.756391 0.834797 0.756391 0.831672 0.754828 0.830109 0.754828 0.825422 0.753266 0.820734 0.750141 0.814484 0.745453 0.808234 0.740766 0.808234 0.739203 0.806672 0.731391 0.805109 0.725141 0.803547
0 0.688422 0.793750 0.685297 0.796875 0.683734 0.800000 0.683734 0.810937 0.690375 0.823984 0.693281 0.827359 0.698641 0.849437 0.713297 0.848250 0.714984 0.828125 0.718109 0.817187 0.718109 0.803125 0.713422 0.798438 0.708734 0.795312 0.705609 0.793750
0 0.751563 0.846875 0.746875 0.851562 0.745313 0.854688 0.745313 0.860938 0.748437 0.865625 0.750000 0.873437 0.750000 0.885938 0.753125 0.895312 0.759375 0.898438 0.771875 0.901563 0.781250 0.903125 0.792188 0.903125 0.796875 0.901563 0.800000 0.900000 0.804688 0.895312 0.806250 0.890625 0.806250 0.879687 0.803125 0.854688 0.800000 0.853125 0.795312 0.851562 0.787500 0.851562 0.781250 0.850000 0.770312 0.843750 0.757812 0.843750
1 0.806250 0.864062 0.806250 0.873437 0.809375 0.876563 0.814063 0.878125 0.817187 0.878125 0.821875 0.876563 0.825000 0.875000 0.829688 0.871875 0.831250 0.868750 0.831250 0.864062 0.828125 0.860938 0.825000 0.859375 0.818750 0.857812 0.814063 0.857812 0.807813 0.860938
0 0.692187 0.857812 0.690625 0.860938 0.690625 0.865625 0.693750 0.871875 0.698438 0.878125 0.706250 0.885938 0.707812 0.890625 0.707812 0.895312 0.710938 0.901563 0.717187 0.903125 0.725000 0.903125 0.740625 0.901563 0.743750 0.900000 0.748437 0.895312 0.750000 0.889062 0.750000 0.884375 0.748437 0.870313 0.745313 0.860938 0.742188 0.854688 0.739062 0.851562 0.735938 0.850000 0.703125 0.850000 0.698438 0.851562
0 0.689063 0.868750 0.681250 0.868750 0.679688 0.870313 0.670312 0.870313 0.662500 0.873437 0.660937 0.878125 0.654687 0.884375 0.653125 0.887500 0.653125 0.892188 0.657813 0.906250 0.668750 0.917188 0.673438 0.918750 0.684375 0.918750 0.692187 0.917188 0.698438 0.915625 0.704688 0.912500 0.709375 0.907813 0.709375 0.900000 0.706250 0.889062 0.704688 0.885938 0.698438 0.878125
0 0.637844 0.883453 0.633156 0.885016 0.626906 0.891266 0.622219 0.892828 0.620656 0.899078 0.620656 0.908453 0.622219 0.913141 0.622219 0.917828 0.619094 0.919391 0.615969 0.919391 0.611281 0.922516 0.601906 0.931891 0.601906 0.938141 0.608156 0.944391 0.611281 0.945953 0.615969 0.947516 0.625344 0.947516 0.628469 0.950641 0.628469 0.953766 0.633156 0.955328 0.644094 0.952203 0.655031 0.941266 0.658156 0.936578 0.658156 0.928766 0.661281 0.924078 0.662844 0.919391 0.662844 0.914703 0.661281 0.911578 0.656594 0.910016 0.655031 0.908453 0.653469 0.905328 0.653469 0.892828 0.651906 0.889703 0.650344 0.888141 0.648781 0.888141 0.645656 0.885016
0 0.656250 0.940625 0.656250 0.946875 0.653125 0.951562 0.651563 0.956250 0.651563 0.959375 0.653125 0.962500 0.656250 0.965625 0.660937 0.968750 0.664062 0.970313 0.670312 0.971875 0.700000 0.971875 0.707812 0.976562 0.712500 0.978125 0.715625 0.978125 0.721875 0.975000 0.725000 0.971875 0.725000 0.965625 0.721875 0.962500 0.720313 0.959375 0.720313 0.956250 0.721875 0.946875 0.720313 0.943750 0.715625 0.937500 0.707812 0.929688 0.703125 0.926562 0.700000 0.925000 0.692187 0.921875 0.678125 0.921875 0.673438 0.923438 0.670312 0.925000 0.664062 0.929688 0.662500 0.931250 0.662500 0.932813
0 0.767188 0.910937 0.765625 0.914062 0.765625 0.923438 0.768750 0.925000 0.770312 0.928125 0.764062 0.934375 0.762500 0.937500 0.762500 0.950000 0.764062 0.953125 0.768750 0.959375 0.768750 0.962500 0.765625 0.965625 0.764062 0.965625 0.760938 0.968750 0.760938 0.971875 0.762500 0.975000 0.778125 0.976562 0.785937 0.976562 0.807813 0.975000 0.810937 0.973437 0.815625 0.970313 0.821875 0.964063 0.826562 0.962500 0.828125 0.948438 0.826562 0.940625 0.825000 0.937500 0.815625 0.929688 0.814063 0.925000 0.810937 0.921875 0.810937 0.920312 0.806250 0.918750 0.801562 0.915625 0.796875 0.915625 0.789062 0.909375 0.784375 0.907813 0.771875 0.907813
0 0.857812 0.885938 0.853125 0.885938 0.850000 0.887500 0.839063 0.898438 0.832812 0.907813 0.834375 0.917188 0.840625 0.923438 0.840625 0.926562 0.845313 0.929688 0.846875 0.934375 0.853125 0.937500 0.860938 0.935937 0.864062 0.934375 0.868750 0.928125 0.873437 0.926562 0.875000 0.920312 0.873437 0.903125 0.873437 0.892188 0.870313 0.890625 0.865625 0.890625
0 0.818750 0.907813 0.817187 0.910937 0.815625 0.917188 0.815625 0.926562 0.818750 0.931250 0.825000 0.935937 0.829688 0.946875 0.829688 0.951562 0.832812 0.953125 0.842187 0.953125 0.850000 0.951562 0.851562 0.950000 0.854688 0.950000 0.856250 0.946875 0.857812 0.939063 0.854688 0.937500 0.851562 0.934375 0.848437 0.926562 0.843750 0.918750 0.837500 0.914062 0.834375 0.907813 0.831250 0.906250
0 0.584375 0.998437 0.634375 0.998437 0.634375 0.989062 0.631250 0.984375 0.626563 0.979688 0.620313 0.975000 0.617188 0.973437 0.607812 0.973437 0.601562 0.975000 0.595313 0.978125 0.590625 0.982812 0.587500 0.993750
0 0.726562 0.998437 0.764062 0.998437 0.757812 0.989062 0.754687 0.985938 0.751563 0.984375 0.735938 0.984375 0.731250 0.989062 0.729688 0.993750