0 0.60078125 0.80703125 0.0921875 0.0828125
0 0.22421875 0.0875 0.1140625 0.103125
0 0.8640625 0.87734375 0.10625 0.0859375
0 0.2796875 0.6015625 0.090625 0.090625
0 0.4953125 0.13984375 0.1 0.0921875
0 0.9578125 0.12421875 0.078125 0.1015625
0 0.8734375 0.465625 0.096875 0.09375
0 0.83359375 0.7828125 0.0890625 0.078125
0 0.08984375 0.24765625 0.0828125 0.0796875
0 0.83203125 0.36328125 0.0953125 0.0765625
0 0.28984375 0.37578125 0.0765625 0.0859375
0 0.83984375 0.2078125 0.1046875 0.09375
0 0.82578125 0.2890625 0.1046875 0.078125
0 0.5375 0.32421875 0.096875 0.0921875
0 0.8203125 0.57421875 0.1125 0.1078125
0 0.5921875 0.9171875 0.109375 0.090625
0 0.52421875 0.6890625 0.0828125 0.06875
0 0.9703125 0.03203125 0.053125 0.0578125
0 0.8921875 0.96015625 0.075 0.0578125
0 0.84296875 0.65 0.0765625 0.065625
0 0.90078125 0.734375 0.0890625 0.065625
0 0.521875 0.23046875 0.078125 0.0703125
0 0.96875 0.565625 0.059375 0.065625
0 0.13671875 0.32265625 0.0671875 0.0734375
0 0.1671875 0.53515625 0.065625 0.0640625
0 0.15859375 0.92421875 0.0734375 0.0984375
0 0.03671875 0.1515625 0.0640625 0.053125
0 0.153125 0.7640625 0.090625 0.059375
0 0.2984375 0.9078125 0.0875 0.08125
0 0.84296875 0.13671875 0.0984375 0.0796875
0 0.80390625 0.05546875 0.1109375 0.0953125
0 0.521875 0.4953125 0.08125 0.059375
0 0.53046875 0.553125 0.0796875 0.05
0 0.45546875 0.8234375 0.0671875 0.09375
0 0.36796875 0.77265625 0.0734375 0.0578125
0 0.28125 0.71796875 0.065625 0.0515625
0 0.4640625 0.88671875 0.059375 0.0546875
0 0.33046875 0.96171875 0.0921875 0.0546875
0 0.915625 0.6859375 0.078125 0.04375
0 0.971875 0.50546875 0.05625 0.0828125
0 0.65625 0.221875 0.090625 0.096875
0 0.0421875 0.0390625 0.08125 0.065625
0 0.10859375 0.42578125 0.1046875 0.0859375
0 0.10078125 0.575 0.0578125 0.090625
0 0.15 0.8328125 0.0625 0.084375
0 0.4640625 0.74921875 0.04375 0.0390625
0 0.43984375 0.69296875 0.0515625 0.0359375
