0 0.02578125 0.0203125 0.0484375 0.0375
0 0.025 0.76796875 0.046875 0.0453125
0 0.209375 0.5234375 0.05625 0.053125
0 0.56875 0.2125 0.053125 0.059375
0 0.55703125 0.07890625 0.0578125 0.0515625
0 0.20078125 0.7140625 0.0546875 0.059375
0 0.134375 0.0390625 0.0625 0.059375
0 0.58828125 0.85 0.0578125 0.053125
0 0.58359375 0.7453125 0.0921875 0.078125
0 0.2015625 0.290625 0.084375 0.071875
0 0.878125 0.3328125 0.103125 0.08125
0 0.221875 0.6421875 0.0875 0.084375
0 0.40859375 0.490625 0.0859375 0.075
0 0.0671875 0.58984375 0.08125 0.0640625
0 0.85078125 0.2 0.0734375 0.059375
0 0.921875 0.7328125 0.084375 0.06875
0 0.07421875 0.21875 0.0734375 0.059375
0 0.05 0.93515625 0.084375 0.0765625
0 0.8921875 0.49453125 0.09375 0.0828125
0 0.05625 0.48515625 0.0875 0.0765625
0 0.93125 0.65078125 0.075 0.0796875
0 0.196875 0.39765625 0.08125 0.0765625
0 0.42265625 0.1328125 0.0609375 0.053125
0 0.9125 0.57578125 0.071875 0.0640625
0 0.5890625 0.3203125 0.065625 0.0625
0 0.93203125 0.84375 0.0671875 0.075
0 0.1640625 0.4875 0.0625 0.059375
0 0.05 0.28359375 0.065625 0.0671875
0 0.4046875 0.8125 0.090625 0.071875
0 0.0515625 0.64140625 0.065625 0.0578125
0 0.16015625 0.0890625 0.0828125 0.0625
0 0.56796875 0.62578125 0.0640625 0.0703125
0 0.409375 0.05234375 0.06875 0.0671875
0 0.8875 0.1171875 0.078125 0.059375
0 0.38828125 0.65234375 0.1078125 0.1078125
0 0.16484375 0.128125 0.0640625 0.046875
0 0.0984375 0.81171875 0.08125 0.0828125
0 0.1875 0.9390625 0.05625 0.04375
0 0.18359375 0.975 0.0578125 0.046875
0 0.453125 0.9421875 0.053125 0.05
0 0.40078125 0.246875 0.0421875 0.053125
0 0.3515625 0.31484375 0.075 0.0796875
0 0.56953125 0.03984375 0.0609375 0.0640625
0 0.59375 0.41953125 0.078125 0.0421875
0 0.61875 0.47578125 0.071875 0.0421875
0 0.5484375 0.48125 0.05 0.053125
0 0.59375 0.515625 0.040625 0.028125
0 0.578125 0.55625 0.040625 0.040625
0 0.58828125 0.98046875 0.0640625 0.0390625
0 0.57265625 0.9421875 0.0359375 0.04375
0 0.93203125 0.93359375 0.0640625 0.0921875
