0 0.6359375 0.96640625 0.05625 0.0484375
0 0.7953125 0.21328125 0.059375 0.0515625
0 0.96640625 0.35 0.0515625 0.053125
0 0.6046875 0.4453125 0.053125 0.05
0 0.396875 0.0453125 0.0625 0.05625
0 0.034375 0.609375 0.059375 0.05625
0 0.81484375 0.759375 0.0609375 0.05625
0 0.68984375 0.8859375 0.0609375 0.059375
0 0.6171875 0.78984375 0.05 0.0484375
0 0.74296875 0.253125 0.0609375 0.059375
0 0.3875 0.71015625 0.0625 0.0453125
0 0.203125 0.74765625 0.084375 0.0703125
0 0.26015625 0.9265625 0.0859375 0.078125
0 0.3953125 0.58046875 0.08125 0.0703125
0 0.2109375 0.57890625 0.078125 0.0609375
0 0.634375 0.63671875 0.06875 0.0609375
0 0.21015625 0.23125 0.0859375 0.078125
0 0.4 0.1078125 0.08125 0.071875
0 0.37734375 0.41875 0.0921875 0.078125
0 0.228125 0.32421875 0.09375 0.0796875
0 0.7625 0.52421875 0.075 0.0703125
0 0.96484375 0.49921875 0.0578125 0.0671875
0 0.78125 0.828125 0.075 0.0625
0 0.73359375 0.046875 0.0796875 0.065625
0 0.371875 0.20234375 0.06875 0.0734375
0 0.41875 0.79765625 0.084375 0.0765625
0 0.77578125 0.3515625 0.0859375 0.071875
0 0.40625 0.48203125 0.08125 0.0734375
0 0.2109375 0.50859375 0.084375 0.0703125
0 0.77265625 0.09921875 0.0671875 0.0609375
0 0.653125 0.53515625 0.075 0.0640625
0 0.6578125 0.2765625 0.0625 0.059375
0 0.215625 0.13671875 0.090625 0.0796875
0 0.39296875 0.2953125 0.0828125 0.08125
0 0.771875 0.6796875 0.0625 0.0625
0 0.75 0.42890625 0.05625 0.0609375
0 0.6234375 0.02265625 0.0625 0.0421875
0 0.79140625 0.89609375 0.0640625 0.0640625
0 0.41328125 0.96953125 0.0703125 0.0453125
0 0.640625 0.7578125 0.071875 0.06875
0 0.225 0.41640625 0.078125 0.0796875
0 0.2140625 0.0609375 0.084375 0.071875
0 0.23828125 0.646875 0.0703125 0.065625
0 0.6046875 0.1015625 0.084375 0.078125
0 0.60625 0.409375 0.046875 0.053125
0 0.9609375 0.57890625 0.05 0.0484375
0 0.9703125 0.4078125 0.04375 0.05
0 0.575 0.2765625 0.059375 0.065625
