0 0.9390625 0.103125 0.05 0.04375
0 0.028125 0.75625 0.053125 0.046875
0 0.21796875 0.2109375 0.0515625 0.046875
0 0.21796875 0.24765625 0.0484375 0.0453125
0 0.56796875 0.075 0.0609375 0.046875
0 0.21640625 0.92265625 0.1203125 0.1046875
0 0.94453125 0.709375 0.0796875 0.078125
0 0.15703125 0.02265625 0.0765625 0.0421875
0 0.38828125 0.9265625 0.0859375 0.08125
0 0.71015625 0.06875 0.0859375 0.071875
0 0.52890625 0.1671875 0.0921875 0.08125
0 0.309375 0.36015625 0.08125 0.0703125
0 0.621875 0.734375 0.090625 0.08125
0 0.73046875 0.3015625 0.0734375 0.071875
0 0.2078125 0.7578125 0.090625 0.075
0 0.2484375 0.30078125 0.08125 0.0734375
0 0.94140625 0.15078125 0.0734375 0.0671875
0 0.71171875 0.4125 0.0890625 0.08125
0 0.54453125 0.26640625 0.0859375 0.0859375
0 0.728125 0.14921875 0.078125 0.0765625
0 0.20703125 0.37421875 0.0796875 0.0734375
0 0.753125 0.834375 0.090625 0.08125
0 0.92265625 0.82890625 0.0890625 0.0953125
0 0.615625 0.85 0.075 0.05625
0 0.53359375 0.02421875 0.0703125 0.0453125
0 0.03671875 0.80390625 0.0640625 0.0578125
0 0.534375 0.37109375 0.075 0.0765625
0 0.26953125 0.0875 0.0546875 0.0625
0 0.7234375 0.7234375 0.075 0.0625
0 0.31796875 0.75625 0.0828125 0.065625
0 0.43125 0.21640625 0.0625 0.0609375
0 0.23828125 0.8421875 0.0578125 0.05
0 0.0515625 0.9 0.0625 0.065625
0 0.94609375 0.946875 0.0671875 0.059375
