0 0.86015625 0.6859375 0.0578125 0.053125
0 0.3015625 0.9765625 0.05625 0.0375
0 0.46953125 0.975 0.0609375 0.040625
0 0.1671875 0.44296875 0.053125 0.0546875
0 0.04609375 0.396875 0.0546875 0.05
0 0.8296875 0.39609375 0.10625 0.1046875
0 0.7890625 0.0671875 0.075 0.06875
0 0.1453125 0.9421875 0.090625 0.084375
0 0.096875 0.4984375 0.0875 0.06875
0 0.275 0.92265625 0.0875 0.0765625
0 0.17578125 0.69921875 0.0734375 0.0609375
0 0.621875 0.9078125 0.06875 0.0625
0 0.62109375 0.78359375 0.0796875 0.0703125
0 0.27890625 0.80390625 0.0765625 0.0703125
0 0.86171875 0.85859375 0.0671875 0.0640625
0 0.1359375 0.64296875 0.084375 0.0703125
0 0.4921875 0.16015625 0.078125 0.0734375
0 0.09296875 0.7421875 0.0703125 0.065625
0 0.2671875 0.3421875 0.078125 0.06875
0 0.08359375 0.2953125 0.0703125 0.06875
0 0.13046875 0.07421875 0.0765625 0.0734375
0 0.11484375 0.240625 0.0640625 0.06875
0 0.7921875 0.3421875 0.096875 0.06875
0 0.3046875 0.44375 0.08125 0.084375
0 0.5734375 0.6859375 0.071875 0.065625
0 0.52734375 0.9078125 0.0703125 0.06875
0 0.95546875 0.32421875 0.0765625 0.0640625
0 0.59375 0.4015625 0.065625 0.065625
0 0.8796875 0.9171875 0.05625 0.05625
0 0.30234375 0.73515625 0.0796875 0.0890625
0 0.09609375 0.125 0.0828125 0.06875
0 0.56796875 0.30234375 0.0703125 0.0671875
0 0.10078125 0.85859375 0.0703125 0.0703125
0 0.3359375 0.06328125 0.08125 0.0765625
0 0.49921875 0.434375 0.0609375 0.071875
0 0.6609375 0.97421875 0.05 0.0484375
0 0.66328125 0.8375 0.0421875 0.046875
0 0.528125 0.83515625 0.053125 0.0546875
0 0.8625 0.78828125 0.053125 0.0609375
0 0.4953125 0.3515625 0.05625 0.075
0 0.2046875 0.209375 0.0375 0.034375
0 0.2484375 0.24765625 0.0375 0.0390625
0 0.803125 0.15703125 0.053125 0.0828125
0 0.85234375 0.04609375 0.0546875 0.0578125
0 0.51484375 0.2328125 0.0390625 0.034375
