0 0.025 0.66796875 0.046875 0.0453125
0 0.56875 0.1125 0.053125 0.059375
0 0.209375 0.4234375 0.05625 0.053125
0 0.05078125 0.92578125 0.0578125 0.0546875
0 0.20078125 0.6140625 0.0546875 0.059375
0 0.58828125 0.75 0.0578125 0.053125
0 0.584375 0.8953125 0.053125 0.05625
0 0.04296875 0.97421875 0.0578125 0.0390625
0 0.41875 0.975 0.05 0.034375
0 0.40859375 0.390625 0.0859375 0.075
0 0.2015625 0.18984375 0.084375 0.0703125
0 0.05625 0.384375 0.084375 0.075
0 0.15546875 0.03203125 0.0734375 0.0609375
0 0.221875 0.5453125 0.0875 0.08125
0 0.58203125 0.64375 0.0890625 0.075
0 0.91875 0.91484375 0.1 0.0890625
0 0.85234375 0.1015625 0.0734375 0.059375
0 0.06796875 0.490625 0.0828125 0.065625
0 0.3890625 0.553125 0.10625 0.10625
0 0.19609375 0.296875 0.0796875 0.075
0 0.92109375 0.6328125 0.0828125 0.06875
0 0.93515625 0.740625 0.0671875 0.06875
0 0.05 0.83359375 0.08125 0.0734375
0 0.878125 0.23359375 0.1 0.0765625
0 0.0734375 0.11796875 0.071875 0.0578125
0 0.89296875 0.39453125 0.0921875 0.0828125
0 0.40546875 0.7125 0.0890625 0.071875
0 0.16328125 0.38671875 0.0640625 0.0578125
0 0.1875 0.90625 0.08125 0.090625
0 0.58828125 0.21875 0.0671875 0.0625
0 0.4203125 0.034375 0.0625 0.05
0 0.0515625 0.53984375 0.065625 0.0578125
0 0.9125 0.4765625 0.071875 0.065625
0 0.93125 0.55234375 0.075 0.0796875
0 0.56796875 0.52578125 0.0640625 0.0703125
0 0.88125 0.02734375 0.071875 0.0484375
0 0.0484375 0.18203125 0.06875 0.0671875
0 0.60078125 0.31796875 0.0671875 0.0421875
0 0.61953125 0.38046875 0.0765625 0.0390625
0 0.584375 0.4546875 0.040625 0.0375
0 0.575 0.95859375 0.05625 0.0453125
0 0.9328125 0.81796875 0.06875 0.0609375
0 0.7953125 0.03671875 0.05625 0.0640625
0 0.184375 0.8515625 0.065625 0.075
0 0.1078125 0.70859375 0.0875 0.0796875
0 0.021875 0.32109375 0.0375 0.0765625
