0 0.0234375 0.41875 0.04375 0.0625
0 0.7828125 0.71796875 0.059375 0.0578125
0 0.32734375 0.9203125 0.0546875 0.065625
0 0.4609375 0.65234375 0.059375 0.0546875
0 0.64296875 0.578125 0.0609375 0.059375
0 0.27578125 0.59140625 0.0546875 0.0515625
0 0.45234375 0.1640625 0.0578125 0.05
0 0.4421875 0.046875 0.075 0.0625
0 0.728125 0.22734375 0.1125 0.0984375
0 0.23046875 0.02890625 0.0859375 0.0546875
0 0.0390625 0.16171875 0.075 0.0921875
0 0.71484375 0.04375 0.1046875 0.084375
0 0.03359375 0.75078125 0.0640625 0.0609375
0 0.6234375 0.1671875 0.08125 0.075
0 0.75 0.3828125 0.071875 0.0625
0 0.040625 0.56328125 0.078125 0.0796875
0 0.753125 0.653125 0.09375 0.084375
0 0.36328125 0.2109375 0.0765625 0.071875
0 0.75 0.3078125 0.090625 0.078125
0 0.05 0.91015625 0.078125 0.0671875
0 0.7359375 0.4796875 0.11875 0.0875
0 0.02890625 0.67578125 0.0546875 0.0640625
0 0.45078125 0.22265625 0.0609375 0.0671875
0 0.95234375 0.35 0.0671875 0.0625
0 0.29375 0.740625 0.08125 0.075
0 0.02734375 0.05078125 0.0515625 0.0765625
0 0.96015625 0.8734375 0.0734375 0.084375
0 0.934375 0.20390625 0.078125 0.0765625
0 0.27109375 0.50390625 0.0734375 0.0671875
0 0.75546875 0.9765625 0.0578125 0.046875
0 0.446875 0.54921875 0.065625 0.0609375
0 0.42421875 0.7171875 0.0671875 0.0625
0 0.74453125 0.81171875 0.0953125 0.0796875
0 0.95 0.10546875 0.075 0.0734375
0 0.459375 0.8203125 0.065625 0.059375
0 0.95 0.4703125 0.06875 0.078125
0 0.94765625 0.021875 0.0609375 0.040625
0 0.72421875 0.11015625 0.0671875 0.0578125
0 0.96953125 0.62890625 0.0515625 0.0734375
0 0.22890625 0.10078125 0.0609375 0.0515625
0 0.2640625 0.18671875 0.096875 0.0515625
0 0.265625 0.23828125 0.046875 0.0515625
0 0.26796875 0.33359375 0.0546875 0.0640625
0 0.3265625 0.3875 0.05625 0.053125
0 0.23046875 0.3890625 0.0578125 0.06875
0 0.346875 0.8359375 0.065625 0.0625
0 0.9265625 0.2828125 0.05 0.078125
0 0.75859375 0.76875 0.0734375 0.046875
0 0.778125 0.9453125 0.04375 0.04375
0 0.64453125 0.49453125 0.0703125 0.0671875
0 0.4015625 0.328125 0.075 0.065625
0 0.05390625 0.8390625 0.0859375 0.05625
0 0.0390625 0.97109375 0.059375 0.0578125
