0 0.34765625 0.965625 0.0578125 0.04375
0 0.42734375 0.246875 0.0671875 0.0625
0 0.96875 0.8890625 0.05625 0.0875
0 0.78984375 0.92734375 0.0890625 0.0734375
0 0.43046875 0.06015625 0.0671875 0.0640625
0 0.103125 0.484375 0.1 0.090625
0 0.05859375 0.30546875 0.0765625 0.0671875
0 0.0578125 0.3890625 0.08125 0.071875
0 0.9515625 0.0578125 0.078125 0.071875
0 0.28515625 0.4953125 0.0828125 0.075
0 0.0359375 0.2140625 0.06875 0.06875
0 0.0578125 0.72578125 0.0875 0.0734375
0 0.04765625 0.13125 0.0703125 0.059375
0 0.55546875 0.240625 0.0859375 0.075
0 0.55234375 0.1390625 0.0859375 0.065625
0 0.2671875 0.2109375 0.075 0.071875
0 0.284375 0.69296875 0.0625 0.0578125
0 0.4296875 0.3578125 0.071875 0.059375
0 0.06953125 0.79609375 0.0703125 0.0671875
0 0.778125 0.7359375 0.084375 0.071875
0 0.58984375 0.39296875 0.1015625 0.0796875
0 0.6 0.33046875 0.090625 0.0703125
0 0.43203125 0.26953125 0.0765625 0.0890625
0 0.265625 0.0421875 0.0625 0.059375
0 0.3125 0.41484375 0.06875 0.0546875
0 0.31640625 0.91953125 0.0859375 0.0671875
0 0.78203125 0.96953125 0.0671875 0.0484375
0 0.60390625 0.909375 0.0859375 0.096875
0 0.7671875 0.8109375 0.090625 0.08125
0 0.2703125 0.27734375 0.078125 0.0765625
0 0.76484375 0.3125 0.1234375 0.1
0 0.6640625 0.796875 0.1 0.075
0 0.76484375 0.16875 0.1109375 0.084375
0 0.2828125 0.79921875 0.05 0.0578125
