0 0.93515625 0.09921875 0.0578125 0.0578125
0 0.03984375 0.02265625 0.0640625 0.0421875
0 0.82890625 0.784375 0.0578125 0.053125
0 0.97265625 0.73515625 0.0484375 0.0609375
0 0.371875 0.0296875 0.096875 0.05625
0 0.409375 0.09453125 0.103125 0.0890625
0 0.36953125 0.37109375 0.0921875 0.0859375
0 0.44375 0.91484375 0.103125 0.0984375
0 0.23984375 0.21328125 0.1046875 0.0921875
0 0.60859375 0.5890625 0.0671875 0.059375
0 0.384375 0.2671875 0.109375 0.103125
0 0.3984375 0.79140625 0.090625 0.0765625
0 0.25078125 0.79921875 0.0859375 0.0921875
0 0.25078125 0.50078125 0.1203125 0.0953125
0 0.66796875 0.1125 0.0765625 0.08125
0 0.696875 0.96015625 0.071875 0.0578125
0 0.36875 0.72421875 0.1 0.0859375
0 0.4 0.96875 0.078125 0.05625
0 0.61640625 0.659375 0.0921875 0.08125
0 0.83125 0.959375 0.0875 0.0625
0 0.96484375 0.234375 0.0578125 0.0625
0 0.9078125 0.16875 0.090625 0.08125
0 0.70390625 0.221875 0.0796875 0.075
0 0.90234375 0.8359375 0.0703125 0.0625
0 0.6453125 0.446875 0.071875 0.065625
0 0.04296875 0.3921875 0.0671875 0.0625
0 0.23828125 0.1171875 0.1015625 0.090625
0 0.2359375 0.3953125 0.1 0.08125
0 0.7921875 0.46171875 0.08125 0.0703125
0 0.6078125 0.83359375 0.08125 0.0765625
0 0.2328125 0.57265625 0.0875 0.0703125
0 0.5171875 0.75 0.078125 0.075
0 0.60078125 0.3703125 0.0609375 0.05625
0 0.04609375 0.10234375 0.0734375 0.0734375
0 0.828125 0.840625 0.071875 0.078125
0 0.8296875 0.63671875 0.08125 0.0796875
0 0.2703125 0.3375 0.075 0.0625
0 0.78984375 0.7 0.0765625 0.065625
0 0.19765625 0.77890625 0.1015625 0.1140625
0 0.59140625 0.44921875 0.0671875 0.0703125
0 0.7953125 0.209375 0.059375 0.071875
0 0.39375 0.5515625 0.109375 0.1125
0 0.234375 0.6515625 0.096875 0.090625
0 0.24453125 0.95078125 0.1109375 0.0828125
0 0.24609375 0.04453125 0.0953125 0.0765625
0 0.63125 0.01875 0.078125 0.034375
