0 0.11640625 0.9796875 0.0578125 0.034375
0 0.39921875 0.9078125 0.0828125 0.078125
0 0.0703125 0.171875 0.090625 0.08125
0 0.93046875 0.328125 0.0796875 0.065625
0 0.92734375 0.65546875 0.0921875 0.0890625
0 0.92421875 0.48046875 0.0671875 0.0796875
0 0.0890625 0.628125 0.078125 0.0625
0 0.4015625 0.3859375 0.084375 0.0875
0 0.8203125 0.7078125 0.084375 0.078125
0 0.37890625 0.63671875 0.1015625 0.0921875
0 0.6 0.97109375 0.078125 0.0515625
0 0.7859375 0.22734375 0.08125 0.0765625
0 0.5484375 0.13203125 0.090625 0.0859375
0 0.10390625 0.81953125 0.0953125 0.0953125
0 0.8 0.953125 0.090625 0.071875
0 0.921875 0.14453125 0.0875 0.0953125
0 0.39375 0.71953125 0.084375 0.0734375
0 0.39296875 0.2890625 0.0796875 0.071875
0 0.79140625 0.81328125 0.0828125 0.0765625
0 0.38203125 0.45859375 0.0796875 0.0734375
0 0.3875 0.06015625 0.0875 0.0734375
0 0.52109375 0.65625 0.1015625 0.084375
0 0.78671875 0.65390625 0.0921875 0.0859375
0 0.809375 0.315625 0.071875 0.0625
0 0.35859375 0.15234375 0.0859375 0.0734375
0 0.96875 0.85078125 0.059375 0.0734375
0 0.08984375 0.2640625 0.0671875 0.0625
0 0.5734375 0.228125 0.09375 0.075
0 0.81484375 0.375 0.0640625 0.0625
0 0.08828125 0.49296875 0.0890625 0.0796875
0 0.7890625 0.06953125 0.078125 0.0671875
0 0.57421875 0.33125 0.0796875 0.08125
0 0.78046875 0.13203125 0.0859375 0.0703125
0 0.78125 0.55625 0.078125 0.05625
0 0.39765625 0.7890625 0.0828125 0.075
0 0.103125 0.6859375 0.0875 0.075
0 0.10234375 0.92109375 0.0953125 0.0828125
0 0.53359375 0.8609375 0.0640625 0.059375
0 0.5859375 0.6171875 0.075 0.065625
0 0.93828125 0.0265625 0.0640625 0.05
0 0.025 0.02578125 0.046875 0.0484375
0 0.965625 0.7390625 0.05625 0.059375
0 0.584375 0.4765625 0.06875 0.078125
0 0.6046875 0.41953125 0.065625 0.0515625
0 0.8015625 0.4640625 0.078125 0.071875
0 0.15546875 0.4453125 0.0609375 0.059375
0 0.359375 0.5765625 0.078125 0.06875
0 0.94375 0.95234375 0.090625 0.0765625
0 0.5921875 0.55859375 0.0625 0.0515625
0 0.53359375 0.0625 0.0578125 0.05
0 0.6671875 0.234375 0.05 0.040625
0 0.94375 0.5953125 0.071875 0.06875
0 0.07265625 0.33671875 0.0484375 0.0796875
