0 0.8609375 0.9546875 0.059375 0.046875
0 0.15546875 0.434375 0.0859375 0.084375
0 0.8078125 0.25 0.10625 0.096875
0 0.1375 0.6890625 0.096875 0.0875
0 0.83515625 0.603125 0.0703125 0.0625
0 0.159375 0.33125 0.071875 0.0625
0 0.13515625 0.9390625 0.1015625 0.084375
0 0.10625 0.03984375 0.075 0.0640625
0 0.81953125 0.7453125 0.0765625 0.065625
0 0.67734375 0.43671875 0.0734375 0.0609375
0 0.14296875 0.80078125 0.0578125 0.0609375
0 0.20234375 0.5953125 0.0765625 0.0625
0 0.1359375 0.23203125 0.078125 0.0703125
0 0.8125 0.528125 0.059375 0.05625
0 0.7046875 0.846875 0.090625 0.08125
0 0.68515625 0.61171875 0.0703125 0.0609375
0 0.81640625 0.4171875 0.0703125 0.059375
0 0.6390625 0.0515625 0.078125 0.059375
0 0.7984375 0.02109375 0.08125 0.0390625
0 0.81015625 0.9109375 0.0609375 0.059375
0 0.646875 0.34140625 0.071875 0.0734375
0 0.78671875 0.15390625 0.0703125 0.0578125
0 0.68359375 0.92890625 0.0859375 0.0828125
0 0.6734375 0.52734375 0.065625 0.0703125
0 0.70859375 0.70234375 0.0578125 0.0578125
0 0.821875 0.84140625 0.0875 0.0671875
0 0.209375 0.1734375 0.06875 0.059375
0 0.6140625 0.1390625 0.059375 0.046875
0 0.621875 0.2015625 0.071875 0.0625
0 0.62578125 0.2640625 0.0421875 0.0625
0 0.81015625 0.66640625 0.0671875 0.0640625
0 0.7046875 0.665625 0.04375 0.034375
0 0.69140625 0.76484375 0.0734375 0.0484375
0 0.1828125 0.79375 0.046875 0.05
0 0.1078125 0.715625 0.0625 0.053125
0 0.675 0.2640625 0.046875 0.05
0 0.30234375 0.33828125 0.0421875 0.0515625
