0 0.965625 0.0953125 0.046875 0.05
0 0.21328125 0.1140625 0.0609375 0.053125
0 0.5640625 0.715625 0.059375 0.05
0 0.059375 0.12109375 0.05625 0.0546875
0 0.29921875 0.9578125 0.0453125 0.046875
0 0.51015625 0.9609375 0.0578125 0.05625
0 0.9140625 0.721875 0.059375 0.05
0 0.059375 0.02578125 0.059375 0.0484375
0 0.90703125 0.109375 0.0515625 0.05
0 0.82890625 0.97734375 0.0640625 0.0390625
0 0.9578125 0.5078125 0.078125 0.08125
0 0.82265625 0.69921875 0.1109375 0.0984375
0 0.07734375 0.5359375 0.0890625 0.08125
0 0.4890625 0.55 0.075 0.078125
0 0.63984375 0.51171875 0.0703125 0.0671875
0 0.67421875 0.64296875 0.0609375 0.0640625
0 0.48671875 0.71328125 0.0671875 0.0734375
0 0.125 0.8515625 0.075 0.071875
0 0.61640625 0.8171875 0.0765625 0.06875
0 0.959375 0.9109375 0.071875 0.071875
0 0.23125 0.8046875 0.0625 0.0625
0 0.7609375 0.56171875 0.09375 0.0859375
0 0.528125 0.63203125 0.078125 0.0734375
0 0.92578125 0.22109375 0.1015625 0.0890625
0 0.30625 0.6625 0.05625 0.059375
0 0.6484375 0.96171875 0.059375 0.0578125
0 0.55625 0.13515625 0.084375 0.0859375
0 0.6546875 0.884375 0.071875 0.06875
0 0.5546875 0.9421875 0.065625 0.065625
0 0.44296875 0.18046875 0.0796875 0.0734375
0 0.959375 0.75625 0.059375 0.06875
0 0.83828125 0.89140625 0.0640625 0.0609375
0 0.22578125 0.1796875 0.0578125 0.053125
0 0.63125 0.74296875 0.08125 0.0828125
0 0.2078125 0.271875 0.05625 0.034375
0 0.06640625 0.67109375 0.0765625 0.0453125
0 0.0984375 0.71875 0.04375 0.05625
0 0.75078125 0.9109375 0.0453125 0.0625
0 0.08515625 0.9578125 0.0546875 0.06875
