0 0.5875 0.29140625 0.053125 0.0484375
0 0.965625 0.66015625 0.05625 0.0515625
0 0.33671875 0.5953125 0.0609375 0.05
0 0.68125 0.39296875 0.046875 0.0453125
0 0.9484375 0.53046875 0.09375 0.0921875
0 0.23046875 0.13125 0.1109375 0.0875
0 0.06796875 0.83203125 0.0953125 0.0921875
0 0.10078125 0.63984375 0.0734375 0.0640625
0 0.159375 0.3671875 0.0875 0.075
0 0.02890625 0.15703125 0.0578125 0.0640625
0 0.34765625 0.29140625 0.0953125 0.0921875
0 0.26328125 0.675 0.1046875 0.090625
0 0.93671875 0.34453125 0.0859375 0.0703125
0 0.1859375 0.43828125 0.096875 0.0796875
0 0.03828125 0.06875 0.0734375 0.071875
0 0.3984375 0.67265625 0.096875 0.1015625
0 0.353125 0.459375 0.11875 0.109375
0 0.23828125 0.9578125 0.0953125 0.065625
0 0.0296875 0.634375 0.05625 0.071875
0 0.3359375 0.7890625 0.0875 0.06875
0 0.878125 0.03046875 0.0875 0.0609375
0 0.0484375 0.2453125 0.08125 0.08125
0 0.178125 0.2328125 0.084375 0.06875
0 0.5859375 0.6625 0.065625 0.06875
0 0.21875 0.51171875 0.103125 0.1015625
0 0.63125 0.82265625 0.065625 0.0609375
0 0.74453125 0.73203125 0.0640625 0.0609375
0 0.7484375 0.8515625 0.06875 0.071875
0 0.39375 0.14296875 0.075 0.0703125
0 0.88515625 0.415625 0.0734375 0.065625
0 0.6296875 0.3515625 0.065625 0.065625
0 0.94453125 0.4140625 0.0796875 0.075
0 0.40703125 0.83984375 0.1265625 0.0984375
0 0.75234375 0.965625 0.0671875 0.053125
0 0.6265625 0.94375 0.071875 0.078125
0 0.45078125 0.7671875 0.0703125 0.059375
0 0.70703125 0.18671875 0.0671875 0.0609375
0 0.709375 0.52734375 0.0625 0.0484375
0 0.37109375 0.0265625 0.0765625 0.053125
0 0.6359375 0.15 0.0625 0.05625
0 0.96875 0.709375 0.053125 0.075
0 0.3109375 0.55546875 0.0625 0.0546875
0 0.9296875 0.25859375 0.078125 0.0796875
0 0.3359375 0.1765625 0.10625 0.0875
0 0.32578125 0.05703125 0.1046875 0.0828125
0 0.24765625 0.81328125 0.1109375 0.0953125
0 0.40390625 0.94921875 0.0921875 0.0828125
