0 0.59375 0.77578125 0.0625 0.0484375
0 0.69375 0.4875 0.096875 0.096875
0 0.9578125 0.63203125 0.08125 0.1015625
0 0.5453125 0.6953125 0.1 0.103125
0 0.03515625 0.878125 0.0671875 0.06875
0 0.51171875 0.28046875 0.0890625 0.0828125
0 0.275 0.8296875 0.084375 0.06875
0 0.5375 0.56796875 0.103125 0.0921875
0 0.96015625 0.48203125 0.0671875 0.0640625
0 0.20078125 0.76953125 0.1015625 0.0921875
0 0.6796875 0.1078125 0.08125 0.06875
0 0.21328125 0.19140625 0.0921875 0.0734375
0 0.71015625 0.23359375 0.0796875 0.0796875
0 0.1953125 0.5515625 0.096875 0.0875
0 0.625 0.82734375 0.103125 0.0890625
0 0.23828125 0.278125 0.0828125 0.078125
0 0.5234375 0.165625 0.071875 0.06875
0 0.8859375 0.8265625 0.08125 0.09375
0 0.26875 0.628125 0.096875 0.078125
0 0.94375 0.7828125 0.078125 0.075
0 0.884375 0.05390625 0.08125 0.0703125
0 0.9171875 0.31875 0.090625 0.09375
0 0.6875 0.0375 0.06875 0.0625
0 0.5546875 0.0953125 0.065625 0.06875
0 0.96796875 0.4203125 0.0578125 0.065625
0 0.52421875 0.0296875 0.0703125 0.05625
0 0.19609375 0.440625 0.1046875 0.078125
0 0.7328125 0.91484375 0.084375 0.0796875
0 0.73046875 0.40234375 0.0953125 0.0890625
0 0.19375 0.1125 0.103125 0.08125
0 0.0375 0.265625 0.065625 0.059375
0 0.22421875 0.38125 0.0921875 0.071875
0 0.96953125 0.13125 0.0546875 0.075
0 0.56171875 0.496875 0.0640625 0.059375
0 0.259375 0.70390625 0.071875 0.0703125
0 0.0390625 0.49140625 0.075 0.0984375
0 0.88671875 0.803125 0.0671875 0.0625
0 0.9703125 0.8875 0.059375 0.075
0 0.56015625 0.93671875 0.1203125 0.0984375
0 0.51953125 0.38984375 0.1046875 0.0921875
0 0.18359375 0.93515625 0.1078125 0.0890625
0 0.984375 0.26328125 0.03125 0.0796875
0 0.36796875 0.9375 0.0859375 0.059375
0 0.26875 0.975 0.096875 0.05
