0 0.7015625 0.0421875 0.065625 0.05625
0 0.74296875 0.48671875 0.0765625 0.0671875
0 0.1875 0.80078125 0.0875 0.0859375
0 0.51015625 0.421875 0.0984375 0.090625
0 0.94921875 0.31875 0.0765625 0.071875
0 0.0984375 0.08984375 0.090625 0.0828125
0 0.521875 0.578125 0.096875 0.090625
0 0.05 0.9125 0.0875 0.08125
0 0.7546875 0.24375 0.1 0.1
0 0.08203125 0.29296875 0.0890625 0.0828125
0 0.44375 0.771875 0.10625 0.0875
0 0.35546875 0.66875 0.1078125 0.096875
0 0.2046875 0.91640625 0.109375 0.0953125
0 0.76875 0.3765625 0.071875 0.06875
0 0.5609375 0.93671875 0.096875 0.0859375
0 0.75234375 0.60390625 0.0765625 0.0640625
0 0.88671875 0.36953125 0.0765625 0.0671875
0 0.46328125 0.340625 0.0890625 0.084375
0 0.85390625 0.07421875 0.0703125 0.0703125
0 0.52734375 0.6515625 0.0890625 0.065625
0 0.7953125 0.925 0.08125 0.078125
0 0.08359375 0.03203125 0.0953125 0.0609375
0 0.91015625 0.21953125 0.0765625 0.0703125
0 0.08359375 0.2234375 0.0796875 0.05625
0 0.13515625 0.67734375 0.1140625 0.0953125
0 0.75078125 0.42734375 0.0828125 0.0640625
0 0.76328125 0.10859375 0.0734375 0.0703125
0 0.53125 0.7390625 0.08125 0.0625
0 0.44921875 0.03125 0.0828125 0.059375
0 0.15 0.4796875 0.059375 0.071875
0 0.56640625 0.14140625 0.0765625 0.0671875
0 0.425 0.7109375 0.065625 0.059375
0 0.06484375 0.79375 0.0703125 0.06875
0 0.4984375 0.18515625 0.084375 0.0703125
0 0.453125 0.10078125 0.065625 0.0640625
0 0.91328125 0.4546875 0.0578125 0.0625
0 0.95625 0.4921875 0.06875 0.065625
0 0.9671875 0.55546875 0.05625 0.0578125
0 0.95703125 0.67421875 0.0515625 0.0703125
0 0.9109375 0.66875 0.053125 0.0625
0 0.8625 0.92734375 0.053125 0.0515625
0 0.86953125 0.82421875 0.0640625 0.0515625
0 0.8734375 0.878125 0.053125 0.04375
0 0.46953125 0.91015625 0.0703125 0.0703125
0 0.42265625 0.8625 0.0890625 0.075
0 0.14140625 0.56953125 0.0703125 0.0671875
0 0.28046875 0.45078125 0.0640625 0.0484375
0 0.75625 0.71328125 0.05625 0.0546875
0 0.88203125 0.015625 0.0765625 0.028125
0 0.215625 0.975 0.053125 0.046875
