0 0.76015625 0.68671875 0.0578125 0.0546875
0 0.20078125 0.9765625 0.0546875 0.0375
0 0.36875 0.975 0.0625 0.040625
0 0.01875 0.85859375 0.034375 0.0515625
0 0.7796875 0.9171875 0.05625 0.05625
0 0.06875 0.44296875 0.053125 0.0546875
0 0.7296875 0.39609375 0.103125 0.1046875
0 0.2015625 0.7359375 0.0875 0.0875
0 0.03984375 0.64453125 0.0765625 0.0671875
0 0.0765625 0.69921875 0.075 0.0609375
0 0.234375 0.065625 0.08125 0.075
0 0.68984375 0.06796875 0.0734375 0.0671875
0 0.521875 0.78359375 0.08125 0.0671875
0 0.39140625 0.16015625 0.0765625 0.0734375
0 0.04765625 0.94453125 0.0859375 0.0796875
0 0.521875 0.9078125 0.06875 0.0625
0 0.17578125 0.92421875 0.0859375 0.0765625
0 0.76328125 0.85859375 0.0671875 0.0640625
0 0.17890625 0.80546875 0.0765625 0.0703125
0 0.16796875 0.3421875 0.0796875 0.06875
0 0.20546875 0.44375 0.0828125 0.084375
0 0.86328125 0.3234375 0.1015625 0.065625
0 0.915625 0.04453125 0.1 0.0796875
0 0.9046875 0.8578125 0.0625 0.065625
0 0.03671875 0.07578125 0.0703125 0.0734375
0 0.6921875 0.3421875 0.1 0.06875
0 0.428125 0.90859375 0.071875 0.0671875
0 0.928125 0.675 0.0625 0.059375
0 0.4703125 0.30234375 0.06875 0.0703125
0 0.0234375 0.24375 0.04375 0.071875
0 0.40078125 0.43515625 0.0609375 0.0734375
0 0.47265625 0.68515625 0.0703125 0.0671875
0 0.49296875 0.40078125 0.0640625 0.0671875
0 0.90234375 0.225 0.0859375 0.078125
0 0.7546875 0.76953125 0.06875 0.0765625
