0 0.0265625 0.1890625 0.05 0.053125
0 0.0265625 0.58125 0.05 0.0625
0 0.02109375 0.334375 0.0390625 0.05
0 0.265625 0.11015625 0.06875 0.0421875
0 0.73984375 0.04453125 0.0984375 0.0859375
0 0.309375 0.8125 0.1 0.10625
0 0.034375 0.08671875 0.065625 0.0640625
0 0.2359375 0.69453125 0.1 0.0921875
0 0.4390625 0.54921875 0.08125 0.0734375
0 0.0296875 0.2609375 0.05625 0.065625
0 0.46640625 0.65859375 0.0921875 0.0859375
0 0.0328125 0.44453125 0.0625 0.0671875
0 0.2203125 0.3421875 0.109375 0.109375
0 0.4515625 0.1 0.071875 0.0625
0 0.265625 0.60703125 0.078125 0.0671875
0 0.396875 0.7421875 0.09375 0.090625
0 0.62734375 0.8890625 0.0859375 0.071875
0 0.1953125 0.53671875 0.09375 0.0953125
0 0.4390625 0.365625 0.090625 0.075
0 0.7578125 0.81796875 0.071875 0.0578125
0 0.30390625 0.41171875 0.0703125 0.0734375
0 0.7515625 0.390625 0.090625 0.078125
0 0.45 0.9484375 0.096875 0.06875
0 0.7609375 0.5515625 0.10625 0.0875
0 0.234375 0.78203125 0.09375 0.0953125
0 0.63515625 0.72578125 0.0796875 0.0703125
0 0.48828125 0.24296875 0.0734375 0.0640625
0 0.5359375 0.9421875 0.08125 0.078125
0 0.496875 0.84140625 0.084375 0.0703125
0 0.2609375 0.0609375 0.096875 0.06875
0 0.95546875 0.03984375 0.0671875 0.0640625
0 0.503125 0.74140625 0.06875 0.0671875
0 0.65703125 0.21015625 0.0671875 0.0609375
0 0.48515625 0.31640625 0.0734375 0.0671875
0 0.31015625 0.2390625 0.0734375 0.078125
0 0.76640625 0.25234375 0.0640625 0.0640625
0 0.040625 0.80078125 0.0625 0.0578125
0 0.65078125 0.83203125 0.0765625 0.0671875
0 0.46328125 0.1640625 0.0796875 0.0625
0 0.2703125 0.13984375 0.071875 0.0609375
0 0.4359375 0.02734375 0.075 0.0515625
0 0.75546875 0.8984375 0.1109375 0.09375
0 0.4265625 0.46171875 0.109375 0.0890625
0 0.9671875 0.1515625 0.053125 0.05
0 0.6375 0.3203125 0.053125 0.05625
