0 0.4921875 0.84609375 0.0625 0.0578125
0 0.97265625 0.3109375 0.0453125 0.059375
0 0.41953125 0.05625 0.1078125 0.09375
0 0.18671875 0.93828125 0.1078125 0.0859375
0 0.03203125 0.55 0.0609375 0.06875
0 0.57265625 0.28203125 0.1046875 0.0921875
0 0.59140625 0.50703125 0.0859375 0.0765625
0 0.59375 0.146875 0.084375 0.078125
0 0.19453125 0.8625 0.1140625 0.09375
0 0.59609375 0.58046875 0.0984375 0.0859375
0 0.865625 0.559375 0.06875 0.0625
0 0.83359375 0.775 0.1171875 0.1125
0 0.86484375 0.91953125 0.0734375 0.0671875
0 0.525 0.79453125 0.071875 0.0671875
0 0.19765625 0.109375 0.0953125 0.075
0 0.95234375 0.21015625 0.0828125 0.0859375
0 0.0390625 0.91015625 0.071875 0.0765625
0 0.62890625 0.41875 0.0921875 0.078125
0 0.81953125 0.19765625 0.0828125 0.0734375
0 0.4390625 0.521875 0.09375 0.090625
0 0.46953125 0.9125 0.0734375 0.065625
0 0.184375 0.27578125 0.078125 0.0703125
0 0.81875 0.11640625 0.078125 0.0734375
0 0.8265625 0.48671875 0.075 0.0640625
0 0.07265625 0.3875 0.0703125 0.06875
0 0.78359375 0.04453125 0.0859375 0.0796875
0 0.14453125 0.2125 0.0796875 0.078125
0 0.79609375 0.41171875 0.0828125 0.0734375
0 0.06796875 0.24375 0.0765625 0.071875
0 0.06171875 0.4875 0.0828125 0.071875
0 0.41796875 0.2734375 0.0671875 0.075
0 0.17421875 0.35390625 0.0765625 0.0703125
0 0.96328125 0.55546875 0.0609375 0.0734375
0 0.02734375 0.040625 0.0515625 0.0625
0 0.6171875 0.30625 0.071875 0.075
0 0.19609375 0.46875 0.0953125 0.075
0 0.8625 0.30078125 0.065625 0.0578125
0 0.27734375 0.60390625 0.0984375 0.0921875
0 0.44375 0.15390625 0.096875 0.0953125
0 0.60703125 0.04609375 0.0890625 0.0890625
0 0.94609375 0.04765625 0.0859375 0.0796875
0 0.44921875 0.45390625 0.0703125 0.0609375
0 0.05078125 0.11953125 0.0828125 0.0703125
