0 0.1125 0.103125 0.059375 0.053125
0 0.17265625 0.96328125 0.0609375 0.0484375
0 0.17265625 0.21484375 0.0546875 0.0546875
0 0.94453125 0.296875 0.0546875 0.05
0 0.97265625 0.19765625 0.0453125 0.0703125
0 0.6515625 0.2203125 0.059375 0.059375
0 0.32265625 0.9609375 0.0484375 0.05
0 0.7859375 0.8421875 0.046875 0.046875
0 0.04296875 0.96640625 0.0609375 0.0484375
0 0.096875 0.784375 0.1 0.090625
0 0.096875 0.26796875 0.09375 0.0765625
0 0.7671875 0.0671875 0.071875 0.08125
0 0.77265625 0.6234375 0.0703125 0.065625
0 0.6109375 0.42109375 0.08125 0.0734375
0 0.10390625 0.3796875 0.0640625 0.05625
0 0.63125 0.7546875 0.0875 0.075
0 0.59140625 0.11328125 0.0765625 0.0703125
0 0.81953125 0.36640625 0.0671875 0.0640625
0 0.1203125 0.025 0.0625 0.046875
0 0.64921875 0.9328125 0.0703125 0.071875
0 0.64453125 0.8421875 0.0859375 0.0875
0 0.8328125 0.92578125 0.05625 0.0640625
0 0.79140625 0.746875 0.0703125 0.0625
0 0.084375 0.14765625 0.078125 0.0703125
0 0.11015625 0.896875 0.0828125 0.071875
0 0.39765625 0.09375 0.0609375 0.05625
0 0.9734375 0.396875 0.053125 0.059375
0 0.97265625 0.0328125 0.0546875 0.05
