0 0.4609375 0.10625 0.059375 0.059375
0 0.609375 0.1484375 0.05625 0.053125
0 0.13515625 0.9234375 0.1109375 0.090625
0 0.2546875 0.29453125 0.1125 0.0921875
0 0.2703125 0.178125 0.1125 0.1
0 0.67890625 0.05234375 0.0890625 0.0828125
0 0.265625 0.5515625 0.115625 0.096875
0 0.578125 0.340625 0.0875 0.078125
0 0.6390625 0.58203125 0.09375 0.0796875
0 0.1234375 0.28984375 0.103125 0.0953125
0 0.9296875 0.86953125 0.075 0.0578125
0 0.84375 0.86953125 0.078125 0.0671875
0 0.58046875 0.66484375 0.0765625 0.0671875
0 0.86875 0.08125 0.084375 0.071875
0 0.4296875 0.6265625 0.0875 0.075
0 0.43203125 0.5390625 0.0734375 0.065625
0 0.87890625 0.9453125 0.0859375 0.071875
0 0.853125 0.3625 0.096875 0.075
0 0.32109375 0.3875 0.0921875 0.06875
0 0.86015625 0.5546875 0.0859375 0.078125
0 0.56796875 0.1921875 0.0765625 0.075
0 0.63671875 0.93984375 0.0796875 0.0734375
0 0.04296875 0.09765625 0.0859375 0.0859375
0 0.8375 0.715625 0.096875 0.09375
0 0.2859375 0.84921875 0.1 0.0859375
0 0.09140625 0.228125 0.0796875 0.065625
0 0.625 0.83671875 0.10625 0.0796875
0 0.0828125 0.79296875 0.096875 0.0921875
0 0.27734375 0.646875 0.0890625 0.090625
0 0.59375 0.7359375 0.071875 0.075
0 0.83671875 0.1421875 0.0765625 0.071875
0 0.29375 0.45625 0.1 0.08125
0 0.3390625 0.73203125 0.090625 0.0859375
0 0.57734375 0.46953125 0.0828125 0.0671875
0 0.3671875 0.934375 0.065625 0.06875
0 0.309375 0.96328125 0.084375 0.0609375
0 0.965625 0.328125 0.0625 0.08125
0 0.84140625 0.61953125 0.0765625 0.0734375
0 0.58359375 0.41328125 0.0953125 0.0734375
0 0.45 0.840625 0.06875 0.065625
0 0.065625 0.17890625 0.075 0.0609375
0 0.1546875 0.5859375 0.075 0.0625
0 0.46796875 0.02421875 0.0734375 0.0453125
0 0.40625 0.2734375 0.06875 0.05
0 0.85625 0.309375 0.065625 0.0625
0 0.4125 0.3234375 0.059375 0.059375
0 0.37734375 0.109375 0.0640625 0.059375
0 0.153125 0.40078125 0.115625 0.1078125
0 0.09453125 0.47578125 0.1046875 0.0890625
0 0.14609375 0.72578125 0.1015625 0.0921875
0 0.284375 0.7765625 0.103125 0.090625
0 0.1234375 0.64453125 0.103125 0.0828125
0 0.4421875 0.725 0.10625 0.084375
0 0.20234375 0.10546875 0.1015625 0.0859375
