0 0.59453125 0.8546875 0.0609375 0.053125
0 0.57578125 0.7 0.0671875 0.059375
0 0.97109375 0.73359375 0.0515625 0.0671875
0 0.94609375 0.93046875 0.0921875 0.0921875
0 0.94609375 0.25859375 0.0890625 0.0859375
0 0.109375 0.85546875 0.090625 0.0765625
0 0.12890625 0.46953125 0.1046875 0.0921875
0 0.94296875 0.05625 0.0921875 0.084375
0 0.1265625 0.93828125 0.10625 0.1015625
0 0.4125 0.79609375 0.08125 0.0859375
0 0.81484375 0.278125 0.0859375 0.090625
0 0.10234375 0.03203125 0.0984375 0.0640625
0 0.77734375 0.365625 0.0921875 0.0875
0 0.071875 0.165625 0.1 0.084375
0 0.83359375 0.775 0.0703125 0.0625
0 0.11875 0.09296875 0.071875 0.0671875
0 0.58515625 0.79765625 0.0765625 0.0640625
0 0.95859375 0.8296875 0.0734375 0.084375
0 0.59140625 0.95859375 0.0859375 0.0640625
0 0.60546875 0.08359375 0.0921875 0.0796875
0 0.62578125 0.2109375 0.0796875 0.0625
0 0.39921875 0.93515625 0.0828125 0.0796875
0 0.40234375 0.02578125 0.0828125 0.0515625
0 0.12578125 0.7328125 0.1265625 0.109375
0 0.83671875 0.67734375 0.0890625 0.0796875
0 0.46953125 0.85078125 0.0703125 0.0609375
0 0.84375 0.83671875 0.09375 0.0734375
0 0.5640625 0.32265625 0.084375 0.0796875
0 0.38203125 0.090625 0.0859375 0.075
0 0.4203125 0.64296875 0.08125 0.0859375
0 0.75625 0.1578125 0.075 0.059375
0 0.3859375 0.175 0.084375 0.084375
0 0.7984375 0.0625 0.09375 0.078125
0 0.12109375 0.34921875 0.0984375 0.0859375
0 0.0796875 0.26796875 0.096875 0.0921875
0 0.415625 0.37265625 0.084375 0.0796875
0 0.94296875 0.38125 0.0953125 0.084375
0 0.225 0.934375 0.0625 0.06875
