0 0.56015625 0.10625 0.0578125 0.059375
0 0.709375 0.14765625 0.05625 0.0546875
0 0.9546875 0.309375 0.065625 0.0625
0 0.22421875 0.28984375 0.1015625 0.0953125
0 0.23671875 0.9234375 0.1109375 0.090625
0 0.365625 0.55234375 0.1125 0.0953125
0 0.678125 0.340625 0.0875 0.078125
0 0.35546875 0.29453125 0.1109375 0.0921875
0 0.36875 0.17890625 0.1125 0.1015625
0 0.1328125 0.09765625 0.10625 0.0890625
0 0.94296875 0.86875 0.0796875 0.06875
0 0.94765625 0.36328125 0.0859375 0.0796875
0 0.93828125 0.71640625 0.0984375 0.0953125
0 0.30234375 0.10390625 0.1046875 0.0859375
0 0.68046875 0.66484375 0.0765625 0.0671875
0 0.1984375 0.47578125 0.1 0.0890625
0 0.7375 0.58203125 0.09375 0.0796875
0 0.77890625 0.05234375 0.0890625 0.0828125
0 0.66796875 0.1921875 0.0765625 0.075
0 0.5296875 0.6265625 0.090625 0.075
0 0.5328125 0.5390625 0.071875 0.065625
0 0.421875 0.3875 0.090625 0.06875
0 0.95625 0.55546875 0.075 0.0796875
0 0.3859375 0.84921875 0.1 0.0859375
0 0.73671875 0.940625 0.0796875 0.075
0 0.37734375 0.64609375 0.0890625 0.0921875
0 0.96171875 0.08046875 0.0703125 0.0734375
0 0.1921875 0.22734375 0.078125 0.0640625
0 0.72578125 0.83671875 0.1046875 0.0796875
0 0.96640625 0.94375 0.0578125 0.075
0 0.67734375 0.46953125 0.0828125 0.0671875
0 0.9359375 0.14296875 0.078125 0.0734375
0 0.39375 0.45625 0.1 0.08125
0 0.43984375 0.73203125 0.0890625 0.0859375
0 0.69375 0.7359375 0.071875 0.075
0 0.2265625 0.6453125 0.1 0.08125
0 0.9390625 0.61953125 0.078125 0.0734375
0 0.40859375 0.9625 0.0859375 0.0625
0 0.684375 0.4125 0.096875 0.075
0 0.4671875 0.934375 0.065625 0.06875
0 0.1609375 0.178125 0.078125 0.0625
0 0.25546875 0.58671875 0.0734375 0.0640625
0 0.56875 0.0234375 0.071875 0.04375
0 0.55 0.84140625 0.06875 0.0671875
0 0.5125 0.3234375 0.059375 0.059375
0 0.47734375 0.10859375 0.0640625 0.0578125
0 0.50546875 0.2734375 0.0671875 0.05
0 0.25390625 0.3984375 0.1171875 0.109375
0 0.2453125 0.72578125 0.103125 0.0890625
0 0.38203125 0.7765625 0.1046875 0.0875
0 0.54140625 0.725 0.1046875 0.084375
0 0.18125 0.79453125 0.09375 0.0953125
