0 0.03125 0.6484375 0.059375 0.06875
0 0.7859375 0.3109375 0.078125 0.071875
0 0.10546875 0.3859375 0.0828125 0.075
0 0.1140625 0.54375 0.09375 0.084375
0 0.96640625 0.8625 0.0578125 0.065625
0 0.35546875 0.796875 0.0921875 0.10625
0 0.79453125 0.6046875 0.1171875 0.090625
0 0.5125 0.37109375 0.09375 0.0828125
0 0.5171875 0.82578125 0.08125 0.0765625
0 0.8 0.496875 0.1 0.08125
0 0.39296875 0.32890625 0.1078125 0.0890625
0 0.490625 0.75078125 0.065625 0.0578125
0 0.5515625 0.90234375 0.0875 0.0828125
0 0.13515625 0.7 0.0703125 0.075
0 0.96484375 0.66953125 0.0640625 0.0734375
0 0.9703125 0.5578125 0.053125 0.0625
0 0.33671875 0.5390625 0.0953125 0.08125
0 0.3484375 0.47578125 0.0875 0.0734375
0 0.8 0.6984375 0.08125 0.06875
0 0.97265625 0.9421875 0.0484375 0.065625
0 0.03203125 0.8890625 0.0578125 0.078125
0 0.3609375 0.94296875 0.084375 0.0703125
0 0.3734375 0.63046875 0.1 0.0890625
0 0.10234375 0.2859375 0.0890625 0.075
0 0.49921875 0.68984375 0.0765625 0.0703125
0 0.85546875 0.7671875 0.0796875 0.06875
0 0.365625 0.26171875 0.096875 0.0734375
0 0.78984375 0.39296875 0.1015625 0.0859375
0 0.784375 0.93828125 0.103125 0.0859375
0 0.4953125 0.54453125 0.0875 0.0734375
0 0.09375 0.62578125 0.078125 0.0734375
0 0.46015625 0.45390625 0.0703125 0.0609375
0 0.96484375 0.76328125 0.0640625 0.0828125
0 0.953125 0.27421875 0.078125 0.0859375
0 0.9671875 0.31484375 0.05625 0.0640625
0 0.48515625 0.290625 0.0765625 0.0625
0 0.5515625 0.975 0.065625 0.04375
0 0.03359375 0.5515625 0.0640625 0.059375
0 0.12578125 0.8046875 0.0703125 0.065625
0 0.559375 0.8671875 0.065625 0.0625
0 0.8015625 0.86484375 0.09375 0.0765625
0 0.790625 0.78984375 0.084375 0.0765625
