0 0.22734375 0.61875 0.0578125 0.05625
0 0.2015625 0.7828125 0.05625 0.053125
0 0.87109375 0.07109375 0.0609375 0.0546875
0 0.90625 0.6859375 0.05 0.05
0 0.02734375 0.06640625 0.0515625 0.0453125
0 0.1828125 0.06484375 0.05625 0.0578125
0 0.05859375 0.84296875 0.0484375 0.0484375
0 0.75703125 0.03359375 0.0546875 0.0546875
0 0.0578125 0.91875 0.05625 0.05625
0 0.0234375 0.2296875 0.04375 0.046875
0 0.06640625 0.74140625 0.0640625 0.0578125
0 0.85859375 0.3875 0.0671875 0.059375
0 0.05703125 0.47890625 0.0765625 0.0640625
0 0.42890625 0.83671875 0.0703125 0.0640625
0 0.1859375 0.45078125 0.071875 0.0578125
0 0.39609375 0.25390625 0.0828125 0.0828125
0 0.06875 0.6453125 0.075 0.05625
0 0.21015625 0.8515625 0.0609375 0.065625
0 0.421875 0.76796875 0.065625 0.0578125
0 0.56875 0.87734375 0.078125 0.0734375
0 0.196875 0.6921875 0.071875 0.06875
0 0.07265625 0.57421875 0.0640625 0.0609375
0 0.56640625 0.3390625 0.0609375 0.059375
0 0.38828125 0.51640625 0.0734375 0.0640625
0 0.88828125 0.7734375 0.0703125 0.06875
0 0.8671875 0.15390625 0.059375 0.0578125
0 0.93125 0.609375 0.059375 0.059375
0 0.3984375 0.4390625 0.0625 0.0625
0 0.41484375 0.61875 0.0578125 0.05625
0 0.43046875 0.6921875 0.0671875 0.0625
0 0.54375 0.09921875 0.065625 0.0796875
0 0.553125 0.95859375 0.059375 0.0546875
0 0.1546875 0.296875 0.059375 0.053125
0 0.7546875 0.528125 0.0625 0.065625
0 0.59765625 0.7640625 0.0703125 0.065625
0 0.88515625 0.859375 0.0609375 0.046875
0 0.53515625 0.259375 0.0765625 0.075
0 0.17890625 0.36015625 0.0484375 0.0546875
0 0.01953125 0.159375 0.0359375 0.065625
0 0.19609375 0.1296875 0.0578125 0.053125
0 0.20703125 0.54921875 0.0484375 0.0515625
0 0.8828125 0.5078125 0.04375 0.034375
0 0.7796875 0.68671875 0.040625 0.0359375
0 0.36875 0.10625 0.040625 0.065625
0 0.36953125 0.03046875 0.0546875 0.0421875
0 0.17734375 0.23515625 0.0390625 0.0421875
0 0.05546875 0.42109375 0.0515625 0.0390625
0 0.0140625 0.3234375 0.025 0.03125
