0 0.684375 0.71796875 0.059375 0.0578125
0 0.22734375 0.91953125 0.0546875 0.0640625
0 0.54296875 0.578125 0.0609375 0.059375
0 0.17578125 0.590625 0.0546875 0.05
0 0.36171875 0.65234375 0.0609375 0.0546875
0 0.3515625 0.1640625 0.059375 0.05
0 0.3421875 0.046875 0.075 0.0625
0 0.62421875 0.11015625 0.0640625 0.0546875
0 0.84921875 0.0203125 0.0546875 0.0375
0 0.615625 0.04375 0.10625 0.084375
0 0.52421875 0.16640625 0.0828125 0.0734375
0 0.628125 0.22734375 0.1125 0.0984375
0 0.12890625 0.02890625 0.0859375 0.0546875
0 0.653125 0.65390625 0.096875 0.0859375
0 0.65390625 0.80390625 0.1078125 0.0953125
0 0.95078125 0.3421875 0.0765625 0.06875
0 0.65703125 0.3875 0.0859375 0.071875
0 0.8515625 0.35 0.071875 0.0625
0 0.65234375 0.3078125 0.0890625 0.078125
0 0.26328125 0.21171875 0.0765625 0.0734375
0 0.87734375 0.87265625 0.0890625 0.0828125
0 0.63671875 0.47890625 0.1171875 0.0890625
0 0.1703125 0.503125 0.071875 0.065625
0 0.19375 0.73984375 0.08125 0.0734375
0 0.878125 0.63203125 0.078125 0.0796875
0 0.35 0.22265625 0.0625 0.0671875
0 0.834375 0.20390625 0.08125 0.0796875
0 0.8515625 0.10546875 0.078125 0.0734375
0 0.346875 0.54921875 0.065625 0.0609375
0 0.32421875 0.71796875 0.0671875 0.0609375
0 0.85234375 0.46875 0.0640625 0.078125
0 0.36015625 0.82109375 0.0671875 0.0578125
0 0.65390625 0.9734375 0.0890625 0.0375
0 0.1265625 0.38984375 0.05625 0.0515625
0 0.30625 0.32109375 0.05625 0.0609375
0 0.234375 0.83984375 0.04375 0.0578125
0 0.5546875 0.971875 0.05 0.046875
0 0.9140625 0.9609375 0.075 0.065625
0 0.54921875 0.49765625 0.0546875 0.0546875
0 0.12734375 0.0828125 0.0671875 0.05625
0 0.16640625 0.18125 0.0984375 0.065625
0 0.1671875 0.2328125 0.065625 0.04375
0 0.1703125 0.3234375 0.059375 0.046875
0 0.23046875 0.3109375 0.0328125 0.0375
0 0.2203125 0.3796875 0.075 0.05625
0 0.17890625 0.63125 0.0671875 0.046875
0 0.1609375 0.684375 0.06875 0.053125
0 0.12421875 0.8953125 0.0671875 0.0625
0 0.671875 0.9453125 0.065625 0.0375
0 0.88046875 0.79140625 0.0765625 0.0546875
