0 0.96796875 0.1703125 0.0515625 0.05625
0 0.3015625 0.8828125 0.05625 0.053125
0 0.32734375 0.71875 0.0578125 0.05625
0 0.96484375 0.07421875 0.0515625 0.0515625
0 0.62109375 0.02734375 0.0640625 0.0515625
0 0.10078125 0.0828125 0.0578125 0.05625
0 0.12265625 0.16640625 0.0578125 0.0484375
0 0.08359375 0.1515625 0.0421875 0.04375
0 0.9765625 0.86875 0.040625 0.05
0 0.10859375 0.42421875 0.0484375 0.0453125
0 0.51328125 0.71875 0.0578125 0.05625
0 0.15859375 0.94453125 0.0515625 0.0546875
0 0.96484375 0.03671875 0.0421875 0.0390625
0 0.2890625 0.22578125 0.05 0.0546875
0 0.253125 0.39609375 0.059375 0.0546875
0 0.31015625 0.94921875 0.0609375 0.0640625
0 0.95546875 0.48828125 0.0640625 0.0609375
0 0.2859375 0.55078125 0.071875 0.0578125
0 0.52890625 0.93828125 0.0765625 0.0703125
0 0.165625 0.84140625 0.065625 0.0609375
0 0.15703125 0.57890625 0.0734375 0.0640625
0 0.296875 0.7921875 0.071875 0.06875
0 0.6359375 0.0984375 0.06875 0.06875
0 0.521875 0.86640625 0.06875 0.0578125
0 0.17265625 0.675 0.0640625 0.059375
0 0.4953125 0.3546875 0.084375 0.084375
0 0.66640625 0.4390625 0.0609375 0.059375
0 0.4984375 0.5390625 0.0625 0.059375
0 0.48828125 0.6171875 0.0734375 0.0625
0 0.9640625 0.25625 0.05625 0.0625
0 0.16953125 0.7453125 0.0734375 0.05625
0 0.6453125 0.2015625 0.065625 0.078125
0 0.63671875 0.359375 0.0765625 0.075
0 0.53046875 0.79140625 0.0640625 0.0609375
0 0.11171875 0.328125 0.0609375 0.05625
0 0.696875 0.8625 0.06875 0.065625
0 0.66796875 0.9671875 0.0671875 0.05
0 0.27890625 0.16171875 0.0484375 0.0546875
0 0.4890625 0.11171875 0.075 0.0734375
0 0.27734375 0.33359375 0.0359375 0.0359375
0 0.3359375 0.45859375 0.1 0.0515625
0 0.31171875 0.64609375 0.0359375 0.0421875
0 0.1140625 0.25625 0.040625 0.053125
0 0.10625 0.021875 0.059375 0.040625
0 0.034375 0.22890625 0.040625 0.0359375
0 0.05390625 0.11484375 0.0359375 0.0328125
0 0.9796875 0.6125 0.040625 0.059375
0 0.878125 0.78984375 0.040625 0.0515625
0 0.9734375 0.9578125 0.053125 0.04375
0 0.8609375 0.13515625 0.0625 0.0546875
0 0.46953125 0.19609375 0.0546875 0.0671875
0 0.2171875 0.1046875 0.06875 0.075
0 0.28046875 0.4609375 0.0578125 0.0625
