0 0.96953125 0.1359375 0.0484375 0.05
0 0.0296875 0.03359375 0.05 0.0484375
0 0.0265625 0.196875 0.05 0.053125
0 0.65390625 0.0671875 0.0515625 0.053125
0 0.0578125 0.91796875 0.059375 0.0484375
0 0.028125 0.1046875 0.053125 0.05
0 0.025 0.365625 0.046875 0.05625
0 0.721875 0.8265625 0.046875 0.04375
0 0.64453125 0.85703125 0.0578125 0.0515625
0 0.9296875 0.81796875 0.0625 0.0609375
0 0.546875 0.846875 0.053125 0.04375
0 0.215625 0.06484375 0.09375 0.0796875
0 0.3859375 0.2078125 0.06875 0.065625
0 0.23984375 0.228125 0.0921875 0.075
0 0.70390625 0.6171875 0.0671875 0.05625
0 0.9265625 0.31015625 0.084375 0.0796875
0 0.94765625 0.64375 0.0703125 0.071875
0 0.409375 0.9203125 0.075 0.065625
0 0.69921875 0.1453125 0.0828125 0.078125
0 0.63359375 0.27421875 0.0734375 0.0578125
0 0.29375 0.46015625 0.071875 0.0640625
0 0.27265625 0.81484375 0.0890625 0.0765625
0 0.7234375 0.50234375 0.08125 0.0765625
0 0.421875 0.84453125 0.071875 0.0671875
0 0.2421875 0.69453125 0.1 0.0796875
0 0.946875 0.40546875 0.078125 0.0734375
0 0.6171875 0.94765625 0.075 0.0640625
0 0.4015625 0.37109375 0.075 0.0671875
0 0.4234375 0.4578125 0.09375 0.084375
0 0.44296875 0.6546875 0.0890625 0.08125
0 0.95078125 0.2 0.0734375 0.071875
0 0.40859375 0.2859375 0.0859375 0.08125
0 0.72109375 0.7703125 0.0765625 0.065625
0 0.25390625 0.896875 0.0828125 0.075
0 0.9203125 0.49765625 0.08125 0.0765625
0 0.24375 0.3140625 0.078125 0.071875
0 0.72265625 0.95234375 0.0765625 0.0609375
0 0.43125 0.5625 0.06875 0.065625
0 0.95234375 0.91328125 0.0671875 0.0796875
0 0.24296875 0.39609375 0.0921875 0.0859375
0 0.69609375 0.40625 0.0640625 0.0625
0 0.05 0.54296875 0.075 0.0640625
0 0.928125 0.7359375 0.06875 0.065625
0 0.8890625 0.05625 0.06875 0.071875
0 0.4328125 0.73125 0.090625 0.071875
0 0.6328125 0.45859375 0.078125 0.0828125
0 0.70859375 0.26796875 0.0578125 0.0578125
0 0.69765625 0.853125 0.0671875 0.0625
0 0.246875 0.11796875 0.078125 0.0671875
0 0.4296875 0.97109375 0.065625 0.0484375
0 0.703125 0.33671875 0.053125 0.0515625
0 0.23359375 0.59375 0.0796875 0.075
0 0.41015625 0.125 0.0609375 0.06875
0 0.89609375 0.88203125 0.0765625 0.0703125
0 0.71328125 0.684375 0.0859375 0.078125
0 0.38515625 0.034375 0.0859375 0.065625
0 0.03359375 0.85546875 0.0515625 0.0484375
0 0.04921875 0.73203125 0.0671875 0.0515625
0 0.98515625 0.02109375 0.0296875 0.0359375
0 0.96640625 0.58046875 0.0671875 0.0796875
