0 0.2046875 0.03125 0.0875 0.059375
0 0.93828125 0.93515625 0.0953125 0.0921875
0 0.25546875 0.184375 0.0734375 0.075
0 0.87578125 0.034375 0.0828125 0.065625
0 0.84921875 0.11796875 0.0828125 0.0703125
0 0.27109375 0.4125 0.0796875 0.078125
0 0.9109375 0.73125 0.109375 0.10625
0 0.13515625 0.43125 0.0828125 0.078125
0 0.90625 0.84453125 0.0875 0.0859375
0 0.29609375 0.88125 0.1046875 0.103125
0 0.115625 0.67265625 0.1 0.0765625
0 0.61796875 0.03984375 0.0796875 0.0765625
0 0.66640625 0.9265625 0.0984375 0.09375
0 0.49375 0.19765625 0.096875 0.0828125
0 0.30390625 0.79453125 0.0859375 0.0796875
0 0.29609375 0.6859375 0.0953125 0.08125
0 0.65390625 0.3484375 0.0671875 0.0625
0 0.4640625 0.4 0.10625 0.09375
0 0.95234375 0.5359375 0.0796875 0.0875
0 0.4890625 0.3109375 0.08125 0.071875
0 0.45234375 0.57265625 0.0953125 0.0859375
0 0.25078125 0.334375 0.0796875 0.06875
0 0.61484375 0.553125 0.0921875 0.078125
0 0.4625 0.471875 0.075 0.065625
0 0.859375 0.27109375 0.09375 0.0828125
0 0.8859375 0.37890625 0.075 0.0640625
0 0.96171875 0.1109375 0.0671875 0.075
0 0.52265625 0.90234375 0.0890625 0.0890625
0 0.68984375 0.72734375 0.0859375 0.0796875
0 0.20859375 0.278125 0.0734375 0.075
0 0.446875 0.1421875 0.075 0.06875
0 0.97109375 0.44609375 0.0484375 0.0640625
0 0.690625 0.853125 0.0625 0.0625
0 0.63125 0.13046875 0.078125 0.0796875
0 0.96328125 0.26484375 0.0640625 0.0890625
0 0.4890625 0.0828125 0.090625 0.084375
0 0.53984375 0.7421875 0.0859375 0.078125
0 0.0859375 0.51328125 0.084375 0.0828125
0 0.56875 0.78671875 0.071875 0.0640625
0 0.95078125 0.2 0.0734375 0.0625
0 0.0796875 0.025 0.06875 0.046875
0 0.9515625 0.03046875 0.078125 0.0578125
0 0.278125 0.52109375 0.078125 0.0765625
0 0.57578125 0.9296875 0.0890625 0.084375
0 0.07890625 0.22890625 0.0765625 0.0578125
0 0.1515625 0.9546875 0.078125 0.065625
0 0.8671875 0.17734375 0.06875 0.0609375
0 0.0953125 0.284375 0.065625 0.059375
0 0.64609375 0.65078125 0.1046875 0.1109375
0 0.6234375 0.2078125 0.10625 0.096875
0 0.171875 0.86796875 0.096875 0.0859375
0 0.8609375 0.45625 0.059375 0.04375
0 0.86640625 0.49609375 0.0703125 0.0421875
0 0.87890625 0.55703125 0.0640625 0.0578125
0 0.65078125 0.4078125 0.0953125 0.0625
0 0.63359375 0.47421875 0.0984375 0.0734375
0 0.31953125 0.6015625 0.0515625 0.05625
0 0.17265625 0.74609375 0.0734375 0.0546875
0 0.14375 0.60703125 0.06875 0.0515625
0 0.08984375 0.14296875 0.0890625 0.0640625
