0 0.46953125 0.69375 0.0578125 0.053125
0 0.259375 0.46015625 0.0875 0.0828125
0 0.64609375 0.3 0.0765625 0.06875
0 0.47734375 0.53828125 0.0859375 0.0859375
0 0.4703125 0.34765625 0.071875 0.0578125
0 0.2859375 0.81328125 0.10625 0.0890625
0 0.6 0.03125 0.075 0.059375
0 0.6796875 0.89609375 0.1 0.1046875
0 0.63828125 0.18828125 0.0921875 0.0828125
0 0.62109375 0.0984375 0.0953125 0.0875
0 0.8453125 0.7953125 0.084375 0.06875
0 0.790625 0.16953125 0.090625 0.0828125
0 0.2859375 0.36953125 0.090625 0.0765625
0 0.7515625 0.8328125 0.06875 0.0625
0 0.78515625 0.25234375 0.0734375 0.0703125
0 0.50625 0.87109375 0.084375 0.0703125
0 0.4703125 0.62734375 0.084375 0.0765625
0 0.4765625 0.80078125 0.09375 0.0828125
0 0.2828125 0.1484375 0.08125 0.071875
0 0.7375 0.76171875 0.075 0.0671875
0 0.30078125 0.9046875 0.0890625 0.06875
0 0.47734375 0.95703125 0.0890625 0.0734375
0 0.30703125 0.26953125 0.0734375 0.0671875
0 0.95859375 0.615625 0.0703125 0.071875
0 0.68671875 0.51796875 0.0765625 0.0765625
0 0.0703125 0.221875 0.071875 0.06875
0 0.671875 0.68828125 0.075 0.0703125
0 0.69921875 0.41171875 0.0796875 0.0609375
0 0.34140625 0.93984375 0.0796875 0.0640625
0 0.66640625 0.3578125 0.0765625 0.06875
0 0.47265625 0.42578125 0.0765625 0.0765625
0 0.37578125 0.07109375 0.0640625 0.0640625
0 0.9703125 0.7265625 0.053125 0.071875
0 0.26953125 0.7375 0.0703125 0.078125
0 0.24453125 0.06484375 0.0796875 0.0609375
0 0.6984375 0.6109375 0.10625 0.084375
0 0.2828125 0.61953125 0.128125 0.0984375
0 0.80078125 0.03828125 0.0921875 0.0734375
0 0.9765625 0.07578125 0.046875 0.0703125
