0 0.8625 0.12109375 0.053125 0.0546875
0 0.0296875 0.65234375 0.053125 0.0484375
0 0.27421875 0.64609375 0.0609375 0.0546875
0 0.66953125 0.7171875 0.0546875 0.05625
0 0.7046875 0.634375 0.0625 0.05625
0 0.4890625 0.9296875 0.05625 0.04375
0 0.4171875 0.978125 0.05 0.034375
0 0.49375 0.54453125 0.05625 0.0515625
0 0.87109375 0.828125 0.0859375 0.071875
0 0.86953125 0.42734375 0.0859375 0.0828125
0 0.2265625 0.35234375 0.0875 0.0765625
0 0.66875 0.4265625 0.090625 0.06875
0 0.696875 0.83046875 0.071875 0.0640625
0 0.8625 0.22890625 0.059375 0.0578125
0 0.6921875 0.96171875 0.06875 0.0546875
0 0.178125 0.40859375 0.075 0.0703125
0 0.36328125 0.3890625 0.0671875 0.05625
0 0.81484375 0.66171875 0.0765625 0.0671875
0 0.1796875 0.76875 0.06875 0.059375
0 0.8015625 0.5 0.078125 0.084375
0 0.66171875 0.31796875 0.0921875 0.0734375
0 0.82421875 0.5703125 0.0796875 0.075
0 0.83203125 0.04921875 0.0734375 0.0734375
0 0.2234375 0.528125 0.0625 0.05625
0 0.678125 0.21875 0.0875 0.08125
0 0.1890625 0.09375 0.078125 0.06875
0 0.2 0.58125 0.078125 0.06875
0 0.8578125 0.7203125 0.084375 0.0875
0 0.4265625 0.83828125 0.065625 0.0578125
0 0.190625 0.71796875 0.0625 0.0546875
0 0.18671875 0.86015625 0.0671875 0.0765625
0 0.36484375 0.89609375 0.0828125 0.0765625
0 0.171875 0.27578125 0.09375 0.0796875
0 0.43125 0.475 0.071875 0.06875
0 0.20078125 0.94375 0.0609375 0.059375
0 0.40234375 0.2328125 0.0671875 0.071875
0 0.39921875 0.6046875 0.0796875 0.065625
0 0.6640625 0.15859375 0.071875 0.0578125
0 0.35 0.221875 0.059375 0.059375
0 0.65859375 0.4796875 0.0640625 0.059375
0 0.03984375 0.15703125 0.0609375 0.0546875
0 0.37109375 0.4609375 0.0671875 0.0625
0 0.61171875 0.0234375 0.0703125 0.04375
0 0.12109375 0.16640625 0.0984375 0.0890625
0 0.4640625 0.34609375 0.05 0.0484375
0 0.434375 0.3890625 0.040625 0.028125
0 0.1546875 0.0140625 0.0625 0.025
0 0.3640625 0.71640625 0.046875 0.0578125
0 0.63359375 0.61875 0.0546875 0.059375
0 0.7390625 0.0453125 0.05 0.0375
0 0.73125 0.4734375 0.040625 0.04375
