0 0.52421875 0.7765625 0.0609375 0.053125
0 0.63515625 0.54765625 0.0546875 0.0515625
0 0.3078125 0.2875 0.109375 0.084375
0 0.1546875 0.48671875 0.121875 0.0921875
0 0.32109375 0.86875 0.1078125 0.096875
0 0.83046875 0.14375 0.1015625 0.103125
0 0.6109375 0.21640625 0.071875 0.0640625
0 0.6359375 0.040625 0.078125 0.065625
0 0.4234375 0.26171875 0.078125 0.0671875
0 0.446875 0.109375 0.090625 0.084375
0 0.8828125 0.47421875 0.084375 0.0734375
0 0.1875 0.728125 0.1 0.078125
0 0.6359375 0.36015625 0.075 0.0671875
0 0.45859375 0.90234375 0.0890625 0.0796875
0 0.1546875 0.38359375 0.128125 0.0921875
0 0.89765625 0.74453125 0.0734375 0.0671875
0 0.93125 0.86015625 0.08125 0.0828125
0 0.334375 0.1984375 0.06875 0.065625
0 0.6890625 0.7484375 0.06875 0.0625
0 0.1453125 0.91171875 0.1 0.0859375
0 0.44296875 0.340625 0.0703125 0.0625
0 0.878125 0.04765625 0.0875 0.0671875
0 0.32265625 0.3671875 0.1015625 0.084375
0 0.85234375 0.25390625 0.0921875 0.0859375
0 0.65625 0.14765625 0.08125 0.0953125
0 0.46796875 0.49453125 0.0703125 0.0734375
0 0.33125 0.7546875 0.078125 0.071875
0 0.90390625 0.42421875 0.0796875 0.0640625
0 0.36640625 0.034375 0.0640625 0.059375
0 0.48515625 0.7375 0.1109375 0.096875
0 0.16015625 0.115625 0.1078125 0.09375
0 0.64453125 0.81484375 0.0984375 0.0953125
0 0.1421875 0.2828125 0.109375 0.09375
0 0.5234375 0.8546875 0.1 0.09375
0 0.3125 0.08046875 0.096875 0.0984375
0 0.3265625 0.4953125 0.1125 0.121875
0 0.65703125 0.9234375 0.1046875 0.1
0 0.13671875 0.03359375 0.0984375 0.0640625
0 0.84921875 0.3421875 0.0484375 0.05
