0 0.15390625 0.6796875 0.0609375 0.05625
0 0.0296875 0.725 0.053125 0.04375
0 0.91875 0.5125 0.078125 0.071875
0 0.91953125 0.64765625 0.0921875 0.0859375
0 0.725 0.09453125 0.08125 0.0671875
0 0.1265625 0.4359375 0.0875 0.075
0 0.1375 0.353125 0.084375 0.075
0 0.06171875 0.075 0.0828125 0.071875
0 0.12421875 0.53671875 0.0828125 0.0828125
0 0.6859375 0.22890625 0.090625 0.0921875
0 0.1625 0.76640625 0.09375 0.0796875
0 0.1453125 0.8390625 0.08125 0.071875
0 0.06015625 0.88828125 0.0828125 0.0703125
0 0.1375 0.9421875 0.075 0.075
0 0.11875 0.62109375 0.090625 0.0765625
0 0.865625 0.3203125 0.08125 0.09375
0 0.73671875 0.3078125 0.0765625 0.06875
0 0.7828125 0.78671875 0.075 0.0609375
0 0.85546875 0.9046875 0.0640625 0.0625
0 0.48125 0.1390625 0.065625 0.053125
0 0.77265625 0.68515625 0.0734375 0.0796875
0 0.7421875 0.49453125 0.0875 0.0640625
0 0.453125 0.25390625 0.078125 0.0671875
0 0.47890625 0.05234375 0.0890625 0.0703125
0 0.03515625 0.77421875 0.0640625 0.0703125
0 0.553125 0.825 0.059375 0.08125
0 0.34609375 0.34375 0.0859375 0.05
0 0.084375 0.23046875 0.06875 0.0640625
0 0.8578125 0.7859375 0.071875 0.0625
0 0.51328125 0.3796875 0.0546875 0.053125
0 0.52890625 0.246875 0.0640625 0.053125
0 0.8625 0.11015625 0.053125 0.0453125
0 0.74296875 0.5828125 0.0578125 0.053125
0 0.52265625 0.48359375 0.0671875 0.0546875
0 0.34375 0.10625 0.053125 0.046875
0 0.0359375 0.95703125 0.0625 0.0609375
0 0.41640625 0.86640625 0.0578125 0.0578125
0 0.58515625 0.9375 0.0703125 0.04375
0 0.4265625 0.96796875 0.06875 0.0515625
0 0.521875 0.715625 0.046875 0.034375
0 0.4078125 0.72421875 0.053125 0.0421875
0 0.38515625 0.78984375 0.0359375 0.0484375
0 0.49921875 0.6203125 0.0390625 0.0375
0 0.36484375 0.5921875 0.0359375 0.0375
0 0.34296875 0.5109375 0.0296875 0.0375
0 0.72578125 0.36328125 0.0578125 0.0421875
0 0.84453125 0.22734375 0.0421875 0.0390625
