0 0.22734375 0.71875 0.0578125 0.05625
0 0.8671875 0.07421875 0.05625 0.0546875
0 0.87109375 0.1703125 0.0609375 0.05625
0 0.521875 0.02734375 0.0625 0.0515625
0 0.02734375 0.16640625 0.0515625 0.0453125
0 0.90625 0.7859375 0.05 0.05
0 0.0234375 0.3296875 0.04375 0.046875
0 0.178125 0.16171875 0.046875 0.0546875
0 0.41328125 0.71796875 0.0578125 0.0546875
0 0.18828125 0.22578125 0.0515625 0.0546875
0 0.059375 0.94453125 0.053125 0.0515625
0 0.8671875 0.0359375 0.04375 0.034375
0 0.153125 0.396875 0.059375 0.053125
0 0.428125 0.9375 0.075 0.06875
0 0.05703125 0.57890625 0.0765625 0.0640625
0 0.85859375 0.4875 0.0671875 0.059375
0 0.21015625 0.94921875 0.0609375 0.0640625
0 0.065625 0.840625 0.065625 0.059375
0 0.1859375 0.55 0.071875 0.059375
0 0.421875 0.86640625 0.06875 0.0578125
0 0.5359375 0.0984375 0.06875 0.06875
0 0.196875 0.7921875 0.071875 0.06875
0 0.39609375 0.353125 0.0828125 0.084375
0 0.06875 0.74453125 0.075 0.0546875
0 0.203125 0.88203125 0.05625 0.0515625
0 0.07265625 0.6734375 0.0640625 0.059375
0 0.56640625 0.4390625 0.0609375 0.059375
0 0.5453125 0.2015625 0.065625 0.078125
0 0.88828125 0.87265625 0.0703125 0.0671875
0 0.38828125 0.61640625 0.0734375 0.0640625
0 0.5375 0.359375 0.075 0.075
0 0.8671875 0.2546875 0.059375 0.059375
0 0.3984375 0.5390625 0.0625 0.059375
0 0.93125 0.7109375 0.059375 0.059375
0 0.4296875 0.79140625 0.065625 0.0609375
0 0.56796875 0.9671875 0.0703125 0.05
0 0.59765625 0.8625 0.0703125 0.065625
0 0.75390625 0.62890625 0.0609375 0.0640625
0 0.75703125 0.1296875 0.0546875 0.0625
0 0.3890625 0.11171875 0.075 0.0703125
0 0.21484375 0.64921875 0.0515625 0.0484375
0 0.1171875 0.1 0.05 0.046875
0 0.18046875 0.3359375 0.0328125 0.040625
0 0.0203125 0.2515625 0.0375 0.0625
0 0.36640625 0.20078125 0.0390625 0.0671875
0 0.3546875 0.06328125 0.04375 0.0453125
0 0.5625 0.51328125 0.071875 0.0953125
0 0.54140625 0.78828125 0.0609375 0.0609375
0 0.5453125 0.6765625 0.05 0.05625
0 0.88671875 0.96171875 0.0546875 0.0390625
0 0.79609375 0.78828125 0.0484375 0.0421875
0 0.8828125 0.61171875 0.0375 0.0421875
0 0.91484375 0.421875 0.0734375 0.059375
0 0.7296875 0.0390625 0.05625 0.05
0 0.0171875 0.0921875 0.03125 0.053125
0 0.06015625 0.52265625 0.0515625 0.0421875
0 0.01796875 0.4265625 0.0328125 0.04375
0 0.078125 0.3171875 0.034375 0.04375
