0 0.95859375 0.88984375 0.0609375 0.0546875
0 0.65625 0.5953125 0.053125 0.059375
0 0.31953125 0.02421875 0.0609375 0.0453125
0 0.60390625 0.115625 0.0609375 0.05625
0 0.3359375 0.8328125 0.059375 0.053125
0 0.6 0.24765625 0.05 0.0515625
0 0.35078125 0.7484375 0.0953125 0.090625
0 0.3640625 0.5703125 0.1 0.084375
0 0.5390625 0.64296875 0.1 0.0953125
0 0.353125 0.253125 0.065625 0.065625
0 0.68671875 0.93671875 0.0796875 0.0765625
0 0.184375 0.63125 0.090625 0.071875
0 0.90234375 0.51875 0.1046875 0.084375
0 0.35859375 0.1796875 0.0671875 0.059375
0 0.1671875 0.2265625 0.08125 0.078125
0 0.64375 0.74296875 0.078125 0.0703125
0 0.85078125 0.6578125 0.0921875 0.08125
0 0.53828125 0.240625 0.0734375 0.0625
0 0.346875 0.08046875 0.084375 0.0765625
0 0.153125 0.73359375 0.084375 0.0828125
0 0.8859375 0.95 0.0875 0.06875
0 0.890625 0.709375 0.084375 0.078125
0 0.1765625 0.15625 0.08125 0.065625
0 0.159375 0.87578125 0.078125 0.0640625
0 0.5265625 0.91640625 0.0875 0.0890625
0 0.6484375 0.04375 0.071875 0.0625
0 0.33203125 0.62265625 0.0796875 0.0703125
0 0.35078125 0.91015625 0.0703125 0.0703125
0 0.92265625 0.8203125 0.0546875 0.0375
0 0.678125 0.665625 0.0625 0.05
0 0.196875 0.10703125 0.065625 0.0515625
0 0.9125 0.8453125 0.065625 0.0375
0 0.8734375 0.2125 0.04375 0.040625
0 0.84765625 0.03359375 0.0421875 0.0515625
0 0.90078125 0.16875 0.0578125 0.053125
0 0.153125 0.80390625 0.084375 0.0609375
