0 0.0265625 0.62578125 0.05 0.0578125
0 0.36328125 0.05546875 0.1109375 0.0921875
0 0.41484375 0.34296875 0.1109375 0.0921875
0 0.94453125 0.703125 0.0984375 0.0875
0 0.25703125 0.33125 0.1140625 0.1
0 0.63125 0.78828125 0.11875 0.0953125
0 0.21875 0.04765625 0.103125 0.0765625
0 0.03046875 0.2796875 0.0578125 0.06875
0 0.64140625 0.02734375 0.0734375 0.0515625
0 0.23046875 0.153125 0.1046875 0.084375
0 0.66328125 0.6796875 0.1109375 0.096875
0 0.0609375 0.81640625 0.084375 0.0734375
0 0.4125 0.17578125 0.09375 0.0796875
0 0.6109375 0.29296875 0.090625 0.0796875
0 0.42109375 0.71953125 0.1015625 0.0859375
0 0.2359375 0.25234375 0.090625 0.0765625
0 0.965625 0.30078125 0.0625 0.0734375
0 0.76328125 0.96484375 0.0703125 0.0546875
0 0.9578125 0.78046875 0.06875 0.0765625
0 0.4265625 0.25390625 0.09375 0.0734375
0 0.27578125 0.809375 0.0828125 0.071875
0 0.27734375 0.92421875 0.0859375 0.0765625
0 0.78125 0.7296875 0.08125 0.078125
0 0.9265625 0.040625 0.075 0.06875
0 0.65546875 0.12109375 0.0703125 0.0671875
0 0.6765625 0.88359375 0.08125 0.0765625
0 0.7671875 0.83359375 0.071875 0.0796875
0 0.18671875 0.0265625 0.0828125 0.05
0 0.9578125 0.93203125 0.075 0.0859375
0 0.63359375 0.61015625 0.0859375 0.0703125
0 0.67578125 0.24296875 0.0765625 0.0734375
0 0.73671875 0.0890625 0.0703125 0.0625
0 0.65390625 0.940625 0.0703125 0.040625
0 0.35078125 0.81953125 0.0671875 0.0671875
0 0.3125 0.88046875 0.065625 0.0640625
0 0.97265625 0.62109375 0.0515625 0.0671875
0 0.7703125 0.6546875 0.065625 0.06875
0 0.4171875 0.821875 0.0875 0.0875
0 0.05 0.7125 0.090625 0.0875
0 0.42734375 0.9484375 0.1234375 0.084375
0 0.68984375 0.96953125 0.0890625 0.0609375
