0 0.4140625 0.79453125 0.05625 0.0515625
0 0.29921875 0.5578125 0.0734375 0.08125
0 0.08125 0.63671875 0.08125 0.0765625
0 0.05390625 0.1578125 0.0953125 0.078125
0 0.40234375 0.696875 0.0578125 0.059375
0 0.32578125 0.7859375 0.0703125 0.071875
0 0.7453125 0.24140625 0.1125 0.1015625
0 0.05078125 0.83046875 0.0859375 0.0859375
0 0.7375 0.4125 0.075 0.08125
0 0.0625 0.73203125 0.08125 0.0796875
0 0.965625 0.16875 0.059375 0.075
0 0.64375 0.0734375 0.078125 0.06875
0 0.3390625 0.91875 0.078125 0.08125
0 0.05 0.03515625 0.078125 0.0671875
0 0.3984375 0.96484375 0.06875 0.0515625
0 0.965625 0.578125 0.059375 0.075
0 0.40625 0.8453125 0.05625 0.0625
0 0.96328125 0.2640625 0.0640625 0.075
0 0.64609375 0.8515625 0.1015625 0.084375
0 0.265625 0.12109375 0.0625 0.0640625
0 0.2484375 0.25390625 0.075 0.0671875
0 0.8109375 0.76875 0.078125 0.08125
0 0.846875 0.9515625 0.10625 0.08125
0 0.8359375 0.6234375 0.075 0.065625
0 0.765625 0.53828125 0.046875 0.0484375
0 0.259375 0.97265625 0.06875 0.0515625
0 0.40390625 0.21328125 0.0484375 0.0734375
0 0.33984375 0.65078125 0.0828125 0.0484375
0 0.10234375 0.5359375 0.0640625 0.071875
