0 0.8109375 0.81171875 0.0625 0.0578125
0 0.1453125 0.33984375 0.109375 0.0953125
0 0.1609375 0.23203125 0.071875 0.0640625
0 0.134375 0.84140625 0.103125 0.0890625
0 0.20234375 0.4953125 0.0796875 0.065625
0 0.81796875 0.646875 0.0796875 0.065625
0 0.153125 0.70234375 0.0875 0.0796875
0 0.1359375 0.13125 0.078125 0.071875
0 0.8359375 0.50390625 0.071875 0.0609375
0 0.80859375 0.15078125 0.1046875 0.0953125
0 0.6765625 0.3359375 0.08125 0.065625
0 0.82265625 0.740625 0.0921875 0.06875
0 0.86328125 0.96328125 0.0703125 0.0546875
0 0.815625 0.92421875 0.084375 0.0671875
0 0.72890625 0.92265625 0.0609375 0.0578125
0 0.78671875 0.05234375 0.0734375 0.0609375
0 0.64921875 0.24296875 0.0703125 0.0734375
0 0.68359375 0.82734375 0.0859375 0.0796875
0 0.68515625 0.5125 0.0703125 0.0625
0 0.81484375 0.31796875 0.0703125 0.0578125
0 0.67421875 0.428125 0.0671875 0.071875
0 0.81171875 0.43125 0.0609375 0.059375
0 0.63359375 0.034375 0.0890625 0.059375
0 0.703125 0.746875 0.090625 0.08125
0 0.17421875 0.94609375 0.1046875 0.0671875
0 0.13828125 0.5875 0.0953125 0.084375
0 0.2046875 0.0703125 0.06875 0.06875
0 0.640625 0.18125 0.065625 0.071875
