0 0.66171875 0.12734375 0.0546875 0.0546875
0 0.928125 0.20625 0.05625 0.046875
0 0.703125 0.33515625 0.0625 0.0578125
0 0.0796875 0.97109375 0.065625 0.0453125
0 0.21171875 0.5375 0.1109375 0.09375
0 0.05390625 0.73671875 0.0671875 0.0609375
0 0.034375 0.65078125 0.0625 0.0578125
0 0.39765625 0.45625 0.0953125 0.0875
0 0.29765625 0.9078125 0.0828125 0.078125
0 0.0671875 0.8671875 0.0875 0.078125
0 0.6859375 0.03125 0.084375 0.0625
0 0.2453125 0.24921875 0.078125 0.0796875
0 0.4171875 0.78828125 0.09375 0.0828125
0 0.33828125 0.05703125 0.0890625 0.0671875
0 0.58671875 0.0375 0.0734375 0.0625
0 0.25 0.83125 0.090625 0.071875
0 0.9578125 0.49453125 0.06875 0.0609375
0 0.3859375 0.23203125 0.103125 0.0890625
0 0.57421875 0.6671875 0.0890625 0.075
0 0.7171875 0.43125 0.090625 0.08125
0 0.76640625 0.64765625 0.0859375 0.0671875
0 0.596875 0.33203125 0.0875 0.0734375
0 0.6796875 0.56953125 0.090625 0.0734375
0 0.88984375 0.5546875 0.0859375 0.071875
0 0.7125 0.165625 0.078125 0.071875
0 0.203125 0.0296875 0.090625 0.059375
0 0.253125 0.37109375 0.1 0.0828125
0 0.7421875 0.903125 0.06875 0.059375
0 0.5859375 0.125 0.090625 0.08125
0 0.59765625 0.20078125 0.0921875 0.0765625
0 0.7640625 0.7125 0.1 0.084375
0 0.74296875 0.80234375 0.0671875 0.0671875
0 0.575 0.75859375 0.078125 0.0734375
0 0.9234375 0.271875 0.084375 0.08125
0 0.94375 0.03671875 0.08125 0.0703125
0 0.76484375 0.52109375 0.0671875 0.0640625
0 0.36875 0.12890625 0.06875 0.0703125
0 0.60546875 0.459375 0.0765625 0.065625
0 0.57578125 0.87890625 0.0703125 0.0734375
0 0.42109375 0.9546875 0.0703125 0.05625
0 0.7 0.27421875 0.075 0.0640625
0 0.89921875 0.3921875 0.0734375 0.06875
0 0.2203125 0.4203125 0.084375 0.06875
0 0.9703125 0.7828125 0.053125 0.0625
0 0.26875 0.73203125 0.10625 0.0953125
0 0.1859375 0.11484375 0.1125 0.1046875
0 0.6140625 0.9578125 0.09375 0.075
0 0.35703125 0.5875 0.0953125 0.0875
