0 0.7078125 0.940625 0.0875 0.090625
0 0.959375 0.7375 0.06875 0.071875
0 0.1109375 0.84765625 0.0875 0.0734375
0 0.91328125 0.2390625 0.0921875 0.078125
0 0.10859375 0.9390625 0.0984375 0.08125
0 0.11640625 0.03984375 0.0765625 0.0609375
0 0.25859375 0.08515625 0.0796875 0.0703125
0 0.6828125 0.51953125 0.1 0.0953125
0 0.25625 0.32109375 0.084375 0.0734375
0 0.690625 0.78828125 0.096875 0.0796875
0 0.68828125 0.31328125 0.0796875 0.0734375
0 0.8890625 0.35859375 0.08125 0.0640625
0 0.284375 0.2375 0.08125 0.075
0 0.08515625 0.128125 0.0890625 0.084375
0 0.4890625 0.7265625 0.084375 0.071875
0 0.53359375 0.1546875 0.0890625 0.084375
0 0.94296875 0.45625 0.0828125 0.075
0 0.5171875 0.80625 0.096875 0.071875
0 0.08671875 0.3390625 0.0921875 0.078125
0 0.88515625 0.94296875 0.0921875 0.0828125
0 0.9203125 0.825 0.084375 0.071875
0 0.2765625 0.63203125 0.09375 0.0953125
0 0.90546875 0.51015625 0.0796875 0.0609375
0 0.51015625 0.30546875 0.0671875 0.0640625
0 0.515625 0.5421875 0.078125 0.06875
0 0.53203125 0.47421875 0.0578125 0.0609375
0 0.15703125 0.23125 0.0859375 0.078125
0 0.69765625 0.221875 0.0828125 0.065625
0 0.275 0.39765625 0.0875 0.0828125
0 0.2515625 0.48828125 0.084375 0.0828125
0 0.5265625 0.36796875 0.090625 0.0796875
0 0.26640625 0.75546875 0.0953125 0.0921875
0 0.93046875 0.13828125 0.0640625 0.0671875
0 0.6421875 0.6359375 0.096875 0.084375
0 0.6859375 0.13203125 0.078125 0.0703125
0 0.5328125 0.6328125 0.084375 0.06875
0 0.303125 0.834375 0.090625 0.075
0 0.09296875 0.4953125 0.0703125 0.071875
0 0.2921875 0.12890625 0.08125 0.0640625
0 0.25234375 0.88203125 0.0734375 0.0671875
0 0.671875 0.70234375 0.090625 0.0765625
0 0.13203125 0.59765625 0.0921875 0.0859375
0 0.55078125 0.24375 0.0765625 0.065625
0 0.25546875 0.021875 0.0734375 0.04375
0 0.0875 0.74140625 0.071875 0.0734375
0 0.4984375 0.08515625 0.06875 0.0703125
0 0.6921875 0.39765625 0.065625 0.0734375
0 0.3328125 0.5640625 0.0625 0.0625
0 0.90703125 0.64921875 0.0921875 0.0859375
0 0.52265625 0.94765625 0.1046875 0.0859375
