0 0.58984375 0.39375 0.0546875 0.05
0 0.96640625 0.76015625 0.0546875 0.0515625
0 0.3375 0.696875 0.059375 0.05
0 0.9484375 0.63125 0.090625 0.090625
0 0.1625 0.46796875 0.0875 0.0765625
0 0.10234375 0.740625 0.0734375 0.0625
0 0.03046875 0.734375 0.0578125 0.071875
0 0.03125 0.25546875 0.059375 0.0640625
0 0.06875 0.9328125 0.096875 0.09375
0 0.21953125 0.6109375 0.1046875 0.103125
0 0.03828125 0.16796875 0.0765625 0.0765625
0 0.63125 0.93359375 0.06875 0.0640625
0 0.903125 0.028125 0.078125 0.05625
0 0.23125 0.2328125 0.10625 0.0875
0 0.7484375 0.9484375 0.06875 0.071875
0 0.88046875 0.1046875 0.1046875 0.096875
0 0.3359375 0.8890625 0.0875 0.06875
0 0.4 0.77421875 0.09375 0.1015625
0 0.74375 0.83046875 0.065625 0.0640625
0 0.1859375 0.5390625 0.096875 0.078125
0 0.5859375 0.7625 0.06875 0.071875
0 0.3484375 0.3921875 0.09375 0.09375
0 0.9359375 0.4453125 0.0875 0.071875
0 0.3375 0.28046875 0.10625 0.0890625
0 0.39296875 0.24296875 0.0765625 0.0734375
0 0.93125 0.35859375 0.078125 0.0765625
0 0.35390625 0.0875 0.1140625 0.09375
0 0.3546875 0.56015625 0.115625 0.1140625
0 0.45078125 0.86796875 0.0703125 0.0609375
0 0.203125 0.1 0.09375 0.0875
0 0.94296875 0.5171875 0.0796875 0.075
0 0.6296875 0.45 0.06875 0.06875
0 0.96953125 0.80703125 0.0546875 0.0765625
0 0.88515625 0.51484375 0.0734375 0.0640625
0 0.31015625 0.65625 0.0671875 0.05625
0 0.70703125 0.2875 0.0703125 0.065625
0 0.17890625 0.3328125 0.0828125 0.065625
0 0.04921875 0.34375 0.0796875 0.084375
0 0.7109375 0.62734375 0.065625 0.0484375
0 0.41015625 0.93671875 0.1265625 0.0984375
0 0.246875 0.91484375 0.1125 0.1015625
0 0.3265625 0.1578125 0.103125 0.084375
0 0.2625 0.778125 0.103125 0.09375
0 0.63515625 0.25625 0.0640625 0.06875
