0 0.20390625 0.01796875 0.0703125 0.0328125
0 0.028125 0.7796875 0.053125 0.059375
0 0.03046875 0.259375 0.0578125 0.075
0 0.02890625 0.05390625 0.0546875 0.0609375
0 0.278125 0.128125 0.071875 0.059375
0 0.296875 0.9140625 0.065625 0.0625
0 0.70859375 0.07109375 0.0734375 0.0640625
0 0.26640625 0.77109375 0.0703125 0.0671875
0 0.24609375 0.3078125 0.0640625 0.059375
0 0.5296875 0.25625 0.065625 0.05625
0 0.6796875 0.3234375 0.0625 0.059375
0 0.546875 0.09453125 0.071875 0.0640625
0 0.73046875 0.234375 0.0609375 0.05625
0 0.56328125 0.4390625 0.0734375 0.06875
0 0.05234375 0.959375 0.0640625 0.05625
0 0.91171875 0.396875 0.0796875 0.090625
0 0.24375 0.37265625 0.059375 0.0546875
0 0.74296875 0.75703125 0.0828125 0.0796875
0 0.965625 0.71796875 0.059375 0.0609375
0 0.56484375 0.1671875 0.0578125 0.053125
0 0.2390625 0.453125 0.065625 0.053125
0 0.7609375 0.9546875 0.096875 0.08125
0 0.73828125 0.46171875 0.0421875 0.0515625
0 0.171875 0.91484375 0.06875 0.0484375
0 0.1796875 0.97890625 0.05 0.0421875
0 0.7703125 0.87578125 0.0625 0.0671875
0 0.96875 0.9140625 0.046875 0.05
