0 0.0203125 0.1109375 0.0375 0.059375
0 0.1515625 0.06015625 0.053125 0.0515625
0 0.0234375 0.546875 0.04375 0.040625
0 0.9125 0.15390625 0.090625 0.0734375
0 0.7015625 0.49765625 0.115625 0.0890625
0 0.91796875 0.35546875 0.0828125 0.0828125
0 0.74375 0.5765625 0.0875 0.071875
0 0.69765625 0.2296875 0.0921875 0.096875
0 0.0359375 0.0390625 0.06875 0.059375
0 0.809375 0.875 0.084375 0.075
0 0.3359375 0.3625 0.1125 0.10625
0 0.7359375 0.90078125 0.084375 0.0765625
0 0.45703125 0.3515625 0.0859375 0.084375
0 0.0296875 0.2515625 0.05625 0.059375
0 0.30234375 0.13828125 0.0765625 0.0703125
0 0.91484375 0.871875 0.0765625 0.071875
0 0.90078125 0.6125 0.0828125 0.08125
0 0.4640625 0.24609375 0.059375 0.0578125
0 0.73984375 0.1296875 0.0828125 0.059375
0 0.91328125 0.53671875 0.0734375 0.0671875
0 0.88984375 0.028125 0.0953125 0.053125
0 0.22734375 0.9484375 0.0703125 0.05625
0 0.15546875 0.97265625 0.0859375 0.0546875
0 0.51484375 0.92578125 0.0984375 0.0859375
0 0.325 0.059375 0.059375 0.059375
0 0.4953125 0.065625 0.06875 0.059375
0 0.06015625 0.9265625 0.0703125 0.0625
0 0.41796875 0.1953125 0.0765625 0.075
0 0.0515625 0.4921875 0.084375 0.0625
0 0.1484375 0.37265625 0.0625 0.0359375
0 0.36328125 0.1328125 0.0609375 0.059375
0 0.83125 0.37109375 0.065625 0.0828125
0 0.72265625 0.41328125 0.0828125 0.0890625
0 0.73671875 0.05 0.1078125 0.071875
0 0.1453125 0.49609375 0.05625 0.0609375
0 0.19375 0.62734375 0.059375 0.0640625
