0 0.56953125 0.69375 0.0578125 0.053125
0 0.02578125 0.0921875 0.0484375 0.059375
0 0.79921875 0.61171875 0.1078125 0.0890625
0 0.74609375 0.3 0.0765625 0.06875
0 0.73828125 0.18828125 0.0921875 0.0828125
0 0.57734375 0.5390625 0.0859375 0.084375
0 0.5703125 0.34765625 0.071875 0.0578125
0 0.359375 0.46015625 0.0875 0.0828125
0 0.7796875 0.89609375 0.1 0.1046875
0 0.3859375 0.81328125 0.10625 0.0890625
0 0.38359375 0.14921875 0.0828125 0.0734375
0 0.9421875 0.79609375 0.078125 0.0703125
0 0.38671875 0.36953125 0.0890625 0.0765625
0 0.72109375 0.0984375 0.0953125 0.0875
0 0.85078125 0.8328125 0.0671875 0.0625
0 0.5765625 0.80078125 0.096875 0.0828125
0 0.78671875 0.51875 0.0765625 0.078125
0 0.69921875 0.03125 0.0734375 0.059375
0 0.57734375 0.95703125 0.0890625 0.0734375
0 0.8375 0.76171875 0.075 0.0671875
0 0.884375 0.25234375 0.075 0.0703125
0 0.60625 0.871875 0.084375 0.071875
0 0.5703125 0.62734375 0.084375 0.0765625
0 0.40078125 0.9046875 0.0890625 0.06875
0 0.89140625 0.16953125 0.0890625 0.0828125
0 0.44140625 0.9390625 0.0796875 0.065625
0 0.40859375 0.2703125 0.0703125 0.065625
0 0.79921875 0.4109375 0.0796875 0.059375
0 0.76640625 0.3578125 0.0765625 0.06875
0 0.77265625 0.68828125 0.0765625 0.0703125
0 0.1703125 0.221875 0.071875 0.06875
0 0.47578125 0.07109375 0.0640625 0.0640625
0 0.571875 0.42734375 0.078125 0.0765625
0 0.34609375 0.06484375 0.0796875 0.0609375
0 0.36953125 0.7375 0.0703125 0.078125
0 0.3828125 0.61875 0.128125 0.1
0 0.9015625 0.03828125 0.09375 0.0734375
0 0.196875 0.84453125 0.11875 0.0703125
0 0.1484375 0.95546875 0.084375 0.0671875
0 0.90546875 0.41640625 0.0421875 0.0421875
