0 0.7109375 0.7671875 0.05625 0.053125
0 0.734375 0.97734375 0.053125 0.0359375
0 0.8703125 0.97578125 0.05 0.0359375
0 0.878125 0.8609375 0.059375 0.053125
0 0.06875 0.19375 0.05625 0.05
0 0.37578125 0.82109375 0.1078125 0.0859375
0 0.11875 0.65859375 0.0875 0.0765625
0 0.09453125 0.028125 0.0640625 0.053125
0 0.53515625 0.66953125 0.0890625 0.0703125
0 0.56796875 0.9578125 0.0734375 0.059375
0 0.096875 0.75546875 0.084375 0.0609375
0 0.82265625 0.0296875 0.0890625 0.05625
0 0.1578125 0.878125 0.084375 0.08125
0 0.8796875 0.53125 0.08125 0.075
0 0.83671875 0.609375 0.0828125 0.06875
0 0.56015625 0.7875 0.0890625 0.121875
0 0.10703125 0.81640625 0.0828125 0.0734375
0 0.5515625 0.5578125 0.078125 0.078125
0 0.86484375 0.74921875 0.0734375 0.0796875
0 0.359375 0.96796875 0.06875 0.0484375
0 0.72734375 0.85390625 0.0609375 0.0546875
0 0.7375 0.66796875 0.075 0.0859375
0 0.865625 0.26640625 0.06875 0.0703125
0 0.7453125 0.57578125 0.065625 0.0609375
0 0.4078125 0.628125 0.08125 0.08125
0 0.8171875 0.09921875 0.075 0.0578125
0 0.815625 0.1734375 0.084375 0.06875
0 0.32421875 0.08515625 0.0640625 0.0578125
0 0.86875 0.66328125 0.06875 0.0703125
0 0.325 0.8546875 0.0625 0.065625
0 0.8453125 0.92890625 0.0625 0.0515625
0 0.371875 0.51796875 0.075 0.0609375
0 0.7421875 0.321875 0.078125 0.078125
0 0.475 0.0921875 0.078125 0.071875
0 0.8375 0.27734375 0.10625 0.0921875
0 0.07890625 0.2296875 0.0734375 0.06875
0 0.38203125 0.57734375 0.0671875 0.0609375
0 0.34296875 0.703125 0.0828125 0.09375
0 0.103125 0.50546875 0.096875 0.0890625
0 0.71875 0.9375 0.059375 0.053125
0 0.8140625 0.3515625 0.05 0.065625
0 0.340625 0.18515625 0.040625 0.0453125
0 0.51171875 0.27890625 0.0546875 0.0515625
