0 0.54453125 0.97734375 0.0546875 0.0359375
0 0.8546875 0.69375 0.065625 0.059375
0 0.5375 0.771875 0.05625 0.05625
0 0.33515625 0.1015625 0.1171875 0.09375
0 0.14140625 0.78671875 0.0984375 0.1046875
0 0.75859375 0.0625 0.1015625 0.08125
0 0.10546875 0.178125 0.1046875 0.084375
0 0.1203125 0.3484375 0.103125 0.096875
0 0.3890625 0.76015625 0.06875 0.0671875
0 0.48125 0.08828125 0.1 0.0953125
0 0.38203125 0.91484375 0.0859375 0.0953125
0 0.76796875 0.70625 0.0953125 0.071875
0 0.48046875 0.02265625 0.0671875 0.0453125
0 0.571875 0.309375 0.078125 0.06875
0 0.5328125 0.86484375 0.0625 0.0609375
0 0.19375 0.684375 0.06875 0.0625
0 0.39296875 0.22421875 0.0765625 0.0734375
0 0.7921875 0.55625 0.071875 0.06875
0 0.6515625 0.28515625 0.0625 0.0609375
0 0.1546875 0.88125 0.078125 0.065625
0 0.36328125 0.1703125 0.0671875 0.05625
0 0.52421875 0.63515625 0.0578125 0.0671875
0 0.7875 0.9296875 0.075 0.08125
0 0.85 0.625 0.075 0.08125
0 0.87734375 0.9484375 0.0765625 0.06875
0 0.5234375 0.31875 0.078125 0.078125
0 0.1 0.03671875 0.059375 0.0515625
0 0.753125 0.184375 0.078125 0.078125
0 0.15234375 0.928125 0.0703125 0.0625
0 0.321875 0.34296875 0.078125 0.0640625
0 0.52578125 0.1953125 0.0671875 0.06875
0 0.1015625 0.259375 0.090625 0.078125
0 0.76015625 0.78515625 0.1046875 0.0921875
