0 0.109375 0.5234375 0.05625 0.053125
0 0.46953125 0.2125 0.0546875 0.059375
0 0.10078125 0.7140625 0.0546875 0.059375
0 0.45703125 0.07890625 0.0578125 0.0515625
0 0.48828125 0.85 0.0578125 0.053125
0 0.83203125 0.91328125 0.0578125 0.0453125
0 0.97890625 0.15234375 0.0359375 0.0453125
0 0.778125 0.3328125 0.103125 0.08125
0 0.10078125 0.28984375 0.0859375 0.0703125
0 0.12109375 0.64453125 0.0890625 0.0828125
0 0.75078125 0.2 0.0734375 0.059375
0 0.48203125 0.74375 0.0890625 0.075
0 0.06328125 0.4890625 0.0640625 0.059375
0 0.7921875 0.49375 0.09375 0.084375
0 0.096875 0.39765625 0.08125 0.0765625
0 0.32265625 0.1328125 0.0609375 0.053125
0 0.834375 0.83984375 0.06875 0.0671875
0 0.8125 0.57578125 0.071875 0.0671875
0 0.83125 0.6515625 0.075 0.08125
0 0.3046875 0.81171875 0.090625 0.0734375
0 0.48828125 0.31953125 0.0671875 0.0640625
0 0.0625 0.11640625 0.075 0.0796875
0 0.0359375 0.03828125 0.0625 0.0671875
0 0.309375 0.05234375 0.06875 0.0671875
0 0.46796875 0.62578125 0.0640625 0.0703125
0 0.7875 0.11796875 0.075 0.0578125
0 0.4765625 0.53046875 0.05625 0.0640625
0 0.8203125 0.73125 0.08125 0.065625
0 0.30703125 0.4890625 0.0859375 0.071875
0 0.303125 0.6515625 0.109375 0.109375
0 0.09296875 0.94921875 0.0703125 0.0546875
0 0.346875 0.94140625 0.0625 0.0578125
0 0.484375 0.98203125 0.046875 0.0359375
