0 0.765625 0.2234375 0.103125 0.08125
0 0.89140625 0.90234375 0.1078125 0.0828125
0 0.06640625 0.696875 0.0890625 0.078125
0 0.7484375 0.6640625 0.109375 0.0875
0 0.94765625 0.71171875 0.0859375 0.0890625
0 0.14765625 0.8625 0.0859375 0.06875
0 0.95625 0.81640625 0.075 0.0734375
0 0.70859375 0.0296875 0.0890625 0.059375
0 0.90859375 0.27578125 0.1046875 0.0859375
0 0.9015625 0.6265625 0.103125 0.0875
0 0.25234375 0.6328125 0.0953125 0.075
0 0.484375 0.7703125 0.08125 0.071875
0 0.83984375 0.078125 0.0796875 0.071875
0 0.24609375 0.8109375 0.0734375 0.065625
0 0.7859375 0.75703125 0.121875 0.0859375
0 0.7546875 0.3296875 0.09375 0.08125
0 0.25546875 0.7453125 0.0828125 0.06875
0 0.41640625 0.08125 0.1046875 0.06875
0 0.415625 0.23984375 0.103125 0.0953125
0 0.20234375 0.8953125 0.1140625 0.103125
0 0.05625 0.3890625 0.103125 0.096875
0 0.10234375 0.775 0.1265625 0.084375
