0 0.7359375 0.9625 0.059375 0.053125
0 0.82421875 0.74140625 0.0546875 0.0484375
0 0.1984375 0.921875 0.05625 0.05625
0 0.0265625 0.93125 0.05 0.053125
0 0.31484375 0.3015625 0.0640625 0.053125
0 0.70703125 0.81171875 0.0515625 0.0515625
0 0.0265625 0.6234375 0.05 0.065625
0 0.81953125 0.8265625 0.0859375 0.075
0 0.815625 0.25390625 0.078125 0.0890625
0 0.8171875 0.5734375 0.08125 0.0875
0 0.10234375 0.325 0.0984375 0.08125
0 0.16875 0.63359375 0.090625 0.0734375
0 0.81640625 0.09296875 0.0828125 0.0734375
0 0.884375 0.6390625 0.071875 0.0625
0 0.50390625 0.26328125 0.0921875 0.0734375
0 0.33671875 0.18046875 0.0703125 0.0703125
0 0.20703125 0.80546875 0.0796875 0.0765625
0 0.1078125 0.0234375 0.071875 0.04375
0 0.86328125 0.88515625 0.0640625 0.0671875
0 0.1328125 0.22109375 0.090625 0.0859375
0 0.103125 0.11015625 0.084375 0.0796875
0 0.9015625 0.98515625 0.053125 0.0296875
0 0.4765625 0.0953125 0.0375 0.0625
