0 0.54140625 0.13828125 0.0546875 0.0515625
0 0.665625 0.89921875 0.05625 0.0515625
0 0.84609375 0.50625 0.0546875 0.04375
0 0.8453125 0.2609375 0.053125 0.053125
0 0.6609375 0.01953125 0.06875 0.0359375
0 0.4921875 0.55625 0.05625 0.053125
0 0.81796875 0.4671875 0.0734375 0.065625
0 0.8171875 0.82734375 0.09375 0.0859375
0 0.83515625 0.57421875 0.1015625 0.0921875
0 0.51640625 0.7484375 0.0640625 0.0625
0 0.26484375 0.45234375 0.1078125 0.0921875
0 0.27265625 0.35859375 0.0890625 0.0703125
0 0.54609375 0.91953125 0.0796875 0.0765625
0 0.38359375 0.1203125 0.0859375 0.078125
0 0.31328125 0.6375 0.1046875 0.0875
0 0.5328125 0.6625 0.084375 0.078125
0 0.54609375 0.19453125 0.0796875 0.0703125
0 0.790625 0.346875 0.1 0.090625
0 0.1140625 0.30078125 0.115625 0.0984375
0 0.546875 0.54765625 0.075 0.0640625
0 0.540625 0.45234375 0.075 0.0671875
0 0.85546875 0.10703125 0.0984375 0.0828125
0 0.28984375 0.2578125 0.0921875 0.075
0 0.4921875 0.3421875 0.075 0.0625
0 0.06875 0.40703125 0.109375 0.0921875
0 0.828125 0.9375 0.075 0.075
0 0.4609375 0.13203125 0.08125 0.0828125
0 0.8453125 0.4109375 0.071875 0.059375
0 0.278125 0.55703125 0.08125 0.0796875
0 0.17421875 0.16796875 0.0890625 0.0765625
0 0.0984375 0.8984375 0.10625 0.090625
0 0.94609375 0.33828125 0.0828125 0.0953125
0 0.87734375 0.21796875 0.0796875 0.0703125
0 0.509375 0.84609375 0.075 0.0640625
0 0.12734375 0.94765625 0.0796875 0.0671875
0 0.1328125 0.803125 0.09375 0.084375
0 0.96328125 0.68046875 0.0703125 0.0859375
0 0.11796875 0.43359375 0.0828125 0.0765625
0 0.3015625 0.871875 0.096875 0.084375
0 0.28125 0.69375 0.084375 0.065625
0 0.6765625 0.39375 0.06875 0.065625
0 0.96640625 0.81953125 0.0609375 0.0703125
0 0.2859375 0.78671875 0.121875 0.1015625
0 0.10078125 0.5703125 0.1234375 0.103125
0 0.26171875 0.9453125 0.1078125 0.090625
0 0.1125 0.71328125 0.103125 0.0859375
0 0.15625 0.0921875 0.109375 0.0875
0 0.15625 0.02421875 0.0875 0.0453125
0 0.59140625 0.0859375 0.0640625 0.078125
0 0.54296875 0.26640625 0.0765625 0.0703125
0 0.63125 0.978125 0.09375 0.04375
0 0.81015625 0.66796875 0.0328125 0.0359375
