0 0.096875 0.07109375 0.0625 0.0546875
0 0.08984375 0.2328125 0.0546875 0.05
0 0.55 0.134375 0.059375 0.059375
0 0.27421875 0.28203125 0.0609375 0.0578125
0 0.09140625 0.96796875 0.0609375 0.0515625
0 0.94765625 0.03046875 0.0734375 0.0578125
0 0.80625 0.66953125 0.084375 0.0703125
0 0.2984375 0.7203125 0.065625 0.059375
0 0.26484375 0.390625 0.0640625 0.0625
0 0.90078125 0.9375 0.0765625 0.065625
0 0.54765625 0.86796875 0.0609375 0.0578125
0 0.26796875 0.05078125 0.0703125 0.0578125
0 0.47890625 0.77578125 0.0828125 0.0828125
0 0.92421875 0.13359375 0.0671875 0.0578125
0 0.2765625 0.11484375 0.075 0.0609375
0 0.109375 0.14296875 0.05625 0.0578125
0 0.4734375 0.62421875 0.078125 0.0765625
0 0.26640625 0.91953125 0.0953125 0.0796875
0 0.3265625 0.221875 0.0625 0.05625
0 0.11171875 0.3046875 0.0703125 0.065625
0 0.76640625 0.08515625 0.0734375 0.0671875
0 0.77109375 0.2421875 0.0578125 0.059375
0 0.77265625 0.33203125 0.0609375 0.0671875
0 0.1265625 0.19921875 0.059375 0.0515625
0 0.79375 0.7640625 0.0625 0.05625
0 0.1078125 0.36953125 0.0625 0.0578125
0 0.45546875 0.14296875 0.0734375 0.0765625
0 0.95859375 0.8359375 0.0671875 0.090625
0 0.9671875 0.76953125 0.065625 0.0921875
0 0.575 0.7859375 0.040625 0.05625
0 0.5890625 0.06484375 0.0625 0.0546875
0 0.45078125 0.0640625 0.0546875 0.0625
