0 0.3515625 0.18046875 0.05 0.0546875
0 0.97578125 0.46484375 0.0453125 0.0515625
0 0.42265625 0.96328125 0.0640625 0.0515625
0 0.40703125 0.846875 0.0578125 0.05
0 0.30703125 0.0765625 0.0640625 0.05625
0 0.05390625 0.66328125 0.0765625 0.0671875
0 0.16015625 0.03125 0.0796875 0.059375
0 0.709375 0.4578125 0.1 0.084375
0 0.1375 0.5234375 0.109375 0.0875
0 0.7296875 0.1484375 0.08125 0.065625
0 0.4015625 0.78515625 0.071875 0.0640625
0 0.17578125 0.6203125 0.1015625 0.08125
0 0.95 0.39921875 0.09375 0.0859375
0 0.5796875 0.6359375 0.1 0.09375
0 0.746875 0.60546875 0.1 0.0796875
0 0.34453125 0.66953125 0.1109375 0.0921875
0 0.40234375 0.9046875 0.0765625 0.075
0 0.74765625 0.528125 0.0703125 0.059375
0 0.3375 0.52890625 0.075 0.0703125
0 0.94296875 0.62109375 0.0703125 0.0609375
0 0.58984375 0.8171875 0.0765625 0.065625
0 0.6328125 0.93828125 0.09375 0.0890625
0 0.1234375 0.19921875 0.09375 0.0859375
0 0.76171875 0.88125 0.0921875 0.090625
0 0.390625 0.6953125 0.08125 0.071875
0 0.1890625 0.953125 0.084375 0.071875
0 0.16640625 0.11015625 0.0671875 0.0578125
0 0.53671875 0.06953125 0.0640625 0.0578125
0 0.5921875 0.140625 0.071875 0.0625
0 0.890625 0.88046875 0.078125 0.0734375
0 0.33671875 0.82578125 0.0765625 0.0765625
0 0.74296875 0.73515625 0.0796875 0.0796875
0 0.884375 0.69140625 0.075 0.0671875
0 0.86640625 0.1390625 0.0671875 0.05625
0 0.32890625 0.0828125 0.0734375 0.059375
0 0.9390625 0.84765625 0.0625 0.0734375
0 0.74921875 0.7109375 0.0671875 0.06875
0 0.20703125 0.8515625 0.0921875 0.08125
0 0.17109375 0.78828125 0.0953125 0.0859375
0 0.16875 0.6890625 0.059375 0.059375
