0 0.50546875 0.559375 0.0609375 0.05625
0 0.125 0.46953125 0.0625 0.0671875
0 0.775 0.61015625 0.06875 0.0609375
0 0.17109375 0.76015625 0.0921875 0.0828125
0 0.03203125 0.37734375 0.0609375 0.0671875
0 0.1359375 0.8734375 0.08125 0.071875
0 0.11953125 0.59609375 0.0796875 0.0703125
0 0.08984375 0.05234375 0.0765625 0.0703125
0 0.07578125 0.4796875 0.0828125 0.08125
0 0.0515625 0.19765625 0.06875 0.0734375
0 0.95859375 0.03828125 0.0734375 0.0734375
0 0.7515625 0.18359375 0.084375 0.0828125
0 0.078125 0.32109375 0.071875 0.0765625
0 0.69609375 0.1265625 0.0859375 0.071875
0 0.7734375 0.521875 0.084375 0.08125
0 0.78984375 0.6765625 0.0828125 0.1
0 0.040625 0.02890625 0.065625 0.0546875
0 0.78125 0.36484375 0.084375 0.0765625
0 0.81328125 0.94296875 0.0703125 0.0765625
0 0.1390625 0.971875 0.0625 0.05
0 0.8203125 0.7578125 0.071875 0.075
0 0.95859375 0.11328125 0.0703125 0.0796875
0 0.4578125 0.3328125 0.096875 0.06875
0 0.70625 0.30390625 0.071875 0.0859375
0 0.471875 0.16640625 0.06875 0.0609375
0 0.4328125 0.090625 0.078125 0.0625
0 0.31015625 0.67265625 0.0546875 0.0546875
0 0.48515625 0.63515625 0.0515625 0.0515625
0 0.66875 0.78203125 0.078125 0.0609375
0 0.140625 0.66953125 0.053125 0.0484375
0 0.3328125 0.50390625 0.04375 0.0546875
0 0.32421875 0.325 0.0484375 0.053125
0 0.31171875 0.1859375 0.0484375 0.046875
0 0.29765625 0.1109375 0.0484375 0.053125
0 0.87421875 0.9609375 0.0546875 0.0625
0 0.70078125 0.52578125 0.0828125 0.0796875
0 0.68359375 0.46328125 0.0609375 0.0640625
0 0.440625 0.40703125 0.06875 0.0609375
0 0.971875 0.328125 0.053125 0.053125
0 0.79375 0.28828125 0.05625 0.0546875
0 0.29375 0.5578125 0.040625 0.040625
0 0.41015625 0.53828125 0.0484375 0.0515625
0 0.325 0.421875 0.0625 0.053125
0 0.2265625 0.4328125 0.05 0.03125
0 0.69921875 0.884375 0.0578125 0.059375
0 0.6671875 0.9609375 0.08125 0.0625
0 0.76171875 0.08203125 0.0703125 0.0484375
0 0.70625 0.03828125 0.059375 0.0546875
0 0.34609375 0.9625 0.0640625 0.046875
0 0.3796875 0.7890625 0.05625 0.05
0 0.3921875 0.2734375 0.0375 0.04375
0 0.43359375 0.27734375 0.0296875 0.0296875
