0 0.96953125 0.05703125 0.0515625 0.0578125
0 0.1359375 0.265625 0.059375 0.053125
0 0.2953125 0.5515625 0.10625 0.090625
0 0.7921875 0.48828125 0.103125 0.0984375
0 0.3 0.76953125 0.109375 0.0953125
0 0.1 0.403125 0.08125 0.065625
0 0.64609375 0.696875 0.1015625 0.10625
0 0.3125 0.1921875 0.09375 0.071875
0 0.72421875 0.8265625 0.1078125 0.090625
0 0.1375 0.4875 0.08125 0.090625
0 0.0828125 0.62109375 0.075 0.0734375
0 0.81015625 0.23203125 0.0828125 0.0765625
0 0.29296875 0.1125 0.1046875 0.08125
0 0.7796875 0.1078125 0.084375 0.06875
0 0.6546875 0.0953125 0.06875 0.06875
0 0.1171875 0.88046875 0.1125 0.0859375
0 0.37578125 0.83046875 0.0859375 0.0703125
0 0.3375 0.278125 0.084375 0.078125
0 0.62421875 0.0296875 0.0734375 0.05625
0 0.7875 0.0359375 0.06875 0.0625
0 0.83125 0.91640625 0.0875 0.0796875
0 0.83125 0.40390625 0.096875 0.0890625
0 0.3703125 0.6265625 0.090625 0.075
0 0.09453125 0.11796875 0.0859375 0.0734375
0 0.3203125 0.38125 0.090625 0.071875
0 0.96796875 0.828125 0.0578125 0.10625
0 0.61015625 0.2796875 0.0921875 0.084375
0 0.66015625 0.49765625 0.0640625 0.0578125
0 0.07734375 0.96328125 0.0859375 0.0609375
0 0.07578125 0.19375 0.0796875 0.078125
0 0.62421875 0.165625 0.0734375 0.06875
0 0.35703125 0.70390625 0.0734375 0.0671875
0 0.69375 0.77578125 0.0625 0.0453125
0 0.6578125 0.93671875 0.11875 0.0984375
0 0.2953125 0.44140625 0.109375 0.0765625
0 0.61796875 0.38828125 0.1015625 0.0921875
0 0.63828125 0.5671875 0.1078125 0.096875
0 0.2828125 0.93359375 0.109375 0.0890625
0 0.046875 0.0359375 0.053125 0.05625
