0 0.4640625 0.1453125 0.05625 0.05625
0 0.02578125 0.446875 0.0453125 0.04375
0 0.01875 0.02109375 0.034375 0.0390625
0 0.91953125 0.25546875 0.0828125 0.0859375
0 0.0375 0.9046875 0.071875 0.084375
0 0.15703125 0.89609375 0.0890625 0.0859375
0 0.74296875 0.478125 0.0890625 0.075
0 0.0296875 0.15234375 0.05625 0.0609375
0 0.33671875 0.2625 0.1078125 0.10625
0 0.94921875 0.95859375 0.0609375 0.0578125
0 0.9125 0.05390625 0.090625 0.0734375
0 0.6 0.9671875 0.075 0.053125
0 0.39609375 0.903125 0.0796875 0.084375
0 0.51328125 0.825 0.0953125 0.08125
0 0.4578125 0.25078125 0.08125 0.0828125
0 0.06015625 0.8265625 0.0671875 0.059375
0 0.3015625 0.04140625 0.071875 0.0640625
0 0.4046875 0.965625 0.075 0.053125
0 0.41796875 0.096875 0.0796875 0.075
0 0.81015625 0.77421875 0.0828125 0.0765625
0 0.70234375 0.4 0.1046875 0.084375
0 0.69921875 0.1296875 0.0859375 0.090625
0 0.05390625 0.39296875 0.0828125 0.0578125
0 0.9140625 0.7734375 0.075 0.071875
0 0.734375 0.8 0.084375 0.075
0 0.73671875 0.034375 0.0984375 0.05625
0 0.825 0.9546875 0.090625 0.075
0 0.9171875 0.421875 0.084375 0.096875
0 0.8921875 0.51171875 0.05625 0.0765625
0 0.72578125 0.32265625 0.0953125 0.0859375
0 0.825 0.2671875 0.075 0.06875
0 0.8921875 0.1453125 0.10625 0.0875
0 0.23828125 0.85546875 0.0609375 0.0546875
