0 0.5984375 0.7734375 0.09375 0.084375
0 0.64921875 0.86171875 0.0984375 0.0890625
0 0.20390625 0.32890625 0.0890625 0.0859375
0 0.86484375 0.2140625 0.0984375 0.0875
0 0.70625 0.43515625 0.10625 0.0953125
0 0.5046875 0.86640625 0.096875 0.0796875
0 0.41796875 0.2296875 0.1078125 0.1
0 0.40546875 0.765625 0.1078125 0.0875
0 0.85078125 0.10703125 0.0921875 0.0796875
0 0.4203125 0.65390625 0.09375 0.0828125
0 0.425 0.46875 0.103125 0.103125
0 0.4421875 0.553125 0.0875 0.08125
0 0.9671875 0.19921875 0.0625 0.0890625
0 0.5734375 0.56328125 0.075 0.0671875
0 0.85546875 0.54765625 0.0921875 0.0734375
0 0.05 0.56796875 0.075 0.0765625
0 0.5640625 0.2828125 0.078125 0.071875
0 0.54921875 0.45078125 0.0890625 0.0765625
0 0.78046875 0.04140625 0.1078125 0.0765625
0 0.90546875 0.67109375 0.0859375 0.0703125
0 0.09296875 0.77734375 0.0890625 0.0828125
0 0.365625 0.415625 0.08125 0.08125
0 0.55390625 0.084375 0.0796875 0.065625
0 0.85234375 0.6125 0.0859375 0.071875
0 0.21953125 0.81640625 0.0859375 0.0796875
0 0.8375 0.4640625 0.0875 0.071875
0 0.16328125 0.2515625 0.0796875 0.0625
0 0.553125 0.02578125 0.075 0.0515625
0 0.9734375 0.0453125 0.046875 0.065625
0 0.7484375 0.32734375 0.08125 0.0671875
0 0.18359375 0.10703125 0.1203125 0.0953125
0 0.33828125 0.15078125 0.0859375 0.0703125
0 0.6015625 0.403125 0.075 0.065625
0 0.2203125 0.74296875 0.078125 0.0609375
0 0.17734375 0.42109375 0.0828125 0.0765625
0 0.87734375 0.72265625 0.0859375 0.0703125
0 0.5484375 0.3546875 0.0625 0.0625
0 0.4609375 0.71171875 0.065625 0.0671875
0 0.55859375 0.63984375 0.0671875 0.0640625
0 0.97734375 0.52265625 0.0421875 0.0515625
0 0.9734375 0.3390625 0.05 0.05625
0 0.7625 0.09765625 0.05625 0.0546875
0 0.034375 0.42109375 0.06875 0.0796875
0 0.0453125 0.340625 0.04375 0.04375
0 0.03515625 0.1765625 0.0609375 0.053125
0 0.0390625 0.11328125 0.075 0.0609375
0 0.0796875 0.88046875 0.071875 0.0890625
0 0.18984375 0.57734375 0.0671875 0.0609375
0 0.26171875 0.9328125 0.0734375 0.0625
0 0.21640625 0.6421875 0.0734375 0.065625
0 0.3890625 0.31640625 0.06875 0.0765625
0 0.43046875 0.32265625 0.0546875 0.0640625
0 0.375 0.0390625 0.090625 0.059375
0 0.3765625 0.08671875 0.075 0.0515625
0 0.5671875 0.20859375 0.078125 0.0609375
0 0.965625 0.8296875 0.065625 0.090625
