0 0.85703125 0.0671875 0.0890625 0.071875
0 0.20625 0.48671875 0.08125 0.0765625
0 0.4734375 0.73046875 0.1 0.0890625
0 0.89375 0.7046875 0.11875 0.090625
0 0.6171875 0.92734375 0.084375 0.0796875
0 0.596875 0.05859375 0.09375 0.0859375
0 0.590625 0.8515625 0.065625 0.059375
0 0.88671875 0.4109375 0.0765625 0.071875
0 0.45625 0.89765625 0.09375 0.1078125
0 0.11171875 0.75 0.1015625 0.08125
0 0.23515625 0.80078125 0.0703125 0.0734375
0 0.9015625 0.59765625 0.1 0.0828125
0 0.5984375 0.79140625 0.075 0.0703125
0 0.43828125 0.63828125 0.0953125 0.0796875
0 0.890625 0.49375 0.1 0.084375
0 0.9 0.79921875 0.08125 0.0703125
0 0.95234375 0.86796875 0.0734375 0.0734375
0 0.49296875 0.428125 0.1109375 0.090625
0 0.44765625 0.5765625 0.0890625 0.071875
0 0.203125 0.3859375 0.0875 0.075
0 0.6125 0.47109375 0.09375 0.0828125
0 0.890625 0.890625 0.08125 0.075
0 0.56015625 0.553125 0.0703125 0.059375
0 0.90078125 0.95703125 0.0921875 0.0671875
0 0.5953125 0.64453125 0.0875 0.0734375
0 0.465625 0.3625 0.096875 0.075
0 0.653125 0.96015625 0.06875 0.0578125
0 0.58515625 0.390625 0.0765625 0.0625
0 0.46796875 0.07265625 0.0828125 0.0671875
0 0.19375 0.725 0.075 0.071875
0 0.19375 0.09609375 0.065625 0.0609375
0 0.10078125 0.4265625 0.0796875 0.059375
0 0.88203125 0.03125 0.0671875 0.053125
0 0.11796875 0.65 0.0859375 0.065625
0 0.2140625 0.64609375 0.09375 0.0859375
0 0.22578125 0.90390625 0.0828125 0.0765625
0 0.23828125 0.97265625 0.0734375 0.0515625
