0 0.028125 0.5265625 0.053125 0.059375
0 0.653125 0.03046875 0.0625 0.0546875
0 0.03984375 0.0421875 0.0671875 0.046875
0 0.97265625 0.521875 0.0515625 0.06875
0 0.22734375 0.05390625 0.1078125 0.0921875
0 0.2375 0.153125 0.090625 0.078125
0 0.41484375 0.0765625 0.0953125 0.078125
0 0.06171875 0.71796875 0.0890625 0.0734375
0 0.0515625 0.61484375 0.0875 0.0828125
0 0.41953125 0.96484375 0.0890625 0.0640625
0 0.6359375 0.68828125 0.115625 0.1015625
0 0.78359375 0.63203125 0.0828125 0.0859375
0 0.29765625 0.90859375 0.1015625 0.0859375
0 0.9578125 0.84453125 0.075 0.0609375
0 0.0328125 0.17890625 0.0625 0.0734375
0 0.68125 0.9375 0.08125 0.075
0 0.6765625 0.784375 0.08125 0.078125
0 0.41875 0.24140625 0.109375 0.0921875
0 0.66484375 0.5765625 0.1078125 0.096875
0 0.25625 0.2359375 0.11875 0.10625
0 0.96015625 0.6828125 0.0671875 0.078125
0 0.77265625 0.55625 0.0640625 0.071875
0 0.41953125 0.7234375 0.0890625 0.090625
0 0.428125 0.153125 0.090625 0.075
0 0.77265625 0.90546875 0.0796875 0.0796875
0 0.67734375 0.14296875 0.0796875 0.0734375
0 0.971875 0.615625 0.05 0.059375
0 0.053125 0.965625 0.084375 0.059375
0 0.76796875 0.734375 0.0703125 0.084375
0 0.61328125 0.19765625 0.0953125 0.0859375
0 0.63359375 0.509375 0.0859375 0.071875
0 0.2765625 0.709375 0.084375 0.075
0 0.4296875 0.853125 0.125 0.10625
0 0.4234375 0.62265625 0.1 0.0921875
0 0.97265625 0.20234375 0.0515625 0.0640625
0 0.6546875 0.85078125 0.0625 0.0515625
0 0.696875 0.875 0.059375 0.05625
0 0.28046875 0.82890625 0.0703125 0.0734375
0 0.321875 0.790625 0.06875 0.071875
0 0.35 0.72421875 0.05625 0.0671875
0 0.97578125 0.79609375 0.0484375 0.0453125
