0 0.81171875 0.8328125 0.1109375 0.109375
0 0.10234375 0.1140625 0.1171875 0.096875
0 0.334375 0.07890625 0.1125 0.0953125
0 0.39453125 0.3 0.1046875 0.084375
0 0.896875 0.4609375 0.103125 0.084375
0 0.36484375 0.50078125 0.1140625 0.0984375
0 0.390625 0.41171875 0.0875 0.0734375
0 0.35390625 0.6734375 0.1015625 0.0875
0 0.75 0.21796875 0.084375 0.0703125
0 0.1546875 0.2859375 0.078125 0.075
0 0.809375 0.94296875 0.0875 0.0828125
0 0.51875 0.128125 0.09375 0.10625
0 0.38671875 0.184375 0.0953125 0.090625
0 0.1703125 0.51171875 0.084375 0.0828125
0 0.77578125 0.1296875 0.0890625 0.08125
0 0.515625 0.65546875 0.096875 0.0796875
0 0.884375 0.36171875 0.115625 0.0984375
0 0.203125 0.89375 0.090625 0.08125
0 0.49453125 0.028125 0.0828125 0.053125
0 0.5859375 0.95234375 0.075 0.0703125
0 0.8609375 0.63046875 0.1 0.0765625
0 0.75859375 0.37109375 0.1015625 0.0890625
0 0.75390625 0.0421875 0.1015625 0.08125
0 0.8921875 0.54453125 0.096875 0.0890625
0 0.8515625 0.04921875 0.10625 0.0859375
0 0.54609375 0.7515625 0.1078125 0.1125
0 0.07734375 0.95546875 0.0921875 0.0703125
0 0.58828125 0.82890625 0.0921875 0.0828125
0 0.9578125 0.87890625 0.075 0.0828125
0 0.55234375 0.4484375 0.0703125 0.0625
0 0.5296875 0.23203125 0.08125 0.0828125
0 0.1953125 0.78359375 0.1 0.0796875
0 0.0390625 0.53046875 0.075 0.0765625
0 0.85625 0.30078125 0.0875 0.0640625
0 0.78515625 0.47890625 0.0765625 0.0703125
0 0.34609375 0.246875 0.0765625 0.071875
0 0.85546875 0.1109375 0.1015625 0.075
0 0.15078125 0.4359375 0.0796875 0.065625
0 0.0359375 0.771875 0.0625 0.05625
0 0.196875 0.96328125 0.0875 0.0609375
0 0.3625 0.5734375 0.078125 0.0625
0 0.53046875 0.540625 0.1203125 0.121875
0 0.521875 0.31171875 0.115625 0.0984375
0 0.88203125 0.21015625 0.1171875 0.0984375
0 0.95078125 0.75234375 0.0890625 0.0984375
0 0.18203125 0.62578125 0.0734375 0.0765625
0 0.11015625 0.37734375 0.0828125 0.0734375
0 0.75625 0.5765625 0.06875 0.05625
0 0.7921875 0.31171875 0.065625 0.0734375
0 0.44375 0.8328125 0.071875 0.08125
0 0.471875 0.89453125 0.071875 0.0546875
0 0.896875 0.6640625 0.065625 0.05625
0 0.2015625 0.71484375 0.0875 0.0734375
0 0.03203125 0.71015625 0.0484375 0.0578125
0 0.0359375 0.8609375 0.05625 0.0625
