0 0.50078125 0.2703125 0.0578125 0.05625
0 0.72890625 0.684375 0.0578125 0.053125
0 0.29921875 0.8890625 0.1109375 0.09375
0 0.29296875 0.45234375 0.1109375 0.1109375
0 0.29375 0.025 0.0875 0.046875
0 0.34453125 0.81484375 0.1015625 0.0984375
0 0.95859375 0.08984375 0.0765625 0.0734375
0 0.17734375 0.9015625 0.1015625 0.090625
0 0.28515625 0.1671875 0.1078125 0.1
0 0.26953125 0.625 0.0984375 0.084375
0 0.5671875 0.02890625 0.075 0.0546875
0 0.15234375 0.696875 0.0828125 0.09375
0 0.13515625 0.296875 0.1046875 0.08125
0 0.2703125 0.27109375 0.090625 0.0859375
0 0.14140625 0.0328125 0.0921875 0.0625
0 0.134375 0.553125 0.1 0.0875
0 0.80703125 0.06953125 0.0890625 0.0765625
0 0.87109375 0.1359375 0.0640625 0.059375
0 0.603125 0.12265625 0.078125 0.0734375
0 0.15 0.4015625 0.11875 0.09375
0 0.50859375 0.4890625 0.0671875 0.059375
0 0.59921875 0.86484375 0.0734375 0.0671875
0 0.29765625 0.69140625 0.0921875 0.0765625
0 0.80234375 0.73671875 0.0703125 0.0640625
0 0.54453125 0.34765625 0.0734375 0.0671875
0 0.6921875 0.36015625 0.078125 0.0703125
0 0.0953125 0.68046875 0.103125 0.1171875
0 0.728125 0.74375 0.071875 0.075
0 0.14140625 0.85703125 0.0953125 0.0859375
0 0.5078125 0.7328125 0.08125 0.075
0 0.96015625 0.55546875 0.0671875 0.0703125
0 0.88515625 0.63203125 0.0859375 0.0734375
0 0.16953125 0.23828125 0.0734375 0.0609375
0 0.97109375 0.65390625 0.0546875 0.0640625
0 0.96875 0.4859375 0.05625 0.0625
0 0.1328125 0.4734375 0.0875 0.06875
0 0.690625 0.6 0.078125 0.06875
0 0.73125 0.86328125 0.0875 0.0640625
0 0.7296875 0.5375 0.084375 0.08125
0 0.9109375 0.390625 0.0625 0.0625
0 0.41796875 0.65 0.0765625 0.075
0 0.73125 0.91015625 0.071875 0.0578125
0 0.49140625 0.35078125 0.0671875 0.0703125
0 0.478125 0.94765625 0.08125 0.0640625
0 0.6953125 0.1078125 0.059375 0.071875
0 0.13984375 0.11171875 0.0984375 0.0890625
0 0.515625 0.55859375 0.090625 0.0828125
0 0.2921875 0.540625 0.0625 0.090625
0 0.32890625 0.97265625 0.0953125 0.0546875
0 0.30234375 0.075 0.0609375 0.0375
0 0.5328125 0.1671875 0.05 0.04375
0 0.56875 0.19921875 0.04375 0.0421875
0 0.98203125 0.315625 0.0359375 0.115625
0 0.9125 0.33515625 0.065625 0.0703125
0 0.89609375 0.20234375 0.0421875 0.0609375
0 0.92265625 0.95546875 0.0578125 0.0890625
0 0.925 0.7421875 0.053125 0.05625
