0 0.85546875 0.6328125 0.0578125 0.05
0 0.328125 0.87734375 0.05625 0.0546875
0 0.8359375 0.8796875 0.05625 0.053125
0 0.8140625 0.3390625 0.09375 0.084375
0 0.0859375 0.66796875 0.0875 0.0828125
0 0.6625 0.0421875 0.09375 0.071875
0 0.88203125 0.6828125 0.0796875 0.071875
0 0.421875 0.5671875 0.065625 0.0625
0 0.70625 0.7203125 0.090625 0.08125
0 0.83046875 0.4703125 0.0671875 0.0625
0 0.03203125 0.48046875 0.0609375 0.0703125
0 0.05 0.56328125 0.059375 0.0609375
0 0.84140625 0.53203125 0.0671875 0.0671875
0 0.6671875 0.89375 0.096875 0.08125
0 0.878125 0.84140625 0.075 0.0734375
0 0.696875 0.36640625 0.078125 0.0640625
0 0.69765625 0.4421875 0.0828125 0.071875
0 0.3375 0.634375 0.084375 0.078125
0 0.44296875 0.48359375 0.0671875 0.0734375
0 0.06328125 0.96796875 0.0703125 0.0546875
0 0.0328125 0.0453125 0.0625 0.075
0 0.33359375 0.80703125 0.0765625 0.0765625
0 0.07109375 0.89453125 0.0828125 0.0671875
0 0.35234375 0.7296875 0.0640625 0.059375
0 0.8640625 0.7984375 0.065625 0.059375
0 0.45546875 0.69453125 0.0703125 0.0703125
0 0.71015625 0.96875 0.0765625 0.053125
0 0.47421875 0.95234375 0.0765625 0.0640625
0 0.471875 0.88046875 0.065625 0.0609375
0 0.46328125 0.82890625 0.0703125 0.0515625
0 0.27421875 0.0421875 0.0828125 0.075
0 0.37890625 0.06015625 0.0828125 0.0921875
0 0.45 0.403125 0.071875 0.05625
0 0.28671875 0.4484375 0.0765625 0.05625
0 0.428125 0.64375 0.0625 0.05625
0 0.709375 0.58828125 0.05625 0.0453125
0 0.70625 0.6328125 0.075 0.065625
0 0.68125 0.525 0.0875 0.078125
0 0.46796875 0.759375 0.0484375 0.04375
0 0.2921875 0.68828125 0.0375 0.0328125
0 0.03359375 0.87421875 0.0546875 0.0390625
0 0.71640625 0.82265625 0.0703125 0.0640625
0 0.25859375 0.54375 0.0421875 0.04375
0 0.07578125 0.38828125 0.0484375 0.0546875
