0 0.54609375 0.95390625 0.0578125 0.0546875
0 0.96171875 0.08984375 0.0578125 0.0578125
0 0.60234375 0.51875 0.0640625 0.05
0 0.0265625 0.11796875 0.05 0.0609375
0 0.1546875 0.54375 0.059375 0.05625
0 0.80703125 0.0671875 0.0640625 0.05
0 0.928125 0.7546875 0.096875 0.09375
0 0.925 0.58046875 0.065625 0.0734375
0 0.81953125 0.809375 0.0890625 0.08125
0 0.96328125 0.94453125 0.0609375 0.0734375
0 0.36015625 0.6765625 0.0765625 0.06875
0 0.92265625 0.2390625 0.0921875 0.096875
0 0.3796875 0.73828125 0.103125 0.0921875
0 0.52109375 0.7546875 0.1078125 0.0875
0 0.0703125 0.27265625 0.09375 0.0828125
0 0.08984375 0.728125 0.0796875 0.0625
0 0.78671875 0.7546875 0.0921875 0.084375
0 0.93046875 0.42734375 0.0796875 0.0640625
0 0.39375 0.8203125 0.0875 0.075
0 0.78984375 0.91328125 0.0859375 0.0796875
0 0.39296875 0.38828125 0.0796875 0.0703125
0 0.3875 0.159375 0.090625 0.078125
0 0.809375 0.415625 0.075 0.0625
0 0.784375 0.32890625 0.084375 0.0765625
0 0.5484375 0.2328125 0.09375 0.0875
0 0.0578125 0.0390625 0.075 0.065625
0 0.78125 0.23125 0.0875 0.075
0 0.0875 0.59375 0.090625 0.08125
0 0.359375 0.25234375 0.0875 0.0734375
0 0.78203125 0.65546875 0.0765625 0.0546875
0 0.39921875 0.4859375 0.0859375 0.090625
0 0.38125 0.56015625 0.08125 0.0734375
0 0.5734375 0.3265625 0.096875 0.075
0 0.57109375 0.43125 0.0859375 0.084375
0 0.0890625 0.36484375 0.065625 0.0609375
0 0.103125 0.78671875 0.090625 0.0734375
0 0.790625 0.1703125 0.078125 0.065625
0 0.5859375 0.71875 0.075 0.065625
0 0.396875 0.8890625 0.084375 0.071875
0 0.815625 0.475 0.065625 0.065625
0 0.52890625 0.03359375 0.0703125 0.0578125
0 0.58359375 0.6546875 0.0640625 0.05625
0 0.584375 0.578125 0.06875 0.075
0 0.96328125 0.8421875 0.0609375 0.06875
0 0.9359375 0.12421875 0.05625 0.0546875
0 0.8015625 0.5640625 0.075 0.075
0 0.40078125 0.06484375 0.0796875 0.0734375
0 0.10234375 0.9203125 0.0984375 0.103125
0 0.55546875 0.85625 0.0453125 0.059375
0 0.06796875 0.434375 0.0484375 0.075
0 0.2171875 0.1078125 0.075 0.053125
0 0.94140625 0.69375 0.0578125 0.059375
0 0.95625 0.5109375 0.0625 0.065625
0 0.52890625 0.1515625 0.0921875 0.08125
