0 0.90390625 0.96484375 0.0546875 0.0484375
0 0.0453125 0.296875 0.053125 0.05
0 0.878125 0.815625 0.05625 0.053125
0 0.1671875 0.34296875 0.053125 0.0546875
0 0.46953125 0.8875 0.0765625 0.065625
0 0.09765625 0.03125 0.0796875 0.05625
0 0.27421875 0.8234375 0.0859375 0.075
0 0.17578125 0.59921875 0.0734375 0.0609375
0 0.15546875 0.93984375 0.0796875 0.0703125
0 0.09609375 0.39921875 0.0890625 0.0703125
0 0.49140625 0.0609375 0.0765625 0.06875
0 0.30234375 0.6359375 0.0859375 0.0875
0 0.13515625 0.54296875 0.0859375 0.0703125
0 0.62109375 0.8078125 0.0671875 0.0625
0 0.10078125 0.7578125 0.0734375 0.071875
0 0.621875 0.68359375 0.078125 0.0671875
0 0.82890625 0.29453125 0.1046875 0.1078125
0 0.27890625 0.7046875 0.0765625 0.06875
0 0.3046875 0.34453125 0.08125 0.0859375
0 0.8625 0.75859375 0.065625 0.0640625
0 0.08359375 0.1953125 0.0703125 0.06875
0 0.1453125 0.84296875 0.0875 0.0828125
0 0.503125 0.959375 0.071875 0.059375
0 0.09296875 0.64140625 0.0703125 0.0671875
0 0.3046875 0.8875 0.065625 0.05625
0 0.57265625 0.584375 0.0703125 0.065625
0 0.11484375 0.13984375 0.0640625 0.0671875
0 0.26640625 0.2421875 0.0765625 0.06875
0 0.63046875 0.93125 0.0671875 0.071875
0 0.59375 0.30078125 0.065625 0.0640625
0 0.52734375 0.80859375 0.0703125 0.0703125
0 0.95546875 0.22421875 0.0765625 0.0640625
0 0.7921875 0.24296875 0.096875 0.0671875
0 0.86015625 0.5875 0.0578125 0.05625
0 0.56796875 0.20390625 0.0671875 0.0703125
0 0.50078125 0.334375 0.0609375 0.071875
0 0.4921875 0.25859375 0.053125 0.0859375
0 0.59296875 0.04453125 0.0734375 0.0703125
0 0.25 0.14375 0.05625 0.046875
0 0.68359375 0.90234375 0.0671875 0.0796875
0 0.86015625 0.6859375 0.0546875 0.0625
