0 0.971875 0.5453125 0.05 0.065625
0 0.4359375 0.0203125 0.08125 0.0375
0 0.4953125 0.30078125 0.1 0.0828125
0 0.06640625 0.034375 0.0859375 0.065625
0 0.91171875 0.83203125 0.1140625 0.1109375
0 0.2546875 0.28515625 0.08125 0.0765625
0 0.203125 0.11328125 0.115625 0.0953125
0 0.85 0.21796875 0.0875 0.0703125
0 0.43515625 0.0796875 0.1109375 0.096875
0 0.46328125 0.50078125 0.1140625 0.0953125
0 0.4875 0.184375 0.096875 0.090625
0 0.115625 0.771875 0.103125 0.08125
0 0.4921875 0.41328125 0.0875 0.0734375
0 0.2703125 0.5125 0.084375 0.08125
0 0.953125 0.63671875 0.08125 0.0890625
0 0.61484375 0.65546875 0.0953125 0.0796875
0 0.90859375 0.94375 0.0890625 0.084375
0 0.8578125 0.37109375 0.1 0.0890625
0 0.6859375 0.95234375 0.075 0.0703125
0 0.59453125 0.028125 0.0859375 0.053125
0 0.45390625 0.67265625 0.1015625 0.0890625
0 0.17421875 0.95546875 0.0921875 0.0703125
0 0.6453125 0.75078125 0.109375 0.1109375
0 0.96015625 0.21171875 0.0734375 0.0796875
0 0.653125 0.4484375 0.06875 0.0625
0 0.3015625 0.89453125 0.090625 0.0828125
0 0.29453125 0.7875 0.1015625 0.0875
0 0.13359375 0.53125 0.0859375 0.08125
0 0.6890625 0.82890625 0.090625 0.0828125
0 0.8546875 0.0421875 0.103125 0.08125
0 0.9453125 0.0484375 0.090625 0.0875
0 0.87578125 0.1296875 0.0890625 0.08125
0 0.62734375 0.23125 0.0828125 0.08125
0 0.884375 0.47734375 0.078125 0.0703125
0 0.07734375 0.11015625 0.0890625 0.0796875
0 0.4609375 0.5734375 0.078125 0.065625
0 0.446875 0.24609375 0.078125 0.0703125
0 0.25078125 0.43671875 0.0796875 0.0671875
0 0.96328125 0.36484375 0.0640625 0.0921875
0 0.0796875 0.32890625 0.0875 0.0609375
0 0.296875 0.96328125 0.0875 0.0609375
0 0.95078125 0.3 0.0765625 0.065625
0 0.94921875 0.1125 0.0859375 0.078125
0 0.0859375 0.61328125 0.0875 0.0828125
0 0.8671875 0.28125 0.071875 0.065625
0 0.6296875 0.540625 0.11875 0.125
0 0.621875 0.31171875 0.115625 0.0984375
0 0.61875 0.1296875 0.09375 0.103125
0 0.27421875 0.62578125 0.0796875 0.0828125
0 0.54453125 0.828125 0.0796875 0.071875
0 0.56328125 0.88671875 0.0640625 0.0609375
0 0.2109375 0.38359375 0.08125 0.0609375
0 0.09609375 0.3890625 0.0640625 0.05625
0 0.08984375 0.2421875 0.0671875 0.075
0 0.1296875 0.69609375 0.096875 0.0484375
0 0.315625 0.69921875 0.096875 0.0515625
