0 0.834375 0.04921875 0.05 0.0515625
0 0.8625 0.22109375 0.053125 0.0546875
0 0.0296875 0.75234375 0.053125 0.0484375
0 0.1890625 0.81875 0.0625 0.053125
0 0.0390625 0.25703125 0.059375 0.0546875
0 0.8625 0.32890625 0.059375 0.0546875
0 0.27421875 0.74609375 0.0609375 0.0546875
0 0.70546875 0.734375 0.0640625 0.05625
0 0.49375 0.64453125 0.05625 0.0515625
0 0.87109375 0.92734375 0.0859375 0.0734375
0 0.83515625 0.14921875 0.0703125 0.0734375
0 0.15546875 0.09921875 0.0796875 0.0671875
0 0.69765625 0.93125 0.0734375 0.06875
0 0.17734375 0.50703125 0.0734375 0.0703125
0 0.8578125 0.82109375 0.084375 0.0859375
0 0.22421875 0.62734375 0.0640625 0.0578125
0 0.82421875 0.67109375 0.0796875 0.0734375
0 0.2265625 0.45234375 0.0875 0.0765625
0 0.66171875 0.4171875 0.0921875 0.075
0 0.36328125 0.4890625 0.0671875 0.05625
0 0.66875 0.5265625 0.090625 0.06875
0 0.6796875 0.31796875 0.0875 0.0828125
0 0.81484375 0.76171875 0.0765625 0.0671875
0 0.6390625 0.08046875 0.09375 0.0828125
0 0.20078125 0.68125 0.0765625 0.06875
0 0.1890625 0.19375 0.078125 0.06875
0 0.1796875 0.86875 0.06875 0.059375
0 0.18515625 0.95390625 0.0671875 0.0671875
0 0.42578125 0.9390625 0.0671875 0.059375
0 0.17109375 0.37421875 0.0921875 0.0796875
0 0.40078125 0.70390625 0.0828125 0.0671875
0 0.80234375 0.60078125 0.0765625 0.0828125
0 0.43125 0.57421875 0.071875 0.0671875
0 0.665625 0.25859375 0.071875 0.0578125
0 0.4015625 0.3328125 0.06875 0.071875
0 0.34921875 0.321875 0.0609375 0.059375
0 0.67109375 0.815625 0.0546875 0.05625
0 0.65859375 0.57890625 0.0640625 0.0609375
0 0.37109375 0.56015625 0.0671875 0.0640625
0 0.86875 0.5265625 0.08125 0.084375
0 0.12109375 0.2671875 0.0984375 0.090625
