0 0.31328125 0.1125 0.0609375 0.053125
0 0.6640625 0.715625 0.059375 0.05
0 0.3984375 0.9578125 0.046875 0.046875
0 0.15859375 0.121875 0.0546875 0.053125
0 0.32578125 0.1796875 0.0578125 0.053125
0 0.61015625 0.9609375 0.0578125 0.05625
0 0.9328125 0.89375 0.05625 0.053125
0 0.92265625 0.7 0.1078125 0.1
0 0.5875 0.54921875 0.075 0.0796875
0 0.178125 0.5359375 0.0875 0.08125
0 0.58671875 0.71328125 0.0671875 0.0734375
0 0.22421875 0.8515625 0.0734375 0.071875
0 0.73984375 0.51171875 0.0703125 0.0671875
0 0.77421875 0.64296875 0.0609375 0.0640625
0 0.7484375 0.9625 0.059375 0.05625
0 0.75390625 0.88359375 0.0703125 0.0671875
0 0.65703125 0.1359375 0.0859375 0.0875
0 0.628125 0.63203125 0.078125 0.0734375
0 0.33125 0.80390625 0.0625 0.0640625
0 0.65390625 0.9421875 0.0671875 0.065625
0 0.40703125 0.6625 0.0578125 0.059375
0 0.859375 0.5609375 0.0875 0.084375
0 0.15859375 0.028125 0.0609375 0.05
0 0.73125 0.7421875 0.08125 0.084375
0 0.71484375 0.81640625 0.0765625 0.0671875
0 0.540625 0.17890625 0.075 0.0734375
0 0.18359375 0.95859375 0.0515625 0.0546875
0 0.17734375 0.66484375 0.0671875 0.0546875
0 0.19921875 0.7171875 0.0421875 0.04375
