0 0.0515625 0.03984375 0.0625 0.0484375
0 0.96796875 0.02421875 0.0546875 0.0453125
0 0.7953125 0.7390625 0.096875 0.103125
0 0.37421875 0.46640625 0.1109375 0.0890625
0 0.3765625 0.02890625 0.0875 0.0546875
0 0.2296875 0.10390625 0.115625 0.0921875
0 0.64453125 0.74375 0.1015625 0.1125
0 0.3625 0.13359375 0.090625 0.1046875
0 0.1703125 0.21328125 0.096875 0.0921875
0 0.65859375 0.85703125 0.0921875 0.0859375
0 0.75546875 0.28046875 0.0953125 0.0734375
0 0.6890625 0.1375 0.103125 0.0875
0 0.659375 0.9515625 0.075 0.06875
0 0.78203125 0.39375 0.1140625 0.103125
0 0.2578125 0.39375 0.096875 0.090625
0 0.21796875 0.79765625 0.0921875 0.0796875
0 0.80859375 0.17890625 0.1109375 0.0890625
0 0.62109375 0.34921875 0.1234375 0.0953125
0 0.78046875 0.11796875 0.0765625 0.0578125
0 0.41484375 0.83515625 0.0703125 0.0640625
0 0.8359375 0.85 0.075 0.075
0 0.45 0.321875 0.071875 0.06875
0 0.2140625 0.3390625 0.08125 0.084375
0 0.23203125 0.4921875 0.0984375 0.075
0 0.046875 0.94453125 0.071875 0.0671875
0 0.64453125 0.246875 0.0609375 0.046875
0 0.07109375 0.49375 0.0828125 0.071875
0 0.640625 0.05078125 0.096875 0.0828125
0 0.3828125 0.27734375 0.08125 0.0640625
0 0.94765625 0.228125 0.0828125 0.0875
0 0.40078125 0.3734375 0.0953125 0.090625
0 0.81640625 0.94921875 0.0890625 0.0828125
0 0.396875 0.9171875 0.090625 0.0875
0 0.0765625 0.125 0.0625 0.075
