0 0.97578125 0.36484375 0.0453125 0.0515625
0 0.35078125 0.08046875 0.0515625 0.0546875
0 0.40703125 0.74609375 0.0578125 0.0484375
0 0.45625 0.94453125 0.08125 0.0640625
0 0.03359375 0.9515625 0.0640625 0.06875
0 0.58125 0.53671875 0.1 0.0921875
0 0.72890625 0.04921875 0.0796875 0.0609375
0 0.3375 0.42890625 0.075 0.0703125
0 0.709375 0.3578125 0.1 0.084375
0 0.17109375 0.6890625 0.0953125 0.0875
0 0.34609375 0.571875 0.1140625 0.09375
0 0.76171875 0.78125 0.0921875 0.090625
0 0.17734375 0.52109375 0.0984375 0.0796875
0 0.1921875 0.8625 0.090625 0.084375
0 0.5890625 0.71640625 0.078125 0.0671875
0 0.94296875 0.52109375 0.0703125 0.0609375
0 0.12421875 0.1 0.0953125 0.084375
0 0.40234375 0.6859375 0.0703125 0.0625
0 0.590625 0.0421875 0.071875 0.0625
0 0.74765625 0.428125 0.0703125 0.059375
0 0.20703125 0.75390625 0.0921875 0.0828125
0 0.40234375 0.80546875 0.0765625 0.0765625
0 0.390625 0.5953125 0.08125 0.071875
0 0.63359375 0.83984375 0.0890625 0.0890625
0 0.425 0.8734375 0.06875 0.065625
0 0.89140625 0.7828125 0.0796875 0.075
0 0.74296875 0.6359375 0.0796875 0.08125
0 0.884375 0.5921875 0.075 0.065625
0 0.053125 0.5640625 0.078125 0.065625
0 0.33671875 0.72578125 0.0765625 0.0765625
0 0.865625 0.03984375 0.065625 0.0546875
0 0.74609375 0.5046875 0.0953125 0.078125
0 0.9390625 0.74765625 0.0625 0.0734375
0 0.9484375 0.3 0.090625 0.0875
0 0.1390625 0.4234375 0.10625 0.0875
0 0.24765625 0.9578125 0.0890625 0.06875
0 0.59453125 0.64140625 0.0703125 0.0703125
