0 0.40390625 0.5109375 0.0734375 0.075
0 0.75703125 0.31015625 0.0703125 0.0640625
0 0.73671875 0.82734375 0.0796875 0.0703125
0 0.84296875 0.1375 0.1046875 0.096875
0 0.58828125 0.34609375 0.0734375 0.0640625
0 0.12265625 0.059375 0.0796875 0.075
0 0.5390625 0.6484375 0.08125 0.075
0 0.565625 0.759375 0.090625 0.0875
0 0.11796875 0.3609375 0.0859375 0.075
0 0.8578125 0.91953125 0.071875 0.0640625
0 0.55546875 0.0453125 0.0796875 0.059375
0 0.365625 0.70703125 0.08125 0.0734375
0 0.41171875 0.91484375 0.0984375 0.1046875
0 0.12578125 0.54609375 0.0796875 0.0734375
0 0.32109375 0.440625 0.1078125 0.10625
0 0.55078125 0.20078125 0.0703125 0.0640625
0 0.8609375 0.6546875 0.10625 0.0875
0 0.13515625 0.903125 0.0765625 0.06875
0 0.11875 0.18671875 0.09375 0.0765625
0 0.603125 0.84140625 0.071875 0.0671875
0 0.540625 0.46796875 0.0875 0.0734375
0 0.596875 0.94140625 0.090625 0.0765625
0 0.3359375 0.88203125 0.096875 0.0953125
0 0.29453125 0.63828125 0.0921875 0.0953125
0 0.75 0.93203125 0.078125 0.0703125
0 0.49765625 0.840625 0.0953125 0.09375
0 0.371875 0.23828125 0.075 0.0671875
0 0.3359375 0.79453125 0.096875 0.0890625
0 0.58671875 0.415625 0.0765625 0.06875
0 0.8515625 0.48984375 0.090625 0.0796875
0 0.36328125 0.16171875 0.0953125 0.0703125
0 0.1234375 0.290625 0.06875 0.059375
0 0.05625 0.440625 0.06875 0.059375
0 0.865625 0.3515625 0.065625 0.0625
0 0.10546875 0.4296875 0.0609375 0.0625
0 0.5640625 0.26484375 0.08125 0.0640625
0 0.4109375 0.3390625 0.071875 0.08125
0 0.5375 0.10625 0.084375 0.075
0 0.528125 0.5609375 0.1125 0.0875
0 0.34453125 0.0703125 0.1015625 0.084375
0 0.11484375 0.671875 0.0640625 0.075
0 0.128125 0.81953125 0.075 0.0609375
0 0.73515625 0.421875 0.0578125 0.078125
