0 0.228125 0.978125 0.065625 0.0375
0 0.34453125 0.45703125 0.1015625 0.1015625
0 0.9359375 0.27265625 0.10625 0.1046875
0 0.66015625 0.8609375 0.0828125 0.065625
0 0.171875 0.7015625 0.109375 0.090625
0 0.13125 0.8171875 0.0875 0.078125
0 0.77578125 0.58046875 0.0921875 0.0734375
0 0.21796875 0.33828125 0.0953125 0.0796875
0 0.40625 0.3296875 0.078125 0.06875
0 0.1890625 0.5765625 0.084375 0.06875
0 0.64921875 0.6609375 0.1109375 0.075
0 0.4046875 0.8140625 0.109375 0.0875
0 0.80546875 0.64921875 0.0734375 0.0640625
0 0.21640625 0.41640625 0.0890625 0.0953125
0 0.39140625 0.034375 0.0828125 0.06875
0 0.378125 0.91640625 0.103125 0.0828125
0 0.38828125 0.66796875 0.1203125 0.0828125
0 0.05390625 0.9390625 0.0671875 0.05625
0 0.61953125 0.75390625 0.0953125 0.0859375
0 0.20859375 0.09453125 0.0703125 0.0671875
0 0.02734375 0.5296875 0.0546875 0.059375
0 0.04921875 0.31953125 0.0796875 0.0671875
0 0.73984375 0.34140625 0.0859375 0.0859375
0 0.253125 0.884375 0.0875 0.071875
0 0.9546875 0.02890625 0.06875 0.0546875
0 0.959375 0.90625 0.075 0.090625
0 0.93203125 0.37109375 0.0734375 0.0703125
0 0.23515625 0.19296875 0.1265625 0.0890625
0 0.1875 0.0328125 0.0875 0.059375
0 0.0484375 0.82265625 0.0875 0.0734375
0 0.60703125 0.096875 0.0640625 0.059375
0 0.39921875 0.53984375 0.1109375 0.1234375
0 0.38359375 0.2484375 0.1046875 0.090625
0 0.75625 0.2234375 0.115625 0.096875
0 0.6421875 0.94609375 0.10625 0.0859375
0 0.784375 0.7203125 0.078125 0.075
0 0.04296875 0.6421875 0.0703125 0.071875
0 0.12734375 0.38671875 0.0671875 0.0578125
0 0.07578125 0.10078125 0.0671875 0.0765625
