0 0.3671875 0.8359375 0.05 0.05
0 0.815625 0.7375 0.053125 0.05
0 0.334375 0.8875 0.053125 0.053125
0 0.45859375 0.59609375 0.0859375 0.0765625
0 0.803125 0.2671875 0.078125 0.071875
0 0.49296875 0.83203125 0.0671875 0.0703125
0 0.48671875 0.9375 0.0859375 0.078125
0 0.65703125 0.3484375 0.0828125 0.071875
0 0.83828125 0.68125 0.0765625 0.06875
0 0.6984375 0.84921875 0.096875 0.0796875
0 0.496875 0.375 0.071875 0.0625
0 0.81484375 0.48828125 0.0859375 0.0765625
0 0.684375 0.6609375 0.0875 0.06875
0 0.81953125 0.95703125 0.0828125 0.0703125
0 0.3421875 0.71640625 0.090625 0.0828125
0 0.84765625 0.34296875 0.0765625 0.0765625
0 0.33515625 0.3921875 0.0671875 0.0625
0 0.83359375 0.88359375 0.0765625 0.0765625
0 0.03984375 0.36171875 0.0703125 0.0609375
0 0.29296875 0.4359375 0.0671875 0.071875
0 0.47109375 0.5546875 0.0953125 0.05625
0 0.7234375 0.765625 0.071875 0.071875
0 0.29375 0.640625 0.090625 0.0875
0 0.65859375 0.959375 0.0734375 0.059375
0 0.81640625 0.57109375 0.0703125 0.0703125
0 0.05 0.44140625 0.08125 0.0796875
0 0.2640625 0.05703125 0.08125 0.0921875
0 0.490625 0.07109375 0.0875 0.0828125
0 0.67421875 0.44453125 0.0796875 0.0796875
0 0.8765625 0.58359375 0.059375 0.0578125
0 0.04375 0.07578125 0.071875 0.0796875
0 0.8125 0.80234375 0.071875 0.0703125
0 0.0890625 0.69140625 0.065625 0.0640625
0 0.8484375 0.44609375 0.0625 0.0515625
0 0.4671875 0.43046875 0.09375 0.0734375
0 0.28046875 0.5453125 0.0578125 0.065625
0 0.6640625 0.0453125 0.096875 0.075
0 0.54453125 0.7328125 0.0671875 0.059375
0 0.3359375 0.97734375 0.05625 0.0453125
0 0.78671875 0.03828125 0.0640625 0.0546875
