0 0.03359375 0.81640625 0.0546875 0.0484375
0 0.025 0.10859375 0.05 0.0609375
0 0.0265625 0.49375 0.046875 0.046875
0 0.025 0.75 0.05 0.05625
0 0.0234375 0.553125 0.040625 0.04375
0 0.03671875 0.34921875 0.0734375 0.0703125
0 0.665625 0.328125 0.084375 0.059375
0 0.83671875 0.62734375 0.0828125 0.0671875
0 0.04296875 0.60859375 0.0765625 0.0796875
0 0.83046875 0.29765625 0.0796875 0.0765625
0 0.84453125 0.86171875 0.0671875 0.0671875
0 0.8421875 0.37421875 0.06875 0.0640625
0 0.84453125 0.9453125 0.0703125 0.071875
0 0.6578125 0.0265625 0.08125 0.053125
0 0.66953125 0.109375 0.0828125 0.071875
0 0.1703125 0.646875 0.075 0.078125
0 0.696875 0.4453125 0.084375 0.075
0 0.69296875 0.71875 0.0859375 0.08125
0 0.81015625 0.7625 0.0609375 0.0625
0 0.26640625 0.246875 0.0609375 0.05625
0 0.85078125 0.5296875 0.0734375 0.071875
0 0.82265625 0.0625 0.0640625 0.06875
0 0.153125 0.15390625 0.06875 0.0703125
0 0.66875 0.80078125 0.065625 0.0578125
0 0.0421875 0.40390625 0.0625 0.0484375
0 0.671875 0.5484375 0.08125 0.0625
0 0.07265625 0.1828125 0.0859375 0.06875
0 0.80859375 0.140625 0.0734375 0.065625
0 0.80703125 0.44453125 0.0890625 0.0828125
0 0.66953125 0.6359375 0.0734375 0.08125
0 0.4984375 0.88828125 0.109375 0.0890625
0 0.078125 0.040625 0.096875 0.078125
