0 0.92421875 0.859375 0.0703125 0.06875
0 0.5796875 0.04296875 0.09375 0.0796875
0 0.94921875 0.49609375 0.0890625 0.0921875
0 0.58046875 0.5765625 0.0890625 0.090625
0 0.95078125 0.93828125 0.0859375 0.0921875
0 0.57734375 0.1640625 0.1109375 0.1
0 0.93984375 0.67109375 0.1046875 0.1046875
0 0.0578125 0.9234375 0.096875 0.0875
0 0.85703125 0.95 0.0953125 0.075
0 0.6328125 0.9046875 0.1 0.1
0 0.440625 0.80078125 0.115625 0.0921875
0 0.9375 0.20703125 0.0875 0.0984375
0 0.434375 0.55703125 0.0875 0.0859375
0 0.61953125 0.7234375 0.0953125 0.078125
0 0.434375 0.65546875 0.10625 0.0984375
0 0.43125 0.28359375 0.1125 0.1046875
0 0.44296875 0.89765625 0.1109375 0.0859375
0 0.21015625 0.596875 0.0890625 0.08125
0 0.0859375 0.790625 0.084375 0.075
0 0.8296875 0.10234375 0.075 0.0703125
0 0.8625 0.27421875 0.078125 0.0734375
0 0.43203125 0.96875 0.0984375 0.05625
0 0.8609375 0.87265625 0.0875 0.0859375
0 0.415625 0.14453125 0.065625 0.0671875
0 0.59296875 0.671875 0.0859375 0.08125
0 0.815625 0.196875 0.134375 0.096875
0 0.58671875 0.96796875 0.0765625 0.0578125
0 0.06796875 0.6953125 0.0703125 0.071875
0 0.853125 0.03515625 0.096875 0.0640625
0 0.5734375 0.3140625 0.11875 0.11875
0 0.87734375 0.7984375 0.0765625 0.075
0 0.43671875 0.69921875 0.1046875 0.0890625
0 0.86640625 0.53671875 0.1109375 0.0828125
0 0.39765625 0.20859375 0.0859375 0.0859375
0 0.878125 0.61640625 0.065625 0.0765625
0 0.6234375 0.8015625 0.08125 0.078125
0 0.04921875 0.14609375 0.0703125 0.0609375
0 0.17109375 0.26328125 0.1046875 0.0859375
0 0.19765625 0.03359375 0.1109375 0.0640625
0 0.21953125 0.95390625 0.0890625 0.0734375
0 0.24921875 0.88828125 0.0671875 0.0578125
0 0.965625 0.559375 0.0625 0.05625
0 0.91953125 0.08984375 0.0671875 0.0703125
0 0.93828125 0.0296875 0.0734375 0.05625
0 0.9328125 0.2828125 0.0625 0.065625
0 0.23671875 0.6765625 0.1171875 0.075
