0 0.91171875 0.41953125 0.0546875 0.0515625
0 0.45859375 0.40234375 0.0515625 0.0609375
0 0.02578125 0.33203125 0.0484375 0.0515625
0 0.0328125 0.0578125 0.0625 0.065625
0 0.06640625 0.809375 0.0734375 0.06875
0 0.8875 0.30078125 0.090625 0.0765625
0 0.53671875 0.0640625 0.0796875 0.06875
0 0.2390625 0.64765625 0.0875 0.0734375
0 0.03203125 0.15078125 0.0609375 0.0640625
0 0.20703125 0.25859375 0.0796875 0.0828125
0 0.06484375 0.378125 0.0828125 0.08125
0 0.20390625 0.37265625 0.0984375 0.0796875
0 0.9453125 0.9078125 0.071875 0.0625
0 0.0765625 0.471875 0.071875 0.065625
0 0.5234375 0.75625 0.0875 0.071875
0 0.7453125 0.1375 0.08125 0.065625
0 0.1015625 0.91328125 0.071875 0.0640625
0 0.2 0.525 0.084375 0.078125
0 0.53671875 0.5625 0.0765625 0.06875
0 0.89453125 0.47265625 0.0734375 0.0765625
0 0.13125 0.66328125 0.071875 0.0671875
0 0.5171875 0.3890625 0.075 0.075
0 0.91953125 0.7546875 0.0859375 0.071875
0 0.9203125 0.675 0.075 0.071875
0 0.4453125 0.3171875 0.084375 0.078125
0 0.203125 0.10625 0.08125 0.071875
0 0.1859375 0.196875 0.059375 0.05625
0 0.76328125 0.51640625 0.1015625 0.0796875
0 0.24296875 0.45078125 0.0796875 0.0734375
0 0.05078125 0.2109375 0.0765625 0.075
0 0.5171875 0.2234375 0.08125 0.078125
0 0.23125 0.72265625 0.065625 0.0765625
0 0.79375 0.959375 0.078125 0.065625
0 0.53515625 0.31328125 0.0765625 0.0671875
0 0.53515625 0.4625 0.0609375 0.06875
0 0.2546875 0.8484375 0.071875 0.06875
0 0.25234375 0.91640625 0.0796875 0.0765625
0 0.91875 0.171875 0.1 0.0875
0 0.5265625 0.86953125 0.078125 0.0671875
0 0.93828125 0.5625 0.0859375 0.084375
0 0.8 0.4125 0.078125 0.059375
0 0.53671875 0.13046875 0.0828125 0.0765625
0 0.79140625 0.7421875 0.0578125 0.059375
0 0.5546875 0.81484375 0.071875 0.0640625
0 0.5140625 0.709375 0.06875 0.05625
0 0.228125 0.58671875 0.0625 0.0546875
0 0.76015625 0.6625 0.0890625 0.071875
0 0.0796875 0.74765625 0.06875 0.0640625
0 0.44921875 0.50390625 0.0671875 0.0640625
0 0.459375 0.86484375 0.06875 0.0828125
0 0.77265625 0.27109375 0.0578125 0.0546875
0 0.0390625 0.60546875 0.059375 0.0609375
0 0.4984375 0.60625 0.05625 0.0625
0 0.78359375 0.3296875 0.0640625 0.0625
0 0.45703125 0.14296875 0.0703125 0.0671875
0 0.93515625 0.15 0.0828125 0.078125
0 0.7796875 0.85859375 0.084375 0.0734375
0 0.75390625 0.03515625 0.0796875 0.0671875
0 0.909375 0.046875 0.078125 0.08125
0 0.45078125 0.2359375 0.0640625 0.05625
0 0.94375 0.84375 0.065625 0.05625
0 0.53984375 0.95234375 0.0671875 0.0609375
0 0.0546875 0.5546875 0.078125 0.053125
0 0.09765625 0.97890625 0.0828125 0.0421875
0 0.46171875 0.0234375 0.0546875 0.0375
