0 0.484375 0.17734375 0.05 0.0453125
0 0.12578125 0.36875 0.0609375 0.065625
0 0.13515625 0.96953125 0.0734375 0.0484375
0 0.6953125 0.034375 0.084375 0.0625
0 0.17109375 0.66015625 0.0921875 0.0828125
0 0.0328125 0.278125 0.0625 0.06875
0 0.13671875 0.7734375 0.0828125 0.06875
0 0.11953125 0.49609375 0.0796875 0.0703125
0 0.0515625 0.0984375 0.06875 0.071875
0 0.07578125 0.3796875 0.0828125 0.08125
0 0.07734375 0.22109375 0.0734375 0.0765625
0 0.75234375 0.08203125 0.0828125 0.0796875
0 0.1421875 0.8796875 0.071875 0.078125
0 0.771875 0.42265625 0.084375 0.0796875
0 0.81875 0.65625 0.075 0.075
0 0.78984375 0.57734375 0.0828125 0.0921875
0 0.34765625 0.203125 0.1109375 0.09375
0 0.41875 0.91484375 0.06875 0.0609375
0 0.7828125 0.265625 0.084375 0.078125
0 0.50546875 0.45859375 0.0640625 0.0546875
0 0.6609375 0.67421875 0.08125 0.0640625
0 0.8125 0.840625 0.065625 0.065625
0 0.77421875 0.50859375 0.0671875 0.0640625
0 0.66484375 0.89140625 0.1203125 0.0984375
0 0.70625 0.20546875 0.06875 0.0765625
0 0.31875 0.09765625 0.071875 0.0640625
0 0.29296875 0.02578125 0.0640625 0.0484375
0 0.3875 0.6828125 0.05 0.053125
0 0.4921875 0.5375 0.05 0.053125
0 0.4578125 0.5609375 0.0375 0.040625
0 0.478125 0.59453125 0.0375 0.0328125
0 0.87109375 0.8640625 0.0484375 0.046875
0 0.328125 0.4046875 0.053125 0.046875
0 0.29921875 0.4625 0.0453125 0.046875
0 0.14609375 0.578125 0.0421875 0.04375
0 0.31328125 0.584375 0.0515625 0.053125
0 0.9765625 0.0265625 0.04375 0.05
0 0.97265625 0.23125 0.0515625 0.046875
0 0.69453125 0.3640625 0.0765625 0.06875
0 0.690625 0.43359375 0.0875 0.0671875
0 0.3171875 0.32578125 0.05625 0.0453125
0 0.44765625 0.31875 0.0484375 0.046875
0 0.428125 0.24140625 0.040625 0.0421875
0 0.52109375 0.7703125 0.0578125 0.05625
0 0.51328125 0.8328125 0.0609375 0.046875
0 0.53203125 0.946875 0.0484375 0.028125
0 0.34375 0.859375 0.034375 0.053125
0 0.9703125 0.14921875 0.05625 0.0578125
0 0.96875 0.52890625 0.0625 0.0765625
0 0.7875 0.20859375 0.053125 0.0515625
0 0.46953125 0.07890625 0.0546875 0.0515625
