0 0.9515625 0.39375 0.06875 0.0625
0 0.3375 0.7125 0.08125 0.065625
0 0.93984375 0.56796875 0.0859375 0.0828125
0 0.21484375 0.14765625 0.0890625 0.0890625
0 0.22578125 0.8453125 0.1046875 0.0875
0 0.24375 0.06328125 0.096875 0.0859375
0 0.94921875 0.6796875 0.0953125 0.103125
0 0.125 0.95859375 0.109375 0.0765625
0 0.05625 0.13203125 0.10625 0.1078125
0 0.059375 0.78203125 0.0875 0.0859375
0 0.09140625 0.596875 0.1234375 0.096875
0 0.61640625 0.4984375 0.0734375 0.075
0 0.2640625 0.909375 0.0875 0.09375
0 0.0515625 0.93359375 0.078125 0.0859375
0 0.8109375 0.03125 0.090625 0.059375
0 0.94375 0.1390625 0.090625 0.10625
0 0.1203125 0.2109375 0.109375 0.115625
0 0.490625 0.85703125 0.075 0.0734375
0 0.97109375 0.83359375 0.0546875 0.0734375
0 0.46953125 0.7578125 0.0765625 0.0625
0 0.95 0.4703125 0.06875 0.06875
0 0.675 0.74609375 0.065625 0.0671875
0 0.64140625 0.56171875 0.0609375 0.0640625
0 0.85078125 0.61796875 0.0671875 0.0765625
0 0.096875 0.90625 0.084375 0.071875
0 0.04765625 0.7046875 0.0921875 0.0875
0 0.29375 0.5640625 0.103125 0.1
0 0.2375 0.67421875 0.10625 0.0859375
0 0.08203125 0.4328125 0.0796875 0.078125
0 0.04140625 0.48359375 0.0734375 0.0671875
0 0.2421875 0.41328125 0.08125 0.0765625
0 0.22421875 0.48203125 0.0765625 0.0609375
0 0.48046875 0.4171875 0.0765625 0.065625
0 0.97578125 0.9421875 0.0484375 0.06875
0 0.45625 0.95390625 0.059375 0.0484375
0 0.51796875 0.671875 0.0796875 0.071875
0 0.509375 0.5953125 0.053125 0.046875
0 0.48125 0.471875 0.075 0.046875
0 0.29921875 0.8109375 0.0765625 0.05625
0 0.6359375 0.6734375 0.04375 0.05
