0 0.634375 0.95859375 0.059375 0.0546875
0 0.25390625 0.54375 0.0578125 0.05625
0 0.9203125 0.809375 0.090625 0.08125
0 0.203125 0.91953125 0.103125 0.1015625
0 0.4609375 0.6765625 0.078125 0.06875
0 0.88671875 0.7546875 0.0921875 0.084375
0 0.91015625 0.41640625 0.0734375 0.0609375
0 0.884375 0.32734375 0.084375 0.0765625
0 0.45859375 0.25234375 0.0890625 0.0734375
0 0.15625 0.03984375 0.078125 0.0671875
0 0.49375 0.81953125 0.0875 0.0734375
0 0.49296875 0.38828125 0.0796875 0.0703125
0 0.62109375 0.75625 0.1078125 0.0875
0 0.64765625 0.2328125 0.0953125 0.0875
0 0.88125 0.23125 0.0875 0.075
0 0.88984375 0.91328125 0.0859375 0.0796875
0 0.4796875 0.73828125 0.103125 0.0890625
0 0.18984375 0.728125 0.0796875 0.0625
0 0.49921875 0.4859375 0.0859375 0.090625
0 0.16953125 0.27265625 0.0953125 0.0828125
0 0.4875 0.159375 0.090625 0.078125
0 0.5015625 0.0671875 0.078125 0.071875
0 0.18828125 0.59296875 0.0921875 0.0828125
0 0.1890625 0.36484375 0.065625 0.0609375
0 0.67109375 0.43125 0.0859375 0.084375
0 0.88125 0.65625 0.078125 0.053125
0 0.6734375 0.32578125 0.096875 0.0765625
0 0.48125 0.56015625 0.08125 0.0734375
0 0.890625 0.1703125 0.078125 0.065625
0 0.6859375 0.71875 0.075 0.065625
0 0.20234375 0.7859375 0.0921875 0.075
0 0.11640625 0.115625 0.0703125 0.06875
0 0.4984375 0.890625 0.084375 0.071875
0 0.684375 0.578125 0.06875 0.075
0 0.628125 0.03359375 0.071875 0.0578125
0 0.68359375 0.6546875 0.0640625 0.05625
0 0.7046875 0.51953125 0.065625 0.0515625
0 0.90234375 0.56484375 0.0765625 0.0734375
0 0.91484375 0.475 0.0671875 0.065625
0 0.6265625 0.15625 0.059375 0.0625
0 0.90625 0.065625 0.0625 0.05
0 0.6515625 0.84375 0.05625 0.040625
0 0.68046875 0.8953125 0.0703125 0.05
0 0.3078125 0.11328125 0.075 0.0296875
0 0.17578125 0.4328125 0.0578125 0.06875
0 0.15234375 0.49296875 0.0703125 0.0484375
0 0.31953125 0.53046875 0.0515625 0.0421875
