0 0.86953125 0.72421875 0.0546875 0.0515625
0 0.02890625 0.4921875 0.0546875 0.059375
0 0.61796875 0.621875 0.0953125 0.0875
0 0.38515625 0.91796875 0.0734375 0.0609375
0 0.38671875 0.28359375 0.0921875 0.0890625
0 0.71875 0.0984375 0.10625 0.09375
0 0.6375 0.71796875 0.115625 0.1015625
0 0.21875 0.5125 0.078125 0.071875
0 0.2125 0.71015625 0.084375 0.0859375
0 0.23359375 0.034375 0.0734375 0.059375
0 0.384375 0.6953125 0.0625 0.05625
0 0.63203125 0.8375 0.0953125 0.084375
0 0.415625 0.575 0.084375 0.071875
0 0.39296875 0.43359375 0.0859375 0.0703125
0 0.38984375 0.503125 0.0953125 0.08125
0 0.2171875 0.9578125 0.065625 0.0625
0 0.6234375 0.49140625 0.1 0.0765625
0 0.25625 0.778125 0.071875 0.065625
0 0.209375 0.87265625 0.084375 0.0734375
0 0.0390625 0.7609375 0.06875 0.078125
0 0.38046875 0.96875 0.0796875 0.05
0 0.28515625 0.1546875 0.0671875 0.065625
0 0.678125 0.09453125 0.08125 0.0734375
0 0.2265625 0.225 0.059375 0.059375
0 0.30859375 0.059375 0.0703125 0.05625
0 0.18359375 0.58359375 0.1328125 0.0859375
0 0.12578125 0.38359375 0.0734375 0.0734375
0 0.5421875 0.22109375 0.090625 0.0796875
0 0.43125 0.76875 0.103125 0.078125
0 0.65859375 0.95546875 0.0953125 0.0734375
0 0.04453125 0.0484375 0.0828125 0.08125
0 0.025 0.92578125 0.0375 0.0359375
