0 0.02421875 0.58203125 0.0453125 0.0609375
0 0.08359375 0.19375 0.0609375 0.059375
0 0.0671875 0.02421875 0.065625 0.0453125
0 0.03359375 0.9734375 0.0640625 0.046875
0 0.16328125 0.84375 0.0984375 0.0875
0 0.10625 0.61328125 0.071875 0.0609375
0 0.12578125 0.5109375 0.0703125 0.065625
0 0.071875 0.6828125 0.06875 0.075
0 0.7875 0.240625 0.096875 0.0875
0 0.82734375 0.44296875 0.1015625 0.0796875
0 0.11953125 0.41640625 0.0796875 0.0734375
0 0.8109375 0.07421875 0.06875 0.0671875
0 0.33671875 0.0796875 0.0765625 0.078125
0 0.08203125 0.28359375 0.0734375 0.0671875
0 0.1296875 0.2171875 0.06875 0.065625
0 0.93515625 0.0515625 0.0859375 0.075
0 0.7109375 0.653125 0.06875 0.059375
0 0.3453125 0.32890625 0.06875 0.0796875
0 0.63203125 0.09140625 0.1078125 0.0859375
0 0.140625 0.065625 0.0625 0.053125
0 0.79140625 0.55390625 0.0703125 0.0671875
0 0.65234375 0.70703125 0.0765625 0.0859375
0 0.809375 0.66171875 0.065625 0.0546875
0 0.128125 0.93359375 0.071875 0.0703125
0 0.8734375 0.84375 0.075 0.0625
0 0.6484375 0.3453125 0.090625 0.078125
0 0.5578125 0.55390625 0.090625 0.0921875
0 0.3375 0.46953125 0.078125 0.0765625
0 0.6859375 0.81796875 0.0625 0.0609375
0 0.33125 0.25234375 0.059375 0.0640625
0 0.3296875 0.1671875 0.0625 0.053125
0 0.375 0.590625 0.053125 0.046875
0 0.3171875 0.7875 0.05 0.053125
0 0.325 0.90625 0.046875 0.040625
0 0.47265625 0.953125 0.0484375 0.053125
0 0.45 0.8890625 0.040625 0.0375
0 0.50390625 0.84296875 0.0453125 0.0359375
0 0.4203125 0.73046875 0.0375 0.0359375
0 0.67421875 0.934375 0.0390625 0.040625
0 0.66875 0.98203125 0.065625 0.0359375
0 0.6484375 0.275 0.05625 0.0625
