0 0.44921875 0.86640625 0.0546875 0.0484375
0 0.38359375 0.59296875 0.0640625 0.0609375
0 0.1703125 0.6953125 0.071875 0.06875
0 0.1578125 0.6265625 0.090625 0.071875
0 0.36640625 0.1109375 0.0796875 0.071875
0 0.890625 0.8265625 0.08125 0.065625
0 0.3703125 0.178125 0.08125 0.071875
0 0.134375 0.11484375 0.071875 0.0703125
0 0.20546875 0.38515625 0.0921875 0.0859375
0 0.7046875 0.80859375 0.0875 0.0953125
0 0.86796875 0.71328125 0.0953125 0.0859375
0 0.7015625 0.22890625 0.09375 0.0703125
0 0.86484375 0.06875 0.1078125 0.084375
0 0.15625 0.2875 0.08125 0.078125
0 0.70078125 0.90078125 0.0921875 0.0828125
0 0.87890625 0.6359375 0.0859375 0.071875
0 0.53046875 0.25703125 0.0734375 0.0609375
0 0.65625 0.140625 0.084375 0.075
0 0.91171875 0.96796875 0.0671875 0.0515625
0 0.8609375 0.21484375 0.121875 0.0984375
0 0.15703125 0.20546875 0.0765625 0.0703125
0 0.240625 0.96171875 0.065625 0.0546875
0 0.3875 0.3921875 0.08125 0.075
0 0.765625 0.696875 0.096875 0.075
0 0.165625 0.8984375 0.06875 0.075
0 0.8828125 0.88125 0.078125 0.071875
0 0.0390625 0.76171875 0.065625 0.0765625
0 0.43046875 0.96796875 0.0640625 0.0515625
0 0.69140625 0.2921875 0.0984375 0.078125
0 0.5359375 0.17890625 0.071875 0.0734375
0 0.72578125 0.97265625 0.0890625 0.0453125
0 0.5296875 0.14921875 0.071875 0.0734375
0 0.14453125 0.0328125 0.0734375 0.05625
0 0.41796875 0.8203125 0.0828125 0.0625
0 0.65078125 0.04140625 0.0890625 0.0640625
0 0.5296875 0.0640625 0.065625 0.0625
0 0.41328125 0.31328125 0.0578125 0.0515625
0 0.36015625 0.0296875 0.0609375 0.046875
