0 0.5609375 0.20859375 0.059375 0.0609375
0 0.74375 0.08515625 0.059375 0.0578125
0 0.78046875 0.1515625 0.0890625 0.084375
0 0.325 0.05625 0.109375 0.1
0 0.35703125 0.39375 0.1140625 0.096875
0 0.365625 0.65234375 0.115625 0.0984375
0 0.940625 0.81796875 0.09375 0.0953125
0 0.19765625 0.5765625 0.1015625 0.09375
0 0.24609375 0.82890625 0.1078125 0.0953125
0 0.95546875 0.65625 0.0765625 0.08125
0 0.96171875 0.1828125 0.0671875 0.071875
0 0.25234375 0.5 0.1171875 0.109375
0 0.73828125 0.684375 0.0953125 0.084375
0 0.528125 0.725 0.09375 0.084375
0 0.22421875 0.3921875 0.1046875 0.096875
0 0.54375 0.82734375 0.109375 0.0890625
0 0.3765625 0.7453125 0.0875 0.09375
0 0.7078125 0.93828125 0.0625 0.0703125
0 0.93671875 0.24375 0.0765625 0.075
0 0.36953125 0.28046875 0.1109375 0.1046875
0 0.30390625 0.20625 0.1046875 0.0875
0 0.39765625 0.55625 0.0921875 0.08125
0 0.66953125 0.29140625 0.0734375 0.0765625
0 0.68046875 0.4421875 0.0828125 0.078125
0 0.68125 0.7671875 0.078125 0.071875
0 0.94453125 0.9625 0.0734375 0.05625
0 0.19453125 0.328125 0.0828125 0.06875
0 0.421875 0.48828125 0.09375 0.0734375
0 0.965625 0.0328125 0.0625 0.0625
0 0.440625 0.83359375 0.096875 0.0890625
0 0.6765625 0.56796875 0.084375 0.0734375
0 0.38515625 0.88046875 0.1109375 0.1015625
0 0.38671875 0.9453125 0.1015625 0.08125
0 0.6875 0.51640625 0.10625 0.0765625
0 0.48359375 0.03359375 0.0734375 0.0640625
0 0.578125 0.1109375 0.078125 0.059375
0 0.69296875 0.8359375 0.0703125 0.075
0 0.5515625 0.9421875 0.071875 0.06875
0 0.25390625 0.6890625 0.0703125 0.0625
0 0.53203125 0.63984375 0.0703125 0.0640625
0 0.5109375 0.42421875 0.059375 0.0578125
0 0.94140625 0.71875 0.0765625 0.071875
0 0.2265625 0.746875 0.096875 0.08125
0 0.784375 0.03125 0.078125 0.05625
0 0.50625 0.375 0.06875 0.05
0 0.1296875 0.19765625 0.109375 0.0921875
0 0.18203125 0.89375 0.0984375 0.09375
0 0.95703125 0.40234375 0.0671875 0.0671875
0 0.94921875 0.4703125 0.0890625 0.078125
0 0.16015625 0.2859375 0.0828125 0.071875
0 0.47578125 0.2078125 0.0609375 0.065625
0 0.7125 0.24375 0.075 0.071875
0 0.0953125 0.04140625 0.071875 0.0765625
0 0.14453125 0.0875 0.0765625 0.071875
0 0.7515625 0.94375 0.0625 0.059375
