0 0.4015625 0.90859375 0.059375 0.0453125
0 0.94921875 0.2859375 0.0953125 0.109375
0 0.753125 0.2953125 0.109375 0.09375
0 0.5265625 0.04140625 0.10625 0.0796875
0 0.23828125 0.73359375 0.1078125 0.0921875
0 0.03515625 0.08671875 0.0671875 0.0671875
0 0.7421875 0.6203125 0.084375 0.0875
0 0.6125 0.2203125 0.090625 0.078125
0 0.21171875 0.21953125 0.1046875 0.0953125
0 0.7953125 0.928125 0.090625 0.090625
0 0.7421875 0.175 0.128125 0.09375
0 0.775 0.83671875 0.096875 0.0984375
0 0.21796875 0.06015625 0.0953125 0.0671875
0 0.94375 0.0359375 0.084375 0.06875
0 0.58828125 0.56796875 0.0953125 0.0921875
0 0.72109375 0.0359375 0.0953125 0.06875
0 0.31015625 0.33671875 0.0796875 0.0734375
0 0.05 0.25 0.090625 0.084375
0 0.2703125 0.828125 0.0625 0.059375
0 0.965625 0.59375 0.059375 0.0625
0 0.58359375 0.74921875 0.0765625 0.0734375
0 0.96328125 0.72265625 0.0671875 0.0828125
0 0.7765625 0.759375 0.06875 0.06875
0 0.35546875 0.15625 0.0734375 0.0625
0 0.37109375 0.3140625 0.0671875 0.075
0 0.553125 0.234375 0.0875 0.071875
0 0.6265625 0.69765625 0.084375 0.0890625
0 0.9609375 0.8828125 0.071875 0.09375
0 0.61015625 0.8328125 0.0765625 0.084375
0 0.7859375 0.69609375 0.08125 0.0765625
0 0.96171875 0.10859375 0.0765625 0.0703125
0 0.9796875 0.20390625 0.040625 0.0828125
