0 0.45234375 0.8296875 0.0609375 0.059375
0 0.96171875 0.89921875 0.0609375 0.0578125
0 0.953125 0.734375 0.059375 0.053125
0 0.13984375 0.97265625 0.0703125 0.0453125
0 0.9671875 0.9421875 0.059375 0.05625
0 0.10859375 0.0453125 0.1203125 0.0875
0 0.77734375 0.61328125 0.1046875 0.0953125
0 0.91484375 0.4390625 0.0953125 0.084375
0 0.79765625 0.7296875 0.1046875 0.0625
0 0.7671875 0.1390625 0.090625 0.075
0 0.1859375 0.76796875 0.0875 0.0828125
0 0.80625 0.82109375 0.090625 0.0796875
0 0.77109375 0.0390625 0.1140625 0.075
0 0.1234375 0.5796875 0.08125 0.078125
0 0.93984375 0.63203125 0.0703125 0.0671875
0 0.796875 0.465625 0.078125 0.065625
0 0.4765625 0.159375 0.1125 0.115625
0 0.5625 0.93359375 0.078125 0.0703125
0 0.93125 0.5703125 0.065625 0.0625
0 0.35859375 0.03046875 0.0734375 0.0578125
0 0.15546875 0.65546875 0.0453125 0.0484375
0 0.540625 0.5828125 0.06875 0.075
0 0.4375 0.734375 0.0875 0.078125
0 0.79921875 0.54140625 0.0828125 0.0734375
0 0.521875 0.6671875 0.065625 0.0625
0 0.35390625 0.08671875 0.0734375 0.0765625
0 0.9703125 0.7859375 0.053125 0.059375
0 0.38125 0.1453125 0.071875 0.06875
0 0.43203125 0.90859375 0.0796875 0.0796875
0 0.38125 0.54453125 0.08125 0.0640625
0 0.55625 0.79609375 0.071875 0.0734375
0 0.53984375 0.51171875 0.0796875 0.0640625
0 0.1109375 0.146875 0.1125 0.090625
0 0.76484375 0.97578125 0.0609375 0.0453125
0 0.81015625 0.6921875 0.0484375 0.0375
0 0.1671875 0.50859375 0.04375 0.0546875
