0 0.59140625 0.8453125 0.0640625 0.05625
0 0.52109375 0.05625 0.1078125 0.09375
0 0.69609375 0.58046875 0.0984375 0.0859375
0 0.6953125 0.14765625 0.084375 0.0765625
0 0.6921875 0.50703125 0.0875 0.0765625
0 0.2875 0.93828125 0.10625 0.0859375
0 0.128125 0.9078125 0.09375 0.084375
0 0.67265625 0.28203125 0.1046875 0.0921875
0 0.296875 0.109375 0.09375 0.075
0 0.91875 0.19765625 0.08125 0.0734375
0 0.959375 0.91796875 0.065625 0.0640625
0 0.91796875 0.115625 0.0796875 0.071875
0 0.728125 0.41796875 0.090625 0.0765625
0 0.5390625 0.52265625 0.090625 0.0890625
0 0.625 0.79375 0.071875 0.065625
0 0.28515625 0.27734375 0.0765625 0.0703125
0 0.9625 0.56015625 0.0625 0.0671875
0 0.5703125 0.9125 0.075 0.065625
0 0.103125 0.25390625 0.071875 0.0640625
0 0.171875 0.38828125 0.071875 0.0703125
0 0.24453125 0.2125 0.0796875 0.078125
0 0.925 0.4859375 0.075 0.0625
0 0.17109375 0.24375 0.0703125 0.06875
0 0.89609375 0.4125 0.0828125 0.071875
0 0.27421875 0.353125 0.0765625 0.071875
0 0.16015625 0.4859375 0.0828125 0.075
0 0.51796875 0.2734375 0.0671875 0.075
0 0.71796875 0.30625 0.0703125 0.075
0 0.29609375 0.46875 0.0953125 0.075
0 0.95703125 0.30625 0.0640625 0.0625
0 0.1171875 0.55078125 0.115625 0.0984375
0 0.934375 0.7734375 0.109375 0.115625
0 0.2953125 0.8640625 0.1125 0.090625
0 0.37734375 0.60390625 0.1015625 0.0921875
0 0.54375 0.15546875 0.096875 0.0921875
0 0.8828125 0.04453125 0.084375 0.0796875
0 0.70703125 0.0453125 0.0859375 0.0875
0 0.10625 0.0390625 0.090625 0.071875
0 0.1296875 0.11328125 0.09375 0.0734375
0 0.5546875 0.4578125 0.0875 0.075
