0 0.1234375 0.49453125 0.05625 0.0515625
0 0.1328125 0.81640625 0.059375 0.0515625
0 0.115625 0.109375 0.0625 0.0625
0 0.11015625 0.55625 0.0515625 0.05
0 0.76875 0.8 0.065625 0.059375
0 0.36875 0.24765625 0.065625 0.0609375
0 0.06015625 0.028125 0.0796875 0.053125
0 0.1390625 0.60859375 0.0875 0.0828125
0 0.12578125 0.34921875 0.0984375 0.0796875
0 0.04453125 0.27578125 0.0859375 0.0984375
0 0.93515625 0.62890625 0.0859375 0.0734375
0 0.27109375 0.64609375 0.0734375 0.0796875
0 0.078125 0.909375 0.103125 0.10625
0 0.175 0.18203125 0.084375 0.0703125
0 0.94921875 0.52734375 0.0703125 0.0703125
0 0.178125 0.04296875 0.1 0.0796875
0 0.771875 0.5515625 0.084375 0.065625
0 0.7921875 0.72109375 0.0875 0.0828125
0 0.796875 0.4453125 0.0875 0.078125
0 0.94453125 0.946875 0.0703125 0.071875
0 0.76484375 0.32890625 0.0859375 0.0578125
0 0.76953125 0.10859375 0.0828125 0.0765625
0 0.94140625 0.37421875 0.0671875 0.0671875
0 0.93203125 0.29765625 0.0765625 0.0796875
0 0.946875 0.86171875 0.065625 0.0640625
0 0.11875 0.75234375 0.0625 0.0640625
0 0.7578125 0.0265625 0.084375 0.05
0 0.909375 0.44609375 0.0875 0.0828125
0 0.76875 0.63671875 0.075 0.0828125
0 0.9015625 0.14140625 0.071875 0.0640625
0 0.25234375 0.15234375 0.0703125 0.0703125
0 0.921875 0.0609375 0.065625 0.071875
0 0.90859375 0.7640625 0.0609375 0.0625
0 0.1421875 0.41640625 0.06875 0.0546875
0 0.41953125 0.53125 0.0640625 0.065625
0 0.7953125 0.2328125 0.06875 0.0625
