0 0.178125 0.84296875 0.05625 0.0546875
0 0.89375 0.88828125 0.059375 0.0609375
0 0.3109375 0.25234375 0.05625 0.0484375
0 0.90234375 0.0515625 0.0953125 0.090625
0 0.59296875 0.93671875 0.0984375 0.0859375
0 0.14140625 0.72421875 0.0921875 0.0890625
0 0.71171875 0.06328125 0.0953125 0.0859375
0 0.6953125 0.16640625 0.090625 0.0828125
0 0.94375 0.803125 0.078125 0.075
0 0.26484375 0.1125 0.0734375 0.071875
0 0.109375 0.12734375 0.0875 0.0828125
0 0.59296875 0.31796875 0.0890625 0.0734375
0 0.35625 0.9078125 0.075 0.071875
0 0.69609375 0.4140625 0.0953125 0.09375
0 0.56015625 0.1671875 0.1078125 0.0875
0 0.29296875 0.83046875 0.0859375 0.0765625
0 0.75703125 0.29375 0.0859375 0.08125
0 0.6984375 0.94453125 0.090625 0.0734375
0 0.93828125 0.16328125 0.0921875 0.0984375
0 0.30234375 0.77734375 0.0671875 0.0578125
0 0.0296875 0.703125 0.05625 0.06875
0 0.51328125 0.39375 0.0921875 0.084375
0 0.4671875 0.02734375 0.075 0.0515625
0 0.9578125 0.21015625 0.075 0.0890625
0 0.22890625 0.80078125 0.0703125 0.0640625
0 0.62109375 0.271875 0.0859375 0.06875
0 0.3328125 0.390625 0.0625 0.065625
0 0.8765625 0.75546875 0.071875 0.0703125
0 0.15234375 0.3140625 0.0734375 0.08125
0 0.64453125 0.59765625 0.0609375 0.0703125
0 0.16640625 0.94140625 0.0578125 0.0609375
0 0.55703125 0.73046875 0.0796875 0.0734375
0 0.4375 0.2890625 0.0625 0.046875
0 0.9453125 0.4109375 0.075 0.065625
0 0.3015625 0.33359375 0.05 0.0671875
0 0.16328125 0.378125 0.0671875 0.059375
0 0.09296875 0.478125 0.0765625 0.065625
0 0.0984375 0.04609375 0.05625 0.0609375
0 0.31015625 0.08828125 0.0703125 0.0921875
0 0.140625 0.21171875 0.075 0.0578125
0 0.0234375 0.28359375 0.04375 0.0671875
0 0.01796875 0.20859375 0.0328125 0.0609375
