0 0.65 0.38984375 0.053125 0.0484375
0 0.71015625 0.9703125 0.0609375 0.046875
0 0.3578125 0.03203125 0.05625 0.0546875
0 0.61484375 0.31640625 0.0515625 0.0484375
0 0.65859375 0.6625 0.0515625 0.053125
0 0.96796875 0.21484375 0.0515625 0.0515625
0 0.66953125 0.50703125 0.0546875 0.0546875
0 0.91796875 0.76796875 0.0609375 0.0546875
0 0.63046875 0.5703125 0.0546875 0.05
0 0.0234375 0.56953125 0.04375 0.0421875
0 0.028125 0.434375 0.053125 0.059375
0 0.02890625 0.03984375 0.0546875 0.0609375
0 0.8921875 0.3671875 0.059375 0.05625
0 0.6671875 0.9265625 0.053125 0.05
0 0.6203125 0.14765625 0.0625 0.0546875
0 0.35546875 0.1453125 0.0640625 0.05625
0 0.184375 0.96796875 0.0625 0.0453125
0 0.2375 0.88515625 0.05625 0.0546875
0 0.6234375 0.23046875 0.053125 0.0546875
0 0.0265625 0.89140625 0.05 0.0609375
0 0.6859375 0.80390625 0.05 0.0453125
0 0.04375 0.821875 0.075 0.071875
0 0.2046875 0.78359375 0.0875 0.0796875
0 0.95 0.484375 0.0875 0.08125
0 0.6859375 0.03671875 0.06875 0.0640625
0 0.9453125 0.934375 0.084375 0.08125
0 0.0359375 0.7 0.06875 0.071875
0 0.67734375 0.75703125 0.0765625 0.0640625
0 0.05703125 0.28046875 0.0828125 0.0671875
0 0.8546875 0.07890625 0.0875 0.0734375
0 0.95625 0.58984375 0.075 0.0671875
0 0.371875 0.9421875 0.071875 0.071875
0 0.2140625 0.51171875 0.071875 0.0671875
0 0.06484375 0.640625 0.0609375 0.05
0 0.5703125 0.0671875 0.06875 0.071875
0 0.36875 0.44453125 0.078125 0.0703125
0 0.91953125 0.02421875 0.0671875 0.0453125
0 0.1828125 0.69140625 0.078125 0.0765625
0 0.95 0.64140625 0.065625 0.0609375
0 0.68828125 0.20625 0.0703125 0.0625
0 0.21328125 0.3015625 0.1015625 0.071875
0 0.04140625 0.14296875 0.0703125 0.0578125
0 0.225 0.35 0.08125 0.0625
0 0.90859375 0.41640625 0.0578125 0.0515625
0 0.365625 0.2328125 0.084375 0.06875
0 0.85625 0.80078125 0.06875 0.0671875
0 0.94375 0.28359375 0.071875 0.0703125
0 0.24375 0.03671875 0.08125 0.0703125
0 0.1875 0.03125 0.05 0.059375
