0 0.25859375 0.03046875 0.0703125 0.0578125
0 0.69765625 0.72578125 0.1015625 0.0984375
0 0.0859375 0.76875 0.0875 0.084375
0 0.8140625 0.43828125 0.09375 0.0828125
0 0.6703125 0.03984375 0.1125 0.0765625
0 0.67890625 0.61328125 0.1015625 0.0953125
0 0.66640625 0.1390625 0.0890625 0.075
0 0.70546875 0.8203125 0.0921875 0.08125
0 0.88203125 0.7828125 0.0796875 0.071875
0 0.03359375 0.046875 0.0640625 0.075
0 0.42109375 0.6671875 0.0671875 0.065625
0 0.03359375 0.14375 0.0640625 0.075
0 0.04921875 0.6640625 0.0609375 0.0625
0 0.696875 0.46640625 0.078125 0.0671875
0 0.03203125 0.58125 0.0609375 0.06875
0 0.4609375 0.9328125 0.078125 0.06875
0 0.840625 0.63203125 0.06875 0.0671875
0 0.69921875 0.54140625 0.0828125 0.0734375
0 0.83125 0.5703125 0.065625 0.0625
0 0.2546875 0.0875 0.075 0.075
0 0.44140625 0.58359375 0.0671875 0.0734375
0 0.3515625 0.82890625 0.065625 0.0609375
0 0.28046875 0.14453125 0.0734375 0.0703125
0 0.28125 0.54375 0.08125 0.0625
0 0.45625 0.79609375 0.06875 0.0703125
0 0.35 0.74765625 0.053125 0.0546875
0 0.346875 0.91171875 0.0625 0.0546875
0 0.8578125 0.73671875 0.0625 0.0578125
0 0.8625 0.89765625 0.065625 0.0515625
0 0.88046875 0.946875 0.0640625 0.046875
0 0.71796875 0.9234375 0.0671875 0.046875
0 0.6765625 0.97734375 0.059375 0.0421875
0 0.0359375 0.971875 0.053125 0.04375
0 0.38125 0.17421875 0.075 0.0734375
0 0.4453125 0.5078125 0.08125 0.0625
0 0.425 0.7375 0.059375 0.046875
0 0.25546875 0.65234375 0.0453125 0.0546875
0 0.0734375 0.490625 0.040625 0.034375
