0 0.2125 0.103125 0.059375 0.053125
0 0.2734375 0.96328125 0.0625 0.0484375
0 0.04140625 0.103125 0.0515625 0.04375
0 0.0296875 0.84921875 0.05625 0.0578125
0 0.27265625 0.2140625 0.0546875 0.05625
0 0.93203125 0.925 0.0578125 0.0625
0 0.4234375 0.96015625 0.05 0.0484375
0 0.14140625 0.9671875 0.0640625 0.05
0 0.88515625 0.8421875 0.0484375 0.046875
0 0.0484375 0.70859375 0.078125 0.0765625
0 0.86640625 0.0640625 0.0765625 0.08125
0 0.19609375 0.2671875 0.0921875 0.075
0 0.2109375 0.8984375 0.084375 0.071875
0 0.1859375 0.1484375 0.078125 0.06875
0 0.89296875 0.74765625 0.0703125 0.0609375
0 0.87265625 0.6234375 0.0703125 0.065625
0 0.91953125 0.365625 0.0703125 0.065625
0 0.0453125 0.15078125 0.065625 0.0609375
0 0.71171875 0.42109375 0.0796875 0.0734375
0 0.2046875 0.3796875 0.0625 0.05625
0 0.75234375 0.22109375 0.0609375 0.0609375
0 0.69140625 0.11328125 0.0765625 0.0703125
0 0.73125 0.7546875 0.0875 0.075
0 0.7484375 0.9328125 0.071875 0.071875
0 0.03828125 0.80234375 0.0671875 0.0609375
0 0.22109375 0.025 0.0609375 0.046875
0 0.74453125 0.8421875 0.0859375 0.0875
0 0.05 0.94765625 0.0625 0.0546875
0 0.196875 0.784375 0.096875 0.0875
0 0.746875 0.01796875 0.04375 0.0328125
