0 0.05234375 0.23203125 0.0578125 0.0515625
0 0.13984375 0.9734375 0.0671875 0.04375
0 0.05625 0.34609375 0.06875 0.0546875
0 0.13671875 0.75078125 0.0984375 0.0921875
0 0.65078125 0.63984375 0.1109375 0.0984375
0 0.7921875 0.43984375 0.09375 0.0921875
0 0.89140625 0.8265625 0.0984375 0.0875
0 0.88046875 0.946875 0.0859375 0.071875
0 0.64453125 0.35546875 0.1109375 0.0984375
0 0.3359375 0.2640625 0.090625 0.084375
0 0.72109375 0.91640625 0.1046875 0.0953125
0 0.83203125 0.7390625 0.0921875 0.078125
0 0.803125 0.1515625 0.10625 0.103125
0 0.83984375 0.2484375 0.0921875 0.084375
0 0.85078125 0.65 0.1046875 0.09375
0 0.04140625 0.16484375 0.0828125 0.0828125
0 0.6671875 0.49921875 0.084375 0.0765625
0 0.0421875 0.03515625 0.075 0.0703125
0 0.06875 0.4296875 0.078125 0.08125
0 0.646875 0.2484375 0.090625 0.08125
0 0.6390625 0.16484375 0.084375 0.0671875
0 0.34609375 0.875 0.0890625 0.075
0 0.61640625 0.0234375 0.0796875 0.046875
0 0.61640625 0.09609375 0.0921875 0.0828125
0 0.17109375 0.66796875 0.0921875 0.0734375
0 0.109375 0.28203125 0.0875 0.0734375
0 0.79296875 0.07578125 0.0890625 0.0640625
0 0.2 0.82890625 0.078125 0.0703125
0 0.9171875 0.4984375 0.096875 0.06875
0 0.43359375 0.6421875 0.0921875 0.075
0 0.15390625 0.89296875 0.0859375 0.0703125
0 0.46796875 0.5796875 0.0921875 0.078125
0 0.1671875 0.06640625 0.06875 0.0609375
0 0.13984375 0.50546875 0.0828125 0.0671875
0 0.36328125 0.45703125 0.1015625 0.0859375
0 0.09140625 0.60390625 0.0765625 0.0671875
0 0.35078125 0.35859375 0.1015625 0.0703125
0 0.31640625 0.71015625 0.0640625 0.0609375
0 0.71953125 0.8609375 0.0765625 0.065625
0 0.38046875 0.51171875 0.0640625 0.0578125
0 0.7984375 0.33125 0.09375 0.090625
0 0.6796875 0.746875 0.09375 0.08125
0 0.509375 0.834375 0.078125 0.071875
0 0.12578125 0.38203125 0.0828125 0.0890625
0 0.3421875 0.04921875 0.096875 0.0828125
