0 0.76875 0.97578125 0.06875 0.0421875
0 0.19140625 0.1328125 0.0546875 0.05
0 0.38203125 0.8921875 0.0546875 0.053125
0 0.36484375 0.290625 0.0640625 0.0625
0 0.90546875 0.56953125 0.0828125 0.0734375
0 0.65234375 0.76796875 0.0515625 0.0609375
0 0.91484375 0.946875 0.0890625 0.078125
0 0.39921875 0.61953125 0.0671875 0.0609375
0 0.56171875 0.95234375 0.0765625 0.0703125
0 0.5796875 0.6765625 0.08125 0.084375
0 0.37421875 0.025 0.0734375 0.046875
0 0.21015625 0.0453125 0.0578125 0.053125
0 0.37578125 0.18359375 0.0640625 0.0640625
0 0.0296875 0.58125 0.05625 0.06875
0 0.4265625 0.12109375 0.065625 0.0578125
0 0.21328125 0.2046875 0.0703125 0.065625
0 0.6515625 0.03671875 0.059375 0.0609375
0 0.87265625 0.23203125 0.0609375 0.0640625
0 0.87109375 0.1421875 0.0578125 0.059375
0 0.55546875 0.0453125 0.0765625 0.071875
0 0.19375 0.8734375 0.059375 0.065625
0 0.3703125 0.96484375 0.05625 0.0515625
0 0.22734375 0.09921875 0.0578125 0.0515625
0 0.05546875 0.31015625 0.0828125 0.0671875
0 0.89296875 0.66328125 0.0609375 0.0578125
0 0.209375 0.26796875 0.059375 0.0578125
0 0.3671875 0.81796875 0.096875 0.0734375
0 0.57265625 0.5234375 0.0796875 0.078125
0 0.01796875 0.7625 0.0234375 0.059375
0 0.0734375 0.97890625 0.05625 0.0421875
0 0.13984375 0.9265625 0.0421875 0.04375
0 0.61484375 0.77421875 0.0328125 0.0609375
0 0.86015625 0.8390625 0.0546875 0.06875
