0 0.85234375 0.13828125 0.0984375 0.0921875
0 0.446875 0.03203125 0.078125 0.0609375
0 0.35 0.42265625 0.109375 0.0890625
0 0.4578125 0.61875 0.090625 0.090625
0 0.29375 0.74765625 0.10625 0.0953125
0 0.80625 0.65625 0.096875 0.090625
0 0.6375 0.446875 0.09375 0.096875
0 0.83203125 0.96015625 0.0859375 0.0640625
0 0.86015625 0.3125 0.0765625 0.065625
0 0.35390625 0.85390625 0.0734375 0.0734375
0 0.41796875 0.1890625 0.0828125 0.075
0 0.19609375 0.30234375 0.0796875 0.0765625
0 0.84609375 0.8578125 0.0953125 0.0875
0 0.82734375 0.05859375 0.0734375 0.0765625
0 0.62109375 0.10390625 0.0890625 0.1015625
0 0.4078125 0.27109375 0.103125 0.0828125
0 0.6453125 0.7546875 0.09375 0.1
0 0.4953125 0.7234375 0.084375 0.075
0 0.19375 0.13515625 0.09375 0.0796875
0 0.3546875 0.6125 0.084375 0.078125
0 0.6734375 0.3078125 0.071875 0.071875
0 0.26796875 0.1515625 0.0890625 0.075
0 0.65390625 0.05078125 0.0796875 0.0703125
0 0.09609375 0.675 0.0765625 0.071875
0 0.64921875 0.596875 0.0734375 0.075
0 0.84453125 0.56015625 0.0765625 0.0703125
0 0.67578125 0.19765625 0.0796875 0.0859375
0 0.84765625 0.22578125 0.0578125 0.0609375
0 0.50078125 0.85 0.0609375 0.0625
0 0.8328125 0.75234375 0.075 0.0828125
0 0.8109375 0.48046875 0.096875 0.1078125
0 0.6625 0.86953125 0.09375 0.0859375
0 0.3453125 0.95 0.1125 0.084375
0 0.08359375 0.384375 0.0484375 0.059375
