0 0.6890625 0.75390625 0.05625 0.0515625
0 0.31796875 0.83046875 0.0578125 0.0515625
0 0.16796875 0.06640625 0.1046875 0.0734375
0 0.934375 0.5796875 0.084375 0.078125
0 0.22734375 0.36796875 0.1046875 0.0921875
0 0.85625 0.05859375 0.071875 0.0578125
0 0.675 0.59765625 0.06875 0.0640625
0 0.9140625 0.178125 0.084375 0.084375
0 0.69609375 0.9484375 0.0859375 0.06875
0 0.2078125 0.7546875 0.0875 0.075
0 0.87734375 0.2671875 0.0921875 0.084375
0 0.72734375 0.109375 0.0796875 0.0625
0 0.68828125 0.6984375 0.0765625 0.0625
0 0.5203125 0.54296875 0.08125 0.0796875
0 0.6921875 0.8609375 0.084375 0.065625
0 0.51796875 0.27265625 0.0921875 0.0796875
0 0.93203125 0.67265625 0.0671875 0.0578125
0 0.96015625 0.91953125 0.0734375 0.0953125
0 0.52578125 0.934375 0.0734375 0.071875
0 0.6625 0.21953125 0.0875 0.0765625
0 0.22578125 0.63125 0.1234375 0.10625
0 0.49609375 0.834375 0.0828125 0.078125
0 0.93984375 0.7359375 0.0921875 0.078125
0 0.56875 0.75078125 0.065625 0.0578125
0 0.484375 0.0765625 0.084375 0.078125
0 0.51171875 0.69609375 0.0796875 0.0796875
0 0.21953125 0.2453125 0.0953125 0.0875
0 0.2234375 0.83828125 0.103125 0.1046875
0 0.17734375 0.165625 0.0921875 0.090625
0 0.9140625 0.78515625 0.04375 0.0421875
0 0.234375 0.934375 0.053125 0.053125
0 0.01796875 0.88515625 0.0328125 0.0609375
