0 0.45625 0.13671875 0.053125 0.0515625
0 0.46328125 0.971875 0.0484375 0.0375
0 0.3953125 0.575 0.059375 0.0625
0 0.03203125 0.9765625 0.0609375 0.040625
0 0.14609375 0.53984375 0.0546875 0.0453125
0 0.39453125 0.81796875 0.0578125 0.0546875
0 0.86875 0.696875 0.103125 0.1
0 0.66875 0.26484375 0.096875 0.0859375
0 0.896875 0.578125 0.096875 0.09375
0 0.8859375 0.94296875 0.096875 0.0734375
0 0.7 0.74296875 0.103125 0.0921875
0 0.653125 0.44921875 0.103125 0.0859375
0 0.1671875 0.92578125 0.078125 0.0734375
0 0.4015625 0.87265625 0.06875 0.0609375
0 0.20703125 0.78203125 0.0765625 0.0640625
0 0.12421875 0.3015625 0.0796875 0.084375
0 0.86640625 0.08515625 0.0953125 0.0640625
0 0.1671875 0.16953125 0.078125 0.0640625
0 0.44921875 0.04140625 0.0859375 0.0703125
0 0.36796875 0.6734375 0.0828125 0.071875
0 0.73828125 0.61484375 0.0828125 0.0890625
0 0.6890625 0.953125 0.096875 0.06875
0 0.10703125 0.5 0.0796875 0.06875
0 0.35625 0.375 0.071875 0.065625
0 0.13125 0.41015625 0.075 0.0703125
0 0.17578125 0.109375 0.0703125 0.05625
0 0.340625 0.24921875 0.059375 0.0671875
0 0.69375 0.09140625 0.06875 0.0671875
0 0.9015625 0.86796875 0.065625 0.0609375
0 0.696875 0.8984375 0.06875 0.059375
0 0.86484375 0.36171875 0.0984375 0.0765625
0 0.46875 0.63203125 0.06875 0.0765625
0 0.3390625 0.0984375 0.06875 0.0625
0 0.86875 0.43671875 0.0875 0.0828125
0 0.08671875 0.87734375 0.0671875 0.0546875
0 0.4859375 0.80859375 0.0625 0.0640625
0 0.88125 0.2625 0.08125 0.065625
0 0.68515625 0.52109375 0.0703125 0.0671875
0 0.3515625 0.46015625 0.06875 0.0578125
0 0.81953125 0.21796875 0.0671875 0.0609375
0 0.69921875 0.02421875 0.0671875 0.0453125
0 0.37109375 0.0296875 0.0734375 0.053125
0 0.309375 0.54453125 0.071875 0.0890625
0 0.4171875 0.73359375 0.040625 0.0421875
0 0.465625 0.90078125 0.05625 0.0453125
0 0.38515625 0.978125 0.0515625 0.0375
0 0.25546875 0.89140625 0.0609375 0.0578125
0 0.64921875 0.84453125 0.0421875 0.1015625
0 0.9359375 0.21171875 0.08125 0.0890625
0 0.46875 0.32890625 0.071875 0.0734375
0 0.44765625 0.27109375 0.0640625 0.0578125
0 0.82109375 0.021875 0.1171875 0.034375
