0 0.31875 0.03515625 0.0625 0.0515625
0 0.109375 0.4234375 0.05625 0.053125
0 0.46953125 0.11328125 0.0546875 0.0578125
0 0.10078125 0.61328125 0.0546875 0.0578125
0 0.48828125 0.75 0.0578125 0.053125
0 0.83203125 0.8125 0.0578125 0.05
0 0.4765625 0.43359375 0.053125 0.0609375
0 0.31796875 0.97421875 0.0515625 0.0359375
0 0.484375 0.89609375 0.053125 0.0546875
0 0.10078125 0.190625 0.0859375 0.06875
0 0.3078125 0.390625 0.0875 0.075
0 0.121875 0.54609375 0.0875 0.0796875
0 0.82109375 0.9140625 0.1046875 0.090625
0 0.7515625 0.1015625 0.075 0.059375
0 0.096875 0.29765625 0.08125 0.0765625
0 0.48203125 0.64375 0.0890625 0.075
0 0.0625 0.3875 0.065625 0.059375
0 0.77734375 0.23359375 0.1015625 0.0796875
0 0.05625 0.03203125 0.071875 0.0609375
0 0.30546875 0.7125 0.0890625 0.071875
0 0.7921875 0.39296875 0.090625 0.0828125
0 0.834375 0.73984375 0.06875 0.0671875
0 0.28515625 0.55234375 0.1109375 0.1078125
0 0.8125 0.4765625 0.071875 0.065625
0 0.08671875 0.90625 0.0828125 0.09375
0 0.4890625 0.21953125 0.06875 0.0640625
0 0.83125 0.5515625 0.075 0.08125
0 0.78046875 0.028125 0.0671875 0.05
0 0.46796875 0.52578125 0.0640625 0.0703125
0 0.81875 0.63203125 0.078125 0.0671875
0 0.49375 0.31875 0.065625 0.046875
0 0.51875 0.37890625 0.065625 0.0453125
0 0.08984375 0.84296875 0.0734375 0.0546875
0 0.475 0.959375 0.065625 0.040625
0 0.97578125 0.0578125 0.0484375 0.04375
