0 0.36640625 0.1125 0.0734375 0.04375
0 0.5390625 0.5484375 0.08125 0.075
0 0.41015625 0.8140625 0.0984375 0.10625
0 0.8578125 0.81875 0.071875 0.059375
0 0.55078125 0.9484375 0.0953125 0.06875
0 0.403125 0.41015625 0.071875 0.0734375
0 0.7578125 0.21015625 0.06875 0.0640625
0 0.33671875 0.69375 0.0984375 0.090625
0 0.5890625 0.2453125 0.071875 0.0625
0 0.29453125 0.53671875 0.0921875 0.0953125
0 0.56640625 0.659375 0.0890625 0.084375
0 0.55 0.10078125 0.071875 0.0640625
0 0.12578125 0.4453125 0.0796875 0.075
0 0.11796875 0.2609375 0.0859375 0.075
0 0.52890625 0.46171875 0.1109375 0.0859375
0 0.603125 0.74140625 0.071875 0.0671875
0 0.72734375 0.88828125 0.0859375 0.0734375
0 0.134375 0.80234375 0.075 0.0671875
0 0.73515625 0.72578125 0.0796875 0.0703125
0 0.36640625 0.60703125 0.0796875 0.0703125
0 0.125 0.18984375 0.071875 0.0609375
0 0.54140625 0.3671875 0.0890625 0.071875
0 0.05546875 0.340625 0.0703125 0.059375
0 0.58671875 0.315625 0.0765625 0.06875
0 0.86171875 0.55390625 0.1046875 0.0890625
0 0.59765625 0.84140625 0.0859375 0.0734375
0 0.85234375 0.38984375 0.0890625 0.0765625
0 0.3625 0.0625 0.096875 0.06875
0 0.33671875 0.78203125 0.0953125 0.0953125
0 0.75078125 0.83203125 0.0765625 0.0671875
0 0.11953125 0.08515625 0.0953125 0.0765625
0 0.63671875 0.9421875 0.0796875 0.075
0 0.865625 0.25234375 0.065625 0.0640625
0 0.10546875 0.3296875 0.0609375 0.0625
0 0.4109375 0.2390625 0.071875 0.08125
0 0.5640625 0.16484375 0.08125 0.0640625
0 0.5359375 0.0328125 0.078125 0.059375
0 0.0296875 0.953125 0.05625 0.071875
0 0.31953125 0.33984375 0.1078125 0.1046875
0 0.85625 0.9 0.1125 0.096875
0 0.49921875 0.74453125 0.0953125 0.0953125
0 0.84140625 0.04375 0.0984375 0.084375
0 0.3671875 0.14609375 0.06875 0.0546875
0 0.7375 0.30625 0.065625 0.078125
0 0.3875 0.96640625 0.096875 0.0671875
0 0.1171875 0.57578125 0.06875 0.0859375
