0 0.06328125 0.06171875 0.0578125 0.0484375
0 0.2328125 0.13515625 0.0625 0.0578125
0 0.05390625 0.94375 0.0984375 0.084375
0 0.0671875 0.57109375 0.096875 0.0796875
0 0.61484375 0.06640625 0.0921875 0.0765625
0 0.0734375 0.3109375 0.084375 0.08125
0 0.09375 0.73984375 0.084375 0.0765625
0 0.05234375 0.65078125 0.0703125 0.0671875
0 0.834375 0.81640625 0.090625 0.0828125
0 0.81796875 0.68125 0.0921875 0.0875
0 0.796875 0.91015625 0.09375 0.0828125
0 0.65234375 0.76328125 0.0890625 0.0859375
0 0.2359375 0.86875 0.084375 0.071875
0 0.08125 0.1671875 0.071875 0.06875
0 0.41640625 0.86796875 0.1046875 0.0796875
0 0.634375 0.346875 0.075 0.078125
0 0.88984375 0.46796875 0.0765625 0.0765625
0 0.64453125 0.4609375 0.1015625 0.096875
0 0.228125 0.6578125 0.071875 0.0625
0 0.43046875 0.34296875 0.0703125 0.0671875
0 0.73203125 0.55390625 0.0765625 0.0703125
0 0.20078125 0.29140625 0.0828125 0.0734375
0 0.64765625 0.22265625 0.1234375 0.0953125
0 0.45546875 0.60703125 0.0890625 0.0796875
0 0.74453125 0.475 0.0859375 0.08125
0 0.2125 0.22421875 0.075 0.0671875
0 0.3578125 0.66171875 0.084375 0.0765625
0 0.321875 0.25546875 0.06875 0.0671875
0 0.38984375 0.1390625 0.0765625 0.0625
0 0.778125 0.08671875 0.06875 0.0609375
0 0.965625 0.07109375 0.05625 0.0703125
0 0.21171875 0.421875 0.0734375 0.08125
0 0.215625 0.5828125 0.06875 0.065625
0 0.96328125 0.9140625 0.0640625 0.0875
0 0.34296875 0.559375 0.0671875 0.0625
0 0.04765625 0.415625 0.0921875 0.0875
0 0.0984375 0.8359375 0.090625 0.06875
0 0.42421875 0.4234375 0.0765625 0.0625
0 0.28984375 0.40625 0.0765625 0.065625
0 0.284375 0.76953125 0.096875 0.0609375
0 0.15859375 0.8828125 0.0734375 0.0625
0 0.96953125 0.13671875 0.0609375 0.0703125
0 0.965625 0.30546875 0.059375 0.0828125
