0 0.85234375 0.7265625 0.0640625 0.053125
0 0.9484375 0.45859375 0.09375 0.0984375
0 0.4203125 0.05078125 0.078125 0.0640625
0 0.8125 0.4890625 0.1125 0.10625
0 0.7609375 0.828125 0.090625 0.078125
0 0.075 0.61953125 0.096875 0.0796875
0 0.08828125 0.02265625 0.0796875 0.0453125
0 0.2578125 0.84765625 0.090625 0.0828125
0 0.08125 0.1015625 0.08125 0.053125
0 0.09140625 0.9578125 0.0796875 0.0625
0 0.85859375 0.9546875 0.0859375 0.075
0 0.2625 0.571875 0.096875 0.0875
0 0.08359375 0.78671875 0.1078125 0.0890625
0 0.79296875 0.6390625 0.0953125 0.08125
0 0.29921875 0.790625 0.0828125 0.075
0 0.9375 0.69921875 0.075 0.0734375
0 0.815625 0.1125 0.071875 0.059375
0 0.79765625 0.18046875 0.0765625 0.0828125
0 0.2640625 0.67890625 0.06875 0.0703125
0 0.10625 0.6796875 0.071875 0.05625
0 0.4453125 0.49296875 0.103125 0.0828125
0 0.9453125 0.10234375 0.071875 0.0828125
0 0.95859375 0.2125 0.0640625 0.065625
0 0.07109375 0.4921875 0.0640625 0.0625
0 0.10625 0.725 0.071875 0.059375
0 0.1296875 0.48828125 0.08125 0.0828125
0 0.0734375 0.18046875 0.125 0.0984375
0 0.24765625 0.490625 0.1046875 0.09375
0 0.21328125 0.18125 0.1296875 0.075
