0 0.028125 0.290625 0.053125 0.053125
0 0.43125 0.14765625 0.071875 0.0515625
0 0.74375 0.1390625 0.103125 0.096875
0 0.6578125 0.31015625 0.06875 0.0640625
0 0.0328125 0.06015625 0.065625 0.0765625
0 0.6359375 0.82734375 0.078125 0.0703125
0 0.30390625 0.51015625 0.0703125 0.0734375
0 0.4890625 0.34609375 0.075 0.0640625
0 0.03125 0.36171875 0.059375 0.0671875
0 0.4515625 0.20078125 0.071875 0.0640625
0 0.034375 0.1859375 0.065625 0.065625
0 0.465625 0.76015625 0.090625 0.0890625
0 0.45625 0.0453125 0.078125 0.059375
0 0.7578125 0.91953125 0.071875 0.0640625
0 0.1953125 0.63671875 0.090625 0.0953125
0 0.4390625 0.64765625 0.08125 0.0734375
0 0.034375 0.54453125 0.0625 0.0703125
0 0.26640625 0.70703125 0.0796875 0.0703125
0 0.22109375 0.440625 0.1078125 0.10625
0 0.503125 0.8421875 0.071875 0.06875
0 0.31171875 0.9140625 0.0984375 0.10625
0 0.271875 0.23828125 0.075 0.0671875
0 0.4265625 0.56171875 0.109375 0.0890625
0 0.48671875 0.4171875 0.0765625 0.06875
0 0.39765625 0.840625 0.0953125 0.09375
0 0.65078125 0.93203125 0.0765625 0.0703125
0 0.496875 0.9421875 0.090625 0.078125
0 0.23671875 0.79453125 0.0953125 0.0890625
0 0.23515625 0.88125 0.0953125 0.096875
0 0.7609375 0.65390625 0.10625 0.0890625
0 0.2625 0.16171875 0.09375 0.0703125
0 0.44140625 0.4671875 0.0890625 0.075
0 0.75 0.48984375 0.090625 0.0796875
0 0.03984375 0.90078125 0.0640625 0.0578125
0 0.765625 0.35234375 0.065625 0.0640625
0 0.46328125 0.26484375 0.0828125 0.0640625
0 0.95625 0.14140625 0.065625 0.0609375
0 0.3109375 0.3390625 0.075 0.08125
0 0.43671875 0.10546875 0.0828125 0.0734375
0 0.26796875 0.21484375 0.0734375 0.0484375
0 0.2453125 0.0703125 0.103125 0.084375
0 0.0265625 0.68984375 0.053125 0.0640625
0 0.02265625 0.43359375 0.0453125 0.0546875
