0 0.64140625 0.6609375 0.0609375 0.059375
0 0.95078125 0.49375 0.0671875 0.0625
0 0.33828125 0.81171875 0.0828125 0.0671875
0 0.9390625 0.66875 0.084375 0.08125
0 0.05859375 0.08046875 0.0921875 0.0734375
0 0.2140625 0.24765625 0.0875 0.0890625
0 0.2453125 0.1609375 0.096875 0.090625
0 0.059375 0.88203125 0.0875 0.0859375
0 0.29296875 0.6640625 0.1046875 0.103125
0 0.95 0.7796875 0.09375 0.1
0 0.22421875 0.040625 0.0921875 0.078125
0 0.090625 0.696875 0.121875 0.096875
0 0.94375 0.23671875 0.090625 0.1015625
0 0.8140625 0.1046875 0.1 0.103125
0 0.6171875 0.60078125 0.06875 0.0765625
0 0.1203125 0.309375 0.10625 0.109375
0 0.490625 0.9515625 0.078125 0.06875
0 0.95 0.571875 0.06875 0.06875
0 0.55546875 0.0875 0.1015625 0.065625
0 0.97109375 0.934375 0.0546875 0.078125
0 0.4625 0.85234375 0.075 0.0609375
0 0.67578125 0.846875 0.0640625 0.065625
0 0.853125 0.71875 0.065625 0.078125
0 0.0546875 0.23046875 0.109375 0.1109375
0 0.04765625 0.80234375 0.0921875 0.0890625
0 0.228125 0.946875 0.1125 0.090625
0 0.47734375 0.52265625 0.0671875 0.0578125
0 0.08515625 0.5390625 0.0828125 0.08125
0 0.05546875 0.58671875 0.0796875 0.0734375
0 0.2375 0.51328125 0.096875 0.0828125
0 0.228125 0.5921875 0.1 0.08125
0 0.23046875 0.83671875 0.1109375 0.0765625
0 0.2375 0.77109375 0.09375 0.0703125
0 0.9296875 0.04375 0.065625 0.05625
0 0.86484375 0.53984375 0.0609375 0.0640625
