0 0.87265625 0.06328125 0.0578125 0.0484375
0 0.5640625 0.26640625 0.05625 0.0515625
0 0.728125 0.33359375 0.059375 0.0546875
0 0.72578125 0.04140625 0.0578125 0.0484375
0 0.965625 0.81796875 0.05625 0.0578125
0 0.678125 0.4234375 0.059375 0.05625
0 0.2671875 0.87109375 0.071875 0.0671875
0 0.278125 0.228125 0.071875 0.059375
0 0.54765625 0.19453125 0.0703125 0.0609375
0 0.02734375 0.87890625 0.0515625 0.0578125
0 0.03046875 0.3609375 0.0578125 0.075
0 0.9109375 0.49765625 0.08125 0.0921875
0 0.70859375 0.17109375 0.0734375 0.0640625
0 0.028125 0.153125 0.053125 0.059375
0 0.56328125 0.5390625 0.0703125 0.0625
0 0.5296875 0.35546875 0.065625 0.0546875
0 0.24609375 0.40703125 0.0640625 0.0578125
0 0.565625 0.09921875 0.0625 0.0609375
0 0.24453125 0.47265625 0.0609375 0.0546875
0 0.23984375 0.5515625 0.0640625 0.053125
0 0.5640625 0.05078125 0.059375 0.0453125
0 0.74296875 0.85390625 0.0796875 0.0734375
0 0.2078125 0.10078125 0.08125 0.0609375
0 0.78515625 0.3109375 0.0484375 0.05
