0 0.9734375 0.275 0.046875 0.05625
0 0.975 0.5390625 0.04375 0.053125
0 0.353125 0.0984375 0.05625 0.053125
0 0.45703125 0.928125 0.0921875 0.08125
0 0.7875 0.37109375 0.06875 0.0640625
0 0.4265625 0.65 0.08125 0.065625
0 0.66171875 0.10859375 0.0734375 0.0671875
0 0.81171875 0.2203125 0.0734375 0.06875
0 0.103125 0.9140625 0.103125 0.090625
0 0.35234375 0.03046875 0.0796875 0.0578125
0 0.42109375 0.5765625 0.0890625 0.0875
0 0.6546875 0.24453125 0.09375 0.0953125
0 0.4109375 0.41875 0.096875 0.0875
0 0.25390625 0.665625 0.1046875 0.09375
0 0.875 0.54765625 0.078125 0.0671875
0 0.36796875 0.89375 0.0859375 0.084375
0 0.6515625 0.60234375 0.075 0.0671875
0 0.46640625 0.14140625 0.0734375 0.0640625
0 0.6015625 0.040625 0.0625 0.05625
0 0.03984375 0.56328125 0.0640625 0.0640625
0 0.953125 0.04609375 0.065625 0.0640625
0 0.96796875 0.1328125 0.0546875 0.0625
0 0.6421875 0.48515625 0.075 0.0671875
0 0.85078125 0.31796875 0.0765625 0.0703125
0 0.66953125 0.38125 0.0703125 0.0625
0 0.34296875 0.771875 0.1015625 0.08125
0 0.95234375 0.58203125 0.0640625 0.0640625
0 0.0875 0.80078125 0.08125 0.0828125
0 0.69453125 0.92421875 0.0765625 0.0796875
0 0.65078125 0.4265625 0.0765625 0.0625
0 0.36640625 0.340625 0.0859375 0.084375
0 0.75234375 0.0734375 0.0703125 0.071875
0 0.32421875 0.709375 0.0671875 0.059375
0 0.0515625 0.4796875 0.0625 0.0625
0 0.0421875 0.67421875 0.08125 0.0859375
0 0.43125 0.7390625 0.078125 0.0625
0 0.97109375 0.2171875 0.0515625 0.0625
0 0.8453125 0.4921875 0.06875 0.065625
0 0.38828125 0.18203125 0.0765625 0.0734375
0 0.33671875 0.8515625 0.0671875 0.0625
0 0.81484375 0.4578125 0.0578125 0.0625
0 0.659375 0.7125 0.0625 0.059375
0 0.97265625 0.4734375 0.0453125 0.0625
0 0.76015625 0.925 0.0609375 0.053125
0 0.0578125 0.68828125 0.071875 0.0765625
0 0.84453125 0.68046875 0.0859375 0.0671875
0 0.7796875 0.83828125 0.09375 0.0578125
0 0.77578125 0.87890625 0.0515625 0.0484375
0 0.190625 0.45234375 0.078125 0.0515625
0 0.0265625 0.1046875 0.05 0.0625
0 0.021875 0.203125 0.040625 0.0375
0 0.78828125 0.0171875 0.0640625 0.03125
0 0.95546875 0.375 0.0515625 0.059375
