0 0.253125 0.40234375 0.059375 0.0578125
0 0.790625 0.97734375 0.05625 0.0390625
0 0.80625 0.82890625 0.05625 0.0578125
0 0.5875 0.01953125 0.05625 0.0390625
0 0.6140625 0.86015625 0.05625 0.0578125
0 0.76640625 0.16328125 0.0578125 0.0484375
0 0.25703125 0.02421875 0.0765625 0.0484375
0 0.0640625 0.06875 0.053125 0.046875
0 0.3125 0.8640625 0.090625 0.1
0 0.58515625 0.26796875 0.0859375 0.0765625
0 0.35625 0.140625 0.090625 0.08125
0 0.7578125 0.8765625 0.08125 0.06875
0 0.77734375 0.10859375 0.0828125 0.0671875
0 0.92421875 0.52109375 0.0953125 0.0859375
0 0.7609375 0.2296875 0.08125 0.078125
0 0.61953125 0.75625 0.0765625 0.075
0 0.6140625 0.59296875 0.090625 0.0734375
0 0.5828125 0.078125 0.084375 0.075
0 0.78125 0.32265625 0.08125 0.0734375
0 0.3046875 0.5109375 0.090625 0.078125
0 0.2890625 0.32265625 0.09375 0.0796875
0 0.77578125 0.40859375 0.0828125 0.0734375
0 0.796875 0.47890625 0.084375 0.0734375
0 0.33125 0.95390625 0.084375 0.0703125
0 0.28671875 0.209375 0.0765625 0.078125
0 0.91328125 0.8546875 0.0796875 0.078125
0 0.82265625 0.92109375 0.0640625 0.0640625
0 0.584375 0.1609375 0.078125 0.075
0 0.7265625 0.64296875 0.08125 0.0765625
0 0.28984375 0.09453125 0.0734375 0.0609375
0 0.615625 0.9421875 0.071875 0.06875
0 0.909375 0.36484375 0.075 0.0765625
0 0.3265625 0.60859375 0.103125 0.0796875
0 0.79453125 0.725 0.0734375 0.065625
0 0.6234375 0.65859375 0.06875 0.0515625
0 0.36796875 0.19921875 0.0671875 0.0609375
0 0.74765625 0.02578125 0.0609375 0.0515625
0 0.32890625 0.68046875 0.0859375 0.0671875
0 0.63203125 0.5140625 0.0703125 0.065625
0 0.05 0.2421875 0.06875 0.078125
0 0.58984375 0.36875 0.0828125 0.075
0 0.34609375 0.42578125 0.0859375 0.0734375
