0 0.97734375 0.328125 0.0421875 0.059375
0 0.81640625 0.85859375 0.0640625 0.0578125
0 0.13203125 0.52734375 0.1140625 0.1046875
0 0.9390625 0.76796875 0.084375 0.0765625
0 0.85234375 0.76875 0.0921875 0.078125
0 0.94921875 0.0328125 0.0828125 0.0625
0 0.81328125 0.91640625 0.0953125 0.0796875
0 0.29375 0.40625 0.09375 0.08125
0 0.8015625 0.64765625 0.071875 0.0703125
0 0.94921875 0.66015625 0.0859375 0.0921875
0 0.93515625 0.50546875 0.0828125 0.0796875
0 0.775 0.4328125 0.103125 0.09375
0 0.33046875 0.55703125 0.0765625 0.0984375
0 0.97109375 0.2328125 0.0546875 0.065625
0 0.78984375 0.55390625 0.0734375 0.0703125
0 0.28828125 0.84296875 0.0921875 0.0828125
0 0.1609375 0.0328125 0.078125 0.0625
0 0.1 0.31796875 0.09375 0.0921875
0 0.1625 0.43671875 0.071875 0.0640625
0 0.96015625 0.47578125 0.0703125 0.0765625
0 0.1046875 0.39296875 0.065625 0.0609375
0 0.5375 0.59375 0.11875 0.096875
0 0.7984375 0.759375 0.075 0.078125
0 0.29609375 0.7046875 0.0703125 0.0875
0 0.32734375 0.58125 0.0671875 0.065625
0 0.8109375 0.21328125 0.090625 0.0859375
0 0.9390625 0.9703125 0.06875 0.046875
0 0.7421875 0.034375 0.096875 0.05625
0 0.2546875 0.1515625 0.059375 0.075
0 0.76328125 0.1171875 0.0609375 0.075
