0 0.19296875 0.02421875 0.0640625 0.0453125
0 0.13125 0.23515625 0.059375 0.0578125
0 0.8953125 0.66796875 0.053125 0.0515625
0 0.634375 0.653125 0.071875 0.065625
0 0.35390625 0.70390625 0.0921875 0.0671875
0 0.5390625 0.5609375 0.109375 0.096875
0 0.515625 0.165625 0.090625 0.078125
0 0.88203125 0.16953125 0.0890625 0.0828125
0 0.94765625 0.9515625 0.0859375 0.075
0 0.33046875 0.44296875 0.0671875 0.0609375
0 0.2890625 0.2390625 0.075 0.0625
0 0.128125 0.75703125 0.06875 0.0609375
0 0.1 0.3921875 0.08125 0.06875
0 0.79296875 0.5796875 0.0734375 0.071875
0 0.134375 0.96171875 0.084375 0.0609375
0 0.659375 0.0515625 0.09375 0.071875
0 0.11015625 0.325 0.0734375 0.065625
0 0.94375 0.50546875 0.06875 0.0515625
0 0.93828125 0.796875 0.0796875 0.071875
0 0.31796875 0.959375 0.0890625 0.059375
0 0.67890625 0.18359375 0.0671875 0.0578125
0 0.21875 0.35390625 0.0625 0.0640625
0 0.10703125 0.5171875 0.0859375 0.084375
0 0.54375 0.321875 0.121875 0.090625
0 0.64375 0.57421875 0.084375 0.0765625
0 0.53359375 0.4453125 0.0734375 0.075
0 0.7328125 0.9171875 0.090625 0.08125
0 0.25625 0.7625 0.084375 0.078125
0 0.11640625 0.6828125 0.0640625 0.059375
0 0.2421875 0.65859375 0.071875 0.0578125
0 0.865625 0.2453125 0.065625 0.0625
0 0.8578125 0.39296875 0.075 0.0703125
0 0.5515625 0.8609375 0.090625 0.0875
0 0.71875 0.7796875 0.0875 0.0875
0 0.3234375 0.51875 0.075 0.065625
0 0.36640625 0.659375 0.0734375 0.053125
0 0.1953125 0.8609375 0.06875 0.05625
0 0.06484375 0.98046875 0.0671875 0.0390625
0 0.01953125 0.940625 0.0328125 0.05625
0 0.01640625 0.84453125 0.0234375 0.0734375
0 0.1921875 0.509375 0.071875 0.053125
0 0.265625 0.159375 0.065625 0.059375
0 0.30703125 0.11015625 0.0671875 0.0421875
0 0.08515625 0.090625 0.0703125 0.0625
0 0.06953125 0.1734375 0.0578125 0.0625
0 0.07265625 0.021875 0.0703125 0.040625
0 0.87578125 0.0203125 0.0546875 0.0375
