0 0.29375 0.64921875 0.10625 0.0953125
0 0.66171875 0.7703125 0.0984375 0.090625
0 0.625 0.03046875 0.08125 0.0609375
0 0.63828125 0.3453125 0.0953125 0.096875
0 0.45703125 0.51875 0.0921875 0.090625
0 0.80546875 0.55546875 0.0984375 0.0890625
0 0.83125 0.8671875 0.09375 0.075
0 0.3546875 0.96875 0.075 0.05
0 0.4953125 0.62734375 0.0875 0.0765625
0 0.86015625 0.21171875 0.0765625 0.0640625
0 0.3484375 0.3234375 0.109375 0.090625
0 0.3546875 0.75390625 0.071875 0.0734375
0 0.67578125 0.0984375 0.0796875 0.084375
0 0.40625 0.1703125 0.103125 0.08125
0 0.2671875 0.053125 0.0875 0.071875
0 0.35546875 0.51328125 0.0859375 0.0796875
0 0.64453125 0.653125 0.0953125 0.1
0 0.41796875 0.0890625 0.0828125 0.071875
0 0.84609375 0.7578125 0.0953125 0.0875
0 0.83125 0.6515625 0.078125 0.08125
0 0.6734375 0.2078125 0.071875 0.071875
0 0.8734375 0.9421875 0.075 0.071875
0 0.19609375 0.20234375 0.0796875 0.0765625
0 0.65 0.496875 0.071875 0.075
0 0.09609375 0.57578125 0.0765625 0.0703125
0 0.84453125 0.459375 0.0765625 0.06875
0 0.665625 0.9546875 0.09375 0.075
0 0.84765625 0.1265625 0.0578125 0.059375
0 0.50078125 0.74921875 0.0609375 0.0609375
0 0.1078125 0.90234375 0.075 0.0703125
0 0.8109375 0.38125 0.09375 0.10625
0 0.34296875 0.853125 0.1234375 0.090625
0 0.1921875 0.0390625 0.1 0.075
0 0.8515625 0.04140625 0.096875 0.0796875
