0 0.88984375 0.63125 0.0578125 0.05625
0 0.740625 0.7484375 0.05625 0.05
0 0.934375 0.85703125 0.09375 0.0796875
0 0.81796875 0.0640625 0.0921875 0.08125
0 0.478125 0.49609375 0.09375 0.0890625
0 0.94609375 0.57421875 0.0953125 0.0765625
0 0.71953125 0.428125 0.0828125 0.08125
0 0.909375 0.4109375 0.075 0.06875
0 0.6578125 0.06640625 0.071875 0.0640625
0 0.65625 0.18984375 0.0875 0.0796875
0 0.52734375 0.6703125 0.0734375 0.065625
0 0.51640625 0.26875 0.0734375 0.06875
0 0.859375 0.18125 0.084375 0.078125
0 0.7734375 0.8765625 0.0875 0.075
0 0.4796875 0.60625 0.0875 0.08125
0 0.4828125 0.3625 0.065625 0.0625
0 0.09921875 0.84609375 0.0703125 0.0640625
0 0.709375 0.53515625 0.0875 0.0765625
0 0.92421875 0.75 0.0609375 0.0625
0 0.75234375 0.946875 0.0734375 0.06875
0 0.30390625 0.471875 0.0828125 0.075
0 0.60390625 0.565625 0.1078125 0.0875
0 0.71953125 0.70859375 0.0828125 0.0796875
0 0.51796875 0.94765625 0.0765625 0.0703125
0 0.325 0.8640625 0.065625 0.059375
0 0.071875 0.27421875 0.0625 0.0640625
0 0.93046875 0.65859375 0.0703125 0.0765625
0 0.09375 0.94296875 0.08125 0.0703125
0 0.51015625 0.88359375 0.0734375 0.0671875
0 0.84140625 0.3375 0.0640625 0.0625
0 0.53359375 0.146875 0.0671875 0.059375
0 0.09921875 0.1125 0.0671875 0.059375
0 0.68671875 0.296875 0.0703125 0.06875
0 0.35703125 0.23828125 0.0734375 0.0703125
0 0.3109375 0.771875 0.078125 0.075
0 0.31171875 0.95078125 0.0921875 0.0765625
0 0.48203125 0.03828125 0.0890625 0.0703125
0 0.2859375 0.67890625 0.10625 0.1078125
0 0.34140625 0.33046875 0.0328125 0.0640625
0 0.328125 0.15 0.046875 0.053125
0 0.35625 0.08671875 0.071875 0.0578125
0 0.259375 0.1015625 0.034375 0.034375
0 0.11796875 0.76015625 0.0609375 0.0578125
0 0.0859375 0.61875 0.05 0.040625
0 0.95390625 0.978125 0.0640625 0.04375
0 0.88671875 0.978125 0.0484375 0.040625
0 0.853125 0.525 0.046875 0.053125
