0 0.7640625 0.22734375 0.05625 0.0546875
0 0.80703125 0.43515625 0.0640625 0.0578125
0 0.059375 0.13984375 0.071875 0.0640625
0 0.8 0.375 0.075 0.065625
0 0.67421875 0.96796875 0.0609375 0.0546875
0 0.45859375 0.68671875 0.1015625 0.0890625
0 0.4859375 0.3328125 0.103125 0.090625
0 0.515625 0.8875 0.09375 0.084375
0 0.0484375 0.9109375 0.071875 0.071875
0 0.8171875 0.52890625 0.09375 0.0828125
0 0.35078125 0.93515625 0.0953125 0.0796875
0 0.4203125 0.071875 0.090625 0.071875
0 0.36953125 0.834375 0.1109375 0.096875
0 0.68671875 0.2234375 0.0921875 0.084375
0 0.6796875 0.03828125 0.084375 0.0703125
0 0.09453125 0.59609375 0.0953125 0.0828125
0 0.675 0.76796875 0.090625 0.0765625
0 0.31484375 0.63671875 0.1109375 0.0921875
0 0.78671875 0.12890625 0.0828125 0.0703125
0 0.69765625 0.43125 0.0859375 0.075
0 0.8125 0.2671875 0.078125 0.075
0 0.86875 0.746875 0.0875 0.06875
0 0.4984375 0.55546875 0.096875 0.0921875
0 0.303125 0.1140625 0.109375 0.0875
0 0.0515625 0.0765625 0.08125 0.071875
0 0.69375 0.303125 0.1 0.078125
0 0.6890625 0.1359375 0.075 0.065625
0 0.84453125 0.90390625 0.0671875 0.0671875
0 0.171875 0.9609375 0.078125 0.065625
0 0.70546875 0.56015625 0.0765625 0.0703125
0 0.8640625 0.62109375 0.06875 0.0671875
0 0.67421875 0.85703125 0.0796875 0.0703125
0 0.9703125 0.6546875 0.05625 0.065625
0 0.34375 0.34921875 0.078125 0.0828125
0 0.778125 0.66796875 0.096875 0.0796875
0 0.4671875 0.228125 0.071875 0.078125
0 0.77265625 0.02421875 0.0671875 0.0453125
0 0.2921875 0.028125 0.0875 0.053125
0 0.43984375 0.15625 0.0859375 0.06875
0 0.86484375 0.8125 0.1046875 0.084375
0 0.3171875 0.51875 0.08125 0.075
0 0.13203125 0.75234375 0.0671875 0.0609375
0 0.35390625 0.47421875 0.1078125 0.0859375
0 0.153125 0.84296875 0.075 0.0765625
0 0.28515625 0.22890625 0.1046875 0.0984375
0 0.671875 0.6796875 0.046875 0.05625
0 0.51015625 0.42578125 0.0703125 0.0765625
