0 0.9109375 0.81171875 0.065625 0.0578125
0 0.828125 0.921875 0.0625 0.059375
0 0.23359375 0.84296875 0.1046875 0.0921875
0 0.2421875 0.34140625 0.1125 0.0984375
0 0.07890625 0.78515625 0.0890625 0.0828125
0 0.2359375 0.5875 0.096875 0.0875
0 0.25859375 0.23203125 0.0734375 0.0671875
0 0.059375 0.52109375 0.096875 0.1046875
0 0.05546875 0.93125 0.0890625 0.09375
0 0.9171875 0.64765625 0.08125 0.0640625
0 0.90703125 0.15234375 0.1015625 0.0953125
0 0.25234375 0.703125 0.0890625 0.08125
0 0.303125 0.49609375 0.08125 0.0671875
0 0.0703125 0.38046875 0.090625 0.0703125
0 0.2359375 0.13125 0.075 0.071875
0 0.096875 0.159375 0.071875 0.06875
0 0.07578125 0.32265625 0.0765625 0.0703125
0 0.775 0.3359375 0.078125 0.065625
0 0.03359375 0.19921875 0.0609375 0.0609375
0 0.95859375 0.965625 0.0609375 0.053125
0 0.915625 0.9265625 0.084375 0.06875
0 0.9234375 0.7421875 0.090625 0.06875
0 0.93671875 0.5046875 0.0734375 0.065625
0 0.77421875 0.42734375 0.0671875 0.0734375
0 0.27421875 0.9453125 0.1046875 0.06875
0 0.74609375 0.2421875 0.0734375 0.075
0 0.7828125 0.8296875 0.084375 0.08125
0 0.78359375 0.5140625 0.0703125 0.0625
0 0.0484375 0.684375 0.090625 0.078125
0 0.03125 0.228125 0.059375 0.0875
0 0.08125 0.03828125 0.084375 0.0734375
0 0.7328125 0.03515625 0.096875 0.0671875
0 0.884375 0.053125 0.065625 0.0625
0 0.91875 0.32109375 0.078125 0.0609375
0 0.91796875 0.4328125 0.0609375 0.053125
0 0.81484375 0.603125 0.0546875 0.046875
0 0.81328125 0.75078125 0.0734375 0.0609375
0 0.8328125 0.68046875 0.0625 0.0515625
0 0.5390625 0.97421875 0.075 0.0484375
