0 0.38125 0.02265625 0.06875 0.0421875
0 0.6921875 0.55703125 0.071875 0.0703125
0 0.0484375 0.7890625 0.0875 0.096875
0 0.9453125 0.92421875 0.096875 0.0984375
0 0.66015625 0.06171875 0.0953125 0.0796875
0 0.0359375 0.34921875 0.06875 0.0859375
0 0.09453125 0.68515625 0.0734375 0.0640625
0 0.66875 0.70625 0.096875 0.071875
0 0.38671875 0.0859375 0.1015625 0.09375
0 0.66171875 0.78515625 0.1078125 0.0921875
0 0.234375 0.103125 0.11875 0.096875
0 0.29296875 0.2234375 0.0765625 0.075
0 0.028125 0.17578125 0.053125 0.0578125
0 0.6890625 0.92890625 0.075 0.0796875
0 0.4328125 0.865625 0.06875 0.0625
0 0.9640625 0.6953125 0.0625 0.078125
0 0.42421875 0.6359375 0.0578125 0.071875
0 0.2890625 0.7625 0.06875 0.06875
0 0.28359375 0.91640625 0.0828125 0.0953125
0 0.74765625 0.62734375 0.0703125 0.0671875
0 0.75625 0.68984375 0.078125 0.0609375
0 0.446875 0.9796875 0.05625 0.0375
0 0.2625 0.16796875 0.059375 0.0546875
0 0.021875 0.2578125 0.040625 0.065625
0 0.6578125 0.184375 0.078125 0.06875
0 0.559375 0.2890625 0.071875 0.078125
0 0.4296875 0.1796875 0.075 0.071875
0 0.4828125 0.3078125 0.08125 0.071875
0 0.4171875 0.3046875 0.084375 0.071875
0 0.21953125 0.3421875 0.0765625 0.0625
0 0.93515625 0.1453125 0.0828125 0.08125
0 0.778125 0.9484375 0.071875 0.065625
0 0.0578125 0.88203125 0.065625 0.0546875
0 0.0578125 0.9359375 0.06875 0.0625
0 0.43828125 0.7703125 0.0609375 0.053125
0 0.95390625 0.57578125 0.0515625 0.1171875
