0 0.93515625 0.284375 0.0609375 0.05625
0 0.9453125 0.3671875 0.09375 0.103125
0 0.43515625 0.67421875 0.1046875 0.0984375
0 0.7671875 0.0625 0.09375 0.084375
0 0.61171875 0.8671875 0.0859375 0.08125
0 0.95234375 0.85234375 0.0890625 0.1078125
0 0.21875 0.69453125 0.096875 0.0796875
0 0.459375 0.20703125 0.08125 0.0671875
0 0.5921875 0.1875 0.0875 0.084375
0 0.4734375 0.88046875 0.125 0.1046875
0 0.0546875 0.05859375 0.075 0.0671875
0 0.46484375 0.7828125 0.0890625 0.090625
0 0.79140625 0.796875 0.1015625 0.0875
0 0.78828125 0.38125 0.0984375 0.1
0 0.090625 0.7109375 0.090625 0.084375
0 0.95078125 0.9515625 0.0921875 0.084375
0 0.80625 0.6640625 0.109375 0.109375
0 0.4609375 0.08515625 0.090625 0.0796875
0 0.95546875 0.7375 0.0796875 0.0875
0 0.9453125 0.17109375 0.08125 0.0765625
0 0.9390625 0.6375 0.09375 0.103125
0 0.42109375 0.4078125 0.0765625 0.078125
0 0.22109375 0.7765625 0.0828125 0.06875
0 0.91875 0.1015625 0.090625 0.084375
0 0.48984375 0.4765625 0.0953125 0.084375
0 0.7546875 0.87109375 0.090625 0.0765625
0 0.79453125 0.18359375 0.0765625 0.0703125
0 0.26484375 0.846875 0.0953125 0.08125
0 0.4375 0.96640625 0.075 0.0578125
0 0.15234375 0.8421875 0.0921875 0.071875
0 0.41953125 0.2875 0.0578125 0.0625
0 0.090625 0.8796875 0.08125 0.065625
0 0.60390625 0.96171875 0.0734375 0.0578125
0 0.78671875 0.24140625 0.0984375 0.0734375
0 0.0703125 0.8046875 0.109375 0.065625
0 0.8 0.9453125 0.1125 0.090625
0 0.128125 0.94765625 0.078125 0.0578125
0 0.27734375 0.971875 0.0734375 0.053125
0 0.9734375 0.03203125 0.05 0.0546875
0 0.384375 0.20703125 0.06875 0.0734375
