0 0.54140625 0.23828125 0.0546875 0.0546875
0 0.8453125 0.3609375 0.053125 0.053125
0 0.846875 0.6078125 0.05625 0.04375
0 0.49296875 0.65703125 0.0546875 0.0546875
0 0.5328125 0.76171875 0.084375 0.0765625
0 0.8171875 0.5671875 0.071875 0.065625
0 0.81796875 0.9265625 0.0953125 0.0875
0 0.5984375 0.05 0.08125 0.06875
0 0.42421875 0.03828125 0.0734375 0.0671875
0 0.51640625 0.8484375 0.0640625 0.0625
0 0.8359375 0.675 0.1 0.090625
0 0.31328125 0.7375 0.1046875 0.0875
0 0.80703125 0.10390625 0.0859375 0.0890625
0 0.509375 0.94609375 0.078125 0.0671875
0 0.11171875 0.81171875 0.1078125 0.0859375
0 0.78984375 0.44609375 0.1015625 0.0921875
0 0.86953125 0.03359375 0.0859375 0.0640625
0 0.115625 0.39921875 0.115625 0.1015625
0 0.9671875 0.91875 0.059375 0.071875
0 0.540625 0.55234375 0.071875 0.0671875
0 0.27265625 0.459375 0.0890625 0.06875
0 0.28984375 0.3578125 0.0921875 0.078125
0 0.26484375 0.553125 0.1078125 0.090625
0 0.54609375 0.29453125 0.0796875 0.0703125
0 0.85390625 0.20625 0.0984375 0.084375
0 0.4609375 0.23125 0.084375 0.084375
0 0.38359375 0.21953125 0.0859375 0.0796875
0 0.5453125 0.6453125 0.075 0.065625
0 0.13359375 0.903125 0.0953125 0.084375
0 0.15625 0.1953125 0.109375 0.0875
0 0.28515625 0.88828125 0.1234375 0.1015625
0 0.4921875 0.4421875 0.075 0.0625
0 0.278125 0.65625 0.08125 0.078125
0 0.96171875 0.7796875 0.0703125 0.0875
0 0.29921875 0.9609375 0.0859375 0.0625
0 0.8453125 0.5109375 0.071875 0.059375
0 0.146875 0.10859375 0.0875 0.0640625
0 0.94609375 0.4375 0.0828125 0.09375
0 0.87734375 0.31875 0.0796875 0.071875
0 0.66875 0.10234375 0.06875 0.0640625
0 0.11875 0.53359375 0.084375 0.0765625
0 0.1734375 0.26796875 0.0875 0.0765625
0 0.28125 0.79375 0.084375 0.065625
0 0.6765625 0.49375 0.06875 0.065625
0 0.59609375 0.17578125 0.0578125 0.0640625
0 0.075 0.65859375 0.075 0.0765625
0 0.06640625 0.509375 0.1046875 0.09375
0 0.82578125 0.78046875 0.0640625 0.0578125
0 0.60625 0.4125 0.06875 0.046875
0 0.534375 0.36328125 0.059375 0.0515625
0 0.13125 0.0296875 0.053125 0.05
0 0.2484375 0.0203125 0.059375 0.0375
0 0.1375 0.67890625 0.078125 0.0796875
0 0.09765625 0.9765625 0.1015625 0.04375
0 0.97890625 0.23515625 0.0421875 0.0703125
