0 0.5546875 0.0375 0.05625 0.053125
0 0.5609375 0.87578125 0.05625 0.0515625
0 0.10625 0.56875 0.059375 0.05
0 0.4953125 0.47421875 0.059375 0.0609375
0 0.24609375 0.43984375 0.0546875 0.0484375
0 0.49375 0.7171875 0.059375 0.05625
0 0.0625 0.02890625 0.06875 0.0515625
0 0.06875 0.30703125 0.09375 0.0796875
0 0.0828125 0.62734375 0.078125 0.0703125
0 0.084375 0.0796875 0.075 0.065625
0 0.26796875 0.825 0.0765625 0.071875
0 0.03359375 0.453125 0.0640625 0.06875
0 0.26796875 0.0703125 0.0796875 0.0625
0 0.78828125 0.96015625 0.0703125 0.0609375
0 0.95703125 0.596875 0.0796875 0.096875
0 0.30703125 0.68203125 0.0765625 0.0640625
0 0.0453125 0.80859375 0.0875 0.0765625
0 0.059375 0.1578125 0.075 0.071875
0 0.45390625 0.89453125 0.0671875 0.0546875
0 0.8 0.64375 0.1 0.090625
0 0.23046875 0.3109375 0.0734375 0.06875
0 0.5015625 0.7734375 0.06875 0.0625
0 0.33203125 0.95625 0.0796875 0.06875
0 0.76875 0.165625 0.09375 0.084375
0 0.13203125 0.88984375 0.0828125 0.0734375
0 0.46875 0.5734375 0.084375 0.071875
0 0.83828125 0.5140625 0.0828125 0.0875
0 0.45703125 0.27421875 0.0703125 0.0640625
0 0.225 0.2015625 0.078125 0.084375
0 0.20625 0.39921875 0.078125 0.0703125
0 0.128125 0.96484375 0.075 0.0578125
0 0.43984375 0.14921875 0.0609375 0.0640625
0 0.5859375 0.70859375 0.0625 0.0640625
0 0.7875 0.859375 0.1 0.078125
0 0.796875 0.7984375 0.06875 0.059375
0 0.1859375 0.778125 0.065625 0.05625
0 0.56875 0.53203125 0.065625 0.0734375
0 0.78515625 0.4203125 0.0703125 0.06875
0 0.9578125 0.3296875 0.065625 0.071875
0 0.45078125 0.3609375 0.0703125 0.059375
0 0.92109375 0.11796875 0.0703125 0.0609375
0 0.2734375 0.02109375 0.065625 0.0390625
0 0.753125 0.34921875 0.1 0.0859375
0 0.953125 0.26015625 0.078125 0.0765625
0 0.96875 0.840625 0.05 0.053125
0 0.60625 0.40703125 0.065625 0.0421875
0 0.5625 0.459375 0.046875 0.034375
0 0.5546875 0.165625 0.0625 0.05
0 0.58671875 0.22265625 0.0671875 0.0515625
0 0.5015625 0.0296875 0.04375 0.034375
0 0.41171875 0.440625 0.0515625 0.0625
0 0.49765625 0.88359375 0.0484375 0.0359375
0 0.3515625 0.79140625 0.0625 0.0640625
0 0.51953125 0.621875 0.0421875 0.04375
0 0.97734375 0.7578125 0.0453125 0.053125
0 0.75625 0.72578125 0.053125 0.0609375
0 0.5625 0.790625 0.059375 0.040625
