0 0.72890625 0.021875 0.0640625 0.040625
0 0.69140625 0.09609375 0.0578125 0.0515625
0 0.615625 0.77421875 0.059375 0.0546875
0 0.2921875 0.025 0.1 0.046875
0 0.63046875 0.91015625 0.1078125 0.0890625
0 0.17421875 0.02578125 0.0859375 0.0484375
0 0.77265625 0.7890625 0.1046875 0.115625
0 0.61796875 0.16640625 0.0765625 0.0640625
0 0.6234375 0.6984375 0.06875 0.059375
0 0.5984375 0.46171875 0.084375 0.0734375
0 0.1796875 0.18125 0.11875 0.103125
0 0.7296875 0.65859375 0.075 0.0640625
0 0.328125 0.09296875 0.078125 0.0703125
0 0.47578125 0.05234375 0.0890625 0.0765625
0 0.23984375 0.91640625 0.0796875 0.0734375
0 0.2140625 0.834375 0.1 0.08125
0 0.56796875 0.640625 0.0640625 0.0625
0 0.73203125 0.56640625 0.0828125 0.0734375
0 0.73203125 0.47890625 0.0890625 0.0734375
0 0.53046875 0.5234375 0.0703125 0.06875
0 0.396875 0.903125 0.08125 0.06875
0 0.19375 0.77421875 0.0875 0.0703125
0 0.371875 0.83359375 0.090625 0.0828125
0 0.32890625 0.6171875 0.0703125 0.078125
0 0.58671875 0.82265625 0.0765625 0.0765625
0 0.31171875 0.17578125 0.0765625 0.0765625
0 0.2 0.6625 0.09375 0.0875
0 0.196875 0.5671875 0.125 0.1
0 0.76484375 0.9609375 0.0703125 0.04375
