0 0.0875 0.534375 0.05625 0.05625
0 0.028125 0.03359375 0.053125 0.0515625
0 0.41875 0.02421875 0.059375 0.0453125
0 0.75546875 0.5953125 0.0546875 0.059375
0 0.459375 0.18125 0.065625 0.05625
0 0.97109375 0.95390625 0.0484375 0.0578125
0 0.77734375 0.665625 0.0609375 0.05
0 0.7 0.246875 0.05 0.053125
0 0.06328125 0.73828125 0.0671875 0.0703125
0 0.45 0.74765625 0.096875 0.0890625
0 0.465625 0.5703125 0.1 0.0875
0 0.94609375 0.659375 0.0890625 0.0875
0 0.78515625 0.93671875 0.0828125 0.0765625
0 0.63984375 0.64375 0.0984375 0.09375
0 0.26640625 0.22578125 0.0828125 0.0765625
0 0.6390625 0.240625 0.075 0.0625
0 0.453125 0.25390625 0.065625 0.0671875
0 0.284375 0.63125 0.090625 0.071875
0 0.446875 0.08046875 0.0875 0.0765625
0 0.259375 0.8765625 0.078125 0.065625
0 0.70546875 0.1140625 0.0609375 0.059375
0 0.253125 0.73359375 0.084375 0.0828125
0 0.27578125 0.15625 0.0796875 0.065625
0 0.62734375 0.91640625 0.0859375 0.0890625
0 0.09921875 0.2234375 0.0671875 0.059375
0 0.7484375 0.04453125 0.071875 0.0609375
0 0.43203125 0.62265625 0.0796875 0.0703125
0 0.44921875 0.90859375 0.0703125 0.0671875
0 0.296875 0.10703125 0.065625 0.0515625
0 0.43671875 0.8328125 0.0609375 0.05625
0 0.74296875 0.7421875 0.0734375 0.06875
0 0.09296875 0.6671875 0.0859375 0.078125
0 0.79453125 0.8453125 0.0640625 0.04375
0 0.98046875 0.72734375 0.0390625 0.0546875
0 0.98046875 0.83515625 0.0390625 0.0515625
0 0.73125 0.2140625 0.065625 0.0625
0 0.0390625 0.9359375 0.0375 0.05625
0 0.01875 0.840625 0.034375 0.090625
