0 0.05625 0.290625 0.10625 0.096875
0 0.146875 0.7625 0.084375 0.06875
0 0.48515625 0.66953125 0.0796875 0.0703125
0 0.24140625 0.965625 0.0953125 0.05625
0 0.7484375 0.5640625 0.109375 0.0875
0 0.909375 0.1765625 0.10625 0.084375
0 0.90078125 0.52578125 0.1015625 0.0859375
0 0.946875 0.61328125 0.0875 0.0890625
0 0.89140625 0.80078125 0.1046875 0.0828125
0 0.0671875 0.5984375 0.0875 0.078125
0 0.94609375 0.96640625 0.0765625 0.0578125
0 0.75546875 0.2296875 0.0921875 0.08125
0 0.2515625 0.5328125 0.096875 0.075
0 0.24765625 0.71015625 0.0734375 0.0640625
0 0.765625 0.125 0.103125 0.08125
0 0.95703125 0.71640625 0.0734375 0.0734375
0 0.8015625 0.91796875 0.08125 0.0765625
0 0.25546875 0.64453125 0.0828125 0.0671875
0 0.46875 0.9015625 0.075 0.06875
0 0.9359375 0.04375 0.065625 0.046875
0 0.10078125 0.675 0.1296875 0.0875
0 0.784375 0.65703125 0.121875 0.0890625
0 0.20390625 0.7953125 0.1171875 0.103125
0 0.41796875 0.1671875 0.0359375 0.04375
0 0.8796875 0.29375 0.06875 0.075
0 0.053125 0.86796875 0.103125 0.0484375
