0 0.140625 0.45390625 0.05625 0.0515625
0 0.95078125 0.70625 0.0921875 0.090625
0 0.07890625 0.02890625 0.0796875 0.0578125
0 0.95703125 0.83125 0.0796875 0.071875
0 0.1765625 0.90859375 0.0875 0.0734375
0 0.771875 0.7375 0.071875 0.0625
0 0.0546875 0.22890625 0.0875 0.0765625
0 0.9578125 0.1140625 0.075 0.08125
0 0.94609375 0.31875 0.0734375 0.059375
0 0.14375 0.25859375 0.084375 0.0796875
0 0.94375 0.046875 0.065625 0.0625
0 0.17109375 0.36171875 0.0765625 0.0640625
0 0.9296875 0.4 0.078125 0.0625
0 0.77109375 0.22421875 0.0703125 0.0609375
0 0.2328125 0.73359375 0.065625 0.0796875
0 0.959375 0.91640625 0.071875 0.0796875
0 0.43203125 0.25546875 0.0703125 0.0765625
0 0.80859375 0.14765625 0.0671875 0.0546875
0 0.95390625 0.2203125 0.0765625 0.078125
0 0.84140625 0.85078125 0.0734375 0.0671875
0 0.76015625 0.078125 0.0734375 0.0625
0 0.10390625 0.81171875 0.1109375 0.0984375
0 0.7984375 0.4109375 0.103125 0.096875
