0 0.94609375 0.02734375 0.0578125 0.0484375
0 0.72421875 0.74140625 0.0546875 0.0484375
0 0.0984375 0.921875 0.05625 0.05625
0 0.02578125 0.31796875 0.0484375 0.0578125
0 0.025 0.02109375 0.046875 0.0390625
0 0.97578125 0.84296875 0.0421875 0.0515625
0 0.41953125 0.76484375 0.0546875 0.0515625
0 0.0234375 0.1078125 0.04375 0.059375
0 0.9375 0.55546875 0.096875 0.0921875
0 0.71953125 0.8265625 0.0859375 0.075
0 0.9421875 0.9046875 0.084375 0.078125
0 0.715625 0.25390625 0.078125 0.0890625
0 0.91171875 0.18828125 0.0796875 0.0671875
0 0.71640625 0.5734375 0.0796875 0.0875
0 0.2359375 0.18046875 0.06875 0.0703125
0 0.71640625 0.09296875 0.0796875 0.0734375
0 0.63515625 0.9609375 0.0640625 0.053125
0 0.40234375 0.26328125 0.0921875 0.0734375
0 0.78515625 0.6390625 0.0734375 0.0625
0 0.953125 0.76171875 0.071875 0.0796875
0 0.7625 0.88515625 0.065625 0.0671875
0 0.9703125 0.66796875 0.053125 0.0671875
0 0.21640625 0.30078125 0.0609375 0.0546875
0 0.965625 0.25 0.05625 0.0625
0 0.0390625 0.21953125 0.071875 0.0765625
0 0.10625 0.8046875 0.078125 0.078125
0 0.06796875 0.6328125 0.0859375 0.075
0 0.9421875 0.084375 0.06875 0.065625
0 0.91796875 0.146875 0.0359375 0.034375
