0 0.8796875 0.97578125 0.065625 0.0421875
0 0.03515625 0.96328125 0.0640625 0.0546875
0 0.52578125 0.6765625 0.0640625 0.05625
0 0.30703125 0.021875 0.0734375 0.040625
0 0.14296875 0.184375 0.1140625 0.09375
0 0.6578125 0.82421875 0.10625 0.1015625
0 0.67109375 0.94453125 0.1140625 0.0921875
0 0.50546875 0.91484375 0.1109375 0.1046875
0 0.16328125 0.03203125 0.0859375 0.0640625
0 0.3203125 0.7703125 0.109375 0.1
0 0.1890625 0.62890625 0.1 0.0796875
0 0.3359375 0.09765625 0.075 0.0703125
0 0.63515625 0.25859375 0.0765625 0.0671875
0 0.525 0.7578125 0.103125 0.09375
0 0.896875 0.64375 0.078125 0.071875
0 0.36328125 0.91015625 0.0671875 0.0640625
0 0.8546875 0.1546875 0.096875 0.0875
0 0.14609375 0.809375 0.0984375 0.084375
0 0.8828125 0.371875 0.084375 0.075
0 0.459375 0.8 0.084375 0.08125
0 0.33046875 0.653125 0.0828125 0.078125
0 0.3234375 0.2671875 0.103125 0.0875
0 0.6875 0.64921875 0.071875 0.0640625
0 0.4875 0.6390625 0.115625 0.1
0 0.9 0.928125 0.06875 0.06875
0 0.93359375 0.75859375 0.0796875 0.0859375
0 0.44140625 0.2421875 0.0703125 0.0625
0 0.44453125 0.028125 0.0828125 0.05625
0 0.42265625 0.16171875 0.0765625 0.0671875
0 0.61015625 0.11875 0.0734375 0.065625
0 0.9015625 0.32578125 0.090625 0.0640625
0 0.46640625 0.39453125 0.0703125 0.0703125
0 0.15390625 0.390625 0.1234375 0.09375
0 0.328125 0.39765625 0.115625 0.1234375
0 0.64609375 0.71640625 0.1015625 0.0953125
0 0.15703125 0.284375 0.1234375 0.090625
0 0.83125 0.04921875 0.096875 0.0953125
0 0.30546875 0.18984375 0.1078125 0.0859375
0 0.646875 0.03125 0.065625 0.05625
0 0.67734375 0.0703125 0.0671875 0.06875
