0 0.9640625 0.05859375 0.053125 0.0515625
0 0.028125 0.0390625 0.053125 0.05625
0 0.940625 0.415625 0.1 0.090625
0 0.6078125 0.93984375 0.0875 0.0890625
0 0.94921875 0.65 0.0703125 0.065625
0 0.1578125 0.0859375 0.078125 0.071875
0 0.58203125 0.51953125 0.1015625 0.0984375
0 0.80625 0.65078125 0.09375 0.0890625
0 0.58828125 0.3125 0.0796875 0.075
0 0.184375 0.2375 0.08125 0.075
0 0.59140625 0.78828125 0.0953125 0.0796875
0 0.15625 0.32109375 0.084375 0.0734375
0 0.95703125 0.56875 0.0734375 0.075
0 0.43359375 0.15390625 0.0890625 0.0828125
0 0.15234375 0.4875 0.0828125 0.084375
0 0.4171875 0.80703125 0.096875 0.0734375
0 0.05703125 0.23125 0.0859375 0.078125
0 0.3890625 0.7265625 0.084375 0.071875
0 0.78828125 0.35859375 0.0828125 0.0640625
0 0.80546875 0.5109375 0.0796875 0.0625
0 0.1671875 0.75546875 0.096875 0.0921875
0 0.8203125 0.82578125 0.084375 0.0734375
0 0.41015625 0.30546875 0.0671875 0.0640625
0 0.4265625 0.36875 0.090625 0.078125
0 0.81328125 0.23828125 0.0890625 0.0765625
0 0.58671875 0.13203125 0.0765625 0.0703125
0 0.78515625 0.94296875 0.0921875 0.0828125
0 0.59765625 0.221875 0.0828125 0.065625
0 0.415625 0.54296875 0.078125 0.0703125
0 0.17578125 0.63203125 0.0953125 0.0953125
0 0.865625 0.7390625 0.078125 0.071875
0 0.84453125 0.45546875 0.0796875 0.0734375
0 0.96328125 0.3140625 0.0640625 0.078125
0 0.02890625 0.84921875 0.0546875 0.0703125
0 0.4328125 0.63203125 0.084375 0.0671875
0 0.03984375 0.596875 0.0765625 0.08125
0 0.57109375 0.70546875 0.0890625 0.0734375
0 0.15234375 0.88203125 0.0734375 0.0671875
0 0.15703125 0.02265625 0.0734375 0.0421875
0 0.4328125 0.4734375 0.059375 0.059375
0 0.175 0.3984375 0.0875 0.084375
0 0.1921875 0.12890625 0.08125 0.0640625
0 0.4515625 0.24296875 0.075 0.0640625
0 0.203125 0.834375 0.090625 0.075
0 0.54296875 0.6359375 0.0953125 0.084375
0 0.83046875 0.1375 0.0609375 0.065625
0 0.02734375 0.9390625 0.0515625 0.065625
0 0.95859375 0.7359375 0.0609375 0.071875
0 0.971875 0.1671875 0.053125 0.06875
0 0.5921875 0.396875 0.065625 0.075
0 0.39921875 0.08515625 0.0671875 0.0703125
0 0.2328125 0.5640625 0.0625 0.0625
0 0.42265625 0.94765625 0.1046875 0.0859375
0 0.9484375 0.94453125 0.0875 0.0859375
0 0.41796875 0.8828125 0.0546875 0.06875
0 0.97421875 0.85546875 0.0515625 0.0703125
