0 0.86171875 0.84921875 0.1078125 0.1046875
0 0.69921875 0.94375 0.1078125 0.090625
0 0.846875 0.36640625 0.09375 0.0984375
0 0.36015625 0.08359375 0.0859375 0.0765625
0 0.5046875 0.96015625 0.071875 0.0609375
0 0.5109375 0.86640625 0.08125 0.0765625
0 0.83984375 0.634375 0.0953125 0.103125
0 0.36484375 0.78203125 0.0890625 0.0890625
0 0.490625 0.1875 0.084375 0.08125
0 0.359375 0.20703125 0.078125 0.0671875
0 0.6890625 0.240625 0.090625 0.071875
0 0.84609375 0.16875 0.0828125 0.075
0 0.65390625 0.86953125 0.0859375 0.0765625
0 0.05859375 0.8453125 0.0921875 0.075
0 0.1203125 0.77421875 0.08125 0.0671875
0 0.11796875 0.69375 0.0921875 0.075
0 0.70625 0.66328125 0.10625 0.1046875
0 0.68828125 0.38046875 0.0921875 0.0953125
0 0.33671875 0.96484375 0.0734375 0.0609375
0 0.69140625 0.79453125 0.0984375 0.0859375
0 0.390625 0.47578125 0.096875 0.0828125
0 0.83515625 0.28359375 0.0609375 0.0578125
0 0.3734375 0.87734375 0.115625 0.1015625
0 0.3203125 0.40625 0.075 0.075
0 0.85703125 0.7359375 0.0828125 0.084375
0 0.165625 0.8453125 0.090625 0.08125
0 0.31953125 0.2890625 0.0578125 0.0625
0 0.1796875 0.96953125 0.08125 0.0546875
0 0.87265625 0.04140625 0.0671875 0.0609375
0 0.28828125 0.21328125 0.0734375 0.0734375
0 0.8203125 0.1 0.0875 0.08125
0 0.69375 0.18359375 0.075 0.0703125
0 0.66640625 0.06171875 0.0953125 0.0828125
0 0.85703125 0.9515625 0.1015625 0.08125
0 0.334375 0.67265625 0.103125 0.0984375
0 0.0390625 0.953125 0.071875 0.065625
