0 0.35703125 0.6453125 0.0828125 0.06875
0 0.15390625 0.29140625 0.1140625 0.1015625
0 0.90234375 0.91796875 0.0828125 0.0796875
0 0.85 0.565625 0.10625 0.090625
0 0.30078125 0.79765625 0.1234375 0.1015625
0 0.884375 0.6578125 0.121875 0.0875
0 0.16484375 0.59609375 0.0921875 0.0765625
0 0.35078125 0.53515625 0.0984375 0.0765625
0 0.865625 0.12578125 0.1125 0.0828125
0 0.85390625 0.2296875 0.0921875 0.078125
0 0.34375 0.965625 0.096875 0.059375
0 0.58671875 0.6703125 0.0828125 0.075
0 0.24765625 0.76484375 0.0890625 0.0703125
0 0.34921875 0.71015625 0.0734375 0.0671875
0 0.56796875 0.9015625 0.0734375 0.06875
0 0.96875 0.8015625 0.05625 0.075
0 0.20234375 0.6765625 0.1328125 0.0875
0 0.76796875 0.09296875 0.0828125 0.0953125
0 0.52578125 0.775 0.0671875 0.065625
0 0.146875 0.8625 0.140625 0.078125
