0 0.1078125 0.04453125 0.05625 0.0515625
0 0.2828125 0.8921875 0.05625 0.053125
0 0.55 0.0359375 0.059375 0.059375
0 0.08984375 0.1328125 0.0546875 0.05
0 0.26953125 0.96796875 0.0546875 0.0453125
0 0.6671875 0.9765625 0.06875 0.040625
0 0.275 0.18203125 0.0625 0.0578125
0 0.79140625 0.66328125 0.0609375 0.0546875
0 0.815625 0.946875 0.090625 0.078125
0 0.2640625 0.290625 0.065625 0.0625
0 0.80625 0.56953125 0.084375 0.0703125
0 0.546875 0.76875 0.0625 0.059375
0 0.9 0.8375 0.075 0.0625
0 0.29921875 0.61875 0.0671875 0.059375
0 0.26875 0.8171875 0.096875 0.071875
0 0.92421875 0.03515625 0.0671875 0.0578125
0 0.4609375 0.95078125 0.078125 0.0703125
0 0.47890625 0.67578125 0.0828125 0.0828125
0 0.3265625 0.121875 0.0625 0.05625
0 0.47421875 0.5234375 0.0765625 0.078125
0 0.11171875 0.2046875 0.0703125 0.0625
0 0.959375 0.73671875 0.06875 0.0859375
0 0.27265625 0.02421875 0.0734375 0.0453125
0 0.771875 0.23125 0.059375 0.065625
0 0.4546875 0.0453125 0.075 0.06875
0 0.77109375 0.1421875 0.0578125 0.059375
0 0.1265625 0.0984375 0.059375 0.05
0 0.09296875 0.8734375 0.0578125 0.0625
0 0.1078125 0.26875 0.059375 0.05625
0 0.2828125 0.69921875 0.05625 0.0453125
0 0.15078125 0.93984375 0.0359375 0.0328125
0 0.16328125 0.98203125 0.0515625 0.0359375
0 0.98046875 0.53671875 0.0390625 0.0609375
0 0.4921875 0.1359375 0.04375 0.04375
0 0.7890625 0.07578125 0.04375 0.0609375
