0 0.85390625 0.82578125 0.0640625 0.0515625
0 0.2765625 0.05078125 0.09375 0.0671875
0 0.2453125 0.5921875 0.10625 0.09375
0 0.08515625 0.8875 0.1109375 0.090625
0 0.76171875 0.9296875 0.0890625 0.078125
0 0.95 0.55859375 0.090625 0.0984375
0 0.1296875 0.590625 0.084375 0.08125
0 0.2625 0.67109375 0.096875 0.0859375
0 0.79140625 0.740625 0.0953125 0.084375
0 0.81484375 0.5890625 0.1078125 0.109375
0 0.0484375 0.0328125 0.078125 0.065625
0 0.2984375 0.89375 0.084375 0.071875
0 0.25859375 0.94296875 0.0890625 0.0734375
0 0.53828125 0.07265625 0.0703125 0.0640625
0 0.93671875 0.8 0.0734375 0.075
0 0.26328125 0.778125 0.0703125 0.075
0 0.8 0.28203125 0.078125 0.0859375
0 0.9609375 0.0734375 0.0625 0.065625
0 0.0796875 0.20390625 0.084375 0.0546875
0 0.4234375 0.1484375 0.078125 0.06875
0 0.10703125 0.78046875 0.0703125 0.0578125
0 0.0890625 0.10625 0.0875 0.071875
0 0.8171875 0.21328125 0.071875 0.0609375
0 0.1078125 0.82734375 0.071875 0.0578125
0 0.071875 0.59296875 0.065625 0.0640625
0 0.95859375 0.31171875 0.0640625 0.0671875
0 0.07421875 0.71875 0.0953125 0.084375
0 0.91015625 0.0296875 0.0859375 0.05625
0 0.21171875 0.28203125 0.1359375 0.0703125
0 0.07265625 0.2828125 0.1203125 0.103125
0 0.9484375 0.203125 0.075 0.075
0 0.82109375 0.02734375 0.0734375 0.0546875
