0 0.44609375 0.965625 0.0578125 0.04375
0 0.5359375 0.2796875 0.06875 0.065625
0 0.8890625 0.92734375 0.090625 0.0734375
0 0.86796875 0.8125 0.0953125 0.084375
0 0.38359375 0.69296875 0.0609375 0.0578125
0 0.20390625 0.484375 0.0984375 0.090625
0 0.15546875 0.38984375 0.0796875 0.0765625
0 0.3859375 0.49453125 0.08125 0.0734375
0 0.3671875 0.21015625 0.075 0.0703125
0 0.76171875 0.79765625 0.0953125 0.0734375
0 0.15703125 0.3046875 0.0765625 0.06875
0 0.65234375 0.1390625 0.0859375 0.065625
0 0.1578125 0.72578125 0.0875 0.0734375
0 0.53046875 0.06015625 0.0671875 0.0640625
0 0.14609375 0.13125 0.0703125 0.059375
0 0.5296875 0.35859375 0.071875 0.0609375
0 0.878125 0.7359375 0.084375 0.071875
0 0.86328125 0.16796875 0.1078125 0.0828125
0 0.70078125 0.33046875 0.0921875 0.0703125
0 0.03828125 0.8609375 0.0671875 0.071875
0 0.65546875 0.23984375 0.0859375 0.0765625
0 0.69140625 0.3921875 0.0984375 0.075
0 0.16953125 0.79609375 0.0703125 0.0671875
0 0.134375 0.21484375 0.075 0.0703125
0 0.36640625 0.0421875 0.0609375 0.059375
0 0.5296875 0.25859375 0.075 0.0859375
0 0.415625 0.91953125 0.0875 0.0671875
0 0.41328125 0.41484375 0.0671875 0.0546875
0 0.88203125 0.96953125 0.0671875 0.0484375
0 0.37109375 0.278125 0.0796875 0.075
0 0.70390625 0.90859375 0.0859375 0.0984375
0 0.86171875 0.3125 0.1234375 0.103125
