0 0.59140625 0.7453125 0.0640625 0.05625
0 0.54453125 0.05546875 0.1046875 0.0890625
0 0.37734375 0.5046875 0.1046875 0.09375
0 0.959375 0.81796875 0.065625 0.0640625
0 0.5390625 0.42265625 0.090625 0.0890625
0 0.2921875 0.02421875 0.078125 0.0453125
0 0.12734375 0.8078125 0.0921875 0.08125
0 0.48671875 0.93203125 0.0703125 0.0703125
0 0.91953125 0.0984375 0.0828125 0.071875
0 0.96171875 0.4578125 0.0640625 0.06875
0 0.91484375 0.02734375 0.0734375 0.0515625
0 0.78125 0.928125 0.084375 0.06875
0 0.103125 0.15390625 0.071875 0.0640625
0 0.625 0.69453125 0.071875 0.0640625
0 0.6921875 0.04765625 0.084375 0.0765625
0 0.2453125 0.1125 0.078125 0.078125
0 0.28515625 0.17734375 0.0765625 0.0671875
0 0.965625 0.92109375 0.0625 0.0734375
0 0.728125 0.31875 0.090625 0.078125
0 0.6921875 0.40625 0.084375 0.075
0 0.57109375 0.8125 0.0734375 0.065625
0 0.925 0.38515625 0.075 0.0640625
0 0.171875 0.28828125 0.071875 0.0703125
0 0.2875 0.83671875 0.103125 0.0828125
0 0.89609375 0.31171875 0.0828125 0.0734375
0 0.51796875 0.17421875 0.0671875 0.0734375
0 0.2953125 0.36953125 0.096875 0.0734375
0 0.159375 0.38515625 0.08125 0.0734375
0 0.27421875 0.253125 0.0765625 0.071875
0 0.17109375 0.14453125 0.0703125 0.0671875
0 0.7171875 0.20625 0.071875 0.075
0 0.95703125 0.20625 0.0640625 0.0625
0 0.934375 0.67421875 0.109375 0.1140625
0 0.1171875 0.45078125 0.115625 0.0984375
0 0.1046875 0.9359375 0.115625 0.09375
0 0.2953125 0.76484375 0.1125 0.0953125
0 0.69375 0.48046875 0.096875 0.0859375
0 0.32734375 0.94765625 0.1015625 0.0890625
0 0.671875 0.1828125 0.103125 0.09375
0 0.13828125 0.96171875 0.0765625 0.0765625
