0 0.9703125 0.62734375 0.053125 0.0734375
0 0.48046875 0.86796875 0.0921875 0.0859375
0 0.4703125 0.2484375 0.06875 0.059375
0 0.73828125 0.66328125 0.0734375 0.0671875
0 0.4828125 0.94296875 0.090625 0.0765625
0 0.6453125 0.2 0.071875 0.06875
0 0.7515625 0.7328125 0.06875 0.0625
0 0.30703125 0.1703125 0.0734375 0.06875
0 0.671875 0.58828125 0.071875 0.0703125
0 0.47578125 0.70078125 0.0921875 0.0796875
0 0.3015625 0.80546875 0.090625 0.0703125
0 0.26015625 0.35859375 0.0828125 0.0859375
0 0.50546875 0.7734375 0.0828125 0.075
0 0.69921875 0.51171875 0.1046875 0.0890625
0 0.63671875 0.0859375 0.0921875 0.084375
0 0.478125 0.4390625 0.08125 0.0875
0 0.28671875 0.26953125 0.0859375 0.0765625
0 0.79140625 0.06875 0.0859375 0.08125
0 0.784375 0.1515625 0.075 0.071875
0 0.27109375 0.63671875 0.0734375 0.0765625
0 0.28671875 0.71015625 0.1015625 0.0890625
0 0.2828125 0.0484375 0.08125 0.071875
0 0.6796875 0.79453125 0.096875 0.1046875
0 0.4703125 0.5265625 0.08125 0.075
0 0.84453125 0.69453125 0.0828125 0.0703125
0 0.66796875 0.2578125 0.0734375 0.06875
0 0.6984375 0.31171875 0.078125 0.0609375
0 0.0953125 0.91953125 0.09375 0.0984375
0 0.75859375 0.9296875 0.0921875 0.078125
0 0.46953125 0.59609375 0.0609375 0.0578125
0 0.8390625 0.925 0.065625 0.0625
0 0.6140625 0.025 0.078125 0.046875
0 0.96015625 0.51640625 0.0703125 0.0734375
0 0.0703125 0.12265625 0.071875 0.0671875
0 0.4734375 0.32734375 0.075 0.0796875
0 0.6875 0.41953125 0.071875 0.0765625
0 0.7359375 0.9171875 0.084375 0.075
0 0.34140625 0.840625 0.0765625 0.0625
0 0.28203125 0.521875 0.1265625 0.096875
0 0.10234375 0.778125 0.0609375 0.05
0 0.83203125 0.98046875 0.0609375 0.0359375
0 0.8125 0.4 0.05625 0.053125
0 0.734375 0.98046875 0.071875 0.0390625
0 0.3046875 0.9734375 0.0625 0.053125
