0 0.21796875 0.49453125 0.0578125 0.0546875
0 0.68125 0.38203125 0.059375 0.0515625
0 0.87265625 0.96171875 0.0578125 0.0515625
0 0.72578125 0.940625 0.0578125 0.053125
0 0.546875 0.46875 0.059375 0.053125
0 0.2015625 0.79921875 0.059375 0.0546875
0 0.69375 0.85 0.05 0.05
0 0.69921875 0.16171875 0.0546875 0.0609375
0 0.1671875 0.01796875 0.06875 0.0328125
0 0.50234375 0.31171875 0.0515625 0.0484375
0 0.03046875 0.86328125 0.0578125 0.0578125
0 0.71484375 0.26171875 0.0546875 0.0578125
0 0.51875 0.671875 0.071875 0.0625
0 0.55703125 0.8078125 0.0671875 0.0625
0 0.16796875 0.44140625 0.0765625 0.0703125
0 0.70390625 0.0640625 0.0703125 0.065625
0 0.159375 0.3515625 0.071875 0.059375
0 0.88828125 0.5703125 0.1046875 0.0875
0 0.2953125 0.23125 0.071875 0.0625
0 0.1515625 0.7078125 0.078125 0.0625
0 0.1875 0.63671875 0.075 0.0734375
0 0.159375 0.1796875 0.075 0.071875
0 0.6828125 0.5921875 0.075 0.071875
0 0.15625 0.10625 0.071875 0.0625
0 0.4953125 0.7359375 0.06875 0.0625
0 0.73828125 0.4640625 0.0578125 0.05625
0 0.70234375 0.74609375 0.0640625 0.0640625
0 0.484375 0.39296875 0.08125 0.0734375
0 0.73203125 0.64140625 0.0703125 0.0609375
0 0.028125 0.31015625 0.053125 0.0671875
0 0.91015625 0.81171875 0.0734375 0.0796875
0 0.21796875 0.8953125 0.0640625 0.059375
0 0.16953125 0.2515625 0.0578125 0.05
0 0.56640625 0.953125 0.0578125 0.05625
0 0.35234375 0.559375 0.0578125 0.059375
0 0.90390625 0.41328125 0.0828125 0.0765625
0 0.328125 0.06484375 0.053125 0.0828125
0 0.71796875 0.31875 0.0453125 0.046875
0 0.8546875 0.3546875 0.05 0.05
0 0.946875 0.1484375 0.06875 0.05
0 0.57109375 0.1484375 0.0609375 0.05
0 0.49375 0.01953125 0.053125 0.0359375
0 0.503125 0.571875 0.065625 0.059375
