0 0.80625 0.72890625 0.05625 0.0578125
0 0.253125 0.30234375 0.059375 0.0578125
0 0.6140625 0.76015625 0.05625 0.0578125
0 0.76640625 0.06328125 0.0578125 0.0484375
0 0.64296875 0.978125 0.0609375 0.034375
0 0.92421875 0.41953125 0.0984375 0.0859375
0 0.31328125 0.7640625 0.0921875 0.1
0 0.39453125 0.93515625 0.0984375 0.0828125
0 0.5921875 0.26953125 0.084375 0.0734375
0 0.584375 0.05859375 0.08125 0.0765625
0 0.78203125 0.2234375 0.0796875 0.071875
0 0.61953125 0.65625 0.0765625 0.075
0 0.77578125 0.30859375 0.0828125 0.0734375
0 0.79609375 0.3796875 0.0859375 0.075
0 0.7609375 0.1296875 0.084375 0.078125
0 0.346875 0.32734375 0.084375 0.0734375
0 0.61328125 0.49296875 0.0921875 0.0734375
0 0.75859375 0.7765625 0.0796875 0.06875
0 0.58515625 0.16796875 0.0859375 0.0765625
0 0.91328125 0.7546875 0.0796875 0.078125
0 0.30390625 0.4109375 0.0921875 0.078125
0 0.32734375 0.50859375 0.1046875 0.0796875
0 0.82265625 0.82109375 0.0640625 0.0640625
0 0.615625 0.840625 0.071875 0.065625
0 0.6234375 0.55859375 0.06875 0.0515625
0 0.33046875 0.8578125 0.0828125 0.075
0 0.79453125 0.625 0.0734375 0.065625
0 0.61328125 0.89921875 0.0796875 0.0671875
0 0.31875 0.9390625 0.065625 0.0625
0 0.91015625 0.26640625 0.0765625 0.0765625
0 0.63125 0.41484375 0.071875 0.0640625
0 0.796875 0.8890625 0.06875 0.059375
0 0.77265625 0.02265625 0.0671875 0.0421875
0 0.36796875 0.1 0.0671875 0.059375
0 0.32890625 0.58203125 0.0890625 0.0671875
0 0.0515625 0.14140625 0.071875 0.0734375
0 0.35390625 0.04296875 0.0859375 0.0734375
0 0.7265625 0.54296875 0.078125 0.0765625
0 0.2859375 0.10859375 0.075 0.0796875
0 0.2890625 0.221875 0.09375 0.08125
0 0.81640625 0.98046875 0.0671875 0.0390625
0 0.05234375 0.0328125 0.1015625 0.04375
