0 0.196875 0.07109375 0.0625 0.0546875
0 0.18984375 0.2328125 0.0546875 0.05
0 0.64921875 0.134375 0.0578125 0.059375
0 0.375 0.2828125 0.0625 0.059375
0 0.89140625 0.76328125 0.0609375 0.0546875
0 0.1921875 0.96796875 0.059375 0.0515625
0 0.90625 0.66953125 0.084375 0.0703125
0 0.36484375 0.39140625 0.0640625 0.0609375
0 0.39921875 0.7203125 0.0671875 0.059375
0 0.646875 0.86796875 0.0625 0.0578125
0 0.36875 0.05 0.06875 0.059375
0 0.05703125 0.41328125 0.0828125 0.0671875
0 0.3765625 0.11484375 0.075 0.0609375
0 0.209375 0.1421875 0.05625 0.05625
0 0.36640625 0.9203125 0.0984375 0.08125
0 0.4265625 0.221875 0.0625 0.05625
0 0.86640625 0.0859375 0.0734375 0.065625
0 0.87265625 0.33203125 0.0609375 0.0640625
0 0.8703125 0.24296875 0.05625 0.0578125
0 0.2265625 0.19921875 0.059375 0.0515625
0 0.20859375 0.36953125 0.0609375 0.0546875
0 0.0296875 0.68046875 0.05625 0.0671875
0 0.578125 0.77734375 0.08125 0.0828125
0 0.57265625 0.62265625 0.0765625 0.0765625
0 0.55546875 0.14140625 0.0734375 0.0734375
0 0.2109375 0.30390625 0.06875 0.0640625
0 0.03203125 0.04140625 0.0609375 0.0734375
0 0.671875 0.79453125 0.046875 0.0390625
0 0.86875 0.94453125 0.05 0.0671875
0 0.97734375 0.9515625 0.0453125 0.06875
0 0.1890625 0.79765625 0.0375 0.0453125
0 0.59296875 0.2375 0.0453125 0.040625
0 0.5859375 0.37890625 0.05625 0.0546875
0 0.6890625 0.05703125 0.05 0.0484375
0 0.53359375 0.05546875 0.0421875 0.0609375
