0 0.0234375 0.48203125 0.046875 0.0609375
0 0.08515625 0.09375 0.0609375 0.05625
0 0.8109375 0.5625 0.065625 0.053125
0 0.1421875 0.940625 0.084375 0.084375
0 0.82734375 0.3421875 0.1015625 0.08125
0 0.071875 0.58125 0.06875 0.075
0 0.11953125 0.31640625 0.0796875 0.0734375
0 0.12578125 0.4109375 0.0703125 0.065625
0 0.7875 0.14140625 0.096875 0.0859375
0 0.459375 0.9484375 0.0875 0.075
0 0.03359375 0.88671875 0.0671875 0.0734375
0 0.0828125 0.18359375 0.075 0.0671875
0 0.10625 0.51328125 0.071875 0.0609375
0 0.64765625 0.24765625 0.0890625 0.0765625
0 0.12890625 0.11875 0.0671875 0.065625
0 0.68515625 0.94296875 0.0890625 0.0734375
0 0.3453125 0.22890625 0.06875 0.0828125
0 0.79140625 0.45390625 0.0703125 0.0671875
0 0.71171875 0.55234375 0.0703125 0.0578125
0 0.8734375 0.7421875 0.075 0.0625
0 0.12890625 0.83359375 0.0671875 0.0671875
0 0.6640625 0.89765625 0.078125 0.0671875
0 0.321875 0.79375 0.071875 0.075
0 0.33671875 0.9359375 0.0828125 0.084375
0 0.80390625 0.6203125 0.0640625 0.0625
0 0.5578125 0.45390625 0.090625 0.0890625
0 0.6515625 0.60859375 0.078125 0.0890625
0 0.33515625 0.14765625 0.0640625 0.0546875
0 0.6984375 0.7171875 0.071875 0.065625
0 0.496875 0.740625 0.05625 0.046875
0 0.34140625 0.3765625 0.0609375 0.0625
0 0.16484375 0.70234375 0.0703125 0.0453125
0 0.16171875 0.75234375 0.0734375 0.0578125
0 0.83046875 0.96484375 0.0640625 0.0484375
0 0.328125 0.07265625 0.0625 0.0578125
0 0.63203125 0.0875 0.0578125 0.059375
