0 0.8890625 0.7421875 0.05625 0.059375
0 0.871875 0.2703125 0.059375 0.053125
0 0.61328125 0.70859375 0.0671875 0.0546875
0 0.5578125 0.40234375 0.05 0.0578125
0 0.9765625 0.47734375 0.040625 0.0578125
0 0.55078125 0.23359375 0.0578125 0.0546875
0 0.1234375 0.15078125 0.078125 0.0671875
0 0.30390625 0.37265625 0.1015625 0.0796875
0 0.63671875 0.06328125 0.0796875 0.0671875
0 0.175 0.471875 0.075 0.065625
0 0.11953125 0.05859375 0.0859375 0.0734375
0 0.8453125 0.13828125 0.08125 0.0640625
0 0.3390625 0.64765625 0.090625 0.0734375
0 0.29921875 0.5265625 0.0890625 0.08125
0 0.23046875 0.6625 0.0734375 0.06875
0 0.54609375 0.31484375 0.0859375 0.0796875
0 0.87890625 0.859375 0.0859375 0.071875
0 0.3078125 0.2609375 0.08125 0.08125
0 0.89921875 0.41328125 0.0796875 0.0609375
0 0.1640625 0.3796875 0.084375 0.078125
0 0.2015625 0.9140625 0.075 0.065625
0 0.16484375 0.80859375 0.0765625 0.0703125
0 0.61640625 0.38984375 0.0796875 0.0765625
0 0.625 0.75625 0.090625 0.075
0 0.2859375 0.19765625 0.0625 0.0546875
0 0.3421875 0.45078125 0.08125 0.0734375
0 0.11796875 0.33046875 0.0671875 0.0609375
0 0.6171875 0.2234375 0.08125 0.078125
0 0.8546875 0.03515625 0.078125 0.0671875
0 0.30234375 0.10546875 0.0828125 0.0703125
0 0.6375 0.5625 0.078125 0.06875
0 0.8625 0.51640625 0.103125 0.0796875
0 0.8953125 0.959375 0.078125 0.065625
0 0.13671875 0.60703125 0.0671875 0.0640625
0 0.35546875 0.84765625 0.0734375 0.0703125
0 0.1796875 0.74765625 0.06875 0.0609375
0 0.3515625 0.91640625 0.08125 0.0734375
0 0.33046875 0.72265625 0.0703125 0.0765625
0 0.6265625 0.86875 0.078125 0.06875
0 0.63515625 0.46328125 0.0609375 0.0671875
0 0.6546875 0.81640625 0.071875 0.0609375
0 0.95390625 0.65234375 0.0765625 0.0671875
0 0.63828125 0.13046875 0.0828125 0.0765625
0 0.55703125 0.8640625 0.0703125 0.084375
0 0.6359375 0.3140625 0.075 0.06875
0 0.1484375 0.21015625 0.078125 0.0765625
0 0.32890625 0.5859375 0.0609375 0.053125
0 0.54765625 0.50390625 0.0671875 0.0640625
0 0.596875 0.60625 0.059375 0.0625
0 0.88359375 0.33203125 0.0640625 0.0578125
0 0.9734375 0.30859375 0.05 0.0609375
0 0.63203125 0.9484375 0.0640625 0.065625
0 0.55703125 0.1421875 0.0703125 0.065625
0 0.86015625 0.66171875 0.0890625 0.0703125
0 0.34296875 0.01953125 0.1015625 0.0359375
0 0.565625 0.0234375 0.059375 0.04375
