0 0.80859375 0.70234375 0.0546875 0.0578125
0 0.90625 0.2515625 0.10625 0.096875
0 0.05859375 0.61875 0.0953125 0.1
0 0.2453125 0.68671875 0.08125 0.0828125
0 0.2390625 0.4421875 0.115625 0.096875
0 0.07734375 0.884375 0.0890625 0.078125
0 0.08046875 0.13125 0.0921875 0.084375
0 0.259375 0.33125 0.071875 0.0625
0 0.9359375 0.60390625 0.071875 0.0609375
0 0.20625 0.03984375 0.075 0.0640625
0 0.77734375 0.43671875 0.0734375 0.0609375
0 0.91875 0.7453125 0.078125 0.065625
0 0.23515625 0.23125 0.0765625 0.06875
0 0.921875 0.8421875 0.090625 0.06875
0 0.30234375 0.5953125 0.0765625 0.0625
0 0.78515625 0.6125 0.0703125 0.0625
0 0.075 0.42109375 0.078125 0.0671875
0 0.09765625 0.25703125 0.0703125 0.0671875
0 0.7390625 0.0515625 0.078125 0.059375
0 0.253125 0.80234375 0.090625 0.0796875
0 0.775 0.528125 0.065625 0.071875
0 0.0328125 0.29921875 0.059375 0.0609375
0 0.74609375 0.3421875 0.0734375 0.075
0 0.9109375 0.91171875 0.0625 0.0609375
0 0.028125 0.3328125 0.053125 0.075
0 0.915625 0.41796875 0.071875 0.0609375
0 0.96015625 0.9546875 0.0546875 0.05
0 0.8984375 0.0203125 0.078125 0.0375
0 0.04921875 0.7828125 0.0890625 0.075
0 0.91171875 0.528125 0.0609375 0.05625
0 0.80390625 0.846875 0.0890625 0.08125
0 0.78359375 0.92890625 0.0859375 0.0828125
0 0.0703125 0.48125 0.0875 0.06875
0 0.23515625 0.9390625 0.0984375 0.0875
0 0.209375 0.7171875 0.065625 0.059375
0 0.90390625 0.665625 0.0578125 0.065625
0 0.74140625 0.26484375 0.0546875 0.0546875
0 0.7234375 0.15 0.05 0.065625
0 0.7140625 0.2078125 0.05625 0.053125
0 0.85546875 0.10546875 0.0546875 0.0484375
