0 0.0265625 0.284375 0.05 0.0625
0 0.0875 0.7703125 0.059375 0.0625
0 0.8421875 0.74921875 0.059375 0.0515625
0 0.5765625 0.4984375 0.09375 0.09375
0 0.81953125 0.428125 0.0828125 0.084375
0 0.053125 0.13515625 0.084375 0.0828125
0 0.4125 0.77265625 0.084375 0.0796875
0 0.4125 0.9515625 0.096875 0.078125
0 0.91875 0.06640625 0.090625 0.0796875
0 0.3859375 0.68203125 0.115625 0.1109375
0 0.5859375 0.60390625 0.090625 0.0828125
0 0.95703125 0.18125 0.0734375 0.078125
0 0.75546875 0.18828125 0.0921875 0.0796875
0 0.62890625 0.67109375 0.0734375 0.0671875
0 0.4046875 0.47109375 0.084375 0.0765625
0 0.61796875 0.94765625 0.0765625 0.0734375
0 0.75859375 0.06875 0.0734375 0.065625
0 0.87109375 0.87734375 0.0921875 0.0765625
0 0.084375 0.49765625 0.075 0.0765625
0 0.63359375 0.14609375 0.0671875 0.0609375
0 0.046875 0.2234375 0.065625 0.065625
0 0.2015625 0.8453125 0.06875 0.065625
0 0.609375 0.884375 0.075 0.06875
0 0.93828125 0.3390625 0.0640625 0.0625
0 0.42421875 0.8640625 0.0703125 0.0625
0 0.5828125 0.3625 0.065625 0.065625
0 0.09765625 0.86328125 0.0609375 0.0640625
0 0.19453125 0.94296875 0.0828125 0.0703125
0 0.615625 0.26953125 0.06875 0.0671875
0 0.171875 0.27421875 0.06875 0.0703125
0 0.81953125 0.70859375 0.0890625 0.0796875
0 0.20078125 0.11328125 0.0703125 0.0578125
0 0.5828125 0.03984375 0.0875 0.0703125
0 0.09140625 0.6 0.0578125 0.0625
0 0.203125 0.3796875 0.05625 0.0625
0 0.45859375 0.24375 0.0734375 0.071875
0 0.81328125 0.53515625 0.0890625 0.0828125
0 0.6890625 0.540625 0.053125 0.04375
0 0.84765625 0.9546875 0.0546875 0.05
0 0.79140625 0.30859375 0.0671875 0.0734375
0 0.0578125 0.93203125 0.0625 0.0484375
0 0.1796875 0.62734375 0.0375 0.0359375
0 0.18515625 0.66328125 0.0328125 0.0328125
0 0.215625 0.7578125 0.05 0.04375
0 0.04921875 0.68671875 0.0484375 0.0515625
0 0.0546875 0.3875 0.04375 0.059375
0 0.16484375 0.0453125 0.0390625 0.046875
0 0.5453125 0.15078125 0.05625 0.0484375
0 0.45078125 0.0953125 0.0609375 0.05625
0 0.41875 0.1484375 0.0375 0.05625
0 0.359375 0.10234375 0.034375 0.0328125
0 0.92578125 0.27109375 0.0484375 0.0390625
0 0.98359375 0.63125 0.0328125 0.034375
0 0.95390625 0.65625 0.0265625 0.034375
0 0.9859375 0.97890625 0.028125 0.0421875
0 0.9640625 0.44375 0.05625 0.071875
