0 0.02734375 0.7765625 0.0515625 0.053125
0 0.7546875 0.82578125 0.065625 0.0515625
0 0.175 0.05078125 0.09375 0.0671875
0 0.9125 0.72265625 0.09375 0.0921875
0 0.6625 0.9296875 0.0875 0.078125
0 0.0375 0.59140625 0.071875 0.0828125
0 0.903125 0.909375 0.065625 0.065625
0 0.1625 0.6703125 0.096875 0.0875
0 0.853125 0.56015625 0.1 0.0953125
0 0.6921875 0.74140625 0.096875 0.0828125
0 0.71484375 0.58984375 0.1078125 0.1078125
0 0.86484375 0.071875 0.0765625 0.065625
0 0.19765625 0.89375 0.0859375 0.071875
0 0.7 0.2796875 0.078125 0.084375
0 0.1578125 0.94296875 0.090625 0.0734375
0 0.34453125 0.59375 0.1078125 0.084375
0 0.16640625 0.7796875 0.0703125 0.075
0 0.8375 0.8 0.078125 0.075
0 0.4390625 0.07265625 0.06875 0.0640625
0 0.321875 0.14921875 0.08125 0.0703125
0 0.2171875 0.08125 0.06875 0.065625
0 0.7265625 0.028125 0.065625 0.053125
0 0.846875 0.20078125 0.06875 0.0859375
0 0.80859375 0.0296875 0.0828125 0.05625
0 0.7171875 0.21328125 0.071875 0.0609375
0 0.10859375 0.28203125 0.1453125 0.0765625
0 0.14375 0.59140625 0.103125 0.0921875
0 0.86484375 0.3125 0.0859375 0.06875
0 0.93671875 0.98515625 0.0640625 0.0296875
