0 0.64296875 0.13828125 0.0546875 0.0515625
0 0.765625 0.8984375 0.05625 0.053125
0 0.9453125 0.2609375 0.053125 0.05
0 0.76171875 0.01875 0.0671875 0.0375
0 0.94765625 0.5078125 0.0609375 0.046875
0 0.0328125 0.0203125 0.059375 0.040625
0 0.640625 0.26875 0.059375 0.046875
0 0.934375 0.575 0.096875 0.090625
0 0.61640625 0.74921875 0.0640625 0.0640625
0 0.046875 0.14921875 0.075 0.0734375
0 0.64609375 0.91796875 0.0796875 0.0765625
0 0.9171875 0.4671875 0.071875 0.065625
0 0.91640625 0.828125 0.0921875 0.084375
0 0.890625 0.3453125 0.1 0.0875
0 0.03046875 0.86484375 0.0578125 0.0734375
0 0.2171875 0.30078125 0.1125 0.0984375
0 0.63203125 0.66171875 0.0828125 0.0765625
0 0.37265625 0.35859375 0.0890625 0.0703125
0 0.64609375 0.54765625 0.0765625 0.0640625
0 0.36484375 0.4515625 0.1046875 0.090625
0 0.640625 0.45234375 0.075 0.0671875
0 0.4828125 0.1203125 0.0875 0.078125
0 0.64609375 0.19453125 0.0796875 0.0703125
0 0.38984375 0.25859375 0.0921875 0.0765625
0 0.25625 0.0953125 0.109375 0.0875
0 0.56171875 0.13125 0.0828125 0.08125
0 0.19765625 0.89609375 0.1078125 0.0921875
0 0.96953125 0.215625 0.0546875 0.0625
0 0.37890625 0.55625 0.0828125 0.08125
0 0.5921875 0.34296875 0.075 0.0640625
0 0.94609375 0.1109375 0.0890625 0.0875
0 0.38359375 0.78828125 0.1234375 0.1015625
0 0.9453125 0.4109375 0.075 0.059375
0 0.928125 0.9375 0.071875 0.075
0 0.27421875 0.1671875 0.0859375 0.075
0 0.609375 0.84609375 0.075 0.0640625
0 0.23359375 0.803125 0.0921875 0.084375
0 0.22734375 0.94765625 0.0796875 0.0671875
0 0.4015625 0.87109375 0.096875 0.0859375
0 0.1640625 0.40703125 0.115625 0.0921875
0 0.77578125 0.39296875 0.0671875 0.0671875
0 0.3796875 0.69375 0.084375 0.065625
0 0.21875 0.43359375 0.084375 0.0765625
0 0.6953125 0.07578125 0.059375 0.0578125
0 0.59140625 0.55703125 0.0609375 0.0578125
0 0.20390625 0.5703125 0.1203125 0.103125
0 0.41484375 0.6375 0.1046875 0.0875
0 0.21328125 0.71328125 0.1046875 0.0859375
0 0.36328125 0.94609375 0.1078125 0.0921875
