0 0.0265625 0.09765625 0.05 0.0546875
0 0.025 0.265625 0.046875 0.05625
0 0.96953125 0.0359375 0.0484375 0.053125
0 0.05703125 0.81796875 0.0609375 0.0484375
0 0.64453125 0.75703125 0.0578125 0.0515625
0 0.721875 0.7265625 0.046875 0.04375
0 0.02421875 0.015625 0.0453125 0.028125
0 0.69609375 0.97890625 0.0453125 0.0359375
0 0.54765625 0.746875 0.0546875 0.04375
0 0.9421875 0.9015625 0.090625 0.078125
0 0.38515625 0.1078125 0.0703125 0.065625
0 0.2421875 0.02734375 0.084375 0.0515625
0 0.94765625 0.54375 0.0703125 0.071875
0 0.240625 0.128125 0.09375 0.075
0 0.70390625 0.51796875 0.0671875 0.0578125
0 0.946875 0.30625 0.078125 0.071875
0 0.409375 0.81953125 0.071875 0.0640625
0 0.421875 0.74375 0.071875 0.065625
0 0.92578125 0.21015625 0.0828125 0.0765625
0 0.4234375 0.3578125 0.09375 0.084375
0 0.0484375 0.9265625 0.071875 0.06875
0 0.29921875 0.3609375 0.0828125 0.065625
0 0.24140625 0.2953125 0.0953125 0.0875
0 0.72109375 0.67109375 0.0765625 0.0640625
0 0.40859375 0.1859375 0.0859375 0.08125
0 0.69765625 0.04609375 0.0828125 0.0734375
0 0.24140625 0.59453125 0.0984375 0.0796875
0 0.63359375 0.17421875 0.0734375 0.0578125
0 0.921875 0.396875 0.08125 0.075
0 0.43203125 0.4609375 0.0703125 0.065625
0 0.7296875 0.90546875 0.078125 0.0703125
0 0.24375 0.2140625 0.078125 0.071875
0 0.7234375 0.403125 0.078125 0.075
0 0.69609375 0.30625 0.0640625 0.0625
0 0.25546875 0.91796875 0.0734375 0.0640625
0 0.953125 0.8109375 0.065625 0.071875
0 0.2578125 0.96953125 0.071875 0.0515625
0 0.95078125 0.10078125 0.0734375 0.0734375
0 0.40234375 0.27109375 0.0734375 0.0671875
0 0.928125 0.6359375 0.06875 0.065625
0 0.2734375 0.71484375 0.0875 0.0765625
0 0.93046875 0.71796875 0.0640625 0.0609375
0 0.4328125 0.63125 0.090625 0.071875
0 0.43359375 0.88046875 0.0734375 0.0703125
0 0.6171875 0.84921875 0.075 0.0671875
0 0.25390625 0.79609375 0.0828125 0.0765625
0 0.04921875 0.44296875 0.0734375 0.0640625
0 0.44296875 0.5546875 0.0890625 0.08125
0 0.634375 0.359375 0.078125 0.084375
0 0.70859375 0.16796875 0.0578125 0.0578125
0 0.6515625 0.92734375 0.05625 0.0578125
0 0.221875 0.50703125 0.059375 0.0484375
0 0.89453125 0.78125 0.0796875 0.071875
0 0.70390625 0.23828125 0.0515625 0.0515625
0 0.71953125 0.85546875 0.0703125 0.0390625
0 0.71171875 0.58359375 0.0859375 0.0765625
0 0.4078125 0.03359375 0.065625 0.0609375
0 0.696875 0.75234375 0.065625 0.0609375
