0 0.3625 0.021875 0.065625 0.040625
0 0.02890625 0.38671875 0.0546875 0.0609375
0 0.54453125 0.4546875 0.1109375 0.1
0 0.55625 0.74765625 0.1 0.0859375
0 0.7921875 0.9265625 0.1 0.0875
0 0.5015625 0.03125 0.096875 0.059375
0 0.03515625 0.06953125 0.0671875 0.0640625
0 0.09921875 0.9296875 0.0828125 0.075
0 0.07109375 0.76875 0.0953125 0.075
0 0.615625 0.95703125 0.078125 0.0671875
0 0.521875 0.10390625 0.10625 0.0828125
0 0.54609375 0.34765625 0.0890625 0.0796875
0 0.740625 0.34921875 0.09375 0.0828125
0 0.03671875 0.48203125 0.0703125 0.0828125
0 0.57890625 0.84765625 0.0953125 0.0796875
0 0.6984375 0.4328125 0.096875 0.09375
0 0.56640625 0.5984375 0.0828125 0.075
0 0.69375 0.1765625 0.0875 0.065625
0 0.73125 0.8390625 0.090625 0.078125
0 0.2359375 0.36328125 0.090625 0.0828125
0 0.53828125 0.26484375 0.0859375 0.0671875
0 0.2453125 0.9625 0.0875 0.059375
0 0.9 0.03046875 0.065625 0.0578125
0 0.9578125 0.6828125 0.06875 0.06875
0 0.8796875 0.08671875 0.075 0.0671875
0 0.04296875 0.85 0.0828125 0.084375
0 0.35546875 0.09296875 0.0796875 0.0765625
0 0.81796875 0.59921875 0.0953125 0.0703125
0 0.33359375 0.7421875 0.0953125 0.075
0 0.51640625 0.196875 0.0890625 0.084375
0 0.925 0.475 0.08125 0.071875
0 0.06640625 0.165625 0.0703125 0.0625
0 0.9640625 0.8265625 0.0625 0.071875
0 0.2640625 0.5578125 0.1 0.0875
0 0.25078125 0.45859375 0.1046875 0.0703125
0 0.9671875 0.3578125 0.053125 0.065625
0 0.36875 0.6796875 0.090625 0.078125
0 0.04375 0.60625 0.075 0.065625
0 0.9328125 0.17421875 0.08125 0.0703125
0 0.21640625 0.81015625 0.0640625 0.0609375
0 0.28046875 0.61171875 0.0640625 0.0578125
0 0.96875 0.91796875 0.053125 0.0671875
0 0.9703125 0.75 0.05 0.065625
0 0.69140625 0.5390625 0.0890625 0.0875
0 0.70390625 0.24921875 0.1046875 0.1046875
0 0.66875 0.05078125 0.1125 0.0921875
0 0.75078125 0.74765625 0.1015625 0.0953125
0 0.24296875 0.1484375 0.0984375 0.0875
0 0.38359375 0.85625 0.0640625 0.053125
0 0.4109375 0.93828125 0.09375 0.0671875
0 0.55390625 0.66015625 0.0546875 0.0484375
0 0.51484375 0.70625 0.0578125 0.04375
