0 0.89609375 0.56796875 0.0546875 0.0546875
0 0.1328125 0.1359375 0.059375 0.05625
0 0.94375 0.40625 0.06875 0.05
0 0.1359375 0.86796875 0.084375 0.0703125
0 0.946875 0.86015625 0.090625 0.0921875
0 0.88125 0.07109375 0.0875 0.0796875
0 0.534375 0.346875 0.075 0.075
0 0.28984375 0.13984375 0.0796875 0.0640625
0 0.69765625 0.91015625 0.0921875 0.0796875
0 0.634375 0.55390625 0.071875 0.0671875
0 0.33125 0.34296875 0.06875 0.0640625
0 0.7890625 0.46640625 0.075 0.0765625
0 0.12890625 0.6578125 0.0734375 0.0625
0 0.25625 0.66171875 0.084375 0.0765625
0 0.88203125 0.91328125 0.0890625 0.0796875
0 0.1 0.29296875 0.084375 0.0703125
0 0.21875 0.25390625 0.06875 0.0671875
0 0.35390625 0.60625 0.0921875 0.078125
0 0.540625 0.46015625 0.10625 0.0984375
0 0.71875 0.68046875 0.09375 0.0859375
0 0.55234375 0.76171875 0.0890625 0.0859375
0 0.31640625 0.8671875 0.1015625 0.078125
0 0.11015625 0.22578125 0.0765625 0.0671875
0 0.54609375 0.22265625 0.1234375 0.0953125
0 0.734375 0.815625 0.090625 0.08125
0 0.67734375 0.0859375 0.0671875 0.059375
0 0.64453125 0.475 0.0859375 0.078125
0 0.115625 0.58203125 0.06875 0.0640625
0 0.24296875 0.55859375 0.0703125 0.0578125
0 0.11015625 0.41953125 0.0828125 0.0859375
0 0.89375 0.96484375 0.071875 0.0515625
0 0.86484375 0.14453125 0.0671875 0.0640625
0 0.51484375 0.06484375 0.0921875 0.0765625
0 0.93828125 0.696875 0.0796875 0.06875
0 0.86015625 0.30078125 0.0671875 0.0859375
0 0.684375 0.75078125 0.06875 0.0671875
0 0.26484375 0.06328125 0.0703125 0.0515625
0 0.30625 0.015625 0.065625 0.028125
0 0.32265625 0.41953125 0.0640625 0.0546875
0 0.18984375 0.40703125 0.0578125 0.0484375
0 0.196875 0.77421875 0.096875 0.0765625
0 0.0171875 0.7453125 0.03125 0.071875
0 0.23828125 0.93984375 0.0609375 0.0578125
0 0.48359375 0.98046875 0.1265625 0.0390625
