0 0.93046875 0.01953125 0.0640625 0.0390625
0 0.8390625 0.97109375 0.071875 0.0484375
0 0.89140625 0.33125 0.0734375 0.0625
0 0.94453125 0.14921875 0.0796875 0.0765625
0 0.7109375 0.21328125 0.090625 0.0859375
0 0.70078125 0.64921875 0.0703125 0.0703125
0 0.85546875 0.65703125 0.0984375 0.0953125
0 0.75078125 0.76875 0.0953125 0.078125
0 0.85390625 0.4859375 0.1078125 0.09375
0 0.85546875 0.03125 0.0921875 0.0625
0 0.9234375 0.86796875 0.071875 0.0765625
0 0.88203125 0.40234375 0.0890625 0.0890625
0 0.71328125 0.915625 0.0921875 0.08125
0 0.19453125 0.40703125 0.0921875 0.0796875
0 0.675 0.4328125 0.103125 0.09375
0 0.84140625 0.76796875 0.0859375 0.0765625
0 0.87890625 0.23125 0.0734375 0.065625
0 0.68984375 0.5546875 0.0734375 0.06875
0 0.06171875 0.03359375 0.0796875 0.0640625
0 0.04375 0.52578125 0.0875 0.0984375
0 0.440625 0.5953125 0.1125 0.09375
0 0.1890625 0.84296875 0.09375 0.0828125
0 0.715625 0.859375 0.065625 0.059375
0 0.0625 0.43515625 0.075 0.0609375
0 0.19609375 0.7046875 0.0703125 0.084375
0 0.69609375 0.759375 0.0734375 0.078125
0 0.040625 0.08203125 0.06875 0.0578125
0 0.2328125 0.5296875 0.071875 0.06875
0 0.228125 0.5796875 0.075 0.059375
0 0.6421875 0.03125 0.08125 0.059375
