0 0.9640625 0.159375 0.053125 0.053125
0 0.1546875 0.975 0.059375 0.040625
0 0.15703125 0.0203125 0.0671875 0.0375
0 0.97421875 0.0921875 0.0453125 0.05
0 0.03125 0.02265625 0.059375 0.0421875
0 0.971875 0.26796875 0.05 0.0671875
0 0.38828125 0.0234375 0.0640625 0.04375
0 0.5890625 0.08515625 0.109375 0.0953125
0 0.58203125 0.61875 0.1015625 0.096875
0 0.159375 0.10546875 0.0875 0.0734375
0 0.1578125 0.18671875 0.078125 0.0703125
0 0.94921875 0.75 0.0703125 0.065625
0 0.15234375 0.58828125 0.0828125 0.0828125
0 0.5859375 0.23125 0.078125 0.071875
0 0.8265625 0.0609375 0.09375 0.078125
0 0.80703125 0.75 0.0953125 0.090625
0 0.43359375 0.2546875 0.0921875 0.084375
0 0.93984375 0.515625 0.0984375 0.090625
0 0.41796875 0.90703125 0.0953125 0.0734375
0 0.590625 0.88828125 0.096875 0.0828125
0 0.8046875 0.6109375 0.08125 0.0625
0 0.42734375 0.46875 0.0921875 0.078125
0 0.028125 0.1359375 0.053125 0.059375
0 0.40546875 0.07421875 0.0828125 0.0671875
0 0.7890625 0.4578125 0.08125 0.065625
0 0.03984375 0.69765625 0.0765625 0.0828125
0 0.3890625 0.8265625 0.084375 0.071875
0 0.18515625 0.3375 0.0828125 0.075
0 0.1671875 0.85546875 0.096875 0.0921875
0 0.15625 0.4203125 0.084375 0.071875
0 0.59765625 0.32109375 0.0828125 0.0671875
0 0.84375 0.55546875 0.08125 0.0734375
0 0.175 0.4984375 0.0875 0.084375
0 0.05703125 0.33125 0.0859375 0.078125
0 0.8203125 0.9265625 0.084375 0.075
0 0.5875 0.41328125 0.08125 0.0734375
0 0.43203125 0.57421875 0.0578125 0.0609375
0 0.8125 0.33828125 0.090625 0.0765625
0 0.5421875 0.7375 0.096875 0.084375
0 0.95703125 0.66953125 0.0734375 0.0734375
0 0.415625 0.64296875 0.078125 0.0703125
0 0.43125 0.7328125 0.0875 0.06875
0 0.86484375 0.8375 0.0796875 0.071875
0 0.96328125 0.415625 0.0640625 0.078125
0 0.19296875 0.228125 0.0828125 0.065625
0 0.57109375 0.803125 0.0890625 0.075
0 0.39921875 0.1859375 0.0671875 0.06875
0 0.41015625 0.40546875 0.0640625 0.0671875
0 0.203125 0.9359375 0.09375 0.078125
0 0.45078125 0.34296875 0.0765625 0.0640625
0 0.0296875 0.9484375 0.05625 0.06875
0 0.5921875 0.496875 0.06875 0.075
0 0.959375 0.83515625 0.059375 0.0734375
0 0.83046875 0.23828125 0.0609375 0.0671875
0 0.23359375 0.66328125 0.0640625 0.0609375
0 0.94765625 0.0625 0.0609375 0.05625
0 0.175 0.73125 0.090625 0.090625
0 0.4203125 0.96953125 0.06875 0.0578125
