0 0.6546875 0.184375 0.059375 0.0625
0 0.52421875 0.09453125 0.0640625 0.0578125
0 0.140625 0.925 0.078125 0.06875
0 0.10546875 0.08125 0.1046875 0.08125
0 0.12109375 0.24921875 0.1078125 0.1015625
0 0.1421875 0.6875 0.096875 0.103125
0 0.04765625 0.92578125 0.0796875 0.0734375
0 0.1 0.1640625 0.090625 0.08125
0 0.153125 0.77421875 0.08125 0.0546875
0 0.76171875 0.68359375 0.1046875 0.0890625
0 0.7671875 0.60625 0.09375 0.071875
0 0.39296875 0.1234375 0.0765625 0.071875
0 0.7921875 0.45546875 0.075 0.0703125
0 0.1921875 0.94921875 0.06875 0.0640625
0 0.853125 0.525 0.071875 0.08125
0 0.53359375 0.76640625 0.0640625 0.0609375
0 0.1953125 0.58515625 0.071875 0.0640625
0 0.52578125 0.534375 0.0609375 0.071875
0 0.38984375 0.90546875 0.0703125 0.0671875
0 0.79453125 0.846875 0.0609375 0.046875
0 0.521875 0.22109375 0.065625 0.0984375
0 0.38359375 0.80390625 0.0796875 0.0890625
0 0.3890625 0.66328125 0.071875 0.0671875
0 0.36171875 0.075 0.0703125 0.059375
0 0.32265625 0.2421875 0.0765625 0.06875
0 0.7609375 0.0859375 0.08125 0.078125
0 0.80390625 0.93828125 0.0640625 0.0609375
0 0.85703125 0.60234375 0.0640625 0.0671875
0 0.54296875 0.67109375 0.0640625 0.0609375
0 0.58203125 0.20859375 0.0765625 0.0703125
0 0.1484375 0.83515625 0.06875 0.0546875
0 0.85625 0.98046875 0.059375 0.0390625
0 0.91015625 0.87109375 0.0515625 0.0515625
0 0.778125 0.80390625 0.05625 0.0421875
0 0.8390625 0.709375 0.05 0.059375
0 0.85546875 0.46953125 0.0640625 0.0390625
