0 0.73515625 0.04921875 0.0484375 0.0515625
0 0.9734375 0.18046875 0.046875 0.0515625
0 0.7625 0.22109375 0.053125 0.0546875
0 0.7609375 0.32890625 0.059375 0.0546875
0 0.17421875 0.74609375 0.0609375 0.0546875
0 0.6046875 0.734375 0.0625 0.05625
0 0.39375 0.64453125 0.05625 0.0515625
0 0.3140625 0.21875 0.0625 0.053125
0 0.05625 0.09921875 0.08125 0.0671875
0 0.9359375 0.909375 0.096875 0.0875
0 0.0375 0.27109375 0.071875 0.0796875
0 0.07734375 0.5078125 0.0765625 0.071875
0 0.77109375 0.92734375 0.0859375 0.0734375
0 0.9546875 0.2578125 0.075 0.075
0 0.12421875 0.62734375 0.0640625 0.0578125
0 0.0703125 0.37578125 0.096875 0.0796875
0 0.12578125 0.45234375 0.0890625 0.0765625
0 0.59765625 0.93125 0.0734375 0.06875
0 0.7140625 0.76171875 0.075 0.0671875
0 0.75859375 0.8203125 0.0828125 0.0875
0 0.26328125 0.4890625 0.0671875 0.05625
0 0.0859375 0.9546875 0.06875 0.065625
0 0.72421875 0.67109375 0.0796875 0.0734375
0 0.56796875 0.5265625 0.0890625 0.06875
0 0.57890625 0.31796875 0.0890625 0.0828125
0 0.1 0.68125 0.078125 0.06875
0 0.5625 0.41796875 0.090625 0.0734375
0 0.0890625 0.19375 0.078125 0.06875
0 0.07890625 0.86953125 0.0703125 0.0609375
0 0.3265625 0.9390625 0.06875 0.059375
0 0.734375 0.14921875 0.071875 0.0734375
0 0.53828125 0.08046875 0.0921875 0.0796875
0 0.959375 0.40234375 0.075 0.0765625
0 0.08984375 0.81796875 0.0640625 0.0546875
0 0.7015625 0.59921875 0.078125 0.0859375
0 0.959375 0.12734375 0.065625 0.0578125
0 0.29921875 0.70390625 0.0796875 0.0671875
0 0.92890625 0.5546875 0.0671875 0.059375
0 0.5640625 0.2578125 0.071875 0.05625
0 0.33125 0.575 0.071875 0.06875
0 0.96953125 0.72578125 0.0515625 0.0640625
0 0.57109375 0.815625 0.0546875 0.05625
0 0.3015625 0.3328125 0.06875 0.071875
0 0.55703125 0.57734375 0.0671875 0.0609375
0 0.25 0.32265625 0.059375 0.0578125
0 0.94609375 0.63828125 0.0640625 0.0671875
0 0.2703125 0.5609375 0.065625 0.0625
0 0.76875 0.52734375 0.08125 0.0828125
0 0.74921875 0.41484375 0.0390625 0.0671875
0 0.80859375 0.07890625 0.0390625 0.0265625
