0 0.26328125 0.0546875 0.1140625 0.09375
0 0.5421875 0.028125 0.075 0.05625
0 0.3171875 0.3421875 0.10625 0.090625
0 0.5546875 0.1203125 0.06875 0.071875
0 0.3140625 0.1765625 0.090625 0.078125
0 0.68203125 0.72890625 0.0796875 0.0796875
0 0.13203125 0.15390625 0.1046875 0.0859375
0 0.67109375 0.65703125 0.0640625 0.0703125
0 0.31875 0.82265625 0.0875 0.0890625
0 0.57578125 0.24296875 0.0765625 0.0734375
0 0.8875 0.61875 0.084375 0.075
0 0.1765625 0.80859375 0.08125 0.0734375
0 0.8671875 0.78359375 0.090625 0.0796875
0 0.9671875 0.165625 0.05625 0.065625
0 0.57734375 0.884375 0.0796875 0.078125
0 0.5640625 0.68046875 0.10625 0.0984375
0 0.321875 0.7203125 0.103125 0.0875
0 0.86484375 0.934375 0.0765625 0.071875
0 0.6640625 0.96484375 0.06875 0.0546875
0 0.32734375 0.25546875 0.0921875 0.0734375
0 0.1765625 0.92265625 0.090625 0.0796875
0 0.82734375 0.04140625 0.0734375 0.0703125
0 0.6671875 0.834375 0.06875 0.08125
0 0.13671875 0.253125 0.0921875 0.075
0 0.509375 0.29453125 0.1 0.0828125
0 0.63671875 0.0890625 0.0734375 0.0625
0 0.53359375 0.61015625 0.0828125 0.0703125
0 0.25234375 0.81796875 0.0703125 0.0703125
0 0.8734375 0.30390625 0.090625 0.0890625
0 0.8890625 0.896875 0.071875 0.053125
0 0.09140625 0.03203125 0.0890625 0.0609375
0 0.55859375 0.95703125 0.0796875 0.0640625
0 0.2109375 0.88125 0.065625 0.06875
0 0.15703125 0.33359375 0.1171875 0.1015625
0 0.84921875 0.70390625 0.1109375 0.0859375
0 0.5328125 0.7875 0.121875 0.09375
0 0.32734375 0.94921875 0.1203125 0.0828125
0 0.11484375 0.04609375 0.1109375 0.0796875
