0 0.02734375 0.6453125 0.0515625 0.05625
0 0.90625 0.93046875 0.09375 0.0890625
0 0.34140625 0.63203125 0.1046875 0.0890625
0 0.6890625 0.46796875 0.096875 0.0953125
0 0.71015625 0.73359375 0.0859375 0.0859375
0 0.896875 0.828125 0.0875 0.0875
0 0.728125 0.59921875 0.0875 0.0859375
0 0.65625 0.13671875 0.0875 0.0734375
0 0.4109375 0.234375 0.08125 0.075
0 0.85390625 0.1953125 0.1078125 0.09375
0 0.3125 0.11796875 0.096875 0.0921875
0 0.875 0.73671875 0.09375 0.0953125
0 0.84296875 0.51953125 0.0796875 0.0828125
0 0.1484375 0.15 0.090625 0.09375
0 0.36953125 0.72890625 0.0640625 0.0609375
0 0.703125 0.925 0.078125 0.08125
0 0.71328125 0.1203125 0.0890625 0.078125
0 0.684375 0.6484375 0.078125 0.071875
0 0.475 0.965625 0.065625 0.053125
0 0.84140625 0.075 0.1203125 0.0875
0 0.8765625 0.66171875 0.06875 0.0640625
0 0.34453125 0.96328125 0.0765625 0.0546875
0 0.45703125 0.05859375 0.0734375 0.0578125
0 0.4703125 0.21484375 0.06875 0.0734375
0 0.8859375 0.59765625 0.084375 0.0765625
