0 0.559375 0.503125 0.053125 0.0625
0 0.14609375 0.02265625 0.0703125 0.0421875
0 0.9734375 0.40703125 0.05 0.0578125
0 0.978125 0.5875 0.04375 0.078125
0 0.30703125 0.359375 0.0796875 0.08125
0 0.29921875 0.62734375 0.0890625 0.0796875
0 0.33828125 0.74765625 0.0921875 0.0734375
0 0.35546875 0.946875 0.0765625 0.071875
0 0.1765625 0.57265625 0.078125 0.0671875
0 0.84609375 0.23828125 0.0828125 0.0671875
0 0.34375 0.55234375 0.08125 0.0734375
0 0.16484375 0.47890625 0.0828125 0.0796875
0 0.16484375 0.909375 0.0796875 0.071875
0 0.12421875 0.25078125 0.0796875 0.0703125
0 0.23046875 0.7640625 0.0734375 0.06875
0 0.30234375 0.2046875 0.0859375 0.075
0 0.33046875 0.821875 0.0703125 0.078125
0 0.54609375 0.415625 0.0890625 0.08125
0 0.30546875 0.471875 0.1015625 0.08125
0 0.615625 0.48984375 0.08125 0.0765625
0 0.346875 0.090625 0.1 0.084375
0 0.28671875 0.296875 0.0640625 0.05625
0 0.8765625 0.9546875 0.090625 0.071875
0 0.55625 0.24296875 0.071875 0.0703125
0 0.890625 0.8421875 0.059375 0.059375
0 0.63671875 0.6625 0.0796875 0.06875
0 0.63828125 0.16328125 0.0828125 0.0734375
0 0.62734375 0.9640625 0.0765625 0.05625
0 0.1375 0.70703125 0.065625 0.0640625
0 0.8984375 0.5125 0.08125 0.059375
0 0.63515625 0.5625 0.0640625 0.06875
0 0.65546875 0.91640625 0.0765625 0.0640625
0 0.85390625 0.13203125 0.0765625 0.0765625
0 0.11953125 0.090625 0.0984375 0.075
0 0.1203125 0.159375 0.084375 0.071875
0 0.86328125 0.61796875 0.1046875 0.0828125
0 0.62578125 0.8578125 0.0859375 0.071875
0 0.30859375 0.034375 0.0890625 0.0625
0 0.1484375 0.3109375 0.075 0.071875
0 0.11953125 0.4296875 0.0671875 0.059375
0 0.86015625 0.7640625 0.0890625 0.071875
0 0.18046875 0.8484375 0.0671875 0.0625
0 0.6375 0.23046875 0.084375 0.0765625
0 0.32890625 0.68671875 0.0640625 0.0546875
0 0.55703125 0.965625 0.0578125 0.0625
0 0.634375 0.4140625 0.078125 0.06875
0 0.61875 0.3234375 0.084375 0.08125
0 0.61484375 0.81015625 0.0703125 0.0578125
0 0.54921875 0.60390625 0.0671875 0.0609375
0 0.5984375 0.70859375 0.059375 0.0640625
0 0.5640625 0.08046875 0.059375 0.0546875
0 0.8734375 0.07734375 0.075 0.0671875
0 0.87265625 0.3703125 0.0671875 0.053125
0 0.88359375 0.4328125 0.0578125 0.0625
0 0.84921875 0.02421875 0.0609375 0.0453125
0 0.55 0.3390625 0.0625 0.059375
0 0.60546875 0.05703125 0.0640625 0.0515625
0 0.9609375 0.7546875 0.065625 0.06875
0 0.97734375 0.10546875 0.0453125 0.0546875
