0 0.3484375 0.865625 0.053125 0.046875
0 0.1390625 0.96171875 0.0625 0.0515625
0 0.60078125 0.23046875 0.0921875 0.0703125
0 0.78984375 0.825 0.0828125 0.065625
0 0.0578125 0.2890625 0.08125 0.071875
0 0.06015625 0.6265625 0.0859375 0.071875
0 0.2671875 0.11015625 0.075 0.0703125
0 0.2703125 0.178125 0.084375 0.075
0 0.66171875 0.6984375 0.0953125 0.075
0 0.28515625 0.39375 0.0828125 0.075
0 0.046875 0.03125 0.06875 0.05625
0 0.06875 0.69609375 0.071875 0.0671875
0 0.55078125 0.03984375 0.0859375 0.0640625
0 0.76875 0.7125 0.09375 0.084375
0 0.7640625 0.0671875 0.109375 0.084375
0 0.284375 0.59296875 0.0625 0.0578125
0 0.625 0.971875 0.0875 0.046875
0 0.3296875 0.96875 0.065625 0.05
0 0.6046875 0.8078125 0.0875 0.09375
0 0.934375 0.94453125 0.0875 0.0765625
0 0.065625 0.896875 0.06875 0.075
0 0.03515625 0.11484375 0.0671875 0.0671875
0 0.42890625 0.25859375 0.0734375 0.0609375
0 0.58984375 0.29375 0.1015625 0.078125
0 0.60078125 0.9 0.0890625 0.08125
0 0.05859375 0.20546875 0.0765625 0.0671875
0 0.778125 0.6359375 0.084375 0.071875
0 0.43125 0.16796875 0.078125 0.0890625
0 0.81015625 0.9671875 0.0671875 0.053125
0 0.31484375 0.81796875 0.0890625 0.0640625
0 0.9703125 0.7828125 0.05625 0.075
0 0.31328125 0.3140625 0.0671875 0.05625
0 0.7828125 0.88125 0.078125 0.071875
0 0.55546875 0.13984375 0.0859375 0.0734375
0 0.10390625 0.38359375 0.0921875 0.0890625
0 0.76328125 0.21328125 0.1234375 0.0984375
0 0.96640625 0.15703125 0.0671875 0.0609375
0 0.97890625 0.61875 0.0421875 0.059375
