0 0.04296875 0.97421875 0.0640625 0.0421875
0 0.9671875 0.25703125 0.053125 0.0640625
0 0.02890625 0.28671875 0.0546875 0.0609375
0 0.971875 0.6484375 0.05 0.065625
0 0.96875 0.8171875 0.053125 0.06875
0 0.54453125 0.3546875 0.1109375 0.1
0 0.9578125 0.5828125 0.06875 0.06875
0 0.03671875 0.38203125 0.0703125 0.0828125
0 0.05703125 0.8921875 0.0828125 0.06875
0 0.5796875 0.74765625 0.09375 0.0796875
0 0.73125 0.7390625 0.09375 0.078125
0 0.6203125 0.915625 0.109375 0.1
0 0.2359375 0.26328125 0.090625 0.0828125
0 0.70390625 0.15078125 0.1046875 0.1015625
0 0.7390625 0.2484375 0.09375 0.084375
0 0.78046875 0.946875 0.0859375 0.071875
0 0.04296875 0.75078125 0.0828125 0.0859375
0 0.53828125 0.16484375 0.0859375 0.0671875
0 0.0734375 0.66796875 0.090625 0.0734375
0 0.51640625 0.02421875 0.0796875 0.0453125
0 0.5671875 0.4984375 0.084375 0.075
0 0.7515625 0.64921875 0.10625 0.0953125
0 0.54609375 0.246875 0.0921875 0.08125
0 0.1 0.82890625 0.08125 0.0703125
0 0.5171875 0.09609375 0.090625 0.0828125
0 0.96484375 0.72578125 0.0609375 0.0703125
0 0.24609375 0.875 0.0890625 0.075
0 0.04375 0.50625 0.075 0.065625
0 0.69375 0.075 0.0875 0.065625
0 0.92578125 0.37578125 0.0796875 0.0734375
0 0.33359375 0.64140625 0.0921875 0.0734375
0 0.0671875 0.06640625 0.06875 0.0609375
0 0.26328125 0.4578125 0.1015625 0.084375
0 0.81875 0.49921875 0.096875 0.0703125
0 0.21640625 0.71015625 0.0640625 0.0609375
0 0.9328125 0.07421875 0.08125 0.0703125
0 0.25 0.35859375 0.103125 0.0703125
0 0.61875 0.86015625 0.078125 0.0640625
0 0.28046875 0.51171875 0.0640625 0.0578125
0 0.9671875 0.9546875 0.05 0.059375
0 0.69921875 0.33125 0.0953125 0.090625
0 0.365625 0.57734375 0.090625 0.0765625
0 0.553125 0.63984375 0.109375 0.1015625
0 0.690625 0.4390625 0.096875 0.090625
0 0.79140625 0.8265625 0.0921875 0.084375
0 0.24140625 0.046875 0.0984375 0.084375
0 0.37421875 0.0828125 0.0765625 0.06875
0 0.3671875 0.0203125 0.0625 0.0375
0 0.33046875 0.20546875 0.0671875 0.0515625
0 0.3640625 0.43984375 0.0625 0.0890625
0 0.37265625 0.7625 0.0734375 0.059375
0 0.40859375 0.83046875 0.0828125 0.0609375
