0 0.60078125 0.08828125 0.0515625 0.0546875
0 0.55078125 0.0296875 0.0515625 0.046875
0 0.65625 0.6953125 0.053125 0.059375
0 0.60390625 0.215625 0.0609375 0.05625
0 0.1453125 0.91640625 0.05 0.0421875
0 0.60078125 0.34765625 0.0515625 0.0515625
0 0.63046875 0.3 0.0578125 0.05
0 0.90234375 0.61875 0.1046875 0.084375
0 0.5390625 0.74375 0.1 0.096875
0 0.36484375 0.6703125 0.1015625 0.0875
0 0.353125 0.35390625 0.065625 0.0671875
0 0.35 0.8484375 0.09375 0.0875
0 0.15625 0.07734375 0.0875 0.0796875
0 0.890625 0.809375 0.0875 0.078125
0 0.35859375 0.2796875 0.0671875 0.059375
0 0.64453125 0.84296875 0.0765625 0.0703125
0 0.85 0.75625 0.09375 0.078125
0 0.1828125 0.73125 0.090625 0.075
0 0.15234375 0.8453125 0.0796875 0.10625
0 0.1671875 0.3265625 0.08125 0.078125
0 0.5390625 0.340625 0.075 0.0625
0 0.1765625 0.25625 0.08125 0.065625
0 0.628125 0.021875 0.065625 0.040625
0 0.33203125 0.72265625 0.0796875 0.0703125
0 0.15390625 0.9671875 0.0734375 0.05
0 0.91796875 0.934375 0.0671875 0.0625
0 0.67734375 0.765625 0.0640625 0.05
0 0.1515625 0.0265625 0.06875 0.05
0 0.6515625 0.14375 0.06875 0.0625
0 0.19375 0.203125 0.059375 0.059375
0 0.34609375 0.18046875 0.0859375 0.0765625
0 0.32578125 0.1015625 0.0734375 0.071875
0 0.853125 0.13515625 0.046875 0.0671875
0 0.8671875 0.21875 0.03125 0.028125
0 0.8703125 0.31015625 0.0375 0.0453125
0 0.98359375 0.11328125 0.0328125 0.0578125
0 0.8625 0.015625 0.059375 0.028125
0 0.96953125 0.98203125 0.0421875 0.0359375
0 0.6984375 0.95234375 0.05 0.0390625
0 0.35859375 0.9109375 0.0609375 0.08125
