0 0.31875 0.31015625 0.053125 0.0453125
0 0.31796875 0.34765625 0.0453125 0.0453125
0 0.66796875 0.17578125 0.0609375 0.0484375
0 0.6390625 0.103125 0.09375 0.08125
0 0.8015625 0.09375 0.08125 0.071875
0 0.409375 0.46015625 0.084375 0.0703125
0 0.30859375 0.85703125 0.0890625 0.0734375
0 0.30703125 0.4734375 0.0796875 0.075
0 0.3484375 0.40078125 0.08125 0.0734375
0 0.25703125 0.1078125 0.0828125 0.071875
0 0.8109375 0.51171875 0.090625 0.0796875
0 0.8296875 0.4015625 0.071875 0.071875
0 0.72265625 0.83359375 0.0890625 0.0828125
0 0.39765625 0.096875 0.0921875 0.078125
0 0.81015625 0.16796875 0.0859375 0.0765625
0 0.39453125 0.03828125 0.0921875 0.0640625
0 0.82734375 0.24921875 0.0765625 0.0765625
0 0.71640625 0.95 0.0765625 0.059375
0 0.64609375 0.36953125 0.0828125 0.0859375
0 0.63515625 0.47109375 0.0734375 0.0765625
0 0.06484375 0.090625 0.0828125 0.075
0 0.3171875 0.03828125 0.065625 0.0578125
0 0.82109375 0.821875 0.0765625 0.0625
0 0.36875 0.18984375 0.05625 0.0609375
0 0.115625 0.85625 0.06875 0.053125
0 0.065625 0.3203125 0.0625 0.065625
0 0.46796875 0.9671875 0.0609375 0.04375
0 0.853125 0.93359375 0.090625 0.0828125
0 0.41796875 0.85625 0.0828125 0.065625
0 0.1171875 0.89609375 0.090625 0.0671875
0 0.6296875 0.2671875 0.0875 0.084375
