0 0.93515625 0.184375 0.0609375 0.05625
0 0.9234375 0.01953125 0.0625 0.0390625
0 0.2828125 0.8859375 0.109375 0.1
0 0.434375 0.57421875 0.109375 0.1015625
0 0.61171875 0.765625 0.0859375 0.08125
0 0.459375 0.10625 0.08125 0.06875
0 0.79140625 0.6953125 0.1015625 0.090625
0 0.59140625 0.08828125 0.0890625 0.0859375
0 0.4375 0.86875 0.08125 0.075
0 0.7875 0.28125 0.096875 0.1
0 0.80546875 0.56484375 0.1109375 0.1078125
0 0.21796875 0.59453125 0.0953125 0.0796875
0 0.09140625 0.6125 0.0921875 0.084375
0 0.48984375 0.3765625 0.0953125 0.08125
0 0.9421875 0.06796875 0.0875 0.0796875
0 0.4640625 0.6828125 0.090625 0.090625
0 0.971875 0.92890625 0.053125 0.0671875
0 0.93984375 0.5359375 0.0953125 0.10625
0 0.95625 0.63671875 0.078125 0.0859375
0 0.60390625 0.8703125 0.0796875 0.078125
0 0.75390625 0.76953125 0.0890625 0.0765625
0 0.153125 0.74296875 0.09375 0.0734375
0 0.79375 0.08359375 0.078125 0.0703125
0 0.225 0.96484375 0.084375 0.0609375
0 0.22109375 0.675 0.0828125 0.065625
0 0.265625 0.746875 0.09375 0.08125
0 0.41953125 0.18671875 0.0609375 0.0640625
0 0.78828125 0.14375 0.0921875 0.071875
0 0.421875 0.3078125 0.075 0.078125
0 0.090625 0.77734375 0.08125 0.0671875
0 0.04375 0.946875 0.075 0.071875
0 0.12265625 0.85390625 0.0671875 0.0609375
0 0.8015625 0.853125 0.115625 0.10625
0 0.47265625 0.77890625 0.1203125 0.1046875
0 0.95078125 0.85625 0.0921875 0.09375
0 0.9453125 0.26875 0.09375 0.103125
0 0.9515625 0.75078125 0.0875 0.1078125
0 0.80546875 0.95 0.1109375 0.084375
