0 0.42109375 0.184375 0.0609375 0.05625
0 0.9734375 0.46953125 0.05 0.0765625
0 0.3703125 0.7578125 0.1 0.109375
0 0.14453125 0.8484375 0.0734375 0.06875
0 0.82421875 0.80859375 0.0890625 0.0734375
0 0.83671875 0.12421875 0.0953125 0.0890625
0 0.325 0.590625 0.078125 0.065625
0 0.64375 0.69921875 0.090625 0.0984375
0 0.46796875 0.13125 0.0859375 0.08125
0 0.1 0.359375 0.1 0.084375
0 0.24296875 0.10625 0.0765625 0.075
0 0.365625 0.3921875 0.075 0.06875
0 0.14453125 0.77265625 0.0828125 0.0703125
0 0.46953125 0.27734375 0.1109375 0.1015625
0 0.1546875 0.56328125 0.078125 0.0703125
0 0.07578125 0.428125 0.0921875 0.084375
0 0.14765625 0.96015625 0.0828125 0.0671875
0 0.6359375 0.09921875 0.11875 0.0921875
0 0.51640625 0.521875 0.0796875 0.078125
0 0.6109375 0.33828125 0.096875 0.1046875
0 0.53359375 0.44453125 0.0640625 0.0703125
0 0.66484375 0.52578125 0.1296875 0.1015625
0 0.5234375 0.79375 0.065625 0.065625
0 0.8015625 0.48359375 0.103125 0.0890625
0 0.72734375 0.1609375 0.0765625 0.065625
0 0.790625 0.940625 0.09375 0.084375
0 0.42109375 0.4578125 0.0859375 0.071875
0 0.28046875 0.290625 0.0671875 0.0625
0 0.4984375 0.6203125 0.065625 0.06875
0 0.03828125 0.96796875 0.0640625 0.0484375
0 0.8015625 0.0453125 0.09375 0.065625
0 0.11875 0.68828125 0.140625 0.0828125
0 0.69375 0.04296875 0.090625 0.0765625
0 0.29375 0.38515625 0.059375 0.0578125
0 0.4578125 0.028125 0.071875 0.053125
0 0.275 0.0375 0.06875 0.05
0 0.4078125 0.96171875 0.06875 0.0578125
0 0.36796875 0.8921875 0.0703125 0.065625
0 0.27890625 0.22734375 0.0796875 0.0703125
0 0.0296875 0.040625 0.05625 0.071875
0 0.44453125 0.83671875 0.0453125 0.0546875
