0 0.15546875 0.184375 0.0734375 0.075
0 0.77578125 0.03359375 0.0828125 0.0671875
0 0.9515625 0.64921875 0.0875 0.0984375
0 0.07265625 0.8671875 0.0890625 0.0875
0 0.83828125 0.93515625 0.0921875 0.0921875
0 0.103125 0.03125 0.0875 0.0625
0 0.74921875 0.11796875 0.0828125 0.0703125
0 0.52265625 0.20859375 0.1046875 0.0921875
0 0.8828125 0.2609375 0.109375 0.090625
0 0.03828125 0.43046875 0.0734375 0.0734375
0 0.56875 0.92734375 0.1 0.0953125
0 0.35390625 0.571875 0.0953125 0.084375
0 0.3890625 0.3109375 0.08125 0.071875
0 0.39453125 0.19765625 0.0953125 0.0828125
0 0.51796875 0.040625 0.0796875 0.078125
0 0.95546875 0.77734375 0.0765625 0.0828125
0 0.19609375 0.88203125 0.1046875 0.1015625
0 0.553125 0.3484375 0.06875 0.0625
0 0.16953125 0.41171875 0.0796875 0.0796875
0 0.2046875 0.7953125 0.0875 0.078125
0 0.88203125 0.1078125 0.1109375 0.0875
0 0.7859375 0.3796875 0.075 0.065625
0 0.36640625 0.4 0.1078125 0.09375
0 0.34609375 0.14296875 0.0734375 0.0671875
0 0.1515625 0.334375 0.08125 0.06875
0 0.51484375 0.553125 0.0921875 0.078125
0 0.8984375 0.36015625 0.09375 0.0796875
0 0.3875 0.08359375 0.090625 0.0859375
0 0.80546875 0.84453125 0.0859375 0.0859375
0 0.58984375 0.72578125 0.0859375 0.0796875
0 0.85703125 0.02734375 0.0921875 0.0546875
0 0.8671875 0.53828125 0.10625 0.0890625
0 0.890625 0.44609375 0.09375 0.0859375
0 0.85703125 0.20078125 0.0828125 0.0640625
0 0.759375 0.27109375 0.09375 0.0828125
0 0.0359375 0.671875 0.0625 0.059375
0 0.1953125 0.68515625 0.09375 0.0796875
0 0.590625 0.853125 0.0625 0.0625
0 0.3625 0.47265625 0.075 0.0640625
0 0.9578125 0.95546875 0.075 0.0734375
0 0.1078125 0.278125 0.075 0.075
0 0.53046875 0.13046875 0.0765625 0.0796875
0 0.440625 0.7421875 0.0875 0.078125
0 0.46796875 0.78671875 0.0734375 0.0640625
0 0.178125 0.52109375 0.078125 0.0765625
0 0.05546875 0.95390625 0.0734375 0.0640625
0 0.7671875 0.1796875 0.071875 0.0625
0 0.81171875 0.7296875 0.1109375 0.109375
0 0.546875 0.65078125 0.10625 0.1109375
0 0.4203125 0.903125 0.090625 0.090625
0 0.47578125 0.93125 0.0890625 0.084375
0 0.55546875 0.41171875 0.0765625 0.0546875
0 0.528125 0.47421875 0.09375 0.0734375
0 0.76484375 0.45703125 0.0765625 0.0453125
0 0.76640625 0.496875 0.0828125 0.04375
0 0.2125 0.596875 0.059375 0.05625
0 0.06875 0.7390625 0.075 0.05625
0 0.04609375 0.60078125 0.0703125 0.0765625
