0 0.186531 0.000000 0.186531 0.022141 0.176750 0.051437 0.145828 0.070969 0.134437 0.105141 0.145828 0.124672 0.176750 0.124672 0.194656 0.103516 0.219078 0.069344 0.235344 0.036781 0.242703 0.000000
0 0.000000 0.112154 0.004234 0.111656 0.031906 0.123047 0.053063 0.134437 0.059563 0.150719 0.092125 0.167000 0.113281 0.153969 0.113281 0.127937 0.098625 0.101891 0.075844 0.077469 0.053063 0.062828 0.018875 0.051437 0.000000 0.050540
0 0.129562 0.282547 0.106766 0.276047 0.082359 0.284187 0.061203 0.284187 0.038406 0.282547 0.017250 0.256516 0.007484 0.235344 0.000000 0.225609 0.000000 0.304472 0.007484 0.306969 0.010750 0.315109 0.031906 0.323250 0.069344 0.331375 0.097000 0.337891 0.114906 0.342781 0.131188 0.342781 0.152344 0.341141 0.170250 0.326500 0.168625 0.305344 0.155594 0.298828
0 0.101891 0.274406 0.129562 0.280922 0.160484 0.300453 0.175125 0.303719 0.199547 0.298828 0.219078 0.285812 0.243484 0.272781 0.254875 0.250000 0.267906 0.245125 0.276047 0.235344 0.279297 0.209313 0.264656 0.206062 0.227219 0.201172 0.210938 0.215813 0.188156 0.235344 0.167000 0.243484 0.152344 0.240234 0.136063 0.225594 0.121422 0.215813 0.101891 0.201172 0.088875 0.184891 0.067703 0.163734 0.059563 0.162109 0.062828 0.189781 0.083984 0.222328 0.097000 0.238609 0.106766 0.258141 0.119797 0.277672
0 0.093750 0.347656 0.057938 0.357422 0.020500 0.375328 0.000969 0.388344 0.000000 0.393681 0.000000 0.433049 0.023766 0.435547 0.054688 0.425781 0.079094 0.411125 0.100266 0.403000 0.127937 0.398109 0.152344 0.393234 0.184891 0.386719 0.220703 0.373703 0.248375 0.375328 0.287438 0.365563 0.306969 0.357422 0.326500 0.346031 0.333000 0.318359 0.300453 0.303719 0.271156 0.302078 0.235344 0.306969 0.201172 0.318359 0.186531 0.324875 0.162109 0.334641 0.142578 0.344406 0.131188 0.344406
0 0.189781 0.399734 0.178391 0.425781 0.155594 0.437172 0.131188 0.446937 0.114906 0.453453 0.108406 0.468094 0.088875 0.482750 0.069344 0.507156 0.054688 0.520187 0.035156 0.529953 0.010750 0.541344 0.000000 0.544329 0.000000 0.608100 0.009109 0.606437 0.056312 0.593422 0.083984 0.577156 0.119797 0.555984 0.140953 0.526688 0.158859 0.505531 0.183266 0.482750 0.196281 0.468094 0.210938 0.451828 0.227219 0.429031 0.228844 0.412766 0.217453 0.399734
0 0.087234 0.648766 0.062828 0.674813 0.049812 0.691078 0.031906 0.710609 0.017250 0.739906 0.009109 0.761062 0.005859 0.796875 0.017250 0.818031 0.025391 0.834313 0.051437 0.826172 0.064453 0.813156 0.075844 0.787109 0.083984 0.764328 0.093750 0.736656 0.108406 0.718750 0.127937 0.710609 0.144203 0.694344 0.152344 0.678063 0.175125 0.663406 0.189781 0.647141 0.204422 0.634109 0.215813 0.630859 0.228844 0.630859 0.240234 0.616219 0.240234 0.599938 0.236984 0.586906 0.223953 0.580406 0.194656 0.580406 0.176750 0.580406 0.160484 0.595047 0.140953 0.609703 0.123047 0.614578
0 0.110031 0.765953 0.093750 0.759437 0.083984 0.759437 0.077469 0.778969 0.075844 0.805016 0.108406 0.845703 0.136063 0.870125 0.147469 0.888016 0.175125 0.917312 0.191406 0.943359 0.206062 0.971031 0.215813 0.987313 0.219281 0.998437 0.278222 0.998437 0.280922 0.982422 0.276047 0.958000 0.256516 0.925453 0.233719 0.891281 0.217453 0.871750 0.194656 0.850594 0.186531 0.839187 0.171875 0.822922 0.158859 0.811531 0.142578 0.798500 0.136063 0.783859
0 0.311844 0.726891 0.302078 0.736656 0.284187 0.748047 0.277672 0.761062 0.282547 0.800125 0.282547 0.827797 0.284187 0.848953 0.284187 0.878250 0.282547 0.910813 0.276047 0.936844 0.274406 0.962891 0.282547 0.990563 0.287043 0.998437 0.345859 0.998437 0.341141 0.990563 0.333000 0.964516 0.336266 0.935219 0.346031 0.902672 0.359047 0.868484 0.359047 0.848953 0.360672 0.822922 0.355797 0.803391 0.347656 0.764328 0.342781 0.744797 0.333000 0.730141
0 0.681312 0.621094 0.661781 0.639000 0.661781 0.658531 0.669922 0.686203 0.658531 0.704094 0.643875 0.725266 0.625969 0.748047 0.599938 0.780594 0.603187 0.800125 0.632484 0.805016 0.665031 0.798500 0.673172 0.780594 0.699219 0.746422 0.717125 0.728516 0.738281 0.715500 0.735031 0.702469 0.752938 0.689453 0.752938 0.668297 0.748047 0.640625 0.739906 0.627609 0.723625 0.617844 0.715500 0.604812 0.702469 0.606437 0.695969 0.596688
0 0.303719 0.155594 0.285812 0.134437 0.264656 0.116531 0.243484 0.131188 0.230469 0.150719 0.232094 0.175125 0.240234 0.196281 0.256516 0.206062 0.280922 0.214188 0.282547 0.233719 0.266281 0.258141 0.266281 0.274406 0.267906 0.302078 0.292313 0.311844 0.318359 0.316734 0.329750 0.321609 0.324875 0.341141 0.310219 0.359047 0.287438 0.363937 0.276047 0.378578 0.277672 0.404625 0.292313 0.435547 0.316734 0.446937 0.329750 0.450188 0.341141 0.440437 0.334641 0.399734 0.328125 0.383469 0.329750 0.360672 0.342781 0.342781 0.342781 0.310219 0.342781 0.279297 0.336266 0.243484 0.319984 0.217453 0.305344 0.196281
0 0.393234 0.367188 0.376953 0.352531 0.362312 0.337891 0.342781 0.344406 0.336266 0.363937 0.336266 0.391594 0.342781 0.425781 0.362312 0.461594 0.370438 0.484375 0.359047 0.484375 0.380203 0.502281 0.376953 0.518563 0.368812 0.531578 0.386719 0.534828 0.393234 0.546219 0.389969 0.564125 0.403000 0.567375 0.398109 0.588547 0.406250 0.603187 0.412766 0.629234 0.406250 0.653641 0.430656 0.671547 0.458328 0.650391 0.464844 0.619469 0.466469 0.570641 0.463219 0.541344 0.451828 0.502281 0.432297 0.464844 0.417641 0.435547 0.407875 0.411125
0 0.484375 0.512047 0.477859 0.539719 0.477859 0.586906 0.489250 0.629234 0.499031 0.648766 0.528312 0.663406 0.551109 0.653641 0.554359 0.635750 0.538094 0.616219 0.533203 0.601562 0.533203 0.572266 0.533203 0.541344 0.547844 0.521813 0.560875 0.481125 0.567375 0.445312 0.565750 0.422531 0.552734 0.381844 0.542969 0.355797 0.520187 0.344406 0.497391 0.344406 0.481125 0.362312 0.479500 0.394859 0.489250 0.420906 0.497391 0.446937 0.497391 0.476234
0 0.383469 0.044922 0.376953 0.025391 0.362312 0.015625 0.364912 0.000000 0.286445 0.000000 0.290687 0.020500 0.306969 0.053063 0.324875 0.098625 0.334641 0.136063 0.339516 0.191406 0.334641 0.223953 0.344406 0.245125 0.372063 0.253250 0.393234 0.240234 0.407875 0.225594 0.412766 0.204422 0.412766 0.176750 0.403000 0.147469 0.407875 0.126297 0.396484 0.101891 0.399734 0.074219
0 0.442062 0.000000 0.442062 0.017250 0.427406 0.028641 0.451828 0.040031 0.451828 0.061203 0.448563 0.085609 0.461594 0.100266 0.459969 0.134437 0.450188 0.163734 0.430656 0.189781 0.432297 0.222328 0.451828 0.243484 0.484375 0.245125 0.502281 0.215813 0.521813 0.171875 0.528312 0.121422 0.526688 0.067703 0.516922 0.033531 0.504354 0.000000
0 0.800125 0.250000 0.793625 0.259766 0.772469 0.261391 0.748047 0.254875 0.728516 0.233719 0.710609 0.212562 0.712234 0.188156 0.697594 0.140953 0.686203 0.097000 0.681312 0.074219 0.669922 0.057938 0.643875 0.018875 0.623880 0.000000 0.702507 0.000000 0.718750 0.012375 0.743156 0.053063 0.754563 0.101891 0.765953 0.147469 0.774094 0.171875 0.798500 0.206062 0.805016 0.233719
0 0.578781 0.313469 0.573891 0.300453 0.549484 0.300453 0.523438 0.300453 0.492516 0.305344 0.476234 0.336266 0.474609 0.349281 0.490891 0.352531 0.518563 0.349281 0.555984 0.352531 0.582031 0.352531 0.608078 0.383469 0.643875 0.411125 0.691078 0.458328 0.715500 0.469719 0.738281 0.448563 0.741531 0.416016 0.715500 0.385094 0.686203 0.359047 0.656906 0.326500 0.640625 0.328125 0.619469 0.334641 0.595047 0.324875
0 0.998437 0.267968 0.993812 0.263016 0.977531 0.248375 0.953125 0.236984 0.938469 0.225594 0.923828 0.214188 0.896156 0.206062 0.879875 0.199547 0.865234 0.204422 0.850594 0.223953 0.857094 0.248375 0.868484 0.277672 0.928719 0.303719 0.959641 0.326500 0.977531 0.350906 0.998437 0.371239
1 0.379109 0.532563 0.357594 0.550344 0.353859 0.580281 0.352922 0.633609 0.366953 0.671969 0.357594 0.700969 0.361344 0.719687 0.356656 0.745891 0.360406 0.771141 0.362281 0.796406 0.407188 0.802953 0.424031 0.799219 0.416547 0.773016 0.423094 0.757109 0.418406 0.731844 0.443672 0.725297 0.446484 0.710328 0.424969 0.682266 0.403438 0.671969 0.395953 0.654188 0.407188 0.621438 0.402500 0.610219 0.389406 0.593375 0.395016 0.575594 0.396891 0.559688 0.388469 0.552203 0.392219 0.543781
1 0.365047 0.333172 0.375938 0.329297 0.380594 0.319969 0.380594 0.306750 0.372828 0.287312 0.386031 0.274094 0.402359 0.260891 0.424125 0.255438 0.439672 0.268656 0.438906 0.278766 0.442016 0.286531 0.445891 0.291984 0.448234 0.307531 0.438125 0.319969 0.419469 0.335516 0.412469 0.344063 0.403141 0.355719 0.396141 0.375938 0.386812 0.357281 0.375156 0.346391 0.369719 0.340172
1 0.340953 0.442781 0.333953 0.452109 0.323078 0.456781 0.323844 0.470000 0.326953 0.487094 0.323078 0.496422 0.326187 0.508078 0.333172 0.526734 0.337063 0.505750 0.345609 0.496422 0.352609 0.488656 0.355719 0.476219 0.356500 0.466109 0.355719 0.453672 0.348719 0.442016
1 0.449562 0.998437 0.452109 0.997828 0.463781 0.991609 0.465328 0.971391 0.455219 0.959734 0.447453 0.951187 0.435797 0.937187 0.422578 0.923969 0.426469 0.916984 0.431906 0.917750 0.437344 0.911531 0.435016 0.900656 0.430344 0.878891 0.435016 0.871109 0.445891 0.875781 0.456781 0.882781 0.452891 0.894438 0.455219 0.926312 0.461438 0.934859 0.473109 0.962063 0.483984 0.984609 0.494875 0.998594 0.495147 0.998437
1 0.435699 0.000000 0.432719 0.012641 0.415641 0.007516 0.430156 0.036547 0.446375 0.049344 0.448938 0.062156 0.442109 0.079234 0.450656 0.090328 0.452359 0.112531 0.452359 0.125344 0.451500 0.138156 0.438703 0.104000 0.428453 0.081797 0.402828 0.055328 0.387469 0.040813 0.400266 0.015203 0.405391 0.007516 0.402950 0.000000 0.368870 0.000000 0.375516 0.016047 0.361000 0.009219 0.359464 0.000000
1 0.820563 0.248594 0.832578 0.240109 0.845313 0.232328 0.855203 0.227375 0.853078 0.235859 0.862281 0.245766 0.862984 0.251406 0.861563 0.262719 0.865109 0.269094 0.878531 0.282516 0.865812 0.284641 0.852375 0.291000 0.855203 0.271922 0.850250 0.262719 0.840359 0.253531 0.834000 0.262016 0.826922 0.265547 0.819141 0.262719
0 0.034406 0.000000 0.040297 0.005891 0.032203 0.066609 0.028156 0.101016 0.032203 0.186031 0.086859 0.250797 0.105063 0.281156 0.099000 0.281156 0.048391 0.283172 0.018031 0.258891 0.000000 0.226829
0 0.485906 0.251469 0.516266 0.291938 0.583734 0.288562 0.656250 0.322297 0.700109 0.349281 0.738891 0.383016 0.770938 0.372906 0.767563 0.329047 0.691672 0.283516 0.636016 0.243031 0.563484 0.232906 0.501078 0.207609 0.485906 0.239656
0 0.587094 0.307125 0.614094 0.325672 0.708531 0.280141 0.828281 0.237969 0.856953 0.216047 0.848531 0.182312 0.792859 0.205922 0.696734 0.219422 0.607344 0.263266 0.588781 0.275078
0 0.674797 0.936234 0.725406 0.941281 0.792859 0.902500 0.836719 0.889000 0.904188 0.868766 0.978391 0.870453 0.990203 0.833344 0.973328 0.809734 0.887313 0.819859 0.784437 0.841781 0.710219 0.878891 0.664688 0.899125 0.663000 0.924422