0 0.000000 0.172033 0.003266 0.167141 0.028141 0.159359 0.054578 0.159359 0.088781 0.155469 0.107437 0.153922 0.132313 0.153922 0.161062 0.146141 0.170391 0.139141 0.179719 0.124375 0.192172 0.116609 0.199156 0.113500 0.212375 0.105719 0.224031 0.104937 0.235703 0.108047 0.248141 0.111156 0.259016 0.115047 0.265234 0.118156 0.272234 0.125156 0.275344 0.133703 0.275344 0.143031 0.271453 0.153922 0.259797 0.161688 0.248141 0.164031 0.237250 0.179578 0.218594 0.191234 0.190609 0.199781 0.165734 0.201344 0.153297 0.215328 0.153297 0.226984 0.139297 0.223875 0.127641 0.223875 0.119875 0.227766 0.110547 0.235547 0.101219 0.223109 0.082562 0.224656 0.076344 0.227766 0.073234 0.236313 0.066234 0.234766 0.056906 0.223109 0.041359 0.225438 0.005594 0.234766 0.000000 0.235405
0 0.000000 0.322609 0.004812 0.322609 0.026578 0.321047 0.052234 0.320281 0.065453 0.320281 0.091891 0.326500 0.108984 0.332719 0.128422 0.338938 0.156406 0.342047 0.183609 0.341266 0.211594 0.341266 0.232594 0.341266 0.259016 0.346703 0.270672 0.355250 0.283109 0.368469 0.289328 0.375469 0.283109 0.394125 0.265234 0.407344 0.242687 0.407344 0.220922 0.407344 0.182828 0.407344 0.157953 0.407344 0.132313 0.407344 0.094219 0.407344 0.067781 0.399562 0.042906 0.398016 0.011812 0.394906 0.000000 0.393059
0 0.000000 0.706932 0.004812 0.714391 0.028141 0.752484 0.044469 0.769594 0.055344 0.785141 0.064672 0.823234 0.066234 0.834109 0.059234 0.876859 0.034359 0.914172 0.025812 0.924281 0.009484 0.935937 0.000000 0.940684 0.000000 0.858491 0.003266 0.855094 0.004047 0.842656 0.004047 0.830219 0.000000 0.822728
0 0.046797 0.611000 0.066234 0.624219 0.084109 0.638219 0.095000 0.656875 0.107437 0.678641 0.130750 0.694187 0.150187 0.708953 0.164953 0.725281 0.198391 0.754812 0.217813 0.771922 0.229484 0.784359 0.244250 0.801469 0.263687 0.812344 0.283891 0.820125 0.304109 0.820125 0.316547 0.817016 0.319656 0.805344 0.319656 0.789797 0.313437 0.766484 0.295547 0.747828 0.280781 0.733047 0.252016 0.706625 0.239578 0.690297 0.217813 0.668531 0.195281 0.639000 0.166516 0.621109 0.143188 0.604016 0.119875 0.593906 0.100437 0.579141 0.083328 0.565141 0.071672 0.558141 0.050688 0.554266 0.027359 0.554266 0.027359 0.569813 0.035141 0.590016 0.039031 0.604781
0 0.085672 0.314063 0.113656 0.314828 0.133078 0.309391 0.157953 0.308609 0.177391 0.308609 0.199938 0.314063 0.222484 0.321828 0.238031 0.331937 0.267563 0.341266 0.294781 0.348266 0.322766 0.354484 0.342187 0.362250 0.360859 0.370031 0.382625 0.383234 0.419937 0.396453 0.433922 0.398781 0.460359 0.398781 0.467344 0.394906 0.476672 0.385578 0.479016 0.373141 0.468125 0.360703 0.465797 0.347484 0.449469 0.335828 0.430813 0.317937 0.407500 0.306281 0.381844 0.301609 0.318094 0.281406 0.299438 0.274406 0.262906 0.261969 0.253578 0.258078 0.214703 0.245641 0.199938 0.238656 0.158734 0.235547 0.129969 0.235547 0.101219 0.244094 0.077109 0.251094 0.056125 0.267406 0.055344 0.287625 0.058453 0.304719 0.070125 0.315609
0 0.511656 0.248750 0.527203 0.238656 0.548969 0.224656 0.566859 0.200563 0.615828 0.191234 0.629812 0.190453 0.664031 0.180344 0.706000 0.164031 0.726984 0.151578 0.742531 0.150031 0.752641 0.150031 0.761188 0.148469 0.776734 0.153922 0.788406 0.157812 0.798500 0.158578 0.806281 0.165578 0.810172 0.178016 0.810172 0.189672 0.789953 0.205219 0.772078 0.207563 0.756531 0.212219 0.733984 0.218438 0.719219 0.223875 0.720000 0.231656 0.713781 0.240984 0.703672 0.235547 0.698234 0.234766 0.681125 0.239422 0.660922 0.241766 0.657813 0.261188 0.650813 0.272078 0.642250 0.259641 0.629812 0.258859 0.619719 0.268969 0.572297 0.279078 0.558297 0.286844 0.538875 0.299281 0.503891 0.310172 0.493000 0.310937 0.471234 0.300844 0.466578 0.283734 0.472016 0.266641 0.496109 0.254203
0 0.761188 0.274406 0.765859 0.282953 0.761969 0.293063 0.756531 0.303172 0.753422 0.311719 0.750313 0.330375 0.735547 0.343594 0.732437 0.358359 0.728547 0.393344 0.727766 0.411219 0.729328 0.428328 0.733203 0.452422 0.747203 0.462531 0.757313 0.477297 0.789953 0.504516 0.798500 0.510734 0.814828 0.519281 0.842047 0.523937 0.870797 0.527828 0.887125 0.527828 0.922891 0.514609 0.931437 0.509953 0.950875 0.495188 0.958641 0.482750 0.964078 0.471078 0.962531 0.457859 0.953203 0.443875 0.929109 0.440766 0.908891 0.442312 0.884797 0.453984 0.873906 0.459422 0.845156 0.462531 0.828047 0.443875 0.798500 0.423656 0.788406 0.403453 0.795391 0.357594 0.810937 0.320281 0.815609 0.306281 0.839703 0.289953 0.812500 0.289953 0.806281 0.270516 0.795391 0.260422 0.779844 0.254969 0.764297 0.256531 0.760422 0.261188
0 0.714547 0.874531 0.733203 0.869094 0.753422 0.876094 0.782953 0.883859 0.825719 0.896297 0.864578 0.925062 0.878578 0.944500 0.896453 0.961594 0.914328 0.988031 0.920319 0.998437 0.831516 0.998437 0.830375 0.996578 0.824938 0.986469 0.796953 0.959266 0.774406 0.953828 0.759641 0.942937 0.730875 0.933609 0.716891 0.918062 0.702109 0.893969
0 0.500000 0.621578 0.522203 0.632688 0.529891 0.642078 0.537562 0.663422 0.543547 0.689031 0.557203 0.730016 0.588797 0.764172 0.608438 0.790641 0.631484 0.818812 0.642594 0.832484 0.651984 0.850406 0.662234 0.862359 0.674188 0.870906 0.684422 0.880297 0.695531 0.892250 0.701500 0.891391 0.714313 0.870906 0.730531 0.868344 0.745906 0.858094 0.739922 0.845281 0.729672 0.827359 0.705766 0.811984 0.684422 0.786375 0.677594 0.771859 0.660516 0.753922 0.647719 0.734297 0.639172 0.695016 0.628922 0.700984 0.618688 0.686469 0.616125 0.677078 0.607578 0.661719 0.607578 0.638656 0.607578 0.625859 0.593922 0.620734 0.583672 0.598531 0.557203 0.584016 0.527328 0.577187 0.499141 0.577187 0.493172 0.584875 0.494016 0.597672 0.494875 0.610484
0 0.314719 0.577187 0.331797 0.570359 0.360828 0.568641 0.375344 0.568641 0.381312 0.579750 0.375344 0.593406 0.373641 0.622437 0.373641 0.644641 0.377906 0.660000 0.381312 0.689031 0.389000 0.719781 0.394125 0.733437 0.406938 0.768437 0.401813 0.788938 0.417172 0.801734 0.428281 0.826500 0.437672 0.832484 0.450484 0.842719 0.468406 0.859797 0.489750 0.877734 0.500000 0.890547 0.493172 0.912734 0.488047 0.925547 0.465000 0.928109 0.442797 0.921281 0.420594 0.905047 0.402656 0.891391 0.382172 0.881141 0.356563 0.849562 0.351438 0.836750 0.335219 0.811141 0.331797 0.792344 0.311297 0.755641 0.304469 0.712938 0.304469 0.669406 0.303625 0.648906 0.307891 0.626703 0.310453 0.607922 0.313016 0.590000
0 0.321547 0.524250 0.345453 0.519984 0.357406 0.510594 0.372781 0.505469 0.409500 0.487531 0.431687 0.479844 0.471828 0.460219 0.494875 0.449109 0.522203 0.443141 0.540125 0.434594 0.570016 0.434594 0.596484 0.435453 0.605875 0.439719 0.611844 0.460219 0.616125 0.479000 0.611000 0.514859 0.605016 0.536203 0.590500 0.560969 0.569156 0.573766 0.547812 0.576328 0.528172 0.572063 0.529031 0.554984 0.556359 0.530219 0.558906 0.520828 0.541844 0.509734 0.517938 0.502906 0.493172 0.511437 0.462438 0.519984 0.427422 0.526813 0.411203 0.540469 0.392422 0.547297 0.368516 0.552422 0.336922 0.566937 0.318984 0.566094 0.309594 0.551578
0 0.836406 0.574625 0.841531 0.566937 0.863734 0.572063 0.895328 0.586578 0.911547 0.601094 0.941422 0.630125 0.948266 0.642938 0.974734 0.690750 0.990953 0.705266 0.998437 0.721762 0.998437 0.846593 0.989234 0.842719 0.986688 0.826500 0.977281 0.799188 0.974734 0.793203 0.983266 0.764172 0.987531 0.753078 0.997781 0.747094 0.998641 0.737703 0.985828 0.726609 0.973875 0.710375 0.961922 0.708672 0.945703 0.720625 0.931188 0.726609 0.920938 0.730875 0.907281 0.714656 0.902156 0.700984 0.890203 0.688187 0.878250 0.677937 0.869703 0.663422 0.850922 0.647203 0.843234 0.631828 0.832984 0.617312 0.821891 0.594266 0.824453 0.579750
0 0.634047 0.539625 0.637469 0.530219 0.651984 0.530219 0.663938 0.535344 0.674188 0.545594 0.681859 0.558406 0.685281 0.572063 0.686984 0.585719 0.692109 0.601953 0.696375 0.617312 0.710047 0.664281 0.721141 0.686469 0.727969 0.695875 0.727969 0.713797 0.733953 0.736844 0.743344 0.745391 0.752734 0.752219 0.764688 0.752219 0.769813 0.749656 0.774938 0.741125 0.787734 0.736844 0.807375 0.735141 0.826156 0.727453 0.838969 0.716359 0.854344 0.710375 0.865438 0.710375 0.884219 0.717219 0.891906 0.720625 0.899594 0.729172 0.899594 0.740266 0.893609 0.753078 0.879953 0.768437 0.857750 0.779547 0.846656 0.788938 0.821031 0.800031 0.796281 0.802594 0.774078 0.802594 0.760422 0.802594 0.739922 0.794906 0.716016 0.786375 0.696375 0.776984 0.680156 0.758203 0.670766 0.741969 0.663938 0.725750 0.647719 0.700984 0.642594 0.683063 0.640031 0.664281 0.629781 0.644641 0.629781 0.630984 0.629781 0.619875 0.625516 0.579750 0.622094 0.562672 0.621250 0.549016
0 0.864578 0.542172 0.863734 0.555844 0.868859 0.569500 0.893609 0.579750 0.911547 0.594266 0.924344 0.601953 0.951672 0.631828 0.984969 0.664281 0.995219 0.673672 0.998437 0.677766 0.998437 0.649231 0.992656 0.637813 0.989234 0.623297 0.992656 0.613906 0.998437 0.598640 0.998437 0.574281 0.986688 0.560969 0.973875 0.555844 0.946547 0.545594 0.926906 0.535344 0.909844 0.527656 0.899594 0.527656 0.890203 0.528516 0.878250 0.528516
0 0.452912 0.998437 0.453047 0.998125 0.465000 0.981047 0.475234 0.944328 0.489750 0.925547 0.493172 0.909328 0.503422 0.890547 0.502563 0.875172 0.498297 0.858953 0.505984 0.840156 0.517938 0.833328 0.523906 0.820531 0.531594 0.813703 0.542687 0.813703 0.549516 0.815406 0.558063 0.818812 0.564031 0.822234 0.567453 0.832484 0.569156 0.843578 0.570016 0.852969 0.572578 0.861516 0.573422 0.874312 0.570875 0.900781 0.570875 0.913594 0.565750 0.928969 0.557203 0.939203 0.551234 0.946891 0.545250 0.961406 0.540125 0.987016 0.539542 0.998437
1 0.000000 0.687964 0.002484 0.684859 0.019594 0.689516 0.032813 0.695734 0.049125 0.710516 0.043688 0.685641 0.060016 0.683297 0.074781 0.690297 0.098109 0.698078 0.103547 0.705063 0.107437 0.722172 0.112094 0.732281 0.127641 0.740828 0.140078 0.745484 0.146297 0.736156 0.147859 0.719062 0.143969 0.708953 0.126859 0.701953 0.118313 0.689516 0.119875 0.682531 0.087219 0.666984 0.059234 0.652203 0.042141 0.643656 0.032031 0.627328 0.018812 0.626563 0.000000 0.619788
1 0.000000 0.946256 0.011031 0.939063 0.020359 0.929719 0.030469 0.919625 0.049906 0.896297 0.060016 0.904844 0.070125 0.912625 0.077891 0.921172 0.087219 0.942937 0.094219 0.959266 0.098875 0.976375 0.095766 0.991141 0.094079 0.998437 0.037525 0.998437 0.039797 0.981031 0.028141 0.983359 0.019594 0.977141 0.000000 0.967690
1 0.598688 0.289891 0.607937 0.277547 0.627469 0.258016 0.647000 0.267266 0.665500 0.255969 0.669609 0.244656 0.694281 0.239516 0.715875 0.242594 0.727172 0.235406 0.748766 0.244656 0.746703 0.258016 0.755969 0.274469 0.763156 0.282687 0.756984 0.297078 0.747734 0.313531 0.734375 0.329969 0.719984 0.333062 0.724094 0.351562 0.716906 0.375203 0.705594 0.382406 0.697375 0.393703 0.714844 0.405016 0.721016 0.424547 0.706625 0.439969 0.703531 0.457437 0.728203 0.469781 0.736437 0.483141 0.718953 0.492391 0.692234 0.484172 0.675781 0.531453 0.670641 0.534547 0.647000 0.528375 0.635687 0.538656 0.624391 0.556125 0.619250 0.568469 0.599719 0.574625 0.613078 0.557156 0.613078 0.523234 0.624391 0.510891 0.638781 0.498562 0.628500 0.486219 0.623359 0.434828 0.629516 0.380344 0.619250 0.356703 0.608969 0.329969 0.594578 0.311469
0 0.742750 0.413625 0.740281 0.519500 0.747672 0.637672 0.737813 0.718922 0.759984 0.743547 0.791984 0.741078 0.809219 0.534266 0.801828 0.371766
0 0.924938 0.718922 0.870766 0.822328 0.755047 0.972516 0.741677 0.998437 0.821911 0.998437 0.942172 0.834641 0.996344 0.716469 0.949563 0.716469