0 0.003328 0.086438 0.021609 0.084781 0.038234 0.084781 0.051531 0.094750 0.056516 0.116359 0.058172 0.131312 0.044875 0.152922 0.016625 0.164563 0.013297 0.181188 0.000000 0.189500 0.000000 0.167891 0.001656 0.139625 0.003328 0.123000
0 0.058172 0.079781 0.071469 0.069812 0.094750 0.066484 0.106391 0.081453 0.124672 0.094750 0.134641 0.119687 0.162906 0.142953 0.176203 0.161234 0.202797 0.172875 0.224406 0.164563 0.274266 0.144609 0.287562 0.139625 0.314156 0.156250 0.304187 0.182844 0.264297 0.202797 0.214422 0.224406 0.167891 0.219422 0.137969 0.186172 0.101391 0.147937 0.083109 0.129656 0.063172 0.104719
0 0.086438 0.302531 0.118016 0.302531 0.152922 0.310844 0.186172 0.297547 0.212766 0.282578 0.239359 0.257641 0.270937 0.236031 0.290891 0.217750 0.312500 0.217750 0.310844 0.244344 0.295875 0.269281 0.269281 0.294219 0.241031 0.315828 0.219422 0.342422 0.199469 0.355719 0.167891 0.360703 0.124672 0.360703 0.088094 0.362359 0.071469 0.342422
0 0.004984 0.232719 0.014953 0.239359 0.019953 0.252656 0.023266 0.275938 0.006656 0.282578 0.001656 0.255984
0 0.405578 0.179516 0.438828 0.176203 0.453797 0.189500 0.465422 0.196141 0.463766 0.234375 0.457109 0.260969 0.442156 0.315828 0.418891 0.337438 0.403922 0.367359 0.395609 0.407250 0.412234 0.450469 0.417219 0.472078 0.385641 0.480391 0.364031 0.448797 0.337438 0.382312 0.349062 0.332453 0.369016 0.287562 0.387297 0.244344 0.402266 0.202797
0 0.430516 0.453797 0.448797 0.438828 0.450469 0.422203 0.435500 0.397281 0.415562 0.382312 0.398938 0.390625 0.407250 0.407250 0.407250 0.425531
0 0.275938 0.420547 0.295875 0.412234 0.317484 0.428859 0.320813 0.442156 0.322469 0.457109 0.329125 0.487031 0.329125 0.506984 0.325797 0.531922 0.332453 0.573469 0.339094 0.610047 0.340766 0.661562 0.329125 0.693156 0.310844 0.719750 0.287562 0.718078 0.269281 0.671547 0.265953 0.636641 0.262641 0.593422 0.267625 0.543547 0.270937 0.492016 0.264297 0.458781
0 0.358234 0.589938 0.403922 0.536906 0.440484 0.535234 0.470406 0.543547 0.483703 0.591750 0.485375 0.618344 0.468750 0.663234 0.437172 0.693156 0.403922 0.713094 0.398938 0.689828 0.422203 0.661562 0.443813 0.616688 0.428359 0.569359 0.386437 0.589172
0 0.166219 0.432188 0.187828 0.425531 0.201125 0.425531 0.216094 0.438828 0.226062 0.458781 0.236031 0.492016 0.241031 0.528594 0.244344 0.590094 0.239359 0.634969 0.231047 0.683172 0.224406 0.706453 0.191156 0.716422 0.171203 0.714766 0.177859 0.686500 0.177859 0.653266 0.176203 0.616688 0.181188 0.585109 0.181188 0.570141 0.176203 0.538563 0.167891 0.490359 0.156250 0.457109
0 0.118016 0.516953 0.137969 0.502000 0.149594 0.497016 0.157906 0.505312 0.169547 0.530250 0.169547 0.556844 0.157906 0.578453 0.137969 0.600063 0.116359 0.623344 0.098078 0.648266 0.068156 0.676531 0.036562 0.694813 0.019953 0.669875 0.001656 0.644953 0.026594 0.625000 0.053187 0.608375 0.064828 0.570141 0.098078 0.536906
0 0.174531 0.726391 0.206109 0.719750 0.236031 0.714766 0.249328 0.709781 0.264297 0.709781 0.284234 0.731391 0.309172 0.739687 0.335766 0.751328 0.350734 0.772938 0.365687 0.794547 0.370672 0.814500 0.354063 0.824469 0.337438 0.816156 0.309172 0.802859 0.299203 0.782906 0.284234 0.766297 0.257641 0.754656 0.224406 0.772938 0.189500 0.767953 0.167891 0.744688
0 0.565156 0.071469 0.586766 0.063172 0.613359 0.064828 0.628328 0.093078 0.629984 0.116359 0.623344 0.142953 0.623344 0.169547 0.613359 0.191156 0.616688 0.217750 0.618344 0.244344 0.631656 0.270937 0.646609 0.302531 0.641625 0.335766 0.615031 0.335766 0.603391 0.314156 0.573469 0.274266 0.546875 0.231047 0.546875 0.202797 0.558516 0.152922 0.560172 0.113031
0 0.731391 0.460437 0.741359 0.442156 0.762969 0.452125 0.786234 0.475406 0.787906 0.498672 0.786813 0.537500 0.776266 0.573469 0.751328 0.600063 0.733047 0.629984 0.723078 0.651594 0.699797 0.674859 0.673203 0.693156 0.639953 0.703125 0.613359 0.704781 0.603391 0.686500 0.600063 0.673203 0.616688 0.654922 0.633312 0.639953 0.661562 0.615031 0.686500 0.598406 0.703125 0.571812 0.724734 0.540219 0.736375 0.500328
0 0.759641 0.613359 0.782906 0.611703 0.809516 0.616688 0.829453 0.623344 0.864359 0.620016 0.879328 0.613359 0.900938 0.613359 0.937500 0.613359 0.970750 0.620016 0.997344 0.628328 0.998437 0.638966 0.998437 0.674856 0.999000 0.679859 0.987359 0.689828 0.962438 0.686500 0.932516 0.678188 0.909234 0.674859 0.882641 0.669875 0.852719 0.676531 0.827797 0.678188 0.809516 0.668219 0.786234 0.654922 0.771281 0.648266 0.748000 0.631656
0 0.684844 0.699797 0.713094 0.716422 0.728062 0.736375 0.752984 0.757984 0.774594 0.761297 0.797875 0.781250 0.811172 0.797875 0.822813 0.816156 0.817812 0.839422 0.806188 0.851062 0.777922 0.861031 0.761297 0.851062 0.749672 0.831109 0.729719 0.809516 0.703125 0.797875 0.683172 0.782906 0.664891 0.756313 0.646609 0.738031 0.621672 0.726391 0.598406 0.716422 0.576797 0.684844 0.557641 0.657641 0.547922 0.632641 0.552781 0.617359 0.560422 0.612500 0.561828 0.605047 0.590094 0.634969 0.605047 0.651594 0.597219 0.664578 0.600063 0.691484 0.629984 0.704781 0.666563 0.701469
0 0.851062 0.701469 0.866031 0.686500 0.889297 0.686500 0.910906 0.699797 0.904250 0.729719 0.892625 0.761297 0.880984 0.776266 0.889297 0.792891 0.902594 0.811172 0.910906 0.834437 0.925859 0.856047 0.939156 0.884313 0.947469 0.912562 0.945813 0.949141 0.932516 0.989031 0.912562 0.984047 0.899266 0.964094 0.895937 0.944156 0.892625 0.922547 0.882641 0.897609 0.872672 0.880984 0.866031 0.857719 0.842750 0.837766 0.829453 0.819484 0.822813 0.792891 0.819484 0.776266 0.817812 0.748000 0.822813 0.723078
0 0.998437 0.922475 0.998437 0.934266 0.953469 0.938188 0.952453 0.890953 0.945813 0.864359 0.945813 0.842750 0.940828 0.814500 0.937500 0.779594 0.937500 0.746344 0.937500 0.728062 0.937500 0.706453 0.949141 0.679859 0.975734 0.691484 0.975734 0.716422 0.987359 0.754656 0.997344 0.789562 0.998437 0.828034 0.998437 0.846450 0.999000 0.859375 0.994016 0.897609
0 0.965766 0.247672 0.955781 0.227719 0.945813 0.206109 0.912562 0.189500 0.882641 0.174531 0.846078 0.162906 0.814500 0.171203 0.791219 0.164563 0.787906 0.141297 0.807844 0.129656 0.821141 0.121344 0.857719 0.119687 0.894281 0.119687 0.927531 0.124672 0.964094 0.136297 0.998437 0.159716 0.998437 0.257980 0.999000 0.259313
0 0.081453 0.683172 0.093078 0.661562 0.119687 0.629984 0.144609 0.618344 0.174531 0.611703 0.157906 0.643281 0.149594 0.654922 0.137969 0.674859 0.157906 0.678188 0.169547 0.688172 0.149594 0.724734 0.114688 0.711437 0.099734 0.688172
0 0.083109 0.726391 0.081453 0.736375 0.088094 0.754656 0.104719 0.786234 0.141297 0.821141 0.184516 0.871016 0.204453 0.907578 0.209437 0.932516 0.229391 0.952453 0.249328 0.962438 0.265953 0.962438 0.267625 0.947469 0.252656 0.917547 0.254328 0.889297 0.241031 0.852719 0.229391 0.836109 0.207781 0.802859 0.166219 0.762969 0.146281 0.743016 0.126328 0.726391 0.099734 0.714766
0 0.074797 0.897609 0.088094 0.894281 0.101391 0.899266 0.109703 0.927531 0.111375 0.955781 0.104719 0.980719 0.095086 0.998437 0.019981 0.998437 0.023266 0.990687 0.031578 0.950797 0.044875 0.925859
0 0.261590 0.998437 0.267625 0.977391 0.284234 0.960766 0.312500 0.934172 0.339094 0.920875 0.365687 0.904250 0.387297 0.890953 0.403922 0.895937 0.402266 0.912562 0.397281 0.939156 0.380656 0.957453 0.355719 0.975734 0.342944 0.998437
0 0.789562 0.929187 0.807844 0.925859 0.829453 0.932516 0.847734 0.954125 0.841094 0.979063 0.828518 0.998437 0.794956 0.998437 0.787906 0.992359 0.772938 0.982375 0.769609 0.969078 0.767953 0.957453 0.772938 0.945813
0 0.002734 0.734375 0.008594 0.742188 0.014453 0.767578 0.008594 0.794922 0.028125 0.816406 0.049609 0.824219 0.084766 0.832031 0.076953 0.869141 0.051562 0.892578 0.014453 0.892578 0.004687 0.849609 0.000000 0.828125
0 0.032031 0.759766 0.059375 0.759766 0.076953 0.771484 0.084766 0.792969 0.078906 0.808594 0.036812 0.815969 0.015969 0.777078
0 0.502078 0.835187 0.515109 0.835187 0.522547 0.857516 0.515109 0.872391 0.498359 0.881703 0.468594 0.883563 0.450000 0.872391 0.472328 0.853797
0 0.000000 0.304234 0.018375 0.300547 0.026656 0.312500 0.021141 0.334562
1 0.471500 0.915438 0.471500 0.933828 0.475187 0.956797 0.491734 0.951281 0.506437 0.954969 0.511031 0.976109 0.515625 0.997250 0.515865 0.998437 0.598259 0.998437 0.597422 0.996828 0.592406 0.949203 0.588234 0.940844 0.585734 0.927469 0.588234 0.914937 0.583219 0.914109 0.573187 0.921625 0.565672 0.926641 0.549797 0.928312 0.543953 0.922453 0.533922 0.914109 0.523062 0.907422 0.513875 0.901578 0.509687 0.893219 0.507188 0.884859 0.501344 0.884031 0.491312 0.890703 0.485469 0.889875 0.482125 0.890703 0.473766 0.900734
1 0.001891 0.895750 0.009484 0.897641 0.017719 0.902078 0.027203 0.906500 0.035422 0.905234 0.041750 0.911562 0.044281 0.923578 0.038594 0.948891 0.035422 0.955219 0.031000 0.960266 0.027203 0.959016 0.018344 0.961531 0.013281 0.964063 0.008859 0.966594 0.000625 0.969125 0.001266 0.923578
0 0.003469 0.658328 0.022219 0.681250 0.022219 0.700000 0.029172 0.720828 0.033328 0.734719 0.029859 0.748609 0.021531 0.756938 0.013187 0.745141 0.003469 0.731938 0.001391 0.721531 0.002781 0.679859
0 0.848984 0.303563 0.898344 0.306031 0.947703 0.259141 0.998437 0.239172 0.998437 0.162350 0.994594 0.162891 0.883531 0.222125 0.851453 0.269016