0 0.000000 0.161976 0.008156 0.158969 0.043484 0.150812 0.061141 0.156250 0.065219 0.171203 0.051625 0.184781 0.025812 0.186141 0.000000 0.196706
0 0.000000 0.209234 0.002719 0.203797 0.021734 0.199734 0.051625 0.194297 0.081516 0.191578 0.105984 0.195656 0.125000 0.201094 0.138594 0.202453 0.153531 0.197016 0.163047 0.206516 0.172547 0.226906 0.163047 0.239125 0.139953 0.243203 0.099188 0.233703 0.066578 0.228266 0.046203 0.228266 0.016297 0.239125 0.002719 0.259516 0.000000 0.257424
0 0.092391 0.131797 0.111406 0.114125 0.137234 0.103266 0.164406 0.086953 0.194297 0.078797 0.220109 0.078797 0.247281 0.078797 0.274453 0.086953 0.285328 0.110047 0.296203 0.114125 0.285328 0.133156 0.252719 0.118203 0.222828 0.118203 0.194297 0.127719 0.158969 0.138594 0.129078 0.149453 0.107344 0.161688 0.091031 0.152172
0 0.267656 0.207875 0.256797 0.216031 0.250000 0.224187 0.251359 0.241844 0.244562 0.259516 0.211953 0.275813 0.187500 0.282609 0.165766 0.294844 0.161688 0.305703 0.186141 0.308422 0.217391 0.308422 0.237766 0.304344 0.270375 0.285328 0.281250 0.267656 0.294844 0.245922 0.298906 0.224187 0.297547 0.206516 0.282609 0.206516
0 0.236406 0.322016 0.226906 0.347828 0.216031 0.377719 0.207875 0.398094 0.201094 0.423906 0.177984 0.438859 0.153531 0.447016 0.153531 0.472828 0.171203 0.482344 0.192938 0.470109 0.224188 0.467391 0.245922 0.434781 0.255438 0.410328 0.259516 0.387234 0.262234 0.365484 0.273094 0.342391 0.269016 0.315219 0.254078 0.302984
0 0.000000 0.727984 0.002719 0.737766 0.008156 0.762234 0.027172 0.775813 0.043484 0.805703 0.058422 0.836953 0.063859 0.864125 0.054344 0.876359 0.035328 0.865484 0.019016 0.843750 0.005438 0.809781 0.000000 0.794385
0 0.115484 0.824734 0.100547 0.839672 0.091031 0.857344 0.093750 0.880437 0.097828 0.910328 0.100547 0.949734 0.099188 0.979625 0.097677 0.998437 0.145857 0.998437 0.148094 0.994563 0.141297 0.957875 0.142656 0.921203 0.139953 0.902172 0.134516 0.869563 0.133156 0.847828 0.137234 0.832875 0.131797 0.822016
0 0.287000 0.372125 0.309625 0.361844 0.333266 0.357734 0.350734 0.353625 0.368219 0.348484 0.389797 0.326891 0.413453 0.313531 0.429891 0.305297 0.430922 0.297078 0.452516 0.309422 0.453531 0.325859 0.434000 0.341281 0.422703 0.358766 0.409328 0.372125 0.385688 0.379312 0.363078 0.391656 0.345594 0.396797 0.327094 0.405016 0.306531 0.405016 0.283922 0.400906 0.279813 0.384453
0 0.453531 0.336141 0.473062 0.338203 0.491578 0.346422 0.499797 0.361844 0.511109 0.369031 0.545031 0.374172 0.568672 0.378297 0.585109 0.382406 0.627266 0.388563 0.633422 0.397828 0.614922 0.409125 0.599500 0.412219 0.566609 0.412219 0.530641 0.413234 0.499797 0.398844 0.486438 0.388563 0.459703 0.376234 0.446344 0.366984 0.441203 0.348484
0 0.518297 0.357734 0.520359 0.337172 0.523438 0.312500 0.518297 0.285766 0.499797 0.294000 0.489516 0.307359 0.469984 0.311469 0.469984 0.289891 0.464844 0.265219 0.484375 0.247734 0.501844 0.241578 0.527547 0.244656 0.546047 0.258016 0.562500 0.287828 0.567641 0.324828 0.560437 0.352594 0.549141 0.368016 0.529609 0.366984
0 0.345594 0.191203 0.345594 0.208672 0.346625 0.229234 0.355875 0.254937 0.377469 0.272406 0.408313 0.289891 0.441203 0.295031 0.465875 0.308391 0.467609 0.288469 0.460656 0.263156 0.444281 0.251844 0.427844 0.250828 0.403172 0.248766 0.387750 0.242594 0.377469 0.227172 0.378500 0.211766 0.365125 0.196344
0 0.287000 0.174750 0.292141 0.157281 0.307563 0.143922 0.326062 0.141859 0.347656 0.143922 0.380547 0.158312 0.404187 0.170641 0.415500 0.178859 0.422703 0.201484 0.427844 0.217922 0.414469 0.227172 0.392891 0.208672 0.377469 0.194281 0.353828 0.182984 0.342516 0.179891 0.331203 0.179891 0.322984 0.186062 0.339438 0.207641 0.329156 0.227172 0.315797 0.228203 0.303453 0.203531 0.290094 0.189141
0 0.643703 0.273438 0.629312 0.298109 0.627266 0.325859 0.637547 0.347453 0.658094 0.366984 0.680719 0.377266 0.721828 0.394734 0.749594 0.398844 0.783516 0.411188 0.802016 0.408094 0.814344 0.395766 0.811266 0.376234 0.792766 0.363891 0.777344 0.359781 0.742391 0.347453 0.713609 0.344359 0.691000 0.338203 0.676609 0.322781 0.669406 0.307359 0.672484 0.291938 0.659125 0.271375
0 0.590250 0.157281 0.603625 0.152141 0.624172 0.158312 0.648844 0.166531 0.667359 0.177844 0.700250 0.187094 0.726969 0.202516 0.751641 0.213813 0.778375 0.230266 0.792766 0.249797 0.781453 0.262125 0.759875 0.254937 0.731078 0.244656 0.707437 0.232313 0.678656 0.222047 0.648844 0.211766 0.623156 0.204562 0.603625 0.191203 0.586141 0.175781
0 0.695109 0.148031 0.708469 0.132609 0.725953 0.116156 0.748562 0.101766 0.775281 0.096625 0.804078 0.103828 0.834906 0.123359 0.865750 0.147000 0.884250 0.172703 0.872938 0.194281 0.850328 0.194281 0.831828 0.180922 0.813328 0.160359 0.796875 0.142891 0.783516 0.138781 0.753703 0.149047 0.731078 0.159328 0.708469 0.165500 0.691000 0.161391
0 0.751641 0.339234 0.760891 0.310438 0.772203 0.285766 0.788656 0.258016 0.802016 0.244656 0.820516 0.244656 0.846219 0.252875 0.866781 0.268297 0.886313 0.304281 0.886313 0.322781 0.871922 0.341281 0.855469 0.322781 0.835938 0.298109 0.829766 0.285766 0.815375 0.294000 0.800984 0.314562 0.789672 0.336141 0.779406 0.352594 0.762953 0.350531
0 0.931531 0.225125 0.941812 0.250828 0.937703 0.275500 0.941812 0.300172 0.943875 0.324828 0.945922 0.343344 0.940797 0.375203 0.926391 0.391656 0.901734 0.405016 0.881172 0.410156 0.865750 0.419406 0.859578 0.433797 0.871922 0.446141 0.889391 0.453328 0.915094 0.444078 0.940797 0.430719 0.960328 0.416328 0.976766 0.387547 0.987047 0.361844 0.988078 0.331000 0.980875 0.301187 0.980875 0.289891 0.973688 0.269328 0.972656 0.249797 0.983969 0.234375 0.965453 0.223062 0.943875 0.218953
0 0.401109 0.435859 0.432984 0.430719 0.468953 0.442016 0.493625 0.450250 0.541938 0.458469 0.570719 0.464641 0.585109 0.481078 0.582031 0.503703 0.565578 0.501641 0.552219 0.489313 0.533719 0.484172 0.519328 0.489313 0.508016 0.494453 0.484375 0.487250 0.455594 0.476969 0.432984 0.463609 0.422703 0.462578 0.413453 0.473891 0.397000 0.460531
0 0.421672 0.510891 0.439141 0.513984 0.461766 0.519125 0.480266 0.523234 0.495688 0.512953 0.508016 0.504734 0.517266 0.496500 0.529609 0.489313 0.541938 0.489313 0.560437 0.500609 0.549141 0.513984 0.541938 0.525281 0.531656 0.536594 0.517266 0.540703 0.503906 0.552016 0.488484 0.556125 0.459703 0.556125 0.439141 0.546875 0.421672 0.540703 0.415500 0.528375
0 0.576891 0.508844 0.584094 0.530422 0.594359 0.549953 0.611844 0.568469 0.625203 0.588000 0.632406 0.603406 0.632406 0.620891 0.614922 0.627062 0.594359 0.606500 0.575859 0.584906 0.556328 0.565375 0.548109 0.545844 0.545031 0.531453 0.550172 0.517062 0.564563 0.504734
0 0.592313 0.524266 0.606703 0.523234 0.636516 0.521172 0.665297 0.523234 0.695109 0.532484 0.720812 0.539672 0.745484 0.558188 0.743422 0.578734 0.731078 0.584906 0.706422 0.580797 0.685859 0.569484 0.657078 0.565375 0.630344 0.564344 0.610813 0.562297 0.598484 0.543797
0 0.643703 0.590047 0.677625 0.591078 0.709500 0.591078 0.739313 0.591078 0.775281 0.588000 0.800984 0.589016 0.827719 0.594156 0.831828 0.597250 0.825656 0.614719 0.813328 0.626031 0.783516 0.625000 0.752672 0.623969 0.724922 0.627062 0.702297 0.627062 0.688938 0.635281 0.665297 0.627062 0.646797 0.617797 0.636516 0.604437
0 0.772203 0.533516 0.773234 0.518094 0.786594 0.502672 0.809203 0.501641 0.824625 0.506781 0.840047 0.519125 0.857531 0.540703 0.876031 0.568469 0.865750 0.589016 0.858547 0.605469 0.848266 0.615750 0.830797 0.607531 0.833875 0.583875 0.823609 0.568469 0.815375 0.548937 0.805094 0.535562 0.791734 0.534547
0 0.901734 0.546875 0.922281 0.546875 0.943875 0.557156 0.964438 0.564344 0.984984 0.572578 0.998437 0.587583 0.998437 0.636053 0.987047 0.619859 0.967516 0.606500 0.946953 0.596219 0.926391 0.586969 0.900703 0.577719 0.886313 0.563328
0 0.979859 0.684625 0.989109 0.709297 0.995266 0.732938 0.998437 0.758959 0.998437 0.879643 0.983969 0.883016 0.973688 0.858344 0.966484 0.826484 0.964438 0.784328 0.957234 0.760687 0.951063 0.742188 0.952094 0.711344 0.944906 0.683594 0.954156 0.682562 0.968547 0.680516
0 0.797906 0.916938 0.814344 0.912828 0.840047 0.905641 0.867797 0.902547 0.894531 0.901516 0.932562 0.896375 0.972656 0.891234 0.984984 0.902547 0.998359 0.919000 0.998437 0.921187 0.998437 0.942025 0.997328 0.943672 0.983969 0.949828 0.965453 0.930297 0.958266 0.926187 0.933594 0.929281 0.903781 0.939563 0.886313 0.939563 0.854437 0.943672 0.833875 0.947781 0.817438 0.947781 0.799953 0.947781 0.784547 0.934422
0 0.782484 0.885078 0.779406 0.865547 0.772203 0.839844 0.767063 0.823391 0.759875 0.803859 0.752672 0.784328 0.745484 0.770969 0.743422 0.758641 0.760891 0.757609 0.774266 0.752469 0.785562 0.758641 0.792766 0.787422 0.800984 0.813109 0.810234 0.832641 0.822578 0.860406 0.823609 0.887125 0.809203 0.897406 0.786594 0.900500
0 0.685859 0.726766 0.712578 0.719578 0.743422 0.712375 0.760891 0.709297 0.780422 0.704156 0.784547 0.696953 0.779406 0.687703 0.752672 0.679484 0.739313 0.669203 0.741359 0.652750 0.746500 0.644531 0.767063 0.645563 0.778375 0.658922 0.796875 0.663031 0.810234 0.673312 0.821547 0.694906 0.820516 0.722656 0.791734 0.747328 0.767063 0.749391 0.744453 0.756578 0.726969 0.758641 0.711547 0.760687 0.701281 0.747328 0.689969 0.751437 0.680719 0.738078
0 0.628297 0.720594 0.614922 0.737047 0.610813 0.759656 0.607734 0.781250 0.606703 0.804891 0.602594 0.834703 0.600531 0.863484 0.607734 0.885078 0.619031 0.896375 0.632406 0.879937 0.637547 0.852172 0.636516 0.832641 0.636516 0.812094 0.636516 0.799750 0.644734 0.778172 0.657078 0.763781 0.661188 0.749391 0.663234 0.727797 0.645766 0.715453
0 0.729031 0.894328 0.742391 0.896375 0.756781 0.907687 0.769125 0.919000 0.773234 0.935437 0.783516 0.954969 0.794813 0.973484 0.799953 0.982734 0.804078 0.993016 0.793797 0.993016 0.793213 0.998437 0.756781 0.998437 0.756781 0.990953 0.751641 0.980672 0.741359 0.954969 0.724922 0.942641 0.719781 0.916938
0 0.684828 0.916938 0.696141 0.925172 0.706422 0.935437 0.713609 0.950859 0.709500 0.972453 0.711547 0.986844 0.723837 0.998437 0.676405 0.998437 0.671469 0.983766 0.670437 0.951891 0.679688 0.933391
0 0.349719 0.568469 0.376437 0.563328 0.394937 0.563328 0.420641 0.568469 0.441203 0.576688 0.463813 0.581828 0.483344 0.576688 0.496703 0.568469 0.510078 0.568469 0.519328 0.590047 0.518297 0.608547 0.504937 0.609578 0.485406 0.615750 0.468953 0.617797 0.448391 0.613687 0.427844 0.610609 0.397000 0.607531 0.372328 0.607531 0.350734 0.608547 0.341484 0.598266 0.341484 0.580797
0 0.282891 0.598266 0.300375 0.593141 0.312703 0.609578 0.318875 0.635281 0.322984 0.655844 0.335328 0.669203 0.350734 0.693875 0.371297 0.707234 0.387750 0.715453 0.402141 0.727797 0.394937 0.745266 0.382609 0.755547 0.366156 0.750406 0.347656 0.731906 0.330188 0.710328 0.302422 0.692844 0.296266 0.670234 0.293172 0.646594 0.278781 0.617797 0.272609 0.601359
0 0.136922 0.531453 0.156453 0.524266 0.174953 0.529406 0.191406 0.533516 0.203734 0.531453 0.218141 0.528375 0.231500 0.515016 0.250000 0.526312 0.248969 0.547906 0.230469 0.556125 0.216078 0.567438 0.205797 0.573609 0.190375 0.576688 0.161594 0.574625 0.136922 0.563328 0.131781 0.550984
0 0.086547 0.734984 0.107109 0.716484 0.126641 0.708266 0.151313 0.693875 0.168797 0.701063 0.182156 0.724719 0.195516 0.737047 0.214016 0.748359 0.233547 0.760687 0.247937 0.778172 0.239719 0.796672 0.228406 0.801812 0.202719 0.792563 0.179078 0.777141 0.173938 0.766859 0.156453 0.751437 0.142062 0.732938 0.135891 0.728828 0.125609 0.743219 0.116359 0.758641 0.091687 0.748359
0 0.308594 0.759656 0.308594 0.777141 0.320922 0.791531 0.332234 0.819281 0.342516 0.843953 0.350734 0.865547 0.365125 0.885078 0.382609 0.876844 0.399047 0.866578 0.390828 0.849094 0.380547 0.830594 0.367188 0.810031 0.362047 0.783312 0.351766 0.763781 0.337375 0.753500 0.321953 0.748359
0 0.410359 0.865547 0.426812 0.862453 0.434000 0.869656 0.431953 0.886109 0.425781 0.903578 0.416531 0.913859 0.394937 0.920031 0.371297 0.933391 0.351766 0.944703 0.336344 0.961141 0.329156 0.978625 0.306531 0.986844 0.285984 0.995063 0.270562 0.980672 0.267469 0.971422 0.280844 0.964234 0.297281 0.948813 0.305516 0.934422 0.328125 0.915906 0.339438 0.897406 0.354859 0.888156 0.379516 0.883016 0.397000 0.871703
0 0.479234 0.750406 0.469984 0.770969 0.469984 0.801812 0.464844 0.816203 0.476156 0.833672 0.488484 0.852172 0.516234 0.863484 0.540906 0.872734 0.562500 0.880969 0.588203 0.890219 0.600531 0.889188 0.603625 0.875828 0.599500 0.858344 0.592313 0.852172 0.572781 0.847047 0.551187 0.841906 0.537828 0.836766 0.523438 0.828531 0.506984 0.818250 0.500828 0.793578 0.504937 0.774047 0.504937 0.761719 0.496703 0.754516
0 0.544000 0.898438 0.528578 0.914891 0.519328 0.928250 0.501844 0.943672 0.492594 0.966281 0.481297 0.991984 0.476786 0.998437 0.521293 0.998437 0.521375 0.999172 0.526516 0.983766 0.535766 0.969359 0.544000 0.959094 0.557359 0.941609 0.572781 0.933391 0.582031 0.917969 0.585109 0.901516 0.568672 0.891234
0 0.154406 0.835734 0.166734 0.828531 0.182156 0.833672 0.195516 0.843953 0.206828 0.842922 0.221219 0.827516 0.230469 0.816203 0.241781 0.804891 0.248969 0.795641 0.261313 0.796672 0.272609 0.806953 0.271594 0.816203 0.263359 0.836766 0.239719 0.849094 0.232531 0.867594 0.216078 0.883016 0.179078 0.880969 0.151313 0.870688 0.137953 0.859375 0.138984 0.841906
0 0.172906 0.952922 0.191406 0.932359 0.210938 0.923109 0.227391 0.909750 0.243828 0.893297 0.252063 0.879937 0.259250 0.862453 0.278781 0.861438 0.297281 0.872734 0.289062 0.893297 0.280844 0.911797 0.271594 0.928250 0.252063 0.946750 0.240750 0.953953 0.230469 0.959094 0.221219 0.972453 0.198609 0.986844 0.172906 0.986844 0.162625 0.971422
1 0.422250 0.744672 0.415391 0.704266 0.407016 0.695891 0.407016 0.666156 0.430641 0.683688 0.450453 0.676063 0.461125 0.684453 0.484000 0.693594 0.493906 0.698937 0.492375 0.717219 0.488562 0.742375 0.478656 0.750766 0.467219 0.765250 0.451219 0.752281 0.447406 0.767531 0.467984 0.778203 0.467984 0.800313 0.456563 0.807172 0.448938 0.819359 0.455031 0.839172 0.461891 0.849844 0.477141 0.842219 0.480188 0.854422 0.480188 0.871953 0.480188 0.890250 0.466469 0.898625 0.464937 0.907016 0.461891 0.917688 0.455797 0.918437 0.448938 0.916922 0.438266 0.901672 0.435969 0.878813 0.442078 0.863562 0.427594 0.854422 0.427594 0.831563 0.438266 0.835359 0.442828 0.817828 0.453500 0.805641 0.440547 0.804109 0.423781 0.807172 0.413109 0.794203 0.414641 0.769813 0.428359 0.759906
1 0.422855 0.998437 0.422250 0.988562 0.432172 0.969516 0.448172 0.956563 0.455031 0.946641 0.482469 0.952750 0.487813 0.970281 0.479422 0.995422 0.477485 0.998437
1 0.174547 0.692078 0.171500 0.679875 0.185969 0.659297 0.199687 0.648625 0.205797 0.670734 0.210359 0.688266 0.207312 0.700453 0.222563 0.685969 0.238562 0.667687 0.249234 0.666156 0.244672 0.690547 0.238562 0.707313 0.240859 0.726375 0.246953 0.748469 0.243906 0.764484 0.237047 0.757625 0.231703 0.750766 0.221797 0.737047 0.214172 0.743906 0.201219 0.737812 0.191313 0.728656 0.183687 0.719516 0.175313 0.708078
1 0.130328 0.820891 0.137953 0.814781 0.145578 0.801062 0.138719 0.789641 0.147859 0.780484 0.155484 0.760672 0.164641 0.762953 0.175313 0.769813 0.184453 0.776672 0.192828 0.791156 0.199687 0.802594 0.193594 0.804109 0.176062 0.797250 0.160063 0.812500 0.164641 0.825453 0.157016 0.833844 0.142359 0.839578 0.138188 0.851391 0.142359 0.865281 0.147219 0.870141 0.150688 0.876391 0.145828 0.887500 0.140281 0.893062 0.135422 0.889578 0.136109 0.875688 0.138188 0.870828 0.134719 0.863891 0.132641 0.846531 0.137500 0.837500 0.143750 0.831938 0.138891 0.826391
0 0.228281 0.123141 0.237625 0.154313 0.208016 0.190172 0.179953 0.224453 0.167484 0.247844 0.173719 0.271219 0.159688 0.291484 0.134750 0.280578 0.137875 0.229141 0.189312 0.149641 0.206453 0.140281
0 0.320250 0.272781 0.323359 0.330453 0.317125 0.356953 0.348297 0.430203 0.393500 0.473859 0.437156 0.505031 0.407531 0.520609 0.329594 0.461391 0.279719 0.409953 0.275047 0.317984 0.285953 0.271219