0 0.130234 0.108828 0.128406 0.130109 0.111984 0.144703 0.087672 0.156859 0.058484 0.175703 0.017750 0.193344 0.009844 0.169625 0.008031 0.140437 0.029297 0.125250 0.052406 0.113078 0.074906 0.097891 0.090109 0.091797 0.107125 0.090594
0 0.245141 0.124031 0.216563 0.155641 0.201359 0.178750 0.178859 0.210359 0.152719 0.235891 0.130234 0.266297 0.099828 0.310672 0.080984 0.356281 0.066391 0.386672 0.060313 0.426187 0.071859 0.450516 0.102875 0.450516 0.126578 0.424969 0.134484 0.391531 0.144812 0.353234 0.161844 0.322828 0.172172 0.297297 0.198328 0.277234 0.210484 0.252922 0.246953 0.225563 0.254859 0.198203 0.263375 0.148344 0.263375 0.131328 0.251828 0.120984
0 0.313844 0.050469 0.301672 0.079641 0.276141 0.120984 0.266422 0.138625 0.259125 0.179969 0.251828 0.226781 0.257297 0.255953 0.257297 0.284531 0.265203 0.330125 0.272500 0.369656 0.289516 0.379375 0.312625 0.371469 0.315656 0.347156 0.310797 0.268125 0.306547 0.210359 0.307750 0.169625 0.333297 0.131328 0.356391 0.099703 0.366734 0.076609 0.377672 0.048031 0.378891 0.020672 0.370375 0.005469 0.367344 0.000609 0.336938 0.003641 0.324781 0.013984 0.318094 0.038906
0 0.249391 0.323437 0.234797 0.361141 0.216563 0.418891 0.183125 0.461453 0.160156 0.490625 0.155469 0.463281 0.139063 0.459375 0.121094 0.466406 0.113203 0.488812 0.102266 0.517391 0.090109 0.547781 0.061531 0.573937 0.012891 0.617703 0.000000 0.623868 0.000000 0.557616 0.000125 0.557516 0.027484 0.522250 0.065781 0.488812 0.102266 0.452328 0.132656 0.420719 0.158203 0.381203 0.178266 0.358094 0.209875 0.305203 0.237844 0.309453
0 0.144531 0.467969 0.169141 0.535625 0.170359 0.627437 0.153937 0.651141 0.132656 0.674250 0.093141 0.701609 0.055453 0.721063 0.031125 0.735047 0.000000 0.750369 0.000000 0.678465 0.012281 0.666953 0.067000 0.645672 0.102266 0.609187 0.116250 0.595203 0.098000 0.573937 0.098000 0.543531 0.111375 0.511922 0.121094 0.476562
0 0.352750 0.646891 0.327219 0.672422 0.316266 0.686406 0.312016 0.695531 0.304109 0.710719 0.290734 0.739297 0.284656 0.750250 0.272500 0.765437 0.257297 0.781859 0.248172 0.794016 0.240266 0.811047 0.236016 0.830500 0.232984 0.845703 0.232984 0.896156 0.243313 0.930813 0.241484 0.961219 0.248172 0.972156 0.252437 0.999516 0.253130 0.998437 0.300182 0.998437 0.305328 0.969109 0.302281 0.914391 0.304109 0.856641 0.305328 0.825031 0.326609 0.782469 0.366125 0.718625 0.390437 0.677281 0.399563 0.659047 0.395313 0.646891 0.392266 0.636547 0.358828 0.637766
0 0.427531 0.678500 0.422672 0.705859 0.413547 0.732000 0.401391 0.759359 0.392266 0.784891 0.380109 0.856641 0.375250 0.902234 0.372359 0.933734 0.371422 0.952562 0.358828 0.987359 0.343652 0.998437 0.318232 0.998437 0.313234 0.990391 0.314453 0.972156 0.323563 0.956953 0.329641 0.944797 0.331469 0.922297 0.316266 0.930813 0.310187 0.926562 0.310187 0.919266 0.326609 0.904062 0.325391 0.890078 0.316266 0.887031 0.308969 0.888250 0.307156 0.890078 0.304109 0.877922 0.311406 0.871844 0.331469 0.864547 0.312016 0.859672 0.313234 0.850562 0.328422 0.841437 0.332687 0.825031 0.338766 0.809828 0.341797 0.791578 0.344844 0.782469 0.349703 0.771516 0.353969 0.755109 0.355781 0.739906 0.361875 0.730781 0.377063 0.704641 0.393484 0.674250 0.398344 0.665125 0.413547 0.657828 0.419625 0.668172
0 0.532094 0.279062 0.506563 0.297297 0.495625 0.312500 0.473125 0.345938 0.457922 0.364172 0.442734 0.382422 0.430562 0.401875 0.430562 0.412812 0.436047 0.435313 0.451234 0.440172 0.471297 0.449297 0.492578 0.455375 0.512031 0.454156 0.529062 0.449297 0.535141 0.482734 0.522984 0.499156 0.494406 0.513125 0.419625 0.510094 0.389234 0.478484 0.372813 0.448078 0.370984 0.414641 0.370984 0.385453 0.396516 0.342906 0.426922 0.309453 0.480422 0.249875 0.518125 0.235281 0.543047 0.249875
0 0.585609 0.328922 0.588031 0.362359 0.580734 0.418891 0.574656 0.464500 0.573438 0.504016 0.573438 0.540484 0.568578 0.573937 0.569797 0.638984 0.572828 0.659047 0.577703 0.674250 0.578922 0.687625 0.558250 0.693703 0.540000 0.695531 0.515687 0.692484 0.504750 0.679109 0.505953 0.646891 0.507781 0.624391 0.510828 0.598250 0.513859 0.566641 0.513859 0.546578 0.513859 0.525297 0.512641 0.499750 0.535141 0.488812 0.533922 0.464500 0.524813 0.452328 0.515687 0.452328 0.515687 0.434094 0.522984 0.409781 0.522984 0.402484 0.522984 0.369047 0.519937 0.352016 0.518719 0.333781 0.521156 0.311281 0.532094 0.303375 0.544266 0.297297 0.556422 0.296078 0.569797 0.301563
0 0.610531 0.323437 0.650047 0.352016 0.692609 0.385453 0.739422 0.423156 0.789891 0.468750 0.830625 0.493063 0.840344 0.522250 0.867094 0.511922 0.885328 0.505844 0.871953 0.479687 0.852500 0.460234 0.837313 0.435922 0.817250 0.418891 0.799000 0.403703 0.770422 0.369047 0.733953 0.335609 0.703547 0.314328 0.659172 0.288187 0.625734 0.266906 0.600187 0.245625 0.572828 0.237719 0.551562 0.257781 0.546687 0.274203 0.572234 0.297297 0.587422 0.312500
0 0.998437 0.668132 0.995375 0.669375 0.960109 0.669375 0.925469 0.675469 0.888984 0.677281 0.865875 0.695531 0.820281 0.708906 0.788672 0.719844 0.758266 0.730187 0.735172 0.736266 0.706594 0.754500 0.680453 0.760578 0.662203 0.769703 0.633641 0.758141 0.622687 0.738078 0.639109 0.719844 0.662203 0.709516 0.695641 0.695531 0.741250 0.674250 0.795969 0.656000 0.820281 0.645672 0.850688 0.640813 0.893234 0.622563 0.914516 0.619531 0.930937 0.613453 0.954031 0.610406 0.970453 0.607375 0.994766 0.604328 0.998437 0.604852
0 0.969234 0.423156 0.994766 0.452328 0.998437 0.459215 0.998437 0.546164 0.996594 0.540484 0.971063 0.511313 0.947953 0.481516 0.919375 0.455375 0.913297 0.435922 0.933969 0.411594 0.957078 0.406734 0.961328 0.412812 0.973500 0.412812 0.972281 0.417078
0 0.600734 0.005938 0.613922 0.025047 0.627109 0.058016 0.638984 0.084391 0.650187 0.132516 0.655453 0.165484 0.663375 0.206359 0.676562 0.241297 0.676562 0.257781 0.657438 0.268984 0.648859 0.268984 0.625797 0.259750 0.619203 0.239984 0.609313 0.197125 0.598094 0.158891 0.586234 0.114719 0.575031 0.081750 0.561844 0.053406 0.542062 0.025719 0.535469 0.009234 0.542062 0.005938 0.586234 0.003953
0 0.669969 0.005938 0.662047 0.046812 0.673266 0.084391 0.681828 0.127234 0.688422 0.160203 0.701609 0.196469 0.709516 0.232734 0.731281 0.282172 0.742484 0.321734 0.754344 0.343484 0.770828 0.353375 0.791937 0.348766 0.805109 0.340187 0.803797 0.296016 0.793906 0.264375 0.786000 0.233391 0.774125 0.197125 0.764234 0.177344 0.749734 0.145703 0.737875 0.111422 0.729953 0.096250 0.724687 0.058672 0.724687 0.022422 0.727984 0.009234 0.731281 0.003953
0 0.743141 0.000656 0.736547 0.036922 0.737875 0.056703 0.742484 0.076484 0.760938 0.117359 0.777422 0.145703 0.797203 0.166797 0.816984 0.193172 0.831484 0.211625 0.863141 0.231406 0.899391 0.262391 0.915875 0.287453 0.928484 0.298875 0.942109 0.296766 0.953656 0.295719 0.967281 0.278938 0.963344 0.259750 0.952141 0.228109 0.937625 0.203719 0.922469 0.185266 0.899391 0.167453 0.881594 0.149000 0.861812 0.121313 0.838734 0.104828 0.815672 0.078453 0.795891 0.035594 0.793906 0.012531 0.803797 0.000656
0 0.718094 0.822781 0.718094 0.868938 0.708203 0.908484 0.701609 0.934859 0.693703 0.963219 0.685467 0.998437 0.627151 0.998437 0.629094 0.992875 0.632391 0.955297 0.637000 0.923656 0.643594 0.886078 0.654219 0.853719 0.673453 0.793703 0.694969 0.773328 0.708562 0.776719 0.718750 0.795969 0.718094 0.829375
0 0.820281 0.903875 0.836766 0.917062 0.863141 0.946734 0.910594 0.971125 0.930958 0.998437 0.998437 0.984356 0.977188 0.959922 0.948844 0.935516 0.912578 0.902562 0.869719 0.876188 0.842031 0.859047 0.823578 0.865641 0.818297 0.887391
0 0.542719 0.865641 0.563813 0.919703 0.591516 0.999469 0.591520 0.998437 0.522559 0.998437 0.520969 0.982984 0.504484 0.946734 0.499203 0.885422 0.496578 0.861016 0.514375 0.852453
0 0.228125 0.503281 0.282828 0.615437 0.356687 0.716641 0.405922 0.798687 0.438734 0.763141 0.345734 0.588078 0.244531 0.451312 0.195297 0.443109 0.217188 0.484141
0 0.165219 0.090266 0.225391 0.120344 0.340266 0.147703 0.416859 0.131297 0.537203 0.155906 0.564563 0.123094 0.550891 0.079328 0.425062 0.076594 0.277359 0.073859 0.192563 0.043766