0 0.071797 0.001063 0.078125 0.024281 0.082344 0.046453 0.090797 0.066516 0.101344 0.083406 0.115078 0.092906 0.123516 0.078125 0.125641 0.049625 0.118250 0.030609 0.119297 0.011609 0.118250 0.001063 0.093969 0.002109
0 0.024281 0.031672 0.039062 0.070734 0.062281 0.095016 0.083406 0.123516 0.105578 0.148859 0.124578 0.175250 0.143578 0.204813 0.156250 0.229094 0.176313 0.245984 0.187922 0.234375 0.193203 0.211156 0.178422 0.190031 0.154141 0.157313 0.124578 0.112969 0.105578 0.095016 0.086578 0.077063 0.067562 0.041172 0.057016 0.021109 0.048562 0.022172
0 0.134078 0.059125 0.133031 0.079187 0.139359 0.108734 0.147797 0.133031 0.172094 0.168922 0.193203 0.203766 0.206922 0.230156 0.228047 0.259719 0.243875 0.258656 0.252328 0.251266 0.238594 0.233312 0.218531 0.196375 0.200594 0.175250 0.193203 0.152031 0.178422 0.124578 0.178422 0.095016 0.162578 0.073906
0 0.203766 0.002109 0.199531 0.029563 0.192141 0.067562 0.196375 0.104516 0.207984 0.127750 0.219594 0.122469 0.224875 0.078125 0.229094 0.043281 0.239656 0.001063
0 0.247047 0.103469 0.280828 0.090797 0.308281 0.080234 0.329391 0.065453 0.346281 0.053844 0.383234 0.061234 0.418078 0.069672 0.467687 0.077063 0.485641 0.088688 0.485641 0.106625 0.463469 0.114016 0.428625 0.108734 0.404344 0.098188 0.390625 0.092906 0.377953 0.091844 0.346281 0.101344 0.304047 0.117188 0.274500 0.130906 0.251266 0.124578
0 0.350500 0.134078 0.396953 0.125641 0.421234 0.119297 0.453969 0.116125 0.485641 0.116125 0.516266 0.118250 0.546875 0.130906 0.546875 0.146750 0.538422 0.160469 0.518375 0.159422 0.489859 0.155187 0.449750 0.149922 0.411734 0.161531 0.396953 0.168922 0.387453 0.169969 0.365281 0.162578 0.345234 0.150969
0 0.288219 0.295609 0.311437 0.269219 0.347344 0.251266 0.389562 0.219594 0.437078 0.215375 0.480359 0.204813 0.517312 0.200594 0.540547 0.201641 0.545813 0.222766 0.509922 0.247047 0.465578 0.252328 0.408578 0.267109 0.384297 0.269219 0.362125 0.287156 0.341000 0.307219 0.331500 0.325172 0.304047 0.318828
0 0.003172 0.121406 0.008453 0.104516 0.022172 0.097125 0.041172 0.115078 0.044344 0.142531 0.040125 0.174203 0.033781 0.198484 0.032734 0.223813 0.033781 0.272375 0.032734 0.317781 0.033781 0.351562 0.026391 0.390625 0.015844 0.404344 0.003172 0.394844 0.004219 0.350500 0.001063 0.293500 0.002109 0.226984 0.004219 0.199531 0.000000 0.165250 0.001063 0.134000
0 0.049625 0.191094 0.072844 0.197422 0.098188 0.199531 0.126688 0.218531 0.140406 0.254437 0.147797 0.277656 0.149922 0.304047 0.128797 0.322000 0.111906 0.329391 0.118250 0.292438 0.105578 0.269219 0.108734 0.255484 0.089734 0.241766 0.070734 0.234375 0.051734 0.224875 0.042234 0.214312 0.038000 0.203766
0 0.564828 0.000000 0.576438 0.019000 0.574328 0.048562 0.563766 0.082344 0.572219 0.106625 0.587000 0.114016 0.603891 0.092906 0.608109 0.064406 0.608109 0.038000 0.608109 0.011609 0.602828 0.001063
0 0.489859 0.003172 0.506750 0.015844 0.519422 0.043281 0.543703 0.047516 0.546875 0.027453 0.541594 0.012672 0.533156 0.001063 0.508875 0.000000
0 0.660891 0.001063 0.669344 0.028500 0.676734 0.051734 0.690453 0.095016 0.708406 0.131969 0.728469 0.147797 0.741125 0.142531 0.740078 0.117188 0.729516 0.090797 0.721078 0.058062 0.716844 0.039062 0.714734 0.016891 0.712625 0.003172 0.680953 0.000000
0 0.771750 0.002109 0.755906 0.007391 0.755906 0.022172 0.759078 0.046453 0.775969 0.042234 0.790750 0.025344 0.807641 0.005281 0.793922 0.005281
0 0.825594 0.001063 0.816094 0.017953 0.808703 0.045391 0.800250 0.076016 0.804469 0.093969 0.826641 0.093969 0.842484 0.063344 0.853047 0.032734 0.862547 0.006328 0.843531 0.005281
0 0.614437 0.214312 0.644000 0.237547 0.658781 0.269219 0.673562 0.291391 0.684125 0.333609 0.694672 0.372672 0.705234 0.407516 0.707344 0.425469 0.689406 0.428625 0.668281 0.410687 0.661953 0.385344 0.653500 0.346281 0.647172 0.325172 0.641891 0.299828 0.629219 0.276609 0.614437 0.256547 0.602828 0.247047 0.595437 0.235438 0.597547 0.218531
0 0.455641 0.368219 0.475312 0.395547 0.491703 0.428328 0.512453 0.463281 0.535406 0.492781 0.548516 0.525563 0.563812 0.556156 0.569281 0.580203 0.551797 0.591125 0.521203 0.552891 0.501531 0.527750 0.497156 0.496063 0.481859 0.465469 0.458922 0.434875 0.451266 0.417391 0.451266 0.391172
0 0.631563 0.346375 0.617344 0.361672 0.615172 0.393359 0.620625 0.433781 0.621719 0.466563 0.629375 0.493875 0.637016 0.529938 0.631563 0.558344 0.640297 0.571453 0.654500 0.561625 0.659969 0.532125 0.661062 0.492781 0.652313 0.456734 0.646859 0.437063 0.646859 0.395547 0.651219 0.368219 0.645766 0.354016
0 0.723344 0.301578 0.708047 0.312500 0.704766 0.347469 0.708047 0.401000 0.710234 0.438156 0.712406 0.460016 0.721156 0.490609 0.723344 0.531031 0.733172 0.566000 0.757219 0.573641 0.767047 0.552891 0.764859 0.519016 0.755031 0.462188 0.751750 0.420672 0.749563 0.388984 0.749563 0.352922 0.746281 0.315781
0 0.768141 0.215250 0.752844 0.231641 0.756125 0.274250 0.775781 0.346375 0.782344 0.407562 0.795453 0.457828 0.795453 0.490609 0.815125 0.500437 0.830422 0.464375 0.829328 0.401000 0.819500 0.350750 0.804203 0.283000 0.796547 0.244750 0.785625 0.218531
0 0.797641 0.218531 0.824953 0.177016 0.846813 0.139859 0.878500 0.102703 0.899250 0.080859 0.928766 0.076484 0.947328 0.080859 0.937500 0.099437 0.914547 0.116922 0.891609 0.136578 0.866484 0.185750 0.839156 0.234922 0.814031 0.256781 0.805281 0.265516 0.800922 0.236016
0 0.370406 0.463281 0.359484 0.475312 0.360578 0.511359 0.371500 0.549609 0.385703 0.580203 0.404281 0.600969 0.422859 0.630469 0.449078 0.656687 0.463281 0.654500 0.453453 0.612984 0.426141 0.578016 0.409750 0.547422 0.398813 0.517922 0.391172 0.463281
0 0.206516 0.279719 0.182469 0.289547 0.151875 0.309219 0.131125 0.324516 0.105984 0.338719 0.065562 0.369313 0.043703 0.388984 0.026219 0.399906 0.013109 0.410844 0.018578 0.423953 0.041516 0.426141 0.073203 0.413031 0.106984 0.389828 0.146422 0.366047 0.167172 0.345281 0.193406 0.325609 0.208703 0.315781 0.222906 0.301578 0.221813 0.285188
0 0.013109 0.443625 0.042609 0.452359 0.068844 0.466563 0.110359 0.470937 0.154062 0.488422 0.182469 0.501531 0.208703 0.513547 0.211969 0.532125 0.192312 0.546328 0.152969 0.525563 0.116922 0.511359 0.087406 0.504812 0.060094 0.501531 0.027312 0.493875 0.004375 0.484047 0.002187 0.458922
0 0.239297 0.605328 0.243656 0.629375 0.253500 0.651219 0.263328 0.681813 0.275344 0.710234 0.298297 0.746281 0.316875 0.769234 0.337625 0.762672 0.324516 0.730984 0.308125 0.700391 0.289547 0.671984 0.277531 0.639203 0.270984 0.610797 0.253500 0.598781
0 0.363859 0.674172 0.391172 0.669797 0.427234 0.663250 0.454547 0.661062 0.493875 0.669797 0.549609 0.669797 0.569281 0.676359 0.563812 0.699297 0.532125 0.702578 0.488422 0.700391 0.451266 0.699297 0.415203 0.697109 0.394453 0.701484 0.367141 0.701484 0.356203 0.689469
0 0.841344 0.540859 0.858828 0.537594 0.881781 0.556156 0.916734 0.574734 0.938594 0.616266 0.951703 0.653406 0.962625 0.681813 0.972469 0.735359 0.991047 0.767047 0.992141 0.787813 0.970281 0.797641 0.949516 0.775781 0.940781 0.734266 0.924391 0.698203 0.913469 0.656687 0.901437 0.630469 0.882859 0.598781 0.861016 0.581297 0.836969 0.567094
0 0.847906 0.598781 0.836969 0.620625 0.839156 0.665422 0.859922 0.723344 0.878500 0.747375 0.900344 0.769234 0.915641 0.789984 0.941875 0.799828 0.946234 0.787813 0.935312 0.765953 0.908000 0.733172 0.883953 0.688375 0.873031 0.655594 0.868656 0.630469 0.867563 0.603141
0 0.817313 0.681813 0.794359 0.690562 0.792172 0.716781 0.807469 0.747375 0.805281 0.784531 0.796547 0.824953 0.781250 0.877406 0.784531 0.913469 0.803109 0.940781 0.829328 0.928766 0.821672 0.891609 0.830422 0.863203 0.841344 0.797641 0.839156 0.760484 0.830422 0.723344 0.830422 0.691656
0 0.702578 0.752844 0.682906 0.752844 0.671984 0.763766 0.682906 0.792172 0.700391 0.830422 0.718969 0.874125 0.735359 0.910187 0.741922 0.938594 0.745188 0.963719 0.768141 0.967000 0.784531 0.941875 0.768141 0.903625 0.746281 0.852266 0.726609 0.807469 0.714594 0.771422
0 0.458922 0.764859 0.468750 0.777969 0.462188 0.806375 0.460016 0.833703 0.456734 0.865391 0.453453 0.892703 0.444719 0.916734 0.430500 0.941875 0.421766 0.964813 0.450172 0.977922 0.465469 0.950609 0.486234 0.911281 0.494969 0.857734 0.497156 0.814031 0.501531 0.771422 0.485141 0.746281 0.469844 0.755031
0 0.001094 0.713500 0.007656 0.704766 0.021859 0.704766 0.037156 0.721156 0.053547 0.753937 0.064469 0.789984 0.083047 0.835891 0.090688 0.873031 0.086313 0.893797 0.093969 0.920016 0.087406 0.940781 0.069937 0.953891 0.063375 0.944063 0.056813 0.904719 0.048078 0.864297 0.042609 0.830422 0.033875 0.788906 0.022953 0.769234 0.010922 0.745188
0 0.388984 0.740828 0.369313 0.752844 0.373688 0.772516 0.378063 0.805281 0.373688 0.823859 0.358391 0.853359 0.338719 0.866484 0.320156 0.881781 0.320156 0.911281 0.329984 0.926578 0.348562 0.915641 0.357297 0.891609 0.376969 0.869750 0.392266 0.855547 0.396641 0.828234 0.397734 0.802016 0.396641 0.782344 0.388984 0.757219
0 0.432688 0.782344 0.419578 0.799828 0.407562 0.818406 0.405375 0.843531 0.396641 0.868656 0.387891 0.892703 0.384609 0.917828 0.380250 0.939688 0.361672 0.968094 0.350750 0.987766 0.347074 0.998437 0.392652 0.998437 0.406469 0.981203 0.415203 0.934219 0.433781 0.883953 0.444719 0.839156 0.452359 0.803109 0.449078 0.788906
0 0.606422 0.815125 0.587844 0.852266 0.581297 0.889422 0.578016 0.921109 0.588938 0.960453 0.593313 0.992141 0.592618 0.998437 0.624416 0.998437 0.620625 0.965906 0.617344 0.922203 0.614078 0.891609 0.618437 0.866484 0.630469 0.826047 0.627188 0.814031
0 0.834797 0.841344 0.856641 0.861016 0.883953 0.879594 0.901437 0.897078 0.911281 0.918922 0.915641 0.937500 0.924391 0.949516 0.928766 0.965906 0.914547 0.969187 0.887234 0.941875 0.861016 0.916734 0.843531 0.895984 0.833703 0.883953 0.830422 0.873031 0.834797 0.854453
0 0.962625 0.979016 0.941875 0.975750 0.906906 0.969187 0.877406 0.949516 0.858828 0.950609 0.832609 0.964813 0.821672 0.987766 0.816780 0.998437 0.846865 0.998437 0.852266 0.985578 0.873031 0.988859 0.896109 0.998437 0.976480 0.998437 0.975750 0.986672
0 0.305938 0.845719 0.290641 0.864297 0.281906 0.897078 0.275344 0.932031 0.273172 0.964813 0.275344 0.996500 0.275511 0.998437 0.292196 0.998437 0.291734 0.983391 0.311406 0.985578 0.311406 0.958266 0.307031 0.922203 0.311406 0.899250 0.311406 0.878500 0.323422 0.867563 0.331078 0.856641 0.320156 0.847906
0 0.021859 0.878500 0.007656 0.886141 0.007656 0.918922 0.012016 0.942969 0.022953 0.962625 0.025125 0.989953 0.025125 0.998437 0.062154 0.998437 0.061187 0.996500 0.054641 0.964813 0.049172 0.940781 0.040422 0.908000 0.039328 0.879594
0 0.939688 0.002187 0.956078 0.014203 0.976828 0.025125 0.998687 0.041516 0.998437 0.042304 0.998437 0.071978 0.995406 0.069937 0.971375 0.053547 0.946234 0.038250 0.932031 0.022953 0.928766 0.013109
1 0.415547 0.271953 0.402031 0.312500 0.390203 0.385141 0.377531 0.430750 0.393578 0.464531 0.428203 0.434125 0.446797 0.422297 0.445953 0.369937 0.458609 0.342906 0.471281 0.322641 0.469594 0.286313 0.468750 0.257594 0.436656 0.263516
1 0.404563 0.163000 0.413000 0.209453 0.462000 0.209453 0.482266 0.201859 0.475500 0.155406 0.450172 0.153719 0.429906 0.156250 0.418922 0.163844
1 0.030406 0.506750 0.015203 0.563344 0.010984 0.607266 0.027031 0.667234 0.048984 0.744094 0.073484 0.790547 0.092063 0.837000 0.092906 0.907938 0.079391 0.956922 0.069250 0.967906 0.072892 0.998437 0.113949 0.998437 0.114859 0.986484 0.125000 0.919766 0.120781 0.830234 0.159625 0.779563 0.119938 0.697641 0.090375 0.625844 0.093750 0.584453 0.098812 0.570094 0.072641 0.540547 0.072641 0.510984 0.054906 0.504219
1 0.386828 0.709453 0.401187 0.793078 0.411313 0.800672 0.431594 0.784625 0.445953 0.789703 0.452703 0.806594 0.443406 0.833609 0.444891 0.840516 0.434891 0.862063 0.441812 0.865922 0.431797 0.882078 0.440266 0.890547 0.426422 0.904406 0.431797 0.910562 0.423344 0.931344 0.421797 0.942891 0.436422 0.925953 0.455672 0.895172 0.451813 0.885156 0.454125 0.872844 0.449500 0.858219 0.457203 0.850516 0.451047 0.829734 0.457969 0.829734 0.457203 0.810500 0.461828 0.801266 0.466437 0.775094 0.459516 0.762781 0.491078 0.749688 0.487219 0.735844 0.485687 0.704281 0.459516 0.706594 0.431031 0.709672 0.418719 0.714281 0.398703 0.705813
1 0.687344 0.440266 0.690422 0.489531 0.661172 0.548797 0.657328 0.601906 0.667328 0.658094 0.684266 0.710438 0.667328 0.741219 0.678875 0.755078 0.709672 0.746609 0.720437 0.785094 0.741219 0.829734 0.747391 0.771250 0.739687 0.743531 0.713516 0.720437 0.720437 0.692734 0.734297 0.692734 0.728906 0.635000 0.745078 0.576516 0.725828 0.558031 0.719672 0.503391 0.711984 0.465672 0.707359 0.449500
1 0.675031 0.791250 0.667328 0.811266 0.678875 0.836672 0.659641 0.852063 0.675797 0.867453 0.684266 0.883625 0.678109 0.895937 0.664250 0.915953 0.652703 0.916719 0.671953 0.966750 0.676971 0.998437 0.703830 0.998437 0.705813 0.975219 0.708891 0.948281 0.712750 0.882078 0.696578 0.855141 0.694266 0.832047 0.686578 0.812031 0.685031 0.798953
1 0.069266 0.241687 0.070047 0.264781 0.065422 0.296344 0.063109 0.333281 0.070047 0.350984 0.074656 0.360984 0.061578 0.371000 0.056188 0.347906 0.037719 0.332516 0.032328 0.220141 0.032328 0.190109 0.047719 0.138547 0.062344 0.170875 0.076969 0.194734 0.047719 0.187812 0.036172 0.207813 0.043109 0.225516 0.060031 0.233219
0 0.068750 0.129688 0.062500 0.132812 0.057813 0.137500 0.056250 0.142187 0.056250 0.148438 0.059375 0.160938 0.064062 0.170313 0.070312 0.178125 0.075000 0.190625 0.081250 0.196875 0.081250 0.203125 0.079687 0.207813 0.075000 0.217188 0.070312 0.221875 0.068750 0.226562 0.068750 0.234375 0.073438 0.235937 0.076563 0.239063 0.078125 0.243750 0.079687 0.245312 0.081250 0.245312 0.082812 0.251563 0.078125 0.256250 0.071875 0.276562 0.065625 0.301563 0.062500 0.318750 0.062500 0.332813 0.064062 0.340625 0.067187 0.348438 0.070312 0.351562 0.076563 0.351562 0.082812 0.348438 0.092188 0.339062 0.095312 0.332813 0.101562 0.304688 0.103125 0.289062 0.109375 0.267188 0.109375 0.257812 0.112500 0.250000 0.118750 0.243750 0.123438 0.242188 0.125000 0.240625 0.126562 0.237500 0.126562 0.225000 0.125000 0.221875 0.120313 0.217188 0.110937 0.200000 0.109375 0.192188 0.109375 0.178125 0.106250 0.167187 0.101562 0.160938 0.098437 0.151562 0.090625 0.140625 0.082812 0.132812 0.075000 0.129688
0 0.077281 0.540969 0.133953 0.607938 0.211234 0.690375 0.240437 0.681797 0.180328 0.587344 0.121938 0.508344 0.079000 0.503188
0 0.154562 0.688656 0.211234 0.652594 0.298813 0.618250 0.350344 0.611375 0.336609 0.587344 0.276500 0.585625 0.202641 0.601078 0.140828 0.652594 0.123656 0.680078 0.137391 0.686937
0 0.532375 0.597641 0.525516 0.650875 0.522078 0.707547 0.513484 0.731594 0.492875 0.735031 0.492875 0.683516 0.496312 0.606234 0.508344 0.578750 0.525516 0.578750
0 0.717859 0.724719 0.774531 0.779687 0.826047 0.805438 0.882719 0.826047 0.939391 0.846656 0.960000 0.827766 0.939391 0.793422 0.872422 0.784828 0.800281 0.753922 0.755641 0.712703 0.709266 0.690375 0.707547 0.714422
0 0.377125 0.032969 0.350344 0.100984 0.331797 0.166922 0.323547 0.214328 0.298813 0.257609 0.278219 0.239063 0.307063 0.150438 0.329734 0.051516 0.348281 0.024734 0.368891 0.024734