0 0.130516 0.154406 0.117641 0.162688 0.116734 0.176469 0.122250 0.192094 0.123156 0.200375 0.116734 0.212312 0.106625 0.227016 0.096500 0.251844 0.090078 0.281250 0.092828 0.309750 0.099266 0.324453 0.111219 0.328125 0.126844 0.319859 0.135109 0.305141 0.151656 0.285844 0.142469 0.268375 0.129594 0.275734 0.121328 0.291359 0.125000 0.272062 0.136953 0.256437 0.150734 0.239891 0.161766 0.217828 0.171875 0.204969 0.180141 0.195766 0.186578 0.188422 0.173719 0.188422 0.169125 0.178313 0.168203 0.168203 0.168203 0.153500 0.160844 0.142469 0.153500 0.140625 0.144297 0.143375
0 0.100188 0.330875 0.084562 0.343750 0.078125 0.353859 0.076281 0.359375 0.054234 0.358453 0.069859 0.372250 0.069859 0.389703 0.070766 0.415438 0.065250 0.430141 0.063422 0.446688 0.059750 0.460484 0.054234 0.471500 0.039516 0.481625 0.022062 0.488047 0.011031 0.495406 0.004594 0.507359 0.002750 0.518375 0.002750 0.531250 0.017469 0.538609 0.019297 0.546875 0.027578 0.561578 0.042281 0.562500 0.053312 0.556063 0.054234 0.544125 0.059750 0.532172 0.068016 0.517469 0.076281 0.508266 0.091906 0.499078 0.100188 0.488969 0.112125 0.488047 0.103859 0.477016 0.103859 0.462313 0.119484 0.443016 0.122250 0.432906 0.115813 0.420953 0.116734 0.403500 0.116734 0.386953 0.113047 0.376844 0.113047 0.360297 0.117641 0.352938 0.121328 0.341906 0.113969 0.330875
0 0.273719 0.180203 0.249766 0.207578 0.237219 0.217844 0.231531 0.209859 0.224688 0.224688 0.216703 0.239500 0.197313 0.242922 0.200734 0.256609 0.208719 0.263453 0.206437 0.280562 0.191609 0.287406 0.204156 0.296531 0.206437 0.315922 0.214422 0.346719 0.228109 0.382078 0.246344 0.402594 0.256609 0.409438 0.276000 0.407156 0.285125 0.386641 0.287406 0.358125 0.272578 0.336453 0.262313 0.310219 0.255469 0.278281 0.257750 0.257750 0.274859 0.238359 0.290828 0.218984 0.302234 0.200734 0.297672 0.179062
0 0.386641 0.128875 0.364969 0.130016 0.354703 0.128875 0.328469 0.153969 0.312500 0.172219 0.305656 0.187047 0.303375 0.205297 0.297672 0.225828 0.295391 0.245203 0.287406 0.268016 0.277141 0.288547 0.271437 0.301094 0.280562 0.319344 0.298813 0.322766 0.318203 0.312500 0.330750 0.296531 0.338734 0.268016 0.351281 0.209859 0.355844 0.189328 0.377516 0.176781 0.403734 0.173359 0.441375 0.182484 0.450500 0.166516 0.447078 0.148266 0.429969 0.133438 0.407156 0.127734
0 0.490422 0.043344 0.476734 0.028516 0.458484 0.013688 0.433391 0.017109 0.423125 0.035359 0.414000 0.049047 0.420844 0.059313 0.428828 0.067297 0.443656 0.071859 0.457344 0.074141 0.476734 0.084391 0.481297 0.095797 0.479016 0.110625 0.494984 0.103781 0.497266 0.112906 0.507531 0.114047 0.529203 0.116328 0.562266 0.118609 0.586219 0.117469 0.610172 0.116328 0.611313 0.098078 0.597625 0.080969 0.594203 0.065016 0.580516 0.075281 0.565688 0.077563 0.542891 0.076422 0.524641 0.071859 0.510953 0.063875
0 0.570250 0.197313 0.593063 0.212141 0.609031 0.231531 0.603328 0.248625 0.594203 0.256609 0.575953 0.257750 0.559984 0.258891 0.539469 0.242922 0.521219 0.232672 0.505250 0.225828 0.493844 0.220125 0.479016 0.211000 0.456203 0.203016 0.445937 0.199594 0.420844 0.190469 0.396891 0.175641 0.416281 0.174500 0.434531 0.176781 0.441375 0.181344 0.453922 0.166516 0.449359 0.148266 0.445937 0.138000 0.473313 0.150547 0.499547 0.160812 0.522359 0.173359 0.540609 0.187047 0.557703 0.196172
0 0.591922 0.260031 0.604469 0.279422 0.618156 0.301094 0.631844 0.317062 0.643250 0.334172 0.655797 0.345578 0.675188 0.353563 0.692297 0.350141 0.693438 0.327328 0.693438 0.312500 0.680891 0.297672 0.668344 0.282844 0.653516 0.266875 0.640969 0.246344 0.629563 0.225828 0.621578 0.217844 0.603328 0.204156 0.579375 0.192750 0.571391 0.192750 0.594203 0.212141 0.611313 0.229250 0.605609 0.245203
0 0.460766 0.341016 0.451641 0.320484 0.451641 0.299953 0.440234 0.283984 0.435672 0.271437 0.427688 0.257750 0.420844 0.247484 0.410578 0.238359 0.396891 0.231531 0.379797 0.225828 0.367250 0.242922 0.359266 0.257750 0.368391 0.278281 0.387781 0.295391 0.401453 0.311359 0.401453 0.333031 0.401453 0.359266 0.420844 0.363828 0.426547 0.374094 0.426547 0.386641 0.439094 0.400312 0.448219 0.391188 0.467609 0.400312 0.481297 0.399172 0.491563 0.399172 0.507531 0.393469 0.520078 0.392328 0.532625 0.396891 0.546312 0.398031 0.549719 0.384359 0.546312 0.366109 0.529203 0.359266 0.510953 0.353563 0.492703 0.353563 0.479016 0.358125
0 0.390062 0.359266 0.366109 0.350141 0.352422 0.361547 0.349000 0.386641 0.370672 0.415141 0.392328 0.441375 0.424266 0.461906 0.443656 0.467609 0.451641 0.483578 0.459625 0.471031 0.472172 0.472172 0.492703 0.474453 0.499547 0.465328 0.517797 0.456203 0.536047 0.453922 0.554281 0.444797 0.567969 0.437953 0.575953 0.417422 0.572531 0.407156 0.552000 0.403734 0.526922 0.415141 0.505250 0.417422 0.489281 0.428828 0.473313 0.425406 0.465328 0.420844 0.448219 0.414000 0.436812 0.404875 0.428828 0.396891 0.417422 0.384359 0.407156 0.371812
0 0.331891 0.370672 0.310219 0.382078 0.298813 0.402594 0.287406 0.412859 0.271437 0.418563 0.257750 0.424266 0.240641 0.428828 0.223547 0.436812 0.208719 0.451641 0.216703 0.477875 0.228109 0.492703 0.255469 0.489281 0.276000 0.479016 0.287406 0.466469 0.311359 0.455063 0.333031 0.442516 0.349000 0.427688 0.363828 0.410578 0.356984 0.398031 0.349000 0.385500 0.353563 0.367250 0.354703 0.355844 0.367250 0.350141 0.388922 0.352422 0.400312 0.358125 0.403734 0.344438 0.401453 0.327328 0.384359 0.329609 0.363828 0.344438 0.341016 0.355844
0 0.155109 0.444797 0.175641 0.460766 0.199594 0.469891 0.222406 0.488141 0.247484 0.501828 0.268016 0.512094 0.280562 0.524641 0.306797 0.537188 0.331891 0.548578 0.341016 0.559984 0.334172 0.572531 0.313641 0.569109 0.296531 0.566828 0.270297 0.564547 0.258891 0.572531 0.250906 0.562266 0.239500 0.552000 0.224688 0.545172 0.213281 0.540609 0.200734 0.545172 0.200734 0.530344 0.193891 0.522359 0.172219 0.514375 0.150547 0.504109 0.136859 0.496125 0.117469 0.491563 0.116328 0.466469 0.125453 0.451641
0 0.106062 0.518938 0.090094 0.528062 0.082109 0.548578 0.075281 0.574812 0.074141 0.609031 0.067297 0.634125 0.063875 0.662641 0.066156 0.693438 0.077563 0.719656 0.084391 0.736766 0.101500 0.745891 0.123172 0.751594 0.136859 0.753875 0.147125 0.737906 0.148266 0.724219 0.132297 0.702562 0.120891 0.687734 0.112906 0.672906 0.114047 0.650094 0.114047 0.635266 0.136859 0.639828 0.140281 0.626141 0.120891 0.621578 0.114047 0.607891 0.131156 0.599906 0.133438 0.586219 0.117469 0.587359 0.131156 0.567969 0.122031 0.559984 0.128875 0.538328
0 0.268016 0.567969 0.260031 0.591922 0.268016 0.606750 0.295391 0.620437 0.318203 0.628422 0.350141 0.630703 0.374094 0.632984 0.390062 0.645531 0.400312 0.651234 0.401453 0.643250 0.415141 0.656937 0.415141 0.642109 0.426547 0.658078 0.433391 0.639828 0.448219 0.658078 0.452781 0.638687 0.484719 0.642109 0.507531 0.652375 0.533766 0.650094 0.525781 0.625000 0.506391 0.602187 0.496125 0.590781 0.485859 0.601047 0.469891 0.598766 0.443656 0.595344 0.429969 0.589641 0.409438 0.585078 0.388922 0.588500 0.376375 0.588500 0.361547 0.585078 0.345578 0.579375 0.330750 0.572531 0.310219 0.569109 0.288547 0.563406
0 0.437953 0.485859 0.423125 0.473313 0.409438 0.465328 0.378656 0.466469 0.367250 0.477875 0.388922 0.509813 0.424266 0.532625 0.472172 0.540609 0.506391 0.528062 0.538328 0.509813 0.558844 0.499547 0.588500 0.477875 0.607891 0.448219 0.626141 0.414000 0.621578 0.392328 0.626141 0.367250 0.607891 0.353563 0.587359 0.362687 0.578234 0.390062 0.575953 0.408297 0.573672 0.432250 0.565688 0.445937 0.544031 0.455063 0.526922 0.466469 0.512094 0.471031 0.499547 0.475594 0.491563 0.485859 0.472172 0.491563 0.459625 0.491563
0 0.699141 0.199594 0.683172 0.188188 0.683172 0.169938 0.666063 0.169938 0.642109 0.179062 0.646672 0.203016 0.675188 0.224688 0.690016 0.255469 0.698000 0.280562 0.705969 0.302234 0.705969 0.331891 0.704828 0.354703 0.701422 0.378656 0.716234 0.393469 0.744750 0.388922 0.750453 0.376375 0.756156 0.368391 0.748172 0.361547 0.758437 0.358125 0.751594 0.344438 0.752734 0.331891 0.760719 0.320484 0.752734 0.313641 0.748172 0.283984 0.744750 0.265734 0.748172 0.257750 0.736766 0.241781 0.731062 0.230391 0.729922 0.215563 0.721938 0.214422
0 0.759578 0.325047 0.755016 0.342156 0.760719 0.360406 0.753875 0.376375 0.743609 0.392328 0.724219 0.407156 0.717375 0.421984 0.717375 0.441375 0.731062 0.456203 0.739047 0.471031 0.757297 0.471031 0.767563 0.459625 0.775547 0.440234 0.785813 0.411719 0.801781 0.391188 0.808625 0.362687 0.808625 0.336453 0.792656 0.307938 0.778969 0.289687 0.763000 0.272578 0.750453 0.262313 0.748172 0.283984 0.750453 0.313641
0 0.769844 0.269156 0.804063 0.280562 0.825734 0.283984 0.838281 0.282844 0.862219 0.263453 0.885031 0.252047 0.904422 0.234938 0.942062 0.220125 0.964875 0.223547 0.977422 0.225828 0.979703 0.242922 0.978563 0.255469 0.961453 0.266875 0.943203 0.274859 0.927234 0.281703 0.910125 0.291969 0.897578 0.302234 0.887312 0.314781 0.878187 0.320484 0.859938 0.320484 0.837141 0.325047 0.822313 0.331891 0.809766 0.327328 0.796078 0.312500 0.786953 0.296531
0 0.858812 0.195031 0.896437 0.190469 0.921531 0.187047 0.926094 0.207578 0.926094 0.226969 0.911266 0.233812 0.893016 0.231531 0.874766 0.234938 0.857672 0.239500 0.858812 0.254328 0.837141 0.234938 0.826875 0.222406 0.810906 0.204156 0.798359 0.189328 0.786953 0.175641 0.775547 0.159672 0.785813 0.139141 0.797219 0.143703 0.822313 0.158531 0.839422 0.181344
0 0.864500 0.099219 0.842844 0.090094 0.818891 0.085531 0.793797 0.093516 0.788094 0.110625 0.793797 0.130016 0.809766 0.125453 0.837141 0.139141 0.869063 0.152828 0.895297 0.167656 0.921531 0.174500 0.946625 0.183625 0.962594 0.183625 0.992250 0.179062 0.998437 0.173426 0.998437 0.137112 0.983125 0.131156 0.963734 0.131156 0.951187 0.135719 0.937500 0.127734 0.920391 0.120891 0.898719 0.114047 0.874766 0.106062
0 0.972859 0.386641 0.969438 0.374094 0.955750 0.361547 0.940922 0.369531 0.926094 0.391188 0.926094 0.410578 0.924953 0.433391 0.923813 0.459625 0.924953 0.488141 0.931797 0.524641 0.951187 0.540609 0.988828 0.545172 0.998437 0.540618 0.998437 0.508437 0.995672 0.504109 0.998437 0.500142 0.998437 0.472909 0.996813 0.476734 0.987688 0.492703 0.981984 0.497266 0.968297 0.483578 0.968297 0.459625 0.972859 0.431109 0.978563 0.404875
0 0.923813 0.393469 0.913547 0.399172 0.895297 0.402594 0.879328 0.403734 0.875906 0.377516 0.885031 0.363828 0.913547 0.363828 0.938641 0.361547 0.953469 0.358125 0.945484 0.371812
0 0.846266 0.335313 0.836000 0.351281 0.823453 0.362687 0.816609 0.379797 0.806344 0.393469 0.798359 0.403734 0.786953 0.414000 0.778969 0.434531 0.773266 0.449359 0.763000 0.467609 0.752734 0.474453 0.740187 0.471031 0.721938 0.448219 0.710531 0.457344 0.698000 0.465328 0.692297 0.481297 0.700281 0.498406 0.719656 0.499547 0.765281 0.488141 0.785813 0.473313 0.812047 0.459625 0.828016 0.451641 0.843984 0.435672 0.858812 0.416281 0.867922 0.396891 0.874766 0.379797 0.882750 0.367250 0.889594 0.351281 0.895297 0.333031 0.894156 0.319344 0.887312 0.319344 0.858812 0.320484
0 0.704828 0.504109 0.716234 0.520078 0.732203 0.529203 0.750453 0.532625 0.778969 0.525781 0.810906 0.522359 0.838281 0.525781 0.862219 0.542891 0.880469 0.566828 0.891875 0.586219 0.890734 0.601047 0.895297 0.622719 0.887312 0.632984 0.870203 0.635266 0.858812 0.627281 0.845125 0.619297 0.833719 0.606750 0.829156 0.585078 0.823453 0.573672 0.805203 0.569109 0.783531 0.578234 0.759578 0.580516 0.734484 0.577094 0.713953 0.566828 0.692297 0.553141 0.679750 0.538328 0.683172 0.521219 0.685453 0.498406 0.696859 0.483578
0 0.161953 0.694578 0.188188 0.694578 0.213281 0.704828 0.229250 0.710531 0.252047 0.709391 0.278281 0.705969 0.306797 0.715094 0.328469 0.728781 0.352422 0.750453 0.366109 0.774406 0.366109 0.792656 0.356984 0.800641 0.345578 0.797219 0.321625 0.784672 0.307938 0.770984 0.298813 0.759578 0.277141 0.753875 0.255469 0.753875 0.225828 0.760719 0.205297 0.760719 0.183625 0.752734 0.166516 0.748172 0.159672 0.734484 0.158531 0.724219 0.150547 0.710531
0 0.168797 0.765281 0.144844 0.777828 0.120891 0.815469 0.103781 0.836000 0.086672 0.846266 0.069578 0.862219 0.050187 0.879328 0.033078 0.895297 0.015969 0.916969 0.028516 0.938641 0.047906 0.945484 0.073000 0.931797 0.095797 0.912406 0.116328 0.897578 0.133438 0.881609 0.165375 0.840563 0.177922 0.817750 0.189328 0.799500 0.199594 0.778969 0.191609 0.761859
0 0.390062 0.685453 0.367250 0.688875 0.355844 0.707109 0.363828 0.732203 0.416281 0.759578 0.437953 0.769844 0.480156 0.789234 0.509813 0.793797 0.536047 0.798359 0.565688 0.801781 0.588500 0.792656 0.605609 0.772125 0.598766 0.747031 0.582797 0.743609 0.552000 0.755016 0.532625 0.756156 0.509813 0.745891 0.484719 0.734484 0.456203 0.724219 0.443656 0.716234 0.426547 0.707109 0.412859 0.699141
0 0.998437 0.739779 0.994531 0.743609 0.981984 0.752734 0.963734 0.770984 0.931797 0.780109 0.898719 0.804063 0.878187 0.813188 0.863359 0.838281 0.878187 0.855391 0.886172 0.863359 0.910125 0.866781 0.924953 0.862219 0.937500 0.848547 0.952328 0.839422 0.974000 0.831438 0.988828 0.825734 0.998437 0.817754
0 0.859938 0.790375 0.847406 0.776687 0.823453 0.759578 0.807484 0.742469 0.789234 0.729922 0.760719 0.720797 0.723078 0.717375 0.691156 0.721938 0.658078 0.723078 0.647813 0.739047 0.640969 0.745891 0.637547 0.757297 0.656937 0.775547 0.684312 0.777828 0.704828 0.773266 0.727641 0.764141 0.755016 0.772125 0.783531 0.784672 0.806344 0.804063 0.828016 0.821172 0.845125 0.836000 0.861078 0.849687 0.869063 0.854250 0.865641 0.837141 0.872484 0.817750 0.879328 0.812047
0 0.460766 0.796078 0.451641 0.790375 0.435672 0.786953 0.401453 0.800641 0.385500 0.809766 0.363828 0.813188 0.341016 0.821172 0.322766 0.825734 0.310219 0.826875 0.299953 0.820031 0.310219 0.802922 0.320484 0.790375 0.313641 0.776687 0.305656 0.770984 0.285125 0.761859 0.273719 0.776687 0.258891 0.793797 0.250906 0.818891 0.258891 0.842844 0.273719 0.866781 0.299953 0.880469 0.333031 0.880469 0.370672 0.872484 0.394609 0.861078 0.455063 0.837141 0.467609 0.823453 0.475594 0.817750 0.473313 0.801781
0 0.705969 0.826875 0.690016 0.831438 0.680891 0.848547 0.675188 0.862219 0.690016 0.883891 0.716234 0.885031 0.739047 0.886172 0.757297 0.890734 0.765281 0.904422 0.756156 0.914687 0.775547 0.916969 0.778969 0.934078 0.797219 0.935219 0.802922 0.947766 0.810906 0.954609 0.820031 0.960313 0.840563 0.979703 0.854250 0.997953 0.861204 0.998437 0.879719 0.998437 0.890734 0.993391 0.894156 0.974000 0.886172 0.950047 0.867922 0.924953 0.850828 0.907844 0.837141 0.896437 0.820031 0.881609 0.805203 0.865641 0.776687 0.848547 0.764141 0.841703 0.742469 0.828016 0.725359 0.825734
0 0.998437 0.903137 0.985406 0.894156 0.964875 0.885031 0.942062 0.878187 0.930656 0.874766 0.888453 0.877047 0.880469 0.887312 0.872484 0.904422 0.872484 0.923813 0.889594 0.919250 0.906703 0.918109 0.935219 0.922672 0.956891 0.936359 0.996813 0.968297 0.998437 0.970647
0 0.765281 0.923813 0.757297 0.929516 0.744750 0.934078 0.727641 0.946625 0.707109 0.950047 0.684312 0.964875 0.668344 0.968297 0.654656 0.978563 0.667067 0.998437 0.722832 0.998437 0.731062 0.996813 0.758437 0.979703 0.776687 0.978563 0.805203 0.984266 0.831438 0.995672 0.844422 0.998437 0.855934 0.998437 0.848547 0.987688 0.832578 0.970578 0.815469 0.956891 0.801781 0.945484 0.789234 0.938641 0.781250 0.936359
0 0.571391 0.840563 0.567969 0.824594 0.546312 0.815469 0.528062 0.808625 0.520078 0.820031 0.520078 0.848547 0.536047 0.875906 0.555422 0.898719 0.578234 0.911266 0.603328 0.918109 0.621578 0.919250 0.654656 0.922672 0.670625 0.924953 0.709391 0.924953 0.724219 0.932938 0.741328 0.927234 0.742469 0.908984 0.724219 0.896437 0.707109 0.888453 0.691156 0.886172 0.669484 0.881609 0.650094 0.873625 0.630703 0.871344 0.614734 0.867922 0.599906 0.861078 0.582797 0.848547
0 0.476734 0.879328 0.451641 0.870203 0.425406 0.870203 0.408297 0.867922 0.386641 0.869063 0.355844 0.878187 0.321625 0.886172 0.299953 0.895297 0.280562 0.904422 0.272578 0.915828 0.257750 0.934078 0.256609 0.959172 0.261172 0.975141 0.272578 0.991109 0.290359 0.998437 0.294026 0.998437 0.304516 0.984266 0.310219 0.967156 0.319344 0.947766 0.331891 0.936359 0.358125 0.928375 0.370672 0.927234 0.398031 0.922672 0.418563 0.911266 0.458484 0.912406 0.484719 0.916969 0.506391 0.914687 0.502969 0.893016
0 0.458484 0.919250 0.434531 0.911266 0.415141 0.912406 0.408297 0.921531 0.411719 0.939781 0.427688 0.951187 0.460766 0.969438 0.489281 0.969438 0.529203 0.971719 0.549719 0.975141 0.581656 0.974000 0.603328 0.967156 0.631844 0.970578 0.648953 0.977422 0.670625 0.964875 0.684312 0.955750 0.674047 0.943203 0.659219 0.928375 0.644391 0.931797 0.626141 0.929516 0.617016 0.929516 0.599906 0.921531 0.585078 0.921531 0.573672 0.915828 0.558844 0.923813 0.548578 0.919250 0.538328 0.923813 0.528062 0.916969 0.520078 0.910125 0.509813 0.920391 0.489281 0.924953 0.477875 0.920391
0 0.188188 0.814328 0.169938 0.828016 0.164234 0.862219 0.158531 0.889594 0.155109 0.921531 0.151688 0.951187 0.147125 0.971719 0.142562 0.997953 0.141977 0.998437 0.186659 0.998437 0.185906 0.977422 0.198453 0.946625 0.212141 0.908984 0.221266 0.881609 0.230391 0.846266 0.238359 0.824594 0.233812 0.810906 0.217844 0.793797 0.199594 0.792656
1 0.614516 0.458266 0.629969 0.456047 0.653703 0.440047 0.673031 0.441141 0.695125 0.445563 0.714438 0.447766 0.716656 0.434516 0.719969 0.426234 0.727141 0.401938 0.711688 0.396969 0.703953 0.385375 0.694562 0.375437 0.676906 0.383719 0.666969 0.388687 0.654266 0.389797 0.639359 0.391453 0.646531 0.396422 0.647641 0.408563 0.640453 0.419609 0.628859 0.432312 0.619484 0.437828 0.615609 0.444453 0.610094 0.450531
1 0.472609 0.400281 0.467094 0.412437 0.472062 0.419609 0.487516 0.422922 0.494141 0.417953 0.512922 0.410219 0.526172 0.410781 0.537219 0.406359 0.543281 0.405250 0.568125 0.406906 0.563719 0.401391 0.552672 0.399187 0.532250 0.400844 0.523969 0.396422 0.519000 0.390344 0.504078 0.395875 0.497453 0.401938 0.483656 0.398078
1 0.871797 0.392000 0.866828 0.406906 0.859656 0.415750 0.875656 0.424578 0.879531 0.429547 0.874563 0.438938 0.864625 0.446109 0.862406 0.455500 0.886156 0.453844 0.894438 0.440047 0.901062 0.433422 0.914859 0.430109 0.925906 0.417953 0.928109 0.409125 0.901609 0.415188 0.905484 0.405250 0.896641 0.402500 0.879531 0.402500
0 0.478859 0.275516 0.521500 0.331266 0.565781 0.396859 0.606781 0.426375 0.637937 0.432937 0.646125 0.401781 0.595297 0.357500 0.557578 0.285344 0.491984 0.237797 0.470656 0.241063
0 0.651047 0.450984 0.647766 0.495266 0.628094 0.547734 0.616609 0.585453 0.614969 0.629734 0.651047 0.633016 0.670734 0.569063 0.687125 0.495266 0.678937 0.437859