0 0.142281 0.000000 0.159062 0.042297 0.166547 0.103109 0.168406 0.121813 0.201156 0.096562 0.224547 0.091875 0.222672 0.035734 0.222672 0.007672 0.194609 0.023578 0.160000 0.000188 0.159977 0.000000
0 0.294719 0.135859 0.234844 0.145203 0.192734 0.175156 0.143156 0.264969 0.101047 0.313625 0.058937 0.344500 0.030875 0.344500 0.007484 0.318297 0.026203 0.293031 0.058937 0.252812 0.088891 0.224734 0.110406 0.185437 0.145016 0.133984 0.201156 0.098422 0.250750 0.089078 0.297531 0.079719 0.316250 0.098422 0.316250 0.128375 0.300344 0.145203
0 0.709779 0.000000 0.723266 0.032109 0.737313 0.085812 0.722047 0.119391 0.683594 0.107172 0.677484 0.069344 0.647442 0.000000
0 0.563547 0.780203 0.547922 0.831250 0.532297 0.912500 0.525000 0.980203 0.524114 0.998437 0.453390 0.998437 0.454172 0.993750 0.464578 0.928125 0.475000 0.881250 0.490625 0.823953 0.497922 0.780203 0.518750 0.756250 0.537500 0.730203 0.553125 0.730203 0.558328 0.756250
0 0.376047 0.732297 0.368750 0.803125 0.372922 0.907297 0.383328 0.987500 0.380631 0.998437 0.308611 0.998437 0.318750 0.962500 0.305203 0.881250 0.303125 0.806250 0.308328 0.754172 0.297922 0.704172 0.313547 0.693750 0.360422 0.688547 0.370828 0.711453
0 0.422922 0.672922 0.448953 0.605203 0.456250 0.568750 0.443750 0.509375 0.436453 0.485422 0.407297 0.433328 0.368750 0.396875 0.355203 0.370828 0.355203 0.327078 0.360422 0.259375 0.347922 0.245828 0.301047 0.263547 0.305203 0.282297 0.301047 0.323953 0.297922 0.355203 0.300000 0.386453 0.303125 0.417703 0.310422 0.433328 0.318750 0.456250 0.350000 0.497922 0.378125 0.501047 0.388547 0.513547 0.388547 0.550000 0.391672 0.581250 0.386453 0.600000 0.376047 0.628125 0.376047 0.636453 0.373953 0.680203 0.402078 0.683328
0 0.280203 0.261453 0.230203 0.326047 0.188547 0.383328 0.157297 0.422922 0.144797 0.466672 0.152078 0.480203 0.162500 0.521875 0.167703 0.573953 0.152078 0.584375 0.126047 0.589578 0.105203 0.577078 0.094797 0.532297 0.087500 0.480203 0.094797 0.422922 0.115625 0.376047 0.141672 0.329172 0.180203 0.290625 0.221875 0.248953 0.266672 0.214578 0.295828 0.219797 0.295828 0.242703
0 0.016672 0.443750 0.047922 0.497922 0.063547 0.573953 0.084375 0.636453 0.087500 0.732297 0.115625 0.815625 0.131250 0.852078 0.126047 0.873953 0.113547 0.917703 0.097922 0.917703 0.079172 0.884375 0.063547 0.816672 0.042703 0.735422 0.032297 0.688547 0.001047 0.678125 0.001047 0.441672
0 0.030203 0.690625 0.053125 0.756250 0.068750 0.829172 0.081250 0.881250 0.084375 0.928125 0.096875 0.951047 0.124476 0.998437 0.054259 0.998437 0.053125 0.997922 0.035422 0.941672 0.019797 0.879172 0.001047 0.797922 0.004172 0.690625
0 0.882566 0.000000 0.883062 0.007062 0.883062 0.051406 0.896172 0.107859 0.916328 0.163312 0.964719 0.266125 0.998437 0.281508 0.998437 0.182113 0.979844 0.135078 0.961688 0.097781 0.944562 0.029234 0.945322 0.000000
0 0.790328 0.163312 0.835688 0.235891 0.865922 0.293344 0.883062 0.353828 0.901203 0.402219 0.903219 0.467734 0.901203 0.533266 0.899188 0.568547 0.881047 0.575609 0.848797 0.568547 0.825609 0.553422 0.840719 0.482859 0.835688 0.420359 0.825609 0.356859 0.805438 0.311484 0.778219 0.240922 0.768141 0.203625 0.763109 0.178422 0.767141 0.163312 0.777219 0.158266
0 0.815531 0.538312 0.860891 0.588703 0.918344 0.664313 0.963703 0.726813 0.996969 0.757062 0.998437 0.759384 0.998437 0.833307 0.981859 0.823594 0.946578 0.798391 0.914312 0.768141 0.879031 0.734875 0.838703 0.699594 0.803422 0.654234 0.765125 0.608875 0.744953 0.561484 0.732859 0.536297 0.744953 0.506047 0.757062 0.503031 0.780234 0.520156 0.803422 0.530234
0 0.998437 0.847031 0.993953 0.835687 0.956656 0.855844 0.926406 0.881047 0.911297 0.911297 0.881047 0.946578 0.858875 0.971781 0.835589 0.998437 0.907464 0.998437 0.924391 0.971781 0.951609 0.941531 0.991938 0.919359 0.998437 0.913715
1 0.593500 0.034531 0.574594 0.093750 0.575859 0.123984 0.569562 0.176922 0.583422 0.189516 0.609875 0.200859 0.617438 0.251266 0.619953 0.292844 0.599797 0.315531 0.603578 0.330641 0.632562 0.358359 0.623734 0.399953 0.582156 0.430188 0.614922 0.442797 0.638859 0.469250 0.677922 0.498234 0.680438 0.525953 0.664062 0.559984 0.669109 0.588969 0.646422 0.615422 0.609875 0.631797 0.611141 0.651969 0.652719 0.702375 0.660281 0.712453 0.670359 0.737656 0.659016 0.770406 0.637594 0.801922 0.646422 0.827109 0.699344 0.805703 0.732109 0.780500 0.776203 0.698594 0.771172 0.631797 0.745969 0.615422 0.753531 0.604078 0.743453 0.580141 0.732109 0.553672 0.730844 0.537297 0.757313 0.498234 0.753531 0.464219 0.788812 0.415078 0.822828 0.426406 0.820312 0.370969 0.766125 0.350812 0.754781 0.318047 0.768656 0.260078 0.700609 0.181953 0.700609 0.120219 0.677922 0.105094 0.674141 0.087453 0.659016 0.034531 0.647687 0.037047 0.636344 0.023188 0.637555 0.000000 0.622225 0.000000 0.611141 0.013109
1 0.181422 0.404156 0.191906 0.423031 0.207641 0.447141 0.224406 0.475469 0.234906 0.481750 0.253781 0.498531 0.257969 0.526844 0.269500 0.542578 0.293625 0.549922 0.304109 0.536281 0.320891 0.527891 0.345016 0.527891 0.352344 0.506922 0.345016 0.493281 0.348156 0.472312 0.335578 0.475469 0.319844 0.464969 0.325078 0.444000 0.315641 0.433516 0.298875 0.427219 0.290484 0.418828 0.298875 0.402063 0.279984 0.362203 0.278938 0.341234 0.294672 0.343328 0.300969 0.342281 0.308312 0.312922 0.304109 0.291953 0.300969 0.274125 0.293625 0.251047 0.283141 0.281453 0.264266 0.294047 0.238047 0.328656 0.227562 0.342281 0.216031 0.363250 0.201344 0.371641
1 0.248531 0.988250 0.253103 0.998437 0.312297 0.998437 0.312500 0.999797 0.321937 0.981969 0.317750 0.962031 0.307250 0.946313 0.312500 0.929531 0.302016 0.908563 0.310406 0.890734 0.308312 0.870812 0.299922 0.862422 0.309359 0.845641 0.304109 0.825719 0.293625 0.828859 0.282094 0.840391 0.274750 0.854031 0.276844 0.870812 0.268453 0.889688 0.267406 0.911703 0.263219 0.938969 0.252719 0.960984
1 0.203437 0.181844 0.211828 0.255250 0.241188 0.232172 0.262172 0.218547 0.288375 0.221687 0.294672 0.231125 0.302016 0.245813 0.302016 0.259437 0.324031 0.248953 0.371219 0.237422 0.358641 0.230078 0.348156 0.194422 0.328234 0.174500 0.281047 0.194422 0.253781 0.192328 0.250625 0.165062 0.219172 0.170297
0 0.094937 0.662469 0.259500 0.586516 0.331219 0.535875 0.400844 0.489469 0.472578 0.502125 0.478906 0.529547 0.386078 0.565422 0.335453 0.624484 0.221516 0.662469 0.141344 0.700437 0.092828 0.708875
0 0.223625 0.508453 0.147687 0.582297 0.147687 0.673016 0.164563 0.759516 0.145578 0.850234 0.116031 0.909297 0.107594 0.972594 0.143469 0.974703 0.198313 0.928281 0.206750 0.843891 0.210969 0.702547 0.221516 0.578078 0.259500 0.531656
0 0.251063 0.546422 0.208859 0.586516 0.210969 0.692000 0.206750 0.839672 0.200422 0.907187 0.158234 0.989469 0.164252 0.998437 0.236285 0.998437 0.282703 0.822797 0.282703 0.668797 0.282703 0.550641