0 0.294078 0.118594 0.270828 0.156250 0.261219 0.181891 0.216344 0.201125 0.176281 0.218750 0.080125 0.228359 0.060891 0.227562 0.000000 0.195312 0.000000 0.103125 0.058500 0.146641 0.079328 0.156250 0.114578 0.157047 0.146641 0.158656 0.183500 0.142625 0.246000 0.104172 0.294078 0.096953
0 0.308500 0.160250 0.280453 0.186703 0.264422 0.204328 0.232375 0.236375 0.203531 0.260422 0.163469 0.268422 0.115391 0.278047 0.065703 0.265219 0.031250 0.243063 0.003469 0.256937 0.000000 0.312500 0.068109 0.327719 0.093750 0.335734 0.137016 0.331734 0.197922 0.326922 0.270031 0.282047 0.311703 0.219547 0.345359 0.201922 0.361375 0.185891 0.358969 0.167469 0.342953 0.150641 0.328531 0.161062
0 0.301281 0.019234 0.319719 0.031250 0.361375 0.044078 0.377406 0.069719 0.411062 0.095359 0.435094 0.127406 0.457531 0.140219 0.471953 0.151438 0.475969 0.175484 0.456734 0.199516 0.442312 0.197109 0.419875 0.176281 0.403844 0.174672 0.387828 0.160250 0.368594 0.150641 0.349359 0.134609 0.331734 0.118594 0.317312 0.110578 0.296469 0.104172 0.278844 0.092953 0.258016 0.080125 0.245187 0.068109 0.225969 0.043266 0.227562 0.004812 0.304484 0.001609
0 0.333328 0.257219 0.388625 0.262016 0.423875 0.245187 0.447922 0.227562 0.501609 0.190703 0.528047 0.158656 0.560094 0.142625 0.584141 0.091344 0.595359 0.067312 0.634609 0.087344 0.633813 0.130609 0.626609 0.156250 0.610578 0.183500 0.591344 0.212344 0.549672 0.234781 0.532047 0.250797 0.511219 0.266828 0.491984 0.269234 0.475969 0.264422 0.461531 0.268422 0.429484 0.276438 0.403844 0.289266 0.394234 0.298875 0.357375 0.308500 0.326922 0.306094 0.323719 0.293266 0.322922 0.269234 0.342141 0.254812
0 0.385422 0.374203 0.433500 0.344547 0.465547 0.326922 0.502406 0.342141 0.529641 0.374203 0.556891 0.388625 0.590547 0.387828 0.589750 0.362172 0.572109 0.326922 0.548078 0.301281 0.504812 0.270828 0.467953 0.273234 0.434297 0.274844 0.370188 0.306094 0.339750 0.310094 0.314109 0.332531 0.261219 0.328531 0.217953 0.342141 0.184297 0.369391 0.168266 0.390219 0.186703 0.412656 0.207531 0.415859 0.226766 0.399031 0.266828 0.386219 0.294078 0.379000 0.338938 0.384609 0.375797 0.373391
0 0.450328 0.385422 0.494391 0.384609 0.531250 0.379812 0.559297 0.391031 0.600156 0.387016 0.609781 0.366984 0.622594 0.355766 0.651438 0.341344 0.678687 0.358172 0.688297 0.383813 0.671469 0.406250 0.655453 0.423875 0.618594 0.443109 0.591344 0.444719 0.540063 0.457531 0.501609 0.457531 0.464750 0.462344 0.411859 0.463141 0.375000 0.470359 0.347750 0.471156 0.296469 0.473562 0.246000 0.466344 0.220359 0.466344 0.209938 0.442312 0.221953 0.419875 0.231578 0.408656 0.273234 0.407859 0.334141 0.400641
0 0.537656 0.479172 0.517625 0.500797 0.421469 0.528047 0.380547 0.552562 0.376281 0.586641 0.431891 0.602563 0.492781 0.592953 0.524844 0.565703 0.598562 0.538469 0.664266 0.503203 0.723797 0.459672 0.752016 0.442547 0.756406 0.419875 0.756406 0.402250 0.735578 0.383016 0.716344 0.385422 0.700328 0.403047 0.668266 0.420672 0.628203 0.439906 0.580125 0.467141 0.565703 0.476766 0.538469 0.494391
0 0.763625 0.461531 0.803687 0.442312 0.840547 0.421469 0.879000 0.386219 0.891828 0.349359 0.933500 0.333328 0.946313 0.356578 0.939109 0.387016 0.926281 0.427078 0.911859 0.452719 0.891031 0.478359 0.863781 0.497594 0.811484 0.529234 0.754812 0.550484 0.689516 0.552422 0.628203 0.556094 0.608969 0.548078 0.630609 0.511219 0.667469 0.503203 0.685094 0.488781 0.741187 0.475969 0.771641 0.459937
0 0.201922 0.743594 0.246000 0.730766 0.289266 0.692312 0.334141 0.655453 0.379000 0.646641 0.440703 0.646641 0.468750 0.673875 0.509609 0.731578 0.514422 0.762016 0.479172 0.766031 0.469547 0.750000 0.442312 0.730766 0.408656 0.721156 0.381406 0.712344 0.357375 0.734781 0.288469 0.778047 0.241984 0.798875 0.174672 0.818906 0.112172 0.810891 0.073719 0.804484 0.090547 0.762828 0.101766 0.748391 0.137016 0.755609
0 0.936703 0.473562 0.932687 0.513625 0.921469 0.540859 0.895828 0.569719 0.878203 0.592141 0.865391 0.621000 0.863781 0.657859 0.869391 0.720359 0.899844 0.750797 0.915859 0.770031 0.927078 0.781250 0.908656 0.816500 0.894234 0.827719 0.865391 0.817313 0.826609 0.766125 0.799391 0.724797 0.788469 0.690703 0.783656 0.637828 0.802078 0.570516 0.827625 0.539313 0.861891 0.502016 0.882062 0.487906 0.912656 0.459937
0 0.679641 0.905906 0.659156 0.887125 0.638656 0.887125 0.618172 0.880297 0.599391 0.898219 0.597672 0.927250 0.608781 0.921281 0.629266 0.939203 0.656594 0.965672 0.683906 0.987016 0.716359 0.999828 0.717128 0.998437 0.951489 0.998437 0.917016 0.982750 0.881141 0.967391 0.840156 0.963969 0.807719 0.952875 0.785516 0.945187 0.741125 0.938359 0.706969 0.922984 0.689891 0.912734
0 0.508031 0.047813 0.593406 0.037562 0.685625 0.030734 0.765875 0.039281 0.805156 0.044406 0.824797 0.003422 0.419234 0.000000 0.403000 0.016219 0.405562 0.033297 0.427766 0.045250 0.460219 0.052078
0 0.914453 0.093922 0.974219 0.059766 0.996406 0.022203 0.998437 0.015016 0.998437 0.001588 0.908469 0.000000 0.894812 0.019641 0.887984 0.043547 0.877734 0.067453 0.880297 0.093063 0.893953 0.110141
0 0.633531 0.080266 0.675375 0.070016 0.723187 0.063187 0.760766 0.056359 0.805156 0.062328 0.861516 0.079406 0.878594 0.087938 0.899078 0.110141 0.911031 0.105875 0.956281 0.100750 0.987875 0.106734 0.998437 0.112788 0.998437 0.168325 0.964828 0.169063 0.928969 0.170766 0.889687 0.162234 0.877734 0.157109 0.836750 0.150266 0.799188 0.141734 0.747953 0.133203 0.713797 0.144297 0.674516 0.140031 0.636953 0.136609 0.635250 0.129781 0.632688 0.104172
0 0.998437 0.926000 0.987016 0.921281 0.968234 0.912734 0.952875 0.893953 0.947750 0.876875 0.955438 0.842719 0.969094 0.815406 0.984453 0.784672 0.996406 0.759047 0.998437 0.737495 0.998437 0.726898 0.990437 0.718063 0.976781 0.717219 0.966531 0.725750 0.956281 0.737703 0.944328 0.751359 0.932375 0.766734 0.930672 0.780391 0.923844 0.799188 0.901641 0.836750 0.894812 0.847000 0.884563 0.865781 0.877734 0.886266 0.881141 0.913594 0.888828 0.932375 0.900781 0.947750 0.927250 0.965672 0.958844 0.976781 0.977625 0.983609 0.998437 0.991059
0 0.003469 0.041672 0.034719 0.030094 0.074078 0.021984 0.092594 0.009266 0.104172 0.000000 0.003469 0.000000
0 0.211813 0.002312 0.194437 0.025469 0.188656 0.056719 0.195609 0.074078 0.209484 0.084484 0.225687 0.085641 0.231484 0.064812 0.223375 0.054391 0.221062 0.032406 0.224531 0.001156
0 0.003469 0.630781 0.019672 0.657406 0.043984 0.685187 0.060188 0.700234 0.057875 0.721063 0.042828 0.734953 0.027781 0.739578 0.015047 0.724531 0.000000 0.704859
1 0.216734 0.496969 0.239922 0.503031 0.277219 0.498984 0.336687 0.512094 0.365922 0.521172 0.382063 0.515125 0.417344 0.517141 0.447578 0.510078 0.464719 0.512094 0.492938 0.504031 0.516125 0.496969 0.531250 0.480844 0.540328 0.471781 0.557453 0.467734 0.566531 0.453625 0.559469 0.449594 0.528219 0.456656 0.517141 0.453625 0.496969 0.461688 0.489922 0.467734 0.479844 0.462703 0.463703 0.460687 0.448594 0.461688 0.439516 0.470766 0.428422 0.467734 0.416328 0.459672 0.394156 0.471781 0.375000 0.478828 0.360891 0.469766 0.324594 0.479844 0.303422 0.483875 0.294359 0.476813 0.261094 0.469766 0.233875 0.474797 0.214719 0.463703 0.208672 0.426406 0.235891 0.403219 0.256047 0.397172 0.278219 0.404234 0.298391 0.401203 0.368953 0.396172 0.402219 0.387094 0.425406 0.387094 0.457656 0.388109 0.477828 0.385078 0.461688 0.373984 0.453625 0.361891 0.432453 0.350813 0.423391 0.363906 0.420359 0.371969 0.413312 0.379031 0.401203 0.379031 0.394156 0.372984 0.383062 0.381047 0.373984 0.385078 0.356859 0.391125 0.319563 0.394156 0.295359 0.394156 0.287297 0.387094 0.274187 0.392141 0.255047 0.395156 0.236891 0.399187 0.210687 0.417344 0.198594 0.421375 0.184469 0.411297 0.145156 0.434469 0.144156 0.454641 0.166328 0.460687 0.195563 0.466734 0.205641 0.488906
1 0.666281 0.336078 0.658906 0.356719 0.674375 0.364828 0.683219 0.376625 0.681016 0.393578 0.666281 0.414953 0.686172 0.407578 0.702391 0.400203 0.711969 0.387672 0.711969 0.381781 0.695016 0.383250 0.690594 0.369984 0.689125 0.327234
0 0.469609 0.375344 0.521016 0.389047 0.620422 0.341062 0.692406 0.318781 0.762672 0.322203 0.865516 0.346203 0.916922 0.339344 0.911781 0.306781 0.860359 0.263937 0.772953 0.239937 0.637563 0.248516 0.591281 0.294781 0.524453 0.341062 0.464469 0.332500 0.454172 0.353063
0 0.690688 0.354766 0.762672 0.394188 0.802094 0.437031 0.951203 0.533016 0.998437 0.560903 0.998437 0.471651 0.952922 0.447328 0.831234 0.358203 0.736969 0.320500 0.687266 0.320500
0 0.836375 0.805516 0.793531 0.884359 0.762672 0.918641 0.596422 0.958062 0.515875 0.963203 0.481594 0.946063 0.490172 0.922063 0.562156 0.903219 0.682125 0.889500 0.735250 0.850078 0.781531 0.776391 0.819234 0.774672