0 0.038547 0.841313 0.028250 0.890906 0.022641 0.915234 0.016094 0.926453 0.017969 0.941422 0.024516 0.957328 0.017969 0.964828 0.017969 0.979797 0.023236 0.998437 0.091570 0.998437 0.090938 0.979797 0.084391 0.947047 0.084391 0.927391 0.084391 0.916172 0.085328 0.897453 0.088141 0.880609 0.097500 0.864703 0.105906 0.846000 0.107781 0.836641 0.089078 0.820734 0.074109 0.810438 0.056328 0.813250 0.044156 0.825406
0 0.000000 0.487328 0.025344 0.476984 0.058766 0.463781 0.100750 0.451344 0.120953 0.437344 0.155156 0.409359 0.170703 0.390703 0.194031 0.375156 0.208797 0.365047 0.231344 0.358828 0.242219 0.357281 0.253109 0.362719 0.255438 0.374375 0.257000 0.384484 0.248438 0.396141 0.243000 0.409359 0.236000 0.416359 0.229016 0.426469 0.214234 0.441234 0.192469 0.455219 0.184703 0.463781 0.169937 0.478547 0.152828 0.490984 0.130281 0.501094 0.116297 0.504969 0.104641 0.515078 0.089078 0.522859 0.074312 0.526734 0.055656 0.539172 0.029234 0.542281 0.015234 0.546172 0.000000 0.551245
0 0.070422 0.161375 0.094531 0.162156 0.118625 0.154391 0.145828 0.149719 0.166047 0.141953 0.180031 0.138063 0.187813 0.137281 0.204906 0.124844 0.230562 0.114734 0.252328 0.110859 0.270984 0.110078 0.291984 0.119406 0.315297 0.134953 0.341734 0.148938 0.374375 0.169937 0.392250 0.193250 0.410922 0.210359 0.417906 0.227453 0.447453 0.258547 0.462219 0.260891 0.481656 0.258547 0.492531 0.252328 0.495641 0.243000 0.491766 0.229016 0.479328 0.210359 0.467656 0.189359 0.451344 0.167594 0.436562 0.145063 0.428016 0.135734 0.412469 0.126406 0.400812 0.116297 0.384484 0.104641 0.368156 0.094531 0.355719 0.084422 0.340172 0.070422 0.325406 0.062656 0.305969 0.054109 0.279547 0.051000 0.257000 0.044781 0.239109 0.045547 0.228234 0.052547 0.212688 0.057219 0.194031 0.061094 0.178484 0.064984 0.139609 0.085203 0.116297 0.097641 0.096078 0.110078 0.087531 0.120953 0.075875 0.122516 0.069656 0.133391 0.067313 0.145828 0.071984 0.152828
0 0.401636 0.000000 0.460441 0.000000 0.471547 0.002016 0.497984 0.006687 0.520516 0.008234 0.533734 0.008234 0.548381 0.000000 0.771236 0.000000 0.771609 0.006687 0.763844 0.019125 0.760734 0.024563 0.745188 0.037000 0.729641 0.040109 0.714859 0.044000 0.706312 0.047891 0.693875 0.048656 0.682984 0.048656 0.669781 0.047109 0.657344 0.047109 0.647234 0.050219 0.634797 0.048656 0.606031 0.054875 0.574938 0.062656 0.554719 0.067313 0.529844 0.068875 0.503422 0.070422 0.482437 0.070422 0.459891 0.064984 0.424906 0.050219 0.413250 0.041672 0.403141 0.033109 0.396922 0.012125
0 0.152828 0.912313 0.173813 0.900656 0.199469 0.872672 0.236781 0.840016 0.264000 0.814359 0.274875 0.801922 0.289641 0.791047 0.301313 0.783266 0.322297 0.780156 0.343281 0.780156 0.358828 0.780937 0.375156 0.791047 0.384484 0.805813 0.396141 0.820578 0.402359 0.829906 0.410141 0.860234 0.418688 0.868000 0.424125 0.871109 0.411688 0.878891 0.414031 0.887438 0.419469 0.890547 0.411688 0.902203 0.412469 0.913094 0.419469 0.924750 0.419469 0.930969 0.403141 0.934078 0.387594 0.934078 0.376703 0.922422 0.368156 0.908422 0.362719 0.902203 0.354172 0.899094 0.350281 0.878891 0.347172 0.866453 0.343281 0.855562 0.340172 0.843906 0.335516 0.836906 0.331625 0.836125 0.323844 0.840016 0.321516 0.846234 0.310641 0.857125 0.294313 0.869563 0.273328 0.892875 0.254672 0.906094 0.244562 0.916984 0.222016 0.928641 0.200250 0.946516 0.175375 0.964391 0.155156 0.966734 0.132625 0.957406 0.127953 0.942625 0.128734 0.929422 0.138063 0.922422
0 0.466109 0.172266 0.486313 0.168375 0.513531 0.167594 0.530625 0.166828 0.550062 0.171484 0.595922 0.167594 0.628578 0.166828 0.641016 0.166828 0.672109 0.166828 0.696984 0.169937 0.716422 0.179266 0.745188 0.188594 0.768500 0.215797 0.787156 0.236000 0.795703 0.245328 0.808922 0.268656 0.822141 0.277984 0.840797 0.293531 0.849344 0.305969 0.854016 0.312969 0.862562 0.324625 0.867219 0.326953 0.866453 0.346391 0.852453 0.356500 0.842344 0.355719 0.823688 0.347953 0.810484 0.344063 0.797266 0.339391 0.786375 0.331625 0.764609 0.315297 0.754516 0.299750 0.748297 0.284984 0.739734 0.274094 0.718750 0.260891 0.700094 0.249219 0.686875 0.239109 0.676000 0.236781 0.665109 0.239891 0.650344 0.241453 0.648781 0.232125 0.644906 0.226672 0.630906 0.228234 0.628578 0.234453 0.617687 0.239109 0.615359 0.238344 0.613812 0.227453 0.604484 0.223563 0.595922 0.224344 0.580375 0.231344 0.571047 0.238344 0.566391 0.236000 0.565609 0.223563 0.549281 0.224344 0.527516 0.221234 0.511969 0.216578 0.496422 0.211906 0.482437 0.211125 0.469219 0.188594
0 0.335516 0.157500 0.331625 0.191703 0.316859 0.226672 0.312969 0.250000 0.300531 0.282656 0.289641 0.301313 0.278766 0.323078 0.270219 0.334734 0.266328 0.359609 0.259328 0.380594 0.249219 0.403141 0.241453 0.414797 0.225125 0.441234 0.219688 0.456000 0.218906 0.490203 0.222016 0.526734 0.230562 0.556281 0.248438 0.584266 0.264766 0.604484 0.271766 0.612250 0.278766 0.621578 0.288094 0.625469 0.298969 0.626250 0.305969 0.623141 0.315297 0.613812 0.315297 0.601375 0.310641 0.588156 0.300531 0.570281 0.300531 0.550844 0.299750 0.538406 0.287312 0.509641 0.282656 0.476984 0.290422 0.458328 0.311406 0.431125 0.322297 0.403922 0.347172 0.379813 0.358828 0.347172 0.370484 0.317625 0.376703 0.288875 0.376703 0.269438 0.378266 0.254672 0.381375 0.233672 0.382922 0.217344 0.383703 0.204141 0.379813 0.190141 0.368938 0.176156 0.359609 0.162156 0.340953 0.151281
0 0.430344 0.958172 0.431125 0.980719 0.438841 0.998437 0.512233 0.998437 0.508859 0.987719 0.498750 0.963625 0.496422 0.941078 0.493313 0.919312 0.491766 0.898328 0.490984 0.880437 0.487094 0.868781 0.486313 0.859453 0.480875 0.849344 0.465328 0.847016 0.451344 0.846234 0.440453 0.858672 0.433453 0.869563 0.425688 0.882000 0.426469 0.899094 0.424125 0.917750 0.426469 0.936406
0 0.609922 0.576500 0.630906 0.557063 0.659672 0.533734 0.679875 0.521297 0.706312 0.503422 0.721078 0.491766 0.732750 0.488656 0.742078 0.477766 0.752172 0.470000 0.760734 0.465328 0.773172 0.463000 0.784047 0.457563 0.791047 0.442016 0.799594 0.440453 0.806594 0.442781 0.818250 0.442781 0.826031 0.437344 0.835359 0.438125 0.844687 0.445891 0.862562 0.442781 0.876563 0.431906 0.889766 0.436562 0.899875 0.441234 0.910766 0.467656 0.930969 0.466891 0.947297 0.459891 0.955844 0.469219 0.966734 0.495641 0.966734 0.510422 0.948078 0.518188 0.927078 0.515859 0.908422 0.507312 0.885891 0.501094 0.867219 0.492531 0.849344 0.489422 0.837687 0.489422 0.824469 0.492531 0.801922 0.508078 0.788719 0.523625 0.766172 0.546172 0.744406 0.553953 0.729641 0.569500 0.703984 0.576500 0.697766 0.595156 0.672891 0.608359 0.664328 0.623141 0.656563 0.630906 0.646453 0.630906 0.632469 0.632469 0.621578 0.638687 0.608359 0.639453 0.600594 0.635578 0.591266 0.623906 0.590484 0.609922 0.599031 0.591266 0.604484 0.583484
0 0.560937 0.389922 0.568719 0.386031 0.579609 0.387594 0.592047 0.393812 0.605250 0.401578 0.617687 0.405469 0.636344 0.414797 0.651125 0.424906 0.662000 0.425688 0.674438 0.417141 0.682984 0.410141 0.700875 0.399250 0.716422 0.393812 0.728078 0.389922 0.738188 0.386031 0.769281 0.372828 0.782500 0.370484 0.793375 0.369719 0.808922 0.366609 0.819031 0.365047 0.835359 0.365047 0.845453 0.365047 0.857891 0.366609 0.871109 0.368156 0.883547 0.372047 0.901438 0.374375 0.926312 0.391484 0.941859 0.413250 0.950406 0.428016 0.950406 0.437344 0.951187 0.445891 0.938750 0.456781 0.923969 0.459109 0.915422 0.459891 0.906875 0.459109 0.905313 0.445125 0.900656 0.440453 0.889766 0.435797 0.881219 0.431906 0.871891 0.429578 0.858672 0.434234 0.855562 0.440453 0.847797 0.440453 0.836906 0.435797 0.830688 0.432687 0.818250 0.430344 0.812813 0.435797 0.806594 0.435797 0.791828 0.435797 0.780937 0.438906 0.776281 0.447453 0.761500 0.455219 0.741297 0.462219 0.734297 0.475437 0.729641 0.483203 0.722641 0.483203 0.715641 0.476984 0.697766 0.485547 0.682219 0.487875 0.669781 0.494875 0.653453 0.496422 0.629359 0.496422 0.611469 0.493313 0.593594 0.487094 0.574156 0.466891 0.567172 0.452109 0.555500 0.438906 0.551609 0.423359 0.553953 0.408578 0.554719 0.395359
0 0.904547 0.038562 0.935641 0.011344 0.950771 0.000000 0.998437 0.057648 0.990828 0.064984 0.986156 0.074312 0.968281 0.098422 0.957406 0.107750 0.949625 0.115516 0.926312 0.134953 0.917750 0.144281 0.887438 0.176156 0.865672 0.201031 0.854016 0.208797 0.847016 0.218125 0.840016 0.219688 0.814359 0.201797 0.808141 0.183141 0.813594 0.163719 0.826031 0.136500 0.860234 0.100750 0.886656 0.068094 0.897547 0.055656
0 0.644125 0.984609 0.669781 0.997828 0.672131 0.998437 0.934704 0.998437 0.933297 0.999375 0.918531 0.993937 0.899875 0.989266 0.885891 0.986938 0.862562 0.983828 0.847016 0.980719 0.828359 0.974500 0.811250 0.970609 0.786375 0.971391 0.767719 0.975281 0.752953 0.979938 0.737406 0.969844 0.729641 0.956625 0.717187 0.951953 0.706312 0.950406 0.685328 0.948078 0.669000 0.945734 0.655000 0.944187 0.643344 0.948844 0.640234 0.967500 0.641797 0.976063
0 0.309078 0.444344 0.324625 0.453672 0.344063 0.454453 0.363500 0.453672 0.399250 0.445891 0.442016 0.427234 0.459891 0.416359 0.506531 0.409359 0.521297 0.409359 0.533734 0.409359 0.543062 0.402359 0.549281 0.397703 0.554719 0.395359 0.558609 0.389922 0.567937 0.385266 0.577266 0.385266 0.587375 0.387594 0.598266 0.391484 0.616922 0.391484 0.628578 0.389141 0.637125 0.381375 0.662000 0.378266 0.671328 0.384484 0.676766 0.383703 0.676000 0.375156 0.702422 0.363500 0.719531 0.365828 0.736625 0.365828 0.753734 0.363500 0.766953 0.356500 0.770062 0.346391 0.770828 0.335516 0.765391 0.326953 0.755281 0.318406 0.742844 0.316859 0.724969 0.314516 0.711750 0.311406 0.681437 0.312969 0.664328 0.318406 0.633234 0.322297 0.616141 0.323078 0.602141 0.324625 0.579609 0.330063 0.567172 0.332406 0.548500 0.332406 0.535297 0.333172 0.526734 0.333953 0.509641 0.344063 0.493313 0.357281 0.478547 0.366609 0.468437 0.372047 0.445125 0.382922 0.432687 0.395359 0.415578 0.400812 0.403141 0.400812 0.393031 0.395359 0.391484 0.392250 0.386031 0.385266 0.384484 0.379813 0.375938 0.384484 0.370484 0.385266 0.356500 0.386812 0.351062 0.391484 0.339391 0.402359 0.337063 0.408578 0.330063 0.416359 0.322297 0.421797 0.314516 0.429578
0 0.425688 0.733516 0.441234 0.721859 0.445891 0.710969 0.453672 0.702422 0.462219 0.697766 0.473875 0.698531 0.482437 0.702422 0.488656 0.709422 0.490203 0.717187 0.489422 0.728859 0.487094 0.751406 0.482437 0.781719 0.482437 0.820578 0.484766 0.836125 0.487875 0.843125 0.507312 0.872672 0.542281 0.903766 0.564828 0.936406 0.585828 0.959734 0.588156 0.972953 0.594375 0.983047 0.600736 0.998437 0.532473 0.998437 0.526734 0.990828 0.516641 0.980719 0.508078 0.968281 0.503422 0.964391 0.496422 0.941078 0.493313 0.919312 0.492531 0.898328 0.491766 0.879672 0.487094 0.868781 0.486313 0.860234 0.482437 0.848562 0.465328 0.846234 0.449000 0.846234 0.438125 0.858672 0.431125 0.868000 0.421797 0.865672 0.417906 0.854016 0.410141 0.810484 0.410922 0.785609 0.412469 0.764609 0.414797 0.752172 0.421016 0.740516
0 0.377484 0.780937 0.387594 0.747516 0.389922 0.714078 0.391484 0.693094 0.410141 0.673656 0.403922 0.655000 0.416359 0.651891 0.420250 0.641016 0.425688 0.628578 0.433453 0.616922 0.446672 0.604484 0.435016 0.591266 0.453672 0.582719 0.462219 0.576500 0.473875 0.562500 0.489422 0.546953 0.513531 0.529844 0.532953 0.522859 0.542281 0.511969 0.550844 0.503422 0.562500 0.494094 0.583484 0.487875 0.592812 0.487094 0.606812 0.493313 0.616922 0.494875 0.627797 0.500313 0.630125 0.508078 0.630125 0.518188 0.621578 0.534516 0.613031 0.542281 0.594375 0.560172 0.583484 0.569500 0.564063 0.575719 0.553172 0.587375 0.534516 0.598266 0.528297 0.608359 0.509641 0.629359 0.493313 0.655781 0.489422 0.663563 0.486313 0.671328 0.476219 0.687656 0.468437 0.698531 0.462219 0.698531 0.451344 0.700875 0.443562 0.712531 0.439672 0.720313 0.424125 0.734297 0.417141 0.746734 0.414031 0.763844 0.410922 0.773172 0.408578 0.788719 0.408578 0.811250 0.411688 0.823688 0.414797 0.830688 0.414031 0.836906 0.408578 0.839234 0.407031 0.832250 0.403922 0.826031 0.398469 0.818250 0.389141 0.810484 0.378266 0.794156
0 0.000000 0.443771 0.015234 0.446672 0.024563 0.452891 0.033109 0.459891 0.054875 0.465328 0.100750 0.451344 0.121734 0.435016 0.154391 0.407813 0.155156 0.401578 0.141172 0.401578 0.124062 0.402359 0.108516 0.402359 0.096859 0.400812 0.084422 0.396141 0.060328 0.392250 0.046328 0.392250 0.030000 0.391484 0.017563 0.396141 0.005125 0.396922 0.000000 0.395985
0 0.688437 0.943406 0.702422 0.924750 0.735859 0.889766 0.762281 0.856344 0.773172 0.847016 0.784047 0.836125 0.792594 0.822922 0.805031 0.815141 0.818250 0.804266 0.824469 0.790266 0.833797 0.784047 0.847797 0.765391 0.861000 0.752953 0.870328 0.738969 0.883547 0.723422 0.895984 0.714078 0.903766 0.702422 0.915422 0.700094 0.925531 0.702422 0.935641 0.717187 0.941859 0.731188 0.941859 0.740516 0.941859 0.755281 0.930187 0.772391 0.916984 0.790266 0.909984 0.795703 0.900656 0.807375 0.895984 0.815922 0.887438 0.822922 0.877328 0.834578 0.857891 0.849344 0.850906 0.871891 0.845453 0.879672 0.836125 0.884328 0.826797 0.896766 0.812813 0.910766 0.804266 0.923969 0.793375 0.932531 0.788719 0.944187 0.786375 0.958172 0.784828 0.966734 0.778609 0.967500 0.774719 0.965172 0.773172 0.961281 0.764609 0.968281 0.753734 0.975281 0.740516 0.970609 0.730406 0.953516 0.717969 0.949625 0.709422 0.949625
0 0.276203 0.652328 0.291172 0.640156 0.305203 0.637344 0.327656 0.637344 0.341687 0.644828 0.345438 0.662609 0.346375 0.670094 0.322047 0.699109 0.311750 0.700969 0.293969 0.691609 0.276203 0.671031
1 0.046797 0.390031 0.058750 0.390031 0.083500 0.390875 0.104000 0.399422 0.126203 0.399422 0.148391 0.397719 0.163766 0.394297 0.180844 0.378922 0.204750 0.363562 0.215844 0.356734 0.224391 0.349047 0.226094 0.336234 0.215844 0.318313 0.209016 0.308906 0.191938 0.314031 0.179984 0.322578 0.166328 0.333672 0.129609 0.340500 0.114234 0.345625 0.094609 0.352453 0.078375 0.358437 0.068984 0.369531
1 0.485781 0.498875 0.481094 0.532563 0.495141 0.538172 0.509172 0.531625 0.520391 0.523203 0.531625 0.512906 0.562500 0.487656 0.580281 0.483906 0.581219 0.473609 0.560625 0.472672 0.544719 0.481094 0.528813 0.486719 0.504484 0.493266
0 0.000000 0.647952 0.002797 0.648250 0.073891 0.670687 0.120656 0.638891 0.058922 0.607078 0.000000 0.595862
0 0.000000 0.900201 0.130016 0.895203 0.229172 0.829719 0.270328 0.749266 0.253484 0.672563 0.217938 0.693141 0.191750 0.777328 0.143109 0.809141 0.057047 0.816625 0.000000 0.819979
0 0.560312 0.932625 0.625797 0.908297 0.695016 0.812875 0.766109 0.777328 0.835328 0.756750 0.887719 0.717469 0.874625 0.685656 0.790438 0.709984 0.698766 0.764234 0.564063 0.859656 0.547219 0.908297
0 0.493578 0.661969 0.532563 0.724328 0.574656 0.774219 0.612078 0.806953 0.626109 0.856844 0.621422 0.922328 0.655734 0.941031 0.677547 0.895828 0.677547 0.796047 0.599594 0.710297 0.535688 0.629219 0.534125 0.612078
0 0.362625 0.549719 0.431219 0.643250 0.520094 0.705625 0.626109 0.733687 0.646375 0.755516 0.621422 0.789813 0.565297 0.791359 0.493578 0.763297 0.400047 0.683797 0.334562 0.588688 0.333000 0.569984
0 0.244141 0.655734 0.278438 0.587125 0.343922 0.545031 0.428109 0.507609 0.546594 0.479547 0.559062 0.460844 0.538797 0.426547 0.439016 0.435906 0.325203 0.481109 0.234781 0.562187 0.209828 0.644813 0.223859 0.672875
0 0.139821 0.000000 0.116297 0.067953 0.113172 0.167734 0.100703 0.212953 0.033656 0.300266 0.000000 0.357779 0.000000 0.387931 0.025859 0.392250 0.163063 0.272203 0.186453 0.141234 0.188016 0.049250 0.202082 0.000000
0 0.412141 0.394172 0.477250 0.342547 0.614187 0.317844 0.748891 0.302125 0.854422 0.270703 0.872375 0.270703 0.874625 0.230297 0.807266 0.230297 0.654609 0.257234 0.585016 0.241516 0.486219 0.263969 0.436828 0.297641 0.407656 0.344781