0 0.050000 0.079172 0.063891 0.079859 0.073609 0.078469 0.093063 0.077078 0.104859 0.073609 0.112500 0.069437 0.125688 0.062500 0.138187 0.056250 0.148609 0.048609 0.150000 0.037500 0.143063 0.027078 0.133328 0.027781 0.120828 0.032641 0.108328 0.035422 0.095141 0.035422 0.080563 0.035422 0.067359 0.031938 0.056250 0.031938 0.041672 0.031938 0.020141 0.036109 0.004859 0.038891 0.000000 0.063187 0.001391 0.124313 0.007641 0.104172 0.016672 0.090281 0.024313 0.084031 0.034031 0.081937
0 0.175687 0.027781 0.165281 0.035422 0.159031 0.040281 0.150688 0.045141 0.141672 0.050687 0.134031 0.056250 0.125688 0.060422 0.113891 0.065281 0.099312 0.076391 0.085422 0.084031 0.076391 0.089578 0.070141 0.094437 0.054859 0.105563 0.048609 0.111813 0.046531 0.120141 0.045828 0.129172 0.045141 0.139578 0.054172 0.154859 0.065969 0.160422 0.079859 0.161812 0.095141 0.159031 0.108328 0.152781 0.122922 0.143063 0.132641 0.137500 0.142359 0.131250 0.155562 0.125688 0.164578 0.120141 0.173609 0.115969 0.194437 0.108328 0.201391 0.097219 0.208328 0.088188 0.215281 0.080563 0.225000 0.070828 0.231250 0.064578 0.240281 0.057641 0.247922 0.050687 0.260422 0.038891 0.268750 0.031250 0.276391 0.023609 0.283328 0.014578 0.286109 0.008328 0.289578 0.002781 0.197219 0.002078 0.190969 0.009719 0.181250 0.017359
0 0.340281 0.040969 0.334031 0.034719 0.328469 0.026391 0.323609 0.019437 0.316672 0.008328 0.313188 0.003469 0.381937 0.003469 0.387500 0.012500 0.390969 0.018750 0.394437 0.025000 0.401391 0.037500 0.411813 0.050000 0.420828 0.057641 0.434719 0.062500 0.451391 0.065969 0.465281 0.066672 0.469438 0.065281 0.482641 0.059719 0.497922 0.054172 0.507641 0.050687 0.516672 0.050687 0.530563 0.054859 0.543063 0.061109 0.543750 0.070141 0.553469 0.079859 0.559719 0.086109 0.562500 0.092359 0.561813 0.100687 0.559031 0.106937 0.553469 0.113187 0.541672 0.118750 0.530563 0.122219 0.521531 0.125688 0.501391 0.125000 0.488891 0.125000 0.476391 0.125000 0.461813 0.125688 0.452781 0.128469 0.432641 0.132641 0.420828 0.131937 0.409719 0.127078 0.399313 0.120141 0.387500 0.111109 0.380563 0.104172 0.372922 0.093750 0.364578 0.081937 0.356938 0.072219 0.352078 0.064578 0.347922 0.056937
0 0.190281 0.167359 0.218062 0.185422 0.229859 0.188188 0.236813 0.189578 0.247922 0.190281 0.258328 0.190281 0.272922 0.190969 0.285422 0.195828 0.293750 0.200687 0.299312 0.209031 0.300687 0.215281 0.298609 0.226391 0.294438 0.234719 0.279859 0.238187 0.264578 0.242359 0.247922 0.244438 0.236813 0.244438 0.212500 0.243063 0.203469 0.240969 0.187500 0.235422 0.174313 0.232641 0.159719 0.227781 0.154172 0.220141 0.149313 0.210422 0.144437 0.203469 0.136109 0.194437 0.131937 0.182641 0.127781 0.175000 0.118063 0.165281 0.116672 0.153469 0.124313 0.143063 0.132641 0.136109 0.147922 0.130562 0.165281 0.120828 0.179859 0.115281 0.186812 0.112500 0.177078 0.128469 0.175000 0.141672 0.179859 0.156250 0.195828 0.174313
0 0.470828 0.173609 0.477078 0.172219 0.489578 0.168063 0.510422 0.164578 0.516672 0.163187 0.536109 0.156938 0.548609 0.153469 0.555562 0.151391 0.571531 0.148609 0.578469 0.149313 0.588891 0.149313 0.594437 0.152078 0.607641 0.159031 0.618062 0.165281 0.636813 0.172219 0.643062 0.175000 0.647922 0.179172 0.653469 0.187500 0.661109 0.195828 0.670828 0.210422 0.675000 0.219438 0.661109 0.218062 0.644437 0.220141 0.632641 0.220141 0.627781 0.221531 0.618062 0.214578 0.605563 0.206937 0.597219 0.202781 0.586812 0.200687 0.582641 0.200687 0.574313 0.206250 0.567359 0.209031 0.557641 0.213188 0.545828 0.217359 0.538188 0.219438 0.528469 0.221531 0.516672 0.222219 0.506250 0.225000 0.497922 0.226391 0.488891 0.227781 0.479859 0.229859 0.466672 0.232641 0.455562 0.236109 0.431250 0.240281 0.423609 0.243750 0.411109 0.247219 0.400687 0.250000 0.389578 0.251391 0.378469 0.251391 0.357641 0.251391 0.345141 0.247922 0.343750 0.240281 0.343750 0.231250 0.345828 0.220141 0.359031 0.215281 0.366672 0.205563 0.374312 0.201391 0.386109 0.195141 0.397219 0.193062 0.406250 0.190969 0.422219 0.189578 0.434719 0.184719 0.441672 0.182641 0.456937 0.179859
0 0.490969 0.242359 0.510422 0.242359 0.517359 0.242359 0.527781 0.240281 0.540281 0.240281 0.547922 0.239578 0.559719 0.236813 0.568063 0.234719 0.574313 0.233328 0.581250 0.232641 0.591672 0.226391 0.596531 0.223609 0.608328 0.220828 0.617359 0.220828 0.627078 0.220828 0.640281 0.220828 0.652781 0.220828 0.664578 0.220828 0.672922 0.223609 0.677781 0.230563 0.682641 0.240969 0.682641 0.255563 0.680562 0.263891 0.672219 0.270141 0.659719 0.272219 0.652781 0.273609 0.648609 0.275000 0.638891 0.279172 0.622219 0.282641 0.610422 0.284719 0.604172 0.286109 0.594437 0.290281 0.582641 0.295828 0.569438 0.298609 0.560422 0.300000 0.550000 0.300000 0.532641 0.300000 0.525000 0.299312 0.512500 0.299312 0.501391 0.300000 0.496531 0.300000 0.484719 0.300000 0.469438 0.302781 0.459031 0.303469 0.440281 0.301391 0.431250 0.300687 0.416672 0.297922 0.407641 0.295828 0.402078 0.293750 0.393062 0.291672 0.386813 0.289578 0.378469 0.284031 0.375000 0.278469 0.375000 0.271531 0.377078 0.260422 0.385422 0.254172 0.400687 0.250688 0.419438 0.250688 0.433328 0.250688 0.440969 0.249312 0.445828 0.249312 0.450000 0.250000 0.462500 0.248609 0.470828 0.245828 0.480563 0.243750
0 0.240969 0.274313 0.248609 0.279172 0.254859 0.289578 0.259031 0.297219 0.266672 0.311109 0.278469 0.318750 0.285422 0.322219 0.290969 0.329859 0.295141 0.335422 0.302078 0.338891 0.311109 0.343062 0.321531 0.343750 0.330562 0.343750 0.336813 0.345141 0.349313 0.352781 0.357641 0.361812 0.356250 0.373609 0.349313 0.384031 0.344438 0.388891 0.329172 0.392359 0.316672 0.393750 0.302781 0.390969 0.298609 0.388891 0.288187 0.382641 0.280562 0.378469 0.265281 0.372219 0.252078 0.363891 0.247922 0.359031 0.242359 0.352781 0.238187 0.346531 0.231937 0.337500 0.222922 0.329859 0.216672 0.324313 0.209031 0.316672 0.200687 0.309031 0.191672 0.302078 0.183328 0.296531 0.174313 0.293063 0.165281 0.290969 0.154859 0.286813 0.145828 0.283328 0.135422 0.277781 0.124313 0.272922 0.111109 0.266672 0.100000 0.260422 0.088188 0.255563 0.078469 0.248609 0.075000 0.240281 0.075000 0.228469 0.072219 0.216672 0.070828 0.205563 0.075687 0.200687 0.084719 0.200687 0.102563 0.198719 0.116984 0.202719 0.131250 0.213188 0.143063 0.220141 0.161812 0.231937 0.175687 0.234719 0.181938 0.236109 0.193750 0.244438 0.205563 0.250000 0.220828 0.258328 0.226391 0.261813
0 0.063187 0.254859 0.071531 0.262500 0.076391 0.265969 0.084031 0.270141 0.088891 0.272219 0.103469 0.281938 0.108328 0.287500 0.113187 0.295828 0.123609 0.302781 0.127078 0.307641 0.134031 0.318063 0.140969 0.328469 0.147922 0.339578 0.152781 0.347219 0.156938 0.354859 0.162500 0.365969 0.165969 0.376391 0.170141 0.386109 0.171531 0.390969 0.172922 0.395828 0.179172 0.411813 0.179172 0.421531 0.174313 0.432641 0.171531 0.438891 0.165281 0.445828 0.156938 0.449313 0.149313 0.447219 0.142359 0.444437 0.134719 0.436109 0.135422 0.425000 0.136109 0.417359 0.136813 0.410422 0.136813 0.400687 0.130562 0.390969 0.121531 0.378469 0.114578 0.370141 0.107641 0.360422 0.097219 0.350000 0.088891 0.343062 0.085422 0.338891 0.078469 0.332641 0.066672 0.324313 0.056937 0.319437 0.045828 0.315969 0.029859 0.312500 0.016672 0.308328 0.004859 0.306250 0.003469 0.235422 0.019437 0.239578 0.023609 0.239578 0.029859 0.240969 0.039578 0.244438 0.052781 0.250000
0 0.428469 0.317359 0.450000 0.317359 0.461109 0.318063 0.468062 0.318750 0.479859 0.322219 0.494437 0.331250 0.502078 0.331250 0.513891 0.331250 0.529172 0.333328 0.538188 0.335422 0.546531 0.337500 0.564578 0.344438 0.572219 0.347219 0.581937 0.351391 0.590969 0.355563 0.599313 0.361812 0.604172 0.365281 0.609719 0.377078 0.609719 0.388188 0.606250 0.397922 0.602078 0.406250 0.588891 0.411109 0.574313 0.411109 0.556937 0.408328 0.550000 0.403469 0.539578 0.398609 0.527781 0.393750 0.518750 0.390281 0.509719 0.388891 0.500687 0.386109 0.488891 0.384031 0.468062 0.384031 0.454172 0.378469 0.445828 0.376391 0.436812 0.376391 0.420828 0.376391 0.413891 0.376391 0.403469 0.381937 0.392359 0.381937 0.381250 0.384719 0.372219 0.384719 0.359719 0.384719 0.350000 0.384719 0.360422 0.375000 0.361109 0.367359 0.356578 0.350969 0.339750 0.347750 0.336531 0.343750 0.350000 0.342359 0.359031 0.341672 0.370828 0.338187 0.380563 0.331937 0.389578 0.327078 0.398609 0.324313 0.410422 0.322922 0.417359 0.321531
0 0.250234 0.413406 0.254266 0.424359 0.257156 0.430703 0.259453 0.434734 0.266953 0.445688 0.271563 0.450875 0.280781 0.461828 0.287703 0.472203 0.292313 0.480859 0.296359 0.484891 0.301547 0.492391 0.307891 0.501031 0.322875 0.521797 0.326922 0.529859 0.329219 0.541391 0.329797 0.552359 0.325766 0.558125 0.311922 0.559844 0.300969 0.552359 0.290016 0.546016 0.278484 0.539094 0.265797 0.528719 0.258297 0.519484 0.251953 0.510266 0.244469 0.502188 0.237547 0.491234 0.233516 0.485469 0.229469 0.482594 0.224281 0.474516 0.216219 0.464141 0.210453 0.456641 0.204109 0.446844 0.197188 0.435313 0.188531 0.420312 0.182203 0.408203 0.175281 0.389766 0.170672 0.373047 0.163750 0.353437 0.155672 0.339594 0.154516 0.333828 0.154516 0.318844 0.153938 0.311922 0.159141 0.302125 0.172391 0.298656 0.184500 0.299234 0.192000 0.302125 0.197188 0.309047 0.204109 0.321719 0.207563 0.330375 0.216219 0.347094 0.219672 0.354594 0.221984 0.363812 0.226016 0.371891 0.229469 0.379375 0.232938 0.392641 0.237547 0.401875 0.243312 0.411672
0 0.030562 0.379375 0.040359 0.379953 0.053625 0.374766 0.059969 0.370734 0.068609 0.364391 0.073797 0.358047 0.080719 0.348250 0.076687 0.336719 0.070922 0.325766 0.065156 0.321156 0.051313 0.327484 0.036906 0.333250 0.029406 0.333250 0.014422 0.332687 0.001734 0.325766 0.001156 0.369000 0.001156 0.381109 0.009219 0.382844 0.017297 0.382266
0 0.054203 0.426656 0.059391 0.435313 0.064578 0.439344 0.069766 0.445109 0.077266 0.450297 0.085328 0.455484 0.098016 0.458953 0.107234 0.465297 0.109547 0.469906 0.112437 0.477406 0.115312 0.491812 0.115891 0.499891 0.116469 0.506234 0.114156 0.514297 0.102625 0.516031 0.095703 0.516609 0.086484 0.515453 0.083609 0.505656 0.078406 0.495844 0.062266 0.495266 0.047859 0.489500 0.041516 0.483172 0.025953 0.487781 0.015563 0.487781 0.013266 0.480281 0.013266 0.475672 0.007500 0.471063 0.002891 0.454906 0.003453 0.437609 0.001734 0.389766 0.015563 0.397250 0.024219 0.401875 0.033437 0.405906 0.036906 0.410516 0.040938 0.416859
0 0.070922 0.520062 0.082453 0.518906 0.091672 0.522375 0.106094 0.528141 0.115312 0.532172 0.128000 0.524094 0.135500 0.538516 0.138953 0.546016 0.145297 0.549469 0.153359 0.556969 0.158562 0.562156 0.164328 0.566766 0.170672 0.571953 0.184500 0.580609 0.195453 0.590984 0.199500 0.593859 0.205266 0.596750 0.210453 0.603672 0.213906 0.616344 0.217937 0.627891 0.215641 0.635953 0.211031 0.641141 0.201219 0.646906 0.188531 0.649797 0.179313 0.649219 0.169516 0.644609 0.160281 0.638844 0.153359 0.635953 0.145297 0.629609 0.137797 0.619812 0.133187 0.611734 0.125688 0.601938 0.112437 0.595594 0.104359 0.595016 0.090516 0.591562 0.076109 0.588094 0.065156 0.585219 0.053047 0.581750 0.040359 0.578875 0.027094 0.573688 0.012687 0.567922 0.001734 0.563312 0.002312 0.500469 0.010375 0.503344 0.019031 0.506797 0.025375 0.510266 0.032281 0.513719 0.040359 0.517188 0.050734 0.518328 0.060547 0.518328
0 0.078984 0.641719 0.088797 0.654984 0.093406 0.660172 0.098016 0.667094 0.101469 0.673438 0.111859 0.682656 0.121078 0.688422 0.128000 0.692453 0.136641 0.695922 0.145297 0.702844 0.152797 0.703406 0.166047 0.704562 0.175281 0.703406 0.181625 0.693609 0.185656 0.686109 0.189688 0.680344 0.198344 0.679203 0.206984 0.680344 0.214484 0.684969 0.220250 0.691312 0.222562 0.698219 0.222562 0.712063 0.214484 0.726469 0.204687 0.734547 0.196031 0.739156 0.182766 0.743766 0.173547 0.747812 0.162594 0.748391 0.142984 0.746656 0.128578 0.742047 0.119922 0.737437 0.110703 0.735703 0.103781 0.731672 0.087641 0.727047 0.077266 0.721859 0.068031 0.716094 0.055922 0.708031 0.049578 0.703984 0.045547 0.697078 0.034594 0.688422 0.030562 0.680922 0.023641 0.668813 0.017875 0.659594 0.013266 0.652094 0.010953 0.642297 0.010953 0.633078 0.011531 0.619234 0.014984 0.608281 0.017875 0.603094 0.024219 0.598484 0.031141 0.597906 0.040359 0.601359 0.047859 0.605969 0.055922 0.612891 0.059969 0.620391 0.064000 0.625578 0.068609 0.634797
0 0.104937 0.625578 0.113578 0.630766 0.118203 0.635375 0.121656 0.639422 0.126266 0.645750 0.132031 0.653828 0.137219 0.660172 0.141828 0.668813 0.148750 0.680922 0.155672 0.691875 0.160281 0.698797 0.164328 0.705719 0.156250 0.703984 0.147031 0.700531 0.137797 0.696500 0.122812 0.691312 0.119344 0.689578 0.109547 0.682656 0.103203 0.677469 0.097437 0.669391 0.094563 0.663047 0.088797 0.653828 0.083031 0.648062 0.076109 0.639984 0.071500 0.635953 0.066875 0.631344 0.059391 0.623266 0.054203 0.614047 0.045547 0.605391 0.039781 0.601938 0.031719 0.597328 0.021906 0.599047 0.015563 0.607125 0.010375 0.614625 0.005766 0.629031 0.005766 0.648062 0.002312 0.646328 0.001156 0.580031 0.009219 0.580609 0.013844 0.579453 0.018453 0.579453 0.024219 0.579453 0.028828 0.580609 0.044969 0.584063 0.049578 0.586375 0.056500 0.589828 0.062844 0.597328 0.068031 0.600781 0.073219 0.604812 0.082453 0.610578 0.090516 0.616344 0.096281 0.622109
0 0.405328 0.597328 0.417438 0.593859 0.431266 0.586953 0.437609 0.582906 0.443375 0.577719 0.443953 0.570797 0.443953 0.561000 0.443953 0.551781 0.443375 0.543703 0.440500 0.535062 0.436469 0.525828 0.434734 0.519484 0.434156 0.504500 0.436469 0.495844 0.442797 0.487781 0.448000 0.487203 0.454906 0.488359 0.464141 0.493547 0.470484 0.498734 0.474516 0.502766 0.479703 0.508531 0.483734 0.516609 0.487203 0.525250 0.488938 0.532172 0.488359 0.542547 0.492406 0.545906 0.496422 0.560422 0.493547 0.565609 0.492969 0.570219 0.492391 0.578297 0.492391 0.584641 0.492391 0.588672 0.492391 0.594437 0.491234 0.603672 0.488938 0.610578 0.478547 0.616922 0.472203 0.620391 0.465297 0.628453 0.461828 0.630766 0.451453 0.634797 0.442797 0.637109 0.435313 0.641141 0.422047 0.645750 0.409938 0.651516 0.403594 0.655563 0.390906 0.661906 0.374766 0.669969 0.362656 0.676312 0.354594 0.681500 0.345938 0.685547 0.336719 0.687266 0.328641 0.687844 0.324031 0.686109 0.315953 0.678047 0.313078 0.669391 0.314234 0.659594 0.318266 0.650953 0.325188 0.639422 0.333250 0.631344 0.343641 0.625578 0.351125 0.620391 0.364969 0.613469 0.369578 0.611734 0.379953 0.604812 0.390344 0.600781
0 0.221984 0.883875 0.227750 0.891375 0.231781 0.900594 0.236391 0.909828 0.240422 0.916172 0.245047 0.924234 0.247922 0.929422 0.254266 0.938656 0.260609 0.945578 0.269250 0.954797 0.276750 0.962297 0.281938 0.969781 0.285406 0.974984 0.290016 0.983047 0.297516 0.994578 0.301220 0.998437 0.230439 0.998437 0.224859 0.992281 0.220828 0.985938 0.216219 0.976703 0.205266 0.969781 0.200062 0.960562 0.196609 0.954797 0.189109 0.947297 0.174703 0.945578 0.171812 0.934609 0.172391 0.928844 0.167203 0.917313 0.164328 0.910984 0.160281 0.902906 0.155094 0.893109 0.150484 0.884453 0.145875 0.880422 0.136641 0.874656 0.125688 0.868891 0.119344 0.864859 0.108391 0.852750 0.098016 0.839484 0.098594 0.829109 0.104359 0.817000 0.108391 0.813531 0.124531 0.809500 0.132031 0.810078 0.146453 0.813531 0.154516 0.815266 0.170672 0.822188 0.174125 0.825062 0.185656 0.834297 0.193156 0.840062 0.202953 0.853328 0.207563 0.861969 0.213906 0.873500
0 0.958250 0.945578 0.970359 0.949609 0.979594 0.936922 0.991703 0.945000 0.996312 0.948453 0.998437 0.949810 0.874429 0.998437 0.879266 0.995734 0.887922 0.988813 0.898297 0.981312 0.913859 0.973250 0.924234 0.967484 0.935766 0.962297 0.945578 0.957687
0 0.968062 0.326344 0.966906 0.319422 0.965750 0.309609 0.964016 0.301547 0.961141 0.292891 0.958250 0.285406 0.953641 0.274453 0.952484 0.264062 0.952484 0.249656 0.954797 0.239859 0.965750 0.230625 0.979594 0.223703 0.987656 0.223125 0.997469 0.227750 0.998437 0.229647 0.998437 0.488039 0.999188 0.487781 0.994578 0.480281 0.993422 0.462984 0.994578 0.452031 0.990547 0.435313 0.988813 0.420312 0.985938 0.405906 0.980750 0.389766 0.977281 0.374188 0.974406 0.360359 0.969219 0.345359 0.969219 0.335562
0 0.831984 0.147594 0.844094 0.154516 0.852750 0.160281 0.864281 0.165469 0.873500 0.168938 0.883875 0.173547 0.894828 0.176437 0.905781 0.178734 0.912125 0.180469 0.919625 0.182203 0.931156 0.183922 0.951344 0.187969 0.961141 0.190844 0.971516 0.193156 0.981312 0.196609 0.987078 0.197766 0.998437 0.197766 0.998437 0.165172 0.994000 0.163172 0.977281 0.162016 0.965172 0.158562 0.950766 0.146453 0.946719 0.137797 0.938656 0.128578 0.921937 0.121656 0.902328 0.115312 0.889062 0.110703 0.874078 0.106094 0.855047 0.102047 0.838906 0.098016 0.821609 0.095141 0.808922 0.092250 0.803734 0.090516 0.793359 0.085906 0.774328 0.078984 0.757031 0.070922 0.743203 0.066875 0.724750 0.066875 0.710328 0.069187 0.708031 0.083609 0.713797 0.096281 0.721281 0.107813 0.727625 0.112437 0.735125 0.115891 0.747812 0.121656 0.765109 0.128000 0.773172 0.130297 0.791625 0.133766 0.810078 0.141266 0.821609 0.144141
0 0.638266 0.058234 0.636531 0.045547 0.638266 0.031719 0.642875 0.027094 0.654984 0.021906 0.661906 0.020188 0.669969 0.019031 0.683812 0.019031 0.690734 0.019031 0.705719 0.017875 0.715516 0.017875 0.728203 0.017875 0.734547 0.017875 0.744922 0.017875 0.759922 0.017297 0.767406 0.018453 0.772594 0.019609 0.782984 0.019609 0.795094 0.024797 0.800859 0.026516 0.807203 0.028828 0.813531 0.031141 0.817578 0.033437 0.826219 0.035750 0.840641 0.038625 0.851016 0.040359 0.866000 0.043812 0.874656 0.046125 0.885031 0.048438 0.896562 0.050156 0.904641 0.050156 0.921937 0.046125 0.932312 0.044391 0.942109 0.044391 0.952484 0.049578 0.954797 0.054781 0.954219 0.065156 0.951922 0.072078 0.947297 0.079563 0.940391 0.086484 0.929422 0.092250 0.911547 0.098016 0.897719 0.100906 0.885031 0.100906 0.867734 0.098594 0.855047 0.097437 0.835453 0.095141 0.814109 0.090516 0.799703 0.087063 0.786438 0.081297 0.770297 0.076109 0.758766 0.072641 0.742047 0.067453 0.727047 0.066875 0.715516 0.070344 0.701109 0.073219 0.682078 0.072641 0.668250 0.072641 0.659016 0.072641 0.648062 0.068609 0.640562 0.065156
0 0.842359 0.226594 0.845828 0.234656 0.850437 0.240422 0.864859 0.246766 0.871187 0.250812 0.873500 0.256578 0.872922 0.265219 0.873500 0.267531 0.879844 0.272719 0.891375 0.276750 0.896562 0.292891 0.908094 0.297516 0.913859 0.318844 0.918469 0.332109 0.923078 0.340750 0.930000 0.349984 0.935187 0.362078 0.941531 0.374188 0.944422 0.381109 0.952484 0.389188 0.957687 0.393797 0.959406 0.400141 0.962297 0.415125 0.958250 0.424359 0.951922 0.433000 0.942109 0.437031 0.932891 0.439344 0.919047 0.438766 0.909828 0.434734 0.906359 0.430703 0.900016 0.422047 0.893688 0.413406 0.888484 0.403016 0.883297 0.389766 0.878688 0.378812 0.872344 0.366125 0.864859 0.352859 0.861391 0.346516 0.853328 0.330953 0.845250 0.320000 0.838906 0.305000 0.833719 0.297516 0.825641 0.291172 0.819297 0.283672 0.814109 0.273875 0.810078 0.267531 0.803156 0.253688 0.800859 0.246766 0.797391 0.238125 0.793937 0.225438 0.791625 0.213906 0.791047 0.203531 0.795094 0.194875 0.799125 0.192000 0.807203 0.192578 0.814109 0.196031 0.822766 0.201797 0.827953 0.209875 0.833719 0.218516
0 0.799125 0.299812 0.789906 0.294047 0.781828 0.291750 0.770297 0.295781 0.762797 0.299234 0.758188 0.307312 0.760500 0.329797 0.761641 0.337875 0.765109 0.348828 0.769719 0.358047 0.772594 0.367844 0.776641 0.376500 0.779516 0.381688 0.784141 0.388031 0.789906 0.397250 0.793937 0.400719 0.799703 0.406484 0.810078 0.418594 0.812969 0.422625 0.815844 0.431844 0.822188 0.445109 0.830266 0.458375 0.836031 0.471641 0.844094 0.490078 0.849281 0.505078 0.853891 0.523531 0.856781 0.534484 0.860234 0.546016 0.861969 0.558688 0.876953 0.566188 0.890219 0.567344 0.898875 0.566766 0.905781 0.562156 0.912703 0.554656 0.917891 0.546594 0.919047 0.539672 0.917891 0.533328 0.917313 0.523531 0.915594 0.513141 0.913281 0.501031 0.908672 0.487781 0.903484 0.475672 0.900594 0.468172 0.897719 0.462984 0.887922 0.448000 0.880422 0.432422 0.874656 0.423203 0.863703 0.409359 0.856203 0.396672 0.851016 0.388609 0.842359 0.379953 0.834875 0.373609 0.826219 0.366703 0.819297 0.359781 0.813531 0.351703 0.808922 0.343641 0.806047 0.337297 0.804312 0.329797 0.803156 0.322297 0.800859 0.312500
0 0.699375 0.422047 0.712063 0.422047 0.728203 0.425500 0.732234 0.429547 0.739156 0.435891 0.743203 0.442234 0.747812 0.446266 0.758188 0.451453 0.766828 0.452609 0.778359 0.453766 0.788750 0.453766 0.800859 0.453766 0.808344 0.448562 0.810078 0.441078 0.810078 0.430703 0.807766 0.415703 0.800281 0.407062 0.795672 0.403594 0.783563 0.398406 0.774328 0.394375 0.767406 0.390906 0.761062 0.387453 0.750109 0.381688 0.743766 0.378812 0.731094 0.375344 0.723016 0.373609 0.713219 0.371312 0.707453 0.370156 0.699953 0.369000 0.691312 0.367281 0.681500 0.367844 0.668813 0.373609 0.663625 0.377656 0.653250 0.382844 0.645750 0.388609 0.641141 0.392641 0.634797 0.398406 0.626734 0.404750 0.620969 0.409938 0.616922 0.414547 0.611734 0.420891 0.604812 0.428391 0.597328 0.435891 0.590406 0.441078 0.585797 0.451453 0.586953 0.464141 0.589828 0.471063 0.601938 0.479125 0.610016 0.483734 0.621547 0.480859 0.627891 0.473938 0.631922 0.469906 0.636531 0.465297 0.644031 0.458375 0.649219 0.452031 0.653828 0.445109 0.658438 0.438188 0.668250 0.434156 0.678047 0.429547 0.683812 0.426656
0 0.847563 0.581187 0.866578 0.580031 0.877531 0.577141 0.884453 0.576562 0.903484 0.576562 0.922516 0.578875 0.935766 0.577719 0.944422 0.577719 0.951344 0.577719 0.965172 0.580031 0.971516 0.581750 0.976703 0.583484 0.991703 0.590406 0.998437 0.598703 0.998437 0.623442 0.998047 0.625578 0.991125 0.630766 0.979594 0.639422 0.968062 0.639984 0.955375 0.639422 0.947297 0.639422 0.942109 0.639422 0.931156 0.639422 0.919625 0.639422 0.905781 0.639422 0.890797 0.639422 0.885031 0.639422 0.876391 0.639422 0.867734 0.639422 0.858516 0.639422 0.846406 0.639422 0.830266 0.638266 0.820453 0.635953 0.810078 0.634219 0.800281 0.633656 0.787016 0.633656 0.782984 0.633656 0.767406 0.630766 0.756453 0.628453 0.746656 0.623266 0.736859 0.619234 0.729359 0.612891 0.732234 0.599047 0.735703 0.592141 0.744344 0.587516 0.758766 0.581750 0.769719 0.580031 0.782984 0.580609 0.797391 0.580609 0.818734 0.581187 0.829688 0.583484
0 0.795672 0.809500 0.799125 0.812391 0.803156 0.815266 0.811812 0.817000 0.830828 0.817000 0.840641 0.816422 0.851016 0.814688 0.863125 0.811812 0.879844 0.806047 0.889062 0.802578 0.902328 0.799703 0.916172 0.796812 0.926547 0.793937 0.936922 0.792781 0.945578 0.791047 0.958828 0.791625 0.970359 0.795672 0.976703 0.799125 0.979016 0.803734 0.979016 0.809500 0.977859 0.817578 0.973250 0.826219 0.964594 0.833719 0.958250 0.841219 0.945000 0.844094 0.935766 0.845250 0.931734 0.846406 0.922516 0.849859 0.910406 0.852172 0.900594 0.856203 0.891953 0.858516 0.877531 0.857359 0.864859 0.852172 0.855047 0.846984 0.843516 0.842938 0.836594 0.839484 0.822188 0.838906 0.809500 0.837750 0.795672 0.840062 0.785859 0.844094 0.777797 0.851016 0.771453 0.857359 0.754734 0.850437 0.743766 0.845250 0.736281 0.842938 0.728781 0.838906 0.713219 0.828531 0.699953 0.818156 0.693031 0.804891 0.688422 0.789906 0.698219 0.777797 0.712641 0.774328 0.730516 0.777219 0.744922 0.782984 0.754734 0.788172 0.766266 0.793359 0.781828 0.799703
0 0.883297 0.912125 0.894828 0.916172 0.907516 0.919625 0.916172 0.921359 0.920781 0.921359 0.936922 0.924234 0.940953 0.924813 0.951922 0.924813 0.966328 0.921359 0.983047 0.918469 0.992844 0.915594 0.998437 0.912795 0.998437 0.864824 0.995734 0.863125 0.982469 0.864281 0.977281 0.866578 0.966906 0.870047 0.958250 0.871766 0.950187 0.871187 0.942688 0.869469 0.934609 0.869469 0.926547 0.867734 0.913859 0.864859 0.905219 0.863703 0.893109 0.862547 0.885031 0.860812 0.877531 0.858516 0.868313 0.857359 0.855625 0.853891 0.844672 0.849281 0.838328 0.845828 0.830266 0.843516 0.817000 0.841219 0.809500 0.841219 0.797391 0.841219 0.787016 0.842938 0.776062 0.848703 0.772031 0.856781 0.777797 0.872344 0.781828 0.879844 0.796812 0.889641 0.807766 0.891953 0.824500 0.896562 0.834875 0.900016 0.848703 0.904062 0.859094 0.906359 0.872344 0.909828
0 0.566766 0.759922 0.577719 0.764531 0.584063 0.765688 0.596172 0.765688 0.608859 0.762219 0.618078 0.759344 0.623266 0.757609 0.634797 0.754734 0.643453 0.752422 0.658438 0.755297 0.669391 0.759344 0.675734 0.763953 0.680922 0.768563 0.684391 0.778359 0.683234 0.786438 0.669391 0.799125 0.653828 0.799703 0.643453 0.799703 0.631922 0.803734 0.626156 0.806047 0.612313 0.812969 0.603672 0.816422 0.596750 0.819297 0.584641 0.821031 0.567922 0.823344 0.564453 0.822766 0.554078 0.822766 0.543703 0.817578 0.533906 0.814109 0.524672 0.807766 0.514297 0.802000 0.503344 0.797391 0.495844 0.792203 0.484312 0.784703 0.472781 0.778937 0.465297 0.772594 0.452031 0.765109 0.447422 0.747234 0.451453 0.737437 0.461250 0.729938 0.471641 0.727625 0.488938 0.723016 0.501031 0.725328 0.507953 0.729938 0.517188 0.733969 0.528719 0.742047 0.535625 0.748969 0.543125 0.754156 0.553500 0.759344
0 0.563312 0.526406 0.575984 0.528719 0.581750 0.530438 0.589828 0.536781 0.599047 0.541969 0.603672 0.546594 0.619812 0.554656 0.626156 0.558688 0.635953 0.563312 0.642875 0.566188 0.652094 0.570797 0.660750 0.573109 0.670547 0.576562 0.682078 0.578875 0.690156 0.581187 0.698219 0.581750 0.702266 0.578297 0.705719 0.571953 0.706297 0.563891 0.705141 0.554656 0.701688 0.545438 0.697641 0.537937 0.691312 0.531016 0.679781 0.526406 0.674016 0.522375 0.665359 0.516031 0.657859 0.511422 0.649219 0.506234 0.637687 0.501031 0.630766 0.497000 0.620969 0.491812 0.615203 0.488359 0.601938 0.481438 0.595016 0.476250 0.582906 0.471063 0.572531 0.464141 0.563312 0.457797 0.553500 0.452609 0.546016 0.449719 0.529297 0.446266 0.524672 0.445688 0.516031 0.443953 0.506234 0.443953 0.498156 0.443375 0.482594 0.443375 0.473359 0.446844 0.464141 0.453188 0.459531 0.461828 0.460094 0.471641 0.463562 0.480281 0.464719 0.487781 0.469906 0.500469 0.481438 0.506797 0.494703 0.508531 0.503922 0.507375 0.518906 0.507375 0.528719 0.507375 0.541391 0.511422 0.555234 0.521219
0 0.807687 0.948719 0.849359 0.963937 0.870187 0.975969 0.883016 0.980766 0.892625 0.972750 0.915063 0.952719 0.921469 0.937500 0.878203 0.933500 0.842141 0.932687 0.823719 0.938297
1 0.546469 0.638625 0.568109 0.643422 0.597750 0.634609 0.625797 0.633016 0.683500 0.630609 0.726766 0.618594 0.727563 0.602563 0.706734 0.602563 0.685094 0.608172 0.670672 0.599359 0.670672 0.584937 0.656250 0.576922 0.646641 0.583328 0.636219 0.580922 0.625797 0.583328 0.616984 0.594547 0.600969 0.600969 0.589750 0.601766 0.570516 0.597750 0.559297 0.594547 0.550484 0.599359 0.542469 0.606578 0.548078 0.616984 0.548875 0.624203
1 0.102563 0.524844 0.109781 0.528844 0.125000 0.521641 0.133813 0.527250 0.135422 0.539266 0.143422 0.545672 0.161859 0.565703 0.205125 0.590547 0.215547 0.600969 0.225969 0.617781 0.259609 0.612984 0.233172 0.596156 0.209938 0.572922 0.202719 0.557688 0.192312 0.541672 0.171469 0.528844 0.153047 0.516828 0.136219 0.512828 0.118594 0.513625 0.109781 0.520031
1 0.139422 0.463141 0.149031 0.482375 0.158656 0.488781 0.181891 0.479172 0.201922 0.480766 0.213141 0.492781 0.229172 0.496000 0.236375 0.488781 0.222750 0.478359 0.213141 0.463141 0.202719 0.455922 0.199516 0.445516 0.193906 0.432688 0.184297 0.417469 0.173875 0.439906 0.159453 0.454328 0.148234 0.455922
1 0.080922 0.355766 0.070516 0.371797 0.065703 0.388625 0.068906 0.403844 0.079328 0.432688 0.098562 0.431094 0.116187 0.432688 0.133813 0.417469 0.131406 0.402250 0.121000 0.386219 0.110578 0.374203 0.102563 0.380609 0.088938 0.375797 0.095359 0.360578 0.087344 0.344547
1 0.306250 0.775469 0.304328 0.791859 0.302391 0.815969 0.325547 0.822719 0.379547 0.823687 0.362187 0.803438 0.335188 0.786078 0.323609 0.774500
1 0.937031 0.562312 0.948609 0.579672 0.971766 0.586422 0.986234 0.577734 0.996844 0.560375 0.984297 0.550734 0.965000 0.533375 0.951500 0.532406 0.937031 0.540125
1 0.972719 0.652969 0.980438 0.639469 0.998437 0.627901 0.998437 0.664198 0.972719 0.666469
1 0.290063 0.630609 0.280453 0.649031 0.301281 0.683500 0.327719 0.705125 0.354172 0.687500 0.331734 0.689109 0.316500 0.681891 0.308500 0.672281 0.312500 0.658656 0.320516 0.646641 0.321313 0.641031 0.307688 0.633813 0.298875 0.627406
0 0.479969 0.004000 0.510422 0.012828 0.544875 0.020828 0.581734 0.018422 0.611375 0.004000 0.543266 0.000797 0.501609 0.000000
0 0.412578 0.474109 0.497641 0.427063 0.548297 0.394484 0.595344 0.352875 0.624297 0.309437 0.593547 0.280484 0.562781 0.332969 0.457828 0.403531 0.408969 0.416203 0.389062 0.443344
0 0.228000 0.517531 0.313063 0.570016 0.361922 0.606203 0.387250 0.615250 0.412578 0.662312 0.459625 0.682203 0.457828 0.711156 0.399922 0.702109 0.325719 0.649641 0.244297 0.606203 0.200859 0.555547 0.200859 0.539250
0 0.908406 0.506687 0.964500 0.494016 0.998437 0.434315 0.998437 0.377842 0.980797 0.408969 0.912031 0.468687