0 0.087547 0.060266 0.075156 0.045391 0.063984 0.032984 0.051594 0.025547 0.036703 0.016859 0.023062 0.009422 0.004469 0.010672 0.000000 0.015134 0.000000 0.055660 0.000750 0.057781 0.018109 0.076391 0.024312 0.090031 0.045391 0.107391 0.051594 0.117313 0.067703 0.129719 0.081344 0.139641 0.106156 0.144594 0.116078 0.152031 0.142109 0.153281 0.158234 0.153281 0.188000 0.150797 0.215281 0.150797 0.242563 0.150797 0.258687 0.148312 0.273563 0.137156 0.276047 0.122266 0.269844 0.108625 0.261156 0.097469 0.250000 0.096234 0.226437 0.096234 0.215281 0.096234 0.192953 0.096234 0.175594 0.097469 0.155750 0.097469 0.127234 0.087547 0.116078 0.088797 0.099953 0.077625
0 0.000000 0.063320 0.000750 0.066469 0.000000 0.066968 0.000000 0.001159 0.002778 0.000000 0.155502 0.000000 0.157000 0.000750 0.165672 0.029266 0.166922 0.039188 0.139641 0.047859 0.124750 0.057781 0.118547 0.062750 0.109875 0.051594 0.102437 0.044141 0.085063 0.045391 0.072672 0.039188 0.063984 0.034219 0.045391 0.024312 0.032984 0.015625 0.023062 0.014391 0.008188 0.014391 0.000000 0.017793
0 0.298359 0.030500 0.282234 0.032984 0.242563 0.035469 0.217766 0.039188 0.188000 0.039188 0.169391 0.039188 0.138391 0.049109 0.119797 0.062750 0.113594 0.078875 0.116078 0.090031 0.140875 0.092516 0.163188 0.086313 0.180562 0.088797 0.199156 0.093750 0.235125 0.097469 0.248766 0.094984 0.269844 0.099953 0.283484 0.094984 0.295891 0.102437 0.315719 0.097469 0.334328 0.094984 0.350453 0.097469 0.356641 0.083828 0.380203 0.070187 0.402531 0.061516 0.431047 0.052828 0.444688 0.052828 0.450891 0.035469 0.450891 0.018109 0.435199 0.000000 0.432520 0.000000 0.423609 0.001984 0.403766 0.006938 0.382687 0.006938 0.350453 0.011906 0.319438 0.018109
0 0.281084 0.000000 0.270978 0.000000 0.263641 0.005703 0.236359 0.024312 0.222719 0.032984 0.261156 0.035469 0.281000 0.035469 0.319438 0.018109
0 0.498016 0.068953 0.462047 0.068953 0.448406 0.059031 0.428578 0.059031 0.402531 0.062750 0.390125 0.070187 0.367812 0.081344 0.383922 0.106156 0.402531 0.111109 0.423609 0.117313 0.452141 0.129719 0.489328 0.135906 0.521578 0.135906 0.548859 0.121031 0.568703 0.106156 0.584828 0.091266 0.602188 0.082594 0.610859 0.071422 0.631938 0.054063 0.644344 0.042906 0.651781 0.031750 0.657984 0.004469 0.655750 0.000000 0.604102 0.000000 0.592266 0.010672 0.579859 0.020578 0.566219 0.035469 0.551344 0.031750 0.537703 0.047859 0.517859 0.063984
0 0.003219 0.543906 0.000000 0.538745 0.000000 0.606188 0.003219 0.631938 0.010672 0.648062 0.030500 0.657984 0.054063 0.669141 0.073906 0.685266 0.090031 0.691469 0.109875 0.688984 0.118547 0.671625 0.111109 0.653031 0.090031 0.630703 0.072672 0.614578 0.060266 0.600937 0.037953 0.586063 0.015625 0.563734
0 0.000000 0.336666 0.000000 0.538203 0.003219 0.541422 0.014391 0.548859 0.029266 0.548859 0.050344 0.540172 0.056547 0.525297 0.056547 0.499250 0.051594 0.474453 0.044141 0.453375 0.040422 0.433531 0.037953 0.412453 0.034219 0.387656 0.023062 0.370281 0.015625 0.356641 0.003219 0.339281
0 0.178078 0.304562 0.170641 0.290922 0.160719 0.279766 0.142109 0.268594 0.129719 0.264875 0.109875 0.253719 0.092516 0.246281 0.071422 0.236359 0.049109 0.228922 0.025547 0.226437 0.005703 0.226437 0.000000 0.225487 0.000000 0.288438 0.006938 0.288438 0.025547 0.287203 0.042906 0.292156 0.070187 0.305797 0.098703 0.314484 0.122266 0.331844 0.139641 0.331844 0.154516 0.328125 0.169391 0.328125
0 0.242563 0.252484 0.237594 0.276047 0.222719 0.309531 0.214031 0.331844 0.205359 0.344250 0.189234 0.357891 0.183031 0.367812 0.174359 0.375250 0.154516 0.380203 0.140875 0.391375 0.119797 0.400047 0.091266 0.409969 0.067703 0.421125 0.059031 0.443453 0.059031 0.454609 0.056547 0.468250 0.066469 0.481891 0.081344 0.485609 0.096234 0.488094 0.114828 0.475688 0.132188 0.468250 0.152031 0.454609 0.159469 0.447172 0.180562 0.438484 0.199156 0.426094 0.209078 0.418656 0.219000 0.418656 0.235125 0.426094 0.233875 0.403766 0.248766 0.392609 0.261156 0.391375 0.240078 0.385172 0.222719 0.367812 0.220234 0.347969 0.238844 0.326891 0.257437 0.314484 0.282234 0.299609 0.293406 0.287203 0.298359 0.271078 0.295891 0.267359 0.288438 0.257437 0.274797 0.254953
0 0.462047 0.411203 0.432297 0.416172 0.409969 0.423609 0.401297 0.443453 0.398813 0.452141 0.391375 0.469500 0.382687 0.481891 0.375250 0.491812 0.356641 0.499250 0.343000 0.499250 0.329359 0.489328 0.313250 0.468250 0.304562 0.459578 0.293406 0.448406 0.273563 0.437250 0.263641 0.433531 0.243797 0.434766 0.242563 0.452141 0.245047 0.467016 0.258687 0.485609 0.268594 0.505453 0.279766 0.525297 0.293406 0.537703 0.319438 0.551344 0.354172 0.563734 0.374016 0.556297 0.401297 0.550094 0.421125 0.537703 0.437250 0.512891 0.450891 0.498016 0.469500 0.474453 0.470734 0.444688 0.470734 0.431047
0 0.237594 0.512891 0.237594 0.476938 0.237594 0.452141 0.221484 0.437250 0.212797 0.432297 0.190469 0.434766 0.176828 0.452141 0.165672 0.463297 0.165672 0.484375 0.171875 0.505453 0.174359 0.530266 0.184281 0.555063 0.194203 0.576141 0.205359 0.598469 0.209078 0.610859 0.225203 0.620781 0.243797 0.622031 0.256203 0.628219 0.287203 0.633188 0.277281 0.610859 0.268594 0.593500 0.257437 0.571187 0.251234 0.552578 0.245047 0.542656
0 0.361609 0.685266 0.312000 0.654266 0.288438 0.644344 0.246281 0.628219 0.222719 0.628219 0.195438 0.626984 0.176828 0.626984 0.166922 0.634422 0.158234 0.649312 0.166922 0.670391 0.186750 0.680313 0.212797 0.684031 0.240078 0.684031 0.257437 0.687750 0.279766 0.697672 0.302078 0.711313 0.324406 0.723703 0.341766 0.738594 0.367812 0.746031 0.390125 0.754719 0.429813 0.754719 0.443453 0.746031 0.445937 0.724953 0.447172 0.716266 0.458328 0.703875 0.427328 0.702625 0.395094 0.696422
0 0.028031 0.731156 0.010672 0.743547 0.000750 0.762156 0.008188 0.774547 0.026781 0.774547 0.051594 0.773313 0.072672 0.763391 0.094984 0.758438 0.116078 0.754719 0.143359 0.755953 0.158234 0.762156 0.184281 0.763391 0.210313 0.772078 0.237594 0.785719 0.262406 0.789438 0.284719 0.795641 0.302078 0.785719 0.313250 0.777031 0.313250 0.762156 0.305797 0.753469 0.289687 0.741078 0.278516 0.726187 0.250000 0.718750 0.222719 0.711313 0.200391 0.700156 0.190469 0.700156 0.163188 0.700156 0.150797 0.695188 0.127234 0.686516 0.113594 0.687750 0.088797 0.688984 0.083828 0.702625 0.077625 0.717516 0.063984 0.726187 0.052828 0.729906
0 0.047859 0.772078 0.029266 0.783234 0.010672 0.795641 0.000000 0.807278 0.000000 0.887137 0.003219 0.886156 0.018109 0.865078 0.030500 0.844000 0.052828 0.820437 0.071422 0.810516 0.085063 0.805562 0.096234 0.789438 0.093750 0.777031 0.086313 0.767109 0.068953 0.767109
0 0.075156 0.889875 0.098703 0.896078 0.122266 0.899797 0.143359 0.899797 0.166922 0.898562 0.181797 0.892359 0.196672 0.891125 0.211562 0.898562 0.217766 0.914688 0.216516 0.930797 0.206594 0.939484 0.202875 0.951891 0.195438 0.963047 0.174359 0.969250 0.158234 0.972969 0.138391 0.971719 0.128469 0.969250 0.111109 0.965531 0.103672 0.964281 0.077625 0.960562 0.066469 0.960562 0.042906 0.961812 0.030500 0.964281 0.006938 0.968000 0.000000 0.969891 0.000000 0.945709 0.014391 0.943203 0.036703 0.940719 0.055312 0.929563 0.066469 0.915922
0 0.333078 0.841516 0.355406 0.845234 0.383922 0.846484 0.407484 0.835312 0.417406 0.817953 0.414937 0.799359 0.408734 0.788188 0.400047 0.779516 0.390125 0.774547 0.372766 0.770828 0.347969 0.770828 0.320688 0.777031 0.308281 0.784469 0.290922 0.794391 0.273563 0.800594 0.256203 0.800594 0.235125 0.803078 0.210313 0.808031 0.186750 0.809281 0.175594 0.817953 0.155750 0.827875 0.142109 0.835312 0.129719 0.850203 0.104906 0.856406 0.101187 0.876234 0.092516 0.887406 0.107391 0.893594 0.149547 0.901047 0.169391 0.892359 0.180562 0.883687 0.200391 0.867563 0.217766 0.863844 0.250000 0.863844 0.266125 0.860125 0.279766 0.860125 0.298359 0.851438 0.314484 0.846484
0 0.574906 0.163188 0.545141 0.163188 0.532734 0.161953 0.511656 0.165672 0.490578 0.163188 0.470734 0.179312 0.449656 0.183031 0.421125 0.183031 0.400047 0.183031 0.381453 0.189234 0.367812 0.200391 0.359125 0.215281 0.361609 0.233875 0.380203 0.248766 0.401297 0.251234 0.432297 0.251234 0.443453 0.246281 0.480656 0.238844 0.511656 0.230156 0.535219 0.225203 0.555063 0.223953 0.589781 0.225203 0.607141 0.219000 0.628219 0.210313 0.645578 0.179312 0.645578 0.165672 0.624500 0.149547 0.614578 0.153281 0.602188 0.165672
0 0.525297 0.324406 0.506703 0.319438 0.484375 0.314484 0.471969 0.314484 0.452141 0.319438 0.436016 0.321922 0.426094 0.333078 0.426094 0.354172 0.442219 0.367812 0.463297 0.372766 0.486859 0.381453 0.504219 0.382687 0.526531 0.390125 0.541422 0.391375 0.567453 0.388891 0.600937 0.388891 0.612109 0.385172 0.629469 0.383922 0.644344 0.361609 0.662953 0.355406 0.680313 0.339281 0.684031 0.324406 0.698906 0.310766 0.711313 0.302078 0.727437 0.283484 0.718750 0.268594 0.710063 0.258687 0.697672 0.259922 0.672859 0.263641 0.650547 0.281000 0.635672 0.294641 0.622031 0.308281 0.612109 0.315719 0.598469 0.324406 0.581094 0.326891 0.558781 0.326891 0.541422 0.326891
0 0.671625 0.432297 0.655500 0.427328 0.630703 0.426094 0.617063 0.432297 0.614578 0.447172 0.635672 0.471969 0.651781 0.491812 0.654266 0.502969 0.664187 0.512891 0.675344 0.524062 0.687750 0.536453 0.707594 0.546375 0.715031 0.552578 0.722469 0.564984 0.737344 0.568703 0.741078 0.576141 0.759672 0.587297 0.763391 0.576141 0.791922 0.586063 0.808031 0.593500 0.827875 0.597219 0.856406 0.607141 0.883687 0.614578 0.897328 0.599703 0.897328 0.577375 0.891125 0.566219 0.882437 0.550094 0.871281 0.535219 0.855156 0.530266 0.826641 0.526531 0.806797 0.514141 0.790672 0.512891 0.759672 0.501734 0.736109 0.491812 0.723703 0.478172 0.710063 0.464531 0.691469 0.444688 0.684031 0.438484
0 0.614578 0.480656 0.615828 0.462047 0.615828 0.447172 0.625750 0.431047 0.626984 0.417406 0.605906 0.407484 0.591016 0.401297 0.569937 0.403766 0.563734 0.429813 0.561266 0.448406 0.561266 0.469500 0.561266 0.490578 0.561266 0.511656 0.558781 0.524062 0.550094 0.543906 0.546375 0.557547 0.536453 0.574906 0.533984 0.609625 0.530266 0.635672 0.524062 0.651781 0.514141 0.675344 0.510422 0.687750 0.504219 0.705109 0.491812 0.721234 0.481891 0.736109 0.488094 0.749750 0.501734 0.764641 0.525297 0.775797 0.526531 0.746031 0.546375 0.727437 0.563734 0.721234 0.564984 0.705109 0.562500 0.690234 0.566219 0.669141 0.576141 0.646828 0.591016 0.622031 0.599703 0.602188 0.602188 0.572422 0.602188 0.564984 0.604656 0.537703 0.604656 0.516609 0.605906 0.499250
0 0.619547 0.836563 0.608391 0.822922 0.597219 0.793156 0.588547 0.758438 0.577375 0.736109 0.564984 0.726187 0.551344 0.726187 0.536453 0.739828 0.529016 0.750984 0.531500 0.779516 0.537703 0.801828 0.551344 0.829109 0.560016 0.845234 0.573656 0.865078 0.589781 0.884922 0.595984 0.892359 0.620781 0.896078 0.639391 0.898562 0.655500 0.894844 0.666672 0.881203 0.681547 0.884922 0.701391 0.876234 0.707594 0.852672 0.696422 0.837797 0.676594 0.841516 0.659219 0.846484 0.645578 0.846484 0.633188 0.840281
0 0.653031 0.703875 0.641859 0.682781 0.625750 0.665422 0.602188 0.651781 0.582344 0.660469 0.574906 0.666672 0.566219 0.680313 0.567453 0.698906 0.573656 0.719984 0.583578 0.734875 0.600937 0.759672 0.613344 0.774547 0.615828 0.796875 0.624500 0.804312 0.636906 0.798109 0.649312 0.806797 0.660469 0.817953 0.692703 0.826641 0.703875 0.827875 0.734875 0.819203 0.754719 0.816719 0.789438 0.794391 0.809281 0.780750 0.820437 0.758438 0.819203 0.728672 0.811750 0.717516 0.793156 0.726187 0.768359 0.736109 0.747266 0.753469 0.736109 0.758438 0.712547 0.762156 0.697672 0.750984 0.676594 0.742312 0.659219 0.726187
0 0.677828 0.935766 0.676594 0.910969 0.670391 0.889875 0.648062 0.896078 0.619547 0.897328 0.615828 0.909719 0.608391 0.932047 0.597219 0.950641 0.583578 0.964281 0.558781 0.979172 0.535219 0.995281 0.529641 0.998437 0.630489 0.998437 0.643109 0.981641 0.660469 0.966766
0 0.956844 0.626984 0.964281 0.613344 0.981641 0.594734 0.997766 0.581094 0.998437 0.576254 0.998437 0.549364 0.997766 0.542656 0.990328 0.535219 0.970484 0.535219 0.958078 0.540172 0.941969 0.558781 0.934531 0.572422 0.914688 0.588547 0.906000 0.593500 0.891125 0.609625 0.878719 0.630703 0.881203 0.650547 0.881203 0.667906 0.878719 0.690234 0.886156 0.710063 0.887406 0.729906 0.897328 0.750984 0.903516 0.774547 0.909719 0.790672 0.915922 0.810516 0.919641 0.829109 0.920891 0.837797 0.929563 0.846484 0.949406 0.851438 0.959328 0.845234 0.968000 0.825391 0.975453 0.805562 0.968000 0.769594 0.963047 0.742312 0.955609 0.723703 0.948172 0.696422 0.941969 0.676594 0.940719 0.653031
0 0.872516 0.903516 0.862594 0.893594 0.856406 0.879953 0.846484 0.866313 0.832844 0.857641 0.820437 0.853922 0.809281 0.853922 0.788188 0.856406 0.790672 0.878719 0.795641 0.897328 0.795641 0.906000 0.805562 0.912203 0.810516 0.928328 0.826641 0.938250 0.846484 0.951891 0.852672 0.959328 0.875000 0.959328 0.884922 0.949406 0.883687 0.924609
0 0.805562 0.915922 0.793156 0.902281 0.774547 0.878719 0.754719 0.856406 0.736109 0.847719 0.717516 0.851438 0.706344 0.865078 0.708828 0.896078 0.728672 0.927078 0.742312 0.950641 0.767109 0.974203 0.779516 0.989094 0.789517 0.998437 0.939931 0.998437 0.945688 0.992813 0.950641 0.959328 0.937000 0.930797 0.933281 0.907234 0.922125 0.889875 0.901047 0.882437 0.878719 0.891125 0.881203 0.909719 0.882437 0.927078 0.883687 0.945688 0.881203 0.961812 0.863844 0.961812 0.853922 0.959328 0.834078 0.948172 0.826641 0.938250 0.813000 0.929563
0 0.998437 0.927884 0.998437 0.884178 0.984125 0.881203 0.964281 0.891125 0.956844 0.903516 0.949406 0.913437 0.948172 0.925844 0.948172 0.937000 0.949406 0.950641 0.950641 0.965531 0.953125 0.972969 0.968000 0.971719 0.966766 0.955609 0.986609 0.935766
0 0.998437 0.088384 0.994047 0.086313 0.981641 0.075156 0.971719 0.060266 0.961812 0.066469 0.943203 0.062750 0.933281 0.059031 0.912203 0.049109 0.888641 0.034219 0.872516 0.024312 0.857641 0.024312 0.836563 0.024312 0.827875 0.034219 0.824156 0.045391 0.824156 0.062750 0.836563 0.076391 0.853922 0.099953 0.872516 0.106156 0.898562 0.113594 0.923359 0.123516 0.953125 0.134672 0.968000 0.138391 0.991562 0.145828 0.998437 0.149440
1 0.023750 0.854500 0.037187 0.834000 0.055578 0.821266 0.085266 0.806422 0.097984 0.819859 0.109297 0.819141 0.118500 0.803594 0.139703 0.784500 0.150313 0.785922 0.157375 0.796516 0.161625 0.800062 0.165859 0.819141 0.146063 0.836828 0.139703 0.843891 0.130516 0.849547 0.109297 0.854500 0.107188 0.860859 0.102937 0.872875 0.100812 0.884188 0.094453 0.890547 0.088094 0.890547 0.079609 0.879234 0.075375 0.870047 0.062641 0.852375 0.054859 0.846016 0.033656 0.855906 0.028000 0.860859 0.023750 0.866516 0.024469 0.877125 0.015266 0.877828 0.003953 0.889141 0.009609 0.870047 0.016687 0.870766
1 0.455031 0.856625 0.465641 0.857328 0.476953 0.862984 0.491797 0.869344 0.499578 0.872172 0.521500 0.868641 0.541297 0.859453 0.549781 0.850250 0.552609 0.838234 0.548359 0.828344 0.534219 0.819141 0.514422 0.819141 0.490391 0.816313 0.482609 0.803594 0.474125 0.810656 0.474125 0.822688 0.475531 0.833281 0.462813 0.843891
1 0.581594 0.755516 0.587250 0.768234 0.590781 0.788031 0.609875 0.824797 0.614812 0.833281 0.625422 0.840359 0.641688 0.846719 0.664313 0.848141 0.679859 0.838938 0.667844 0.833281 0.655125 0.831172 0.653000 0.821969 0.640266 0.798641 0.631781 0.800766 0.622594 0.804297 0.614109 0.793688 0.616937 0.785922 0.609156 0.774609 0.600672 0.764703 0.595734 0.756219
1 0.723703 0.846719 0.738547 0.846016 0.753391 0.857328 0.764703 0.865109 0.773891 0.872875 0.792984 0.894797 0.792281 0.875703 0.790859 0.861563 0.796516 0.853078 0.806422 0.848141 0.815609 0.852375 0.824797 0.856625 0.841766 0.859453 0.848141 0.864391 0.852375 0.870766 0.851672 0.879953 0.857328 0.884891 0.859453 0.889844 0.865812 0.896922 0.874297 0.896922 0.881359 0.894797 0.884891 0.889141 0.884891 0.876406 0.879953 0.868641 0.870047 0.854500 0.865109 0.850969 0.834703 0.844594 0.824094 0.838938 0.818437 0.834703 0.806422 0.824094 0.797234 0.819141 0.786625 0.815609 0.779547 0.812078 0.758344 0.809953 0.751266 0.818437 0.751266 0.824094 0.742078 0.831172 0.730063 0.840359
1 0.781672 0.679859 0.790156 0.672094 0.806422 0.667141 0.814906 0.655828 0.811375 0.641688 0.814203 0.630375 0.821969 0.628250 0.828344 0.628953 0.836109 0.633906 0.843188 0.639562 0.848141 0.645219 0.848141 0.662187 0.848844 0.669266 0.844594 0.678453 0.848141 0.686938 0.862281 0.696125 0.859453 0.702484 0.852375 0.710266 0.843891 0.713094 0.839656 0.708141 0.838234 0.702484 0.831172 0.698250 0.820563 0.703203 0.812078 0.709562 0.806422 0.713094 0.798641 0.710969 0.791578 0.710266 0.785203 0.706734 0.788750 0.701781 0.792281 0.695422 0.788031 0.690469
1 0.734297 0.024469 0.732187 0.041437 0.727234 0.061234 0.731469 0.079609 0.747031 0.088094 0.750562 0.100812 0.755516 0.108594 0.750562 0.121328 0.751984 0.127688 0.764000 0.122734 0.783094 0.128391 0.797938 0.128391 0.795109 0.121328 0.789453 0.112844 0.797938 0.103641 0.812078 0.107188 0.834000 0.108594 0.860156 0.105766 0.866516 0.100812 0.843188 0.089516 0.838938 0.075375 0.830453 0.054156 0.828344 0.040719 0.838938 0.026578 0.854500 0.022344 0.867938 0.025172 0.880656 0.024469 0.897625 0.031531 0.918125 0.044266 0.945000 0.056984 0.951359 0.061234 0.965500 0.059812 0.980344 0.061937 0.993781 0.064062 0.998437 0.050663 0.998437 0.020895 0.978219 0.016687 0.932266 0.011734 0.905406 0.008906 0.861563 0.010328 0.829047 0.017391 0.810656 0.015984 0.784500 0.016687 0.764703 0.017391 0.747734 0.012438 0.738547 0.017391
1 0.059812 0.177437 0.092578 0.176844 0.139391 0.170406 0.173922 0.169234 0.196750 0.168656 0.223672 0.168656 0.241219 0.163391 0.259953 0.154031 0.268734 0.166906 0.275156 0.168656 0.288031 0.159297 0.298578 0.142906 0.318469 0.135297 0.343047 0.132375 0.365875 0.131781 0.392203 0.134719 0.401562 0.137641 0.415609 0.133547 0.422641 0.127109 0.423219 0.117156 0.407422 0.110141 0.396891 0.104281 0.376406 0.103703 0.376406 0.094922 0.379922 0.083219 0.372891 0.078531 0.365281 0.083219 0.361187 0.098437 0.355344 0.102531 0.336609 0.101359 0.321984 0.093750 0.313781 0.101359 0.310281 0.113063 0.295641 0.113063 0.289203 0.102531 0.281594 0.097844 0.267563 0.100766 0.272234 0.110141 0.276922 0.122422 0.271656 0.137063 0.261125 0.147594 0.245312 0.148766 0.215469 0.152266 0.194984 0.154031 0.179781 0.157531 0.168078 0.154031 0.147000 0.155781 0.131781 0.154031 0.115984 0.155203 0.101359 0.162219 0.097266 0.155781 0.092000 0.147000 0.083219 0.142906 0.066828 0.144078 0.058641 0.139391 0.058047 0.129453 0.052781 0.122422 0.042844 0.115984 0.031719 0.102531 0.029375 0.100766 0.022359 0.094922 0.017672 0.090234 0.008313 0.076187 0.000703 0.066828 0.000000 0.066985 0.000000 0.097341 0.020016 0.110141 0.029969 0.121250 0.027031 0.130031 0.005969 0.133547 0.000000 0.133796 0.000000 0.148545 0.007719 0.148172 0.019422 0.141156 0.039328 0.135891 0.051031 0.143500 0.060984 0.149938 0.065656 0.159297
1 0.434922 0.058641 0.455406 0.059219 0.467109 0.062156 0.477641 0.068000 0.488172 0.072094 0.499891 0.069172 0.509250 0.063312 0.509828 0.052781 0.502812 0.046344 0.497547 0.035234 0.496953 0.026453 0.487594 0.022937 0.463594 0.027625 0.458922 0.029969 0.454828 0.032891 0.455406 0.044594 0.451313 0.049859 0.444875 0.055125
0 0.244937 0.380125 0.288125 0.391391 0.353844 0.306891 0.423312 0.241172 0.472141 0.151047 0.436453 0.141656 0.372625 0.211141 0.291875 0.271219 0.235547 0.333188 0.213016 0.368859
0 0.234609 0.686828 0.239297 0.788531 0.278422 0.862078 0.342578 0.945016 0.384828 0.927797 0.372312 0.869906 0.297203 0.768188 0.275281 0.705594