0 0.197906 0.665016 0.228391 0.663109 0.243641 0.685969 0.255063 0.716469 0.255063 0.739328 0.260781 0.783156 0.255063 0.809828 0.241734 0.838422 0.230297 0.874625 0.232203 0.887953 0.234109 0.905109 0.224578 0.929875 0.218859 0.947031 0.228391 0.964172 0.213141 0.983234 0.188375 0.985141 0.176937 0.969891 0.167422 0.943219 0.165516 0.920344 0.165516 0.887953 0.175031 0.840312 0.176937 0.807922 0.180750 0.773625 0.184563 0.739328 0.186469 0.705031
0 0.451328 0.710750 0.476109 0.716469 0.487531 0.727891 0.498969 0.735516 0.498969 0.756484 0.479922 0.779344 0.464672 0.796500 0.426563 0.807922 0.397984 0.830797 0.363687 0.863188 0.340813 0.884141 0.314141 0.908922 0.285562 0.939406 0.251250 0.931781 0.247453 0.908922 0.249359 0.874625 0.277938 0.847937 0.295078 0.819359 0.323672 0.792687 0.354156 0.775531 0.380828 0.756484 0.409406 0.745047
0 0.335103 0.998437 0.346531 0.987047 0.369391 0.960359 0.397984 0.933687 0.428469 0.910828 0.457047 0.891766 0.476109 0.882234 0.481828 0.905109 0.476109 0.929875 0.460859 0.950844 0.430375 0.987047 0.414167 0.998437
0 0.483734 0.783156 0.510406 0.783156 0.531359 0.783156 0.567562 0.775531 0.605672 0.775531 0.651406 0.766000 0.687609 0.769813 0.704766 0.794594 0.706672 0.830797 0.678094 0.836516 0.636172 0.836516 0.596156 0.836516 0.554234 0.836516 0.510406 0.832703 0.460859 0.826984 0.460859 0.806016
0 0.367500 0.402062 0.373203 0.362047 0.386547 0.335359 0.397984 0.293438 0.418938 0.268672 0.420844 0.242000 0.418938 0.217219 0.403703 0.184828 0.405609 0.146719 0.417031 0.112422 0.447516 0.106703 0.457047 0.139094 0.458953 0.173406 0.478016 0.207703 0.479922 0.247719 0.476109 0.272484 0.458953 0.318219 0.445625 0.358234 0.445625 0.390625 0.432281 0.423016 0.409406 0.440172 0.386547 0.434453
0 0.458953 0.476375 0.483734 0.445891 0.504687 0.415391 0.519937 0.392531 0.537078 0.371563 0.535172 0.337266 0.523750 0.308688 0.508500 0.274391 0.500875 0.255328 0.487531 0.230563 0.483734 0.219125 0.478016 0.188641 0.489438 0.184828 0.519937 0.182922 0.561859 0.200078 0.565656 0.226750 0.584719 0.270578 0.596156 0.304875 0.605672 0.354422 0.611391 0.392531 0.590437 0.409687 0.569469 0.443984 0.544703 0.466844 0.521844 0.489703 0.504687 0.506859 0.470391 0.504953
0 0.594250 0.737422 0.575187 0.703125 0.567562 0.678359 0.552328 0.647859 0.544703 0.613563 0.538984 0.575453 0.540891 0.544969 0.554234 0.512578 0.558047 0.491609 0.569469 0.472562 0.596156 0.459219 0.611391 0.480187 0.609484 0.506859 0.599969 0.537344 0.599969 0.581172 0.611391 0.613563 0.634266 0.661203 0.641875 0.699313 0.626641 0.739328
0 0.632359 0.520203 0.639984 0.493516 0.651406 0.463031 0.659031 0.421109 0.666656 0.394437 0.678094 0.363953 0.697141 0.339172 0.710484 0.320125 0.731437 0.304875 0.748594 0.308688 0.763828 0.329656 0.760016 0.356328 0.756219 0.379188 0.744781 0.405875 0.733344 0.426828 0.725719 0.455406 0.708578 0.493516 0.689516 0.531625 0.659031 0.552594 0.632359 0.541156
0 0.866734 0.430641 0.889594 0.419203 0.906750 0.436359 0.916266 0.455406 0.925797 0.476375 0.912469 0.493516 0.887687 0.501141 0.881969 0.512578 0.864828 0.531625 0.887687 0.558312 0.897219 0.575453 0.908656 0.604047 0.904844 0.626906 0.895312 0.653578 0.883875 0.665016 0.864828 0.668828 0.864828 0.651672 0.866734 0.628812 0.866734 0.611656 0.859109 0.590703 0.847672 0.581172 0.826719 0.562125 0.815281 0.525922 0.815281 0.504953 0.824812 0.485906 0.849578 0.474469 0.859109 0.449688
0 0.662844 0.676453 0.666656 0.693594 0.681891 0.716469 0.704766 0.708844 0.723812 0.718375 0.735250 0.746953 0.752406 0.786969 0.760016 0.813641 0.780984 0.832703 0.794328 0.861281 0.819094 0.897484 0.847672 0.916547 0.870547 0.933687 0.880062 0.916547 0.881969 0.905109 0.887687 0.887953 0.887687 0.867000 0.876250 0.855562 0.859109 0.826984 0.838141 0.807922 0.822906 0.777438 0.803844 0.743141 0.796234 0.716469 0.779078 0.699313 0.758125 0.678359 0.735250 0.666922 0.700953 0.666922
0 0.497063 0.897484 0.514219 0.878438 0.544703 0.865094 0.571375 0.870813 0.571375 0.895578 0.584719 0.926062 0.599969 0.916547 0.605672 0.937500 0.611391 0.952750 0.617109 0.981328 0.622858 0.998437 0.542528 0.998437 0.540891 0.988953 0.519937 0.964172 0.502781 0.926062
0 0.652264 0.998437 0.647594 0.981328 0.638078 0.952750 0.634266 0.929875 0.638078 0.905109 0.643781 0.870813 0.651406 0.855562 0.670469 0.849844 0.693328 0.868906 0.695234 0.897484 0.706672 0.947031 0.714297 0.987047 0.719845 0.998437
0 0.907622 0.998437 0.914375 0.952750 0.914375 0.910828 0.921984 0.867000 0.921984 0.834609 0.937234 0.819359 0.963906 0.815547 0.981062 0.828891 0.981062 0.863188 0.982969 0.914641 0.988687 0.971797 0.987120 0.998437
0 0.998437 0.088572 0.960094 0.106703 0.912469 0.123859 0.876250 0.150531 0.822906 0.148625 0.771453 0.135297 0.742875 0.100984 0.761922 0.083844 0.779078 0.076219 0.800031 0.089563 0.838141 0.087656 0.872453 0.074313 0.920078 0.057172 0.973437 0.040016 0.998203 0.013344 0.998437 0.013044
0 0.274813 0.273922 0.216938 0.266203 0.176422 0.246906 0.151344 0.217984 0.137844 0.183250 0.124344 0.129250 0.124344 0.084875 0.120484 0.044375 0.132062 0.017359 0.161000 0.003859 0.189938 0.003859 0.207297 0.009641 0.195719 0.028937 0.188000 0.050156 0.189938 0.081016 0.191859 0.108031 0.199578 0.142750 0.220797 0.175547 0.240078 0.198687 0.255516 0.219906 0.270953 0.248844
0 0.232375 0.165891 0.232375 0.123453 0.222719 0.092594 0.222719 0.057875 0.222719 0.023141 0.226578 0.005781 0.282516 0.005781 0.286375 0.023141 0.284453 0.065594 0.286375 0.115734 0.288313 0.154328 0.280594 0.183250 0.261297 0.190969 0.243938 0.183250
0 0.297953 0.007719 0.332672 0.025078 0.388625 0.034719 0.404047 0.032797 0.438766 0.023141 0.463844 0.019297 0.488922 0.013500 0.500500 0.023141 0.504359 0.048219 0.500500 0.067516 0.485063 0.086813 0.465781 0.106094 0.471562 0.133109 0.487000 0.136953 0.512078 0.135031 0.535219 0.119594 0.550656 0.096453 0.566094 0.081016 0.569953 0.057875 0.573797 0.036656 0.573797 0.017359 0.562234 0.007719 0.537156 0.000000
0 0.600812 0.189047 0.585375 0.148531 0.566094 0.098375 0.566094 0.069437 0.583453 0.038578 0.608531 0.023141 0.627812 0.005781 0.645172 0.001922 0.689547 0.001922 0.712688 0.000000 0.697266 0.021219 0.677969 0.044375 0.660609 0.069437 0.649031 0.086813 0.639391 0.115734 0.633609 0.150469 0.635531 0.171687 0.620094 0.179391
0 0.747422 0.078938 0.752250 0.061219 0.753859 0.041875 0.771578 0.032219 0.805406 0.030609 0.839234 0.027391 0.877906 0.027391 0.913344 0.020938 0.932672 0.012891 0.931063 0.006438 0.895625 0.003219 0.856953 0.000000 0.815078 0.001609 0.763531 0.001609 0.737750 0.001609 0.720031 0.011281 0.707156 0.035437 0.702313 0.057984 0.710375 0.078938 0.720031 0.091812 0.737750 0.091812
0 0.683234 0.722438 0.684969 0.753578 0.687266 0.767984 0.706875 0.791047 0.710906 0.817578 0.708031 0.849859 0.722438 0.897719 0.747234 0.953641 0.756453 0.973828 0.782984 0.983047 0.804312 0.979594 0.813531 0.961719 0.808344 0.925969 0.772594 0.861391 0.752422 0.821031 0.743203 0.778937 0.737437 0.751266 0.725906 0.733969 0.718406 0.718406
0 0.706875 0.913281 0.701109 0.921359 0.708031 0.947875 0.714375 0.968641 0.721281 0.974984 0.737437 0.967484 0.741469 0.950187 0.736859 0.936344 0.725328 0.911547
1 0.638188 0.126391 0.639578 0.136813 0.643062 0.150000 0.643750 0.172219 0.621531 0.181250 0.604859 0.184719 0.602078 0.190969 0.613891 0.218750 0.620828 0.254859 0.625000 0.279859 0.635422 0.327078 0.645828 0.350000 0.645828 0.367359 0.644437 0.384031 0.641672 0.422922 0.635422 0.445828 0.641672 0.463891 0.645828 0.472922 0.652078 0.457641 0.652078 0.434719 0.656937 0.419438 0.660422 0.395828 0.663891 0.372219 0.690969 0.330562 0.702078 0.317359 0.714578 0.311109 0.706937 0.300000 0.708328 0.272922 0.713891 0.252078 0.721531 0.239578 0.724313 0.234031 0.734031 0.231937 0.740281 0.218750 0.742359 0.202781 0.739578 0.169437 0.733328 0.149313 0.732641 0.125688 0.726391 0.114578 0.718063 0.101391 0.713891 0.088891 0.705562 0.076391 0.695141 0.064578 0.693750 0.091672 0.698609 0.106937 0.698609 0.121531 0.700688 0.132641 0.709719 0.144437 0.714578 0.159719 0.715969 0.176391 0.712500 0.182641 0.703469 0.187500 0.686813 0.181250 0.681937 0.172219 0.673609 0.160422 0.665281 0.155562 0.658328 0.150000 0.654859 0.140969 0.656250 0.130562 0.654172 0.120828 0.643750 0.120828
1 0.744437 0.400000 0.737500 0.413187 0.739578 0.422922 0.729172 0.435422 0.726391 0.442359 0.735422 0.447922 0.731250 0.460422 0.720828 0.472922 0.715281 0.482641 0.710422 0.497219 0.711109 0.509719 0.725688 0.509719 0.731938 0.515281 0.734719 0.522922 0.738891 0.532641 0.730563 0.547922 0.737500 0.555562 0.748609 0.555562 0.757641 0.554172 0.761813 0.546531 0.764578 0.535422 0.756250 0.525000 0.756250 0.503469 0.756250 0.488891 0.756938 0.474313 0.753469 0.453469 0.752781 0.430563 0.751391 0.416672 0.748609 0.409719
1 0.650572 0.998437 0.649312 0.995141 0.634031 0.980562 0.645828 0.970828 0.638891 0.957641 0.635422 0.943750 0.631250 0.934031 0.640281 0.927781 0.634719 0.915281 0.643062 0.899312 0.640969 0.890281 0.644437 0.863188 0.659031 0.850000 0.666672 0.842359 0.668750 0.836812 0.653469 0.834031 0.641672 0.829859 0.631938 0.861109 0.625000 0.869438 0.618062 0.861109 0.615281 0.850688 0.607641 0.850688 0.602078 0.859719 0.590969 0.858328 0.586812 0.852078 0.579859 0.843062 0.573609 0.837500 0.561109 0.838188 0.565281 0.850000 0.561813 0.858328 0.560422 0.864578 0.575000 0.872922 0.582641 0.874312 0.575688 0.892359 0.581250 0.901391 0.584719 0.913188 0.585422 0.922219 0.593063 0.916672 0.598609 0.910422 0.611812 0.918750 0.609719 0.946531 0.611109 0.956250 0.616672 0.961109 0.627078 0.958328 0.629859 0.972922 0.620828 0.977078 0.623609 0.986812 0.625687 0.994438 0.633328 0.993062 0.633907 0.998437
1 0.574203 0.735062 0.576516 0.742000 0.580359 0.746609 0.574203 0.766625 0.578047 0.772781 0.598062 0.767391 0.614219 0.765094 0.620375 0.746609 0.633469 0.746609 0.637312 0.758156 0.635781 0.765859 0.642703 0.767391 0.645781 0.757391 0.638859 0.745844 0.638078 0.732766 0.638078 0.718141 0.637312 0.711203 0.628078 0.732766 0.621922 0.742766 0.604984 0.742766 0.592672 0.737375 0.584969 0.726594 0.583437 0.716594 0.576516 0.711984 0.570344 0.718906 0.568813 0.728141
0 0.526500 0.738344 0.559406 0.736281 0.584094 0.697203 0.651953 0.645797 0.713656 0.651953 0.800031 0.662250 0.865844 0.647844 0.888469 0.608766 0.835000 0.579969 0.760969 0.598484 0.695156 0.586141 0.617000 0.608766 0.547063 0.668406 0.514156 0.703375