0 0.240203 0.136813 0.220766 0.173359 0.205219 0.217656 0.199000 0.256531 0.191234 0.303172 0.179578 0.345922 0.179578 0.380906 0.164031 0.431438 0.192812 0.433469 0.204562 0.440188 0.204562 0.455312 0.210672 0.468750 0.218438 0.433766 0.223875 0.375469 0.233984 0.317172 0.247203 0.274406 0.258859 0.231656 0.282187 0.202891 0.286062 0.175687 0.288406 0.138375 0.272859 0.125156 0.233984 0.143813
0 0.155469 0.121875 0.155469 0.210938 0.153125 0.265625 0.154688 0.328125 0.160938 0.381250 0.159375 0.421875 0.139844 0.457031 0.121875 0.467187 0.106250 0.453906 0.096875 0.426563 0.100000 0.391406 0.102344 0.340625 0.090625 0.297656 0.082812 0.260156 0.078906 0.197656 0.082812 0.149219 0.100000 0.106250 0.106250 0.086719 0.129688 0.097656 0.139063 0.109375
0 0.293750 0.318750 0.309375 0.346094 0.321094 0.400781 0.326562 0.453125 0.326562 0.498437 0.321094 0.557031 0.313281 0.593750 0.293750 0.644531 0.264844 0.693750 0.249219 0.713281 0.215625 0.711719 0.207813 0.682031 0.215625 0.653125 0.231250 0.625781 0.239063 0.590625 0.254688 0.539844 0.260156 0.504687 0.260156 0.467187 0.260156 0.428125 0.254688 0.395313 0.241406 0.356250 0.248438 0.322656 0.267969 0.317188 0.282031 0.310937
0 0.510156 0.006250 0.489063 0.064844 0.483594 0.136719 0.487500 0.217188 0.506250 0.296875 0.533594 0.353906 0.563281 0.390625 0.586719 0.410156 0.624219 0.383594 0.589063 0.332813 0.568750 0.250781 0.559375 0.188281 0.543750 0.106250 0.559375 0.047656 0.575000 0.006250
0 0.215625 0.002344 0.248438 0.031250 0.295312 0.084375 0.332813 0.115625 0.357812 0.150781 0.385156 0.189844 0.399219 0.225000 0.379688 0.238281 0.356250 0.244531 0.332813 0.203906 0.313281 0.180469 0.293750 0.150781 0.285938 0.133594 0.258594 0.111719 0.237500 0.102344 0.221875 0.086719 0.186719 0.046875 0.182812 0.032031 0.200000 0.014063
0 0.003125 0.205469 0.025781 0.230469 0.045312 0.242188 0.072656 0.257812 0.082812 0.271875 0.086719 0.299219 0.077344 0.314844 0.053906 0.317188 0.032031 0.303125 0.000781 0.287500
0 0.734375 0.264844 0.763281 0.300000 0.781250 0.331250 0.812500 0.383594 0.832031 0.413281 0.863281 0.434375 0.886719 0.438281 0.933594 0.452344 0.959375 0.467969 0.949219 0.491406 0.916406 0.499219 0.873437 0.495312 0.808594 0.485938 0.773438 0.460156 0.742188 0.401562 0.734375 0.370312 0.718750 0.339062 0.682031 0.315625 0.667969 0.294531 0.662500 0.268750 0.685156 0.251563 0.708594 0.253125
0 0.742188 0.563281 0.705469 0.647656 0.674219 0.667188 0.666406 0.696094 0.662500 0.735156 0.666406 0.784375 0.666406 0.813281 0.683594 0.878125 0.707031 0.921094 0.705469 0.944531 0.685937 0.977344 0.662500 0.975781 0.644531 0.944531 0.632812 0.901563 0.607812 0.827344 0.605469 0.768750 0.600000 0.708594 0.614844 0.657813 0.638281 0.596875 0.669531 0.560156 0.703125 0.528906 0.724219 0.522656 0.735938 0.535937
0 0.525781 0.510938 0.536719 0.571094 0.544531 0.625781 0.562500 0.698438 0.560937 0.745313 0.557031 0.797656 0.553125 0.842969 0.542969 0.882031 0.502344 0.858594 0.500000 0.810156 0.501563 0.737500 0.492188 0.657813 0.484375 0.599219 0.476562 0.546094 0.478125 0.514844 0.500000 0.493750
0 0.998437 0.494610 0.969594 0.522797 0.944250 0.581078 0.907938 0.642734 0.876688 0.672297 0.842906 0.659625 0.844594 0.604734 0.857266 0.548141 0.880906 0.511828 0.895266 0.499156 0.941719 0.492406 0.958609 0.473813 0.942562 0.459453 0.965375 0.421453 0.988172 0.385141 0.998437 0.365430
0 0.467063 0.779563 0.481422 0.826016 0.508453 0.887672 0.525344 0.921453 0.563344 0.973812 0.591583 0.998437 0.483492 0.998437 0.454391 0.953547 0.430750 0.883453 0.412156 0.847969 0.401187 0.816719 0.402875 0.791391 0.422297 0.765203
0 0.436656 0.527875 0.391047 0.587000 0.374156 0.625000 0.354734 0.679906 0.333609 0.734797 0.266047 0.796453 0.222125 0.804906 0.175672 0.817562 0.141891 0.807438 0.137672 0.788000 0.141047 0.771109 0.166391 0.756750 0.215375 0.744094 0.257594 0.733109 0.278719 0.722969 0.301516 0.652875 0.325172 0.600500 0.347969 0.558281 0.381750 0.524500 0.405406 0.505062 0.430750 0.510984
0 0.671453 0.720437 0.688344 0.771109 0.696797 0.815031 0.709453 0.868250 0.713688 0.910469 0.730578 0.916391 0.760141 0.927359 0.787156 0.917234 0.823484 0.924828 0.853047 0.917234 0.882594 0.910469 0.924828 0.897375 0.930109 0.869938 0.885141 0.855578 0.857266 0.857266 0.821797 0.869938 0.792234 0.878375 0.779563 0.876688 0.761828 0.838688 0.745781 0.769422 0.730578 0.735641 0.720437 0.697641 0.679906 0.692562
0 0.743250 0.032094 0.724656 0.017734 0.707766 0.005063 0.629219 0.006750 0.654563 0.036312 0.694250 0.057437 0.733109 0.059969
0 0.998437 0.234908 0.967062 0.287156 0.929047 0.405406 0.897797 0.420609 0.861484 0.439187 0.836156 0.423141 0.867406 0.382594 0.882594 0.338687 0.901188 0.293922 0.954391 0.209453 0.964531 0.171453 0.988172 0.133453 0.998437 0.124209
0 0.847125 0.057437 0.903719 0.095437 0.929047 0.112328 0.954391 0.126688 0.988172 0.126688 0.998437 0.122927 0.998437 0.075271 0.975500 0.059969 0.940031 0.046453 0.878375 0.043078
0 0.229734 0.854734 0.223813 0.913844 0.232266 0.945094 0.263516 0.966219 0.300480 0.998437 0.208955 0.998437 0.196797 0.979734 0.171453 0.941719 0.158781 0.924828 0.156250 0.892734 0.160469 0.869938 0.185812 0.829391 0.204391 0.827703 0.212844 0.833609 0.221281 0.842062
0 0.853047 0.972969 0.823484 0.994094 0.810057 0.998437 0.674895 0.998437 0.679906 0.985641 0.730578 0.970438 0.766047 0.951859 0.799828 0.951859 0.825172 0.941719 0.844594 0.933281 0.874156 0.929047 0.882594 0.924828
0 0.998437 0.004240 0.998437 0.040849 0.950172 0.043078 0.880062 0.043078 0.833609 0.047297 0.799828 0.064187 0.770266 0.047297 0.766047 0.032937 0.782937 0.007594 0.795609 0.003375
0 0.316641 0.761406 0.339781 0.846562 0.358797 0.926750 0.360453 0.982969 0.361004 0.998437 0.426594 0.998437 0.426594 0.970562 0.414187 0.915172 0.400125 0.857312 0.385250 0.791172 0.375328 0.755625 0.343922 0.734953 0.325734 0.751484
1 0.068625 0.991344 0.054906 0.951219 0.035891 0.916391 0.051734 0.874156 0.072844 0.854094 0.115078 0.898438 0.119297 0.860437 0.110859 0.807641 0.118250 0.751687 0.118250 0.670391 0.101344 0.646109 0.055609 0.556141 0.006625 0.627641 0.002109 0.694672 0.004219 0.759078 0.024281 0.780188 0.010562 0.816094 0.003172 0.834031 0.003172 0.981844 0.035891 0.990281
0 0.559531 0.475109 0.685516 0.593891 0.788578 0.706781 0.854031 0.754219 0.881844 0.732953 0.804937 0.646250 0.728047 0.559531 0.652781 0.469547 0.588984 0.427016
0 0.867109 0.791859 0.998437 0.924750 0.971537 0.998437 0.870391 0.862203 0.821297 0.822937 0.821297 0.800031
0 0.998437 0.766114 0.968578 0.764062 0.946797 0.832234 0.909875 0.917437 0.833804 0.998437 0.932150 0.998437 0.973312 0.943016 0.998437 0.886369
0 0.998437 0.763426 0.993906 0.752594 0.929828 0.661234 0.830297 0.631250 0.774406 0.633969 0.774406 0.595797 0.839844 0.594437 0.998437 0.685580
0 0.031078 0.384469 0.121063 0.508813 0.175063 0.616797 0.199594 0.696969 0.155422 0.741141 0.125984 0.723141 0.063813 0.579172 0.008188 0.472828 0.000000 0.402469
0 0.163609 0.438469 0.140703 0.497359 0.147250 0.539906 0.165250 0.584078 0.173422 0.629891 0.183234 0.723141 0.196328 0.736234 0.209422 0.695328 0.204500 0.582437 0.204500 0.487547 0.186516 0.436828