0 0.298031 0.002891 0.329859 0.027484 0.355906 0.050641 0.379047 0.069437 0.394969 0.073781 0.405094 0.052078 0.396984 0.021984 0.389172 0.001453 0.354453 0.001453 0.324078 0.000000
0 0.442703 0.002891 0.436922 0.023141 0.449937 0.059313 0.460062 0.096937 0.474531 0.131656 0.496234 0.153359 0.517938 0.141781 0.516500 0.102719 0.513594 0.052078 0.504922 0.024594 0.499125 0.005781 0.468750 0.004344
0 0.551219 0.000000 0.575812 0.018812 0.596063 0.040516 0.626453 0.063656 0.651047 0.056422 0.653937 0.033281 0.638016 0.014469 0.626453 0.002891 0.593172 0.001453
0 0.643813 0.002891 0.655375 0.027484 0.661172 0.044844 0.674188 0.033281 0.682875 0.014469 0.682875 0.004344 0.664062 0.002891
0 0.743641 0.002891 0.756656 0.024594 0.781250 0.056422 0.810187 0.079578 0.844906 0.099828 0.878187 0.104172 0.904219 0.114297 0.934609 0.120078 0.937500 0.104172 0.928813 0.083906 0.899891 0.078125 0.850688 0.059313 0.821766 0.036172 0.792828 0.008687 0.768234 0.004344
0 0.639469 0.078125 0.603297 0.098375 0.567125 0.128766 0.541094 0.147562 0.510703 0.157703 0.493344 0.167828 0.483219 0.186625 0.478875 0.205437 0.491891 0.212672 0.523734 0.214125 0.557000 0.198203 0.585938 0.177953 0.617766 0.157703 0.638016 0.133109 0.656828 0.114297 0.662609 0.101266 0.658281 0.082469
0 0.769672 0.136000 0.750875 0.151906 0.746531 0.190969 0.732062 0.225687 0.700234 0.251734 0.674188 0.299484 0.646703 0.331313 0.632234 0.358797 0.632234 0.389172 0.651047 0.387734 0.675641 0.377609 0.700234 0.353016 0.727719 0.321188 0.749422 0.285016 0.774016 0.257516 0.792828 0.230031 0.805844 0.209781 0.813078 0.183734 0.810187 0.157703 0.797172 0.138891
0 0.943281 0.134547 0.915797 0.134547 0.894094 0.156250 0.870953 0.182297 0.852141 0.214125 0.830438 0.251734 0.814531 0.285016 0.818859 0.309609 0.830438 0.328422 0.846359 0.345781 0.865156 0.355906 0.883969 0.367484 0.898438 0.363141 0.883969 0.325516 0.872391 0.292250 0.878187 0.263313 0.904219 0.228594 0.934609 0.201094 0.959203 0.170719 0.954859 0.147562
0 0.963547 0.153359 0.988141 0.160594 0.999703 0.186625 0.999703 0.221359 0.999703 0.251734 0.998437 0.252269 0.998437 0.353297 0.976562 0.329859 0.947625 0.279219 0.934609 0.234375 0.944734 0.190969 0.967875 0.169266
0 0.889750 0.240156 0.896984 0.296578 0.904219 0.325516 0.925922 0.361687 0.936047 0.387734 0.949078 0.416672 0.962094 0.442703 0.988141 0.438375 0.998437 0.419395 0.998437 0.404791 0.993922 0.380500 0.972219 0.342875 0.953422 0.309609 0.949078 0.279219 0.933156 0.248844 0.933156 0.224250 0.933156 0.214125 0.911453 0.222797
0 0.856484 0.370375 0.840563 0.392078 0.837672 0.436922 0.842016 0.474531 0.823203 0.516500 0.804391 0.545422 0.792828 0.565688 0.769672 0.597516 0.778359 0.607641 0.808734 0.607641 0.829000 0.585938 0.853594 0.557000 0.873844 0.509266 0.883969 0.465859 0.891203 0.426797 0.896984 0.390625 0.892656 0.373266 0.875297 0.373266
0 0.886859 0.517938 0.915797 0.517938 0.946187 0.538188 0.959203 0.597516 0.960641 0.666953 0.954859 0.721938 0.956312 0.787031 0.949078 0.817422 0.921578 0.830438 0.908563 0.794266 0.902781 0.747969 0.907125 0.693000 0.907125 0.643813 0.895547 0.603297 0.881078 0.567125 0.868062 0.536750
0 0.564234 0.541094 0.596063 0.530953 0.625000 0.526625 0.658281 0.523734 0.687203 0.525172 0.730609 0.529516 0.766781 0.520828 0.792828 0.522281 0.804391 0.538188 0.792828 0.564234 0.779797 0.578703 0.749422 0.578703 0.710359 0.572922 0.675641 0.571469 0.635125 0.575812 0.613422 0.578703 0.591719 0.583047 0.561344 0.570016
0 0.568578 0.201094 0.552656 0.214125 0.532406 0.225687 0.523734 0.263313 0.523734 0.296578 0.512156 0.337094 0.490453 0.370375 0.493344 0.387734 0.520828 0.390625 0.558453 0.380500 0.571469 0.339984 0.570016 0.299484 0.570016 0.267656 0.575812 0.250297 0.590281 0.244500 0.617766 0.243063 0.620656 0.219906 0.593172 0.202547
0 0.425344 0.144672 0.386281 0.157703 0.368922 0.192422 0.342875 0.227141 0.313953 0.260422 0.289359 0.302375 0.282125 0.335641 0.290797 0.355906 0.315391 0.339984 0.348672 0.295141 0.383391 0.261859 0.419562 0.227141 0.442703 0.190969 0.444156 0.157703
0 0.243063 0.380500 0.293687 0.358797 0.350109 0.337094 0.413766 0.322625 0.455734 0.302375 0.494797 0.302375 0.504922 0.324078 0.499125 0.341438 0.457172 0.351562 0.412328 0.367484 0.383391 0.386281 0.342875 0.392078 0.306719 0.402203 0.279219 0.415219 0.257516 0.434031 0.240156 0.436922 0.227141 0.416672
0 0.368922 0.397859 0.347219 0.438375 0.329859 0.487563 0.328422 0.523734 0.360250 0.555562 0.393516 0.577250 0.444156 0.587391 0.465859 0.559891 0.457172 0.539641 0.425344 0.525172 0.387734 0.525172 0.379047 0.489000 0.384844 0.458625 0.396406 0.428234 0.397859 0.394969
0 0.001453 0.423906 0.047750 0.402203 0.092594 0.383391 0.122969 0.374703 0.159141 0.370375 0.193859 0.374703 0.199656 0.412328 0.173609 0.425344 0.149016 0.428234 0.112844 0.432578 0.063656 0.452828 0.013016 0.474531 0.007234 0.481766 0.002891 0.445609
0 0.188078 0.490453 0.215563 0.471641 0.244500 0.458625 0.269094 0.434031 0.285016 0.421000 0.305266 0.409438 0.325516 0.418109 0.331313 0.442703 0.332750 0.458625 0.303812 0.473094 0.279219 0.493344 0.250297 0.503469 0.221359 0.525172 0.238719 0.535297 0.270547 0.535297 0.282125 0.555562 0.264750 0.581594 0.199656 0.585938 0.202547 0.558453 0.198203 0.536750 0.183734 0.516500
0 0.068000 0.465859 0.078125 0.481766 0.091141 0.510703 0.108500 0.525172 0.149016 0.528062 0.180844 0.528062 0.202547 0.549766 0.190969 0.585938 0.173609 0.606187 0.138891 0.606187 0.105609 0.596063 0.082469 0.581594 0.057875 0.567125 0.037609 0.543984 0.024594 0.523734 0.017359 0.494797 0.023141 0.473094 0.049188 0.465859
0 0.322625 0.716141 0.280672 0.706016 0.230328 0.706016 0.195312 0.724828 0.167828 0.745078 0.127312 0.746531 0.073781 0.761000 0.046297 0.775469 0.030375 0.817422 0.047750 0.846359 0.068000 0.857922 0.102719 0.855031 0.112844 0.836234 0.091141 0.817422 0.102719 0.811625 0.149016 0.807297 0.196766 0.791375 0.228594 0.784141 0.258969 0.753766 0.274891 0.752313 0.300922 0.771125 0.321188 0.771125 0.328422 0.747969
0 0.513594 0.484672 0.500578 0.506359 0.491891 0.548328 0.506359 0.600406 0.525172 0.638016 0.551219 0.662609 0.564234 0.691547 0.580156 0.701672 0.601859 0.698781 0.610531 0.664062 0.606187 0.643813 0.585938 0.617766 0.564234 0.607641 0.541094 0.561344 0.541094 0.509266 0.535297 0.484672
0 0.633687 0.610531 0.623547 0.632234 0.623547 0.672750 0.636578 0.707469 0.632234 0.749422 0.623547 0.794266 0.604750 0.826094 0.609078 0.847797 0.629344 0.852141 0.662609 0.810187 0.682875 0.762437 0.690109 0.714703 0.690109 0.672750 0.679984 0.629344 0.661172 0.606187
0 0.742188 0.626453 0.723375 0.653937 0.701672 0.681422 0.697344 0.723375 0.697344 0.755203 0.714703 0.774016 0.732062 0.804391 0.752313 0.820312 0.775469 0.839125 0.798609 0.853594 0.827547 0.855031 0.849250 0.829000 0.831891 0.797172 0.807297 0.792828 0.774016 0.763891 0.753766 0.732062 0.746531 0.714703 0.753766 0.677078 0.766781 0.656828 0.756656 0.636578
0 0.849250 0.570016 0.831891 0.581594 0.827547 0.604750 0.824656 0.638016 0.821766 0.675641 0.794266 0.706016 0.765328 0.737844 0.772563 0.752313 0.798609 0.776906 0.817422 0.750875 0.840563 0.717594 0.860828 0.687203 0.876734 0.666953 0.883969 0.636578 0.881078 0.613422 0.883969 0.590281 0.868062 0.577250
0 0.925313 0.083109 0.918656 0.059844 0.908563 0.025469 0.912016 0.000000 0.946359 0.001109 0.968531 0.001109 0.972969 0.014406 0.977391 0.037672 0.984047 0.059844 0.994016 0.079781 0.997344 0.106391 0.990687 0.127438 0.964094 0.141844 0.947469 0.130766 0.940828 0.104172
0 0.441047 0.751328 0.468750 0.755766 0.496453 0.770172 0.514188 0.780141 0.541891 0.802312 0.556297 0.824469 0.566266 0.847734 0.569594 0.872125 0.572922 0.890953 0.552969 0.906469 0.540781 0.923094 0.523047 0.920875 0.515297 0.910906 0.517516 0.879875 0.510859 0.861031 0.509750 0.835547 0.498672 0.824469 0.467641 0.804516 0.453234 0.791219 0.443266 0.770172
0 0.001375 0.847625 0.027656 0.849000 0.042859 0.855922 0.078812 0.860063 0.114766 0.855922 0.127219 0.846234 0.159016 0.860063 0.183906 0.879422 0.199109 0.897406 0.194969 0.914000 0.168687 0.929203 0.156250 0.914000 0.114766 0.896016 0.092641 0.890484 0.037328 0.901547 0.012438 0.908469 0.000000 0.904312 0.000000 0.876656
0 0.208797 0.908469 0.244750 0.911234 0.269641 0.915375 0.291766 0.904312 0.309734 0.884953 0.322172 0.866984 0.330469 0.854531 0.345688 0.846234 0.358125 0.851766 0.370578 0.868359 0.365047 0.889109 0.351219 0.912609 0.338766 0.936125 0.313875 0.965156 0.271016 0.973453 0.236453 0.976219 0.193578 0.967922 0.170078 0.958234 0.156250 0.948563 0.186672 0.925062
0 0.138281 0.952703 0.095406 0.966531 0.059453 0.988656 0.056213 0.998437 0.148420 0.998437 0.149344 0.999719 0.189437 0.994188 0.210175 0.998437 0.285813 0.998437 0.286234 0.999719 0.269641 0.988656 0.235063 0.980359 0.201875 0.973453 0.171453 0.967922
0 0.377382 0.998437 0.385781 0.995578 0.413438 0.974828 0.425891 0.949938 0.441094 0.931969 0.456313 0.922297 0.482578 0.923672 0.522672 0.931969 0.546188 0.940266 0.553094 0.951328 0.557250 0.972063 0.548953 0.992812 0.514375 0.992812 0.488109 0.985891 0.467375 0.980359 0.445250 0.990047 0.433635 0.998437
0 0.855922 0.801984 0.884953 0.797844 0.904312 0.807516 0.909844 0.825500 0.905703 0.843469 0.882188 0.865594 0.846234 0.900172 0.811672 0.926437 0.785391 0.974828 0.768984 0.998437 0.723172 0.998437 0.723172 0.978984 0.749453 0.934734 0.784016 0.887719 0.808906 0.861453 0.839328 0.851766 0.854531 0.826875
0 0.941641 0.857297 0.969297 0.875281 0.998437 0.904642 0.998437 0.945302 0.992812 0.943031 0.974828 0.943031 0.949938 0.920906 0.933359 0.901547 0.920906 0.908469 0.915375 0.930594 0.922297 0.949938 0.905703 0.965156 0.880812 0.956859 0.869750 0.919531 0.875281 0.898781 0.896016 0.875281 0.912609 0.850391 0.930594 0.846234
1 0.007391 0.845656 0.019000 0.849875 0.034844 0.848812 0.044344 0.845656 0.031672 0.827703 0.036953 0.799203 0.055953 0.765406 0.080234 0.759078 0.147797 0.743250 0.163641 0.733734 0.191094 0.725297 0.224531 0.699078 0.251266 0.699953 0.297719 0.702063 0.322000 0.705234 0.334672 0.692562 0.331500 0.678844 0.316719 0.671453 0.269219 0.667234 0.240703 0.664062 0.214312 0.642953 0.200594 0.651391 0.180531 0.655609 0.154141 0.655609 0.180531 0.672516 0.172094 0.705234 0.147797 0.716844 0.118250 0.707344 0.093969 0.697844 0.055953 0.698906 0.022172 0.697844 0.004219 0.699953 0.004219 0.754859 0.002109 0.817141
1 0.111906 0.826641 0.166813 0.862547 0.220656 0.854094 0.287156 0.845656 0.335719 0.840375 0.370563 0.840375 0.387453 0.848812 0.377953 0.879438 0.387453 0.887875 0.421234 0.856203 0.461359 0.837203 0.462422 0.825594 0.452906 0.793922 0.455031 0.784422 0.436016 0.770687 0.432859 0.751687 0.424406 0.746406 0.412797 0.766469 0.396953 0.777031 0.372672 0.769641 0.357891 0.780188 0.342062 0.779141 0.329391 0.763297 0.314609 0.774922 0.298781 0.773859 0.305109 0.796031 0.289281 0.798141 0.261828 0.794969 0.248094 0.783359 0.213266 0.793922 0.188984 0.802359 0.154141 0.812922 0.119297 0.811859
1 0.001063 0.398016 0.023219 0.345234 0.043281 0.332562 0.061234 0.323062 0.076016 0.298781 0.105578 0.296656 0.119297 0.305109 0.135141 0.305109 0.148859 0.322000 0.138297 0.341000 0.128797 0.372672 0.114016 0.374781 0.097125 0.382172 0.077063 0.377953 0.073906 0.388516 0.052781 0.390625 0.048562 0.405406 0.026391 0.409625 0.020063 0.420188 0.000000 0.419125
1 0.931172 0.909000 0.921656 0.924828 0.928000 0.966000 0.912156 0.999781 0.911760 0.998437 0.998437 0.954763 0.992406 0.948063 0.969172 0.947000 0.954391 0.932219 0.947000 0.921656
1 0.962844 0.794969 0.951219 0.816094 0.930109 0.826641 0.920609 0.836156 0.932219 0.847766 0.945953 0.857266 0.962844 0.873094 0.989234 0.889984 0.981844 0.868875 0.974453 0.853047 0.976562 0.839312 0.973391 0.821375 0.968109 0.809750
1 0.483969 0.615391 0.463938 0.629812 0.463141 0.650641 0.486375 0.669078 0.530453 0.701922 0.538469 0.754000 0.568906 0.776438 0.598562 0.786062 0.607375 0.775641 0.597750 0.746797 0.581734 0.716344 0.560094 0.697109 0.532859 0.653844 0.505609 0.632219 0.511219 0.621000 0.498391 0.604969
1 0.896281 0.347969 0.894359 0.372891 0.901078 0.401656 0.912578 0.440000 0.900109 0.477375 0.886688 0.490797 0.878063 0.507094 0.875188 0.524344 0.900109 0.516672 0.925031 0.516672 0.932703 0.511891 0.939422 0.489844 0.938453 0.448625 0.948047 0.433281 0.932703 0.395891 0.927922 0.373844 0.916406 0.360422 0.906828 0.347969
1 0.860969 0.544484 0.852203 0.569203 0.869734 0.574781 0.880109 0.589922 0.885688 0.597891 0.880906 0.627391 0.882500 0.641734 0.875313 0.654500 0.877703 0.664859 0.904016 0.691172 0.902422 0.660078 0.900031 0.640141 0.899234 0.622609 0.897641 0.602672 0.889672 0.586734 0.883297 0.575578 0.876109 0.566812
0 0.602656 0.308500 0.627766 0.344375 0.721031 0.389219 0.738969 0.419703 0.726422 0.464547 0.717453 0.500422 0.728219 0.518359 0.774844 0.504016 0.796375 0.444812 0.778438 0.351547 0.733594 0.333609 0.654672 0.290563 0.615219 0.281594
0 0.082500 0.383844 0.147078 0.457375 0.166813 0.491453 0.172187 0.573953 0.157844 0.633156 0.150672 0.647500 0.121969 0.633156 0.114797 0.504016 0.075328 0.464547 0.043047 0.389219
0 0.561406 0.930891 0.521953 0.898609 0.457375 0.912953 0.432266 0.923719 0.410734 0.977531 0.374875 0.991875 0.337203 0.981109 0.360516 0.903984 0.417922 0.841219 0.473516 0.835828 0.552438 0.859141 0.597281 0.905781 0.597281 0.927312