0 0.154531 0.360844 0.170922 0.402281 0.184734 0.435078 0.202000 0.479969 0.207187 0.526594 0.214094 0.568891 0.189047 0.607734 0.180422 0.640531 0.189922 0.657797 0.221000 0.666438 0.238266 0.662125 0.267609 0.620688 0.279703 0.577516 0.293516 0.529172 0.287469 0.479109 0.268469 0.441125 0.251203 0.399688 0.237391 0.373797 0.206312 0.339266 0.173516 0.316812 0.164875 0.328031 0.152797 0.352203
0 0.432500 0.592203 0.509328 0.558531 0.542125 0.524000 0.588750 0.506734 0.637078 0.482562 0.683703 0.475656 0.742406 0.458391 0.801109 0.454938 0.811469 0.460984 0.813188 0.492063 0.815781 0.504141 0.788156 0.526594 0.762266 0.531766 0.720828 0.542125 0.691469 0.547312 0.651766 0.571484 0.612047 0.585297 0.572344 0.602563 0.517094 0.621547 0.482562 0.635359 0.460125 0.652625 0.427313 0.673344 0.385875 0.695781 0.349625 0.711328 0.335812 0.693203 0.347031 0.667297 0.385016 0.624141 0.417812 0.596516
0 0.006047 0.650891 0.050062 0.652625 0.079422 0.650891 0.131219 0.651766 0.186469 0.656078 0.236531 0.662984 0.269344 0.681969 0.321125 0.706141 0.357391 0.719953 0.381562 0.752766 0.385016 0.768297 0.373797 0.792469 0.346172 0.784703 0.313359 0.770891 0.261563 0.748453 0.201141 0.727734 0.173516 0.719094 0.118266 0.712187 0.066469 0.716500 0.021578 0.723406 0.004312 0.713047
0 0.014672 0.291781 0.027625 0.321125 0.053516 0.355656 0.056969 0.371203 0.045750 0.391922 0.031938 0.412641 0.007766 0.438531 0.000859 0.516234 0.034531 0.503281 0.055250 0.480828 0.093234 0.444578 0.107047 0.427313 0.126031 0.399688 0.131219 0.358250 0.128625 0.334078 0.109641 0.313359 0.080281 0.287469 0.066469 0.252937 0.050938 0.244297 0.031938 0.220125 0.004312 0.213219 0.001719 0.264156 0.001719 0.288328 0.005172 0.288328
0 0.146875 0.000000 0.164016 0.034531 0.186469 0.062156 0.219266 0.108766 0.248625 0.143297 0.271062 0.160562 0.307328 0.178687 0.343578 0.194234 0.378109 0.196828 0.395375 0.185594 0.395375 0.170063 0.377250 0.147625 0.303000 0.119125 0.263297 0.073375 0.227031 0.028484 0.210938 0.000000
0 0.473922 0.018984 0.504141 0.069062 0.512781 0.117406 0.505000 0.162297 0.523141 0.212359 0.536953 0.279703 0.557672 0.334937 0.555078 0.357391 0.534359 0.371203 0.517094 0.368609 0.498094 0.332359 0.479109 0.309906 0.470469 0.275375 0.449766 0.223578 0.441125 0.192500 0.437672 0.157969 0.435953 0.120000 0.422141 0.057844 0.410047 0.023312 0.403141 0.004312 0.438531 0.000859 0.455797 0.005172
0 0.370125 0.000000 0.365156 0.031078 0.349062 0.042109 0.331344 0.047656 0.323578 0.044328 0.306453 0.037125 0.313609 0.001109 0.326313 0.000000
0 0.674203 0.197687 0.639672 0.208906 0.625859 0.238266 0.630172 0.260703 0.649172 0.267609 0.702688 0.268469 0.738953 0.264156 0.783844 0.264156 0.839094 0.269344 0.894344 0.267609 0.934047 0.280562 0.982391 0.266750 0.998437 0.242720 0.998437 0.237247 0.990156 0.211500 0.967719 0.206312 0.922828 0.224453 0.900375 0.221859 0.843406 0.195953 0.805422 0.190781 0.763984 0.198547 0.736359 0.200281 0.694922 0.201141
0 0.637078 0.126906 0.687156 0.080281 0.720828 0.096688 0.732906 0.078563 0.770891 0.075969 0.767437 0.056109 0.808016 0.063875 0.816641 0.042297 0.846000 0.056969 0.854625 0.045750 0.890891 0.046609 0.920234 0.037125 0.944406 0.035391 0.929734 0.014672 0.892609 0.001719 0.814047 0.006906 0.762266 0.007766 0.734641 0.006047 0.689750 0.020719 0.656937 0.039703 0.625859 0.072516 0.594781 0.098406 0.582703 0.110500 0.567156 0.127766 0.551625 0.155391 0.536078 0.196828 0.545578 0.194234 0.571484 0.182141 0.597375 0.173516
0 0.926281 0.012953 0.956484 0.048344 0.987562 0.096688 0.998437 0.140219 0.998437 0.002594 0.922828 0.002594
0 0.786422 0.611187 0.840812 0.551625 0.889156 0.499828 0.945953 0.477203 0.998437 0.473378 0.998437 0.554696 0.995344 0.555937 0.929734 0.566297 0.893469 0.610328 0.864125 0.635359 0.836500 0.657797 0.812328 0.688875 0.776078 0.672484 0.768297 0.631047
0 0.866719 0.316812 0.860672 0.336672 0.848578 0.362563 0.819234 0.363437 0.800234 0.395375 0.796781 0.431625 0.830453 0.435953 0.856359 0.411781 0.890891 0.410047 0.915063 0.377250 0.932328 0.353078 0.932328 0.313359 0.909016 0.287469 0.864125 0.271922 0.829594 0.293516 0.812328 0.305594 0.807141 0.345297 0.820094 0.347891 0.839094 0.337531
0 0.936641 0.386734 0.994469 0.347891 0.998437 0.346581 0.998437 0.436404 0.983250 0.447172 0.938359 0.462703 0.872750 0.495516 0.825281 0.508453 0.814047 0.489469 0.814922 0.463578 0.842547 0.430766 0.871891 0.411781 0.911609 0.403141
0 0.618484 0.597875 0.625000 0.647437 0.630609 0.688516 0.629312 0.754484 0.629312 0.790750 0.631906 0.842547 0.640531 0.896062 0.659531 0.932328 0.694063 0.996203 0.696948 0.998437 0.782421 0.998437 0.776938 0.991891 0.766578 0.986703 0.749313 0.960812 0.737219 0.934906 0.723406 0.909016 0.713047 0.874484 0.706141 0.805422 0.710516 0.772797 0.709594 0.745000 0.696656 0.643125 0.681969 0.598234 0.662984 0.579250 0.647437 0.577516 0.627172 0.583766
0 0.074234 0.471344 0.125172 0.528312 0.163156 0.568031 0.168328 0.606016 0.150203 0.628453 0.126031 0.620688 0.105313 0.587875 0.063875 0.558531 0.018984 0.534359 0.008625 0.515359
0 0.295687 0.771359 0.275422 0.774328 0.254641 0.769875 0.241797 0.761969 0.228938 0.770375 0.221031 0.783234 0.182453 0.776797 0.154766 0.772844 0.137953 0.780266 0.125094 0.792125 0.114219 0.794594 0.099391 0.781750 0.091469 0.796078 0.074656 0.791641 0.063781 0.802016 0.028187 0.807953 0.000984 0.808938 0.000984 0.718453 0.027687 0.716469 0.079109 0.716469 0.158234 0.720922 0.223500 0.740703
0 0.006891 0.139734 0.017047 0.146094 0.027203 0.163875 0.029750 0.176578 0.025938 0.193094 0.003078 0.204516 0.003078 0.152438 0.000000 0.153125
0 0.010703 0.039375 0.037375 0.031766 0.060234 0.016516 0.072938 0.008891 0.083109 0.020328 0.105969 0.012703 0.105969 0.002547 0.004344 0.001266 0.004344 0.017781
1 0.210266 0.110922 0.196766 0.126344 0.196766 0.156250 0.204469 0.183250 0.237266 0.191938 0.244984 0.201578 0.264281 0.210266 0.295141 0.212188 0.309609 0.218938 0.326969 0.224734 0.334687 0.223766 0.325031 0.210266 0.316359 0.199656 0.294172 0.181328 0.265234 0.171687 0.244984 0.150469 0.220875 0.135031
1 0.701203 0.128281 0.764859 0.116703 0.834297 0.099344 0.854547 0.125391 0.873844 0.145641 0.902781 0.146609 0.930750 0.141781 0.938469 0.147562 0.953891 0.162031 0.958719 0.182297 0.986688 0.177469 0.998437 0.181020 0.998437 0.176247 0.996328 0.160109 0.972219 0.141781 0.971250 0.125391 0.972219 0.097422 0.953891 0.059797 0.903750 0.049188 0.850688 0.054016 0.804391 0.066547 0.779328 0.069437 0.769672 0.062687 0.770641 0.079094 0.749422 0.081016 0.733031 0.075234 0.722422 0.099344 0.703125 0.094516 0.680937 0.102234 0.678047 0.118641
1 0.042438 0.810187 0.072344 0.817906 0.128281 0.823687 0.179391 0.830438 0.207375 0.852625 0.227625 0.879625 0.240156 0.883484 0.255594 0.859375 0.289359 0.859375 0.320219 0.849734 0.327937 0.834297 0.313469 0.825625 0.294172 0.815000 0.326000 0.809219 0.361687 0.826578 0.387734 0.826578 0.384844 0.807297 0.385797 0.791859 0.380984 0.777391 0.372297 0.791859 0.347219 0.791859 0.334687 0.779328 0.320219 0.770641 0.302859 0.774500 0.282594 0.765813 0.271984 0.776422 0.253672 0.762922 0.238234 0.761000 0.228594 0.786078 0.201578 0.788000 0.190000 0.779328 0.157219 0.784141 0.136000 0.789937 0.113813 0.798609 0.104172 0.794750 0.082953 0.799578 0.064625 0.808250
1 0.551703 0.720484 0.554594 0.756172 0.548797 0.773531 0.541094 0.801500 0.537234 0.808250 0.532406 0.834297 0.522766 0.858406 0.514078 0.887344 0.545906 0.864203 0.567125 0.859375 0.586422 0.868062 0.593172 0.875766 0.620172 0.881563 0.629828 0.882516 0.623078 0.865156 0.615359 0.851656 0.625000 0.840078 0.622109 0.828516 0.630781 0.813078 0.622109 0.798609 0.628859 0.788969 0.630781 0.777391 0.606672 0.781250 0.583531 0.771609 0.572922 0.754250 0.568094 0.736875 0.572922 0.729172 0.567125 0.724344
1 0.887547 0.865219 0.932188 0.875844 0.939625 0.893922 0.965141 0.902422 0.986391 0.879047 0.968328 0.868406 0.963016 0.849281 0.952375 0.836516 0.934313 0.826953 0.913047 0.818453 0.889672 0.820578 0.891797 0.843969 0.883297 0.853531
0 0.002219 0.871016 0.008859 0.856609 0.018844 0.854391 0.032141 0.855500 0.028813 0.874328 0.038781 0.887641 0.042109 0.926422 0.033250 0.958562 0.018511 0.998437 0.001109 0.998437 0.001109 0.899828
0 0.259313 0.078578 0.326094 0.200375 0.390922 0.300563 0.442000 0.396813 0.487187 0.481281 0.518609 0.514687 0.530391 0.485219 0.493078 0.310375 0.430219 0.194484 0.353594 0.113937 0.286813 0.049109
0 0.555937 0.263234 0.634516 0.200375 0.673797 0.194484 0.679688 0.253406 0.610938 0.316281 0.575578 0.357531 0.607016 0.387000 0.693453 0.337875 0.756313 0.267156 0.707203 0.137516 0.652187 0.104109 0.555937 0.194484 0.546109 0.239656
0 0.343781 0.540219 0.428250 0.673797 0.445922 0.779875 0.455750 0.848641 0.453781 0.911500 0.430219 0.923281 0.390922 0.870250 0.357531 0.713094 0.326094 0.591297 0.298594 0.550047
0 0.504859 0.675766 0.475391 0.764172 0.453781 0.825062 0.345734 0.885953 0.255375 0.925250 0.271094 0.966500 0.414500 0.915422 0.526469 0.848641 0.548078 0.717016 0.540219 0.673797
0 0.591297 0.618797 0.722906 0.718984 0.781844 0.750422 0.864344 0.764172 0.913469 0.720953 0.907563 0.687547 0.773984 0.685594 0.681656 0.630578 0.597187 0.577547