0 0.718422 0.976156 0.792531 0.993875 0.807172 0.998437 0.870942 0.998437 0.881125 0.996297 0.907703 0.968109 0.921391 0.942328 0.921391 0.919781 0.911734 0.911734 0.881922 0.895625 0.861797 0.909313 0.851328 0.935891 0.837625 0.952000 0.801391 0.939922 0.762719 0.927828 0.718422 0.909313 0.696688 0.917359 0.692656 0.937500 0.692656 0.957641
0 0.805406 0.430094 0.775609 0.454250 0.761109 0.482437 0.786891 0.509016 0.831188 0.514656 0.849703 0.534797 0.865812 0.561375 0.853734 0.583922 0.805406 0.567812 0.757094 0.539625 0.708766 0.509016 0.712797 0.467141 0.732922 0.422844 0.765141 0.398672 0.794937 0.388203 0.809437 0.409953
0 0.998437 0.432565 0.976969 0.450219 0.956828 0.466328 0.938312 0.450219 0.932672 0.428484 0.952000 0.401906 0.978078 0.379469 0.994688 0.349547 0.998437 0.335376
0 0.998437 0.173846 0.993875 0.176391 0.943937 0.204578 0.919781 0.227125 0.911734 0.231156 0.884266 0.215484 0.887703 0.189734 0.897234 0.173156 0.931063 0.146578 0.993875 0.124844 0.998437 0.120642
0 0.862500 0.000000 0.832797 0.041875 0.819109 0.091812 0.794937 0.190875 0.784469 0.223094 0.758703 0.223094 0.734531 0.194906 0.741781 0.165109 0.765953 0.076516 0.797438 0.001875
0 0.549922 0.198188 0.530766 0.265781 0.521109 0.293969 0.532375 0.313312 0.544453 0.349547 0.538828 0.396266 0.525563 0.416672 0.504594 0.420047 0.494516 0.376125 0.482437 0.343906 0.466328 0.318141 0.464719 0.263375 0.490500 0.213438 0.500156 0.181219 0.528344 0.173156 0.539766 0.185328
0 0.522719 0.086172 0.460703 0.141750 0.386594 0.216656 0.343906 0.266594 0.311688 0.252906 0.306063 0.230344 0.315719 0.206984 0.353313 0.179781 0.409953 0.126453 0.464719 0.081344 0.494516 0.053156 0.518687 0.055578 0.523516 0.070078
0 0.225516 0.395453 0.259344 0.376125 0.295594 0.385797 0.321359 0.376125 0.343906 0.356000 0.396266 0.313312 0.426875 0.305250 0.440562 0.329406 0.406734 0.365656 0.376125 0.401906 0.360016 0.427672 0.326187 0.444594 0.298000 0.438141 0.247266 0.442172 0.223094 0.446203 0.211016 0.430094 0.219078 0.408344
0 0.525125 0.525125 0.571031 0.509016 0.617750 0.495328 0.654000 0.492906 0.675734 0.483250 0.666078 0.452641 0.656406 0.434125 0.616141 0.432500 0.589562 0.451031 0.533188 0.468750 0.517078 0.476797 0.440562 0.490500 0.418813 0.500969 0.408344 0.496938 0.404312 0.518687 0.412375 0.530766 0.456672 0.541234 0.455063 0.517078 0.500969 0.499359
0 0.502578 0.502578 0.527547 0.541234 0.538828 0.563781 0.519484 0.593594 0.488891 0.629828 0.460703 0.651578 0.444594 0.662047 0.428484 0.649969 0.430094 0.620172 0.460703 0.587953 0.474391 0.571844 0.475187 0.559766 0.460703 0.549297 0.456672 0.533188 0.458281 0.515469 0.474391 0.509016
0 0.603250 0.629828 0.579891 0.658016 0.525125 0.703937 0.476797 0.720844 0.402703 0.708766 0.327797 0.654000 0.311688 0.633859 0.327797 0.620172 0.357609 0.617750 0.408344 0.640297 0.450219 0.666078 0.500969 0.649969 0.534797 0.624188 0.549297 0.597609 0.601641 0.599234 0.613719 0.611313
0 0.177187 0.573453 0.168328 0.621781 0.182828 0.670109 0.200547 0.684594 0.208609 0.680578 0.224703 0.694266 0.211016 0.714406 0.201359 0.724062 0.185250 0.730516 0.136922 0.696688 0.124031 0.640297 0.124031 0.585531 0.134500 0.571844
0 0.366469 0.247266 0.368078 0.274641 0.342297 0.309281 0.298000 0.353578 0.277875 0.377734 0.245656 0.381766 0.220688 0.399484 0.211016 0.440562 0.177187 0.430094 0.170750 0.405922 0.184438 0.380156 0.228125 0.348266 0.295594 0.279484 0.321359 0.259344 0.347938 0.260953
0 0.000000 0.094234 0.019328 0.126453 0.066047 0.144172 0.098266 0.157859 0.138531 0.196516 0.178797 0.232766 0.227125 0.235188 0.231156 0.211016 0.211016 0.188469 0.173156 0.165922 0.136922 0.129672 0.096656 0.107922 0.062016 0.095844 0.033828 0.078125 0.009672 0.071688 0.000000 0.081344
0 0.080547 0.102281 0.126453 0.099875 0.162688 0.095844 0.190875 0.103891 0.213438 0.113563 0.223094 0.132094 0.228734 0.148203 0.259344 0.157859 0.277062 0.146578 0.287531 0.122422 0.261766 0.091812 0.229547 0.059594 0.190875 0.047516 0.140953 0.041875 0.056375 0.065234 0.049938 0.071688 0.055578 0.085375 0.070078 0.089406
0 0.243234 0.035437 0.253703 0.057188 0.289141 0.057188 0.327797 0.061219 0.405922 0.045906 0.463109 0.029797 0.468750 0.013688 0.447000 0.001609 0.404312 0.004828 0.339891 0.015297 0.301219 0.021750 0.261766 0.013688 0.249672 0.023359
0 0.016109 0.045906 0.074094 0.035437 0.154641 0.029797 0.204578 0.021750 0.249672 0.017719 0.243609 0.007109 0.235937 0.000000 0.004031 0.000813 0.001609 0.051547
0 0.206984 0.841656 0.240813 0.907703 0.275453 0.925422 0.297203 0.941531 0.309281 0.977766 0.333437 0.984219 0.362438 0.966500 0.343906 0.923813 0.334250 0.891594 0.314109 0.871453 0.283500 0.867422 0.255312 0.827156 0.237594 0.813469 0.206984 0.815078
0 0.047516 0.832797 0.095844 0.891594 0.154641 0.929453 0.194906 0.938312 0.236797 0.923813 0.240813 0.902063 0.215047 0.859375 0.189266 0.883531 0.173156 0.877906 0.142562 0.852938 0.104703 0.811047 0.082156 0.781250 0.062016 0.777219 0.051547 0.811047 0.044297 0.823125
0 0.019328 0.518687 0.070078 0.550906 0.132094 0.558953 0.168328 0.572641 0.216656 0.584734 0.252906 0.587141 0.260953 0.558953 0.257734 0.525125 0.225516 0.520297 0.173156 0.514656 0.146578 0.516266 0.088594 0.498547 0.045906 0.494516 0.017719 0.490500 0.012078 0.504188
0 0.003219 0.592781 0.035437 0.599234 0.071688 0.571031 0.068453 0.550906 0.033828 0.538828 0.005641 0.537203 0.001609 0.529156
0 0.074906 0.573453 0.080547 0.604859 0.072484 0.625000 0.036250 0.663656 0.002422 0.693453 0.001609 0.611313 0.025766 0.599234 0.056375 0.581500
0 0.115172 0.737750 0.074906 0.765953 0.036250 0.800578 0.002422 0.850516 0.004031 0.766750 0.029797 0.742594 0.057984 0.718422 0.092625 0.699906 0.106313 0.711984
0 0.001289 0.998437 0.065951 0.998437 0.094234 0.958437 0.098266 0.938312 0.046719 0.933469 0.030609 0.953609 0.022547 0.977766 0.014500 0.996297 0.000000 0.992266
0 0.887562 0.764344 0.884344 0.778031 0.902063 0.774813 0.919781 0.776422 0.935891 0.792531 0.950391 0.819109 0.938312 0.831188 0.922203 0.824750 0.912531 0.835219 0.892391 0.828766 0.860187 0.819109 0.848094 0.808641 0.836016 0.792531 0.829578 0.776422 0.833609 0.768359 0.849703 0.764344 0.869844 0.765953
0 0.994688 0.647547 0.991594 0.700547 0.972937 0.729703 0.962469 0.752250 0.912531 0.760313 0.860187 0.764344 0.819906 0.769969 0.809437 0.740172 0.851328 0.718422 0.910109 0.706344 0.932672 0.695875 0.934281 0.667687 0.939922 0.635469 0.960047 0.629828 0.988234 0.635469
0 0.904484 0.564594 0.900453 0.583125 0.907703 0.600844 0.922203 0.611313 0.964078 0.633047 0.998437 0.641001 0.998437 0.626191 0.986625 0.609703 0.994688 0.591172 0.998437 0.582063 0.998437 0.581434 0.940719 0.569422
1 0.558031 0.579500 0.586359 0.576063 0.616422 0.600109 0.673078 0.617266 0.734891 0.625859 0.787266 0.616422 0.808719 0.617266 0.814734 0.600109 0.812156 0.573484 0.800141 0.564047 0.777813 0.552891 0.765797 0.551172 0.746906 0.540859 0.737469 0.546016 0.734031 0.530563 0.705703 0.541719 0.718578 0.546875 0.731453 0.550312 0.723734 0.558891 0.711703 0.570062 0.693688 0.570906 0.687672 0.560609 0.663641 0.566625 0.647328 0.553750 0.646469 0.539141 0.655047 0.532281 0.672219 0.534000 0.672219 0.520266 0.670500 0.498797 0.658484 0.494500 0.652469 0.492781 0.639594 0.498797 0.625859 0.496219 0.619844 0.507391 0.614703 0.498797 0.597531 0.506531 0.582078 0.510813 0.578641 0.522844 0.586359 0.533141 0.616422 0.551172 0.576063 0.563187
1 0.242125 0.920063 0.222109 0.938141 0.211125 0.954281 0.222109 0.964625 0.244062 0.980109 0.252453 0.991734 0.263274 0.998437 0.263671 0.998437 0.281516 0.990437 0.305391 0.980766 0.289455 0.998437 0.334177 0.998437 0.335750 0.991094 0.326703 0.983984 0.320891 0.979469 0.307984 0.969781 0.303453 0.958156 0.300234 0.937500 0.289250 0.929109 0.264719 0.936203 0.258906 0.928453
1 0.632750 0.850984 0.682469 0.869703 0.697313 0.891656 0.695375 0.909094 0.717328 0.909734 0.728953 0.910375 0.737984 0.921359 0.756062 0.927172 0.781891 0.928453 0.787703 0.926531 0.785125 0.911672 0.793516 0.891656 0.824516 0.885203 0.853563 0.887781 0.865187 0.901344 0.874219 0.901984 0.889719 0.876156 0.885844 0.857437 0.879391 0.838719 0.865187 0.834844 0.841297 0.838719 0.819984 0.833547 0.780609 0.830969 0.755422 0.827094 0.715391 0.824516 0.683109 0.819984 0.652766 0.825156 0.636625 0.826453 0.637906 0.838063
1 0.315078 0.871641 0.324125 0.885844 0.337031 0.896828 0.342844 0.909094 0.353172 0.923938 0.358984 0.937500 0.366094 0.943953 0.368672 0.917484 0.382875 0.910375 0.390625 0.903922 0.384813 0.894234 0.382875 0.883266 0.376422 0.867766 0.366094 0.852266 0.344141 0.847750 0.328000 0.849687 0.312500 0.854859 0.295063 0.864547
1 0.007750 0.502328 0.019375 0.493281 0.031641 0.483594 0.038734 0.488125 0.046484 0.497156 0.058750 0.501031 0.088453 0.492641 0.109766 0.498453 0.123328 0.496516 0.130422 0.504266 0.136875 0.510078 0.148500 0.505547 0.162703 0.512016 0.175625 0.511359 0.180141 0.497156 0.191766 0.495875 0.190469 0.482313 0.178844 0.477141 0.178844 0.457125 0.168516 0.446156 0.157547 0.457125 0.142047 0.458422 0.118156 0.462937 0.097500 0.451969 0.094266 0.438406 0.098141 0.428719 0.080703 0.415156 0.071016 0.430656 0.051000 0.433234 0.041969 0.422906 0.010969 0.437766 0.003234 0.473266 0.001297 0.487469
1 0.917703 0.540156 0.924781 0.556422 0.950219 0.574094 0.968609 0.567031 0.978500 0.570563 0.995469 0.572688 0.998437 0.569803 0.998437 0.486680 0.999719 0.486422 0.976391 0.491375 0.979219 0.512578 0.970016 0.526016 0.955172 0.540859 0.958000 0.526016 0.938906 0.530969 0.929016 0.539453
1 0.356328 0.450375 0.364109 0.455312 0.394516 0.453906 0.404406 0.470156 0.387437 0.486422 0.381781 0.500563 0.359156 0.504812 0.350672 0.516125 0.369062 0.518234 0.398750 0.506219 0.415016 0.495609 0.432688 0.492781 0.444000 0.487125 0.451078 0.477938 0.456031 0.458859 0.456734 0.430578 0.451781 0.410062 0.434109 0.409359 0.397344 0.415719 0.386734 0.425625 0.377547 0.441172 0.369062 0.445422
1 0.509094 0.902297 0.522844 0.923766 0.563187 0.922047 0.577781 0.915172 0.571766 0.908313 0.557172 0.909172 0.534000 0.898859 0.562328 0.889422 0.591516 0.882563 0.631875 0.869672 0.637016 0.861094 0.617266 0.855937 0.584656 0.873109 0.543438 0.885984
1 0.511672 0.857656 0.542578 0.848219 0.546016 0.832766 0.582078 0.827609 0.588938 0.823312 0.551172 0.818172 0.528844 0.819031 0.511672 0.820734 0.513391 0.833625 0.506531 0.845641 0.498797 0.855937
0 0.820688 0.694172 0.850578 0.655500 0.919109 0.648469 0.999953 0.683625 0.998437 0.683629 0.998437 0.631743 0.903297 0.606297 0.836516 0.611563 0.787312 0.644953 0.775000 0.671312 0.801359 0.697672