0 0.918078 0.319563 0.950734 0.336328 0.971047 0.350453 0.990469 0.367234 0.998437 0.368474 0.998437 0.417401 0.964859 0.414016 0.929562 0.390188 0.889828 0.369875 0.872172 0.347812 0.871297 0.323969 0.902187 0.316906
0 0.926906 0.433437 0.929562 0.484641 0.920734 0.512891 0.924266 0.533188 0.941906 0.557031 0.971047 0.579984 0.981641 0.617063 0.962219 0.627641 0.944562 0.625875 0.909250 0.586156 0.881000 0.559672 0.865109 0.527016 0.873938 0.482875 0.881000 0.453750 0.867766 0.434328 0.860703 0.409609 0.871297 0.387531 0.891594 0.383125 0.906609 0.402547
0 0.854516 0.422844 0.814797 0.471391 0.783891 0.512891 0.745937 0.579094 0.715047 0.621469 0.700031 0.627641 0.666484 0.621469 0.660313 0.593219 0.684141 0.564094 0.725641 0.497875 0.768016 0.449328 0.834219 0.378703 0.858047 0.385766 0.865109 0.396359
0 0.998437 0.701317 0.953391 0.702688 0.896016 0.703562 0.860703 0.694734 0.865109 0.668250 0.888953 0.655016 0.963297 0.655813 0.998437 0.653130
0 0.865109 0.910141 0.882766 0.951625 0.897781 0.956922 0.919844 0.963094 0.937500 0.967516 0.971047 0.989578 0.982367 0.998437 0.998437 0.938351 0.982516 0.934859 0.969281 0.921609 0.951625 0.914547 0.922500 0.916313 0.903078 0.901313 0.894250 0.901313
0 0.670906 0.912781 0.672672 0.949859 0.657656 0.982516 0.633155 0.998437 0.565853 0.998437 0.578219 0.991344 0.608234 0.958687 0.632937 0.923375 0.632937 0.896891 0.653250 0.886297 0.675312 0.889828
0 0.809500 0.757422 0.858047 0.770656 0.884531 0.782125 0.908375 0.808609 0.930438 0.821859 0.956922 0.839516 0.978984 0.839516 0.998437 0.826903 0.998437 0.799056 0.993109 0.790953 0.953391 0.768891 0.933094 0.740641 0.928672 0.725484 0.907141 0.721625 0.875656 0.715547 0.792297 0.712234 0.783016 0.733578 0.798016 0.753000
0 0.279844 0.956031 0.313375 0.923375 0.343391 0.935734 0.418438 0.971047 0.456391 0.963094 0.466984 0.938375 0.451984 0.938375 0.394594 0.911906 0.341625 0.876594 0.271641 0.894984 0.248937 0.926906 0.248937 0.947203 0.266594 0.956031
0 0.361047 0.655891 0.359094 0.687359 0.340453 0.703125 0.318953 0.740391 0.313375 0.797141 0.338984 0.829797 0.376938 0.878359 0.390188 0.891594 0.407844 0.888062 0.425500 0.867766 0.399016 0.804203 0.375172 0.783891 0.363703 0.773313 0.374297 0.744172 0.407844 0.682375 0.409609 0.662953 0.400781 0.649719 0.368109 0.649719
0 0.412250 0.519062 0.454625 0.519062 0.494344 0.538484 0.556141 0.626766 0.584391 0.666484 0.619703 0.669141 0.625000 0.649719 0.613531 0.610000 0.585281 0.565859 0.542906 0.517297 0.516422 0.492578 0.467875 0.479344 0.413141 0.474922 0.391062 0.489938 0.377828 0.507594 0.388422 0.512000
0 0.465172 0.711016 0.479344 0.750359 0.494344 0.772422 0.540250 0.814797 0.576656 0.824406 0.545547 0.799781 0.523484 0.782125 0.523484 0.753000 0.529656 0.733578 0.519062 0.682375 0.508172 0.665141 0.479344 0.651484 0.463016 0.683766
0 0.998437 0.170331 0.980937 0.167828 0.955156 0.193328 0.902187 0.219813 0.865109 0.228641 0.835984 0.218047 0.842156 0.188906 0.866875 0.173906 0.911016 0.151844 0.946328 0.131531 0.994875 0.131531 0.998437 0.125505
0 0.998437 0.088967 0.986938 0.091812 0.966625 0.079453 0.947203 0.087391 0.933969 0.107703 0.920734 0.127125 0.894250 0.156250 0.843922 0.188906 0.830688 0.197734 0.823625 0.204797 0.817437 0.206562 0.808609 0.189797 0.808609 0.165078 0.828031 0.150078 0.847453 0.128000 0.867766 0.116531 0.878359 0.110344 0.896016 0.097109 0.907484 0.075031 0.920734 0.050313 0.942797 0.035313 0.986938 0.030891 0.998437 0.035016
0 0.878359 0.112109 0.857172 0.125359 0.832453 0.135953 0.817437 0.147422 0.790953 0.162422 0.760062 0.173906 0.742406 0.180078 0.704453 0.184500 0.689438 0.184500 0.660313 0.180969 0.625000 0.145656 0.635594 0.120938 0.666578 0.130453 0.685203 0.136891 0.719453 0.125359 0.768016 0.112109 0.820969 0.075031 0.854516 0.060906 0.892484 0.067969 0.889828 0.094453
0 0.933969 0.026484 0.907484 0.047672 0.898656 0.063562 0.879234 0.067969 0.859406 0.057875 0.843984 0.063656 0.825656 0.075234 0.805969 0.081219 0.825391 0.061797 0.851875 0.028250 0.889828 0.006172 0.962219 0.000000 0.964859 0.012359 0.947203 0.025594
0 0.769781 0.074547 0.809922 0.036547 0.887187 0.000000 0.783891 0.000000 0.744172 0.016766 0.730938 0.030891 0.724750 0.043250 0.724750 0.056500 0.728281 0.067969 0.751141 0.068812
0 0.695625 0.001766 0.682375 0.021188 0.677969 0.043250 0.677969 0.063562 0.692969 0.065328 0.710625 0.065328 0.726516 0.041484 0.741531 0.026484 0.770656 0.000000
0 0.637578 0.062687 0.625000 0.100641 0.620594 0.129766 0.622359 0.149188 0.642656 0.175672 0.669141 0.202156 0.715047 0.204797 0.744172 0.226875 0.748594 0.253359 0.726516 0.259531 0.686797 0.248937 0.655891 0.247172 0.620594 0.229516 0.605578 0.222453 0.580859 0.195969 0.567625 0.160656 0.564281 0.097422 0.571031 0.063656 0.594172 0.047266 0.614422 0.036656 0.640000 0.050313
0 0.576453 0.806844 0.602938 0.787422 0.611766 0.775953 0.642656 0.791844 0.682375 0.821859 0.707812 0.814375 0.700031 0.774188 0.669141 0.738875 0.627641 0.727406 0.589687 0.733578 0.543781 0.745062 0.530547 0.758297 0.521719 0.775953 0.561438 0.806844
0 0.625000 0.306328 0.655891 0.297500 0.675312 0.316906 0.686797 0.341625 0.686797 0.356641 0.664719 0.372531 0.655891 0.383125 0.645297 0.396359 0.625000 0.418438 0.623234 0.425500 0.623234 0.449328 0.644422 0.454625 0.670906 0.441391 0.701797 0.410484 0.728219 0.377719 0.741531 0.344281 0.739766 0.310734 0.711516 0.286906 0.677969 0.266594 0.651484 0.257766 0.636469 0.262188 0.620594 0.271016 0.610000 0.293078
0 0.331922 0.456391 0.370766 0.429906 0.406078 0.425500 0.454625 0.436094 0.494344 0.444922 0.530547 0.493469 0.549969 0.502297 0.567625 0.496109 0.580859 0.491703 0.579719 0.449422 0.534953 0.414906 0.517297 0.392828 0.451094 0.384000 0.375172 0.384000 0.345156 0.400781 0.307203 0.431672 0.304562 0.460813
0 0.532312 0.226875 0.492578 0.266594 0.473156 0.303672 0.444031 0.334562 0.420203 0.347812 0.391062 0.361047 0.351344 0.365469 0.316031 0.366344 0.324859 0.337219 0.353109 0.313375 0.395484 0.284250 0.432562 0.253359 0.463453 0.211859 0.507594 0.187141 0.530547 0.215391
0 0.034422 0.306328 0.090047 0.273656 0.144781 0.220688 0.154484 0.178313 0.134187 0.156250 0.119172 0.156250 0.098875 0.173906 0.079453 0.197734 0.059141 0.222453 0.044141 0.235703 0.032656 0.246297 0.032656 0.268359 0.030891 0.297500
0 0.000000 0.203125 0.022000 0.207063 0.031094 0.226031 0.028250 0.275422 0.026484 0.316906 0.006172 0.365469 0.000000 0.372531
0 0.034422 0.412250 0.067969 0.414016 0.098875 0.410484 0.112109 0.385766 0.092453 0.359812 0.057344 0.348344 0.032969 0.347625 0.013234 0.352219 0.001766 0.369875 0.000000 0.489047 0.030016 0.528781 0.063562 0.535844 0.069734 0.520828 0.052969 0.482875 0.037078 0.450219 0.030891 0.432562
0 0.178313 0.272781 0.179906 0.318234 0.173906 0.400781 0.169484 0.431672 0.165078 0.471391 0.163312 0.496109 0.143016 0.511125 0.120938 0.500531 0.116531 0.481109 0.114766 0.425500 0.126859 0.334719 0.129766 0.291312 0.134187 0.262188 0.149188 0.256000 0.173906 0.257766
0 0.269437 0.228578 0.263953 0.282484 0.262250 0.324094 0.240109 0.383125 0.233047 0.412250 0.233047 0.440500 0.256891 0.443156 0.274547 0.419313 0.301031 0.372531 0.316906 0.293078 0.318672 0.244531 0.315141 0.216281 0.294844 0.211859 0.275422 0.218047
0 0.406953 0.059141 0.376938 0.091812 0.341625 0.153609 0.294844 0.200391 0.277188 0.219813 0.257766 0.211859 0.259531 0.185375 0.287781 0.134187 0.318672 0.092688 0.353984 0.044141 0.371641 0.023828 0.400781 0.025594
0 0.256625 0.016094 0.295312 0.000000 0.213625 0.003531 0.225375 0.017047
0 0.202156 0.624125 0.248062 0.617938 0.259531 0.625875 0.277188 0.646188 0.278953 0.678844 0.299266 0.694734 0.321328 0.703562 0.354078 0.691656 0.356641 0.666484 0.340750 0.656781 0.323969 0.602047 0.297500 0.582625 0.271016 0.569391 0.228641 0.569391 0.191562 0.577328 0.175672 0.586156 0.165078 0.594984 0.165078 0.606469 0.166844 0.619703 0.184500 0.621469
0 0.122703 0.509359 0.150953 0.581750 0.168609 0.630297 0.160656 0.674438 0.134750 0.712437 0.100344 0.695953 0.110375 0.670875 0.124469 0.632937 0.100641 0.587047 0.078563 0.556141 0.070953 0.515344 0.063797 0.489531 0.062359 0.463016 0.084578 0.455844 0.107516 0.479500
0 0.029038 0.998437 0.030016 0.999297 0.058266 0.975453 0.075922 0.966625 0.089156 0.992234 0.088215 0.998437 0.134714 0.998437 0.134187 0.986047 0.120063 0.933094 0.107703 0.922500 0.076797 0.913672 0.047672 0.919844 0.003531 0.946328 0.000194 0.998437
0 0.460984 0.763125 0.450625 0.776938 0.458391 0.803687 0.477375 0.829594 0.512781 0.865844 0.542984 0.873625 0.571484 0.883984 0.599969 0.887438 0.627594 0.889156 0.651766 0.882250 0.669891 0.886562 0.681109 0.893469 0.700969 0.899516 0.720828 0.903828 0.732047 0.908156 0.741547 0.897797 0.744125 0.886562 0.734641 0.871031 0.722547 0.854625 0.702688 0.842547 0.662984 0.833906 0.620688 0.833906 0.585297 0.826141 0.563703 0.822688 0.536078 0.812328 0.510188 0.789016 0.501547 0.771750 0.490328 0.764844 0.477375 0.758813
1 0.007766 0.812328 0.022437 0.816641 0.069922 0.809734 0.094094 0.808016 0.127766 0.811469 0.153656 0.821828 0.160562 0.839094 0.166609 0.858938 0.161422 0.881391 0.127766 0.883109 0.098406 0.892609 0.079422 0.885703 0.055250 0.885703 0.014672 0.882250 0.000000 0.885703 0.000859 0.832188
1 0.693203 0.929734 0.723406 0.922828 0.756219 0.927141 0.795922 0.939219 0.830453 0.939219 0.855484 0.915063 0.874484 0.897797 0.894344 0.887438 0.891750 0.872750 0.895203 0.861531 0.865844 0.852906 0.795063 0.849453 0.763984 0.852031 0.740672 0.861531 0.751031 0.880531 0.745000 0.896922 0.732047 0.912469 0.711328 0.904703 0.689750 0.902969 0.685422 0.913328
1 0.556797 0.347891 0.581844 0.344438 0.628453 0.338391 0.653484 0.339266 0.671609 0.325453 0.666438 0.315094 0.656937 0.304734 0.644859 0.298687 0.630172 0.303000 0.619828 0.294375 0.616375 0.281422 0.597375 0.274516 0.558531 0.267609 0.521406 0.267609 0.534359 0.284016 0.540406 0.304734 0.548172 0.329766 0.550766 0.340125
1 0.170578 0.458719 0.188500 0.458719 0.232938 0.452984 0.258031 0.451547 0.239391 0.440797 0.227922 0.425031 0.237234 0.407828 0.237234 0.378437 0.193516 0.387047 0.177031 0.385609 0.170578 0.402813 0.170578 0.420016 0.170578 0.432906 0.172016 0.445813 0.172016 0.451547
1 0.786266 0.331859 0.794156 0.326125 0.813500 0.319672 0.844328 0.313219 0.860812 0.320391 0.869406 0.336156 0.875859 0.349766 0.893062 0.369125 0.933922 0.393484 0.958281 0.404953 0.969031 0.411406 0.948250 0.417141 0.931047 0.432203 0.924594 0.422875 0.917437 0.412125 0.929609 0.400656 0.917437 0.401375 0.911703 0.391344 0.895922 0.382031 0.880156 0.376297 0.873000 0.384172 0.861531 0.384891 0.852203 0.375578 0.837156 0.375578 0.828562 0.385609 0.819234 0.398516 0.802031 0.409984 0.797016 0.402813 0.792000 0.380594 0.805625 0.364109 0.807766 0.354078 0.789844 0.347625
1 0.830703 0.457281 0.837156 0.447969 0.845750 0.437937 0.859375 0.434344 0.869406 0.439359 0.880156 0.454422 0.874422 0.468031 0.867969 0.480219 0.853641 0.483078 0.833578 0.479500 0.826406 0.468750
1 0.431484 0.341891 0.457281 0.349047 0.477344 0.350484 0.493844 0.343313 0.488109 0.333281 0.482375 0.318234 0.473766 0.308203 0.461578 0.322531 0.452984 0.329703 0.438641 0.336875
1 0.347625 0.313937 0.366250 0.306047 0.394922 0.294578 0.411406 0.280250 0.414281 0.271641 0.407109 0.270922 0.399219 0.276656 0.386328 0.282391 0.373422 0.288125 0.359812 0.292438 0.345469 0.298875 0.337594 0.307484 0.339016 0.311781
1 0.403531 0.798453 0.416422 0.797016 0.433625 0.797734 0.442234 0.799891 0.452266 0.766203 0.435063 0.774797 0.424312 0.781250 0.414281 0.784109 0.401375 0.775516 0.384172 0.786984 0.398516 0.792719
1 0.178469 0.892344 0.190656 0.908109 0.203563 0.914563 0.215734 0.902375 0.231516 0.888766 0.239391 0.873703 0.225781 0.858656 0.217172 0.866547 0.205703 0.875859 0.197109 0.883031
0 0.306688 0.040547 0.393062 0.109281 0.482953 0.169203 0.530547 0.186828 0.560500 0.151578 0.475906 0.104000 0.387766 0.029969 0.326078 0.000000
0 0.354281 0.237953 0.426547 0.266156 0.477656 0.303172 0.519969 0.361328 0.544641 0.373672 0.534062 0.297875 0.479422 0.236187 0.408922 0.192125 0.363094 0.186828