0 0.237359 0.111484 0.211875 0.099297 0.180844 0.088203 0.158687 0.078234 0.135422 0.068266 0.108828 0.053859 0.099953 0.046094 0.087766 0.051641 0.073359 0.063828 0.051203 0.066047 0.030141 0.067156 0.011297 0.087094 0.000000 0.095005 0.000000 0.187013 0.000219 0.186828 0.029031 0.160234 0.057844 0.145828 0.087766 0.134750 0.106609 0.133641 0.136531 0.135859 0.169766 0.154703 0.198578 0.165781 0.215203 0.181297 0.249563 0.172422 0.263969 0.172422 0.273937 0.152484 0.270609 0.143609 0.253984 0.133641
0 0.298588 0.000000 0.301641 0.029484 0.308281 0.069375 0.316047 0.093750 0.326016 0.124781 0.329344 0.148047 0.332672 0.171328 0.345969 0.149156 0.359266 0.143609 0.380313 0.139188 0.398047 0.131422 0.399156 0.108156 0.398047 0.073797 0.398047 0.059391 0.393609 0.047203 0.384750 0.036125 0.377000 0.017281 0.374903 0.000000
0 0.444594 0.109266 0.429078 0.113703 0.413563 0.123672 0.403594 0.131422 0.389187 0.139188 0.361484 0.151375 0.333781 0.163562 0.328234 0.174641 0.314937 0.183516 0.302750 0.195703 0.283906 0.225625 0.260641 0.235594 0.247344 0.246672 0.238469 0.267734 0.237359 0.289891 0.218531 0.309844 0.218531 0.322031 0.222969 0.337547 0.222969 0.357484 0.222969 0.384094 0.235156 0.414000 0.257313 0.446141 0.268391 0.460547 0.302750 0.468313 0.327125 0.453906 0.322687 0.427313 0.311609 0.411797 0.296094 0.380766 0.289453 0.353063 0.289453 0.323141 0.303859 0.302078 0.322687 0.283250 0.341531 0.262187 0.359266 0.241141 0.372563 0.227844 0.394719 0.215641 0.425750 0.196813 0.453453 0.172422 0.473406 0.146937 0.468969 0.115906 0.455672 0.102609
0 0.473406 0.498234 0.453453 0.489359 0.430187 0.488250 0.404703 0.488250 0.383641 0.487141 0.349297 0.482719 0.327125 0.480500 0.310500 0.473844 0.293891 0.469422 0.270609 0.466094 0.258422 0.466094 0.241797 0.457219 0.231828 0.443922 0.224063 0.438391 0.217422 0.423984 0.214094 0.407359 0.207453 0.382984 0.194156 0.360812 0.187500 0.347516 0.179750 0.340875 0.157578 0.343078 0.142063 0.355281 0.138734 0.373000 0.144281 0.396281 0.144281 0.408469 0.164234 0.432844 0.170875 0.451688 0.181953 0.479391 0.193047 0.497125 0.206344 0.500437 0.228500 0.512641 0.242906 0.524828 0.290563 0.530359 0.319375 0.538125 0.353719 0.539234 0.388078 0.548094 0.426859 0.551422 0.454563 0.550313 0.468969 0.545875 0.482266 0.521500
0 0.082219 0.489359 0.061172 0.503766 0.047875 0.530359 0.039000 0.558062 0.026813 0.580234 0.017953 0.604609 0.011297 0.647828 0.009094 0.681078 0.026813 0.715422 0.026813 0.746453 0.029031 0.774156 0.032359 0.834000 0.031250 0.886078 0.034578 0.930406 0.050094 0.961437 0.067813 0.975844 0.096625 0.962547 0.113250 0.929297 0.096625 0.897156 0.092203 0.867250 0.091094 0.840641 0.091094 0.807406 0.091094 0.787453 0.094422 0.761969 0.091094 0.717641 0.085547 0.691047 0.078906 0.666672 0.075578 0.643391 0.077797 0.616797 0.087766 0.587984 0.101063 0.561391 0.112141 0.529250 0.111031 0.498234 0.102172 0.482719
0 0.924357 0.000000 0.925531 0.000672 0.963203 0.018391 0.987594 0.038344 0.998437 0.066022 0.998437 0.104830 0.996453 0.102609 0.982047 0.099297 0.966531 0.099297 0.949906 0.089312 0.932187 0.084891 0.923313 0.071594 0.908906 0.053859 0.894500 0.042781 0.880094 0.035016 0.864578 0.028375 0.852391 0.020609 0.826906 0.012859 0.805844 0.009531 0.789234 0.006203 0.771500 0.001766 0.763672 0.000000
0 0.998437 0.403808 0.998672 0.402922 0.987594 0.397391 0.972078 0.388516 0.957672 0.370781 0.948797 0.355281 0.939937 0.341984 0.933281 0.323141 0.922203 0.303187 0.915563 0.267734 0.908906 0.243344 0.902266 0.221187 0.892281 0.187937 0.887859 0.143609 0.880094 0.114813 0.875672 0.094859 0.866797 0.087094 0.841313 0.084891 0.814719 0.098188 0.816937 0.129219 0.818047 0.150266 0.821359 0.175750 0.811391 0.190156 0.805844 0.209000 0.818047 0.225625 0.830234 0.240031 0.837984 0.286562 0.846859 0.317594 0.847969 0.332000 0.832453 0.338656 0.844641 0.356391 0.859047 0.360812 0.874563 0.374109 0.891172 0.399594 0.903375 0.416219 0.919984 0.435063 0.943266 0.452797 0.965422 0.466094 0.988703 0.469422 0.998437 0.474505
0 0.716094 0.220078 0.686172 0.230047 0.662906 0.244453 0.644063 0.251109 0.611922 0.266625 0.595297 0.273266 0.580891 0.281031 0.555406 0.287672 0.549859 0.297656 0.534359 0.299859 0.523266 0.305406 0.507750 0.317594 0.491141 0.319812 0.465641 0.336438 0.443484 0.350844 0.422422 0.369688 0.408016 0.387406 0.424641 0.406250 0.457891 0.410688 0.482266 0.402922 0.523266 0.385187 0.536563 0.373000 0.567594 0.355281 0.578672 0.353063 0.604172 0.351953 0.613031 0.343078 0.645172 0.336438 0.672875 0.323141 0.702797 0.306516 0.732719 0.288781 0.767063 0.277703 0.791438 0.274375 0.831344 0.265516 0.833562 0.241141 0.825797 0.221187 0.806953 0.206781 0.787016 0.204562 0.754875 0.211219
0 0.998437 0.546053 0.984266 0.549203 0.967641 0.545875 0.942156 0.548094 0.900047 0.544766 0.890078 0.535906 0.874563 0.522609 0.863469 0.515953 0.845750 0.515953 0.839094 0.502656 0.820250 0.498234 0.793656 0.499328 0.788125 0.517062 0.788125 0.540344 0.804750 0.563609 0.820250 0.589094 0.847969 0.601281 0.870125 0.609047 0.881203 0.616797 0.914453 0.621234 0.944375 0.617906 0.974297 0.622344 0.996453 0.615687 0.998437 0.615344
0 0.467859 0.334219 0.454563 0.324250 0.429078 0.300969 0.411344 0.287672 0.394719 0.273266 0.375891 0.264406 0.367016 0.257750 0.343750 0.262187 0.324906 0.278813 0.327125 0.303187 0.362594 0.324250 0.374781 0.341984 0.394719 0.358594 0.403594 0.371891 0.406922 0.384094 0.431297 0.364141 0.459000 0.341984
0 0.517734 0.391844 0.526594 0.409578 0.531031 0.435063 0.534359 0.460547 0.553187 0.481609 0.557625 0.499328 0.556516 0.523719 0.550969 0.542547 0.523266 0.546984 0.506656 0.539234 0.496672 0.520391 0.485594 0.497125 0.475625 0.466094 0.463437 0.440609 0.456781 0.429516 0.447922 0.410688 0.459000 0.407359 0.490031 0.407359
0 0.863469 0.939266 0.833562 0.940375 0.794766 0.947031 0.765953 0.948141 0.742687 0.955891 0.710547 0.953672 0.683953 0.952578 0.638516 0.953672 0.605281 0.962547 0.583109 0.968078 0.563172 0.989141 0.566625 0.998437 0.998437 0.948673 0.978719 0.948141 0.923313 0.944813 0.884531 0.944813
0 0.420219 0.746453 0.411344 0.759750 0.388078 0.773047 0.371453 0.784125 0.370344 0.806297 0.383641 0.819594 0.411344 0.818484 0.432406 0.810734 0.447922 0.805187 0.473406 0.790781 0.485594 0.778594 0.501109 0.754219 0.514406 0.738703 0.533250 0.719859 0.555406 0.702125 0.576469 0.689937 0.591984 0.672203 0.619687 0.653375 0.650703 0.636750 0.691719 0.613469 0.713875 0.600172 0.739359 0.589094 0.749328 0.569156 0.749328 0.552531 0.743797 0.540344 0.728281 0.533687 0.707219 0.539234 0.697250 0.549203 0.680625 0.556953 0.658469 0.571359 0.644063 0.573578 0.632984 0.576906 0.621891 0.578016 0.610813 0.590203 0.601953 0.594641 0.587547 0.599062 0.576469 0.609047 0.567594 0.614578 0.555406 0.612359 0.541000 0.614578 0.542109 0.625672 0.538781 0.635641 0.528813 0.641172 0.521062 0.642281 0.509969 0.646719 0.509969 0.655578 0.508859 0.666672 0.496672 0.672203 0.487813 0.677750 0.483375 0.688828 0.476734 0.703234 0.459000 0.709891 0.436828 0.714313 0.430187 0.727609
0 0.358156 0.644500 0.337094 0.644500 0.323797 0.652266 0.324906 0.677750 0.326016 0.699906 0.328234 0.718750 0.336000 0.739812 0.338203 0.759750 0.343750 0.804078 0.352609 0.824031 0.353719 0.852844 0.351500 0.884969 0.348187 0.909359 0.339313 0.920437 0.330453 0.939266 0.322687 0.958109 0.304969 0.983594 0.300139 0.998437 0.382159 0.998437 0.395828 0.983594 0.405813 0.943703 0.416891 0.924859 0.423531 0.916000 0.433516 0.923766 0.423531 0.880547 0.423531 0.841750 0.421328 0.821813 0.396937 0.819594 0.371453 0.817375 0.369234 0.795219 0.370344 0.779703 0.393609 0.770828 0.410234 0.755313 0.408016 0.736484 0.405813 0.709891 0.395828 0.692156 0.389187 0.676641 0.377000 0.661125 0.368125 0.651156
0 0.621891 0.657797 0.616359 0.668891 0.614141 0.678859 0.628547 0.689937 0.650703 0.698797 0.673984 0.696594 0.698359 0.697688 0.721625 0.697688 0.742687 0.708781 0.758203 0.735375 0.764844 0.755313 0.762641 0.783016 0.762641 0.800750 0.758203 0.821813 0.753766 0.845078 0.750437 0.871672 0.742687 0.899375 0.739359 0.921547 0.760422 0.933734 0.791438 0.930406 0.808063 0.902703 0.806953 0.879437 0.814719 0.853938 0.821359 0.821813 0.831344 0.791891 0.833562 0.760859 0.832453 0.732047 0.816937 0.707672 0.798094 0.682187 0.789234 0.669984 0.771500 0.657797 0.748234 0.643391 0.733828 0.637859 0.713875 0.635641 0.685063 0.631203 0.650703 0.638969 0.638516 0.645609
0 0.598625 0.816266 0.567594 0.816266 0.553187 0.821813 0.526594 0.827344 0.508859 0.840641 0.493344 0.852844 0.485594 0.867250 0.470078 0.888297 0.461219 0.910469 0.451234 0.924859 0.439047 0.948141 0.437937 0.964766 0.440156 0.988031 0.444435 0.998437 0.480241 0.998437 0.482266 0.999109 0.502219 0.991359 0.508859 0.968078 0.515516 0.945922 0.523266 0.919328 0.545437 0.904922 0.579781 0.888297 0.603063 0.880547 0.630766 0.876109 0.649594 0.867250 0.680625 0.866141 0.711656 0.869453 0.717203 0.879437 0.743797 0.872781 0.744906 0.851734 0.738250 0.831781 0.716094 0.824031 0.699469 0.820703 0.691719 0.820703 0.696141 0.836219 0.692813 0.846187 0.680625 0.849516 0.662906 0.849516 0.642953 0.849516 0.632984 0.845078 0.611922 0.830672
1 0.078031 0.380047 0.085516 0.400641 0.093000 0.411859 0.106094 0.408125 0.114516 0.380047 0.135109 0.348234 0.158500 0.336078 0.165047 0.316422 0.171594 0.281813 0.188437 0.272453 0.195922 0.279000 0.205281 0.285547 0.213703 0.292109 0.234281 0.274328 0.222125 0.263094 0.218375 0.239703 0.187500 0.239703 0.175344 0.250000 0.162234 0.260297 0.143531 0.267781 0.141656 0.291172 0.129484 0.303328 0.114516 0.324844 0.103297 0.339828 0.085516 0.364141
1 0.000000 0.614957 0.000937 0.615359 0.007156 0.602922 0.015703 0.593594 0.018031 0.580375 0.014141 0.567937 0.000000 0.565582
1 0.099656 0.592047 0.124531 0.591266 0.154078 0.579609 0.173500 0.574156 0.178953 0.561719 0.178953 0.552391 0.172734 0.525969 0.151734 0.522859 0.130750 0.533734 0.125313 0.523625 0.112875 0.529078 0.111313 0.539172 0.100437 0.550844 0.101219 0.567172 0.097328 0.575719
1 0.663250 0.632469 0.694344 0.634797 0.724656 0.634797 0.742531 0.643344 0.776734 0.661219 0.807828 0.660453 0.831156 0.657344 0.852922 0.648016 0.839703 0.638687 0.827266 0.629359 0.824938 0.617687 0.819500 0.587375 0.822609 0.579609 0.814063 0.568719 0.795391 0.546953 0.786062 0.539172 0.754203 0.543844 0.758078 0.565609 0.753422 0.588156 0.737094 0.599812 0.714547 0.605250 0.693563 0.615359
1 0.412156 0.709422 0.454141 0.706312 0.471234 0.696203 0.490672 0.676000 0.505437 0.662781 0.513219 0.637906 0.531875 0.639453 0.541203 0.631687 0.541203 0.612250 0.562187 0.611469 0.578516 0.609922 0.589391 0.592047 0.585516 0.579609 0.578516 0.553953 0.586281 0.531406 0.563750 0.522859 0.548969 0.543062 0.553641 0.556281 0.560641 0.566391 0.558297 0.580375 0.544312 0.597484 0.536531 0.604484 0.529547 0.615359 0.517875 0.622359 0.502328 0.637125 0.489891 0.644906 0.474344 0.654234 0.462687 0.668219 0.447141 0.675219 0.443250 0.678328 0.428484 0.690766 0.405156 0.700875
0 0.000000 0.557420 0.021016 0.559062 0.041000 0.567953 0.071281 0.645609 0.126813 0.651781 0.180781 0.634828 0.205469 0.568500 0.112922 0.596266 0.058953 0.519156 0.000000 0.509776
0 0.234219 0.807797 0.309719 0.743391 0.460750 0.670109 0.556250 0.576828 0.538469 0.547953 0.454078 0.585719 0.354141 0.641234 0.280859 0.674547 0.216453 0.738953 0.198672 0.774484
0 0.342734 0.792141 0.413672 0.964875 0.442109 0.998437 0.382279 0.998437 0.330391 0.893922 0.308797 0.809094
0 0.364328 0.779797 0.430641 0.748953 0.530891 0.779797 0.620344 0.826063 0.668156 0.860000 0.699000 0.838406 0.637313 0.765922 0.560187 0.707313 0.479984 0.699594 0.387453 0.722734 0.336563 0.747406