0 0.035328 0.010141 0.039391 0.026375 0.055625 0.042609 0.073891 0.044641 0.104328 0.050734 0.136797 0.048703 0.161141 0.044641 0.191578 0.048703 0.219984 0.050734 0.246375 0.050734 0.278828 0.052766 0.321453 0.064938 0.353922 0.066969 0.370156 0.056813 0.370156 0.044641 0.370156 0.034500 0.357969 0.022328 0.323484 0.006094 0.299125 0.006094 0.260578 0.006094 0.207813 0.004063 0.163172 0.002031 0.110406 0.002031 0.069828 0.002031
0 0.130703 0.200891 0.112437 0.180594 0.104328 0.160312 0.065766 0.127844 0.029234 0.093344 0.004891 0.071016 0.000828 0.105516 0.000828 0.146109 0.000828 0.160312 0.017063 0.176547 0.031266 0.188719 0.065766 0.217125 0.096203 0.233359 0.124609 0.229297
0 0.163172 0.290172 0.177375 0.271922 0.201719 0.255687 0.213906 0.245531 0.226078 0.253656 0.244344 0.245531 0.252453 0.219156 0.252453 0.198859 0.217953 0.172484 0.201719 0.154219 0.179406 0.135953 0.177375 0.111609 0.177375 0.091312 0.199703 0.081172 0.230141 0.085234 0.268688 0.121750 0.301156 0.162344 0.325500 0.211031 0.317391 0.243500 0.305219 0.265828 0.291016 0.286125 0.266656 0.306406 0.228109 0.306406 0.201719 0.320609 0.181438 0.320609
0 0.532484 0.280031 0.558875 0.255687 0.601484 0.245531 0.644094 0.221188 0.682656 0.206984 0.723234 0.176547 0.773969 0.158281 0.794250 0.144078 0.810484 0.140016 0.834844 0.123781 0.851078 0.133922 0.851078 0.150156 0.851078 0.170453 0.834844 0.200891 0.802375 0.215094 0.784109 0.233359 0.727297 0.251625 0.670469 0.278000 0.629891 0.294234 0.583844 0.295734 0.566312 0.309453 0.543438 0.303359
0 0.885578 0.243500 0.899781 0.231328 0.932250 0.237422 0.962688 0.243500 0.998437 0.241956 0.998437 0.305152 0.966734 0.310469 0.924125 0.312500 0.889625 0.292203 0.867313 0.265828
0 0.964719 0.196828 0.989062 0.186688 0.997172 0.172484 0.995156 0.150156 0.980953 0.137984 0.966734 0.121750 0.942391 0.115672 0.911953 0.109578 0.883547 0.097406 0.849078 0.097562 0.826719 0.097406 0.785062 0.113563 0.751641 0.117687 0.711062 0.133922 0.674531 0.146109 0.664391 0.162344 0.666422 0.190750 0.678594 0.200891 0.712734 0.181313 0.745328 0.165437 0.777078 0.157078 0.797125 0.141203 0.828750 0.127844 0.845594 0.121984 0.854781 0.133688 0.855141 0.162344 0.855141 0.170453 0.889625 0.176547 0.905859 0.174516 0.938328 0.178578
0 0.731344 0.306406 0.741500 0.286125 0.773969 0.284094 0.784109 0.290172 0.784109 0.312500 0.773969 0.353078 0.759766 0.391641 0.743531 0.409906 0.723234 0.432219 0.709031 0.444406 0.648156 0.458609 0.603516 0.460641 0.585250 0.460641 0.566984 0.452516 0.554812 0.442375 0.566984 0.420047 0.581187 0.411937 0.589313 0.399750 0.627859 0.395703 0.648156 0.393672 0.690766 0.385547 0.704969 0.361203 0.727297 0.334828
0 0.029234 0.278000 0.055625 0.259734 0.086063 0.263797 0.104328 0.278000 0.104328 0.312500 0.092141 0.365266 0.086063 0.409906 0.086063 0.444406 0.069828 0.470781 0.088094 0.495125 0.098234 0.519484 0.102297 0.541797 0.098234 0.560063 0.077938 0.562094 0.055625 0.562094 0.037359 0.533687 0.021125 0.515422 0.010984 0.472813 0.019094 0.436281 0.021125 0.387578 0.031266 0.357141 0.031266 0.318594
0 0.197672 0.420047 0.230141 0.415984 0.262594 0.434250 0.288984 0.450484 0.327531 0.474844 0.364063 0.495125 0.394500 0.513391 0.418844 0.523531 0.441172 0.541797 0.441172 0.570219 0.416828 0.572234 0.374203 0.562094 0.343766 0.549922 0.307250 0.527594 0.276813 0.509328 0.246375 0.484984 0.211875 0.484984 0.187516 0.460641 0.185484 0.442375
0 0.548719 0.347000 0.526406 0.369313 0.502047 0.383516 0.477703 0.409906 0.457406 0.436281 0.439141 0.464687 0.435078 0.491078 0.447266 0.517453 0.467547 0.539766 0.495969 0.558031 0.530453 0.584422 0.558875 0.594562 0.601484 0.596594 0.605547 0.572234 0.605547 0.558031 0.577125 0.529625 0.540609 0.521516 0.514219 0.511359 0.506109 0.499188 0.506109 0.482953 0.516250 0.466719 0.530453 0.444406 0.558875 0.424109 0.575094 0.395703 0.583219 0.373375 0.591328 0.355109 0.589313 0.347000 0.573078 0.338875
0 0.800344 0.586437 0.832812 0.568187 0.867313 0.545859 0.911953 0.519484 0.948484 0.493094 0.978922 0.472813 0.991094 0.450484 0.998437 0.449890 0.998437 0.530313 0.985000 0.549922 0.960656 0.564125 0.938328 0.582391 0.913984 0.590500 0.887594 0.604703 0.875422 0.622969 0.834844 0.614859 0.812516 0.608766
0 0.607563 0.598625 0.615688 0.620937 0.635984 0.639203 0.664391 0.643266 0.688734 0.659500 0.733375 0.681813 0.790203 0.685875 0.824703 0.667609 0.857156 0.663563 0.877453 0.667609 0.883547 0.653406 0.863250 0.629063 0.834844 0.618906 0.798312 0.618906 0.763813 0.618906 0.719172 0.616891 0.688734 0.594562 0.664391 0.572234 0.640031 0.558031 0.610516 0.573937
0 0.855865 0.998437 0.869266 0.981016 0.900906 0.959250 0.918703 0.929594 0.956297 0.897937 0.978047 0.868281 0.998437 0.868281 0.998437 0.924601 0.995844 0.925641 0.978047 0.943437 0.962219 0.973094 0.942798 0.998437
0 0.580519 0.998437 0.582469 0.996828 0.604234 0.973094 0.618078 0.953328 0.627969 0.939484 0.649719 0.921672 0.673453 0.909812 0.711031 0.888047 0.744656 0.868281 0.776312 0.848500 0.794109 0.836625 0.817844 0.846516 0.821797 0.872234 0.805969 0.893984 0.786188 0.919703 0.766422 0.937500 0.734766 0.947391 0.714984 0.971125 0.681375 0.994859 0.678481 0.998437
0 0.416344 0.961234 0.428203 0.941453 0.451937 0.931563 0.481609 0.919703 0.513250 0.909812 0.533031 0.893984 0.548859 0.872234 0.578516 0.860359 0.598297 0.840578 0.631922 0.828719 0.649719 0.814875 0.657641 0.818828 0.661594 0.832672 0.661594 0.852453 0.651703 0.874203 0.629938 0.899922 0.590391 0.931563 0.574563 0.945406 0.540937 0.969141 0.507313 0.990906 0.483428 0.998437 0.415937 0.998437 0.412375 0.998812
0 0.669500 0.848500 0.687297 0.842562 0.707078 0.858391 0.720922 0.840578 0.730813 0.836625 0.750594 0.842562 0.758500 0.848500 0.772344 0.824766 0.790156 0.826734 0.805969 0.834656 0.811906 0.828719 0.805969 0.816844 0.802016 0.803000 0.817844 0.795094 0.837625 0.810922 0.857391 0.808938 0.871234 0.777297 0.877172 0.743672 0.871234 0.717953 0.859375 0.704109 0.825750 0.702141 0.785062 0.723328 0.772344 0.735766 0.758500 0.753562 0.736750 0.767406 0.716969 0.765422 0.732797 0.791141 0.734766 0.816844 0.701141 0.832672
0 0.612859 0.709953 0.576453 0.690234 0.558250 0.667469 0.527906 0.643203 0.506672 0.625000 0.494531 0.612859 0.486953 0.596172 0.456609 0.596172 0.435375 0.596172 0.432344 0.587078 0.439922 0.584047 0.446000 0.562797 0.446000 0.553703 0.439922 0.530953 0.427797 0.526391 0.414141 0.514266 0.403516 0.505156 0.395937 0.496063 0.391391 0.491500 0.392906 0.479375 0.409594 0.477859 0.421719 0.489984 0.430828 0.506672 0.435375 0.511219 0.446000 0.524875 0.456609 0.530953 0.465719 0.547641 0.474812 0.555219 0.486953 0.571906 0.499094 0.579484 0.514266 0.588594 0.529422 0.596172 0.543078 0.606797 0.550672 0.618938 0.559766 0.635625 0.576453 0.652313 0.605281 0.665953 0.617422 0.673547 0.620453 0.687203 0.620453 0.696297
0 0.684156 0.831312 0.703891 0.825250 0.720578 0.814625 0.722094 0.794906 0.712984 0.776703 0.708437 0.764563 0.685672 0.758500 0.675063 0.746359 0.635625 0.728156 0.600734 0.708437 0.581000 0.693266 0.561281 0.681125 0.540047 0.658375 0.523359 0.643203 0.514266 0.634109 0.493016 0.623484 0.471781 0.615891 0.455094 0.612859 0.441437 0.612859 0.433859 0.618938 0.432344 0.632578 0.432344 0.643203 0.441437 0.646234 0.452062 0.644719 0.468750 0.653828 0.479375 0.669000 0.489984 0.681125 0.508188 0.685672 0.517297 0.690234 0.532469 0.690234 0.543078 0.697813 0.549156 0.717531 0.559766 0.743328 0.573422 0.755469 0.584047 0.769109 0.603766 0.781250 0.615891 0.796422 0.634109 0.797937 0.649266 0.814625
0 0.533984 0.752422 0.515781 0.750906 0.483922 0.746359 0.459641 0.738781 0.435375 0.728156 0.420203 0.722094 0.398969 0.714500 0.385313 0.711469 0.368625 0.697813 0.358016 0.691750 0.344359 0.679609 0.336766 0.672031 0.321609 0.664438 0.300359 0.653828 0.279125 0.644719 0.263953 0.634109 0.260922 0.623484 0.265469 0.612859 0.270031 0.611344 0.286719 0.611344 0.307953 0.618938 0.320078 0.635625 0.330703 0.640172 0.344359 0.646234 0.365594 0.653828 0.379250 0.647750 0.403516 0.641687 0.420203 0.638656 0.409594 0.649266 0.397453 0.661406 0.414141 0.661406 0.424750 0.658375 0.429312 0.670516 0.444484 0.673547 0.467234 0.676578 0.479375 0.685672 0.493016 0.690234 0.508188 0.690234 0.532469 0.694781 0.538531 0.703891 0.543078 0.720578
0 0.398969 0.775188 0.358016 0.778219 0.327672 0.773672 0.312500 0.758500 0.306438 0.744844 0.298844 0.725125 0.282156 0.719047 0.260922 0.712984 0.232094 0.702359 0.250297 0.720578 0.226031 0.720578 0.204797 0.729672 0.186594 0.737250 0.174453 0.743328 0.156250 0.729672 0.142594 0.723609 0.141078 0.711469 0.147141 0.702359 0.156250 0.693266 0.183563 0.685672 0.215406 0.665953 0.230578 0.655344 0.253344 0.649266 0.271547 0.649266 0.298844 0.661406 0.318562 0.676578 0.333734 0.684156 0.344359 0.696297 0.376219 0.711469 0.395937 0.720578 0.405031 0.743328 0.414141 0.756984
0 0.089297 0.706937 0.056891 0.693594 0.049281 0.680266 0.039750 0.666922 0.018781 0.649766 0.003547 0.632625 0.005453 0.600234 0.001641 0.556406 0.020688 0.565937 0.039750 0.592609 0.060703 0.607844 0.079766 0.626906 0.091203 0.647859 0.098812 0.684063
0 0.005453 0.756484 0.020688 0.737422 0.028313 0.714562 0.028313 0.701219 0.022594 0.680266 0.014984 0.665016 0.009266 0.655484 0.003547 0.678359 0.003547 0.705031 0.000000 0.731250
0 0.030219 0.823172 0.045469 0.819359 0.055000 0.811734 0.064516 0.811734 0.075953 0.832703 0.102625 0.847937 0.121687 0.853656 0.127406 0.849844 0.119781 0.830797 0.112156 0.819359 0.093109 0.792687 0.079766 0.762188 0.087391 0.741234 0.098812 0.722187 0.121687 0.727891 0.144547 0.739328 0.161703 0.771719 0.165516 0.802203 0.184563 0.825078 0.190281 0.859375 0.165516 0.859375 0.140734 0.863188 0.136922 0.887953 0.135016 0.912734 0.106438 0.914641 0.072141 0.901297 0.045469 0.876531 0.018781 0.849844
0 0.152172 0.927969 0.163609 0.950844 0.190281 0.981328 0.219014 0.998437 0.299740 0.998437 0.296984 0.998469 0.258875 0.973703 0.228391 0.931781 0.218859 0.903203 0.200453 0.889484 0.154719 0.865859 0.137953 0.877281 0.150266 0.908922
0 0.023625 0.973328 0.012188 0.955031 0.003156 0.929609 0.031563 0.939078 0.061547 0.929609 0.088391 0.928031 0.105750 0.942234 0.115219 0.956438 0.131000 0.970641 0.148359 0.973797 0.154672 0.991156 0.152145 0.998437 0.138297 0.998437 0.123109 0.997469 0.097859 0.997469 0.077328 0.994313 0.061547 0.988000 0.039453 0.988000
1 0.155234 0.317547 0.140125 0.324594 0.126016 0.337703 0.115922 0.350813 0.109875 0.366938 0.115922 0.384078 0.120969 0.399187 0.129031 0.414313 0.143141 0.433469 0.166328 0.437500 0.184469 0.432453 0.195563 0.420359 0.199594 0.409281 0.189516 0.402219 0.182453 0.402219 0.178422 0.410281 0.170359 0.416328 0.156250 0.419359 0.150203 0.409281 0.145156 0.383062 0.159281 0.382063 0.160281 0.368953 0.171375 0.359875 0.186484 0.367937 0.194562 0.377016 0.198594 0.388109 0.202625 0.400203 0.207656 0.414313 0.231859 0.416328 0.286297 0.439516 0.329641 0.476813 0.392141 0.510078 0.377016 0.492938 0.366938 0.475812 0.343750 0.458672 0.333672 0.433469 0.322578 0.420359 0.306453 0.396172 0.295359 0.386094 0.277219 0.381047 0.264109 0.354844 0.244953 0.338703 0.229844 0.319563 0.215719 0.308469 0.207656 0.317547 0.198594 0.330641 0.184469 0.336687
1 0.241937 0.492938 0.253031 0.523187 0.251016 0.536297 0.284281 0.564516 0.315531 0.582656 0.341734 0.615922 0.361891 0.630047 0.392141 0.627016 0.400203 0.635078 0.414313 0.636094 0.429437 0.652219 0.431453 0.665328 0.447578 0.674391 0.464719 0.671375 0.466734 0.661297 0.449594 0.651203 0.436484 0.645156 0.427422 0.633063 0.429437 0.617938 0.442547 0.610891 0.439516 0.599797 0.430438 0.590719 0.428422 0.581656 0.415328 0.572578 0.392141 0.561484 0.376016 0.565531 0.356859 0.558469 0.337703 0.551406 0.330641 0.544359 0.313516 0.541328 0.309469 0.531250 0.289312 0.520156 0.278219 0.510078 0.268141 0.496969
1 0.257063 0.807453 0.246969 0.813516 0.238906 0.828625 0.237906 0.837703 0.252016 0.854844 0.247984 0.863906 0.236891 0.863906 0.239922 0.873984 0.270156 0.885078 0.276203 0.906250 0.269156 0.921375 0.267141 0.941531 0.246969 0.951609 0.270156 0.968750 0.288313 0.992938 0.298108 0.998437 0.350508 0.998437 0.347781 0.976812 0.365922 0.990922 0.377261 0.998437 0.491291 0.998437 0.492938 0.997984 0.480844 0.996969 0.474786 0.998437 0.437500 0.998437 0.413312 0.990922 0.409281 0.974797 0.414313 0.956656 0.421375 0.943547 0.435484 0.932453 0.451609 0.928422 0.474797 0.916328 0.453625 0.909281 0.450609 0.897172 0.442547 0.878031 0.435484 0.867938 0.420359 0.875000 0.407266 0.875000 0.399187 0.876016 0.384078 0.888109 0.368953 0.902219 0.355844 0.913312 0.345766 0.925406 0.331656 0.938516 0.322578 0.948594 0.316531 0.941531 0.317547 0.928422 0.319563 0.919359 0.312500 0.905234 0.309469 0.891125 0.310484 0.878031 0.301406 0.860891 0.294359 0.850812 0.290328 0.838703 0.275203 0.807453
1 0.465719 0.742938 0.476813 0.768141 0.497984 0.777219 0.512094 0.785281 0.502016 0.792344 0.496969 0.801406 0.504031 0.829641 0.518141 0.838703 0.533266 0.854844 0.537297 0.867938 0.554437 0.868953 0.561484 0.859875 0.569562 0.840719 0.578625 0.827625 0.588703 0.815531 0.607859 0.806453 0.619953 0.815531 0.641125 0.818547 0.628031 0.802422 0.616937 0.793344 0.604844 0.788312 0.595766 0.792344 0.578625 0.785281 0.563516 0.781250 0.547375 0.776203 0.539313 0.757062 0.516125 0.752016 0.493953 0.745969 0.477828 0.744953
1 0.815547 0.846031 0.818594 0.860516 0.809453 0.883391 0.801828 0.897109 0.794203 0.906250 0.769062 0.929875 0.759141 0.937500 0.787344 0.937500 0.804875 0.929109 0.811734 0.922250 0.841469 0.913875 0.845281 0.904719 0.838422 0.891000 0.836891 0.875000 0.845281 0.862047 0.846797 0.848328 0.849844 0.826219 0.841469 0.819359 0.823172 0.826219 0.819359 0.834609
1 0.663109 0.852891 0.656250 0.868141 0.649391 0.875766 0.654719 0.889484 0.652438 0.897859 0.642531 0.902437 0.637953 0.897109 0.626531 0.904719 0.621953 0.909297 0.618906 0.923016 0.612047 0.928359 0.599844 0.926828 0.592984 0.932922 0.583844 0.955797 0.575453 0.949687 0.548781 0.961891 0.528203 0.979422 0.509141 0.998469 0.509435 0.998437 0.585538 0.998437 0.593750 0.990094 0.608234 0.971797 0.616609 0.946641 0.628047 0.945891 0.636437 0.926828 0.653203 0.923781 0.674547 0.901672 0.680641 0.903969 0.697406 0.891000 0.701984 0.878813 0.714172 0.871187 0.722562 0.879578 0.739328 0.865859 0.752281 0.863562 0.759906 0.855188 0.750000 0.843750 0.739328 0.833078 0.728656 0.839937 0.716469 0.842219 0.710359 0.855188 0.692828 0.861281 0.691312 0.849844 0.689781 0.842984 0.678359 0.845281
1 0.483672 0.285516 0.468750 0.290484 0.451000 0.308953 0.454547 0.321734 0.469453 0.338063 0.482953 0.339484 0.486500 0.335234 0.507109 0.341625 0.510656 0.348016 0.517047 0.355828 0.529125 0.355828 0.541906 0.335938 0.567469 0.328125 0.583812 0.316047 0.591625 0.326000 0.605828 0.329547 0.614344 0.333812 0.613641 0.345875 0.615062 0.356531 0.623578 0.360797 0.632109 0.362922 0.644891 0.352984 0.669031 0.355109 0.676844 0.350141 0.672578 0.335234 0.671875 0.323156 0.661937 0.313203 0.651984 0.303984 0.637781 0.294031 0.611500 0.290484 0.593047 0.297578 0.580969 0.305391 0.571734 0.314625 0.557531 0.318891 0.546172 0.313203 0.538359 0.304688 0.533375 0.295453 0.536219 0.285516 0.526984 0.282672 0.514203 0.285516 0.520594 0.295453 0.519891 0.301844 0.512781 0.295453 0.506391 0.289766 0.494313 0.287641
1 0.867188 0.348016 0.864344 0.360078 0.872875 0.379266 0.874297 0.402703 0.870031 0.421172 0.864344 0.428984 0.881391 0.429688 0.886359 0.424719 0.902703 0.424000 0.909797 0.418328 0.917609 0.414766 0.906953 0.400563 0.906953 0.386359 0.913359 0.374297 0.927562 0.376422 0.933234 0.369313 0.933953 0.360078 0.930391 0.347297 0.930391 0.335938 0.925422 0.328125 0.913359 0.333094 0.904828 0.339484 0.898438 0.349437 0.882109 0.349437
0 0.853359 0.088563 0.887531 0.092359 0.905875 0.099312 0.922312 0.104375 0.953313 0.112594 0.964703 0.101844 0.960906 0.091094 0.946984 0.081609 0.933703 0.077812 0.898281 0.084141 0.867281 0.080969
0 0.306813 0.796438 0.297312 0.814781 0.292250 0.834391 0.319453 0.838813 0.346031 0.827422 0.367531 0.816047 0.383344 0.807813 0.408016 0.801500 0.423203 0.807813 0.437750 0.816047 0.447234 0.836281 0.438391 0.856531 0.442812 0.874234 0.449141 0.888797 0.468125 0.904609 0.482672 0.907141 0.497844 0.909031 0.518719 0.871703 0.513031 0.843250 0.498484 0.830594 0.495312 0.801500 0.505437 0.785047 0.497219 0.778094 0.475078 0.767969 0.464953 0.740766 0.446609 0.743922 0.416875 0.735078 0.423203 0.754687 0.414344 0.774922 0.401062 0.782516 0.372594 0.783781 0.345391 0.788844 0.334641 0.778719
0 0.448344 0.639625 0.528562 0.631391 0.654016 0.668406 0.758906 0.602594 0.800031 0.551187 0.843234 0.520328 0.830891 0.468922 0.765078 0.479203 0.719828 0.561469 0.649906 0.604656 0.559406 0.608766 0.431891 0.602594 0.433953 0.641672