0 0.248623 0.000000 0.263188 0.052078 0.308328 0.145828 0.346531 0.239578 0.325688 0.261812 0.290969 0.255562 0.277078 0.224312 0.252781 0.165281 0.214578 0.069438 0.185422 0.009031 0.182711 0.000000
0 0.150000 0.097219 0.160422 0.171531 0.163891 0.253469 0.202781 0.397219 0.199312 0.456250 0.181938 0.472219 0.134719 0.454859 0.127781 0.401391 0.120828 0.336812 0.115969 0.272922 0.105562 0.215281 0.102078 0.175688 0.102078 0.118062 0.103469 0.079859 0.081250 0.040281 0.103469 0.038188 0.136109 0.063891 0.146531 0.088188
0 0.118750 0.277781 0.110422 0.327781 0.103469 0.383328 0.082641 0.434031 0.054859 0.463188 0.039578 0.468750 0.000000 0.475341 0.000000 0.400546 0.020141 0.397922 0.047922 0.345828 0.056250 0.311109 0.061812 0.263891 0.070141 0.241672 0.096531 0.236109 0.111812 0.254859
0 0.058328 0.465281 0.101391 0.496531 0.152078 0.518750 0.207641 0.545141 0.242359 0.564578 0.259719 0.633328 0.249312 0.692359 0.230562 0.720141 0.228469 0.750000 0.263188 0.755562 0.285422 0.724312 0.302781 0.673609 0.311812 0.625000 0.302781 0.567359 0.286109 0.520828 0.256250 0.493062 0.218062 0.474312 0.181938 0.467359 0.143750 0.451391 0.089578 0.429172 0.081250 0.434031 0.061812 0.452781
0 0.457641 0.395828 0.459031 0.465281 0.450688 0.522219 0.450688 0.612500 0.454172 0.657641 0.465969 0.702781 0.492359 0.730562 0.506250 0.765281 0.514578 0.803469 0.506250 0.822922 0.477078 0.811109 0.433328 0.791672 0.407641 0.753469 0.384719 0.706938 0.372922 0.600688 0.372922 0.531250 0.382641 0.446531 0.389578 0.368062 0.393062 0.343750 0.413891 0.329859 0.443750 0.338188 0.452078 0.338188 0.455562 0.378469
0 0.297922 0.789578 0.350000 0.868062 0.372219 0.949312 0.382534 0.998437 0.445044 0.998437 0.445141 0.998609 0.438891 0.951391 0.406938 0.859719 0.374312 0.798609 0.340969 0.736109 0.320828 0.722219 0.301391 0.730562 0.294438 0.743062 0.293062 0.765281 0.294438 0.779172
0 0.379859 0.798609 0.420828 0.861109 0.443750 0.928469 0.452078 0.997922 0.452019 0.998437 0.508992 0.998437 0.508328 0.977781 0.504859 0.899312 0.481938 0.852781 0.440281 0.795141 0.405562 0.759031 0.381250 0.759031 0.377781 0.772219
0 0.202078 0.679859 0.215969 0.744438 0.229859 0.787500 0.242359 0.817359 0.261109 0.850000 0.294438 0.874312 0.323609 0.891672 0.344438 0.912500 0.351391 0.936812 0.332641 0.968062 0.310422 0.972219 0.282641 0.947922 0.261812 0.920141 0.244438 0.890281 0.228469 0.881938 0.218062 0.859031 0.199312 0.815969 0.185422 0.784719 0.164578 0.743062 0.154172 0.708328 0.145141 0.680562 0.131250 0.657641 0.138188 0.633328 0.148609 0.625000 0.163891 0.625000 0.170828 0.629859 0.181250 0.641672 0.190281 0.657641
0 0.133328 0.701391 0.167359 0.752781 0.188188 0.796531 0.211109 0.846531 0.222922 0.884719 0.245828 0.929859 0.267560 0.998437 0.200195 0.998437 0.199312 0.997922 0.185422 0.961812 0.172922 0.923609 0.155562 0.899312 0.136812 0.855562 0.119438 0.822922 0.109031 0.800000 0.093062 0.770828 0.082641 0.740969 0.068750 0.708328 0.063891 0.681938 0.077078 0.670141 0.086109 0.663188 0.100000 0.663188 0.113891 0.671531 0.125688 0.693750
0 0.998437 0.346802 0.995188 0.356172 0.989844 0.390891 0.983172 0.426281 0.975156 0.473031 0.966484 0.507750 0.955125 0.559828 0.926422 0.596547 0.918406 0.633281 0.909719 0.656656 0.889688 0.718078 0.885016 0.738109 0.875000 0.760156 0.842953 0.765484 0.829594 0.755469 0.814906 0.732109 0.814906 0.695375 0.827594 0.651969 0.842953 0.619922 0.864313 0.579859 0.883016 0.535125 0.896375 0.501734 0.914391 0.451656 0.939766 0.339469 0.949781 0.316109 0.954453 0.296078 0.966484 0.291406 0.986516 0.292734 0.998437 0.312003
0 0.790859 0.256016 0.784859 0.276047 0.771500 0.300750 0.767500 0.342812 0.772844 0.366187 0.779516 0.399578 0.794203 0.439641 0.807562 0.449656 0.824250 0.477703 0.840953 0.503078 0.866313 0.531109 0.876328 0.549813 0.861641 0.574516 0.854969 0.601234 0.844953 0.613250 0.838281 0.606578 0.821578 0.578531 0.806219 0.558500 0.762828 0.503078 0.751469 0.483047 0.718078 0.428281 0.708063 0.384875 0.702719 0.341484 0.706063 0.292734 0.727437 0.241313 0.747469 0.221281 0.764156 0.212609 0.770828 0.219281 0.786188 0.246000
0 0.531109 0.222625 0.547141 0.225969 0.567172 0.229297 0.609234 0.232641 0.640625 0.232641 0.682688 0.217953 0.712734 0.195906 0.744125 0.172547 0.752797 0.175875 0.760813 0.200594 0.780844 0.223953 0.789531 0.258016 0.837609 0.256016 0.850969 0.239312 0.851625 0.209266 0.832937 0.174547 0.818250 0.154516 0.798203 0.132484 0.761484 0.115781 0.742781 0.112453 0.724766 0.117125 0.688031 0.130469 0.655984 0.149172 0.632609 0.159187 0.589203 0.159187 0.547813 0.163859 0.529109 0.169203 0.517766 0.175875 0.504406 0.190578 0.505750 0.205922
0 0.998437 0.882824 0.991859 0.902375 0.985172 0.933766 0.979828 0.965812 0.978635 0.998437 0.898147 0.998437 0.897703 0.969156 0.909719 0.922406 0.923078 0.875672 0.937766 0.854297 0.953125 0.832266 0.971156 0.812234 0.991187 0.792203 0.998437 0.788006
0 0.998437 0.767359 0.991859 0.775500 0.973156 0.793531 0.955125 0.813563 0.938437 0.838938 0.929750 0.862313 0.918406 0.892359 0.908391 0.912391 0.893031 0.939109 0.888359 0.927750 0.885016 0.882344 0.884344 0.835609 0.889688 0.805562 0.903047 0.778844 0.929750 0.748797 0.934422 0.744125 0.967813 0.730766 0.989844 0.724094 0.998437 0.723370
0 0.708063 0.511750 0.719422 0.575187 0.732766 0.606578 0.736109 0.636625 0.742781 0.673344 0.754141 0.742125 0.760813 0.768828 0.777516 0.816906 0.797547 0.835609 0.817578 0.830922 0.827594 0.804219 0.824922 0.767500 0.816234 0.724094 0.804891 0.674016 0.796203 0.618594 0.789531 0.585203 0.778172 0.545141 0.762828 0.511750 0.741453 0.477031 0.724766 0.467016 0.702719 0.469688 0.701391 0.489719
0 0.716078 0.537125 0.719422 0.555156 0.724094 0.589875 0.727437 0.611906 0.729437 0.648641 0.730766 0.682031 0.730766 0.710063 0.739453 0.743453 0.742781 0.778844 0.741453 0.802219 0.732766 0.823578 0.721422 0.826922 0.696047 0.832266 0.682688 0.823578 0.681359 0.802219 0.681359 0.780844 0.678016 0.745453 0.679359 0.714078 0.680688 0.665328 0.680688 0.635281 0.678016 0.590547 0.664656 0.545141 0.647969 0.513750 0.629281 0.488375 0.627266 0.465016 0.640625 0.453656 0.653984 0.455000 0.677344 0.478359 0.699391 0.483047 0.706063 0.496391 0.712734 0.519766 0.714078 0.528453
0 0.660656 0.567172 0.662656 0.605234 0.654641 0.658656 0.651312 0.690031 0.651312 0.722094 0.651312 0.752141 0.651312 0.782187 0.651312 0.806891 0.677344 0.850297 0.692703 0.882344 0.706063 0.912391 0.716078 0.945781 0.701391 0.955797 0.688031 0.963812 0.668000 0.945781 0.644625 0.922406 0.629281 0.894359 0.619250 0.865656 0.604563 0.824250 0.591219 0.785531 0.587875 0.748797 0.587875 0.718750 0.590547 0.665328 0.592547 0.621922 0.599219 0.570516 0.603906 0.538469 0.622594 0.525109 0.642625 0.523109 0.655984 0.553156
0 0.776172 0.785531 0.776172 0.798875 0.776172 0.828922 0.772844 0.848953 0.754812 0.868984 0.738109 0.885687 0.722750 0.899031 0.709406 0.897703 0.689375 0.877672 0.679359 0.852297 0.678016 0.838938 0.706063 0.827594 0.727437 0.815578 0.737453 0.795547 0.742781 0.768828 0.752797 0.748797 0.766156 0.768828
0 0.570516 0.730766 0.570516 0.736781 0.570516 0.772172 0.577187 0.796875 0.585875 0.828922 0.603906 0.872328 0.620594 0.907047 0.639297 0.942438 0.647297 0.977156 0.652336 0.998437 0.593393 0.998437 0.593891 0.994531 0.584531 0.957797 0.565844 0.935766 0.552484 0.902375 0.541125 0.864313 0.524438 0.827594 0.515766 0.788859 0.511078 0.754141 0.509078 0.718750 0.529109 0.702062 0.555828 0.708734
0 0.890423 0.000000 0.905422 0.010859 0.935234 0.040672 0.968031 0.070484 0.998437 0.110624 0.998437 0.182609 0.968031 0.182609 0.959094 0.167703 0.935234 0.131922 0.931063 0.121781 0.901234 0.087187 0.866656 0.063328 0.821922 0.030531 0.799859 0.012641 0.788058 0.000000
0 0.645156 0.149188 0.617938 0.125000 0.592734 0.101812 0.567547 0.074594 0.537297 0.059469 0.502016 0.036297 0.476812 0.014109 0.453297 0.000000 0.375000 0.000000 0.373984 0.001016 0.368953 0.023188 0.376016 0.023188 0.391125 0.046375 0.488906 0.098797 0.496969 0.103828 0.529234 0.134078 0.552422 0.159281 0.592734 0.162297 0.622984 0.157266
1 0.000000 0.396156 0.003875 0.395187 0.028766 0.375828 0.039828 0.346797 0.053656 0.306687 0.050891 0.255531 0.079922 0.237562 0.085453 0.215438 0.095125 0.136609 0.043969 0.118641 0.024609 0.078547 0.000000 0.058206
1 0.562500 0.346797 0.551437 0.425609 0.505812 0.453266 0.487828 0.514109 0.505812 0.581859 0.525172 0.597063 0.526547 0.706312 0.562500 0.714609 0.579094 0.718750 0.581859 0.696625 0.579094 0.664828 0.590156 0.651000 0.581859 0.630250 0.594297 0.617813 0.601219 0.574938 0.602594 0.540375 0.626109 0.519641 0.620578 0.485063 0.620578 0.444969 0.635781 0.425609 0.642703 0.338500 0.624719 0.280422 0.610891 0.245859 0.591531 0.299781
1 0.921625 0.747734 0.926656 0.694813 0.939266 0.612906 0.953125 0.581406 0.951859 0.557453 0.969500 0.533516 0.988406 0.507062 0.972031 0.509578 0.983359 0.484375 0.988406 0.469250 0.979594 0.454141 0.992188 0.431453 0.998484 0.457906 0.998437 0.476777 0.998437 0.575578 0.999750 0.576359 0.997234 0.625500 0.990922 0.675906 0.999750 0.702375 0.998484 0.725047 0.965719 0.732609 0.949344 0.743953 0.910281 0.765375
1 0.000000 0.486609 0.000000 0.492146 0.008062 0.548641 0.009328 0.663312 0.032000 0.728828 0.050906 0.804437 0.063516 0.919109 0.064766 0.990922 0.067034 0.998437 0.177019 0.998437 0.178172 0.958172 0.144156 0.943047 0.134078 0.901469 0.134078 0.872484 0.120219 0.838453 0.116437 0.823344 0.103828 0.812000 0.111391 0.804437 0.088703 0.777969 0.095016 0.761594 0.074844 0.732609 0.060984 0.689766 0.077375 0.660781 0.107609 0.655750 0.125250 0.680953 0.141641 0.717484 0.152969 0.717484 0.152969 0.688516 0.131547 0.668344 0.137859 0.641891 0.154234 0.619203 0.179438 0.631797 0.169359 0.590219 0.164312 0.547375 0.150453 0.537297 0.137859 0.524703 0.118953 0.507062 0.071063 0.484375 0.062250 0.474297 0.067281 0.452875 0.047125 0.459172 0.042094 0.484375 0.019406 0.479328
1 0.539406 0.887234 0.520375 0.914406 0.514953 0.933422 0.538047 0.970109 0.551034 0.998437 0.583746 0.998437 0.589672 0.994563 0.592391 0.974187 0.576094 0.957875 0.574734 0.944297 0.562500 0.930703 0.562500 0.914406 0.547547 0.907609
0 0.213281 0.689734 0.240984 0.689734 0.246516 0.603859 0.243750 0.562312 0.257594 0.473656 0.324078 0.432109 0.379484 0.390563 0.379484 0.354547 0.310234 0.368406 0.235437 0.418266 0.188344 0.481969 0.180031 0.559531 0.196656 0.648172 0.196656 0.703578
0 0.470228 0.000000 0.461203 0.119562 0.451969 0.202656 0.440422 0.276531 0.398875 0.276531 0.410422 0.158797 0.410422 0.000000
0 0.689390 0.000000 0.678187 0.041078 0.634328 0.138031 0.592781 0.271906 0.567391 0.338859 0.537375 0.345781 0.511984 0.308844 0.567391 0.138031 0.624113 0.000000