0 0.000000 0.100535 0.024312 0.101688 0.036703 0.109125 0.061516 0.122766 0.082594 0.130203 0.116078 0.135172 0.142109 0.140125 0.183031 0.146328 0.214031 0.132688 0.217766 0.142609 0.207844 0.152531 0.200391 0.164938 0.188000 0.173609 0.179312 0.184766 0.160719 0.195938 0.148312 0.202141 0.130953 0.198406 0.112344 0.197172 0.098703 0.195938 0.083828 0.197172 0.072672 0.189734 0.062750 0.189734 0.042906 0.181047 0.036703 0.172375 0.019344 0.172375 0.005703 0.176094 0.000000 0.178586
0 0.144594 0.218250 0.127234 0.210812 0.117313 0.210812 0.096234 0.213297 0.080109 0.213297 0.056547 0.217016 0.035469 0.234375 0.059031 0.240578 0.060266 0.254219 0.050344 0.275297 0.034219 0.288937 0.024312 0.295141 0.024312 0.313734 0.042906 0.339781 0.046625 0.345984 0.065234 0.318703 0.071422 0.301344 0.077625 0.293906 0.076391 0.276531 0.081344 0.266609 0.090031 0.252969 0.116078 0.271578 0.138391 0.279016 0.165672 0.270344 0.184281 0.254219 0.186750 0.239328 0.179312 0.233141 0.160719 0.220734
0 0.056547 0.491078 0.035469 0.500984 0.026781 0.514641 0.018109 0.525797 0.013141 0.545641 0.000000 0.545641 0.000000 0.460209 0.013141 0.445188 0.034219 0.430312 0.054063 0.410469 0.091266 0.386906 0.108625 0.376984 0.122266 0.369547 0.137156 0.368297 0.165672 0.368297 0.175594 0.372031 0.200391 0.372031 0.214031 0.369547 0.223953 0.364578 0.228922 0.349703 0.262406 0.367062 0.267359 0.378219 0.295891 0.389391 0.290922 0.398062 0.272328 0.403031 0.254953 0.406750 0.241313 0.414187 0.221484 0.422859 0.210313 0.424109 0.196672 0.424109 0.183031 0.424109 0.163188 0.424109 0.150797 0.425344 0.125984 0.431547 0.109875 0.440234 0.103672 0.451391 0.091266 0.458828 0.076391 0.467516 0.063984 0.481156
0 0.111109 0.606406 0.091266 0.606406 0.081344 0.606406 0.066469 0.606406 0.050344 0.617563 0.037953 0.622516 0.029266 0.623766 0.021828 0.618797 0.010672 0.623766 0.003219 0.626234 0.000000 0.626234 0.000000 0.693971 0.018109 0.691969 0.040422 0.683281 0.076391 0.667156 0.106156 0.652281 0.129719 0.643594 0.144594 0.621281 0.139641 0.608875
0 0.134672 0.493547 0.119797 0.484875 0.104906 0.471234 0.097469 0.465031 0.078875 0.468750 0.060266 0.496031 0.051594 0.513391 0.047859 0.523313 0.040422 0.538188 0.021828 0.544391 0.004469 0.550594 0.000000 0.551257 0.000000 0.611037 0.005703 0.617563 0.026781 0.611359 0.039188 0.620047 0.052828 0.598953 0.063984 0.598953 0.081344 0.602672 0.082594 0.577875 0.088797 0.561750 0.096234 0.533234 0.107391 0.522078 0.118547 0.529516 0.139641 0.530750 0.149547 0.515875 0.145828 0.504719
0 0.104906 0.456344 0.099953 0.469984 0.118547 0.484875 0.128469 0.492312 0.149547 0.492312 0.180562 0.484875 0.200391 0.484875 0.226437 0.482391 0.245047 0.469984 0.294641 0.462547 0.315719 0.452625 0.308281 0.442703 0.288438 0.429063 0.273563 0.422859 0.266125 0.419141 0.245047 0.420391 0.221484 0.421625 0.190469 0.421625 0.157000 0.422859 0.130953 0.432781 0.104906 0.438984
0 0.174359 0.365828 0.188000 0.355906 0.201641 0.347219 0.212797 0.332344 0.211562 0.307547 0.199156 0.295141 0.184281 0.288937 0.164438 0.296375 0.154516 0.305063 0.150797 0.323656 0.137156 0.342266 0.130953 0.352187 0.127234 0.365828 0.147078 0.374500
0 0.340531 0.466266 0.303328 0.462547 0.289687 0.469984 0.248766 0.474953 0.231406 0.487344 0.206594 0.491078 0.185516 0.502234 0.168156 0.517109 0.147078 0.560516 0.144594 0.591516 0.144594 0.620047 0.153281 0.647328 0.168156 0.674609 0.174359 0.682047 0.220234 0.695688 0.235125 0.690719 0.241313 0.664687 0.241313 0.651047 0.231406 0.632437 0.220234 0.625000 0.212797 0.617563 0.202875 0.597719 0.204109 0.581594 0.212797 0.555562 0.233875 0.539438 0.251234 0.530750 0.271078 0.527031 0.289687 0.525797 0.314484 0.523313 0.333078 0.523313 0.354172 0.507188 0.357891 0.486109
0 0.109875 0.550594 0.097469 0.554312 0.091266 0.575391 0.104906 0.580359 0.130953 0.575391 0.144594 0.569203 0.158234 0.540672 0.181797 0.513391 0.205359 0.494797 0.226437 0.488594 0.210313 0.482391 0.178078 0.486109 0.160719 0.491078 0.149547 0.507188 0.147078 0.520828 0.140875 0.534469 0.129719 0.538188 0.107391 0.529516
0 0.251234 0.214531 0.243797 0.182297 0.227672 0.153766 0.217766 0.150047 0.205359 0.158734 0.192953 0.179812 0.176828 0.198406 0.192953 0.218250 0.189234 0.228172 0.201641 0.246781 0.209078 0.262891 0.205359 0.275297 0.217766 0.297625 0.223953 0.311266 0.225203 0.322422 0.235125 0.339781 0.238844 0.312500 0.248766 0.310016 0.259922 0.302578 0.284719 0.308781 0.303328 0.327375 0.323172 0.344734 0.344250 0.365828 0.341766 0.337297 0.328125 0.323656 0.316969 0.307547 0.302078 0.285219 0.287203 0.274062 0.273563 0.257938 0.253719 0.238094
0 0.473219 0.238094 0.436016 0.228172 0.407484 0.226938 0.385172 0.221969 0.366563 0.215781 0.338047 0.208328 0.310766 0.198406 0.302078 0.195938 0.268594 0.189734 0.254953 0.190969 0.252484 0.203375 0.250000 0.217016 0.261156 0.241812 0.277281 0.260422 0.324406 0.281500 0.339281 0.282734 0.361609 0.286453 0.386406 0.288937 0.414937 0.290172 0.434766 0.290172 0.478172 0.295141 0.505453 0.297625 0.521578 0.291422 0.504219 0.276531 0.483141 0.262891
0 0.360359 0.367062 0.333078 0.352187 0.304562 0.329859 0.287203 0.317453 0.272328 0.308781 0.248766 0.308781 0.238844 0.324906 0.241313 0.347219 0.279766 0.372031 0.300844 0.386906 0.314484 0.412953 0.333078 0.435266 0.340531 0.447672 0.354172 0.461313 0.371531 0.477438 0.388891 0.492312 0.400047 0.499750 0.434766 0.520828 0.442219 0.530750 0.467016 0.530750 0.467016 0.502234 0.457094 0.478672 0.445937 0.463797 0.426094 0.450156 0.412453 0.435266 0.391375 0.415422 0.377734 0.399313
0 0.345484 0.554312 0.339281 0.571672 0.335562 0.584078 0.343000 0.606406 0.362844 0.622516 0.375250 0.627484 0.390125 0.625000 0.408734 0.606406 0.406250 0.589031 0.414937 0.567953 0.422375 0.561750 0.429813 0.558031 0.438484 0.541922 0.438484 0.529516 0.431047 0.518359 0.421125 0.509672 0.397563 0.507188 0.375250 0.505953 0.367812 0.512156 0.349203 0.512156 0.323172 0.522078 0.284719 0.532000 0.305797 0.545641 0.325641 0.551828
0 0.324406 0.572922 0.300844 0.555562 0.293406 0.540672 0.272328 0.528281 0.254953 0.536953 0.237594 0.545641 0.235125 0.563000 0.253719 0.577875 0.264875 0.595234 0.267359 0.622516 0.267359 0.649797 0.274797 0.678328 0.279766 0.698172 0.285969 0.711812 0.302078 0.720484 0.316969 0.721719 0.326891 0.708078 0.326891 0.680797 0.334328 0.647328 0.328125 0.622516 0.328125 0.602672 0.328125 0.592766
0 0.406250 0.156250 0.386406 0.151297 0.370281 0.148812 0.385172 0.164938 0.367812 0.171125 0.351688 0.172375 0.343000 0.176094 0.376484 0.204609 0.392609 0.207094 0.418656 0.215781 0.443453 0.215781 0.460812 0.218250 0.486859 0.214531 0.494297 0.200891 0.521578 0.207094 0.543906 0.218250 0.558781 0.215781 0.568703 0.200891 0.581094 0.177328 0.591016 0.171125 0.605906 0.159969 0.625750 0.153766 0.640625 0.141375 0.640625 0.127734 0.628219 0.115328 0.614578 0.115328 0.603422 0.107891 0.595984 0.101688 0.579859 0.096719 0.566219 0.109125 0.551344 0.112844 0.551344 0.128969 0.547625 0.137656 0.529016 0.147562 0.516609 0.156250 0.504219 0.157484 0.491812 0.161203 0.475688 0.162453 0.454609 0.162453 0.427328 0.161203
0 0.510422 0.277781 0.495531 0.259172 0.483141 0.243063 0.484375 0.223219 0.505453 0.208328 0.541422 0.215781 0.561266 0.233141 0.572422 0.261656 0.573656 0.290172 0.577375 0.312500 0.568703 0.331094 0.558781 0.350938 0.545141 0.360859 0.526531 0.375750 0.511656 0.386906 0.499250 0.403031 0.479422 0.420391 0.470734 0.432781 0.458328 0.448906 0.448406 0.462547 0.428578 0.455109 0.418656 0.438984 0.418656 0.429063 0.434766 0.407984 0.444688 0.390625 0.449656 0.379469 0.469500 0.359625 0.488094 0.344734 0.500500 0.329859 0.520344 0.306297 0.522813 0.295141 0.524062 0.290172
0 0.122266 0.705609 0.107391 0.699406 0.093750 0.696922 0.078875 0.694438 0.061516 0.695688 0.040422 0.699406 0.021828 0.703125 0.005703 0.715531 0.000000 0.719477 0.000000 0.803192 0.009422 0.802328 0.019344 0.781250 0.025547 0.772563 0.037953 0.766375 0.051594 0.763891 0.073906 0.761406 0.094984 0.766375 0.121031 0.766375 0.135906 0.750250 0.147078 0.742812 0.149547 0.729172 0.149547 0.720484 0.142109 0.713047
0 0.101187 0.803578 0.092516 0.794891 0.072672 0.791172 0.049109 0.791172 0.031750 0.797375 0.018109 0.803578 0.004469 0.804813 0.000000 0.805144 0.000000 0.864674 0.001984 0.864328 0.041672 0.868062 0.072672 0.868062 0.112344 0.843250 0.112344 0.817219
0 0.197922 0.784969 0.183031 0.773813 0.154516 0.765125 0.142109 0.760172 0.113594 0.760172 0.098703 0.765125 0.070187 0.765125 0.055312 0.763891 0.031750 0.770094 0.015625 0.782484 0.014391 0.797375 0.040422 0.797375 0.068953 0.797375 0.099953 0.794891 0.108625 0.809766 0.118547 0.823406 0.138391 0.827141 0.154516 0.832094 0.181797 0.842016 0.206594 0.853172 0.223953 0.859375 0.248766 0.856891 0.268594 0.850688 0.281000 0.835812 0.282234 0.819688 0.278516 0.811016 0.264875 0.804813 0.257437 0.791172 0.240078 0.789937 0.217766 0.788687
0 0.152031 0.762656 0.170641 0.757688 0.192953 0.749016 0.204109 0.744047 0.221484 0.745281 0.245047 0.747766 0.276047 0.747766 0.308281 0.749016 0.325641 0.741563 0.325641 0.731641 0.318203 0.720484 0.292156 0.713047 0.279766 0.703125 0.267359 0.691969 0.247516 0.691969 0.233875 0.691969 0.205359 0.693203 0.183031 0.693203 0.170641 0.695688 0.149547 0.704359 0.145828 0.716766 0.145828 0.731641 0.143359 0.746531 0.138391 0.753969
0 0.341766 0.690719 0.333078 0.709328 0.326891 0.724203 0.324406 0.742812 0.345484 0.755203 0.360359 0.762656 0.380203 0.756453 0.388891 0.744047 0.398813 0.719250 0.402531 0.704359 0.421125 0.691969 0.437250 0.679563 0.457094 0.674609 0.462047 0.657234 0.463297 0.643594 0.471969 0.634922 0.494297 0.634922 0.491812 0.626234 0.483141 0.623766 0.468250 0.620047 0.450891 0.615078 0.444688 0.616313 0.429813 0.616313 0.411203 0.627484 0.400047 0.629953 0.378969 0.634922 0.370281 0.643594 0.375250 0.652281 0.372766 0.659719 0.361609 0.674609 0.356641 0.684531
0 0.343000 0.763891 0.329359 0.778766 0.313250 0.794891 0.303328 0.807297 0.290922 0.819688 0.281000 0.834578 0.274797 0.842016 0.268594 0.850688 0.253719 0.859375 0.240078 0.868062 0.216516 0.873016 0.204109 0.884172 0.192953 0.894094 0.185516 0.913937 0.199156 0.931297 0.219000 0.925094 0.250000 0.918906 0.282234 0.908984 0.307047 0.892859 0.326891 0.876734 0.350453 0.853172 0.374016 0.817219 0.393844 0.797375 0.406250 0.781250 0.409969 0.767609 0.401297 0.758922 0.385172 0.758922 0.364094 0.768844
0 0.403766 0.830859 0.390125 0.843250 0.375250 0.856891 0.362844 0.868062 0.341766 0.879219 0.333078 0.882938 0.319438 0.892859 0.299609 0.900297 0.263641 0.912703 0.227672 0.922625 0.214031 0.925094 0.191719 0.938734 0.180562 0.951141 0.188000 0.974703 0.196672 0.989578 0.218653 0.998437 0.221150 0.998437 0.233875 0.989578 0.247516 0.984625 0.266125 0.983391 0.277281 0.975938 0.297125 0.975938 0.309531 0.953625 0.325641 0.943703 0.354172 0.942453 0.365328 0.937500 0.388891 0.916422 0.408734 0.905266 0.432297 0.880453 0.439734 0.858141 0.442219 0.835812 0.442219 0.820937 0.433531 0.815969
0 0.287203 0.982141 0.284719 0.994547 0.292903 0.998437 0.374747 0.998437 0.380203 0.998266 0.403766 0.997031 0.422375 0.995781 0.432297 0.980906 0.448406 0.963547 0.465781 0.948656 0.490578 0.937500 0.511656 0.927578 0.531500 0.926344 0.550094 0.907734 0.571187 0.889141 0.572422 0.875500 0.566219 0.859375 0.556297 0.851938 0.541422 0.856891 0.512891 0.866812 0.494297 0.881703 0.464531 0.892859 0.448406 0.904016 0.436016 0.913937 0.426094 0.923859 0.411203 0.935016 0.398813 0.941219 0.381453 0.946187 0.369047 0.944937 0.339281 0.952375 0.324406 0.948656 0.309531 0.951141 0.300844 0.963547
0 0.452141 0.963547 0.444688 0.975938 0.439734 0.988344 0.439734 0.995781 0.449851 0.998437 0.592590 0.998437 0.617063 0.988344 0.636906 0.980906 0.644344 0.980906 0.660469 0.992062 0.669141 0.994547 0.686516 0.969734 0.698906 0.957344 0.719984 0.938734 0.724953 0.912703 0.729906 0.897813 0.718750 0.889141 0.702625 0.890375 0.681547 0.900297 0.664187 0.917656 0.656750 0.926344 0.635672 0.941219 0.612109 0.952375 0.602188 0.958578 0.577375 0.962297 0.560016 0.963547 0.542656 0.957344 0.529016 0.948656 0.524062 0.932547 0.509172 0.927578 0.483141 0.935016 0.465781 0.944937 0.454609 0.951141
0 0.793156 0.307547 0.775797 0.307547 0.762156 0.316219 0.744797 0.327375 0.737344 0.337297 0.719984 0.350938 0.712547 0.358391 0.706344 0.369547 0.692703 0.373266 0.685266 0.375750 0.672859 0.381937 0.661703 0.379469 0.649312 0.386906 0.640625 0.399313 0.634422 0.403031 0.614578 0.416672 0.605906 0.432781 0.592266 0.442703 0.577375 0.453875 0.569937 0.471234 0.567453 0.487344 0.587297 0.497266 0.604656 0.481156 0.634422 0.458828 0.671625 0.443953 0.684031 0.440234 0.723703 0.430312 0.739828 0.419141 0.757187 0.410469 0.778281 0.396828 0.788188 0.385672 0.805562 0.370781 0.810516 0.353422 0.826641 0.344734 0.832844 0.326141 0.825391 0.313734 0.816719 0.307547
0 0.688984 0.579109 0.666672 0.584078 0.654266 0.579109 0.646828 0.596484 0.629469 0.596484 0.617063 0.603922 0.600937 0.598953 0.592266 0.602672 0.588547 0.611359 0.584828 0.620047 0.573656 0.625000 0.561266 0.627484 0.541422 0.627484 0.526531 0.629953 0.514141 0.629953 0.496781 0.636156 0.478172 0.637406 0.467016 0.639875 0.460812 0.653516 0.460812 0.665922 0.460812 0.682047 0.471969 0.693203 0.484375 0.693203 0.511656 0.695688 0.524062 0.695688 0.547625 0.694438 0.568703 0.688250 0.592266 0.679563 0.609625 0.673359 0.625750 0.667156 0.634422 0.660969 0.648062 0.657234 0.677828 0.644844 0.687750 0.638641 0.698906 0.627484 0.717516 0.627484 0.731156 0.622516 0.741078 0.611359 0.750984 0.611359 0.765875 0.605156 0.774547 0.605156 0.774547 0.596484 0.760906 0.584078 0.747266 0.581594 0.733625 0.581594 0.721234 0.582844 0.702625 0.582844
0 0.614578 0.771328 0.587297 0.778766 0.566219 0.791172 0.556297 0.804813 0.552578 0.820937 0.561266 0.834578 0.574906 0.849453 0.600937 0.860609 0.622031 0.843250 0.646828 0.832094 0.667906 0.827141 0.686516 0.829609 0.718750 0.840781 0.737344 0.858141 0.755953 0.881703 0.770828 0.892859 0.786953 0.906500 0.799359 0.915172 0.822922 0.920141 0.837797 0.910219 0.839031 0.891609 0.834078 0.875500 0.816719 0.863094 0.795641 0.853172 0.782000 0.835812 0.775797 0.822172 0.767109 0.811016 0.758438 0.803578 0.752234 0.796125 0.739828 0.788687 0.729906 0.786203 0.724953 0.777531 0.715031 0.770094 0.691469 0.757688 0.672859 0.756453 0.665422 0.762656 0.651781 0.767609 0.631938 0.767609
0 0.685266 0.653516 0.674109 0.662203 0.660469 0.664687 0.646828 0.672125 0.630703 0.677078 0.618297 0.683281 0.609625 0.698172 0.599703 0.705609 0.591016 0.714281 0.595984 0.727922 0.608391 0.739094 0.626984 0.750250 0.646828 0.752734 0.661703 0.740328 0.685266 0.731641 0.700156 0.720484 0.705109 0.710562 0.723703 0.695688 0.744797 0.682047 0.760906 0.673359 0.775797 0.667156 0.791922 0.662203 0.806797 0.654766 0.829109 0.654766 0.851438 0.663438 0.866313 0.662203 0.879953 0.652281 0.886156 0.637406 0.883687 0.626234 0.871281 0.613844 0.846484 0.607641 0.829109 0.606406 0.806797 0.600203 0.789438 0.597719 0.775797 0.602672 0.764641 0.605156 0.752234 0.611359 0.744797 0.615078 0.732391 0.621281 0.719984 0.622516 0.708828 0.623766 0.700156 0.629953 0.693953 0.637406
0 0.886156 0.272813 0.867563 0.285219 0.862594 0.293906 0.832844 0.338547 0.827875 0.348469 0.805562 0.374500 0.791922 0.391859 0.784469 0.409219 0.770828 0.429063 0.763391 0.451391 0.759672 0.467516 0.753469 0.494797 0.752234 0.513391 0.769594 0.508437 0.800594 0.488594 0.809281 0.474953 0.816719 0.452625 0.829109 0.427828 0.839031 0.412953 0.866313 0.380703 0.876234 0.365828 0.892359 0.349703 0.906000 0.333578 0.919641 0.314984 0.927078 0.291422 0.925844 0.277781 0.922125 0.266609 0.914688 0.266609 0.898562 0.267859
0 0.868797 0.138891 0.845234 0.151297 0.834078 0.169891 0.839031 0.181047 0.853922 0.186016 0.881203 0.183531 0.891125 0.181047 0.919641 0.186016 0.941969 0.188484 0.981641 0.189734 0.991562 0.182297 0.998437 0.184403 0.998437 0.117928 0.965531 0.133922 0.954359 0.136406 0.939484 0.136406 0.917156 0.136406 0.907234 0.136406 0.894844 0.136406 0.884922 0.131453 0.876234 0.117813 0.867563 0.109125
0 0.945688 0.429063 0.919641 0.438984 0.902281 0.452625 0.896078 0.465031 0.877484 0.477438 0.866313 0.479906 0.852672 0.488594 0.842766 0.491078 0.822922 0.493547 0.810516 0.488594 0.791922 0.488594 0.759672 0.514641 0.750984 0.524547 0.750984 0.545641 0.758438 0.556797 0.788188 0.558031 0.817953 0.556797 0.841516 0.556797 0.866313 0.565469 0.887406 0.553078 0.886156 0.540672 0.879953 0.525797 0.883687 0.507188 0.896078 0.482391 0.919641 0.460062 0.946922 0.446422 0.963047 0.437750 0.963047 0.427828
0 0.954359 0.438984 0.922125 0.461313 0.901047 0.476187 0.888641 0.488594 0.887406 0.512156 0.881203 0.532000 0.881203 0.549359 0.884922 0.555562 0.908484 0.543156 0.923359 0.535719 0.937000 0.525797 0.950641 0.515875 0.977922 0.496031 0.980406 0.487344 0.996531 0.479906 0.998437 0.479331 0.998437 0.419124 0.974203 0.425344
0 0.998437 0.485812 0.990328 0.493547 0.975453 0.505953 0.961812 0.514641 0.937000 0.527031 0.920891 0.538188 0.894844 0.549359 0.884922 0.556797 0.878719 0.574156 0.881203 0.585313 0.871281 0.598953 0.870047 0.607641 0.883687 0.621281 0.893594 0.622516 0.915922 0.622516 0.929563 0.612594 0.949406 0.597719 0.959328 0.587797 0.986609 0.580359 0.998437 0.574622
1 0.312609 0.558281 0.322563 0.572328 0.328422 0.588719 0.325484 0.614469 0.337781 0.647828 0.344797 0.633781 0.358844 0.641391 0.371141 0.653672 0.372312 0.641969 0.392203 0.634359 0.412109 0.623250 0.410938 0.609203 0.417375 0.596906 0.429656 0.596328 0.442531 0.602766 0.430250 0.616219 0.439016 0.620313 0.461266 0.619734 0.467109 0.615641 0.472375 0.603344 0.479984 0.602766 0.485250 0.610375 0.480578 0.621484 0.486422 0.626172 0.506312 0.626172 0.522125 0.628516 0.523875 0.621484 0.520359 0.612125 0.526219 0.600422 0.538500 0.561219 0.528562 0.562969 0.519187 0.551266 0.516859 0.564141 0.497547 0.562391 0.479406 0.562391 0.468281 0.553609 0.451313 0.548922 0.443703 0.558875 0.435516 0.564719 0.425563 0.563547 0.415031 0.562391 0.417375 0.568813 0.417375 0.578766 0.411516 0.585203 0.414438 0.591062 0.404500 0.608609 0.398062 0.619141 0.392797 0.623250 0.377578 0.626750 0.362937 0.623828 0.353000 0.615047 0.345969 0.603344 0.340125 0.596906 0.333094 0.580531 0.335437 0.572922 0.338953 0.567063 0.340125 0.557109 0.329594 0.555953 0.312609 0.548344
1 0.202594 0.585203 0.207281 0.593984 0.211375 0.602172 0.209625 0.618563 0.214891 0.626172 0.228344 0.630859 0.245906 0.634359 0.260531 0.634359 0.264625 0.627344 0.262875 0.617984 0.262297 0.609203 0.261125 0.600422 0.255266 0.590469 0.250578 0.583453 0.231859 0.588125 0.214297 0.581687
1 0.104875 0.658938 0.119500 0.652500 0.129453 0.642563 0.137063 0.629094 0.139984 0.617984 0.135297 0.606859 0.127688 0.602766 0.113641 0.598078 0.092578 0.606266 0.082047 0.607437 0.078531 0.602766 0.096672 0.596328 0.100188 0.592234 0.101359 0.584031 0.101359 0.579937 0.109547 0.576422 0.118328 0.571156 0.138219 0.567656 0.127688 0.578188 0.123016 0.586375 0.123016 0.595734 0.129453 0.598672 0.138813 0.598672 0.141734 0.602172 0.144078 0.614469 0.148172 0.627344 0.152859 0.636703 0.158703 0.647828 0.162219 0.661875 0.141734 0.670063 0.130625 0.675906 0.114234 0.666547
1 0.030547 0.690547 0.041078 0.693469 0.058641 0.695219 0.073266 0.696984 0.091406 0.696984 0.103109 0.698734 0.107203 0.692297 0.100766 0.685281 0.097844 0.680016 0.097266 0.668313 0.084969 0.667141 0.076187 0.672406 0.063906 0.675906 0.048109 0.681187 0.041672 0.682344 0.035812 0.686453
1 0.731609 0.578703 0.745750 0.581281 0.759266 0.586422 0.770828 0.596063 0.774687 0.601203 0.786906 0.598000 0.796547 0.594141 0.804266 0.588344 0.818422 0.590281 0.816484 0.599281 0.822922 0.604422 0.836422 0.606359 0.845422 0.610859 0.846063 0.600562 0.839641 0.590922 0.838984 0.584484 0.835781 0.569703 0.826125 0.556844 0.813266 0.558125 0.812625 0.569063 0.806203 0.575484 0.800406 0.556844 0.792703 0.561984 0.783687 0.569703 0.773406 0.570984 0.770188 0.563266 0.762469 0.557484 0.756047 0.552984 0.741891 0.555562 0.727109 0.561984 0.723891 0.569703 0.724531 0.576125
1 0.602359 0.581281 0.598516 0.588344 0.597219 0.598000 0.606219 0.602500 0.621656 0.603781 0.628094 0.594141 0.633875 0.592844 0.643516 0.594141 0.651875 0.586422 0.658312 0.579984 0.648016 0.574203 0.645453 0.569063 0.626156 0.565844 0.615875 0.564562 0.617797 0.575484 0.617156 0.583844 0.611375 0.585781
1 0.635797 0.663578 0.635797 0.670656 0.644797 0.676438 0.657016 0.671297 0.666031 0.666156 0.675672 0.659719 0.680172 0.655219 0.685312 0.651359 0.693031 0.642359 0.691094 0.635281 0.682094 0.640437 0.673734 0.644937 0.666031 0.647500 0.660234 0.652656 0.648016 0.659719
0 0.000000 0.432446 0.023625 0.432922 0.083609 0.372938 0.133156 0.329906 0.135766 0.280359 0.075781 0.292094 0.052313 0.358594 0.000000 0.388999
0 0.478703 0.558625 0.514703 0.547672 0.564766 0.544547 0.666484 0.578969 0.719687 0.568016 0.746281 0.532016 0.671172 0.530453 0.580422 0.491344 0.499047 0.496031 0.472453 0.491344 0.459937 0.532016
0 0.682125 0.489781 0.607016 0.568016 0.588250 0.605563 0.597625 0.675984 0.610156 0.702578 0.574156 0.716672 0.527219 0.666594 0.528781 0.593047 0.589813 0.488203 0.639875 0.456906 0.668047 0.466297
0 0.489656 0.716672 0.381687 0.658766 0.279984 0.635297 0.211141 0.632172 0.214266 0.675984 0.273719 0.680672 0.383266 0.724484 0.431766 0.762047 0.470891 0.774563 0.506875 0.744828
0 0.907453 0.627469 0.837047 0.672859 0.866766 0.751094 0.899625 0.804297 0.894937 0.832453 0.882422 0.890359 0.913719 0.904438 0.965359 0.815250 0.930922 0.752656 0.898062 0.686937 0.930922 0.633734
0 0.000000 0.997700 0.008344 0.998953 0.087203 0.985812 0.098469 0.974547 0.075938 0.935109 0.000000 0.936959