0 0.004859 0.075391 0.052281 0.085719 0.094234 0.107000 0.113688 0.124031 0.134969 0.122812 0.162938 0.116734 0.147125 0.089984 0.116125 0.068094 0.098500 0.048031 0.057156 0.027969 0.013375 0.007297 0.003641 0.003047 0.000609 0.054109 0.000609 0.067484
0 0.107609 0.001828 0.098500 0.015813 0.110656 0.052891 0.144703 0.071141 0.191516 0.082687 0.217656 0.069922 0.244406 0.038297 0.251703 0.009125 0.255344 0.003047 0.181781 0.000609 0.181781 0.013375 0.177531 0.019453 0.161719 0.015813 0.150781 0.009734 0.145922 0.003047 0.140437 0.001219
0 0.139234 0.139234 0.158078 0.167187 0.174484 0.211578 0.166578 0.249266 0.154422 0.307641 0.153812 0.368438 0.149562 0.398219 0.141656 0.407344 0.129500 0.420719 0.112469 0.417687 0.105187 0.405516 0.105781 0.392750 0.103359 0.366609 0.100922 0.333781 0.099703 0.307031 0.110047 0.274203 0.117953 0.246234 0.119156 0.230422 0.118562 0.204891 0.113688 0.178750 0.107000 0.162328 0.103969 0.152000 0.108828 0.142875 0.120375 0.130719 0.130109 0.130719
0 0.003641 0.193344 0.017016 0.241359 0.024313 0.302766 0.032828 0.340469 0.030406 0.375734 0.015203 0.389109 0.003641 0.390328
0 0.106391 0.429234 0.130109 0.459016 0.151391 0.479078 0.176313 0.495500 0.197594 0.508266 0.243187 0.514953 0.264469 0.524687 0.285141 0.534406 0.311891 0.548391 0.322234 0.578188 0.319188 0.597641 0.285141 0.599469 0.265687 0.584266 0.246844 0.572719 0.224344 0.570281 0.211578 0.569672 0.205500 0.561156 0.195766 0.552047 0.178141 0.542312 0.155641 0.528937 0.128891 0.521031 0.108828 0.512531 0.086328 0.495500 0.077219 0.491859 0.068094 0.477875 0.061406 0.470578 0.054109 0.460234 0.048031 0.452937 0.039516 0.421938 0.039516 0.400656 0.058359 0.380594 0.087547 0.386672 0.103969 0.405516 0.105781 0.423156
0 0.002437 0.592781 0.019453 0.575141 0.041344 0.561156 0.062016 0.553859 0.092406 0.566641 0.107609 0.576969 0.130109 0.587313 0.142266 0.590344 0.159891 0.594594 0.179359 0.592781 0.196375 0.586094 0.209141 0.579406 0.210969 0.561766 0.189078 0.551438 0.164156 0.544141 0.136797 0.530766 0.120375 0.521641 0.094844 0.505844 0.068094 0.494281 0.040125 0.494281 0.002437 0.514953 0.002437 0.522250 0.001828 0.572109
0 0.001828 0.710109 0.035266 0.701000 0.101531 0.684578 0.147734 0.679719 0.181781 0.677281 0.198203 0.658438 0.201234 0.637766 0.198813 0.626828 0.179359 0.616484 0.144703 0.608578 0.104578 0.623781 0.066875 0.631078 0.038297 0.643234 0.013984 0.660875 0.003641 0.669375 0.000000 0.697344
0 0.004859 0.784297 0.032828 0.769094 0.066875 0.741125 0.076000 0.714375 0.091797 0.696734 0.112469 0.682156 0.146516 0.701609 0.130719 0.726531 0.111875 0.757531 0.099703 0.776391 0.072344 0.800703 0.051672 0.817125 0.026750 0.832922 0.006078 0.834750 0.001828 0.834750 0.004250 0.792797
0 0.017016 0.880344 0.048031 0.941750 0.068094 0.986141 0.069772 0.998437 0.015657 0.998437 0.015203 0.998297 0.000609 0.966687 0.002437 0.874266
0 0.223517 0.998437 0.231031 0.992828 0.262641 0.987969 0.300344 0.986750 0.308250 0.968500 0.304594 0.944797 0.293047 0.918047 0.255953 0.922906 0.203672 0.928984 0.184219 0.945406 0.176922 0.949656 0.148953 0.958172 0.123422 0.961812 0.096672 0.960000 0.087547 0.953922 0.066266 0.938109 0.040734 0.927766 0.060188 0.960609 0.068094 0.987359 0.070945 0.998437
0 0.186047 0.912578 0.201234 0.865156 0.232859 0.825031 0.275406 0.789156 0.310063 0.760578 0.344719 0.737469 0.368438 0.710109 0.355672 0.691266 0.332562 0.683969 0.319188 0.692484 0.270484 0.728922 0.240156 0.752062 0.206109 0.781859 0.172672 0.821375 0.155031 0.846297 0.145313 0.866969 0.134969 0.895547 0.136187 0.916219 0.144703 0.926562 0.162328 0.928375 0.174484 0.920484
0 0.256562 0.880344 0.319797 0.841437 0.372688 0.795844 0.424375 0.763016 0.445641 0.749031 0.447469 0.727750 0.424375 0.722281 0.385453 0.730781 0.348375 0.750844 0.316141 0.775172 0.294875 0.790984 0.251094 0.812250 0.234078 0.822594 0.217047 0.840219 0.209141 0.855422 0.209141 0.886438 0.212797 0.889469 0.240766 0.888859
0 0.293047 0.926562 0.316750 0.906500 0.340469 0.902844 0.374516 0.913188 0.389109 0.939937 0.415250 0.949047 0.437141 0.955125 0.448688 0.947234 0.457813 0.912578 0.426187 0.891906 0.392141 0.854203 0.362969 0.846906 0.329516 0.846906 0.294266 0.858469 0.259000 0.882172 0.245016 0.899203 0.227984 0.919266 0.221906 0.925344 0.235891 0.925344 0.272984 0.923516
0 0.494449 0.998437 0.511922 0.972156 0.539281 0.975797 0.550828 0.990391 0.603109 0.972766 0.621359 0.961812 0.634125 0.941750 0.626219 0.915000 0.618922 0.911969 0.580625 0.914391 0.542922 0.932031 0.525297 0.939328 0.493672 0.946016 0.459625 0.955125 0.432266 0.958172 0.393969 0.959391 0.355063 0.962422 0.332562 0.972766 0.338031 0.989781 0.342027 0.998437
0 0.291828 0.452328 0.348984 0.511313 0.381812 0.559953 0.403094 0.607984 0.409172 0.637156 0.399438 0.646281 0.376953 0.655406 0.364172 0.642625 0.334391 0.595812 0.304594 0.549000 0.291828 0.521641 0.261437 0.496719 0.241359 0.470578 0.226781 0.448078 0.237719 0.443828 0.261437 0.443828 0.283312 0.445031
0 0.325266 0.174484 0.316750 0.185438 0.315547 0.200031 0.314937 0.220703 0.317359 0.243797 0.318578 0.271156 0.316750 0.299125 0.312500 0.328922 0.308250 0.348984 0.297906 0.356281 0.285141 0.350187 0.276016 0.328313 0.267516 0.290609 0.267516 0.262641 0.269937 0.230422 0.263250 0.191516 0.260219 0.158078 0.273594 0.136797 0.289391 0.123422 0.328313 0.120984 0.354453 0.122812 0.383031 0.136187 0.396406 0.155641 0.418281 0.172672 0.422547 0.186047 0.418891 0.200625 0.410391 0.206719 0.393969 0.201234 0.369047 0.190906 0.345328 0.181781 0.338641 0.175703
0 0.387891 0.277234 0.463891 0.264469 0.485766 0.258391 0.524078 0.271766 0.567250 0.279062 0.616484 0.280281 0.631828 0.268094 0.630125 0.253594 0.617094 0.243797 0.562375 0.242578 0.534406 0.227984 0.505844 0.213406 0.477266 0.206109 0.449297 0.201844 0.427406 0.203672 0.377547 0.213406 0.358703 0.226781 0.353844 0.255953 0.367828 0.266906
0 0.324047 0.297297 0.330734 0.290000 0.341078 0.290000 0.339859 0.314328 0.338641 0.324656 0.355063 0.326484 0.375125 0.319188 0.378156 0.301563 0.375734 0.276625 0.371469 0.266297 0.362359 0.257781 0.346547 0.255953 0.330125 0.253531 0.319797 0.255344 0.316141 0.264469 0.322234 0.278453
0 0.965469 0.707078 0.983703 0.680937 0.998437 0.658463 0.998437 0.584585 0.998906 0.584875 0.980063 0.597641 0.961812 0.612844 0.942969 0.635328 0.925953 0.657828 0.915609 0.680937 0.919875 0.699781 0.931422 0.710719 0.953922 0.713156 0.970328 0.710719
0 0.998437 0.784780 0.994047 0.791578 0.980672 0.806172 0.960000 0.818937 0.924734 0.825031 0.902844 0.825031 0.877313 0.831109 0.846203 0.826313 0.835672 0.819875 0.826844 0.809828 0.832922 0.792797 0.909531 0.776391 0.932031 0.769094 0.965781 0.738125 0.979922 0.706313 0.989172 0.686406 0.999516 0.676063 0.998437 0.676091
0 0.998437 0.064916 0.979453 0.074781 0.958172 0.092406 0.942359 0.108219 0.933250 0.122812 0.918047 0.136187 0.888250 0.153812 0.857859 0.165984 0.836578 0.179359 0.815906 0.184219 0.798875 0.174484 0.798266 0.144094 0.804359 0.129500 0.849344 0.111266 0.880953 0.091203 0.886438 0.088156 0.907703 0.088766 0.926562 0.086328 0.930203 0.077828 0.930203 0.057750 0.948438 0.041953 0.983094 0.027969 0.995250 0.026141 0.998437 0.029861
0 0.893125 0.950266 0.921078 0.966687 0.946625 0.989172 0.948577 0.998437 0.998437 0.989140 0.997078 0.978844 0.984313 0.947828 0.971438 0.937500 0.947391 0.915578 0.931141 0.906391 0.906500 0.895547 0.897375 0.901016 0.882781 0.915609 0.873656 0.937500
0 0.789766 0.816516 0.781250 0.835359 0.781859 0.852984 0.783687 0.877922 0.789766 0.903453 0.797063 0.927172 0.803141 0.949047 0.813469 0.965469 0.827453 0.978844 0.843266 0.994656 0.844049 0.998437 0.889838 0.998437 0.887641 0.992828 0.866359 0.956953 0.857250 0.932641 0.854203 0.901625 0.850562 0.874266 0.841531 0.847969 0.834500 0.824563 0.823969 0.811688 0.809828 0.807391 0.799984 0.808172
0 0.744495 0.998437 0.743797 0.998953 0.732094 0.987828 0.710438 0.972031 0.687609 0.962656 0.666953 0.949656 0.652969 0.944187 0.635328 0.943578 0.621953 0.957563 0.615875 0.968500 0.611625 0.985531 0.632297 0.992828 0.662094 0.995250 0.672377 0.998437
0 0.779844 0.668828 0.769703 0.717406 0.757922 0.726813 0.746609 0.744484 0.737469 0.755719 0.721672 0.761797 0.690656 0.764234 0.679109 0.763625 0.657219 0.756328 0.635609 0.756500 0.592484 0.741656 0.581875 0.743078 0.578344 0.757219 0.562984 0.761188 0.553266 0.759969 0.538062 0.738687 0.549000 0.727141 0.578188 0.719234 0.640203 0.722891 0.688234 0.721672 0.704031 0.711938 0.711328 0.693703 0.721672 0.676672 0.728359 0.662094 0.738687 0.651750 0.750250 0.641422 0.765703 0.644094 0.774188 0.656109
0 0.721063 0.631687 0.767875 0.632297 0.829281 0.636547 0.862109 0.641422 0.893125 0.639594 0.920484 0.623781 0.964859 0.607984 0.973375 0.590344 0.982484 0.567250 0.991000 0.536234 0.991000 0.523469 0.979453 0.514344 0.946625 0.527109 0.924734 0.547172 0.902844 0.570281 0.875484 0.572109 0.857859 0.571500 0.826844 0.573328 0.803750 0.573937 0.767266 0.574531 0.735656 0.576359 0.704641 0.581828 0.690656 0.595203 0.690047 0.612844 0.719234 0.638984 0.728359 0.642016
0 0.418891 0.535625 0.473000 0.595812 0.518609 0.611016 0.542922 0.622563 0.566031 0.663297 0.601891 0.680937 0.620750 0.690656 0.641422 0.699172 0.674250 0.697953 0.705594 0.673781 0.696406 0.637719 0.675906 0.614391 0.665734 0.632297 0.629250 0.627437 0.616484 0.610406 0.606766 0.584875 0.589125 0.574531 0.556297 0.564203 0.521031 0.559953 0.504625 0.549609 0.483953 0.529547 0.460844 0.516172 0.448688 0.514344 0.415250 0.511922 0.414641 0.528328
0 0.333172 0.003641 0.361141 0.034047 0.379984 0.041953 0.404297 0.050469 0.445641 0.062016 0.481516 0.069922 0.495500 0.067484 0.498547 0.051062 0.504016 0.029187 0.494891 0.016422 0.483953 0.009125 0.456594 0.000609 0.452328 0.001219
0 0.421328 0.060188 0.404297 0.060188 0.395187 0.063844 0.387891 0.076609 0.411000 0.094234 0.423766 0.099703 0.454156 0.100922 0.502188 0.090594 0.510703 0.077219 0.516781 0.062625 0.513156 0.030734 0.508875 0.009391 0.499156 0.006688 0.493672 0.012766 0.499750 0.018844 0.502797 0.032219 0.500359 0.043781 0.496109 0.055328 0.488812 0.064453 0.471187 0.070531 0.458422 0.063234 0.431063 0.059578
0 0.527719 0.001828 0.531375 0.018234 0.534406 0.031000 0.547172 0.069312 0.552047 0.080250 0.569672 0.094844 0.581219 0.097891 0.607375 0.089984 0.611016 0.070531 0.606156 0.043172 0.592781 0.024313 0.584266 0.006688 0.582437 0.001219
0 0.538672 0.186047 0.544750 0.162328 0.554469 0.134359 0.570891 0.114297 0.581219 0.100312 0.598250 0.088766 0.607984 0.085719 0.665734 0.087547 0.705859 0.094234 0.729578 0.096672 0.755109 0.108828 0.760578 0.119766 0.758750 0.138625 0.743563 0.145922 0.718016 0.149562 0.697953 0.147125 0.650531 0.145922 0.629859 0.141047 0.619531 0.139828 0.609187 0.150781 0.594594 0.167187 0.583047 0.183609 0.569672 0.196375 0.553266 0.193938
0 0.607375 0.000000 0.626828 0.013984 0.637156 0.020063 0.660875 0.017016 0.682750 0.015203 0.720453 0.000609
0 0.746250 0.000000 0.736875 0.014594 0.741734 0.032219 0.772125 0.040734 0.790984 0.037094 0.810437 0.026750 0.849344 0.020672 0.900406 0.015203 0.913781 0.001828
0 0.779422 0.048641 0.792797 0.033437 0.800094 0.027359 0.835359 0.026750 0.862109 0.027969 0.896766 0.034656 0.919875 0.044375 0.930203 0.062016 0.927766 0.077828 0.915000 0.085109 0.877313 0.082078 0.860891 0.076000 0.830500 0.079641 0.809219 0.097891 0.795234 0.107609 0.778813 0.105781 0.753891 0.103969 0.717406 0.099703 0.701609 0.088156 0.692484 0.072953 0.690656 0.055937 0.703422 0.036484 0.710719 0.026750 0.726531 0.027359 0.742953 0.040125 0.745984 0.044984 0.778203 0.040734 0.786109 0.040734 0.789766 0.037687
0 0.806781 0.305812 0.826234 0.310672 0.837797 0.326484 0.845094 0.348375 0.849344 0.363563 0.866359 0.391531 0.875484 0.408563 0.878531 0.412812 0.895547 0.424969 0.913781 0.435922 0.922297 0.443828 0.939328 0.446250 0.960609 0.452328 0.980063 0.454766 0.998437 0.465545 0.998437 0.499884 0.991609 0.511922 0.971547 0.513734 0.946016 0.516781 0.916828 0.509484 0.892516 0.497938 0.860891 0.476047 0.846297 0.454766 0.831719 0.416469 0.821984 0.385453 0.804969 0.369047 0.800094 0.355672 0.796094 0.335828 0.795844 0.310672
0 0.730781 0.421938 0.751453 0.402484 0.770641 0.410781 0.784891 0.428625 0.787937 0.445641 0.783687 0.477875 0.772125 0.500969 0.770922 0.515562 0.770922 0.538672 0.769703 0.559344 0.778813 0.568453 0.792797 0.570891 0.803141 0.562984 0.812250 0.549609 0.821375 0.526500 0.830500 0.500359 0.837187 0.463891 0.833531 0.439562 0.826234 0.404297 0.821984 0.382422 0.808609 0.364781 0.795234 0.357484 0.771516 0.350187 0.728969 0.350797 0.707078 0.362969 0.691266 0.379984 0.687016 0.398828 0.697953 0.412203 0.720453 0.416469
0 0.638984 0.399438 0.674859 0.408563 0.708906 0.425578 0.720453 0.442000 0.732000 0.474219 0.741453 0.498016 0.747312 0.526687 0.743219 0.534875 0.740281 0.553016 0.739906 0.567250 0.722281 0.572719 0.703422 0.578797 0.694922 0.583656 0.688844 0.597641 0.684578 0.592781 0.678500 0.570891 0.680937 0.549000 0.680937 0.517391 0.679719 0.499750 0.668172 0.474219 0.639594 0.459625 0.618922 0.446859 0.605547 0.429234 0.602172 0.410813 0.605109 0.402031 0.610953 0.392672 0.622563 0.393969
0 0.588516 0.462672 0.548391 0.478484 0.544141 0.491250 0.543531 0.501578 0.574531 0.513734 0.616484 0.522250 0.625609 0.524078 0.626828 0.550219 0.623172 0.567844 0.617094 0.576359 0.598250 0.580016 0.584875 0.578188 0.556906 0.573328 0.537453 0.558734 0.513125 0.544141 0.496719 0.531984 0.489422 0.508875 0.499156 0.482891 0.517328 0.458797 0.525297 0.444437 0.538672 0.436531 0.588516 0.435313 0.592172 0.434703 0.597641 0.448078 0.597641 0.457813 0.595203 0.462063
0 0.561766 0.473000 0.577578 0.483953 0.596422 0.496719 0.615266 0.502188 0.635938 0.510094 0.632297 0.519219 0.626219 0.526500 0.623172 0.558734 0.623172 0.577578 0.631078 0.592172 0.638375 0.607375 0.646281 0.615875 0.654797 0.617703 0.663297 0.619531 0.674859 0.604328 0.679109 0.595203 0.687625 0.572109 0.679109 0.516781 0.676063 0.490641 0.658438 0.466922 0.637156 0.454156 0.619531 0.443219 0.607375 0.435922 0.590344 0.431063 0.564906 0.424922 0.542922 0.407953 0.528937 0.401875 0.508266 0.398828 0.496719 0.402484 0.492469 0.409781 0.491578 0.428953 0.501516 0.443000 0.511313 0.454156 0.516828 0.449656 0.525906 0.442609 0.542312 0.438953 0.572719 0.436531 0.593406 0.432469 0.601281 0.449297 0.601891 0.459625 0.586703 0.469359 0.575141 0.472391
1 0.338938 0.504516 0.353703 0.513844 0.360703 0.527828 0.370797 0.536375 0.376250 0.555813 0.388687 0.576031 0.408891 0.622672 0.415109 0.634328 0.473422 0.613344 0.469531 0.594688 0.454750 0.581469 0.436094 0.569813 0.421328 0.548047 0.412000 0.516953 0.429109 0.516172 0.455531 0.515391 0.462531 0.513844 0.447766 0.506844 0.432984 0.498297 0.408891 0.498297 0.391016 0.505281 0.364578 0.506062 0.353703 0.499844
1 0.865484 0.945219 0.872563 0.965797 0.889378 0.998437 0.894123 0.998437 0.901484 0.983797 0.923359 0.970297 0.920781 0.963219 0.907922 0.968359 0.904062 0.961297 0.894422 0.952937 0.877063 0.945859
1 0.897125 0.634953 0.921703 0.624422 0.935750 0.618563 0.962078 0.602172 0.976703 0.580531 0.984906 0.561219 0.985484 0.553016 0.982563 0.541906 0.982563 0.530781 0.987828 0.524344 0.999531 0.517906 0.998437 0.517906 0.998437 0.579176 0.988406 0.588125 0.986656 0.597500 0.961500 0.610375 0.962656 0.621484 0.951547 0.629094 0.946281 0.637297 0.936328 0.644313 0.921109 0.646656 0.908234 0.641969
1 0.471969 0.005141 0.475828 0.014797 0.488687 0.010937 0.501547 0.010281 0.507969 0.015438 0.511188 0.026359 0.514406 0.035359 0.521469 0.039859 0.538188 0.039859 0.535625 0.030859 0.527906 0.020578 0.530484 0.007719 0.526625 0.001281 0.490609 0.000641
0 0.623672 0.062859 0.652609 0.150672 0.639641 0.210547 0.655594 0.271422 0.692516 0.342266 0.727453 0.343266 0.718469 0.279406 0.704500 0.194578 0.704500 0.154672 0.652609 0.054875
0 0.751859 0.221750 0.740094 0.248078 0.740781 0.311141 0.750484 0.397062 0.747703 0.460125 0.756031 0.512094 0.768500 0.534281 0.791359 0.476062 0.789281 0.408844 0.796219 0.320156 0.798984 0.255703 0.789984 0.220359
0 0.254344 0.995797 0.314688 0.987172 0.369297 0.945500 0.385094 0.918203 0.454078 0.888031 0.458375 0.856406 0.415266 0.840609 0.369297 0.870781 0.333375 0.900953 0.311812 0.941188 0.304625 0.958437
0 0.635125 0.921078 0.702656 0.959875 0.752953 0.951250 0.873656 0.892328 0.938312 0.911016 0.965625 0.912453 0.961313 0.852094 0.916766 0.839172 0.778813 0.877969 0.734266 0.899516 0.669609 0.892328 0.650938 0.885156