0 0.074516 0.014422 0.049281 0.030047 0.030047 0.061297 0.012016 0.079328 0.002406 0.111781 0.000000 0.145437 0.001203 0.174281 0.004812 0.188703 0.015625 0.194719 0.037266 0.179094 0.037266 0.164656 0.034859 0.143031 0.046875 0.111781 0.054094 0.090141 0.082937 0.070906 0.097359 0.048078 0.099766 0.026438 0.092547 0.015625
0 0.151438 0.055281 0.140625 0.052891 0.135813 0.036062 0.129812 0.024031 0.114187 0.009609 0.099766 0.000000 0.151438 0.003609 0.162266 0.022844 0.165859 0.036062 0.164656 0.048078
0 0.276438 0.001203 0.292063 0.021641 0.307688 0.043266 0.318516 0.052891 0.340141 0.058891 0.355766 0.049281 0.356969 0.037266 0.343750 0.021641 0.332937 0.010812 0.325719 0.001203 0.301687 0.001203
0 0.338938 0.002406 0.354563 0.018031 0.376203 0.043266 0.397844 0.058891 0.432688 0.072109 0.451922 0.078125 0.462734 0.078125 0.469953 0.058891 0.475969 0.045672 0.457937 0.028844 0.449516 0.026438 0.431484 0.026438 0.409859 0.010812 0.399031 0.001203 0.364187 0.002406
0 0.329328 0.064906 0.313703 0.081734 0.296875 0.099766 0.277641 0.125000 0.253609 0.151438 0.242781 0.175484 0.229562 0.197109 0.219953 0.213937 0.231969 0.223563 0.252406 0.215141 0.287266 0.180281 0.318516 0.135813 0.349766 0.102156 0.362984 0.091344 0.367781 0.072109 0.362984 0.058891 0.346156 0.060094
0 0.223563 0.068516 0.211531 0.088938 0.203125 0.121391 0.177891 0.165859 0.167063 0.192312 0.165859 0.215141 0.177891 0.227156 0.198313 0.236781 0.213937 0.217547 0.216344 0.189906 0.219953 0.167063 0.233172 0.141828 0.241594 0.104563 0.246391 0.090141 0.243984 0.072109
0 0.245187 0.243984 0.227156 0.270437 0.227156 0.295672 0.229562 0.328125 0.233172 0.359375 0.229562 0.397844 0.231969 0.417063 0.243984 0.431484 0.260813 0.420672 0.275234 0.371391 0.266828 0.329328 0.270437 0.282453 0.277641 0.248797 0.266828 0.235578
0 0.481969 0.122594 0.500000 0.115391 0.520437 0.132219 0.550484 0.159859 0.570906 0.168266 0.614187 0.164656 0.632219 0.171875 0.641828 0.188703 0.622594 0.206734 0.592547 0.210344 0.560094 0.204328 0.542063 0.205531 0.520437 0.193516 0.506016 0.180281 0.496391 0.162266 0.483172 0.144234
0 0.532453 0.030047 0.518031 0.043266 0.528844 0.064906 0.543266 0.085344 0.561297 0.104563 0.591344 0.122594 0.634609 0.135813 0.671875 0.134609 0.693516 0.117781 0.688703 0.094953 0.669469 0.086531 0.649031 0.091344 0.611781 0.091344 0.587734 0.076922 0.568516 0.060094 0.549281 0.032453
0 0.609375 0.002406 0.604563 0.027641 0.600969 0.052891 0.604563 0.079328 0.616594 0.085344 0.638219 0.082937 0.641828 0.060094 0.645437 0.036062 0.647844 0.019234 0.651438 0.003609 0.634609 0.003609
0 0.698313 0.001203 0.687500 0.026438 0.680281 0.067312 0.691109 0.090141 0.704328 0.110578 0.711531 0.125000 0.723562 0.118984 0.730766 0.098562 0.727156 0.075719 0.723562 0.052891 0.731969 0.034859 0.736781 0.021641 0.747594 0.012016 0.768031 0.004812 0.729563 0.002406
0 0.739187 0.033656 0.741594 0.057688 0.750000 0.078125 0.760813 0.109375 0.768031 0.131016 0.776438 0.153844 0.772844 0.165859 0.768031 0.176687 0.769234 0.191109 0.792063 0.185094 0.806484 0.162266 0.808891 0.126203 0.799281 0.098562 0.789656 0.079328 0.789656 0.054094 0.789656 0.034859 0.770437 0.031250 0.759609 0.021641 0.748797 0.022844
0 0.752219 0.102453 0.733437 0.135766 0.728359 0.169469 0.731969 0.189906 0.736781 0.200719 0.743984 0.236781 0.743984 0.269234 0.747594 0.283656 0.772844 0.271641 0.784859 0.256016 0.786062 0.239188 0.777641 0.215141 0.766828 0.192312 0.762016 0.169469 0.769297 0.145156
0 0.707937 0.180281 0.688703 0.192312 0.674281 0.213937 0.659859 0.243984 0.649031 0.263219 0.627406 0.283656 0.608172 0.300484 0.586531 0.328125 0.579328 0.349766 0.585344 0.370188 0.599766 0.368984 0.639422 0.338938 0.677891 0.299281 0.691109 0.272844 0.705531 0.250000 0.722359 0.237984 0.739187 0.218750 0.734375 0.199516 0.723562 0.186297
0 0.756016 0.289656 0.752406 0.324516 0.750000 0.355766 0.753609 0.384609 0.754812 0.418266 0.766828 0.441109 0.780391 0.471312 0.789656 0.474766 0.805281 0.480766 0.816109 0.456734 0.802891 0.429094 0.795672 0.397844 0.799281 0.352156 0.796875 0.319719 0.808578 0.306516 0.794469 0.275234 0.782453 0.271641 0.760813 0.276438
0 0.951156 0.277500 0.926688 0.276438 0.895438 0.280047 0.864188 0.301687 0.843750 0.328125 0.829328 0.353359 0.826922 0.381016 0.828125 0.407453 0.826922 0.429094 0.846156 0.447109 0.865391 0.429094 0.864188 0.402641 0.870187 0.366594 0.878609 0.343750 0.890625 0.326922 0.907453 0.317312 0.932687 0.317312 0.953125 0.319719 0.969953 0.314906 0.971156 0.295672
0 0.828125 0.211531 0.831734 0.225969 0.844953 0.233172 0.862984 0.227156 0.877406 0.209141 0.897844 0.186297 0.919469 0.167063 0.936297 0.146641 0.961531 0.126203 0.965141 0.096156 0.961531 0.082937 0.944719 0.081734 0.929094 0.091344 0.909859 0.123797 0.883406 0.155047 0.854562 0.180281 0.838937 0.198313
0 0.876203 0.064906 0.899031 0.048078 0.918266 0.034859 0.939906 0.024031 0.959141 0.019234 0.983172 0.025234 0.998437 0.031352 0.998437 0.072117 0.987984 0.066109 0.961531 0.064906 0.945906 0.062500 0.933891 0.067312 0.908656 0.087734 0.888219 0.096156 0.875000 0.085344
0 0.424281 0.173078 0.411062 0.185094 0.406250 0.203125 0.405047 0.218750 0.409859 0.235578 0.419469 0.253609 0.431484 0.258406 0.443516 0.260813 0.466344 0.257219 0.485578 0.248797 0.489187 0.239188 0.479281 0.224719 0.467000 0.217703 0.455531 0.223563 0.443516 0.231969 0.432469 0.211844 0.443516 0.193516 0.438703 0.177891
0 0.429094 0.145437 0.447109 0.141828 0.472359 0.162266 0.492781 0.185094 0.518031 0.205531 0.538469 0.240391 0.548078 0.266828 0.552891 0.300484 0.543266 0.328125 0.526438 0.330531 0.513219 0.316109 0.506016 0.289656 0.502406 0.260813 0.497594 0.242781 0.478359 0.216344 0.454328 0.197109 0.447109 0.179094 0.427891 0.163469
0 0.567312 0.367781 0.542063 0.382219 0.520437 0.401438 0.510813 0.427891 0.515625 0.449516 0.536062 0.475969 0.572109 0.487984 0.599766 0.485578 0.608172 0.471156 0.596156 0.456734 0.580531 0.448313 0.560094 0.447109 0.555281 0.432688 0.554094 0.420672 0.566109 0.409859 0.580531 0.389422 0.584141 0.378609 0.581734 0.368984
0 0.626203 0.364187 0.626203 0.384609 0.626203 0.409859 0.620188 0.437500 0.620188 0.460344 0.620188 0.469953 0.622594 0.484375 0.635813 0.501203 0.653844 0.516828 0.677891 0.527641 0.689906 0.518031 0.670859 0.492844 0.659203 0.471078 0.652984 0.455531 0.654547 0.432984 0.662266 0.409859 0.669469 0.379812 0.662266 0.360578 0.644234 0.360578
0 0.608172 0.525234 0.582937 0.550484 0.560094 0.584141 0.546875 0.615391 0.532453 0.645437 0.528844 0.669469 0.532453 0.686297 0.551687 0.694719 0.574516 0.681484 0.582937 0.656250 0.587734 0.623797 0.598562 0.598562 0.617781 0.578125 0.629812 0.556484 0.644234 0.546875 0.631016 0.522844
0 0.606969 0.635813 0.627406 0.616594 0.655047 0.591344 0.687500 0.573313 0.712734 0.561297 0.737984 0.551687 0.757219 0.551687 0.765625 0.556484 0.768437 0.573766 0.746250 0.592547 0.717547 0.600969 0.685094 0.610578 0.667063 0.627406 0.651438 0.634609 0.641828 0.649031 0.631016 0.661062 0.618984 0.665859 0.605766 0.655047
0 0.501203 0.557688 0.479563 0.567312 0.448313 0.591344 0.430281 0.608172 0.426687 0.625000 0.411062 0.638219 0.396641 0.647844 0.395437 0.665859 0.419469 0.661062 0.438703 0.645437 0.463938 0.625000 0.474766 0.614187 0.496391 0.603359 0.521641 0.591344 0.521641 0.558891
0 0.405047 0.501203 0.389422 0.528844 0.372594 0.555281 0.347359 0.584141 0.335344 0.606969 0.330531 0.622594 0.334141 0.643031 0.340141 0.657453 0.361781 0.663469 0.381016 0.645437 0.383406 0.612984 0.390625 0.592547 0.412266 0.567312 0.425484 0.543266 0.431484 0.506016 0.424281 0.478359 0.418266 0.466344 0.409859 0.489187
0 0.169469 0.466344 0.199516 0.471156 0.223563 0.487984 0.222359 0.519234 0.215141 0.546875 0.213937 0.561297 0.216344 0.611781 0.198313 0.622594 0.179094 0.610578 0.176687 0.587734 0.176687 0.563703 0.182688 0.546875 0.186297 0.530047 0.194719 0.512016 0.185094 0.500000 0.165859 0.486781
0 0.002406 0.335344 0.022844 0.355766 0.033656 0.379812 0.034859 0.411062 0.018031 0.443516 0.000000 0.451922 0.001203 0.421875 0.000000 0.399031 0.003609 0.384609 0.004812 0.355766
0 0.066109 0.437500 0.085344 0.436297 0.099766 0.456734 0.111781 0.471156 0.125000 0.501203 0.123797 0.530047 0.105766 0.546875 0.087734 0.568516 0.072109 0.592547 0.055281 0.612984 0.040859 0.617781 0.024031 0.602156 0.026438 0.580531 0.042063 0.558891 0.069719 0.522844 0.076922 0.496391 0.060094 0.456734
0 0.000000 0.626203 0.025234 0.635813 0.055281 0.643031 0.076922 0.659859 0.074516 0.675484 0.044469 0.679094 0.014422 0.677891 0.000000 0.667063 0.000000 0.640625
0 0.004812 0.513219 0.019234 0.527641 0.026438 0.537266 0.030047 0.554094 0.027641 0.573313 0.022844 0.581734 0.013219 0.581734 0.001203 0.581734 0.001203 0.549281
0 0.073313 0.685094 0.090141 0.693516 0.092547 0.713938 0.094953 0.731969 0.099766 0.770437 0.108172 0.816109 0.129812 0.831734 0.145437 0.862984 0.139422 0.891828 0.114187 0.887016 0.099766 0.882219 0.079328 0.854562 0.062500 0.812500 0.054094 0.764422 0.056484 0.727156 0.057688 0.701922
0 0.121391 0.751203 0.139422 0.770437 0.158656 0.804094 0.177891 0.842547 0.197109 0.875000 0.218750 0.912266 0.219953 0.945906 0.197109 0.951922 0.171875 0.923078 0.161062 0.889422 0.144234 0.846156 0.126203 0.816109 0.114187 0.783656 0.104563 0.764422
0 0.159859 0.679094 0.144234 0.693516 0.144234 0.715141 0.145437 0.743984 0.156250 0.760813 0.167063 0.778844 0.176687 0.799281 0.185094 0.844953 0.207938 0.855766 0.231969 0.835344 0.227156 0.810094 0.216344 0.780047 0.198313 0.754812 0.183891 0.727156 0.183891 0.711531 0.188703 0.700719 0.200719 0.693516 0.194719 0.681484 0.185094 0.673078
0 0.201922 0.747594 0.213594 0.725656 0.235250 0.699906 0.250000 0.680281 0.266828 0.674281 0.281250 0.677891 0.282453 0.697109 0.272844 0.710344 0.260813 0.723562 0.246391 0.743984 0.237984 0.764422 0.228359 0.788469 0.214766 0.771891
0 0.289656 0.568516 0.280047 0.592547 0.284859 0.628609 0.290859 0.658656 0.307688 0.691109 0.338938 0.723562 0.359906 0.749656 0.397844 0.763219 0.438703 0.765625 0.441828 0.750812 0.438906 0.732672 0.405547 0.729172 0.375109 0.708688 0.346156 0.680281 0.328125 0.649031 0.320906 0.606969 0.313703 0.574516 0.306484 0.563703
0 0.463938 0.651438 0.477156 0.667063 0.472359 0.699516 0.472359 0.736781 0.479563 0.775234 0.495188 0.804094 0.510813 0.844953 0.518031 0.853359 0.540859 0.846156 0.549281 0.820906 0.542063 0.793266 0.530047 0.766828 0.512016 0.740391 0.507219 0.703125 0.504812 0.674281 0.515625 0.662266 0.501203 0.658656 0.485578 0.635813
0 0.438703 0.788469 0.429094 0.799281 0.425484 0.820906 0.430281 0.846156 0.438703 0.882219 0.443516 0.923078 0.447109 0.950719 0.462734 0.965141 0.480766 0.955531 0.477156 0.917062 0.474766 0.882219 0.469953 0.850969 0.468750 0.822109 0.468750 0.808891 0.456734 0.792063
0 0.301687 0.775234 0.325719 0.777641 0.354563 0.787266 0.389422 0.805281 0.420672 0.808891 0.429094 0.848563 0.395437 0.853359 0.370188 0.846156 0.348562 0.829328 0.319719 0.820906 0.301687 0.817313 0.288469 0.794469
0 0.414656 0.855766 0.395437 0.879813 0.378609 0.909859 0.366594 0.944719 0.348562 0.978359 0.344626 0.998437 0.397928 0.998437 0.399031 0.985578 0.414656 0.936297 0.429094 0.902641 0.436297 0.877406 0.432688 0.856969
0 0.234375 0.911063 0.254812 0.907453 0.272844 0.921875 0.271641 0.944719 0.250000 0.983172 0.237663 0.998437 0.187772 0.998437 0.198313 0.980766 0.216344 0.959141 0.224766 0.927891
0 0.466344 0.986781 0.468290 0.998437 0.615391 0.998437 0.600969 0.996391 0.580531 0.996391 0.576265 0.998437 0.502205 0.998437 0.495188 0.981969 0.484375 0.973563
0 0.588938 0.914656 0.582937 0.932687 0.578125 0.968750 0.568516 0.996391 0.593750 0.991594 0.604563 0.986781 0.605766 0.962734 0.609375 0.947109 0.622594 0.926688 0.621391 0.909859 0.600969 0.905047
0 0.618984 0.884609 0.637016 0.876203 0.659859 0.870187 0.693516 0.873797 0.733172 0.888219 0.758406 0.903844 0.784859 0.906250 0.808891 0.908656 0.813703 0.925484 0.792063 0.942313 0.758406 0.942313 0.719953 0.924281 0.698313 0.917062 0.679094 0.912266 0.653844 0.913469 0.635813 0.921875 0.622594 0.905047
0 0.616594 0.812500 0.661062 0.812500 0.695906 0.817313 0.724766 0.823312 0.763219 0.832938 0.781250 0.834141 0.801688 0.838937 0.820906 0.840141 0.837734 0.840141 0.852156 0.847359 0.846156 0.868984 0.830531 0.879813 0.798078 0.881016 0.764422 0.879813 0.741594 0.868984 0.713938 0.858172 0.694719 0.858172 0.674281 0.852156 0.655047 0.844953 0.627406 0.847359 0.615391 0.835344
0 0.691109 0.715141 0.711531 0.706734 0.753609 0.724766 0.781250 0.724766 0.799281 0.701922 0.811297 0.679094 0.831734 0.676687 0.850969 0.683891 0.852156 0.706734 0.829328 0.729563 0.811297 0.748797 0.783656 0.769234 0.758406 0.770437 0.734375 0.759609 0.707937 0.745188 0.694719 0.728359
0 0.895438 0.680281 0.871391 0.697109 0.852156 0.713938 0.828125 0.735578 0.807687 0.756016 0.800484 0.772844 0.788469 0.799281 0.788469 0.824516 0.804094 0.830531 0.822109 0.832938 0.829328 0.817313 0.840141 0.787266 0.846156 0.765625 0.858172 0.757219 0.881906 0.741453 0.896641 0.730766 0.914656 0.721156 0.923078 0.704328 0.918266 0.691109
0 0.670672 0.936297 0.689906 0.932687 0.715141 0.932687 0.739187 0.938703 0.758406 0.957938 0.763219 0.991594 0.766493 0.998437 0.727472 0.998437 0.725969 0.996391 0.719953 0.979562 0.703125 0.968750 0.692312 0.960344 0.671875 0.951922
0 0.847359 0.777641 0.865391 0.792063 0.882219 0.816109 0.902641 0.834141 0.933891 0.868984 0.962734 0.891828 0.955531 0.911063 0.938703 0.927891 0.920672 0.921875 0.908656 0.896641 0.888219 0.875000 0.879813 0.858172 0.854562 0.832938 0.844953 0.812500 0.838937 0.799281
0 0.884609 0.789656 0.908656 0.780047 0.931484 0.784859 0.942313 0.774031 0.945906 0.754812 0.947109 0.735578 0.945906 0.716344 0.962734 0.717547 0.974766 0.733172 0.979562 0.760813 0.979562 0.778844 0.969953 0.802891 0.967547 0.816109 0.945906 0.822109 0.914656 0.825719 0.900234 0.818516 0.882219 0.802891
0 0.900234 0.659859 0.911063 0.649031 0.932687 0.650234 0.948312 0.658656 0.963937 0.674281 0.978359 0.686297 0.995187 0.693516 0.998437 0.725969 0.998437 0.790458 0.993984 0.794469 0.989188 0.772844 0.990391 0.748797 0.984375 0.733172 0.973563 0.719953 0.951922 0.705531 0.935094 0.699516 0.918266 0.687500 0.903844 0.675484
0 0.716344 0.621391 0.728359 0.606969 0.756016 0.590141 0.775234 0.585344 0.790859 0.582937 0.811297 0.590141 0.841344 0.598562 0.860578 0.598562 0.875000 0.598562 0.883406 0.612984 0.879813 0.637016 0.870187 0.641828 0.853359 0.641828 0.828125 0.634609 0.802891 0.622594 0.786062 0.614187 0.778844 0.612984 0.762016 0.627406 0.743984 0.639422 0.733172 0.647844 0.722359 0.635813
0 0.746391 0.490391 0.766828 0.489187 0.783656 0.518031 0.789656 0.540859 0.795672 0.551687 0.818516 0.544469 0.836531 0.536062 0.855766 0.528844 0.877406 0.528844 0.879813 0.545672 0.877406 0.562500 0.849766 0.576922 0.824516 0.584141 0.810094 0.584141 0.783656 0.580531 0.770156 0.570359 0.768031 0.551687 0.758406 0.537266 0.752406 0.510813
0 0.836531 0.459141 0.829328 0.471156 0.847359 0.487984 0.861781 0.507219 0.887016 0.526438 0.907453 0.544469 0.926688 0.557688 0.943516 0.568516 0.963937 0.575719 0.974766 0.563703 0.972359 0.548078 0.962734 0.538469 0.941109 0.522844 0.906250 0.510813 0.893031 0.492781 0.872594 0.473562 0.862984 0.461531 0.850969 0.451922
0 0.002406 0.852156 0.013219 0.867781 0.037266 0.889422 0.057688 0.905047 0.067312 0.936297 0.076922 0.965141 0.076922 0.989188 0.067192 0.998437 0.062203 0.998437 0.050484 0.996391 0.034859 0.974766 0.033656 0.948312 0.033656 0.936297 0.021641 0.924281 0.010812 0.902641 0.002406 0.894234 0.000000 0.872594
1 0.400453 0.231094 0.390156 0.270391 0.404188 0.323734 0.422906 0.333078 0.441609 0.351797 0.442547 0.408875 0.434125 0.439750 0.403250 0.441609 0.383609 0.425719 0.386422 0.460328 0.429453 0.470625 0.435063 0.520203 0.427578 0.563250 0.416359 0.579156 0.407000 0.605359 0.423844 0.615641 0.447234 0.586641 0.458453 0.565125 0.464078 0.537047 0.453781 0.503375 0.450031 0.445359 0.484656 0.451906 0.489328 0.436000 0.480906 0.382672 0.474359 0.326531 0.479047 0.301266 0.462203 0.266656 0.442547 0.270391 0.418219 0.256359 0.403250 0.242328
1 0.414484 0.676453 0.412609 0.690500 0.440688 0.729797 0.436937 0.775641 0.444422 0.785000 0.469688 0.806516 0.474359 0.850484 0.472500 0.889781 0.478109 0.936562 0.475297 0.950594 0.462203 0.961828 0.450031 0.954344 0.446297 0.938438 0.436937 0.912234 0.428516 0.930953 0.421031 0.947797 0.414508 0.998437 0.467388 0.998437 0.468750 0.979609 0.488391 0.970250 0.508984 0.972125 0.524891 0.955281 0.537047 0.921594 0.529563 0.896328 0.525828 0.881359 0.501500 0.870141 0.492141 0.839266 0.506172 0.836453 0.495891 0.809313 0.486531 0.789672 0.472500 0.783125 0.474359 0.766281 0.464078 0.758797 0.473422 0.744766 0.467812 0.733531 0.477172 0.717625 0.467812 0.706406 0.461266 0.697984 0.468750 0.685813 0.468750 0.670844 0.460328 0.655875 0.467812 0.645578 0.469688 0.628750 0.457516 0.637156 0.438812 0.652141 0.425719 0.662422
1 0.981047 0.800891 0.971656 0.808578 0.977625 0.832484 0.961406 0.849562 0.952875 0.871750 0.964828 0.888828 0.995562 0.894812 0.998437 0.891111 0.998437 0.827605 0.991297 0.827359 0.996406 0.806859 0.997266 0.797469 0.988734 0.795766
1 0.716359 0.655734 0.717219 0.700984 0.735141 0.716359 0.756484 0.720625 0.764172 0.711234 0.762469 0.695875 0.766734 0.660859 0.770156 0.625859 0.754781 0.636953 0.740266 0.648047 0.727453 0.648906
1 0.721484 0.763312 0.725750 0.817969 0.755641 0.829063 0.771000 0.835047 0.777828 0.820531 0.783813 0.780391 0.789781 0.767594 0.769297 0.770156 0.764172 0.765031 0.750516 0.765875 0.738563 0.761609
1 0.677937 0.356906 0.675375 0.321891 0.677937 0.306516 0.689891 0.292016 0.704406 0.267250 0.715500 0.249312 0.731734 0.236516 0.743687 0.248469 0.744531 0.276641 0.747953 0.311641 0.747953 0.340672 0.741125 0.361172 0.730875 0.357750 0.714656 0.366297 0.698422 0.391047 0.683906 0.403000 0.680500 0.386781 0.683063 0.369703
1 0.998437 0.554570 0.991297 0.548156 0.981906 0.556688 0.975922 0.581453 0.969094 0.601094 0.984453 0.613906 0.989578 0.625859 0.999828 0.630125 0.998437 0.630136
1 0.106734 0.894812 0.100750 0.921281 0.115266 0.933234 0.130641 0.964828 0.129991 0.998437 0.149695 0.998437 0.155391 0.966531 0.158812 0.940922 0.165641 0.932375 0.163078 0.914453 0.151125 0.891391 0.142594 0.889687 0.123797 0.893094
1 0.087188 0.645719 0.073375 0.669891 0.082016 0.685422 0.088922 0.695781 0.097547 0.728594 0.107047 0.751906 0.122578 0.753625 0.140719 0.749313 0.135531 0.732906 0.132078 0.714781 0.123453 0.700969 0.124313 0.687156 0.120859 0.669891 0.116547 0.652625 0.100141 0.639672
0 0.048234 0.481094 0.023469 0.495437 0.046938 0.543672 0.074313 0.594516 0.113422 0.649281 0.147328 0.676656 0.177313 0.664922 0.173406 0.620594 0.131688 0.593219 0.074313 0.525422
0 0.015641 0.937156 0.100125 0.988781 0.101729 0.998437 0.045468 0.998437 0.045375 0.999734 0.000000 0.966875
0 0.998437 0.480320 0.998437 0.507233 0.962187 0.541063 0.894391 0.586703 0.893078 0.604953 0.877437 0.602344 0.893078 0.559312 0.947844 0.498047 0.998687 0.478484
0 0.956969 0.569750 0.951750 0.617984 0.942625 0.700125 0.920469 0.762703 0.903516 0.773141 0.889172 0.761406 0.897000 0.694906 0.915250 0.604953 0.920469 0.577578