0 0.266234 0.324016 0.314562 0.298312 0.335109 0.292141 0.353625 0.274672 0.382406 0.269531 0.410156 0.251031 0.446141 0.239719 0.475953 0.227391 0.524266 0.211969 0.541734 0.200656 0.586969 0.195516 0.610609 0.189344 0.635281 0.189344 0.646594 0.193469 0.649672 0.211969 0.644531 0.236641 0.616781 0.245891 0.566406 0.258219 0.522203 0.280844 0.503703 0.299344 0.467719 0.308594 0.417359 0.320922 0.394734 0.329156 0.381375 0.339438 0.360812 0.341484 0.336141 0.357938 0.313531 0.369250 0.294000 0.381578 0.274469 0.381578 0.250828 0.377469 0.232313 0.368219 0.238484 0.351766 0.251844 0.333266
0 0.644641 0.104047 0.641844 0.163922 0.650266 0.194797 0.665234 0.240641 0.670844 0.282750 0.678328 0.322984 0.713891 0.376313 0.745703 0.410922 0.762531 0.431516 0.778438 0.438063 0.803703 0.447422 0.828969 0.449281 0.843000 0.450219 0.851422 0.442734 0.859844 0.435250 0.860781 0.421219 0.857031 0.406250 0.841125 0.395016 0.827094 0.383797 0.807453 0.368828 0.792484 0.360406 0.780312 0.348234 0.772828 0.334203 0.759734 0.320172 0.751312 0.303328 0.740078 0.263094 0.722312 0.215375 0.714828 0.179828 0.710141 0.160172 0.705469 0.118078 0.701719 0.100297 0.696109 0.078781 0.676453 0.064750 0.660547 0.065687 0.643719 0.086266
0 0.624062 0.527875 0.637156 0.542859 0.669906 0.574656 0.700781 0.584953 0.733531 0.598047 0.764406 0.598047 0.800891 0.594313 0.843000 0.586828 0.876688 0.578406 0.902875 0.561562 0.923469 0.545656 0.937500 0.532563 0.950594 0.524141 0.948734 0.506359 0.935625 0.488578 0.903813 0.487656 0.881359 0.493266 0.866391 0.503562 0.836453 0.522266 0.796219 0.524141 0.761609 0.525078 0.737281 0.522266 0.714828 0.517594 0.705469 0.509172 0.680203 0.497000 0.664297 0.488578 0.654938 0.479234 0.634359 0.472672 0.621250 0.475484 0.615641 0.494203 0.612844 0.509172
0 0.445359 0.676641 0.485594 0.682266 0.516469 0.680391 0.538922 0.680391 0.556703 0.687875 0.566062 0.699109 0.581031 0.727172 0.586641 0.759922 0.584766 0.794531 0.579156 0.835703 0.570734 0.873125 0.565125 0.896516 0.575406 0.908687 0.603484 0.909625 0.616578 0.905875 0.620328 0.879672 0.632484 0.842250 0.645578 0.817922 0.652141 0.806703 0.647453 0.788922 0.651203 0.767406 0.661484 0.756172 0.654938 0.752437 0.649328 0.729984 0.649328 0.708453 0.652141 0.698172 0.638094 0.686000 0.630609 0.674781 0.619391 0.653250 0.603484 0.635484 0.571672 0.618641 0.539859 0.613953 0.508984 0.613031 0.485594 0.613953 0.465938 0.617703 0.452844 0.629859 0.434125 0.638281 0.431328 0.655125 0.433203 0.671031
0 0.217062 0.751500 0.236719 0.735594 0.264781 0.708453 0.266656 0.698172 0.274141 0.683203 0.303141 0.679453 0.308750 0.658875 0.328406 0.647641 0.336828 0.628000 0.336828 0.616766 0.356469 0.619578 0.367703 0.610219 0.370516 0.600859 0.371437 0.590563 0.390156 0.589641 0.406062 0.584016 0.419156 0.569984 0.428516 0.563438 0.439750 0.568109 0.461266 0.553141 0.479984 0.547531 0.511781 0.536297 0.525828 0.524141 0.536109 0.509172 0.554828 0.510109 0.566062 0.528813 0.566984 0.542859 0.570734 0.556891 0.565125 0.573734 0.547344 0.575594 0.515531 0.583078 0.502437 0.594313 0.472500 0.614891 0.449109 0.622375 0.419156 0.647641 0.384547 0.675719 0.351797 0.698172 0.335891 0.711266 0.320922 0.722500 0.307828 0.738391 0.303141 0.751500 0.288172 0.764594 0.268531 0.774891 0.250750 0.783312 0.217062 0.795469 0.199281 0.792672 0.194609 0.769281 0.202094 0.756172
0 0.407937 0.788922 0.357406 0.807641 0.323734 0.829156 0.303141 0.858156 0.290047 0.882484 0.265719 0.916172 0.261047 0.933016 0.259172 0.966688 0.256359 0.981656 0.269469 0.988219 0.277875 0.988219 0.287234 0.985406 0.302203 0.970437 0.318109 0.963891 0.327469 0.951719 0.331219 0.937687 0.339641 0.907750 0.353672 0.887156 0.381734 0.867516 0.407000 0.856281 0.433203 0.846000 0.462203 0.841313 0.479984 0.841313 0.497750 0.845062 0.516469 0.846937 0.535172 0.856281 0.549219 0.856281 0.564187 0.850672 0.566984 0.839453 0.568859 0.829156 0.560438 0.816062 0.548281 0.806703 0.529563 0.804828 0.520203 0.803891 0.519281 0.813250 0.509922 0.821672 0.492141 0.824469 0.472500 0.825406 0.457516 0.825406 0.437875 0.816984 0.423844 0.802953
0 0.393906 0.962016 0.402328 0.941422 0.443484 0.937687 0.468750 0.930203 0.522078 0.933016 0.572609 0.924594 0.626875 0.920844 0.671781 0.919906 0.711078 0.921781 0.740078 0.919906 0.785000 0.918969 0.826156 0.919906 0.857969 0.924594 0.879484 0.931141 0.894469 0.954531 0.886969 0.974172 0.876688 0.990078 0.861719 0.996625 0.849547 0.990078 0.824281 0.982594 0.775641 0.981656 0.762531 0.989141 0.741953 0.983531 0.728859 0.987281 0.724172 0.996625 0.706406 0.986344 0.689562 0.983531 0.677391 0.993828 0.659625 0.990078 0.633422 0.988219 0.587578 0.998500 0.540797 0.997563 0.502437 0.995703 0.468750 0.995703 0.428516 0.991953 0.406062 0.983531 0.395766 0.976984
0 0.805578 0.813250 0.823359 0.775828 0.840188 0.736531 0.843938 0.707516 0.860781 0.671969 0.874812 0.645766 0.893531 0.628922 0.912234 0.592437 0.932828 0.574656 0.945922 0.563438 0.959953 0.551266 0.973047 0.544719 0.987094 0.550344 0.993641 0.556891 0.991766 0.571859 0.988031 0.588703 0.986156 0.611156 0.964641 0.628000 0.948734 0.650453 0.926266 0.683203 0.910359 0.715938 0.899141 0.741203 0.888844 0.780500 0.876688 0.802953 0.865453 0.817922 0.857969 0.830094 0.854234 0.843188 0.841125 0.848797 0.832703 0.840375 0.823359 0.823547 0.817734 0.818859
0 0.147828 0.628000 0.160922 0.620516 0.172156 0.617703 0.184312 0.618641 0.189938 0.628000 0.202094 0.644828 0.214266 0.666359 0.224547 0.684125 0.230172 0.712203 0.231094 0.729047 0.232969 0.733719 0.219875 0.747750 0.204906 0.751500 0.192734 0.767406 0.199281 0.791734 0.217062 0.797344 0.239516 0.798281 0.247000 0.824469 0.245141 0.848797 0.244203 0.876875 0.240453 0.893719 0.230172 0.926453 0.214266 0.957328 0.189938 0.995703 0.186433 0.998437 0.106831 0.998437 0.107594 0.991016 0.127250 0.969500 0.145953 0.938625 0.147828 0.917109 0.159062 0.891844 0.177766 0.856281 0.181516 0.840375 0.175891 0.819797 0.173094 0.795469 0.172156 0.776766 0.167484 0.748688 0.162797 0.731844 0.160000 0.717813 0.159062 0.704719 0.158125 0.693484 0.155313 0.675719 0.154375 0.645766
0 0.063625 0.236906 0.087016 0.210703 0.116953 0.182641 0.139406 0.158313 0.162797 0.146141 0.190875 0.119016 0.218000 0.110594 0.232969 0.104984 0.249812 0.098422 0.268531 0.088141 0.276016 0.087203 0.288172 0.093750 0.291922 0.103109 0.292859 0.115266 0.285359 0.128375 0.271328 0.149891 0.261969 0.163922 0.247938 0.169531 0.229234 0.182641 0.207703 0.200406 0.186188 0.212578 0.168406 0.233156 0.155313 0.248125 0.130047 0.273391 0.114141 0.296781 0.108531 0.324844 0.111344 0.344500 0.116953 0.369766 0.125375 0.388469 0.129109 0.404375 0.145016 0.406250 0.147828 0.414672 0.132859 0.427766 0.123500 0.436187 0.101047 0.435250 0.084203 0.431516 0.071109 0.417484 0.058016 0.396891 0.052391 0.372563 0.041172 0.346375 0.033687 0.292109 0.044906 0.265906 0.054266 0.254672
0 0.003109 0.449781 0.016328 0.472328 0.027203 0.477766 0.051313 0.494875 0.065297 0.505750 0.101828 0.509641 0.140703 0.514297 0.166359 0.514297 0.192781 0.515078 0.240984 0.522859 0.275969 0.519750 0.288406 0.519750 0.296953 0.509641 0.297734 0.493313 0.294625 0.478547 0.282187 0.470000 0.245641 0.465328 0.214547 0.462219 0.177234 0.458328 0.153922 0.452109 0.126703 0.449000 0.094844 0.445891 0.071516 0.443562 0.056750 0.424125 0.038094 0.399250 0.033422 0.384484 0.029547 0.375156 0.024094 0.360391 0.017109 0.348719 0.010109 0.332406 0.001563 0.319969
0 0.001563 0.141953 0.019437 0.147391 0.039641 0.151281 0.062969 0.150500 0.075406 0.145828 0.082406 0.145828 0.093281 0.140391 0.090953 0.127953 0.078516 0.120953 0.065297 0.110078 0.055188 0.099969 0.049750 0.089859 0.031875 0.083641 0.021766 0.079750 0.011656 0.075875 0.002328 0.071984
0 0.158578 0.141172 0.156250 0.113188 0.148469 0.073531 0.139141 0.059547 0.127484 0.030781 0.123238 0.000000 0.200734 0.000000 0.204453 0.023781 0.220000 0.037781 0.223875 0.054109 0.225438 0.077422 0.222328 0.100750 0.220766 0.106969 0.190453 0.117078 0.174906 0.125625 0.166359 0.132625
0 0.686755 0.000000 0.697297 0.005125 0.729938 0.030781 0.745484 0.048656 0.762594 0.059547 0.776578 0.068875 0.796016 0.075094 0.811562 0.076641 0.820891 0.078203 0.834109 0.075875 0.838781 0.067313 0.837219 0.058766 0.827109 0.051000 0.821672 0.033891 0.810016 0.023781 0.801469 0.015234 0.788250 0.005906 0.780867 0.000000
0 0.988813 0.373594 0.970156 0.362719 0.953047 0.359609 0.939828 0.353391 0.921953 0.337063 0.913406 0.330063 0.897859 0.321516 0.884641 0.315297 0.874531 0.313750 0.859766 0.323844 0.846547 0.323844 0.837219 0.333172 0.840328 0.343281 0.842656 0.353391 0.848109 0.358047 0.859766 0.372047 0.869094 0.379047 0.879203 0.385266 0.892406 0.391484 0.901734 0.394594 0.914953 0.402359 0.932828 0.409359 0.952266 0.416359 0.974031 0.430344 0.988813 0.435797 0.998906 0.443562 0.998437 0.443771 0.998437 0.395985 0.996578 0.395359 0.991141 0.388375 0.989578 0.382922
1 0.761016 0.517531 0.783500 0.527656 0.798109 0.520906 0.816094 0.525406 0.832953 0.520906 0.854313 0.506297 0.872297 0.493938 0.892531 0.489438 0.917266 0.488312 0.943125 0.484938 0.970094 0.487187 0.973469 0.477063 0.993703 0.480438 0.998437 0.480831 0.998437 0.450319 0.998203 0.451219 0.980219 0.443344 0.974594 0.432109 0.959984 0.424234 0.949859 0.439969 0.933000 0.450094 0.915016 0.446719 0.897031 0.446719 0.888047 0.445594 0.882422 0.436594 0.873422 0.434359 0.856563 0.446719 0.840828 0.459078 0.814969 0.464703 0.790250 0.459078 0.775625 0.464703 0.771141 0.475938 0.771141 0.489438 0.755391 0.504047
1 0.485719 0.609313 0.517906 0.609906 0.536047 0.608734 0.554781 0.614000 0.572922 0.620437 0.589297 0.629797 0.596906 0.636234 0.619141 0.636234 0.640219 0.632719 0.651328 0.631547 0.667141 0.623953 0.670063 0.611656 0.651328 0.601703 0.645484 0.585328 0.647234 0.570109 0.648406 0.554312 0.641391 0.549047 0.634359 0.542016 0.619141 0.526797 0.610953 0.518609 0.578188 0.520953 0.565891 0.517437 0.579359 0.533828 0.579937 0.548453 0.571750 0.569516 0.553016 0.574797 0.530781 0.581813 0.512063 0.591172 0.489813 0.601125
1 0.237594 0.676609 0.244609 0.671937 0.260422 0.658469 0.274469 0.649109 0.293766 0.636234 0.304312 0.627453 0.332984 0.612250 0.349953 0.594094 0.361656 0.582984 0.368688 0.571281 0.374531 0.561328 0.383891 0.546109 0.381547 0.537344 0.372188 0.522703 0.382719 0.496953 0.393266 0.505156 0.409062 0.511000 0.418422 0.518609 0.425437 0.528562 0.427203 0.544359 0.421344 0.558984 0.404375 0.575953 0.391500 0.589422 0.384484 0.588250 0.377453 0.583562 0.362828 0.589422 0.367516 0.603469 0.359313 0.612828 0.348781 0.612828 0.333562 0.617516 0.331234 0.635656 0.325953 0.644422 0.312500 0.653797 0.299625 0.667844 0.296109 0.675437 0.281484 0.680719 0.256906 0.687156 0.236422 0.685984 0.227063 0.682469 0.229984 0.675437
0 0.069594 0.780328 0.166141 0.699500 0.280625 0.634406 0.377172 0.567047 0.370438 0.531125 0.336766 0.524391 0.271656 0.569297 0.188578 0.627672 0.112250 0.652359 0.038172 0.715219
0 0.145922 0.252734 0.215531 0.335812 0.282875 0.414391 0.327781 0.526641 0.377172 0.519906 0.343500 0.400922 0.276141 0.272953 0.172875 0.219063
0 0.136953 0.726453 0.253688 0.661344 0.433297 0.726453 0.511875 0.793797 0.516359 0.822984 0.460234 0.816250 0.368188 0.753391 0.287359 0.746656 0.161641 0.755625
0 0.160578 0.750828 0.226062 0.911422 0.263484 0.987813 0.276390 0.998437 0.221039 0.998437 0.163703 0.920766 0.134078 0.802281 0.137203 0.732125
0 0.748344 0.627672 0.802609 0.637016 0.862469 0.633281 0.998437 0.647952 0.998437 0.595862 0.941047 0.584641 0.883062 0.579016 0.791375 0.601469 0.753969 0.603344