0 0.998437 0.723686 0.970766 0.727281 0.965734 0.703437 0.958203 0.659516 0.958203 0.604922 0.959469 0.561000 0.963859 0.532750 0.962594 0.498250 0.958203 0.463734 0.953187 0.435484 0.945656 0.358312 0.942516 0.333203 0.950047 0.272344 0.970125 0.276734 0.987703 0.292422 0.997109 0.323797 0.990844 0.342625 0.998437 0.382466
0 0.934359 0.413531 0.906125 0.471266 0.893578 0.502641 0.892313 0.537156 0.887297 0.576047 0.887297 0.625000 0.882906 0.678344 0.877891 0.706578 0.867219 0.745484 0.860938 0.772469 0.849656 0.817641 0.835844 0.835219 0.802578 0.824547 0.801328 0.799453 0.799453 0.761797 0.806984 0.708453 0.816391 0.681469 0.819531 0.643828 0.824547 0.604922 0.824547 0.573547 0.828906 0.492016 0.843375 0.444906 0.860313 0.404109 0.896719 0.372734 0.912016 0.359047 0.931953 0.360156 0.941938 0.382312 0.937500 0.400344
0 0.148469 0.004672 0.165578 0.033422 0.192781 0.072297 0.206781 0.097953 0.239422 0.121266 0.245641 0.130594 0.222328 0.157812 0.214547 0.164031 0.205219 0.164031 0.187344 0.152359 0.166359 0.131375 0.144594 0.100281 0.129047 0.076953 0.113500 0.065297 0.101828 0.045859 0.092500 0.027984 0.084734 0.000781
0 0.152359 0.152359 0.127484 0.204453 0.117375 0.230094 0.113500 0.265078 0.108047 0.321047 0.104172 0.371578 0.097953 0.412781 0.088625 0.447766 0.076953 0.478859 0.059078 0.506062 0.043531 0.523172 0.020219 0.517719 0.016328 0.486625 0.014766 0.469531 0.027984 0.430656 0.037312 0.399562 0.043531 0.364578 0.045094 0.307828 0.045094 0.272859 0.048969 0.232437 0.066859 0.199000 0.082406 0.158578 0.115047 0.127484 0.129047 0.123594 0.150031 0.129047
0 0.333484 0.407344 0.354484 0.376250 0.379359 0.345156 0.402672 0.323391 0.443875 0.311719 0.476531 0.290734 0.506062 0.268969 0.519281 0.226219 0.500625 0.213000 0.473422 0.213000 0.420547 0.230094 0.399562 0.245641 0.364578 0.276734 0.331156 0.300063 0.302391 0.331156 0.275188 0.385578 0.265078 0.412781 0.265078 0.426000 0.278297 0.426000 0.297734 0.426000 0.327266 0.419000
0 0.441547 0.307828 0.445422 0.348266 0.445422 0.371578 0.436094 0.420547 0.419000 0.443875 0.397234 0.468750 0.380125 0.480406 0.333484 0.494406 0.292281 0.494406 0.230094 0.494406 0.191234 0.486625 0.156250 0.463312 0.136813 0.434547 0.160141 0.415109 0.185016 0.416672 0.218438 0.420547 0.274406 0.430656 0.313281 0.426766 0.344375 0.408891 0.373906 0.370031 0.401125 0.333484 0.410453 0.325719 0.428328 0.317937
0 0.450094 0.008547 0.457094 0.039641 0.468750 0.056750 0.476531 0.074625 0.494406 0.101828 0.509953 0.130594 0.511500 0.167906 0.492844 0.200563 0.481187 0.202891 0.461750 0.178016 0.451641 0.156250 0.434547 0.121266 0.422891 0.100281 0.411219 0.070734 0.395672 0.031875 0.385578 0.010891 0.397234 0.000781 0.453203 0.000781
0 0.560484 0.092500 0.568250 0.150031 0.579906 0.183453 0.583797 0.208328 0.583797 0.241766 0.582250 0.276734 0.574469 0.305500 0.556594 0.342813 0.541047 0.370031 0.521609 0.401125 0.498297 0.426000 0.481187 0.447766 0.447766 0.443875 0.442312 0.428328 0.439984 0.403453 0.455531 0.360703 0.492078 0.321828 0.506062 0.307828 0.507625 0.276734 0.515391 0.240203 0.517719 0.202891 0.517719 0.167906 0.517719 0.131375 0.517719 0.082406 0.542594 0.078516 0.552703 0.076953
0 0.768031 0.146922 0.714391 0.243312 0.677078 0.338938 0.663875 0.408891 0.673203 0.476531 0.694187 0.513844 0.692625 0.534828 0.665422 0.552703 0.644437 0.554266 0.622672 0.529391 0.607125 0.485078 0.601672 0.419000 0.608375 0.324688 0.642109 0.263531 0.682625 0.187281 0.715953 0.132922 0.740828 0.113500 0.766484 0.129047
0 0.801469 0.249531 0.768813 0.311719 0.762594 0.371578 0.768031 0.460969 0.803797 0.529391 0.813125 0.554266 0.788250 0.576031 0.757156 0.533266 0.735391 0.504516 0.708172 0.434547 0.708172 0.377797 0.717500 0.294625 0.739266 0.244094 0.775813 0.201344 0.799125 0.195125 0.806906 0.220000
0 0.893188 0.188906 0.869875 0.245641 0.865984 0.286062 0.834891 0.375469 0.832563 0.428328 0.820891 0.449313 0.803797 0.457094 0.789797 0.451641 0.780469 0.408891 0.776578 0.370031 0.793687 0.306281 0.813125 0.241766 0.828672 0.189672 0.865203 0.152359 0.883078 0.153922
0 0.241766 0.568250 0.230094 0.607125 0.237875 0.649875 0.268969 0.708172 0.297734 0.750938 0.313281 0.795250 0.328828 0.841891 0.350594 0.881531 0.349031 0.942937 0.350594 0.984141 0.347127 0.998437 0.303485 0.998437 0.296172 0.986469 0.284516 0.947609 0.276734 0.904844 0.263531 0.879203 0.249531 0.831000 0.237875 0.817016 0.216891 0.757156 0.191234 0.719844 0.178016 0.687188 0.158578 0.640547 0.148469 0.599344 0.152359 0.566703 0.177234 0.558922 0.210672 0.560484 0.233984 0.555031
0 0.422891 0.593125 0.445422 0.543375 0.459422 0.520062 0.486625 0.494406 0.530938 0.492078 0.562031 0.503734 0.595453 0.525500 0.639766 0.552703 0.680969 0.583797 0.708172 0.616453 0.715953 0.655312 0.696516 0.666984 0.669312 0.665422 0.661531 0.649875 0.628891 0.609453 0.587688 0.576031 0.564359 0.574469 0.533266 0.566703 0.508391 0.583797 0.486625 0.599344 0.463312 0.612563 0.443875 0.616453 0.416672 0.603234
0 0.463312 0.607125 0.471078 0.645984 0.469531 0.673203 0.457859 0.701953 0.450094 0.715953 0.422891 0.750938 0.385578 0.774250 0.368469 0.785922 0.349031 0.799125 0.336594 0.834109 0.344375 0.840328 0.375469 0.844219 0.406562 0.844219 0.428328 0.820891 0.472641 0.776578 0.495953 0.739266 0.517719 0.718281 0.523172 0.680969 0.529391 0.640547 0.529391 0.611000 0.533266 0.582250 0.534828 0.564359 0.521609 0.573688 0.500625 0.591578 0.485078 0.600906
0 0.127484 0.548813 0.161688 0.569813 0.204453 0.560484 0.239422 0.560484 0.278297 0.562031 0.332719 0.572141 0.377797 0.577578 0.432219 0.576031 0.455531 0.527828 0.415109 0.512281 0.342813 0.511500 0.216891 0.502172 0.164031 0.498297 0.140703 0.511500 0.129047 0.525500
0 0.818562 0.649875 0.769594 0.704297 0.738500 0.770359 0.707406 0.830219 0.701953 0.857437 0.694187 0.890859 0.687969 0.935172 0.687969 0.966266 0.674750 0.980250 0.656875 0.985703 0.645219 0.978703 0.645219 0.941391 0.646766 0.883078 0.654547 0.792141 0.691859 0.739266 0.719062 0.691078 0.767250 0.638219 0.800688 0.611000 0.816234 0.622672 0.817781 0.632000
0 0.586125 0.668531 0.603234 0.693406 0.607125 0.712844 0.614891 0.743938 0.618781 0.761813 0.640547 0.757922 0.656094 0.763375 0.636656 0.794469 0.632781 0.816234 0.656094 0.822453 0.648328 0.848875 0.642875 0.891641 0.645984 0.907188 0.649875 0.948391 0.653766 0.995031 0.653766 0.998437 0.582049 0.998437 0.582250 0.997359 0.580688 0.971703 0.578359 0.932828 0.576797 0.897859 0.574469 0.820125 0.572922 0.768031 0.562812 0.733047 0.558922 0.694187 0.560484 0.668531 0.576031 0.652984
0 0.524719 0.780469 0.520828 0.815453 0.510734 0.860547 0.509172 0.877641 0.509172 0.911063 0.512281 0.943719 0.516172 0.967047 0.522391 0.996578 0.523587 0.998437 0.459333 0.998437 0.448531 0.975594 0.443094 0.940609 0.439203 0.886187 0.448531 0.825562 0.471859 0.781250 0.475750 0.769594 0.514609 0.780469
0 0.136031 0.579906 0.130594 0.618781 0.125156 0.665422 0.126703 0.717500 0.139922 0.766484 0.173359 0.828672 0.198234 0.879203 0.231656 0.900188 0.247203 0.885422 0.256531 0.862094 0.241766 0.824781 0.218438 0.774250 0.208328 0.747047 0.179578 0.704297 0.164031 0.657656 0.148469 0.611000
0 0.130594 0.558922 0.090172 0.581469 0.068406 0.597016 0.047422 0.614891 0.010109 0.635891 0.002328 0.639766 0.003891 0.570578 0.041203 0.541047 0.066078 0.525500 0.118938 0.490516 0.160141 0.467187 0.194344 0.488187 0.235547 0.494406 0.275969 0.494406 0.315609 0.499844 0.297734 0.513844 0.266641 0.506062 0.210672 0.504516 0.164031 0.492844 0.152359 0.502172 0.136813 0.519281 0.134484 0.530938
0 0.097172 0.582250 0.097172 0.614891 0.097172 0.645984 0.097172 0.669312 0.099500 0.705844 0.101063 0.735391 0.101063 0.766484 0.095609 0.795250 0.086281 0.810797 0.066859 0.828672 0.047422 0.836438 0.029547 0.824781 0.024094 0.815453 0.031094 0.788250 0.041203 0.739266 0.045094 0.704297 0.045094 0.677078 0.041203 0.636656 0.041203 0.621109 0.058297 0.605563 0.072297 0.593906
0 0.014766 0.875313 0.070734 0.892406 0.088625 0.894750 0.105719 0.896297 0.121266 0.902516 0.138516 0.886531 0.169547 0.916438 0.187281 0.959656 0.196579 0.998437 0.256900 0.998437 0.255750 0.994250 0.240203 0.974812 0.220766 0.939828 0.189672 0.906406 0.135266 0.859766 0.069187 0.824781 0.024875 0.823234 0.007000 0.828672 0.005437 0.853547 0.001563 0.869094
0 0.932203 0.005297 0.927797 0.045016 0.918969 0.068859 0.903953 0.075922 0.886297 0.080328 0.877469 0.034422 0.877469 0.012359 0.881000 0.003531
0 0.611766 0.005297 0.631172 0.060031 0.653250 0.080328 0.682375 0.082984 0.700031 0.060906 0.700031 0.031781 0.685031 0.000875
1 0.785594 0.831891 0.779797 0.978016 0.776396 0.998437 0.889255 0.998437 0.875297 0.941844 0.896984 0.891203 0.908563 0.833328 0.891203 0.818859 0.859375 0.850688 0.820312 0.853594
0 0.576094 0.429281 0.498234 0.513813 0.400375 0.602781 0.360328 0.671734 0.333641 0.718438 0.302500 0.707313 0.295828 0.669500 0.387016 0.547172 0.473766 0.460422 0.524922 0.395922 0.551625 0.398141
0 0.658391 0.533828 0.627250 0.649484 0.616125 0.736234 0.571641 0.800734 0.536047 0.820750 0.516031 0.785172 0.567187 0.691750 0.593875 0.593875 0.629469 0.522703