0 0.061406 0.000609 0.058359 0.021891 0.064453 0.055328 0.086938 0.060188 0.107000 0.064453 0.110047 0.043781 0.116125 0.017625 0.117953 0.001219
0 0.241969 0.002437 0.219484 0.023719 0.210359 0.041953 0.184828 0.060188 0.173875 0.063234 0.163547 0.060188 0.152609 0.049859 0.152609 0.037687 0.164766 0.019453 0.167797 0.004250
0 0.497938 0.173875 0.480906 0.190906 0.474828 0.215219 0.458422 0.233469 0.424969 0.260828 0.392750 0.283312 0.364172 0.303375 0.327703 0.335000 0.300344 0.364172 0.286359 0.377547 0.277234 0.398828 0.255953 0.424969 0.243797 0.438344 0.231641 0.449297 0.210359 0.445031 0.203063 0.428016 0.217656 0.400656 0.248047 0.350797 0.286359 0.311281 0.350187 0.248656 0.398828 0.212188 0.445641 0.169625 0.471797 0.150172 0.493063 0.161719
0 0.625000 0.172672 0.623172 0.204891 0.609797 0.225563 0.603719 0.262031 0.584266 0.303375 0.553266 0.372078 0.524687 0.397609 0.500359 0.412812 0.474828 0.441391 0.456594 0.458422 0.427406 0.459625 0.411000 0.438953 0.418281 0.408563 0.448688 0.390328 0.488203 0.362969 0.512531 0.324656 0.531984 0.280891 0.541094 0.244406 0.561156 0.209141 0.574531 0.186656 0.592781 0.162328 0.601891 0.157469 0.618922 0.151391
0 0.602500 0.001219 0.593391 0.026750 0.581219 0.043172 0.582437 0.067484 0.573328 0.072344 0.570281 0.065047 0.539891 0.079641 0.544141 0.093625 0.532594 0.103969 0.529547 0.090594 0.508266 0.095453 0.496109 0.089375 0.491250 0.102750 0.489422 0.114906 0.477266 0.114906 0.473000 0.101531 0.453547 0.102750 0.439562 0.107000 0.415250 0.101531 0.403094 0.103969 0.366609 0.096672 0.342297 0.077219 0.311891 0.034656 0.299734 0.004250 0.376953 0.000609 0.380594 0.026750 0.407344 0.032828 0.434703 0.035875 0.494281 0.023719 0.533797 0.007297 0.538062 0.001219
0 0.430453 0.514953 0.409172 0.532594 0.401875 0.553859 0.401875 0.575141 0.393969 0.608578 0.387891 0.657219 0.384844 0.710719 0.380594 0.736266 0.387891 0.763625 0.400047 0.787937 0.446859 0.774563 0.439562 0.742953 0.439562 0.697344 0.445641 0.669984 0.455984 0.634734 0.468141 0.586094 0.474219 0.558734 0.479078 0.537453 0.465703 0.516172
0 0.082687 0.364172 0.100312 0.394578 0.124641 0.432266 0.147734 0.455375 0.187250 0.496719 0.229813 0.519219 0.270547 0.531375 0.324047 0.544750 0.350187 0.564813 0.370859 0.545359 0.393969 0.540484 0.406125 0.543531 0.433484 0.510094 0.460844 0.516172 0.426187 0.491859 0.395797 0.476656 0.368438 0.480906 0.341078 0.470578 0.310672 0.468750 0.289391 0.461453 0.241969 0.450516 0.207313 0.445031 0.196375 0.411594 0.159891 0.370250 0.140437 0.350797 0.117344 0.335609 0.093016 0.336813 0.085719 0.350187
0 0.840828 0.004859 0.811047 0.047422 0.800094 0.071734 0.781859 0.094844 0.754500 0.125250 0.725922 0.153812 0.690656 0.181172 0.671203 0.183000 0.631687 0.181172 0.623781 0.170844 0.622563 0.161719 0.616484 0.149562 0.610406 0.150781 0.610406 0.136187 0.623781 0.130109 0.635938 0.128281 0.674250 0.105781 0.699781 0.081469 0.738078 0.041953 0.758750 0.015813 0.763625 0.003641
0 0.691875 0.210359 0.702219 0.245625 0.701000 0.274203 0.707078 0.307641 0.713156 0.338031 0.697953 0.371469 0.690656 0.403703 0.678500 0.434094 0.661484 0.453547 0.646281 0.477875 0.640203 0.496109 0.656609 0.525297 0.673641 0.513125 0.708297 0.479687 0.743563 0.435922 0.754500 0.394578 0.763016 0.335609 0.763016 0.266906 0.749641 0.210359 0.722281 0.184828 0.704031 0.198203
0 0.760578 0.136187 0.769094 0.184828 0.786109 0.221297 0.789156 0.307641 0.787937 0.348984 0.778813 0.373297 0.783078 0.424969 0.778813 0.476656 0.778813 0.505234 0.778203 0.531375 0.806172 0.546578 0.830500 0.539281 0.840828 0.505844 0.845094 0.463281 0.846906 0.412812 0.851172 0.378156 0.854203 0.344719 0.856031 0.299125 0.856031 0.266906 0.854813 0.239547 0.851781 0.206109 0.842656 0.180563 0.828672 0.139234 0.807391 0.104578 0.792188 0.104578 0.772734 0.108828 0.760578 0.128281
0 0.942359 0.499156 0.930813 0.537453 0.910750 0.559953 0.882172 0.589125 0.851781 0.616484 0.824422 0.642016 0.795234 0.671203 0.772734 0.692484 0.745375 0.718016 0.727141 0.739297 0.705859 0.760578 0.658438 0.783687 0.645062 0.794016 0.621953 0.792797 0.600688 0.780641 0.601891 0.750250 0.612844 0.725922 0.656609 0.701609 0.707078 0.671203 0.750844 0.622563 0.809219 0.576969 0.870016 0.527109 0.899813 0.482734 0.927172 0.485766
0 0.947828 0.007906 0.968500 0.037094 0.985531 0.062625 0.995859 0.105187 0.998437 0.120409 0.998437 0.364251 0.997516 0.372516 0.981281 0.376344 0.956953 0.364172 0.968500 0.330734 0.973375 0.306422 0.960000 0.271156 0.956344 0.239547 0.947828 0.231641 0.958172 0.212188 0.949047 0.204281 0.930813 0.190906 0.949047 0.172672 0.935672 0.158688 0.942969 0.128281 0.932641 0.100922 0.902234 0.058359 0.879141 0.020063 0.884000 0.001828 0.944187 0.002437
0 0.247234 0.562375 0.229438 0.608516 0.212953 0.632906 0.203063 0.672469 0.199766 0.710703 0.196469 0.741688 0.191844 0.779938 0.178672 0.803000 0.162187 0.845859 0.145703 0.870250 0.132516 0.895312 0.129219 0.915078 0.117359 0.929594 0.110766 0.932891 0.092953 0.930250 0.073188 0.913766 0.069891 0.895312 0.071203 0.862344 0.082406 0.844547 0.094281 0.822781 0.105484 0.791797 0.110766 0.768719 0.123937 0.730484 0.133828 0.689609 0.150313 0.618406 0.156906 0.590719 0.174703 0.567641 0.191188 0.539297 0.204375 0.526109 0.216250 0.521500 0.232734 0.524125 0.247234 0.545891
0 0.257125 0.758828 0.251188 0.791141 0.236016 0.826078 0.221516 0.847172 0.189875 0.875531 0.168781 0.893328 0.162187 0.915078 0.174703 0.923000 0.186578 0.926297 0.209656 0.917062 0.236016 0.895312 0.260422 0.870906 0.278875 0.845859 0.288766 0.822781 0.299969 0.796406 0.299969 0.776641 0.298656 0.745656 0.290750 0.722578 0.275578 0.694219 0.262391 0.687625 0.236016 0.698844 0.232734 0.710703 0.243938 0.738391
0 0.979031 0.671156 0.941453 0.707406 0.913766 0.733781 0.900578 0.750266 0.898609 0.793109 0.898609 0.822781 0.895312 0.843875 0.899922 0.893328 0.901906 0.929594 0.900578 0.975734 0.892016 0.990906 0.880648 0.998437 0.872195 0.998437 0.861016 0.986281 0.845859 0.943437 0.842562 0.933547 0.835969 0.880797 0.834656 0.839266 0.835969 0.799703 0.847172 0.748938 0.860359 0.700812 0.875531 0.683016 0.906516 0.654672 0.932891 0.631594 0.962547 0.630281 0.977719 0.646094 0.977719 0.657969
1 0.871281 0.504969 0.879547 0.423219 0.897141 0.369406 0.883687 0.339406 0.879547 0.289734 0.872312 0.222469 0.881625 0.171766 0.890938 0.108656 0.893000 0.074500 0.926125 0.116922 0.939563 0.164531 0.931297 0.192469 0.955094 0.209016 0.945781 0.232828 0.955094 0.247312 0.946813 0.272141 0.953016 0.287672 0.964406 0.284562 0.970609 0.314562 0.953016 0.355953 0.944750 0.405625 0.956125 0.450125 0.959234 0.517391 0.958203 0.545328 0.940609 0.611547 0.915766 0.612578 0.906453 0.602234 0.901281 0.578437 0.924047 0.552562 0.937500 0.534969 0.938531 0.524625 0.946813 0.499797 0.939563 0.482203 0.912672 0.477031 0.896109 0.494625
1 0.806078 0.956125 0.789531 0.926125 0.786422 0.901281 0.791594 0.863000 0.791594 0.824703 0.805047 0.806078 0.827812 0.808156 0.835063 0.824703 0.834016 0.855750 0.841266 0.891969 0.844375 0.931297 0.839203 0.950953 0.845406 0.968547 0.820578 0.965437 0.809187 0.968547
1 0.474953 0.617750 0.460469 0.671563 0.443922 0.726406 0.454266 0.766766 0.468750 0.817469 0.487375 0.850578 0.488406 0.903359 0.447016 0.931297 0.423122 0.998437 0.499254 0.998437 0.508078 0.979922 0.519453 0.924047 0.523594 0.863000 0.529797 0.809187 0.527734 0.724344 0.512203 0.683984 0.497719 0.642594 0.493578 0.605344
0 0.180531 0.112141 0.199672 0.191469 0.227031 0.270797 0.279000 0.341906 0.303609 0.443109 0.303609 0.464984 0.336438 0.454047 0.339172 0.380203 0.298141 0.248906 0.254375 0.177797 0.248906 0.093000 0.210609 0.068375 0.186000 0.068375
0 0.426703 0.002734 0.448578 0.057437 0.437641 0.164109 0.429437 0.224297 0.369266 0.207875 0.382938 0.060172 0.372000 0.000000
0 0.609953 0.361047 0.664672 0.451312 0.719375 0.552516 0.768609 0.604484 0.839719 0.656453 0.858859 0.640047 0.776813 0.511484 0.683812 0.399344 0.661922 0.314547 0.607219 0.309078