0 0.311231 0.000000 0.294766 0.018391 0.283687 0.037234 0.267062 0.046094 0.263734 0.062719 0.247125 0.083781 0.241578 0.094859 0.226062 0.110375 0.212766 0.125891 0.191719 0.127000 0.177313 0.120344 0.160688 0.107047 0.155141 0.097078 0.162906 0.081563 0.165109 0.071594 0.154031 0.068266 0.138516 0.068266 0.119687 0.070484 0.103062 0.082672 0.103062 0.108156 0.110813 0.124781 0.121891 0.140297 0.127438 0.159125 0.141844 0.174641 0.162906 0.185734 0.187281 0.197922 0.219422 0.201234 0.232719 0.183516 0.247125 0.183516 0.270391 0.172422 0.294766 0.146937 0.300312 0.132531 0.309172 0.112594 0.321359 0.101500 0.331344 0.074906 0.349062 0.054969 0.365687 0.032797 0.392281 0.012859 0.406687 0.006203 0.417033 0.000000
0 0.377875 0.275484 0.391172 0.286562 0.377875 0.292109 0.356828 0.300969 0.334656 0.295438 0.326906 0.276594 0.330234 0.237813 0.342422 0.216750 0.366797 0.200141 0.377875 0.183516 0.398938 0.162453 0.411125 0.145828 0.419984 0.123672 0.429969 0.098188 0.436609 0.087094 0.442156 0.063828 0.446594 0.033906 0.463203 0.002875 0.466489 0.000000 0.548531 0.000000 0.548531 0.002875 0.545219 0.026156 0.530813 0.044984 0.511969 0.059391 0.502000 0.069375 0.500891 0.083781 0.509750 0.102609 0.498672 0.115906 0.487594 0.128109 0.498672 0.143609 0.482047 0.153594 0.466531 0.156922 0.466531 0.172422 0.466531 0.187937 0.463203 0.200141 0.449906 0.196813 0.439937 0.209000 0.438828 0.220078 0.428859 0.228937 0.414453 0.228937 0.407797 0.243344 0.396719 0.253328 0.383422 0.253328
0 0.625438 0.000000 0.621672 0.003984 0.603938 0.015078 0.599516 0.042781 0.588438 0.069375 0.578453 0.083781 0.577344 0.105937 0.577344 0.120344 0.564047 0.138078 0.562937 0.159125 0.562937 0.179078 0.562937 0.199031 0.556297 0.210109 0.556297 0.233375 0.560734 0.254438 0.576234 0.269953 0.603938 0.262187 0.610594 0.243344 0.618344 0.215641 0.627219 0.195703 0.631656 0.165781 0.633859 0.135859 0.636078 0.102609 0.644953 0.078234 0.657141 0.070484 0.675969 0.050531 0.689266 0.026156 0.702578 0.005094 0.704571 0.000000
0 0.778973 0.000000 0.776813 0.016172 0.771281 0.038344 0.760188 0.058281 0.749109 0.076016 0.741359 0.097078 0.738031 0.114813 0.735812 0.131422 0.735812 0.153594 0.738031 0.164672 0.746891 0.173531 0.753547 0.172422 0.765734 0.172422 0.787906 0.162453 0.798984 0.145828 0.804516 0.127000 0.810063 0.114813 0.816719 0.092641 0.827797 0.078234 0.835547 0.061609 0.846625 0.044984 0.852172 0.013969 0.855115 0.000000
0 0.880984 0.052750 0.900938 0.050531 0.924203 0.062719 0.940828 0.083781 0.944156 0.107047 0.954125 0.123672 0.956344 0.140297 0.954125 0.154703 0.950797 0.171328 0.940828 0.185734 0.935281 0.200141 0.928641 0.210109 0.919766 0.224516 0.904250 0.241141 0.900938 0.261078 0.897609 0.288781 0.898719 0.313172 0.909797 0.335328 0.918656 0.355281 0.923094 0.374109 0.917547 0.394063 0.914234 0.407359 0.913125 0.425094 0.902031 0.429516 0.882094 0.433953 0.872125 0.427313 0.864359 0.405141 0.853281 0.376328 0.845516 0.346406 0.841094 0.314266 0.839984 0.288781 0.837766 0.267734 0.838875 0.243344 0.844422 0.214531 0.856609 0.195703 0.869906 0.184625 0.874328 0.182406 0.889844 0.192375 0.896500 0.203453 0.914234 0.194594 0.918656 0.173531 0.918656 0.161344 0.916438 0.134750 0.914234 0.117016 0.907578 0.100406 0.890953 0.080453 0.886531 0.067156
0 0.109703 0.237813 0.121891 0.237813 0.141844 0.236703 0.151812 0.244453 0.159578 0.261078 0.164000 0.281031 0.173984 0.294328 0.172875 0.308734 0.175094 0.319812 0.178406 0.330891 0.191719 0.346406 0.200578 0.358594 0.200578 0.375219 0.207219 0.390734 0.213875 0.400703 0.227172 0.414000 0.230500 0.429516 0.231609 0.448359 0.233828 0.468313 0.234922 0.486031 0.234922 0.507094 0.230500 0.520391 0.224953 0.534797 0.220516 0.552531 0.214984 0.572469 0.210547 0.584656 0.203906 0.585766 0.196141 0.596859 0.188391 0.614578 0.188391 0.630094 0.187281 0.638969 0.197250 0.657797 0.191719 0.662234 0.173984 0.669984 0.156250 0.669984 0.141844 0.666672 0.129656 0.654484 0.119687 0.640078 0.125219 0.628984 0.134094 0.615687 0.141844 0.595750 0.144063 0.576906 0.147391 0.561391 0.132984 0.554750 0.146281 0.537016 0.150703 0.527031 0.155141 0.511531 0.149594 0.501547 0.139625 0.497125 0.151812 0.482719 0.161797 0.474953 0.159578 0.467203 0.150703 0.466094 0.149594 0.457219 0.155141 0.446141 0.158469 0.438391 0.152922 0.427313 0.140734 0.430625 0.140734 0.419547 0.146281 0.399594 0.141844 0.387406 0.135187 0.377437 0.134094 0.369688 0.129656 0.357484 0.124109 0.348625 0.115250 0.339766 0.114141 0.327578 0.108594 0.318703 0.104172 0.302078 0.105281 0.289891 0.107484 0.276594 0.108594 0.264406 0.108594 0.251109
0 0.520828 0.596859 0.507531 0.596859 0.494234 0.606828 0.477609 0.604609 0.467641 0.604609 0.454344 0.617906 0.437719 0.637859 0.424422 0.645609 0.403375 0.654484 0.386750 0.661125 0.376766 0.677750 0.363469 0.688828 0.349062 0.699906 0.345750 0.719859 0.332453 0.734266 0.318047 0.745344 0.304750 0.757531 0.287016 0.767516 0.257094 0.776375 0.231609 0.787453 0.213875 0.795219 0.192812 0.798531 0.183953 0.816266 0.186172 0.847297 0.198359 0.861703 0.210547 0.858375 0.247125 0.846187 0.274828 0.840641 0.299203 0.835109 0.319156 0.826234 0.353500 0.801859 0.366797 0.786344 0.386750 0.774156 0.393391 0.756422 0.411125 0.744234 0.425531 0.733156 0.428859 0.717641 0.434391 0.704344 0.448797 0.695484 0.466531 0.684391 0.484266 0.677750 0.504219 0.667781 0.517516 0.657797 0.528594 0.645609 0.536344 0.634531 0.536344 0.620125 0.536344 0.609047
0 0.236031 0.289891 0.226062 0.284359 0.213875 0.291000 0.202797 0.300969 0.193922 0.308734 0.206109 0.326469 0.208328 0.339766 0.227172 0.361922 0.236031 0.381875 0.257094 0.387406 0.270391 0.395172 0.290344 0.402922 0.303641 0.415109 0.311391 0.427313 0.326906 0.451688 0.346859 0.482719 0.357938 0.497125 0.376766 0.510422 0.393391 0.534797 0.415562 0.558062 0.432188 0.575797 0.438828 0.554750 0.451016 0.549203 0.473187 0.538125 0.478719 0.529250 0.476500 0.519281 0.470969 0.504875 0.461000 0.492688 0.458781 0.481609 0.458781 0.474953 0.456562 0.467203 0.439937 0.462766 0.431078 0.459437 0.425531 0.447250 0.435500 0.435063 0.428859 0.428406 0.408906 0.421766 0.400047 0.415109 0.388969 0.409578 0.388969 0.398500 0.377875 0.388516 0.362359 0.381875 0.360156 0.373000 0.352391 0.359703 0.343531 0.355281 0.332453 0.350844 0.326906 0.344187 0.320250 0.336438 0.310281 0.327578 0.301422 0.322031 0.289234 0.314266 0.278141 0.305406 0.265953 0.300969 0.257094 0.297656
0 0.515297 0.523719 0.502000 0.527031 0.490906 0.532578 0.480938 0.534797 0.474297 0.540344 0.461000 0.542547 0.443266 0.551422 0.435500 0.561391 0.434391 0.574687 0.436609 0.589094 0.445484 0.596859 0.456562 0.601281 0.477609 0.602391 0.504219 0.603500 0.516406 0.595750 0.526375 0.586875 0.548531 0.586875 0.565156 0.578016 0.579562 0.575797 0.599516 0.574687 0.603938 0.582453 0.616141 0.585766 0.626109 0.584656 0.628328 0.591313 0.630547 0.600172 0.644953 0.596859 0.663781 0.597969 0.666000 0.606828 0.666000 0.617906 0.675969 0.627875 0.689266 0.613469 0.697031 0.607937 0.708109 0.612359 0.731391 0.621234 0.743578 0.633422 0.759094 0.631203 0.757984 0.624563 0.755766 0.617906 0.764625 0.612359 0.785687 0.613469 0.802312 0.605719 0.808953 0.599062 0.827797 0.603500 0.846625 0.611266 0.858828 0.604609 0.863250 0.592422 0.863250 0.568047 0.856609 0.558062 0.844422 0.548094 0.824469 0.541438 0.814500 0.537016 0.802312 0.540344 0.789000 0.548094 0.772391 0.548094 0.754656 0.555844 0.736922 0.554750 0.719187 0.552531 0.709219 0.548094 0.687063 0.538125 0.677078 0.528141 0.660469 0.518172 0.643844 0.508203 0.619453 0.501547 0.592859 0.499328 0.582891 0.504875 0.558516 0.502656 0.546328 0.511531 0.533016 0.514844
0 0.538563 0.658906 0.517516 0.658906 0.506422 0.665563 0.497563 0.671094 0.487594 0.681078 0.482047 0.691047 0.482047 0.705453 0.482047 0.716531 0.502000 0.719859 0.517516 0.726500 0.533016 0.727609 0.544109 0.732047 0.561828 0.730937 0.584000 0.733156 0.593969 0.733156 0.616141 0.734266 0.643844 0.737594 0.659359 0.739812 0.681516 0.742016 0.704781 0.738703 0.724734 0.734266 0.741359 0.729828 0.757984 0.724297 0.767953 0.720969 0.786797 0.713203 0.802312 0.707672 0.815609 0.705453 0.834437 0.705453 0.857719 0.704344 0.877656 0.694375 0.883203 0.686609 0.890953 0.682187 0.896500 0.671094 0.896500 0.658906 0.890953 0.647828 0.882094 0.635641 0.873234 0.631203 0.865469 0.634531 0.858828 0.641172 0.844422 0.644500 0.833328 0.648937 0.822250 0.647828 0.815609 0.646719 0.804516 0.645609 0.793438 0.652266 0.784578 0.652266 0.775703 0.647828 0.763516 0.651156 0.750219 0.657797 0.749109 0.662234 0.736922 0.660016 0.721406 0.660016 0.708109 0.665563 0.701469 0.664453 0.692594 0.661125 0.680406 0.665563 0.668219 0.668891 0.651594 0.669984 0.642734 0.671094 0.634969 0.675531 0.623891 0.673313 0.597297 0.673313 0.588438 0.667781 0.574031 0.667781 0.559625 0.664453
0 0.754656 0.739812 0.743578 0.733156 0.733594 0.733156 0.726953 0.733156 0.707000 0.736484 0.693703 0.738703 0.671547 0.742016 0.653813 0.744234 0.647156 0.752000 0.652703 0.757531 0.656031 0.764187 0.652703 0.774156 0.662672 0.781922 0.674859 0.788563 0.691484 0.796328 0.705891 0.799641 0.736922 0.799641 0.769062 0.804078 0.790109 0.807406 0.817812 0.817375 0.862141 0.825141 0.879875 0.831781 0.904250 0.837328 0.918656 0.838437 0.939719 0.843969 0.950797 0.862813 0.961875 0.855047 0.968531 0.848406 0.977391 0.860594 0.988469 0.871672 0.998437 0.868475 0.998437 0.792290 0.985156 0.786344 0.964094 0.781922 0.941938 0.777484 0.923094 0.774156 0.900938 0.769719 0.880984 0.767516 0.868797 0.767516 0.858828 0.764187 0.841094 0.756422 0.827797 0.755313 0.814500 0.755313 0.802312 0.749781 0.779031 0.742016
0 0.503109 0.821813 0.504219 0.810734 0.494234 0.801859 0.483156 0.790781 0.462094 0.789672 0.448797 0.796328 0.443266 0.788563 0.432188 0.807406 0.424422 0.820703 0.411125 0.827344 0.400047 0.838437 0.392281 0.850625 0.378984 0.857266 0.367906 0.863922 0.353500 0.869453 0.329125 0.872781 0.312500 0.876109 0.289234 0.883859 0.277031 0.893844 0.264844 0.899375 0.241578 0.912672 0.226062 0.923766 0.216094 0.934844 0.207219 0.944813 0.196141 0.960328 0.206109 0.980281 0.214984 0.998000 0.215615 0.998437 0.263470 0.998437 0.271500 0.993578 0.279250 0.980281 0.285906 0.969187 0.288125 0.959219 0.296984 0.952578 0.308063 0.943703 0.318047 0.943703 0.334656 0.943703 0.351281 0.947031 0.364578 0.954781 0.366797 0.938172 0.384531 0.952578 0.392281 0.929297 0.406687 0.937063 0.416672 0.944813 0.417781 0.922656 0.418891 0.914891 0.426641 0.898266 0.434391 0.879437 0.451016 0.878328 0.461000 0.869453 0.469859 0.858375 0.473187 0.842859 0.484266 0.834000
0 0.755766 0.981391 0.769062 0.994687 0.771427 0.998437 0.530578 0.998437 0.523047 0.992469 0.508641 0.986922 0.490906 0.978063 0.472078 0.966984 0.456562 0.959219 0.449906 0.945922 0.434391 0.935953 0.427750 0.924859 0.422203 0.909359 0.425531 0.894953 0.437719 0.881656 0.467641 0.878328 0.479828 0.888297 0.496453 0.897156 0.505312 0.907141 0.513078 0.918219 0.528594 0.925969 0.546328 0.930406 0.551859 0.940375 0.570703 0.940375 0.582891 0.942594 0.590641 0.950359 0.615031 0.950359 0.628328 0.953672 0.664891 0.955891 0.669328 0.966984 0.689266 0.970297 0.699250 0.975844 0.714766 0.980281 0.741359 0.980281
0 0.895391 0.842859 0.888734 0.856156 0.880984 0.860594 0.873234 0.869453 0.857719 0.876109 0.848844 0.880547 0.833328 0.888297 0.820031 0.891625 0.804516 0.891625 0.797875 0.896062 0.789000 0.906031 0.772391 0.906031 0.759094 0.906031 0.751328 0.911563 0.741359 0.911563 0.733594 0.913781 0.724734 0.921547 0.718078 0.928187 0.711437 0.928187 0.698141 0.932625 0.691484 0.941484 0.682625 0.952578 0.675969 0.959219 0.680406 0.971406 0.692594 0.971406 0.702578 0.978063 0.721406 0.980281 0.735812 0.980281 0.753547 0.982484 0.762406 0.980281 0.774594 0.974734 0.791219 0.969187 0.811172 0.965875 0.823359 0.959219 0.833328 0.955891 0.852172 0.950359 0.877656 0.941484 0.887641 0.928187 0.906469 0.917109 0.920875 0.901594 0.936391 0.889406 0.950797 0.875000 0.951906 0.862813 0.944156 0.851734 0.935281 0.843969 0.914234 0.843969
0 0.998437 0.278054 0.992906 0.279922 0.972969 0.306516 0.956344 0.325359 0.930844 0.338656 0.918656 0.349734 0.918656 0.366359 0.919766 0.389625 0.917547 0.423984 0.902031 0.431734 0.882094 0.436172 0.857719 0.404031 0.838875 0.416219 0.824469 0.426203 0.812281 0.440609 0.806734 0.455016 0.790109 0.469422 0.767953 0.490469 0.754656 0.517062 0.751328 0.538125 0.761297 0.548094 0.796766 0.543656 0.822250 0.537016 0.841094 0.522609 0.856609 0.497125 0.875437 0.482719 0.895391 0.466094 0.918656 0.447250 0.945250 0.431734 0.971859 0.407359 0.994016 0.392953 0.998437 0.383542
1 0.549219 0.584953 0.548281 0.594313 0.553891 0.615828 0.541734 0.629859 0.536109 0.636422 0.546406 0.655125 0.553891 0.662609 0.581031 0.668219 0.613766 0.672906 0.640906 0.668219 0.653062 0.656063 0.668031 0.649516 0.693297 0.646703 0.711078 0.638281 0.704531 0.629859 0.672719 0.623313 0.657750 0.613953 0.656813 0.603672 0.641844 0.596187 0.635297 0.602734 0.639969 0.621438 0.630609 0.629859 0.617516 0.623313 0.617516 0.611156 0.605359 0.597125 0.596000 0.583078 0.587578 0.574656 0.562312 0.574656
0 0.696594 0.070609 0.707816 0.000000 0.835296 0.000000 0.871391 0.057750 0.911234 0.138719 0.907375 0.196562 0.846969 0.159281 0.813547 0.064172 0.798605 0.000000 0.783059 0.000000 0.764719 0.062891 0.737719 0.104016 0.737719 0.136156 0.710734 0.134859 0.692750 0.106594
0 0.539672 0.923297 0.719562 0.863328 0.763984 0.812250 0.839500 0.718969 0.803969 0.703422 0.668484 0.803359 0.572984 0.834453 0.508578 0.881094 0.504141 0.918844