0 0.006063 0.238016 0.017563 0.248906 0.021797 0.265266 0.029672 0.284641 0.045422 0.302203 0.055109 0.311891 0.074484 0.338547 0.098109 0.373672 0.103563 0.390625 0.099922 0.403344 0.090844 0.420297 0.080547 0.425750 0.056328 0.423328 0.047234 0.410000 0.034516 0.385172 0.006063 0.359125 0.000609 0.351266 0.001219 0.231344
0 0.004234 0.418484 0.018781 0.418484 0.043609 0.421516 0.067219 0.420906 0.083578 0.425750 0.105984 0.428781 0.148375 0.422719 0.161703 0.416062 0.189562 0.405156 0.215594 0.423937 0.213172 0.444531 0.212578 0.463906 0.208328 0.471172 0.194406 0.479047 0.167750 0.483891 0.136875 0.485109 0.119313 0.485703 0.074484 0.492969 0.067219 0.492969 0.053906 0.486922 0.024828 0.483891 0.010297 0.483891 0.002422 0.480859 0.000609 0.466937 0.001219 0.446344 0.004844 0.426359
0 0.023625 0.488734 0.041781 0.495391 0.069641 0.503266 0.098109 0.519625 0.112047 0.526891 0.130812 0.534156 0.150797 0.542031 0.164734 0.548094 0.180469 0.548687 0.212578 0.552937 0.248906 0.555953 0.271922 0.560203 0.307656 0.567469 0.317344 0.570500 0.325219 0.579578 0.329453 0.594109 0.329453 0.605016 0.325828 0.614094 0.306438 0.625609 0.287062 0.631656 0.268891 0.632266 0.247094 0.634078 0.221047 0.633484 0.191984 0.631062 0.150797 0.625609 0.136875 0.621969 0.118703 0.614094 0.086609 0.606219 0.055719 0.592297 0.041188 0.578375 0.021797 0.561406 0.007266 0.550516 0.003031 0.543844 0.001219 0.485703
0 0.065406 0.757031 0.055719 0.768531 0.058750 0.777016 0.063594 0.786094 0.081156 0.801844 0.087813 0.815172 0.095688 0.827281 0.113859 0.849078 0.137469 0.878750 0.152609 0.895109 0.162312 0.901156 0.180469 0.927812 0.207734 0.942344 0.224078 0.952031 0.240437 0.953250 0.251938 0.972016 0.253156 0.984734 0.252547 0.996844 0.254867 0.998437 0.337436 0.998437 0.321578 0.978078 0.315531 0.969594 0.301594 0.951422 0.283438 0.933859 0.261016 0.909031 0.246484 0.894500 0.242250 0.887844 0.219844 0.847875 0.207734 0.828484 0.191375 0.806078 0.151406 0.781859 0.126578 0.766719 0.110219 0.759453 0.084781 0.746125 0.073891 0.749156
0 0.019984 0.899953 0.027250 0.912672 0.052687 0.925391 0.067828 0.925391 0.096297 0.935078 0.132031 0.944156 0.155031 0.942953 0.180469 0.940531 0.199859 0.935688 0.222875 0.948406 0.241031 0.955672 0.247703 0.957484 0.248297 0.965969 0.248297 0.982312 0.244062 0.990797 0.227497 0.998437 0.094374 0.998437 0.081766 0.996844 0.063594 0.992000 0.043609 0.990797 0.024219 0.981109 0.015141 0.977469 0.008484 0.975047 0.000000 0.973844 0.004234 0.901766 0.007875 0.895109
0 0.290094 0.003031 0.289484 0.013922 0.289484 0.029063 0.285250 0.036344 0.284031 0.050875 0.274953 0.093266 0.273734 0.109625 0.269500 0.125969 0.265266 0.164125 0.265266 0.171391 0.281609 0.182297 0.307047 0.185312 0.314312 0.173203 0.329453 0.142328 0.337328 0.125359 0.344594 0.096906 0.348844 0.066625 0.358531 0.034516 0.370641 0.007875 0.372453 0.001219 0.343391 0.000609 0.330672 0.001219 0.313719 0.001219
0 0.373672 0.059953 0.394266 0.042391 0.404547 0.033313 0.426969 0.012109 0.435438 0.001219 0.517203 0.000609 0.504484 0.015750 0.495391 0.029672 0.483281 0.049656 0.471781 0.059953 0.446344 0.085391 0.436047 0.095078 0.415453 0.111437 0.407578 0.117484 0.380938 0.131422 0.351859 0.140500 0.335516 0.136266 0.335516 0.129609 0.344594 0.118094 0.342781 0.107797 0.345203 0.094484 0.351859 0.070859 0.354891 0.067219
0 0.373062 0.195609 0.372453 0.233156 0.370641 0.260422 0.367609 0.284641 0.367000 0.314312 0.367000 0.348234 0.370641 0.396078 0.359125 0.419094 0.356109 0.452391 0.350047 0.488734 0.357313 0.514172 0.365797 0.545656 0.378516 0.568078 0.393047 0.588656 0.410000 0.582609 0.421516 0.569891 0.428172 0.548094 0.423937 0.517203 0.424547 0.491766 0.429391 0.418484 0.431813 0.407578 0.436047 0.388203 0.439687 0.343391 0.436656 0.305844 0.433625 0.268297 0.432406 0.232563 0.423937 0.193797 0.413031 0.182297 0.400922 0.170172 0.382141 0.178047 0.375484 0.184109
0 0.444531 0.381547 0.444531 0.411828 0.445734 0.426359 0.450578 0.436656 0.453609 0.444531 0.460875 0.466328 0.465719 0.485109 0.470563 0.499031 0.473594 0.509938 0.474812 0.529312 0.474812 0.574734 0.472984 0.587453 0.470563 0.605625 0.468141 0.627422 0.466328 0.647406 0.463906 0.667391 0.462094 0.691016 0.463906 0.698281 0.463734 0.731109 0.473766 0.712734 0.482078 0.694641 0.491766 0.686172 0.501453 0.669203 0.508109 0.648625 0.511141 0.623781 0.520828 0.591688 0.523250 0.558984 0.531422 0.549797 0.552937 0.545656 0.554750 0.540219 0.549297 0.519016 0.542641 0.492375 0.537188 0.462688 0.529312 0.431203 0.523250 0.406984 0.519625 0.395469 0.495391 0.366406 0.482672 0.345812 0.465719 0.338547 0.453000 0.344594 0.445734 0.352469 0.445734 0.370031
0 0.551469 0.243562 0.549875 0.257391 0.543828 0.268297 0.538375 0.284641 0.534734 0.307047 0.535953 0.328250 0.537766 0.344594 0.538375 0.372453 0.538375 0.379125 0.532922 0.400312 0.530500 0.405156 0.526266 0.413031 0.525656 0.429391 0.532312 0.443313 0.533531 0.459672 0.537766 0.482078 0.546250 0.509328 0.557156 0.527234 0.558828 0.515547 0.563844 0.506344 0.568844 0.499672 0.573859 0.494656 0.575531 0.486297 0.578047 0.475437 0.585562 0.452031 0.590578 0.435328 0.594750 0.419453 0.608125 0.390203 0.608125 0.364312 0.611047 0.342781 0.608625 0.310078 0.600750 0.290703 0.591672 0.268297 0.588641 0.259813 0.581984 0.242250 0.578344 0.234984 0.550484 0.236187
0 0.743094 0.217422 0.756422 0.215000 0.786703 0.210156 0.798813 0.206516 0.812141 0.196828 0.812750 0.185922 0.805469 0.173203 0.792750 0.164125 0.778219 0.156250 0.769141 0.153219 0.729172 0.138688 0.706766 0.135656 0.687984 0.139891 0.652250 0.139891 0.647406 0.139891 0.623188 0.125969 0.603203 0.117484 0.592906 0.115672 0.580187 0.110828 0.557172 0.104172 0.543844 0.091453 0.517203 0.067219 0.502672 0.058141 0.489344 0.043609 0.483891 0.044812 0.476016 0.056328 0.468141 0.064797 0.449375 0.085391 0.457844 0.113250 0.468141 0.118703 0.480859 0.129609 0.502062 0.145953 0.527500 0.173203 0.542641 0.175031 0.563828 0.198031 0.594719 0.204094 0.606219 0.211969 0.616516 0.206516 0.649219 0.202281 0.678906 0.201063 0.713422 0.208937 0.726750 0.213781
0 0.705313 0.640719 0.717531 0.629359 0.742844 0.618016 0.769031 0.635469 0.772516 0.672141 0.776891 0.697453 0.785609 0.733234 0.795219 0.754188 0.794125 0.776656 0.817047 0.801328 0.835375 0.815297 0.848469 0.810922 0.858938 0.797828 0.861563 0.784734 0.851953 0.736734 0.849344 0.712297 0.852828 0.682609 0.855453 0.659047 0.855453 0.642453 0.844969 0.653813 0.844969 0.634609 0.837984 0.607547 0.826281 0.584562 0.810063 0.574375 0.796969 0.564766 0.789109 0.559531 0.771641 0.559531 0.759422 0.560406 0.712297 0.563031 0.694828 0.571750 0.683484 0.595328 0.692219 0.628484
0 0.685234 0.464391 0.681734 0.489703 0.677375 0.518500 0.675625 0.538578 0.675625 0.573500 0.687844 0.623250 0.689594 0.655547 0.690469 0.668641 0.717531 0.707922 0.732375 0.729750 0.774266 0.794344 0.779500 0.824016 0.778625 0.844094 0.760297 0.853703 0.729750 0.854578 0.716656 0.839734 0.694828 0.802203 0.690469 0.786484 0.670391 0.765531 0.652062 0.741094 0.641578 0.723641 0.629359 0.689594 0.628484 0.658172 0.627625 0.625000 0.626750 0.611031 0.621516 0.536844 0.624125 0.506281 0.629359 0.483594 0.642453 0.458281 0.649438 0.451297 0.664281 0.455656
0 0.630234 0.432094 0.635469 0.408516 0.645953 0.379719 0.646828 0.360516 0.662531 0.341313 0.667766 0.329078 0.670391 0.320359 0.678250 0.292422 0.682609 0.265359 0.696578 0.253141 0.712313 0.234375 0.739891 0.236219 0.758547 0.272344 0.769031 0.295922 0.764672 0.319484 0.761172 0.334328 0.744594 0.364875 0.734109 0.377969 0.718406 0.405906 0.707047 0.432953 0.700937 0.454781 0.705313 0.480094 0.714906 0.513266 0.720141 0.532469 0.714906 0.559531 0.708797 0.562156 0.689594 0.561281 0.686969 0.554297 0.682609 0.519375 0.680859 0.487953 0.681734 0.454781 0.668641 0.452172 0.660797 0.452172 0.649438 0.452172 0.640719 0.453906
0 0.629359 0.693953 0.619766 0.721891 0.613656 0.752437 0.611906 0.779500 0.611906 0.796969 0.625875 0.808313 0.651188 0.815297 0.679125 0.835375 0.696578 0.847594 0.717531 0.858938 0.751578 0.885125 0.820531 0.892984 0.825766 0.899094 0.831000 0.913937 0.826375 0.945016 0.810500 0.955875 0.788766 0.958391 0.772516 0.954078 0.728000 0.945359 0.710547 0.939250 0.687844 0.920922 0.653813 0.897344 0.619766 0.875531 0.597938 0.852828 0.578734 0.831000 0.564766 0.808313 0.547312 0.781250 0.547312 0.762922 0.552547 0.734984 0.561281 0.709672 0.572625 0.691344 0.580484 0.682609 0.585719 0.677375 0.608422 0.676500
0 0.563031 0.547312 0.579609 0.574375 0.588344 0.595328 0.589203 0.617141 0.589203 0.638094 0.576984 0.671266 0.569141 0.695703 0.548187 0.728000 0.541203 0.744594 0.535094 0.765531 0.517625 0.796094 0.497563 0.829266 0.487078 0.853703 0.467875 0.901703 0.453031 0.936625 0.450422 0.942734 0.436453 0.955828 0.430344 0.956703 0.419875 0.947969 0.409391 0.934016 0.405031 0.913937 0.410266 0.878141 0.421609 0.829266 0.430344 0.802203 0.453031 0.765531 0.462641 0.748953 0.474859 0.721016 0.486203 0.703562 0.500172 0.679125 0.511516 0.628484 0.521125 0.591828 0.522875 0.583094 0.526359 0.575250 0.528078 0.557312 0.536438 0.553141 0.548125 0.550641
0 0.587469 0.019203 0.637219 0.059359 0.681734 0.090781 0.720141 0.111734 0.766406 0.137047 0.794344 0.153625 0.814422 0.185062 0.841484 0.192906 0.869406 0.184188 0.875531 0.156250 0.853703 0.125703 0.816172 0.101250 0.789109 0.087297 0.757688 0.061969 0.734109 0.047141 0.704437 0.028813 0.678250 0.008734 0.663406 0.000000 0.598812 0.001750 0.583094 0.005234 0.568266 0.008734 0.578734 0.011344
0 0.831000 0.031422 0.846719 0.013969 0.862500 0.000000 0.781250 0.000000 0.750703 0.001750 0.741969 0.009609 0.755938 0.020078 0.773391 0.032297 0.786484 0.034047 0.806563 0.034922
0 0.926156 0.001750 0.950594 0.026188 0.964563 0.046266 0.978531 0.066344 0.984641 0.096891 0.990750 0.119594 0.998437 0.131015 0.998437 0.024506 0.986375 0.015719 0.978531 0.002625
0 0.934750 0.765625 0.947109 0.787359 0.944484 0.804813 0.938375 0.820531 0.932266 0.847594 0.933141 0.877266 0.936625 0.902578 0.941859 0.930516 0.950594 0.961063 0.957578 0.980266 0.961063 0.997734 0.962159 0.998437 0.998437 0.901175 0.996859 0.892109 0.997734 0.847594 0.998609 0.823156 0.994234 0.803953 0.989875 0.792594 0.969797 0.771641 0.961938 0.757688
1 0.324594 0.352828 0.318547 0.383062 0.321578 0.438516 0.313516 0.468750 0.310484 0.493953 0.323594 0.507062 0.351812 0.516125 0.354844 0.490922 0.348797 0.465719 0.352828 0.442547 0.356859 0.416328 0.365922 0.403219 0.363906 0.388109 0.355844 0.382063 0.341734 0.357859
1 0.435484 0.419359 0.431453 0.461688 0.428422 0.508063 0.433469 0.564516 0.425406 0.591734 0.438516 0.626016 0.440531 0.657266 0.427422 0.669359 0.410281 0.664313 0.388109 0.678422 0.405234 0.706656 0.412297 0.726813 0.407266 0.757062 0.406250 0.791328 0.422375 0.792344 0.455641 0.773187 0.448594 0.759078 0.459672 0.725812 0.467734 0.703625 0.465719 0.675406 0.459672 0.660281 0.451609 0.621969 0.453625 0.593750 0.461688 0.561484 0.469766 0.530234 0.471781 0.491937 0.463703 0.470766 0.445563 0.428422
0 0.335234 0.656078 0.277641 0.709547 0.226234 0.732172 0.123406 0.806203 0.049359 0.865844 0.000000 0.878187 0.020563 0.824719 0.143969 0.703375 0.275594 0.639625 0.331125 0.623172
0 0.610141 0.284500 0.695828 0.245078 0.730109 0.234797 0.826094 0.279359 0.868938 0.332500 0.935781 0.383906 0.968344 0.359922 0.915203 0.269078 0.824375 0.209094 0.704406 0.202234 0.611859 0.222797 0.586141 0.245078