0 0.929266 0.433203 0.907750 0.512719 0.907750 0.568859 0.909625 0.641844 0.923656 0.718562 0.923656 0.816797 0.928328 0.861719 0.893719 0.873875 0.860969 0.841125 0.856281 0.746625 0.849734 0.672719 0.835703 0.595062 0.837578 0.529563 0.856281 0.436000 0.870328 0.396703 0.895578 0.375188 0.914297 0.384547 0.923656 0.409812
0 0.903063 0.244203 0.903063 0.295656 0.909625 0.363031 0.940500 0.431328 0.951719 0.475297 0.979797 0.492141 0.998437 0.500560 0.998437 0.425982 0.994766 0.421969 0.968563 0.342438 0.952656 0.279750 0.949844 0.234844 0.943297 0.230172 0.921781 0.230172
0 0.998437 0.000000 0.931250 0.000000 0.937500 0.117703 0.970828 0.355203 0.998437 0.372476
0 0.783312 0.459391 0.774891 0.529563 0.779563 0.596938 0.765531 0.679266 0.751500 0.718562 0.790797 0.741953 0.811375 0.716688 0.823547 0.654000 0.832891 0.590375 0.839453 0.513656 0.842250 0.452844 0.848797 0.393906 0.848797 0.356469 0.832891 0.337766 0.809500 0.348984 0.795469 0.412609
0 0.863766 0.033687 0.890906 0.111344 0.912422 0.146891 0.896516 0.195547 0.907750 0.206781 0.877812 0.244203 0.870328 0.305016 0.860969 0.354609 0.851609 0.379859 0.840375 0.333078 0.816062 0.345250 0.804828 0.375188 0.786109 0.390156 0.781437 0.354609 0.800156 0.282562 0.818859 0.204906 0.828219 0.118828 0.830094 0.055203 0.839453 0.001875
0 0.917109 0.003750 0.928328 0.047719 0.937687 0.087953 0.912422 0.108531 0.896516 0.111344 0.868453 0.059875 0.837578 0.003750
0 0.046031 0.003750 0.057266 0.052391 0.071297 0.103859 0.062875 0.136609 0.060063 0.167484 0.048844 0.202094 0.061937 0.211453 0.083453 0.232969 0.067547 0.286297 0.050719 0.314375 0.080656 0.333078 0.080656 0.384547 0.075969 0.427578 0.125563 0.436000 0.153625 0.394828 0.133047 0.334016 0.137719 0.228297 0.141469 0.132859 0.125563 0.045844 0.114328 0.003750
0 0.000000 0.717503 0.051641 0.789187 0.103516 0.830078 0.143187 0.866703 0.184078 0.906375 0.213375 0.944828 0.246953 0.966187 0.275641 0.966187 0.289672 0.929562 0.260984 0.902094 0.206062 0.845953 0.163328 0.794063 0.097406 0.729984 0.062625 0.688469 0.018062 0.662844 0.000000 0.674463
0 0.245125 0.270391 0.250000 0.349734 0.258547 0.418094 0.276859 0.512687 0.276859 0.590812 0.257328 0.618281 0.223750 0.603031 0.215813 0.508422 0.194453 0.394281 0.173703 0.305172 0.188969 0.229500 0.191406 0.182500 0.217656 0.132453 0.248172 0.112312 0.276859 0.125734 0.272578 0.161125 0.257328 0.208125 0.248172 0.250859
0 0.131250 0.089578 0.159375 0.143750 0.188547 0.164578 0.209375 0.146875 0.216672 0.131250 0.202078 0.122922 0.188547 0.096875 0.165625 0.058328 0.150000 0.027078 0.123953 0.018750 0.126047 0.053125
0 0.404172 0.006250 0.435422 0.088547 0.461453 0.175000 0.495828 0.247922 0.513547 0.310422 0.539578 0.334375 0.570828 0.334375 0.568750 0.305203 0.568750 0.266672 0.547922 0.216672 0.514578 0.117703 0.493750 0.070828 0.478125 0.032297 0.485422 0.001047
0 0.445469 0.532813 0.492547 0.564203 0.541578 0.579891 0.569688 0.585125 0.592578 0.606047 0.595844 0.621078 0.582766 0.634156 0.565109 0.645266 0.542234 0.629578 0.491234 0.619766 0.465094 0.608000 0.427828 0.578578 0.388594 0.558969 0.346109 0.519750 0.295109 0.495547 0.275500 0.459594 0.295109 0.438016 0.316031 0.434750 0.360484 0.468750 0.394484 0.491625 0.430438 0.529547
0 0.408219 0.603422 0.452016 0.643953 0.476203 0.686453 0.501047 0.740062 0.507578 0.772750 0.496469 0.811984 0.471625 0.828969 0.427828 0.802828 0.412781 0.781250 0.396438 0.748563 0.386641 0.711297 0.385328 0.689719 0.385328 0.679922 0.369109 0.653172 0.367031 0.639391 0.351172 0.607062 0.367828 0.584016 0.397750 0.590344
0 0.627219 0.552438 0.638344 0.583156 0.638344 0.630891 0.639641 0.664875 0.646187 0.696266 0.652719 0.730250 0.672328 0.779281 0.697172 0.817203 0.708297 0.844672 0.693906 0.866234 0.676250 0.872781 0.657953 0.858391 0.648141 0.815906 0.631797 0.797594 0.612187 0.725688 0.604344 0.699531 0.601078 0.662266 0.597797 0.624344 0.594531 0.601469 0.589297 0.547859 0.590609 0.528250 0.612187 0.527594
0 0.745922 0.003391 0.757250 0.056609 0.765172 0.101906 0.770828 0.139266 0.762906 0.169844 0.754984 0.186828 0.740266 0.207203 0.711953 0.220781 0.698375 0.210594 0.692703 0.187953 0.706297 0.161906 0.706297 0.131344 0.692703 0.099641 0.687047 0.046422 0.670062 0.003391
0 0.610047 0.003391 0.621375 0.022641 0.632703 0.056609 0.632703 0.082656 0.610047 0.133609 0.590812 0.141531 0.570422 0.144922 0.562500 0.139266 0.559109 0.120016 0.559109 0.080391 0.567031 0.046422 0.578344 0.026047
0 0.686719 0.121094 0.671094 0.165625 0.647656 0.218750 0.618750 0.271094 0.595313 0.324219 0.565625 0.359375 0.536719 0.388281 0.528906 0.396094 0.546094 0.411719 0.567187 0.429688 0.590625 0.416406 0.632031 0.359375 0.657031 0.320312 0.680469 0.275781 0.711719 0.221094 0.698438 0.210938 0.694531 0.191406 0.706250 0.166406 0.706250 0.136719 0.698438 0.113281
0 0.475781 0.275000 0.471875 0.302344 0.485156 0.343750 0.512500 0.380469 0.543750 0.406250 0.565625 0.431250 0.598437 0.437500 0.628125 0.433594 0.651563 0.417969 0.675000 0.398438 0.710156 0.402344 0.715625 0.425781 0.716406 0.439063 0.696875 0.472656 0.681250 0.482031 0.655469 0.497656 0.608594 0.496094 0.573438 0.496094 0.522656 0.478906 0.497656 0.455469 0.456250 0.416406 0.435156 0.359375 0.425000 0.322656 0.423438 0.289062 0.422656 0.260156 0.460156 0.251563 0.475781 0.250000 0.483594 0.271094
1 0.029781 0.796984 0.036078 0.858844 0.061234 0.888219 0.075922 0.929109 0.080125 0.974203 0.083961 0.998437 0.196189 0.998437 0.196516 0.988891 0.184984 0.944844 0.187078 0.934359 0.145141 0.938547 0.122063 0.908141 0.111578 0.863047 0.096891 0.835781 0.075922 0.839969 0.039219 0.819000 0.045516 0.801172
1 0.463922 0.610313 0.449250 0.638625 0.477563 0.680578 0.497484 0.714141 0.502719 0.725672 0.510063 0.738250 0.534188 0.755031 0.542578 0.766563 0.518453 0.778109 0.514266 0.789641 0.514266 0.819000 0.505875 0.830531 0.487000 0.830531 0.480703 0.825297 0.473359 0.853609 0.459734 0.860953 0.475469 0.869344 0.478609 0.891359 0.470219 0.900797 0.470219 0.916531 0.479656 0.932250 0.493281 0.957422 0.517406 0.982594 0.525797 0.998328 0.560406 0.998328 0.562078 0.998437 0.591064 0.998437 0.640094 0.904984 0.642203 0.869344 0.604453 0.790687 0.599203 0.752938 0.584516 0.703656 0.587672 0.662750 0.586625 0.640734 0.563547 0.645969 0.542578 0.635484 0.524750 0.629188 0.505875 0.626047 0.488047 0.613469
1 0.412547 0.442531 0.424078 0.470844 0.456578 0.477141 0.470219 0.484484 0.476516 0.490766 0.452391 0.529578 0.472312 0.540063 0.500625 0.563125 0.526844 0.570469 0.568797 0.586203 0.576125 0.591437 0.584516 0.550547 0.583469 0.503359 0.563547 0.485531 0.536281 0.487625 0.518453 0.478188 0.507969 0.464562 0.491187 0.441484 0.484906 0.432047 0.461828 0.417359 0.456578 0.406875 0.445047 0.383813 0.440859 0.361781 0.431422 0.348156 0.423031 0.351297 0.417781 0.380656 0.406250 0.394297 0.395766 0.412125 0.393672 0.424703
1 0.000000 0.001772 0.000000 0.134463 0.030828 0.136328 0.052859 0.132125 0.066484 0.115359 0.066484 0.102766 0.058094 0.084937 0.051797 0.061875 0.047609 0.043000 0.042359 0.020969 0.038172 0.000000
1 0.000000 0.468957 0.004609 0.478188 0.022438 0.521188 0.037125 0.553687 0.063344 0.511750 0.085359 0.524328 0.094797 0.574672 0.094797 0.612422 0.129406 0.631297 0.160859 0.648078 0.190219 0.661703 0.205953 0.640734 0.214344 0.618703 0.201766 0.586203 0.191281 0.565219 0.177641 0.540063 0.167156 0.512797 0.154578 0.481328 0.138844 0.441484 0.121016 0.428906 0.089563 0.434141 0.093750 0.457219 0.069625 0.446734 0.038172 0.440437 0.015094 0.454063 0.000000 0.464458
0 0.000000 0.276885 0.016766 0.288625 0.057797 0.288625 0.157422 0.293016 0.220422 0.310594 0.283422 0.356016 0.371312 0.404359 0.413813 0.386781 0.396219 0.325250 0.284875 0.275438 0.230672 0.249063 0.092953 0.215375 0.000000 0.214099
0 0.610141 0.010125 0.516469 0.075953 0.468375 0.113922 0.417734 0.139234 0.384828 0.113922 0.486094 0.017719 0.536719 0.005063
0 0.422797 0.212656 0.541781 0.197469 0.663312 0.151906 0.764578 0.022781 0.764578 0.002531 0.670906 0.043031 0.622797 0.111391 0.554438 0.154438 0.443047 0.179750 0.397484 0.179750