0 0.374703 0.062203 0.371656 0.086469 0.370141 0.110734 0.359531 0.122875 0.342078 0.135016 0.325391 0.123641 0.319328 0.097844 0.321609 0.079641 0.328422 0.037172 0.327672 0.001516 0.389109 0.001516 0.378484 0.030344
0 0.185078 0.033375 0.161562 0.049297 0.151703 0.075094 0.150938 0.093297 0.163078 0.101641 0.180516 0.119078 0.194938 0.127422 0.211625 0.122125 0.220719 0.115297 0.229063 0.100875 0.231344 0.087984 0.219203 0.078125 0.232859 0.076609 0.259406 0.083437 0.263828 0.076844 0.263203 0.012141 0.241953 0.021234 0.223750 0.021234 0.205547 0.022750
0 0.430828 0.042469 0.424000 0.063719 0.419453 0.085703 0.418687 0.106953 0.429312 0.121359 0.445234 0.122125 0.460406 0.108469 0.469516 0.089500 0.473297 0.069781 0.484672 0.051578 0.492266 0.029578 0.499844 0.003031 0.436891 0.002281 0.439172 0.015172
0 0.422484 0.150938 0.449781 0.140328 0.470266 0.131984 0.492266 0.126672 0.506672 0.119844 0.521094 0.119078 0.538531 0.119078 0.555984 0.119844 0.571141 0.125906 0.587828 0.135766 0.587828 0.144875 0.582531 0.161562 0.572656 0.171422 0.562047 0.171422 0.543844 0.175969 0.523359 0.179766 0.504406 0.177484 0.482406 0.186594 0.467984 0.192656 0.450547 0.197203 0.428547 0.205547 0.415656 0.212375 0.402766 0.213141 0.389109 0.216172 0.368625 0.217687 0.357250 0.217687 0.340562 0.211625 0.326156 0.204797 0.325391 0.188859 0.339812 0.175219 0.357250 0.175219 0.382281 0.175969 0.392141 0.172938 0.415656 0.159281
0 0.265469 0.169141 0.276094 0.181281 0.285188 0.191141 0.298844 0.185078 0.306438 0.195687 0.306438 0.204031 0.295812 0.207063 0.298844 0.213141 0.310219 0.216172 0.320078 0.216922 0.318562 0.230578 0.317812 0.241953 0.327672 0.237406 0.336016 0.248031 0.328422 0.254094 0.337531 0.275328 0.348156 0.275328 0.351938 0.282922 0.342844 0.290500 0.350422 0.306438 0.360281 0.329953 0.362563 0.344359 0.358766 0.358016 0.346625 0.364078 0.330703 0.362563 0.320844 0.349672 0.317812 0.336016 0.310984 0.323875 0.298094 0.311734 0.290500 0.298844 0.277609 0.288984 0.272297 0.273813 0.262437 0.262437 0.249547 0.242719 0.237406 0.226797 0.219203 0.200250 0.204031 0.188109 0.193422 0.173703 0.185078 0.160047 0.183563 0.145625 0.182031 0.124391 0.196453 0.128188 0.210109 0.126672 0.219969 0.117562 0.232859 0.109984 0.251063 0.120594 0.254859 0.138047 0.260156 0.147906 0.266234 0.141844 0.260922 0.156250
0 0.436141 0.256375 0.449031 0.270031 0.467234 0.277609 0.478609 0.279125 0.493016 0.288234 0.505156 0.297328 0.512750 0.314016 0.524875 0.326906 0.537016 0.344359 0.542328 0.355734 0.551422 0.370906 0.556734 0.385313 0.560531 0.398203 0.556734 0.419453 0.548391 0.430828 0.537766 0.442203 0.520328 0.443719 0.502875 0.439172 0.498328 0.425516 0.489984 0.408828 0.481641 0.383047 0.470266 0.364844 0.459641 0.346625 0.449781 0.332219 0.432344 0.324641 0.411109 0.310219 0.399734 0.295812 0.383047 0.282922 0.368625 0.271547 0.363313 0.262437 0.361047 0.249547 0.364844 0.236656 0.371656 0.223750 0.382281 0.218453 0.406547 0.226797 0.416406 0.238172 0.425516 0.253344
0 0.224516 0.388344 0.222234 0.407313 0.221484 0.421719 0.220719 0.441437 0.223750 0.464203 0.224516 0.482406 0.224516 0.499844 0.232094 0.513500 0.244234 0.524125 0.254094 0.529422 0.276094 0.538531 0.288984 0.532469 0.295812 0.518047 0.297328 0.499094 0.298094 0.483156 0.295812 0.467984 0.288984 0.452828 0.281406 0.436891 0.293531 0.435375 0.296578 0.420969 0.282922 0.416406 0.279125 0.398969 0.286719 0.401250 0.293531 0.397453 0.292781 0.390625 0.281406 0.384563 0.281406 0.368625 0.290500 0.367875 0.296578 0.354969 0.289750 0.351187 0.281406 0.348906 0.280641 0.332219 0.276844 0.311734 0.279125 0.298094 0.271547 0.284438 0.256375 0.275328 0.247266 0.279891 0.232859 0.300359 0.222234 0.296578 0.226031 0.311734 0.227547 0.332984 0.225266 0.342844 0.225266 0.361797 0.224516 0.378484
0 0.584047 0.568109 0.594656 0.587078 0.601484 0.597687 0.608313 0.606797 0.617422 0.616656 0.624234 0.629547 0.631062 0.637141 0.637891 0.645484 0.643969 0.653062 0.652313 0.664438 0.661406 0.671266 0.671266 0.678094 0.687953 0.690984 0.703125 0.697063 0.716781 0.713750 0.720578 0.724359 0.716781 0.734219 0.703891 0.747875 0.687953 0.750906 0.678094 0.747875 0.666719 0.742563 0.653828 0.733469 0.643969 0.724359 0.634859 0.720578 0.617422 0.708437 0.612109 0.697813 0.599219 0.691750 0.585562 0.685672 0.584797 0.673547 0.574937 0.665953 0.563562 0.650781 0.556734 0.639406 0.548391 0.625766 0.542328 0.614375 0.536250 0.604516 0.527156 0.588594 0.523359 0.579484 0.508953 0.569625 0.501359 0.553703 0.496812 0.538531 0.496812 0.524125 0.502125 0.512750 0.518813 0.503641 0.539297 0.505156 0.563562 0.518813 0.563562 0.531703 0.572656 0.549906
0 0.458891 0.615891 0.447516 0.629547 0.437656 0.647000 0.422484 0.660656 0.414141 0.671266 0.403516 0.680375 0.394422 0.684922 0.380000 0.689469 0.364844 0.699328 0.351938 0.703891 0.345875 0.720578 0.348906 0.735734 0.355734 0.751672 0.370141 0.754703 0.386828 0.756984 0.404281 0.747125 0.419453 0.734219 0.433859 0.723609 0.448266 0.712984 0.461922 0.703125 0.470266 0.692500 0.487719 0.679609 0.497578 0.672031 0.500609 0.657609 0.506672 0.649266 0.515781 0.632578 0.520328 0.621969 0.523359 0.606797 0.524125 0.597687 0.525641 0.589344 0.521844 0.577969 0.508188 0.574188 0.502875 0.565078 0.500609 0.552937 0.494531 0.538531 0.483156 0.555219 0.483156 0.570391 0.474812 0.587078 0.467984 0.604516
0 0.201000 0.569625 0.196453 0.594656 0.191906 0.611344 0.183563 0.625766 0.175969 0.635625 0.166109 0.647750 0.152453 0.662172 0.144875 0.669750 0.139562 0.680375 0.138047 0.693266 0.137281 0.709187 0.145625 0.714500 0.153969 0.716781 0.159281 0.728156 0.163828 0.736500 0.177484 0.735734 0.187344 0.732703 0.193422 0.724359 0.199484 0.714500 0.203281 0.694016 0.204797 0.684922 0.213891 0.665953 0.225266 0.659891 0.242719 0.650781 0.258641 0.645484 0.267750 0.640922 0.266234 0.628031 0.249547 0.631828 0.245000 0.618938 0.252578 0.615141 0.263203 0.616656 0.267750 0.606031 0.260156 0.600734 0.252578 0.598453 0.252578 0.586313 0.260156 0.581766 0.269266 0.580250 0.270781 0.571141 0.263953 0.568875 0.257891 0.563562 0.257891 0.551422 0.259406 0.539297 0.257125 0.529422 0.246516 0.525641 0.235141 0.514266 0.228313 0.508188 0.224516 0.500609 0.223750 0.485438 0.220719 0.478609 0.213141 0.493016 0.204797 0.488469 0.204797 0.502125 0.212375 0.507437 0.210859 0.521094 0.209344 0.530953 0.204797 0.546875 0.202516 0.562047
0 0.207063 0.783531 0.200250 0.796422 0.196453 0.813109 0.188859 0.832828 0.185828 0.850266 0.178250 0.864687 0.172172 0.876062 0.164594 0.889719 0.158531 0.901844 0.157766 0.913984 0.150938 0.929156 0.143359 0.948875 0.150188 0.957219 0.150938 0.971625 0.156250 0.979969 0.172938 0.983016 0.190375 0.986047 0.196453 0.992875 0.210109 0.988312 0.214656 0.975422 0.213891 0.970109 0.223000 0.933703 0.223000 0.923844 0.228313 0.907922 0.229063 0.895031 0.232094 0.885922 0.243484 0.864687 0.246516 0.851797 0.253344 0.839656 0.260156 0.828281 0.264719 0.816906 0.264719 0.804000 0.266234 0.791875 0.269266 0.781250 0.269266 0.770625 0.273062 0.761531 0.274578 0.753188 0.280641 0.742563 0.284438 0.738016 0.290500 0.730438 0.295047 0.721328 0.295047 0.713750 0.285188 0.705406 0.276844 0.700094 0.260156 0.704641 0.251828 0.712984 0.240437 0.721328 0.231344 0.736500 0.226031 0.742563 0.216172 0.758500 0.212375 0.769875
0 0.630312 0.817656 0.640172 0.829031 0.650781 0.838141 0.660656 0.846484 0.670516 0.851031 0.682641 0.856344 0.697813 0.859375 0.705406 0.866953 0.718297 0.878344 0.725125 0.884406 0.728906 0.894266 0.724359 0.903375 0.708437 0.913984 0.697063 0.911719 0.681891 0.909437 0.667469 0.905641 0.654578 0.901844 0.643969 0.898813 0.632578 0.894266 0.621969 0.882891 0.607547 0.874547 0.596172 0.864687 0.589344 0.852547 0.575703 0.843453 0.565078 0.836625 0.552937 0.822969 0.538531 0.818422 0.524125 0.810828 0.515016 0.808563 0.503641 0.805516 0.489984 0.799453 0.485438 0.791109 0.483922 0.780484 0.484672 0.767594 0.486203 0.759250 0.489984 0.752422 0.496063 0.750156 0.508188 0.746359 0.517297 0.746359 0.530188 0.750156 0.544594 0.755469 0.559016 0.760766 0.568875 0.766844 0.581000 0.776703 0.587078 0.782016 0.594656 0.787312 0.606031 0.794141 0.615891 0.804000
0 0.456609 0.838891 0.469516 0.839656 0.482406 0.844203 0.491500 0.844203 0.507437 0.844969 0.515016 0.848000 0.531703 0.851031 0.540047 0.854828 0.552187 0.863922 0.557500 0.873781 0.559766 0.884406 0.559016 0.893500 0.553703 0.902609 0.545359 0.907922 0.537016 0.915500 0.526391 0.923094 0.514266 0.924609 0.503641 0.923844 0.491500 0.922328 0.481641 0.918531 0.471031 0.914750 0.461172 0.910953 0.448266 0.910187 0.433859 0.910187 0.420203 0.915500 0.412625 0.918531 0.398203 0.926875 0.386078 0.932953 0.377734 0.939781 0.369391 0.942047 0.353453 0.948125 0.343594 0.951156 0.333734 0.953422 0.331469 0.942812 0.327672 0.935219 0.318562 0.930672 0.309469 0.924609 0.300359 0.917781 0.304922 0.907156 0.317047 0.903375 0.325391 0.895781 0.339812 0.888953 0.355734 0.881375 0.376969 0.869234 0.382281 0.863172 0.400484 0.854063 0.417172 0.844969 0.428547 0.841922 0.436891 0.841922
0 0.301125 0.862406 0.306438 0.852547 0.310984 0.843453 0.310219 0.832828 0.303391 0.817656 0.292016 0.813109 0.277609 0.812344 0.263203 0.817656 0.249547 0.832062 0.248031 0.843453 0.241953 0.855578 0.236656 0.876062 0.231344 0.888953 0.228313 0.909437 0.220719 0.927641 0.224516 0.949641 0.223750 0.963281 0.222234 0.976187 0.219969 0.990594 0.219969 0.998437 0.249120 0.998437 0.251063 0.995141 0.255609 0.985281 0.256375 0.979219 0.258641 0.966328 0.261687 0.957984 0.263953 0.949641 0.270031 0.935984 0.273813 0.926125 0.283672 0.917781 0.288984 0.912469 0.292016 0.907156 0.292016 0.898813 0.297328 0.883641 0.299609 0.870000
0 0.306626 0.998437 0.307188 0.998172 0.313266 0.986797 0.318562 0.973156 0.323125 0.964047 0.329188 0.954187 0.329188 0.945844 0.329188 0.939781 0.323125 0.931438 0.316297 0.930672 0.310984 0.921578 0.302641 0.920813 0.294297 0.917781 0.288984 0.916266 0.279125 0.918531 0.273813 0.930672 0.270031 0.938266 0.266234 0.947359 0.262437 0.961016 0.257891 0.973156 0.254094 0.989078 0.252639 0.998437
0 0.942812 0.938266 0.955703 0.935219 0.968594 0.928391 0.980734 0.919297 0.994391 0.914750 0.998437 0.912438 0.998437 0.987040 0.994391 0.989078 0.982250 0.992109 0.971625 0.994391 0.964047 0.995141 0.943562 0.995141 0.929922 0.994391 0.917781 0.995141 0.909437 0.993625 0.901844 0.991359 0.894266 0.989844 0.883641 0.989844 0.873781 0.987562 0.861656 0.985281 0.851797 0.978453 0.847234 0.973906 0.844203 0.959500 0.844969 0.954953 0.849516 0.942812 0.857094 0.940531 0.867719 0.940531 0.879859 0.941297 0.888203 0.941297 0.900328 0.943562 0.910187 0.943562
0 0.799453 0.810078 0.812344 0.818422 0.821453 0.827516 0.829797 0.829797 0.844969 0.835859 0.857859 0.836625 0.869234 0.836625 0.876062 0.836625 0.885922 0.840406 0.895031 0.844203 0.911719 0.853313 0.917016 0.854828 0.926875 0.859375 0.931438 0.864687 0.937500 0.873031 0.939016 0.877578 0.933703 0.893500 0.926875 0.899578 0.912469 0.904125 0.906406 0.903375 0.901844 0.901094 0.891234 0.901094 0.881375 0.901094 0.873781 0.898813 0.867719 0.898062 0.861656 0.896547 0.851031 0.896547 0.841922 0.891234 0.831312 0.888953 0.825250 0.885922 0.818422 0.884406 0.800969 0.880609 0.788828 0.877578 0.776703 0.873781 0.766078 0.868484 0.757734 0.862406 0.745594 0.849516 0.738016 0.840406 0.728906 0.831312 0.721328 0.819172 0.714500 0.807031 0.711469 0.793391 0.709187 0.779734 0.708437 0.771391 0.709953 0.757734 0.713750 0.744844 0.719047 0.733469 0.722094 0.725875 0.723609 0.714500 0.729672 0.708437 0.740297 0.711469 0.744844 0.711469 0.750156 0.709187 0.755469 0.702359 0.757734 0.694781 0.766844 0.690984 0.775188 0.694016 0.788828 0.703891 0.789594 0.710703 0.787312 0.721328 0.781250 0.737250 0.778969 0.744844 0.774422 0.753188 0.770625 0.759250 0.768359 0.764563 0.766844 0.778219 0.767594 0.785047 0.769875 0.789594 0.775188 0.794906 0.788828 0.803250
0 0.924609 0.782016 0.931438 0.788828 0.945078 0.795656 0.956469 0.801734 0.967844 0.809313 0.983766 0.816906 0.993625 0.819937 0.998437 0.823373 0.998437 0.891641 0.989844 0.895031 0.983766 0.890469 0.971625 0.886688 0.962531 0.881375 0.953422 0.876062 0.946609 0.873031 0.935219 0.863922 0.923844 0.854828 0.911719 0.849516 0.904891 0.845719 0.895031 0.842688 0.886688 0.837375 0.878344 0.832062 0.869234 0.823719 0.859375 0.815375 0.848000 0.806281 0.845719 0.798703 0.838891 0.788828 0.832828 0.775938 0.826766 0.765328 0.819937 0.756984 0.813109 0.750906 0.804766 0.742563 0.800219 0.735734 0.792625 0.728156 0.786562 0.722844 0.786562 0.711469 0.785047 0.701609 0.788078 0.697063 0.801734 0.692500 0.810078 0.694016 0.831312 0.703125 0.841922 0.716781 0.851031 0.726641 0.857859 0.731187 0.873031 0.741812 0.878344 0.749391 0.891984 0.763047 0.900328 0.771391 0.907922 0.775188
0 0.998437 0.778815 0.990594 0.774422 0.981500 0.768359 0.976187 0.760766 0.967844 0.756219 0.959500 0.750156 0.950391 0.742563 0.944328 0.736500 0.939781 0.728906 0.935984 0.723609 0.929922 0.715266 0.923844 0.711469 0.919297 0.708437 0.919297 0.690984 0.912469 0.684922 0.902609 0.678094 0.898813 0.672781 0.897297 0.665203 0.893500 0.658375 0.887438 0.650031 0.882891 0.643969 0.877578 0.636375 0.873031 0.628031 0.866953 0.616656 0.861656 0.605281 0.858609 0.597687 0.858609 0.587078 0.863172 0.582531 0.875297 0.575703 0.880609 0.574937 0.890469 0.578734 0.906406 0.587828 0.913234 0.595422 0.920047 0.609828 0.924609 0.618938 0.930672 0.628797 0.935984 0.638656 0.942812 0.644719 0.951906 0.654578 0.964813 0.662922 0.969359 0.665953 0.977703 0.670516 0.983016 0.680375 0.986797 0.687953 0.992875 0.694781 0.996656 0.699328 0.998437 0.701764
0 0.973906 0.424000 0.968594 0.439922 0.957219 0.443719 0.948875 0.456609 0.945078 0.466469 0.938266 0.479375 0.940531 0.492266 0.941297 0.505156 0.945844 0.518047 0.945844 0.532469 0.942047 0.539297 0.936734 0.548391 0.933703 0.559766 0.934469 0.569625 0.935984 0.581000 0.939781 0.596938 0.942812 0.606797 0.947359 0.614375 0.954187 0.618172 0.963281 0.620453 0.976938 0.621203 0.983766 0.618938 0.989078 0.612109 0.990594 0.606797 0.995141 0.597687 0.998172 0.593141 0.998437 0.584639 0.998437 0.568993 0.999703 0.566594 0.996656 0.546875 0.995141 0.541563 0.992875 0.525641 0.993625 0.515016 0.998938 0.509703 0.998437 0.508188 0.998437 0.490600 0.998938 0.487719 0.998437 0.477609 0.998437 0.371954 0.994391 0.370906 0.988312 0.376219 0.985281 0.386078 0.979969 0.395937 0.974672 0.399734 0.974672 0.408078
0 0.726641 0.546109 0.720578 0.556734 0.712984 0.566594 0.703891 0.579484 0.695547 0.598453 0.687953 0.611344 0.682641 0.622719 0.673547 0.632578 0.665203 0.645484 0.660656 0.662922 0.665203 0.677344 0.675812 0.679609 0.693266 0.684922 0.709953 0.682641 0.718297 0.672781 0.722094 0.664438 0.731953 0.645484 0.736500 0.628797 0.742563 0.612109 0.749391 0.598453 0.760016 0.587078 0.769109 0.571141 0.777453 0.554453 0.781250 0.545359 0.785047 0.536250 0.788078 0.524875 0.791109 0.516531 0.793391 0.508953 0.794906 0.496812 0.792625 0.482406 0.793391 0.470266 0.793391 0.464203 0.793391 0.449781 0.788828 0.437656 0.782766 0.429312 0.771391 0.424000 0.761531 0.419453 0.750156 0.420203 0.744078 0.431578 0.747125 0.448266 0.750906 0.463438 0.750906 0.479375 0.749391 0.496812 0.746359 0.509703 0.738781 0.527156 0.733469 0.538531
0 0.730438 0.356500 0.721328 0.367875 0.709953 0.379250 0.700844 0.390625 0.690234 0.398969 0.684156 0.402000 0.678094 0.409594 0.669000 0.414141 0.660656 0.423234 0.653062 0.429312 0.642453 0.436141 0.628797 0.446000 0.616656 0.449781 0.606031 0.455859 0.603766 0.461922 0.599969 0.474062 0.607547 0.485438 0.621203 0.493781 0.631062 0.486203 0.645484 0.479375 0.659125 0.474062 0.668234 0.467234 0.678859 0.461172 0.690984 0.452828 0.700094 0.446750 0.713750 0.440688 0.722094 0.432344 0.731187 0.422484 0.738781 0.415656 0.747875 0.406547 0.753188 0.398969 0.760766 0.386828 0.765328 0.376969 0.772906 0.364078 0.777453 0.353453 0.782766 0.339047 0.789594 0.328422 0.796422 0.317812 0.800219 0.310219 0.804000 0.301875 0.804000 0.292781 0.806281 0.282156 0.808563 0.272297 0.800969 0.271547 0.788078 0.268500 0.769875 0.273813 0.763047 0.282156 0.756984 0.284438 0.744844 0.304922 0.743328 0.314781 0.740297 0.329188 0.738781 0.341328
0 0.922328 0.308703 0.922328 0.319328 0.923094 0.331469 0.932188 0.339812 0.936734 0.343594 0.932953 0.352703 0.929922 0.359531 0.935984 0.364078 0.954187 0.368625 0.947359 0.380766 0.937500 0.387594 0.929922 0.397453 0.929922 0.405031 0.929922 0.413375 0.932953 0.418687 0.939781 0.434625 0.944328 0.444484 0.947359 0.453578 0.947359 0.463438 0.944328 0.474812 0.937500 0.486953 0.928391 0.493016 0.917781 0.494531 0.908672 0.494531 0.902609 0.494531 0.893500 0.489234 0.886688 0.483156 0.884406 0.474062 0.882891 0.464953 0.881375 0.457375 0.879094 0.449031 0.872266 0.436141 0.870750 0.427031 0.870750 0.416406 0.870750 0.401250 0.870750 0.389859 0.873031 0.377734 0.876828 0.369391 0.879094 0.364078 0.881375 0.357250 0.877578 0.336016 0.873031 0.326156 0.870750 0.318562 0.863922 0.307953 0.857859 0.298094 0.853313 0.280641 0.852547 0.268500 0.856344 0.252578 0.860141 0.245750 0.869234 0.239687 0.878344 0.239687 0.891234 0.245750 0.896547 0.254094 0.895031 0.263953 0.895031 0.272297 0.901844 0.276844 0.911719 0.280641 0.913984 0.292781 0.913234 0.301875
0 0.706922 0.257125 0.697813 0.257125 0.688719 0.258641 0.673547 0.261687 0.654578 0.262437 0.644719 0.265469 0.629547 0.269266 0.619688 0.269266 0.610594 0.270031 0.603766 0.272297 0.590875 0.273813 0.584047 0.275328 0.569625 0.279125 0.553703 0.294297 0.553703 0.303391 0.553703 0.310984 0.557500 0.326156 0.565078 0.333734 0.583281 0.340562 0.599219 0.341328 0.611344 0.340562 0.629547 0.337531 0.650781 0.332219 0.665953 0.323875 0.680375 0.323875 0.696297 0.318562 0.706156 0.316297 0.722094 0.312500 0.732703 0.310984 0.743328 0.309469 0.750156 0.300359 0.753937 0.292016 0.758500 0.284438 0.763797 0.280641 0.775188 0.277609 0.788078 0.273062 0.797937 0.272297 0.807797 0.274578 0.810828 0.279125 0.810828 0.290500 0.810078 0.301125 0.816141 0.300359 0.822969 0.290500 0.832062 0.283672 0.844969 0.271547 0.844969 0.263203 0.843453 0.253344 0.835109 0.250297 0.824484 0.248781 0.806281 0.247266 0.792625 0.247266 0.784281 0.248031 0.769875 0.248031 0.761531 0.251828 0.745594 0.255609 0.738016 0.257125 0.730438 0.260156 0.718297 0.260156
0 0.998437 0.217886 0.994391 0.210859 0.984531 0.201000 0.976938 0.191141 0.969359 0.185078 0.961016 0.180516 0.951906 0.175219 0.940531 0.169141 0.932188 0.160047 0.917016 0.152453 0.905641 0.140328 0.902609 0.131219 0.904891 0.113781 0.907922 0.102391 0.916266 0.100875 0.924609 0.099359 0.935984 0.091781 0.944328 0.091781 0.955703 0.097094 0.969359 0.109984 0.979219 0.122125 0.991359 0.134250 0.998437 0.140905
0 0.798703 0.072813 0.802484 0.077359 0.805516 0.085703 0.810078 0.095578 0.813109 0.109219 0.818422 0.116813 0.821453 0.125906 0.824484 0.135016 0.826766 0.141844 0.829031 0.154734 0.826766 0.160797 0.816906 0.164594 0.808563 0.169141 0.805516 0.174453 0.799453 0.182031 0.792625 0.183563 0.775938 0.183563 0.769109 0.182031 0.761531 0.172938 0.761531 0.163828 0.761531 0.155484 0.761531 0.141844 0.765172 0.129250 0.749391 0.125906 0.743953 0.117672 0.747172 0.109312 0.747812 0.097734 0.740297 0.091016 0.734984 0.088750 0.728156 0.084953 0.716781 0.078125 0.711469 0.066750 0.722844 0.066750 0.735734 0.066750 0.748641 0.062953 0.752422 0.056891 0.758500 0.047031 0.757734 0.036406 0.754703 0.028063 0.769109 0.032609 0.777453 0.044000 0.783531 0.050813 0.791109 0.059922
0 0.591625 0.003797 0.732703 0.002281 0.742563 0.007578 0.748641 0.015172 0.753188 0.022750 0.756984 0.032609 0.758500 0.044750 0.757734 0.053859 0.751672 0.059922 0.742563 0.063719 0.732703 0.063719 0.720578 0.063719 0.715266 0.061437 0.704641 0.055375 0.693266 0.050813 0.682641 0.044750 0.678859 0.040203 0.669750 0.037172 0.659125 0.031859 0.645484 0.029578 0.633344 0.025031 0.623484 0.021234 0.615141 0.018969 0.603766 0.016688
0 0.983016 0.025781 0.979969 0.037172 0.979969 0.050062 0.979969 0.059922 0.984531 0.072813 0.989844 0.088750 0.994391 0.097844 0.998437 0.102516 0.998437 0.004899 0.986797 0.005312 0.985281 0.012891
0 0.580094 0.248469 0.532000 0.319609 0.552047 0.364687 0.591125 0.410781 0.597125 0.439828 0.571078 0.465875 0.542031 0.453859 0.498937 0.418797 0.493938 0.280531 0.534016 0.232437
0 0.914687 0.099547 0.998437 0.104883 0.998437 0.050437 0.908922 0.049047
0 0.788687 0.454453 0.839188 0.489328 0.854813 0.513375 0.864437 0.571078 0.859625 0.611953 0.910125 0.574688 0.937781 0.506156 0.887281 0.423203 0.806734 0.397953 0.753828 0.402766 0.749016 0.428016 0.765844 0.464078
0 0.554250 0.908922 0.587906 0.995484 0.588057 0.998437 0.677387 0.998437 0.644422 0.898094 0.599938 0.876453