0 0.000000 0.189158 0.013234 0.191719 0.057328 0.175422 0.088000 0.166797 0.113875 0.141875 0.123469 0.114078 0.123469 0.092984 0.105250 0.080516 0.083203 0.082437 0.074578 0.096812 0.052531 0.105438 0.029531 0.115031 0.015141 0.122703 0.000000 0.123331
0 0.000000 0.429633 0.006000 0.430219 0.030609 0.427016 0.062719 0.424875 0.090547 0.420594 0.120500 0.412031 0.153688 0.405609 0.189000 0.399187 0.220031 0.392766 0.231813 0.390625 0.248938 0.402391 0.248938 0.421656 0.243578 0.436641 0.214687 0.447344 0.195422 0.460187 0.167594 0.477313 0.133344 0.485875 0.106594 0.491219 0.079844 0.492297 0.043453 0.492297 0.007062 0.498719 0.000000 0.498719
0 0.147266 0.003203 0.141906 0.031031 0.136562 0.055656 0.135484 0.083469 0.128000 0.123078 0.114078 0.162672 0.095891 0.183000 0.071281 0.203344 0.054156 0.225813 0.037031 0.241859 0.033812 0.260062 0.050938 0.269687 0.102313 0.264344 0.123719 0.252562 0.141906 0.235438 0.156891 0.214047 0.177219 0.184078 0.194344 0.145547 0.202906 0.104875 0.205047 0.051375 0.209328 0.021406 0.211469 0.008563 0.201844 0.004281 0.174016 0.001063
0 0.229444 0.998437 0.231813 0.980312 0.233953 0.932156 0.231813 0.902187 0.229672 0.866859 0.226453 0.833687 0.228594 0.820844 0.228594 0.801578 0.236094 0.783391 0.253203 0.779109 0.273547 0.779109 0.281031 0.796234 0.294953 0.858313 0.293875 0.875422 0.300297 0.907531 0.302437 0.942844 0.307797 0.974953 0.307797 0.998500 0.307393 0.998437
0 0.294953 0.003203 0.308859 0.021406 0.318500 0.041734 0.345250 0.074922 0.368797 0.116656 0.380562 0.141266 0.418016 0.169094 0.439422 0.192641 0.476891 0.200125 0.489719 0.177656 0.484375 0.147687 0.464047 0.122000 0.439422 0.097391 0.419094 0.066359 0.393406 0.021406 0.391266 0.003203
0 0.541094 0.004281 0.495078 0.004281 0.470469 0.008563 0.455484 0.023547 0.441563 0.040672 0.435141 0.056719 0.442641 0.068500 0.489719 0.081328 0.518625 0.067422 0.547516 0.059937 0.561438 0.044953 0.604234 0.029969 0.640625 0.023547 0.680219 0.017125 0.714469 0.003203 0.678078 0.000000 0.613875 0.003203
0 0.623500 0.301797 0.586047 0.299656 0.557156 0.311437 0.532531 0.313563 0.512203 0.314641 0.459766 0.325344 0.434078 0.330687 0.393406 0.338187 0.369859 0.342469 0.337750 0.351031 0.323844 0.348891 0.298156 0.331766 0.274609 0.316781 0.253203 0.301797 0.212547 0.285750 0.200766 0.283609 0.184719 0.305016 0.187922 0.324266 0.205047 0.341391 0.218969 0.357453 0.235016 0.370297 0.248938 0.384203 0.272469 0.393828 0.290672 0.401328 0.315281 0.412031 0.343109 0.412031 0.372000 0.414172 0.404109 0.410953 0.442641 0.406672 0.485437 0.400250 0.519688 0.390625 0.558219 0.377781 0.571063 0.377781 0.616016 0.363875 0.637422 0.359594 0.656672 0.344609 0.656672 0.322125 0.642766 0.299656
0 0.551797 0.429156 0.518625 0.428078 0.472609 0.429156 0.431938 0.429156 0.407312 0.440922 0.388063 0.459125 0.376281 0.462328 0.361297 0.476234 0.358094 0.488016 0.358094 0.505141 0.352734 0.519047 0.338828 0.534031 0.328125 0.543672 0.319562 0.554359 0.311000 0.565063 0.299234 0.574703 0.291734 0.590750 0.283172 0.599313 0.274609 0.613234 0.269266 0.628203 0.262844 0.642125 0.254281 0.653891 0.245719 0.663531 0.225391 0.681719 0.211469 0.696703 0.201844 0.708469 0.187922 0.719172 0.185781 0.733094 0.186859 0.747000 0.189000 0.759844 0.193281 0.773766 0.214687 0.775906 0.237156 0.758781 0.285313 0.721313 0.307797 0.693500 0.324922 0.661391 0.345250 0.639984 0.358094 0.626062 0.381641 0.585406 0.394484 0.555438 0.405188 0.534031 0.429797 0.508344 0.454406 0.493359 0.467250 0.485875 0.487578 0.483734 0.514344 0.486937 0.546453 0.500859 0.560359 0.491219 0.566781 0.446281
0 0.701625 0.177656 0.697344 0.204406 0.697344 0.233312 0.696281 0.261125 0.694141 0.275047 0.677016 0.281469 0.675937 0.298594 0.692000 0.314641 0.692000 0.330687 0.688781 0.344609 0.700562 0.377781 0.708047 0.422734 0.708047 0.464469 0.719813 0.491219 0.710187 0.526547 0.695203 0.558641 0.657750 0.598250 0.642766 0.614297 0.639562 0.626062 0.638484 0.635703 0.665234 0.653891 0.698422 0.659250 0.709125 0.637844 0.728375 0.625000 0.736938 0.615375 0.757281 0.580047 0.770125 0.558641 0.789391 0.525469 0.790453 0.486937 0.790453 0.456984 0.790453 0.440922 0.785109 0.427016 0.782969 0.408812 0.774406 0.370297 0.767984 0.333906 0.763703 0.314641 0.759422 0.260062 0.759422 0.225813 0.759422 0.199063 0.758344 0.186219 0.744438 0.171234 0.723031 0.170156
0 0.420156 0.528687 0.445844 0.546875 0.473672 0.556500 0.505781 0.580047 0.535750 0.600391 0.571063 0.626062 0.592469 0.635703 0.622437 0.656031 0.656672 0.678516 0.677016 0.694562 0.711266 0.712750 0.735875 0.735234 0.743359 0.750219 0.733734 0.768406 0.724094 0.779109 0.700562 0.784453 0.693062 0.786594 0.665234 0.769484 0.645969 0.753422 0.622437 0.738438 0.609594 0.728812 0.595672 0.720250 0.562500 0.704187 0.543234 0.695641 0.521828 0.684937 0.503641 0.675297 0.480094 0.661391 0.451203 0.637844 0.431938 0.614297 0.420156 0.603594 0.390203 0.584328 0.388063 0.565063 0.401969 0.535109
0 0.355953 0.638906 0.378422 0.665672 0.397687 0.686000 0.424437 0.710609 0.445844 0.718109 0.479031 0.728812 0.498281 0.737375 0.563562 0.747000 0.583906 0.752359 0.623500 0.760922 0.653469 0.775906 0.664172 0.791953 0.663094 0.815500 0.653469 0.827266 0.638484 0.831547 0.611734 0.833687 0.594609 0.833687 0.582828 0.832625 0.555016 0.826203 0.531469 0.822984 0.506844 0.818703 0.476891 0.814422 0.464047 0.809078 0.430859 0.799438 0.395547 0.780188 0.376281 0.782312 0.372000 0.769484 0.378422 0.760922 0.366656 0.748078 0.349531 0.753422 0.338828 0.754500 0.331328 0.736297 0.324922 0.718109 0.317422 0.710609 0.306719 0.693500 0.335609 0.653891
0 0.836469 0.865797 0.815063 0.879703 0.815063 0.906469 0.825766 0.947125 0.827906 0.970672 0.830047 0.984594 0.852200 0.998437 0.912413 0.998437 0.911391 0.983516 0.902828 0.968531 0.891047 0.955688 0.880344 0.943922 0.872859 0.926797 0.872859 0.911812 0.882484 0.890406 0.902828 0.879703 0.919953 0.872219 0.932797 0.867938 0.952062 0.859375 0.995938 0.858313 0.998437 0.861406 0.998437 0.812660 0.985234 0.811219 0.929578 0.801578 0.887844 0.816563 0.866437 0.827266 0.853594 0.840109 0.841828 0.854031
0 0.437281 0.865797 0.434078 0.846531 0.430859 0.829406 0.416953 0.829406 0.400906 0.831547 0.393406 0.846531 0.396625 0.874359 0.390203 0.882922 0.390203 0.889344 0.392344 0.912891 0.397687 0.927875 0.398766 0.948203 0.398766 0.954625 0.400906 0.968531 0.400906 0.984594 0.400331 0.998437 0.463726 0.998437 0.465109 0.991016 0.466188 0.958906 0.468328 0.936438 0.468328 0.922516 0.469391 0.906469 0.468328 0.900047 0.453344 0.877563
0 0.605313 0.857234 0.583906 0.843328 0.569984 0.846531 0.556078 0.852953 0.544312 0.872219 0.544312 0.885063 0.543234 0.900047 0.542172 0.920375 0.532531 0.936438 0.528250 0.950344 0.519688 0.966391 0.511125 0.984594 0.503422 0.998437 0.595220 0.998437 0.603172 0.971750 0.617078 0.942844 0.619219 0.917172 0.622437 0.888266 0.614937 0.869000
0 0.962750 0.614297 0.942422 0.595031 0.926375 0.582188 0.912453 0.569344 0.898547 0.552219 0.884625 0.528687 0.875000 0.509422 0.866437 0.485875 0.854672 0.453766 0.847172 0.438781 0.817203 0.430219 0.802219 0.434500 0.786172 0.452703 0.792594 0.483734 0.795812 0.507281 0.797938 0.519047 0.831125 0.574703 0.843969 0.587547 0.858953 0.601453 0.876063 0.619656 0.887844 0.637844 0.908172 0.651750 0.931719 0.671016 0.942422 0.681719 0.953125 0.687078 0.965969 0.695641 0.973453 0.702063 0.998078 0.721313 0.998437 0.722543 0.998437 0.636608 0.975594 0.620719
0 0.998437 0.071348 0.970250 0.080266 0.956328 0.085609 0.946703 0.090969 0.929578 0.098453 0.910312 0.103813 0.894266 0.110234 0.886766 0.114516 0.863234 0.128422 0.847172 0.135922 0.835406 0.143406 0.826844 0.151969 0.817203 0.170156 0.809719 0.184078 0.806500 0.191562 0.801156 0.208687 0.800078 0.218328 0.816141 0.232234 0.850391 0.225813 0.870719 0.218328 0.903891 0.199063 0.934937 0.181938 0.975594 0.165875 0.998437 0.162700
1 0.225566 0.998437 0.217250 0.985219 0.193859 0.956219 0.188250 0.959953 0.191984 0.970250 0.201344 0.987094 0.186375 0.981469 0.175156 0.988031 0.182525 0.998437
1 0.201344 0.691422 0.213516 0.680203 0.242516 0.656813 0.259359 0.638094 0.262156 0.606281 0.272453 0.588516 0.275266 0.576344 0.288359 0.537984 0.293031 0.501500 0.290234 0.473422 0.279000 0.452844 0.279000 0.429453 0.288359 0.413547 0.240641 0.381734 0.251875 0.414484 0.246250 0.431328 0.235969 0.446297 0.244391 0.453781 0.248125 0.469688 0.234094 0.496812 0.243453 0.505234 0.235031 0.530500 0.235031 0.550156 0.247188 0.560438 0.229422 0.575406 0.232219 0.596938 0.225672 0.616578 0.210703 0.626875 0.211641 0.644641 0.201344 0.667109 0.198547 0.677391
1 0.914297 0.700781 0.912422 0.712953 0.899328 0.727922 0.886234 0.741953 0.887156 0.765344 0.891844 0.791547 0.905875 0.804641 0.918031 0.785922 0.938625 0.778438 0.948922 0.766281 0.956406 0.752250 0.957328 0.730719 0.943297 0.721375 0.930203 0.710141
1 0.927391 0.367703 0.921781 0.392031 0.913359 0.430391 0.921781 0.469688 0.935813 0.483719 0.970437 0.442547 0.988219 0.424781 0.998500 0.412609 0.998437 0.410769 0.998437 0.367703 0.992891 0.367703 0.960141 0.363953
1 0.860969 0.003750 0.870328 0.033687 0.877812 0.063625 0.889031 0.100109 0.902141 0.113219 0.924594 0.101984 0.949844 0.091688 0.959203 0.072984 0.976047 0.053328 0.987281 0.059875 0.995703 0.072047 0.998437 0.072585 0.998437 0.002375 0.995703 0.000937 0.955469 0.000937 0.962016 0.011234 0.983531 0.012156 0.989141 0.023391 0.982594 0.036484 0.959203 0.041172 0.934875 0.041172 0.914297 0.029937 0.904000 0.013094 0.910547 0.001875 0.881547 0.001875
1 0.740266 0.145016 0.783312 0.104797 0.795469 0.114141 0.805766 0.128188 0.814187 0.139406 0.816062 0.157187 0.801078 0.175891 0.787047 0.180578 0.774891 0.174969 0.759922 0.177766 0.749625 0.174031 0.743078 0.163734
1 0.208156 0.224562 0.196203 0.232234 0.192797 0.252734 0.200484 0.262984 0.213281 0.274078 0.236344 0.289453 0.252562 0.307375 0.273906 0.310797 0.263656 0.298844 0.251703 0.286031 0.242313 0.261266 0.231219 0.240781 0.240609 0.227969
0 0.243281 0.321813 0.248000 0.441109 0.233875 0.551000 0.196187 0.692281 0.167938 0.773922 0.147531 0.795891 0.108281 0.783328 0.138109 0.642047 0.160094 0.514891 0.189906 0.326516
0 0.244859 0.235469 0.271547 0.328094 0.287234 0.428562 0.299797 0.543156 0.304516 0.598094 0.350031 0.587109 0.351609 0.425422 0.320203 0.246453 0.291953 0.221344
0 0.464813 0.892906 0.552984 0.831875 0.625313 0.849953 0.740594 0.917766 0.797109 0.978813 0.821984 0.969766 0.779031 0.868047 0.688609 0.788922 0.647922 0.761797 0.494203 0.809266 0.428656 0.861266
0 0.668266 0.479234 0.699906 0.547047 0.756422 0.562875 0.801641 0.621641 0.844578 0.703016 0.871719 0.739187 0.901094 0.723359 0.864937 0.621641 0.828766 0.542531 0.718000 0.461141 0.693125 0.440797
0 0.864937 0.420453 0.950828 0.336813 0.998437 0.259780 0.998437 0.096149 0.941781 0.221531 0.887531 0.307437 0.846844 0.341344 0.817453 0.420453 0.844578 0.434016
0 0.905625 0.194406 0.914656 0.257703 0.950828 0.316469 0.998437 0.313458 0.998437 0.370673 0.916922 0.363937 0.860406 0.266734 0.855891 0.187625