0 0.547203 0.886578 0.523406 0.933516 0.491250 0.973375 0.469657 0.998437 0.377122 0.998437 0.396094 0.975313 0.450750 0.918719 0.502188 0.875641 0.527906 0.859562 0.545266 0.867281
0 0.055564 0.000000 0.056703 0.017141 0.059719 0.039453 0.065750 0.078672 0.050672 0.086516 0.031375 0.083500 0.019312 0.061172 0.010250 0.034031 0.005422 0.006875 0.005185 0.000000
0 0.058516 0.110641 0.050672 0.135984 0.044641 0.160109 0.037406 0.181219 0.032578 0.190281 0.020516 0.207172 0.002406 0.217422 0.002406 0.113656 0.009656 0.091344 0.012672 0.082281 0.024734 0.079266 0.035594 0.092547 0.047656 0.101594
0 0.077828 0.214406 0.070578 0.252406 0.064547 0.265687 0.055500 0.294641 0.047656 0.310937 0.028359 0.344109 0.013266 0.361000 0.002406 0.373062 0.002406 0.278359 0.026547 0.231297 0.035594 0.214406 0.042828 0.201141 0.056703 0.187859 0.066969 0.202344
0 0.100750 0.183031 0.107984 0.222250 0.120047 0.274734 0.136344 0.329641 0.142375 0.365234 0.153234 0.412281 0.166500 0.454516 0.168313 0.470797 0.168313 0.481656 0.172531 0.493719 0.189437 0.496750 0.196672 0.499766 0.208734 0.502781 0.219594 0.495531 0.222609 0.478641 0.218391 0.441234 0.215375 0.417109 0.210547 0.402031 0.206328 0.371859 0.203313 0.353766 0.197266 0.324813 0.189437 0.300672 0.180375 0.276547 0.176156 0.254219 0.171328 0.221047 0.170125 0.193891 0.168313 0.169766 0.164094 0.142609 0.150219 0.136578 0.130906 0.130547 0.118844 0.135984 0.107984 0.155891 0.106781 0.169156
0 0.201500 0.830359 0.194250 0.864750 0.189437 0.893703 0.189437 0.902750 0.177359 0.920844 0.168313 0.937141 0.177359 0.937734 0.180375 0.941969 0.167109 0.961266 0.156250 0.972125 0.169516 0.979969 0.148546 0.998437 0.093861 0.998437 0.094109 0.996266 0.106172 0.960063 0.120047 0.928687 0.130312 0.880422 0.142375 0.842422 0.154438 0.806219 0.171328 0.804422 0.186422 0.818297
0 0.249766 0.783906 0.258813 0.827344 0.267859 0.848453 0.272078 0.872594 0.272078 0.908781 0.269672 0.938953 0.262656 0.973734 0.259465 0.998437 0.325842 0.998437 0.326375 0.995047 0.331203 0.960063 0.335422 0.922656 0.333016 0.905766 0.328187 0.880422 0.322156 0.848453 0.319141 0.826141 0.299828 0.818297 0.288969 0.802000 0.282938 0.779078 0.288969 0.764000 0.282938 0.757969 0.263641 0.754953 0.254578 0.764000
0 0.028359 0.759172 0.040422 0.805625 0.047656 0.838797 0.051875 0.867156 0.056703 0.896109 0.063953 0.923266 0.068781 0.960672 0.068781 0.993844 0.068781 0.998437 0.008453 0.998437 0.008453 0.997469 0.008453 0.967297 0.004219 0.953422 0.001203 0.935328 0.000609 0.721156 0.020516 0.733234
0 0.003625 0.499156 0.022328 0.531125 0.026547 0.544406 0.029563 0.565516 0.033781 0.592672 0.033781 0.598703 0.051875 0.615594 0.056703 0.619813 0.074813 0.631875 0.088078 0.642734 0.091094 0.657813 0.089891 0.672906 0.071797 0.683766 0.065750 0.678937 0.052484 0.680141 0.041625 0.675922 0.035594 0.672906 0.023531 0.665063 0.008453 0.665656 0.004219 0.654797 0.001203 0.635500 0.002406 0.612578 0.002406 0.591453 0.002406 0.564312 0.001203 0.540172
0 0.302250 0.552250 0.323359 0.534141 0.347484 0.514844 0.374641 0.494937 0.400578 0.475625 0.441609 0.452703 0.471156 0.439438 0.489266 0.433391 0.507359 0.440641 0.525453 0.430375 0.533297 0.412281 0.534500 0.392375 0.521234 0.382125 0.485031 0.384531 0.463922 0.390563 0.439797 0.398406 0.402391 0.408656 0.384297 0.416500 0.337234 0.456922 0.317922 0.476828 0.282938 0.505188 0.249766 0.502172 0.221406 0.528109 0.209344 0.535953 0.207531 0.556469 0.225625 0.564312 0.255797 0.561297 0.278109 0.557078
0 0.444016 0.463562 0.441609 0.499156 0.424703 0.517250 0.417469 0.538375 0.406609 0.562500 0.391531 0.586625 0.381281 0.598703 0.364375 0.609562 0.349297 0.621625 0.340250 0.628859 0.299828 0.659031 0.293797 0.665063 0.261828 0.683156 0.236484 0.710297 0.234672 0.734437 0.267859 0.745297 0.291984 0.744094 0.311297 0.730219 0.326375 0.719953 0.350500 0.697031 0.377656 0.677734 0.398766 0.654797 0.422906 0.630672 0.442812 0.609562 0.456078 0.566125 0.474172 0.541984 0.480219 0.519063 0.489266 0.502781 0.495297 0.487687 0.503141 0.466578 0.504953 0.446672 0.471766 0.444859
0 0.199099 0.000000 0.199687 0.001453 0.210547 0.009297 0.225625 0.016531 0.249766 0.040656 0.264844 0.048500 0.298016 0.067812 0.310094 0.100984 0.310094 0.116078 0.311297 0.145031 0.302844 0.154078 0.290781 0.157094 0.279922 0.155891 0.269672 0.148047 0.261828 0.143828 0.242516 0.117875 0.240703 0.108828 0.230453 0.095562 0.203313 0.075656 0.189437 0.075656 0.168313 0.060562 0.139969 0.045484 0.136937 0.041266 0.125152 0.000000
0 0.355328 0.017141 0.356547 0.043672 0.362578 0.055750 0.376453 0.082891 0.386703 0.105813 0.398766 0.122109 0.407813 0.139000 0.422906 0.161313 0.437984 0.181219 0.447031 0.205359 0.460906 0.177000 0.468141 0.149859 0.469953 0.132969 0.471156 0.110641 0.453062 0.091938 0.450656 0.071422 0.439797 0.050313 0.429531 0.030406 0.417469 0.014109 0.406609 0.002047 0.391531 0.004469 0.376453 0.007484
0 0.583160 0.000000 0.591812 0.016531 0.614750 0.037641 0.641891 0.082891 0.664219 0.113063 0.681109 0.140203 0.703422 0.179422 0.744453 0.183031 0.760734 0.160109 0.760734 0.134766 0.746266 0.113656 0.740234 0.093750 0.734187 0.077469 0.717297 0.057547 0.705234 0.045484 0.696187 0.030406 0.681109 0.011094 0.675714 0.000000
0 0.601859 0.581516 0.571266 0.617891 0.554734 0.632766 0.509266 0.661703 0.500984 0.667500 0.482797 0.679891 0.451391 0.704703 0.429063 0.723703 0.412531 0.733625 0.393516 0.752641 0.372844 0.769187 0.354656 0.783234 0.325734 0.814656 0.313328 0.827047 0.290172 0.813000 0.286047 0.802250 0.280266 0.779922 0.300094 0.759266 0.316641 0.744375 0.352187 0.705516 0.401781 0.665844 0.458000 0.626984 0.502641 0.591437 0.531578 0.573250 0.560516 0.552578 0.597719 0.550094 0.605984 0.570766
0 0.768969 0.438672 0.761594 0.471594 0.759141 0.489781 0.752750 0.519266 0.742922 0.546281 0.725734 0.600328 0.705094 0.629812 0.691328 0.651922 0.678063 0.670594 0.671672 0.691234 0.671672 0.702531 0.686422 0.724641 0.707062 0.733000 0.718359 0.728578 0.724250 0.691719 0.768969 0.637672 0.783219 0.620484 0.794516 0.568891 0.795500 0.557594 0.806797 0.527125 0.811719 0.493703 0.817609 0.482906 0.821547 0.466687 0.822531 0.447031 0.822531 0.426391 0.820562 0.415094 0.803359 0.410187 0.786156 0.412641 0.774859 0.418531 0.769953 0.427375 0.769953 0.433281
0 0.614187 0.680422 0.635813 0.705969 0.652031 0.735453 0.661844 0.816531 0.680516 0.853375 0.693797 0.912344 0.696250 0.944281 0.696250 0.971313 0.706445 0.998437 0.648643 0.998437 0.648578 0.999797 0.639734 0.970328 0.634828 0.954594 0.625000 0.913812 0.619109 0.875984 0.615172 0.841594 0.616156 0.814562 0.611734 0.794906 0.602891 0.770344 0.592078 0.733484 0.579797 0.712359 0.579797 0.686812 0.605344 0.670594
0 0.693797 0.800812 0.707062 0.831266 0.711969 0.857313 0.714422 0.876969 0.725734 0.901531 0.729172 0.928562 0.734078 0.951656 0.750297 0.993422 0.752329 0.998437 0.809128 0.998437 0.806797 0.969344 0.794516 0.933469 0.791078 0.903984 0.773875 0.868609 0.765031 0.845031 0.755203 0.821937 0.741937 0.797359 0.722281 0.786062 0.701156 0.787047
0 0.069281 0.679938 0.075172 0.705484 0.092375 0.738891 0.101219 0.754625 0.103672 0.781641 0.085500 0.803750 0.060391 0.805016 0.041281 0.763469 0.029969 0.747734 0.017688 0.719234 0.005406 0.706953 0.003938 0.671578 0.021125 0.668625 0.047172 0.678453
0 0.317172 0.192984 0.333078 0.230422 0.351797 0.289359 0.361156 0.317422 0.386422 0.368891 0.407937 0.396953 0.382672 0.425031 0.368641 0.431578 0.361156 0.420344 0.347125 0.395078 0.331219 0.376375 0.319047 0.348297 0.300344 0.320234 0.293781 0.273453 0.267594 0.223859 0.265719 0.193922 0.269469 0.179891 0.286297 0.172406 0.306891 0.195797
0 0.779328 0.044234 0.779328 0.084109 0.782531 0.121406 0.772891 0.147125 0.758750 0.176047 0.733031 0.198563 0.686078 0.225563 0.673219 0.237141 0.647500 0.259641 0.614062 0.291797 0.591562 0.334875 0.579984 0.360594 0.584484 0.376672 0.602500 0.388250 0.626281 0.385031 0.642359 0.364453 0.658438 0.336812 0.684156 0.319438 0.725953 0.282156 0.743953 0.259641 0.782531 0.235859 0.808250 0.203703 0.827547 0.169625 0.835266 0.153547 0.840406 0.120109 0.840406 0.095672 0.830766 0.065453 0.810187 0.044234 0.792188 0.039734
0 0.818591 0.000000 0.833969 0.012094 0.855203 0.061594 0.862906 0.125906 0.875766 0.163188 0.888625 0.193422 0.911141 0.256437 0.925281 0.291797 0.941359 0.328453 0.941359 0.357375 0.920781 0.367031 0.904703 0.351594 0.885422 0.332297 0.864844 0.290516 0.859703 0.278937 0.842328 0.246781 0.829469 0.214641 0.819828 0.184406 0.832047 0.156766 0.833969 0.134266 0.835266 0.098891 0.835266 0.073172 0.819828 0.059031 0.805047 0.041031 0.790891 0.034594 0.787687 0.023656 0.788969 0.005656 0.804259 0.000000
0 0.916281 0.075750 0.936859 0.107891 0.961297 0.144547 0.990219 0.195984 0.998437 0.218806 0.998437 0.452649 0.993437 0.455125 0.977359 0.437750 0.969656 0.389531 0.966437 0.357375 0.960000 0.310437 0.948438 0.273797 0.924641 0.215922 0.908563 0.177344 0.889281 0.143266 0.873203 0.119469 0.864844 0.096969 0.868062 0.080891 0.884125 0.066094 0.898281 0.062891 0.906641 0.066094
0 0.839125 0.675031 0.828187 0.702031 0.830766 0.724531 0.830766 0.758609 0.835906 0.774687 0.835906 0.810063 0.842328 0.835781 0.848766 0.862781 0.859703 0.911016 0.861625 0.917438 0.864844 0.941875 0.871266 0.970812 0.877703 0.994594 0.878476 0.998437 0.922651 0.998437 0.922703 0.999750 0.924000 0.951516 0.924000 0.918078 0.918203 0.855063 0.911781 0.829344 0.887344 0.720031 0.880922 0.693031 0.876422 0.673734 0.857125 0.668594
0 0.828187 0.268000 0.832687 0.303375 0.846844 0.325875 0.859703 0.358031 0.864844 0.383750 0.874484 0.409469 0.884125 0.428750 0.901484 0.460906 0.920781 0.470547 0.936859 0.476984 0.961297 0.494984 0.985078 0.517484 0.998437 0.555831 0.998437 0.570397 0.998578 0.573438 0.983797 0.585000 0.954859 0.575359 0.943937 0.552859 0.919500 0.530344 0.896984 0.522641 0.869984 0.493703 0.847484 0.459625 0.835906 0.449969 0.828187 0.435828 0.794109 0.392109 0.783172 0.356734 0.773531 0.324594 0.763891 0.284719 0.765172 0.249359 0.779328 0.230063 0.798609 0.232641 0.816609 0.263500
1 0.682672 0.331797 0.676391 0.362203 0.669047 0.404156 0.669047 0.413594 0.709937 0.415687 0.730922 0.402063 0.756078 0.350672 0.765516 0.312922 0.750844 0.264687 0.716234 0.279359 0.708891 0.297188 0.700500 0.313969 0.693156 0.308719 0.684781 0.320266
1 0.759834 0.000000 0.764469 0.019297 0.762375 0.060187 0.779156 0.085359 0.773906 0.121016 0.766563 0.153531 0.753984 0.131500 0.742453 0.099000 0.735109 0.071734 0.718328 0.061234 0.720422 0.050750 0.695266 0.031875 0.700500 0.023484 0.697359 0.008812 0.671141 0.002516 0.679525 0.000000
1 0.631297 0.586625 0.654359 0.570891 0.700500 0.559359 0.729859 0.562500 0.720422 0.574031 0.725672 0.581375 0.717281 0.599203 0.709937 0.613891 0.699453 0.628562 0.695266 0.649531 0.683719 0.674703 0.671141 0.694625 0.681625 0.720844 0.701547 0.737625 0.701547 0.761750 0.684781 0.787969 0.686875 0.809984 0.699453 0.825719 0.707844 0.837250 0.699453 0.851922 0.685828 0.862422 0.675328 0.848781 0.684781 0.828859 0.675328 0.816281 0.663797 0.805781 0.664844 0.785859 0.660656 0.763844 0.657516 0.733438 0.656453 0.697781 0.645969 0.674703 0.631297 0.654781 0.619750 0.648484 0.629188 0.626469 0.641781 0.607594
1 0.131078 0.438766 0.118500 0.488047 0.115359 0.546766 0.113250 0.566687 0.146812 0.570891 0.168828 0.592906 0.154156 0.624375 0.125844 0.617031 0.110109 0.646391 0.115359 0.716656 0.124797 0.749156 0.135281 0.786906 0.154156 0.795297 0.176172 0.800547 0.205531 0.818375 0.212875 0.860312 0.185609 0.894922 0.190859 0.904359 0.184563 0.928484 0.180375 0.935828 0.184563 0.954703 0.159391 0.971469 0.165688 0.986156 0.157297 0.998734 0.157893 0.998437 0.254618 0.998437 0.253781 0.990359 0.259016 0.981969 0.249578 0.955750 0.252719 0.922188 0.263219 0.887578 0.261109 0.822563 0.244344 0.790063 0.229656 0.738672 0.222312 0.687297 0.228609 0.648484 0.253781 0.609688 0.261109 0.575078 0.245391 0.569844 0.209734 0.568797 0.203437 0.545719 0.216031 0.525797 0.226516 0.513219 0.217078 0.502719 0.197141 0.516359 0.167781 0.498531 0.162547 0.469172 0.161500 0.447141 0.151000 0.410437 0.136328 0.412547
1 0.161500 0.126266 0.159391 0.063344 0.186656 0.075922 0.204484 0.084313 0.222312 0.092703 0.242234 0.117875 0.264266 0.170297 0.257969 0.211203 0.267406 0.251047 0.263219 0.299281 0.254828 0.325500 0.223359 0.345422 0.211828 0.359062 0.200297 0.343328 0.186656 0.317109 0.191906 0.307672 0.180375 0.293000 0.177219 0.272016 0.169875 0.245813 0.167781 0.214344 0.173031 0.190219 0.170938 0.160859 0.163594 0.141984
1 0.241188 0.020344 0.249456 0.000000 0.279984 0.000000 0.279984 0.024531 0.285234 0.057047 0.253781 0.032922
1 0.649125 0.118922 0.652266 0.155625 0.660656 0.190219 0.653312 0.229031 0.663797 0.244750 0.687922 0.215391 0.698406 0.205953 0.718328 0.192328 0.728812 0.181844 0.714141 0.179734 0.703656 0.167156 0.684781 0.146187 0.672187 0.130453
0 0.462031 0.223625 0.515344 0.228703 0.540734 0.104297 0.576266 0.007828 0.578098 0.000000 0.510557 0.000000 0.469641 0.150000 0.456953 0.203313
0 0.530578 0.500328 0.535656 0.581563 0.535656 0.693266 0.535656 0.766891 0.540734 0.812578 0.568656 0.825266 0.588969 0.815125 0.578812 0.703422 0.586422 0.589188 0.581344 0.490172 0.561031 0.485094