0 0.047625 0.093750 0.038687 0.150297 0.026781 0.208328 0.014875 0.263391 0.005953 0.308031 0.000000 0.314609 0.000000 0.458031 0.023813 0.433031 0.038687 0.377969 0.055063 0.337797 0.078875 0.285719 0.089281 0.255953 0.090781 0.224703 0.098219 0.197922 0.099703 0.150297 0.105656 0.107141 0.110125 0.069937 0.093750 0.035719 0.069937 0.034219 0.044641 0.041672
0 0.144344 0.296125 0.119047 0.305063 0.119047 0.334828 0.151781 0.373516 0.218750 0.453875 0.260422 0.510422 0.281250 0.538687 0.281250 0.574406 0.278281 0.622031 0.297625 0.635422 0.330359 0.633922 0.343750 0.604172 0.357141 0.561016 0.357141 0.504469 0.327375 0.453875 0.282734 0.397328 0.233625 0.354172 0.183031 0.319937
0 0.153281 0.566969 0.147328 0.546125 0.150297 0.519344 0.190469 0.513391 0.211313 0.541672 0.232141 0.574406 0.269344 0.596719 0.281250 0.625000 0.305063 0.638391 0.327375 0.645828 0.360125 0.671125 0.400297 0.708328 0.456844 0.738094 0.482141 0.769344 0.483625 0.796125 0.450891 0.803578 0.401781 0.794641 0.348219 0.758922 0.300594 0.720234 0.247031 0.681547 0.220234 0.636906 0.184531 0.610125 0.190469 0.580359 0.190469 0.559531 0.168156 0.559531
0 0.187500 0.619047 0.177078 0.656250 0.172625 0.703875 0.157734 0.750000 0.133922 0.790172 0.096719 0.812500 0.041672 0.836313 0.000000 0.841794 0.000000 0.774385 0.025297 0.778281 0.066969 0.750000 0.092266 0.717266 0.116078 0.662203 0.136906 0.601187 0.151781 0.571422 0.181547 0.559531 0.190469 0.569937 0.190469 0.601187
0 0.212797 0.708328 0.220234 0.752969 0.224703 0.785719 0.247031 0.827375 0.264875 0.857141 0.312500 0.883922 0.321422 0.915172 0.352672 0.927078 0.421125 0.928578 0.479172 0.909219 0.532734 0.895828 0.559531 0.877969 0.543156 0.854172 0.507437 0.839281 0.456844 0.845234 0.428578 0.858625 0.369047 0.863094 0.321422 0.824406 0.293156 0.775297 0.279766 0.730656 0.254469 0.708328 0.227672 0.690469
0 0.083328 0.968750 0.066969 0.967266 0.041672 0.983625 0.052585 0.998437 0.277420 0.998437 0.296125 0.988094 0.324406 0.959828 0.325891 0.924109 0.306547 0.885422 0.272328 0.863094 0.244047 0.840781 0.205359 0.827375 0.177078 0.821422 0.147328 0.809531 0.135422 0.809531 0.130953 0.833328 0.145828 0.864578 0.180063 0.897328 0.224703 0.904766 0.255953 0.928578 0.230656 0.949406 0.197922 0.965781 0.147328 0.977672 0.117563 0.974703
0 0.269344 0.376484 0.281250 0.348219 0.325891 0.348219 0.389875 0.398813 0.443453 0.452375 0.508922 0.519344 0.547625 0.572922 0.575891 0.610125 0.604172 0.669641 0.589281 0.699406 0.595234 0.736609 0.566969 0.736609 0.540172 0.702375 0.522328 0.657734 0.491078 0.613094 0.455359 0.558031 0.409219 0.513391 0.361609 0.480656 0.325891 0.449406 0.291672 0.415172
0 0.718750 0.041672 0.686016 0.071422 0.656250 0.126484 0.645828 0.171125 0.671125 0.223219 0.697922 0.279766 0.721719 0.333328 0.755953 0.394344 0.803578 0.427078 0.842266 0.440469 0.852672 0.415172 0.828875 0.375000 0.802078 0.324406 0.779766 0.263391 0.752969 0.221719 0.732141 0.183031 0.714281 0.150297 0.745531 0.111609 0.770828 0.092266 0.775297 0.061016 0.742563 0.040172
0 0.648813 0.686016 0.633922 0.675594 0.602672 0.668156 0.595234 0.690469 0.595234 0.730656 0.622031 0.799109 0.671125 0.854172 0.730656 0.892859 0.784219 0.921125 0.813984 0.964281 0.830473 0.998437 0.885972 0.998437 0.885422 0.998516 0.885422 0.959828 0.863094 0.907734 0.825891 0.866078 0.788687 0.846719 0.733625 0.800594 0.700891 0.766375 0.662203 0.717266
0 0.858625 0.611609 0.848219 0.663687 0.851187 0.726187 0.867563 0.802078 0.876484 0.854172 0.882437 0.916672 0.879469 0.950891 0.885422 0.995531 0.886808 0.998437 0.946091 0.998437 0.959828 0.956844 0.959828 0.903281 0.955359 0.851187 0.955359 0.787203 0.931547 0.751484 0.913687 0.697922 0.922625 0.657734 0.931547 0.613094 0.916672 0.578875 0.888391 0.575891
0 0.880953 0.571422 0.892859 0.546125 0.919641 0.549109 0.941969 0.607141 0.961313 0.675594 0.979172 0.754469 0.995531 0.818453 0.998437 0.837324 0.998437 0.908495 0.997031 0.919641 0.976187 0.907734 0.953875 0.879469 0.953875 0.845234 0.958328 0.787203 0.930063 0.736609 0.912203 0.697922 0.921125 0.660719 0.931547 0.622031 0.930063 0.605656 0.916672 0.575891
0 0.809531 0.507437 0.782734 0.540172 0.755953 0.592266 0.741078 0.636906 0.732141 0.690469 0.754469 0.775297 0.787203 0.828875 0.836313 0.857141 0.879469 0.891375 0.869047 0.794641 0.846719 0.769344 0.824406 0.729172 0.809531 0.678578 0.819937 0.630953 0.833328 0.592266 0.875000 0.538687 0.907734 0.498516 0.922625 0.467266 0.901781 0.440469 0.877969 0.427078 0.837797 0.458328
0 0.596719 0.446422 0.635422 0.479172 0.650297 0.516375 0.656250 0.544641 0.623516 0.569937 0.598219 0.592266 0.578875 0.613094 0.604172 0.674109 0.632437 0.678578 0.675594 0.647328 0.711313 0.620531 0.726187 0.583328 0.726187 0.535719 0.709828 0.474703 0.675594 0.430063 0.630953 0.415172 0.595234 0.424109
0 0.772328 0.151781 0.779766 0.178578 0.809531 0.247031 0.864578 0.294641 0.933031 0.322922 0.959828 0.324406 0.958328 0.303578 0.937500 0.284219 0.891375 0.264875 0.848219 0.224703 0.827375 0.183031 0.803578 0.147328 0.793156 0.135422
0 0.000000 0.012006 0.000000 0.020561 0.021969 0.046406 0.037438 0.075797 0.046719 0.041766 0.073016 0.037125 0.099312 0.037125 0.071469 0.010828 0.062187 0.004641 0.011141 0.003094
1 0.000000 0.776286 0.005516 0.778500 0.013781 0.772984 0.002750 0.770219 0.000000 0.762647 0.000000 0.759188 0.011031 0.748156 0.014703 0.730703 0.002750 0.709562 0.000000 0.705432 0.000000 0.601109 0.009188 0.600187 0.028500 0.606625 0.024813 0.593750 0.029406 0.579969 0.032172 0.565250 0.032172 0.556984 0.032172 0.541359 0.028500 0.534922 0.019297 0.539516 0.010109 0.554234 0.000000 0.560445
1 0.837313 0.192094 0.833641 0.186578 0.825375 0.171875 0.813422 0.161766 0.806063 0.151656 0.795031 0.143375 0.775734 0.140625 0.767469 0.151656 0.764703 0.170953 0.772984 0.183828 0.788609 0.210484 0.793203 0.222422 0.805141 0.247250 0.814344 0.259188 0.829047 0.278500 0.833641 0.285844 0.830875 0.303312 0.833641 0.334562 0.844672 0.352016 0.845594 0.378672 0.831797 0.377750 0.814344 0.364891 0.806984 0.351109 0.802391 0.338234 0.792281 0.322609 0.802391 0.318016 0.807906 0.311578 0.802391 0.301469 0.793203 0.296875 0.795031 0.283094 0.793203 0.269297 0.784922 0.261953 0.768375 0.249078 0.771141 0.237125 0.775734 0.223344 0.767469 0.212312 0.752750 0.208641 0.738969 0.187500 0.727938 0.177391 0.718750 0.159922 0.727938 0.135109 0.755516 0.117641 0.764703 0.103859 0.772984 0.085484 0.770219 0.052391 0.778500 0.041359 0.809750 0.044125 0.824453 0.067094 0.825375 0.095594 0.827203 0.114891 0.836391 0.125922 0.846500 0.136953 0.852016 0.154406 0.851109 0.177391
1 0.839156 0.613969 0.824453 0.630516 0.822609 0.645219 0.818016 0.659000 0.817094 0.671875 0.819859 0.683828 0.818937 0.696688 0.820766 0.705875 0.827203 0.726109 0.831797 0.736219 0.848344 0.771141 0.855703 0.746328 0.847422 0.737125 0.847422 0.707719 0.850187 0.692094 0.845594 0.680141 0.845594 0.665438 0.847422 0.640625 0.848344 0.627750 0.858453 0.600187 0.852016 0.595594 0.845594 0.604781
1 0.086891 0.371188 0.104422 0.354422 0.125000 0.336125 0.125000 0.346797 0.132625 0.354422 0.140250 0.362812 0.144813 0.370422 0.137953 0.378812 0.113563 0.387953 0.108234 0.394813 0.103656 0.410828 0.097563 0.424547 0.092219 0.432922 0.077750 0.420734 0.070125 0.406250 0.075453 0.380328
0 0.000000 0.607941 0.000000 0.707642 0.002234 0.714344 0.023078 0.792547 0.077828 0.920297 0.140406 0.972438 0.200359 0.954187 0.116937 0.844688 0.085656 0.714344 0.070016 0.630906 0.004828 0.602234
0 0.030906 0.550094 0.028297 0.607453 0.080438 0.670016 0.119547 0.729984 0.163859 0.800375 0.195156 0.834266 0.249906 0.839469 0.216000 0.761266 0.150828 0.649156 0.083047 0.573547 0.070016 0.539656
0 0.859078 0.360641 0.893844 0.414953 0.956844 0.482313 0.998437 0.527857 0.998437 0.413230 0.963359 0.378031 0.900359 0.315016 0.850391 0.315016