0 0.022516 0.000000 0.017219 0.043703 0.013234 0.084750 0.005297 0.116531 0.001328 0.144328 0.015891 0.156250 0.039891 0.136969 0.047672 0.095344 0.058266 0.054297 0.062234 0.027813 0.062234 0.005297 0.042375 0.002641
0 0.080766 0.002641 0.108578 0.038406 0.135063 0.063562 0.185375 0.095344 0.225109 0.119172 0.237016 0.133734 0.229078 0.152281 0.206562 0.152281 0.177437 0.133734 0.140359 0.112547 0.113875 0.092688 0.088719 0.075484 0.063562 0.051641 0.068859 0.023828
0 0.140359 0.002641 0.144328 0.019859 0.148313 0.046344 0.170812 0.055609 0.180078 0.041047 0.182734 0.022516 0.184844 0.000672 0.157578 0.002641
0 0.211859 0.003969 0.219813 0.033109 0.221141 0.066203 0.202594 0.094016 0.215844 0.105937 0.239672 0.123141 0.251594 0.101953 0.251594 0.062234 0.258203 0.029125 0.254234 0.001328
0 0.283375 0.039719 0.297938 0.082094 0.308531 0.115203 0.308531 0.162875 0.300578 0.229078 0.292641 0.251594 0.288672 0.268797 0.308531 0.270125 0.325734 0.256891 0.336328 0.222453 0.346922 0.177437 0.346922 0.136391 0.342953 0.100641 0.333688 0.067531 0.325734 0.051641 0.311172 0.029125
0 0.455516 0.000000 0.434328 0.022516 0.411813 0.070187 0.406516 0.113875 0.397250 0.184062 0.398563 0.222453 0.413141 0.246297 0.438297 0.243641 0.439625 0.194656 0.442266 0.157578 0.444922 0.123141 0.447562 0.090047 0.462125 0.050313 0.479344 0.025156 0.492578 0.009266 0.481984 0.000000
0 0.627641 0.000000 0.650156 0.029125 0.663406 0.062234 0.677969 0.086063 0.693859 0.095344 0.715047 0.092688 0.716359 0.068859 0.691203 0.037078 0.681937 0.013234 0.664719 0.001328
0 0.716359 0.006625 0.719016 0.030453 0.729609 0.066203 0.732250 0.095344 0.734906 0.119172 0.741531 0.135063 0.750797 0.148313 0.766687 0.141688 0.771984 0.112547 0.761391 0.078125 0.762719 0.051641 0.762719 0.034422 0.757422 0.002641
0 0.798469 0.026484 0.806406 0.060906 0.815672 0.096656 0.820969 0.127125 0.818328 0.168172 0.820969 0.198625 0.828922 0.229078 0.850109 0.244969 0.871297 0.227750 0.856734 0.214516 0.856734 0.177437 0.851437 0.117844 0.844812 0.086063 0.839516 0.056937 0.835547 0.031781 0.823625 0.017219
0 0.725641 0.223781 0.729609 0.258203 0.729609 0.300578 0.733578 0.369437 0.741531 0.427703 0.748141 0.456828 0.771984 0.454188 0.775953 0.413141 0.769328 0.387984 0.766687 0.328391 0.760062 0.271453 0.760062 0.226437 0.746828 0.219813
0 0.862016 0.297938 0.869969 0.331031 0.856734 0.389297 0.851437 0.433000 0.850109 0.464781 0.843484 0.507156 0.830250 0.554812 0.840844 0.570703 0.852750 0.570703 0.875266 0.541578 0.891156 0.496563 0.892484 0.450219 0.889828 0.405187 0.896453 0.361500 0.904391 0.335016 0.899094 0.304562 0.883203 0.304562
0 0.677969 0.260859 0.685906 0.308531 0.684594 0.354875 0.685906 0.384000 0.692531 0.431672 0.692531 0.466109 0.716359 0.476687 0.728281 0.460813 0.729609 0.418438 0.722984 0.384000 0.722984 0.344281 0.717688 0.287344 0.708422 0.260859 0.695188 0.246297
0 0.499203 0.117844 0.520391 0.143016 0.546875 0.181406 0.569391 0.206562 0.582625 0.238344 0.599844 0.262188 0.622359 0.295281 0.586594 0.292641 0.560109 0.267484 0.536281 0.230406 0.524359 0.205250 0.503172 0.181406 0.481984 0.158891 0.471391 0.141688 0.478016 0.121828
0 0.525687 0.268797 0.515094 0.295281 0.509797 0.331031 0.507156 0.374734 0.512453 0.401219 0.512453 0.442266 0.509797 0.466109 0.534953 0.468750 0.548203 0.427703 0.548203 0.378703 0.546875 0.344281 0.542906 0.319125 0.546875 0.284687 0.540250 0.270125
0 0.381359 0.140359 0.368109 0.149625 0.368109 0.173469 0.368109 0.198625 0.356203 0.234375 0.345609 0.270125 0.333688 0.301906 0.328391 0.337656 0.324422 0.360172 0.325734 0.378703 0.345609 0.382687 0.365469 0.353547 0.370766 0.313828 0.381359 0.275422 0.393266 0.248937 0.394594 0.222453 0.394594 0.201266 0.397250 0.169484 0.397250 0.153609
0 0.157578 0.133734 0.156250 0.164187 0.169484 0.195969 0.182734 0.215844 0.186703 0.233047 0.193328 0.282047 0.198625 0.317797 0.199953 0.353547 0.209219 0.369437 0.227750 0.366797 0.230406 0.340313 0.234375 0.300578 0.234375 0.246297 0.214516 0.207891 0.203922 0.166844 0.193328 0.148313 0.178766 0.136391
0 0.055609 0.086063 0.082094 0.109906 0.111234 0.153609 0.136391 0.186703 0.157578 0.213188 0.182734 0.233047 0.184062 0.262188 0.164187 0.266156 0.125797 0.229078 0.108578 0.202594 0.078125 0.160219 0.059594 0.140359 0.045016 0.113875
0 0.413141 0.398563 0.446234 0.394594 0.447562 0.430344 0.451531 0.471391 0.468750 0.500531 0.495234 0.548203 0.524359 0.589250 0.534953 0.619703 0.528344 0.640891 0.512453 0.634266 0.489938 0.589250 0.458156 0.556141 0.439625 0.504500 0.423734 0.474047 0.414453 0.435641
0 0.387984 0.427703 0.374734 0.444922 0.380031 0.471391 0.393266 0.493906 0.413141 0.523047 0.440937 0.561438 0.460813 0.581297 0.483312 0.595875 0.470078 0.570703 0.448891 0.545547 0.440937 0.513766 0.419750 0.484641 0.409156 0.464781 0.402547 0.439625
0 0.655453 0.485969 0.652813 0.516422 0.659422 0.568063 0.667375 0.598516 0.699156 0.642219 0.715047 0.660750 0.733578 0.684594 0.752125 0.697828 0.774625 0.692531 0.771984 0.675312 0.750797 0.644859 0.730938 0.617063 0.708422 0.587922 0.700484 0.566734 0.692531 0.544234 0.684594 0.503172 0.681937 0.488609
0 0.924266 0.454188 0.911016 0.472719 0.905719 0.505828 0.887187 0.549516 0.852750 0.585281 0.820969 0.603812 0.798469 0.625000 0.819656 0.639563 0.850109 0.621031 0.880562 0.602484 0.907047 0.579984 0.926906 0.554812 0.944125 0.517750 0.950734 0.491266 0.952063 0.455516
0 0.609109 0.589250 0.626328 0.611766 0.639563 0.630297 0.672672 0.651484 0.704453 0.677969 0.737547 0.697828 0.765359 0.707094 0.782578 0.716359 0.798469 0.726953 0.790516 0.752125 0.734906 0.732250 0.675312 0.700484 0.638234 0.675312 0.605141 0.643531 0.586594 0.613078 0.587922 0.599844
0 0.001328 0.274094 0.023828 0.287344 0.056937 0.289984 0.084750 0.284687 0.109906 0.268797 0.128438 0.258203 0.139031 0.260859 0.145656 0.271453 0.127125 0.293969 0.108578 0.307203 0.075484 0.319125 0.029125 0.320438 0.003969 0.319125
0 0.158891 0.283375 0.129766 0.305875 0.109906 0.345609 0.080766 0.382687 0.060906 0.415781 0.041047 0.448891 0.027813 0.499203 0.039969 0.515984 0.049062 0.514172 0.066203 0.491266 0.079453 0.456828 0.101953 0.426375 0.123141 0.384000 0.144328 0.354875 0.154922 0.329719 0.172141 0.304562 0.181406 0.282047
0 0.135063 0.409156 0.169484 0.418438 0.215844 0.427703 0.243641 0.442266 0.267484 0.470078 0.292641 0.499203 0.305875 0.533641 0.309859 0.549516 0.282047 0.549516 0.260859 0.516422 0.250266 0.493906 0.229078 0.472719 0.217156 0.460813 0.192000 0.459484 0.160219 0.456828 0.137719 0.444922 0.120500 0.429031 0.121828 0.413141
0 0.174781 0.499203 0.205250 0.517750 0.238344 0.558797 0.263500 0.591891 0.278078 0.634266 0.296609 0.675312 0.288672 0.697828 0.268797 0.699156 0.254234 0.659422 0.237016 0.619703 0.218484 0.582625 0.195969 0.553500 0.169484 0.537609 0.161547 0.515094 0.161547 0.504500
0 0.436969 0.634266 0.387984 0.589250 0.361500 0.558797 0.335016 0.536281 0.310500 0.506656 0.313172 0.528594 0.313828 0.553500 0.323094 0.573359 0.338984 0.597187 0.369437 0.614406 0.390625 0.638234 0.423734 0.655453
0 0.007938 0.414453 0.002641 0.440937 0.000000 0.480672 0.002641 0.519062 0.006625 0.552172 0.011922 0.590578 0.015891 0.625000 0.029125 0.646188 0.052969 0.648828 0.058266 0.627641 0.039719 0.573359 0.039719 0.540250 0.033109 0.517750 0.022516 0.500531 0.025156 0.479344 0.030453 0.460813 0.030453 0.439625 0.029125 0.413141
0 0.169484 0.581297 0.152281 0.614406 0.135063 0.639563 0.120500 0.662078 0.107250 0.693859 0.103281 0.730938 0.100641 0.762719 0.111234 0.769328 0.125797 0.750797 0.141688 0.705766 0.143016 0.683266 0.160219 0.656781 0.180078 0.635594 0.189359 0.609109 0.189359 0.589250 0.186703 0.581297
0 0.873938 0.001328 0.872609 0.030453 0.879234 0.054297 0.885859 0.088719 0.899094 0.117844 0.912344 0.125797 0.918969 0.101953 0.916313 0.071500 0.909688 0.052969 0.901750 0.034422 0.897781 0.017219 0.899094 0.001328
0 0.920281 0.003969 0.908375 0.011922 0.909688 0.034422 0.936172 0.049000 0.961328 0.071500 0.990469 0.091359 0.998437 0.096380 0.998437 0.056471 0.975906 0.038406 0.950734 0.018531
0 0.873938 0.726953 0.884531 0.757422 0.893797 0.794484 0.901750 0.830250 0.905719 0.860703 0.925578 0.879234 0.933531 0.888500 0.929562 0.911016 0.908375 0.914984 0.884531 0.889828 0.864672 0.852750 0.859375 0.798469 0.858047 0.769328 0.852750 0.736234
0 0.957359 0.756094 0.957359 0.807734 0.946766 0.860703 0.948094 0.904391 0.941469 0.945438 0.938828 0.981203 0.941469 0.993109 0.961328 0.993109 0.977219 0.950734 0.985172 0.911016 0.989141 0.868641 0.990469 0.823625 0.990469 0.794484 0.995766 0.753437 0.986500 0.753437
0 0.978547 0.671344 0.998437 0.712985 0.998437 0.806391 0.998406 0.814359 0.998437 0.815067 0.998437 0.667763 0.999734 0.667375
0 0.840844 0.856734 0.854078 0.872609 0.851437 0.907047 0.831563 0.936172 0.810375 0.961328 0.782578 0.965312 0.773313 0.982516 0.790516 0.997094 0.828922 0.981203 0.859375 0.957359 0.873938 0.933531 0.883203 0.909688 0.883203 0.887187 0.871297 0.864672 0.858047 0.850109
0 0.615734 0.707094 0.586594 0.717688 0.593219 0.744172 0.623672 0.782578 0.651484 0.815672 0.681937 0.866000 0.693859 0.905719 0.716359 0.942797 0.741531 0.929562 0.729609 0.884531 0.707094 0.836859 0.680609 0.799781 0.652813 0.757422 0.631625 0.725641
0 0.815672 0.802437 0.791844 0.811703 0.757422 0.840844 0.745500 0.877906 0.745500 0.908375 0.740203 0.934859 0.728281 0.966625 0.750797 0.982516 0.762719 0.967953 0.777281 0.914984 0.783891 0.888500 0.786547 0.858047 0.817000 0.850109 0.836859 0.818328
0 0.542906 0.760062 0.556141 0.786547 0.573359 0.819656 0.593219 0.850109 0.625000 0.891156 0.660750 0.912344 0.663406 0.942797 0.631625 0.948094 0.606469 0.913672 0.564094 0.881891 0.540250 0.835547 0.527016 0.794484 0.517750 0.770656 0.527016 0.761391
0 0.538938 0.676641 0.516422 0.683266 0.497875 0.711062 0.474047 0.734906 0.451531 0.768016 0.435641 0.794484 0.409156 0.811703 0.386656 0.826266 0.395922 0.846141 0.413141 0.852750 0.456828 0.815672 0.476687 0.789187 0.496563 0.769328 0.513766 0.744172 0.528344 0.722984 0.540250 0.704453 0.553500 0.684594
0 0.492578 0.651484 0.462125 0.672672 0.438297 0.701797 0.427703 0.725641 0.409156 0.749469 0.387984 0.770656 0.376063 0.791844 0.372094 0.811703 0.413141 0.774625 0.438297 0.746828 0.466109 0.722984 0.495234 0.693859 0.512453 0.663406
0 0.397250 0.712391 0.366797 0.737547 0.348250 0.771984 0.328391 0.809062 0.319125 0.836859 0.288672 0.875266 0.272781 0.901750 0.296609 0.912344 0.328391 0.901750 0.346922 0.855406 0.366797 0.811703 0.376063 0.777281 0.391953 0.760062 0.410484 0.740203 0.418438 0.704453 0.414453 0.700484
0 0.274094 0.835547 0.293969 0.803766 0.312500 0.775953 0.328453 0.749328 0.346406 0.753328 0.321766 0.809062 0.301906 0.847453 0.286016 0.869969 0.270125 0.858047
0 0.185375 0.658109 0.201266 0.683266 0.202594 0.716359 0.219813 0.764031 0.244969 0.811703 0.260859 0.846141 0.264828 0.876594 0.244969 0.880562 0.227750 0.850109 0.211859 0.823625 0.197297 0.797141 0.178766 0.761391 0.172141 0.724313 0.166844 0.693859 0.162875 0.670016
0 0.127125 0.893797 0.169484 0.895125 0.198625 0.897781 0.227750 0.896453 0.254234 0.891156 0.264828 0.887187 0.270125 0.909688 0.248000 0.917547 0.232719 0.923531 0.182734 0.928234 0.154922 0.928234 0.125797 0.918969
0 0.071500 0.953391 0.127125 0.960016 0.166844 0.960016 0.203922 0.958687 0.254234 0.948094 0.289984 0.929562 0.317797 0.921609 0.328391 0.924266 0.329719 0.953391 0.292641 0.961328 0.260859 0.977219 0.222453 0.985172 0.192000 0.989141 0.160219 0.990469 0.121828 0.998406 0.096656 0.993109 0.063562 0.981203
0 0.528344 0.966625 0.576000 0.971922 0.625000 0.979875 0.668703 0.981203 0.708422 0.993109 0.740203 0.998406 0.745935 0.998437 0.538671 0.998437 0.534953 0.998406 0.517750 0.985172
0 0.458156 0.885859 0.439625 0.911016 0.419750 0.937500 0.393266 0.962656 0.380031 0.998406 0.378576 0.998437 0.414670 0.998437 0.434328 0.969281 0.456828 0.950734 0.471391 0.924266 0.476687 0.891156
1 0.536344 0.007016 0.542484 0.041250 0.531078 0.073734 0.517906 0.128156 0.531078 0.158000 0.551266 0.182578 0.572328 0.192234 0.576719 0.211547 0.585500 0.196625 0.581984 0.170297 0.598672 0.134313 0.610953 0.100063 0.604812 0.066719 0.589016 0.054422 0.571453 0.033359 0.596031 0.002641
1 0.279141 0.057937 0.271250 0.106219 0.264219 0.145719 0.251938 0.155375 0.242281 0.188734 0.251938 0.212438 0.265094 0.204531 0.280906 0.220328 0.293187 0.228234 0.304594 0.201891 0.295828 0.190484 0.302844 0.180828 0.301094 0.165906 0.308984 0.154500 0.301969 0.144844 0.306359 0.136063 0.308109 0.108844 0.297578 0.088656 0.287922 0.064953
1 0.295828 0.288797 0.276516 0.309859 0.266859 0.345859 0.264219 0.375703 0.231734 0.423984 0.249297 0.440656 0.272125 0.450313 0.283531 0.466109 0.287922 0.477531 0.315141 0.486313 0.316016 0.494203 0.328297 0.481922 0.305484 0.463484 0.308984 0.385359 0.310750 0.352875 0.321281 0.329172 0.312500 0.301094
1 0.504734 0.484547 0.486313 0.528438 0.509125 0.555656 0.526687 0.581109 0.533703 0.610078 0.531953 0.642563 0.526687 0.671531 0.541609 0.669766 0.540734 0.649578 0.554781 0.621484 0.554781 0.536344 0.561797 0.493328 0.574094 0.479281 0.584625 0.456453 0.591641 0.407297 0.560047 0.426609 0.546000 0.458219 0.536344 0.469625 0.515281 0.467000 0.509125 0.476656
1 0.216812 0.474016 0.211547 0.501234 0.222078 0.520547 0.222969 0.530203 0.244906 0.560047 0.251047 0.566188 0.260703 0.582859 0.270359 0.607437 0.269484 0.583750 0.266859 0.562672 0.270359 0.538969 0.266859 0.528438 0.248422 0.506500 0.234375 0.489813 0.224719 0.478406
1 0.207359 0.677562 0.213203 0.670266 0.227797 0.671734 0.237297 0.702391 0.265047 0.711156 0.251172 0.726484 0.241672 0.738906 0.232922 0.748391 0.242406 0.765922 0.251172 0.776141 0.235109 0.775406 0.238031 0.790016 0.221969 0.763000 0.214656 0.746938 0.214656 0.737437 0.208812 0.725766 0.205906 0.695828 0.206625 0.684875
1 0.864828 0.564438 0.875734 0.539000 0.889047 0.499641 0.887844 0.478437 0.892688 0.443922 0.893891 0.417266 0.893891 0.380328 0.899344 0.356703 0.905406 0.311281 0.903578 0.298578 0.871484 0.301594 0.859375 0.310688 0.862406 0.324609 0.858766 0.356703 0.850297 0.352469 0.851500 0.362766 0.855141 0.380938 0.852109 0.385172 0.846047 0.383969 0.850891 0.405156 0.849687 0.413641 0.844844 0.418484 0.849687 0.437250 0.847875 0.467531 0.847266 0.486922 0.842422 0.504484 0.832734 0.520828 0.830906 0.532344 0.818187 0.525672 0.818187 0.504484 0.824859 0.474812 0.823641 0.466328 0.837578 0.459063 0.841203 0.428781 0.836359 0.418484 0.816375 0.423937 0.825453 0.387594 0.820016 0.354891 0.821219 0.339750 0.815766 0.320375 0.811531 0.304016 0.835750 0.294937 0.849687 0.283438 0.847266 0.246484 0.865437 0.240437 0.871484 0.230141 0.873297 0.221047 0.860594 0.218625 0.855734 0.207734 0.863016 0.195609 0.864219 0.184109 0.859375 0.176234 0.864828 0.169578 0.859984 0.158062 0.859375 0.152016 0.866031 0.145344 0.867859 0.137469 0.861187 0.137469 0.859984 0.127188 0.863016 0.118703 0.855141 0.111437 0.852109 0.089625 0.846656 0.071469 0.841203 0.049062 0.840594 0.025438 0.852109 0.018172 0.866031 0.027250 0.874516 0.037547 0.881172 0.070859 0.886016 0.095688 0.893297 0.126578 0.906000 0.130812 0.919937 0.121125 0.919937 0.111437 0.921750 0.093875 0.917516 0.078734 0.913281 0.064797 0.911453 0.057531 0.910250 0.049656 0.906000 0.032094 0.921750 0.051484 0.938109 0.064203 0.951422 0.072063 0.938719 0.079344 0.926594 0.072063 0.930844 0.084781 0.940531 0.105984 0.939312 0.125359 0.914484 0.136875 0.895109 0.140500 0.893297 0.167750 0.899953 0.241031 0.904797 0.268297 0.921750 0.293125 0.922969 0.319766 0.919937 0.344594 0.936281 0.369422 0.936891 0.402125 0.932656 0.426969 0.950219 0.431203 0.944156 0.450578 0.928422 0.448156 0.913875 0.466328 0.910250 0.477828 0.902984 0.497219 0.901156 0.512953 0.892688 0.531734 0.886016 0.540813 0.878750 0.549906
1 0.820609 0.648016 0.813953 0.682531 0.816375 0.696469 0.842422 0.686766 0.864219 0.675266 0.871484 0.681922 0.887234 0.698891 0.906609 0.640750 0.901766 0.620766 0.906609 0.586234 0.886016 0.599562 0.879969 0.606219 0.876328 0.606219 0.866641 0.615313 0.863016 0.621969 0.855734 0.617734 0.840594 0.628031 0.835750 0.632875 0.824250 0.640750
1 0.802453 0.752188 0.791547 0.790328 0.797000 0.806688 0.827281 0.797000 0.822438 0.783672 0.828484 0.768531 0.847266 0.770344 0.851500 0.759453 0.855141 0.731594 0.863016 0.723719 0.874516 0.723719 0.872703 0.710391 0.850891 0.722500 0.832125 0.731594 0.817594 0.746734
0 0.079187 0.640375 0.106500 0.630812 0.080563 0.559812 0.076469 0.484719 0.054609 0.512031 0.042328 0.517484 0.046422 0.562547 0.061437 0.632188 0.069641 0.640375
0 0.020484 0.372750 0.057344 0.405531 0.091484 0.462875 0.091484 0.510656 0.121516 0.554359 0.135172 0.533875 0.120156 0.445125 0.073734 0.364563 0.043688 0.344078 0.025938 0.342719
0 0.060625 0.154016 0.072094 0.181875 0.081922 0.250688 0.101578 0.339172 0.088484 0.371937 0.067172 0.370297 0.057344 0.334250 0.040969 0.219563 0.032766 0.160578
0 0.172047 0.332609 0.188422 0.367016 0.185141 0.437469 0.183516 0.512844 0.175313 0.576750 0.132719 0.594766 0.142547 0.537422 0.157297 0.432562 0.155656 0.349000 0.162203 0.327703
0 0.258062 0.447844 0.303125 0.477891 0.311312 0.513391 0.303125 0.606234 0.318141 0.619891 0.324969 0.659484 0.301750 0.669047 0.277172 0.599406 0.270344 0.483344
0 0.644469 0.746875 0.701813 0.771453 0.782375 0.759156 0.853375 0.715469 0.846547 0.688156 0.806953 0.707281 0.744141 0.738687 0.692250 0.733219 0.663578 0.716828 0.649937 0.720938