0 0.321609 0.000000 0.350906 0.017906 0.401375 0.030922 0.433922 0.030922 0.442062 0.011391 0.414391 0.000000 0.355797 0.003250
0 0.448563 0.009766 0.458328 0.039062 0.489250 0.068359 0.516922 0.060219 0.505531 0.022781 0.505531 0.001625 0.464844 0.001625
0 0.470734 0.110359 0.454609 0.137656 0.445937 0.172375 0.421125 0.209578 0.402531 0.229422 0.376484 0.257938 0.347969 0.277781 0.312000 0.291422 0.266125 0.303812 0.243797 0.302578 0.223953 0.301344 0.210313 0.300094 0.199156 0.334828 0.202875 0.353422 0.251234 0.358391 0.287203 0.344734 0.350453 0.322422 0.391375 0.311266 0.423609 0.281500 0.459578 0.246781 0.478172 0.214531 0.502969 0.183531 0.506703 0.141375 0.509172 0.117813 0.496781 0.112844
0 0.451875 0.392703 0.429750 0.410672 0.392422 0.424500 0.370297 0.432797 0.345406 0.439719 0.323281 0.457688 0.299781 0.471516 0.281797 0.488109 0.256906 0.507469 0.229266 0.537891 0.205750 0.564156 0.205750 0.589047 0.223734 0.601500 0.252766 0.602875 0.265203 0.575219 0.290094 0.553094 0.306687 0.542031 0.323281 0.544797 0.335734 0.515766 0.362000 0.495016 0.386891 0.471516 0.420078 0.461844 0.460172 0.454922 0.476766 0.442484 0.498891 0.427266 0.498891 0.401000 0.479531 0.395469
0 0.540375 0.519906 0.521016 0.548953 0.493359 0.569688 0.464328 0.591812 0.432516 0.616703 0.392422 0.644359 0.362000 0.678922 0.346797 0.684453 0.327437 0.717641 0.344031 0.746687 0.370297 0.743922 0.402109 0.728703 0.438047 0.696906 0.454641 0.678922 0.482297 0.660953 0.507188 0.634672 0.532078 0.625000 0.543141 0.607031 0.563875 0.586281 0.586000 0.553094 0.599828 0.525438 0.606750 0.500547 0.617813 0.479812 0.590156 0.471516 0.569406 0.468750 0.551437 0.495016
0 0.138000 0.561391 0.131078 0.601500 0.114484 0.636062 0.108953 0.669250 0.106188 0.712109 0.124172 0.766047 0.126938 0.800609 0.132469 0.850391 0.126938 0.887719 0.115875 0.916766 0.111719 0.952703 0.124172 0.970688 0.150437 0.962391 0.173953 0.937500 0.187781 0.894641 0.202984 0.884953 0.197453 0.861453 0.197453 0.836562 0.204375 0.826875 0.201609 0.811672 0.194688 0.782625 0.186391 0.749453 0.173953 0.707969 0.176719 0.665094 0.186391 0.626375 0.196078 0.589047 0.205750 0.565547 0.205750 0.544797 0.189156 0.535125 0.167031 0.532359
0 0.272125 0.589047 0.290094 0.630531 0.303922 0.676156 0.303922 0.717641 0.305312 0.764656 0.302547 0.807516 0.288719 0.851766 0.284562 0.886344 0.306687 0.901547 0.331578 0.912609 0.362000 0.907078 0.368922 0.882188 0.368922 0.858687 0.357859 0.840703 0.357859 0.817203 0.363391 0.788156 0.370297 0.771578 0.362000 0.753594 0.345406 0.749453 0.327437 0.723172 0.335734 0.699672 0.345406 0.678922 0.362000 0.674781 0.355094 0.637437 0.346797 0.611172 0.328813 0.576609 0.308078 0.548953 0.285953 0.566922 0.266594 0.572453
0 0.485063 0.392703 0.479531 0.363656 0.485063 0.320797 0.489219 0.290375 0.519641 0.277938 0.541766 0.294531 0.536234 0.313875 0.532078 0.337391 0.526547 0.360891 0.525172 0.374719 0.532078 0.389937 0.547297 0.412063 0.534844 0.420359 0.523781 0.414828 0.532078 0.441094 0.532078 0.453547 0.521016 0.448016 0.516875 0.463219 0.527937 0.482578 0.518250 0.483953 0.501656 0.479812 0.486453 0.463219 0.483687 0.441094 0.494750 0.427266 0.501656 0.402375
0 0.040668 0.998437 0.013547 0.980359 0.000000 0.962822 0.000000 0.759794 0.008016 0.796453 0.012172 0.836562 0.021844 0.878047 0.035672 0.922297 0.060562 0.948563 0.079922 0.976219 0.079922 0.998437
0 0.019828 0.998437 0.002484 0.988656 0.000000 0.986172 0.189810 0.998437 0.208516 0.987281 0.237562 0.956859 0.248625 0.931969 0.223734 0.914000 0.201609 0.920906 0.182250 0.933359 0.158734 0.954094 0.146297 0.972063 0.129703 0.973453 0.097891 0.976219 0.088219 0.980359 0.087191 0.998437
0 0.539000 0.931969 0.507188 0.925062 0.462937 0.907078 0.421453 0.909844 0.378594 0.922297 0.360625 0.947172 0.344031 0.978984 0.332905 0.998437 0.390438 0.998437 0.397953 0.981750 0.431141 0.959625 0.471234 0.967922 0.505812 0.984516 0.525172 0.990047 0.552828 0.987281 0.568031 0.965156 0.570797 0.947172 0.555594 0.937500
0 0.525291 0.998437 0.610179 0.998437 0.613656 0.998344 0.653766 0.976219 0.689719 0.958234 0.689719 0.930594 0.668969 0.926437 0.619188 0.945797 0.580469 0.969297 0.558359 0.987281
0 0.769906 0.367812 0.743641 0.371953 0.729812 0.405141 0.729812 0.435562 0.729812 0.467375 0.727047 0.501938 0.722891 0.530969 0.710453 0.565547 0.711844 0.593203 0.715984 0.623625 0.731188 0.644359 0.743641 0.666484 0.757469 0.691375 0.776828 0.687219 0.789266 0.667859 0.785125 0.648500 0.785125 0.630531 0.776828 0.612563 0.768531 0.597344 0.768531 0.576609 0.769906 0.551719 0.778203 0.525438 0.787891 0.526828 0.789266 0.510234 0.780969 0.501938 0.780969 0.489484 0.787891 0.482578 0.785125 0.471516 0.785125 0.453547 0.790656 0.438328 0.782359 0.424500 0.783734 0.402375
0 0.998437 0.071817 0.995297 0.076047 0.974562 0.088500 0.962109 0.100937 0.949672 0.106469 0.917859 0.121687 0.894359 0.142422 0.870859 0.154875 0.843203 0.167313 0.816922 0.188047 0.796187 0.214328 0.782359 0.233687 0.793422 0.251656 0.815547 0.259953 0.848734 0.248891 0.850109 0.236453 0.855641 0.233687 0.869469 0.225391 0.890203 0.218469 0.906797 0.201875 0.931688 0.185281 0.964875 0.168687 0.975937 0.150719 0.998062 0.138281 0.998437 0.136774
0 0.998437 0.182687 0.987000 0.190812 0.956578 0.217094 0.934453 0.235063 0.922016 0.253047 0.898500 0.271016 0.881906 0.291766 0.872234 0.305594 0.880531 0.326328 0.902656 0.342922 0.924781 0.334625 0.926156 0.318031 0.945516 0.300063 0.960734 0.284844 0.967641 0.295906 0.984234 0.286234 0.982859 0.269641 0.989766 0.268250 0.993922 0.282078 0.998437 0.275396
0 0.998437 0.448860 0.980094 0.434188 0.959344 0.417594 0.942750 0.402375 0.920625 0.380250 0.905422 0.363656 0.894359 0.347062 0.876375 0.329094 0.854266 0.306969 0.836281 0.282078 0.826609 0.264109 0.805859 0.257188 0.783734 0.251656 0.768531 0.273781 0.782359 0.298672 0.793422 0.312500 0.807250 0.330469 0.800328 0.345688 0.822453 0.353984 0.829375 0.367812 0.825219 0.376109 0.847344 0.381641 0.876375 0.412063 0.905422 0.439719 0.938609 0.461844 0.969031 0.490875 0.989766 0.524062 0.998437 0.534832
0 0.850109 0.623625 0.815547 0.629141 0.796187 0.648500 0.786500 0.676156 0.782359 0.687219 0.767141 0.692750 0.754703 0.694141 0.736719 0.706578 0.720125 0.719031 0.704922 0.734234 0.681422 0.753594 0.666203 0.770188 0.653766 0.789547 0.641313 0.804750 0.627484 0.821344 0.615047 0.840703 0.599828 0.873891 0.592922 0.897406 0.598453 0.915375 0.623344 0.923672 0.646844 0.905703 0.663437 0.882188 0.675891 0.858687 0.682797 0.840703 0.696625 0.821344 0.713219 0.806141 0.727047 0.792312 0.742250 0.774344 0.768531 0.754984 0.776828 0.741156 0.793422 0.728703 0.804484 0.716266 0.819687 0.699672 0.829375 0.685844 0.843203 0.680312 0.858406 0.659563 0.868094 0.641594
0 0.850109 0.725938 0.811391 0.734234 0.787891 0.749453 0.769906 0.771578 0.757469 0.786781 0.750547 0.804750 0.768531 0.825500 0.782359 0.832406 0.810016 0.811672 0.830750 0.789547 0.858406 0.770188 0.876375 0.768813 0.905422 0.764656 0.924781 0.753594 0.957969 0.752219 0.987000 0.752219 0.998437 0.755764 0.998437 0.715730 0.962109 0.706578 0.934453 0.705203 0.899891 0.709344 0.877766 0.712109
0 0.998437 0.776976 0.996688 0.777109 0.971797 0.772953 0.945516 0.785391 0.912328 0.795078 0.870859 0.801984 0.836281 0.819969 0.803094 0.839328 0.785125 0.849000 0.756078 0.862828 0.736719 0.876656 0.721516 0.900172 0.704922 0.912609 0.686953 0.930594 0.691094 0.955469 0.711844 0.967922 0.738109 0.958234 0.760234 0.940266 0.772672 0.929203 0.793422 0.914000 0.810016 0.896016 0.823844 0.882188 0.850109 0.872516 0.880531 0.862828 0.915094 0.850391 0.942750 0.842094 0.975937 0.828266 0.998437 0.826484
1 0.654219 0.004531 0.638359 0.041891 0.608922 0.062281 0.595328 0.112094 0.595328 0.148328 0.603266 0.181156 0.584016 0.194750 0.567031 0.262688 0.540984 0.306844 0.528531 0.362312 0.537594 0.396281 0.543250 0.415531 0.530797 0.417797 0.536453 0.437047 0.522875 0.455156 0.525141 0.473281 0.524000 0.481203 0.511547 0.484594 0.519469 0.502719 0.520609 0.523094 0.530797 0.517437 0.544391 0.500453 0.551172 0.465359 0.573828 0.454031 0.589672 0.450641 0.595328 0.438172 0.623641 0.439313 0.615719 0.394016 0.629297 0.349859 0.651953 0.305703 0.661000 0.267203 0.666672 0.211734 0.677984 0.161906 0.694969 0.106438 0.702906 0.060016 0.705156 0.002266
1 0.413047 0.723500 0.396063 0.754078 0.373422 0.819750 0.370016 0.850313 0.355297 0.929578 0.377937 0.910328 0.409641 0.900141 0.418703 0.892203 0.427766 0.866172 0.414172 0.846922 0.408516 0.831063 0.411906 0.810688 0.426625 0.774453 0.430031 0.762000 0.433422 0.739359 0.448141 0.685016
0 0.478391 0.449313 0.432844 0.482437 0.459750 0.550766 0.463891 0.687437 0.430766 0.774391 0.422484 0.822016 0.420406 0.861359 0.453547 0.863422 0.521875 0.712281 0.509453 0.519719 0.501172 0.476234
0 0.302391 0.277453 0.337594 0.231906 0.341734 0.140797 0.329313 0.113875 0.281687 0.113875 0.298250 0.173922 0.275469 0.231906 0.277547 0.277453
0 0.252703 0.294016 0.283750 0.275391 0.385219 0.215344 0.449406 0.190500 0.523938 0.173922 0.575703 0.169781 0.581922 0.134594 0.507375 0.124234 0.422484 0.142875 0.318953 0.198781 0.227844 0.260891 0.215422 0.296094 0.238203 0.296094