0 0.998437 0.462936 0.995594 0.528937 0.958891 0.584516 0.911703 0.644297 0.859266 0.684141 0.782719 0.694625 0.761750 0.673656 0.772234 0.645344 0.805781 0.621219 0.868703 0.582422 0.903312 0.558313 0.929531 0.495391 0.957844 0.406250 0.971469 0.330750 0.984062 0.304531 0.998437 0.302144
0 0.814172 0.196516 0.887578 0.186031 0.934781 0.198609 0.998437 0.220048 0.998437 0.140039 0.971469 0.121016 0.885484 0.110531 0.796344 0.117875 0.735531 0.130453 0.675750 0.151422 0.688344 0.180781 0.737625 0.196516
0 0.510515 0.000000 0.506922 0.028734 0.468125 0.081172 0.444000 0.125203 0.396813 0.186031 0.354859 0.196516 0.351719 0.157719 0.365359 0.110531 0.414641 0.065437 0.438766 0.021391 0.441106 0.000000
0 0.282969 0.000000 0.325500 0.072781 0.318156 0.172406 0.312922 0.254187 0.291953 0.287750 0.279359 0.343328 0.265734 0.397859 0.247906 0.448203 0.211203 0.430375 0.202812 0.380031 0.220641 0.299281 0.234266 0.210156 0.252094 0.154578 0.257344 0.079063 0.239516 0.037125 0.239516 0.000000
0 0.580328 0.000000 0.580328 0.028734 0.543625 0.102141 0.494344 0.201766 0.457641 0.272016 0.415687 0.361156 0.410437 0.437703 0.409391 0.460781 0.368500 0.469172 0.349625 0.442953 0.342281 0.374797 0.367453 0.285656 0.396813 0.212250 0.430375 0.152469 0.464969 0.084313 0.514266 0.005656 0.522866 0.000000
0 0.520547 0.296141 0.496438 0.364297 0.489094 0.421984 0.489094 0.492234 0.496438 0.570891 0.501672 0.607594 0.499578 0.631719 0.475469 0.649531 0.452391 0.640094 0.447141 0.598156 0.433516 0.540484 0.428266 0.472312 0.430375 0.409391 0.440859 0.351719 0.451344 0.311875 0.461828 0.259437 0.488047 0.241609 0.506922 0.251047 0.512172 0.269922
0 0.583469 0.220641 0.590812 0.282516 0.596063 0.340188 0.598156 0.387375 0.601297 0.421984 0.588719 0.492234 0.634859 0.372687 0.648484 0.335984 0.653734 0.301391 0.646391 0.233219 0.641156 0.196516 0.620172 0.162969 0.593953 0.175547 0.583469 0.193375
0 0.695672 0.382125 0.674703 0.460781 0.653734 0.516359 0.648484 0.565641 0.674703 0.626469 0.690438 0.654781 0.716656 0.696734 0.787969 0.752313 0.808938 0.781672 0.803687 0.799500 0.777469 0.825719 0.732375 0.786906 0.677859 0.741828 0.635906 0.705125 0.604453 0.652688 0.583469 0.592906 0.578234 0.540484 0.592906 0.484906 0.619125 0.404156 0.648484 0.351719 0.669469 0.335984 0.682047 0.350672
0 0.784812 0.201766 0.813125 0.264687 0.821516 0.343328 0.821516 0.385281 0.803687 0.463922 0.793203 0.507969 0.769078 0.544672 0.753359 0.553063 0.708266 0.524750 0.737625 0.469172 0.753359 0.442953 0.753359 0.372687 0.753359 0.325500 0.740766 0.236375 0.730281 0.204906 0.750203 0.178688 0.769078 0.182891
0 0.000618 0.000000 0.024531 0.042359 0.048656 0.102141 0.061234 0.165062 0.066484 0.215391 0.085359 0.248953 0.116828 0.299281 0.137797 0.346469 0.137797 0.377937 0.111578 0.386328 0.085359 0.367453 0.041313 0.304531 0.015094 0.246859 0.009859 0.236375 0.000000 0.203508
0 0.168447 0.000000 0.158766 0.075922 0.151422 0.162969 0.155625 0.207000 0.158766 0.225875 0.132547 0.248953 0.109484 0.262578 0.093750 0.208047 0.078016 0.129406 0.074875 0.056000 0.089520 0.000000
0 0.214344 0.741828 0.203859 0.802641 0.188125 0.949453 0.189631 0.998437 0.116828 0.998437 0.116828 0.968328 0.116828 0.915891 0.124156 0.868703 0.137797 0.802641 0.153531 0.734484 0.171344 0.713500 0.197563 0.710359 0.213297 0.726094
0 0.429328 0.627516 0.410437 0.668422 0.399953 0.684141 0.376891 0.734484 0.347531 0.760703 0.316062 0.786906 0.277266 0.815219 0.245813 0.849828 0.216437 0.870812 0.193375 0.883391 0.200719 0.828859 0.211203 0.797406 0.250000 0.755453 0.284609 0.727141 0.344375 0.661078 0.381078 0.619125 0.405203 0.592906 0.417781 0.600250
0 0.099000 0.381078 0.109484 0.440859 0.109484 0.532094 0.091656 0.582422 0.078016 0.634859 0.057047 0.666313 0.020344 0.671562 0.000000 0.643803 0.000000 0.636895 0.032922 0.598156 0.036078 0.556203 0.036078 0.509016 0.036078 0.449250 0.033969 0.402063 0.025594 0.320266 0.025594 0.294047 0.053906 0.320266 0.069625 0.353813 0.109484 0.385281
0 0.828797 0.752719 0.887234 0.745922 0.948375 0.769016 0.998437 0.780286 0.998437 0.717501 0.989125 0.714672 0.927984 0.687500 0.880437 0.687500 0.802984 0.687500 0.758156 0.690219 0.741844 0.701094 0.737766 0.710594 0.767656 0.730984 0.781250 0.748641
1 0.117531 0.674594 0.100547 0.723281 0.091484 0.757250 0.074500 0.761781 0.048453 0.769703 0.066578 0.791219 0.088094 0.818391 0.073375 0.839906 0.059781 0.846688 0.045063 0.858016 0.039406 0.888594 0.052984 0.923688 0.076766 0.958781 0.092625 0.995016 0.090218 0.998437 0.115943 0.998437 0.117531 0.995016 0.107344 0.982562 0.114125 0.954250 0.115266 0.933875 0.106203 0.923688 0.114125 0.908969 0.127719 0.886328 0.131109 0.852359 0.139047 0.834234 0.131109 0.782156 0.134516 0.702906 0.132250 0.687047
1 0.108359 0.392766 0.094875 0.413000 0.118484 0.423109 0.100500 0.441094 0.108359 0.452344 0.121859 0.463578 0.109484 0.483812 0.111734 0.501797 0.120734 0.514156 0.112859 0.523156 0.104984 0.550141 0.099375 0.568125 0.089250 0.604094 0.117359 0.598469 0.148828 0.608594 0.180312 0.618703 0.203906 0.554625 0.183672 0.518656 0.184797 0.466953 0.187047 0.391641 0.175812 0.336562 0.175812 0.282594 0.188172 0.267984 0.194922 0.175812 0.183672 0.126344 0.189297 0.099375 0.199422 0.052156 0.198297 0.030797 0.178063 0.008313 0.165687 0.017313 0.155578 0.033047 0.151078 0.049906 0.156703 0.063406 0.165687 0.078016 0.147703 0.090375 0.146578 0.103859 0.153328 0.120734 0.158953 0.131969 0.147703 0.138719 0.147703 0.158953 0.155578 0.197172 0.155578 0.232016 0.125219 0.255625 0.103859 0.246625 0.100500 0.253375 0.110609 0.265734 0.106109 0.276984 0.116234 0.291594 0.127469 0.303953 0.143203 0.333188 0.146578 0.350047 0.143203 0.370281 0.134219 0.380391 0.121859 0.388266
1 0.068100 0.000000 0.067547 0.005797 0.059125 0.032938 0.069422 0.061937 0.061937 0.080656 0.049781 0.098422 0.061937 0.119016 0.068484 0.127437 0.061000 0.137719 0.063813 0.149891 0.072234 0.179828 0.083453 0.177953 0.081594 0.153625 0.079719 0.121813 0.083453 0.058203 0.091512 0.000000
0 0.206922 0.669391 0.312953 0.547563 0.470859 0.432516 0.549828 0.371609 0.581406 0.400938 0.545312 0.459594 0.394172 0.552078 0.324234 0.622016 0.267828 0.698719 0.243016 0.723531
0 0.665625 0.017047 0.810391 0.077203 0.864906 0.116687 0.973937 0.216328 0.992734 0.255797 0.958906 0.289641 0.900625 0.227609 0.791578 0.116687 0.671266 0.097891 0.629906 0.060281 0.629906 0.035844