0 0.099609 0.001953 0.080078 0.033203 0.064453 0.072266 0.052734 0.111328 0.041016 0.144531 0.058594 0.197266 0.066406 0.240234 0.025391 0.259766 0.011719 0.216797 0.003906 0.179688 0.001953 0.123047 0.003906 0.068359 0.013672 0.039062 0.029297 0.007812
0 0.130859 0.007812 0.125000 0.039062 0.109375 0.078125 0.080078 0.125000 0.058594 0.162109 0.074219 0.205078 0.099609 0.208984 0.126953 0.173828 0.146484 0.130859 0.166016 0.085938 0.189453 0.046875 0.199219 0.013672 0.195312 0.003906 0.169922 0.001953
0 0.224609 0.001953 0.201172 0.019531 0.207031 0.056641 0.226562 0.054688 0.253906 0.039062 0.285156 0.023438 0.303125 0.000000 0.269531 0.003906
0 0.320312 0.003906 0.312500 0.037109 0.294922 0.056641 0.285156 0.087891 0.283203 0.105469 0.328125 0.144531 0.335938 0.115234 0.355469 0.080078 0.373047 0.054688 0.406250 0.000000 0.366609 0.000766
0 0.494141 0.001953 0.498047 0.046875 0.507812 0.087891 0.507812 0.119141 0.541016 0.162109 0.578125 0.193359 0.605469 0.220703 0.619141 0.238281 0.644531 0.216797 0.632812 0.171875 0.587891 0.125000 0.572266 0.085938 0.566406 0.054688 0.562500 0.003906 0.525391 0.003906
0 0.654297 0.005859 0.658203 0.046875 0.666016 0.095703 0.675781 0.134766 0.699219 0.150391 0.728516 0.132812 0.720703 0.115234 0.712656 0.074687 0.712656 0.048016 0.711891 0.016766 0.710938 0.003906 0.683594 0.001953
0 0.441406 0.126953 0.480469 0.181641 0.519531 0.224609 0.548828 0.253906 0.599609 0.271484 0.669969 0.284297 0.683688 0.300312 0.669969 0.329266 0.648625 0.333078 0.591797 0.328125 0.527438 0.302594 0.478516 0.265625 0.445312 0.218750 0.423828 0.183594 0.400391 0.146484 0.412109 0.128906
0 0.343750 0.273438 0.394531 0.306641 0.427734 0.347656 0.462891 0.375000 0.488281 0.431641 0.503906 0.494141 0.521484 0.542969 0.531250 0.574219 0.529297 0.625000 0.505859 0.609375 0.460359 0.538875 0.445125 0.484000 0.421875 0.425781 0.402344 0.386719 0.359375 0.355469 0.332031 0.320312 0.320312 0.292969
0 0.271484 0.117188 0.253906 0.121094 0.263672 0.166016 0.275922 0.220281 0.277344 0.273438 0.291016 0.345703 0.304688 0.408203 0.308594 0.462891 0.310547 0.507812 0.335938 0.533203 0.353516 0.486328 0.359375 0.419922 0.349609 0.375000 0.339844 0.333984 0.320312 0.310547 0.316406 0.281250 0.341469 0.269813 0.339844 0.222656 0.330078 0.199219 0.324219 0.166016 0.294922 0.123047
0 0.117188 0.337891 0.173828 0.371094 0.210938 0.416016 0.259766 0.480469 0.292969 0.544922 0.339844 0.597656 0.369141 0.640625 0.388672 0.681641 0.361328 0.697266 0.310547 0.677734 0.271484 0.617188 0.242188 0.564453 0.212891 0.519531 0.187500 0.472656 0.162109 0.435547 0.132812 0.410156 0.103516 0.388672 0.091797 0.343750
0 0.742188 0.455078 0.720703 0.484375 0.724609 0.525391 0.740234 0.585938 0.759766 0.630859 0.759766 0.673828 0.783203 0.722656 0.810547 0.765625 0.835938 0.789062 0.869141 0.785156 0.871094 0.755859 0.859375 0.728516 0.828125 0.683594 0.804688 0.609375 0.789062 0.541016 0.781250 0.486328 0.769531 0.460938
0 0.968750 0.316406 0.933594 0.330078 0.919922 0.369141 0.910156 0.410156 0.900391 0.460938 0.908203 0.513672 0.917969 0.554688 0.919922 0.609375 0.912109 0.675781 0.898438 0.718750 0.921875 0.736328 0.951172 0.716797 0.984375 0.660156 0.990234 0.601562 0.976562 0.537109 0.962891 0.468750 0.964844 0.429688 0.984375 0.384766 0.992188 0.337891
0 0.744141 0.685547 0.757812 0.716797 0.783531 0.758391 0.795734 0.769813 0.821641 0.794203 0.875000 0.785828 0.886438 0.757625 0.935969 0.744672 0.971031 0.717219 0.998437 0.705496 0.998437 0.767933 0.982422 0.787109 0.923828 0.806641 0.880859 0.818359 0.835938 0.830078 0.800781 0.833984 0.757812 0.818359 0.724609 0.771484 0.708984 0.730469 0.708984 0.699219
0 0.777344 0.867188 0.808594 0.900391 0.849609 0.898438 0.890625 0.908203 0.951172 0.908203 0.980469 0.906250 0.968750 0.929688 0.964844 0.943359 0.941406 0.955078 0.896484 0.955078 0.826172 0.941406 0.792969 0.927734 0.763672 0.896484 0.755859 0.880859
0 0.648438 0.800781 0.615234 0.808594 0.617188 0.853516 0.617188 0.919922 0.613281 0.970703 0.614258 0.998437 0.667834 0.998437 0.664062 0.945312 0.679688 0.892578 0.679688 0.857422 0.671875 0.806641
0 0.263672 0.800781 0.302734 0.802734 0.373047 0.783203 0.423828 0.765625 0.468750 0.742188 0.539062 0.699219 0.580078 0.683594 0.589844 0.726562 0.535156 0.759766 0.478516 0.785156 0.439453 0.802734 0.402344 0.824219 0.351562 0.839844 0.312500 0.843750 0.269531 0.841797 0.251953 0.818359
0 0.373047 0.773438 0.398438 0.750000 0.445312 0.714844 0.490234 0.687500 0.535156 0.667969 0.585938 0.648438 0.630859 0.636719 0.648438 0.658203 0.638672 0.687500 0.589844 0.699219 0.578125 0.677734 0.539062 0.693359 0.494141 0.718750 0.453125 0.746094 0.417969 0.761719
0 0.464844 0.804688 0.482422 0.841797 0.505859 0.888672 0.511719 0.943359 0.505859 0.998047 0.505941 0.998437 0.473421 0.998437 0.470703 0.968750 0.451172 0.960938 0.447266 0.910156 0.433594 0.857422 0.431641 0.822266
0 0.318359 0.955078 0.294922 0.974609 0.304443 0.998437 0.374692 0.998437 0.357422 0.972656
0 0.191406 0.498047 0.169922 0.500000 0.154297 0.544922 0.175781 0.619141 0.175781 0.679688 0.183688 0.750000 0.189453 0.787109 0.202750 0.848328 0.214844 0.890625 0.236328 0.910156 0.267578 0.878906 0.263672 0.824219 0.248047 0.785156 0.240234 0.714844 0.236328 0.660156 0.226562 0.597656 0.216797 0.562500 0.207031 0.521484
0 0.072266 0.402344 0.060547 0.398438 0.050781 0.421875 0.070312 0.468750 0.087891 0.525391 0.107422 0.589844 0.128906 0.638672 0.128906 0.683594 0.128906 0.726562 0.142578 0.777344 0.150391 0.787109 0.175781 0.779297 0.181641 0.726562 0.175781 0.652344 0.167969 0.589844 0.158203 0.541016 0.138719 0.495422 0.117188 0.437500 0.093750 0.412109
0 0.001953 0.359375 0.031250 0.365234 0.044922 0.408203 0.062500 0.507812 0.087891 0.574219 0.107422 0.646484 0.123047 0.703125 0.121094 0.746094 0.083984 0.728516 0.062500 0.687500 0.032016 0.613563 0.017531 0.555641 0.005859 0.511719 0.001953 0.468750 0.003906 0.417969
0 0.001953 0.601562 0.021484 0.658203 0.044922 0.697266 0.074219 0.740234 0.113281 0.785156 0.134766 0.814453 0.101562 0.837891 0.068359 0.820312 0.033203 0.779297 0.009766 0.742188 0.000000 0.714844 0.000000 0.650391
0 0.001953 0.886719 0.017578 0.923828 0.025391 0.970703 0.029053 0.998437 0.005317 0.998437 0.005859 0.990234 0.003906 0.947266
1 0.721906 0.007266 0.726750 0.032703 0.731594 0.042391 0.719484 0.046031 0.723109 0.061766 0.713422 0.095688 0.724328 0.112641 0.731594 0.135656 0.715844 0.145344 0.724328 0.182891 0.717047 0.211969 0.706156 0.245875 0.704937 0.297969 0.708578 0.352469 0.709781 0.405766 0.707359 0.440891 0.700094 0.488125 0.701313 0.547484 0.692828 0.569281 0.702516 0.618938 0.702516 0.656500 0.677078 0.685562 0.649219 0.703734 0.654062 0.727953 0.672234 0.730375 0.680719 0.766719 0.714625 0.809109 0.732797 0.818797 0.723109 0.784891 0.720688 0.764297 0.704937 0.740062 0.707359 0.696469 0.717047 0.686766 0.750969 0.692828 0.759453 0.691625 0.760656 0.667391 0.742484 0.601984 0.730375 0.571703 0.729172 0.543844 0.725531 0.522047 0.718266 0.479656 0.738859 0.454219 0.766719 0.454219 0.780031 0.467531 0.798203 0.451797 0.812750 0.408188 0.804266 0.379125 0.790937 0.322187 0.780031 0.284641 0.773984 0.255578 0.794578 0.213172 0.811531 0.184109 0.827281 0.134453 0.817594 0.110219 0.813953 0.071469 0.793359 0.050875 0.789734 0.015750 0.799422 0.004844
1 0.376766 0.054297 0.347969 0.100844 0.336875 0.132984 0.334656 0.155141 0.328016 0.167328 0.337984 0.206109 0.339094 0.237141 0.346859 0.251547 0.371234 0.259313 0.378984 0.230500 0.380094 0.193922 0.376766 0.176203 0.376766 0.138516 0.373453 0.094188 0.402266 0.032141 0.407797 0.006656 0.386750 0.021063
1 0.254594 0.199453 0.242641 0.218750 0.257359 0.308828 0.245406 0.363969 0.243562 0.412687 0.233453 0.445766 0.258266 0.445766 0.254594 0.469672 0.278500 0.477016 0.291359 0.483453 0.283094 0.500922 0.296875 0.525734 0.308828 0.527578 0.302391 0.503672 0.311578 0.484375 0.306984 0.455875 0.302391 0.446688 0.295031 0.433828 0.298719 0.415438 0.291359 0.406250 0.271141 0.416359 0.270219 0.399813 0.287687 0.383266 0.284000 0.358453 0.282172 0.326281 0.284000 0.308828 0.284922 0.290438 0.270219 0.289516 0.275734 0.250922 0.278500 0.239891 0.274813 0.218750 0.262875 0.188422
1 0.244484 0.588234 0.238047 0.639703 0.234375 0.656250 0.244484 0.707719 0.246328 0.738047 0.250922 0.757359 0.258266 0.771141 0.252750 0.782172 0.258266 0.794125 0.276656 0.805141 0.303312 0.796875 0.291359 0.772062 0.295031 0.738969 0.315250 0.698531 0.295031 0.681984 0.283094 0.652578 0.278500 0.637875 0.271141 0.617641 0.254594 0.597422
1 0.188422 0.828125 0.176469 0.906250 0.167281 0.965078 0.181062 0.984375 0.204969 0.946688 0.227937 0.952203 0.261031 0.969672 0.290438 0.976109 0.309750 0.957719 0.321688 0.942094 0.316172 0.919125 0.305141 0.877750 0.293203 0.853859 0.287687 0.878672 0.271141 0.888781 0.258266 0.901656 0.238969 0.908094 0.215078 0.906250 0.208641 0.890625 0.193016 0.857531
0 0.340531 0.975703 0.408156 0.968453 0.504750 0.898406 0.562719 0.835625 0.625516 0.782484 0.673813 0.712453 0.654484 0.700375 0.584453 0.719703 0.499922 0.816297 0.410562 0.920156 0.326031 0.934641
0 0.396078 0.695547 0.437125 0.695547 0.437125 0.603766 0.434719 0.504750 0.461281 0.374344 0.461281 0.301891 0.444375 0.284984 0.422641 0.318797 0.400906 0.461281 0.379172 0.548219 0.379172 0.623094
0 0.550641 0.200453 0.574797 0.326031 0.553063 0.451625 0.536156 0.557891 0.531313 0.615844 0.569969 0.632750 0.596531 0.613438 0.594109 0.502344 0.620672 0.367094 0.608609 0.234266 0.577203 0.190797
0 0.823547 0.900828 0.893578 0.898406 0.998437 0.840570 0.998437 0.773407 0.903250 0.813891 0.813891 0.862187