0 0.002547 0.102797 0.014891 0.082234 0.035437 0.053453 0.064234 0.043172 0.088891 0.014391 0.088891 0.008219 0.062172 0.002063 0.014891 0.002063 0.004609 0.002063 0.000000 0.026562 0.002547 0.059625 0.000000 0.079687
0 0.181422 0.125406 0.212250 0.113078 0.228703 0.104859 0.253375 0.084297 0.278047 0.063734 0.302719 0.055516 0.338422 0.039641 0.350000 0.055516 0.382891 0.063734 0.411672 0.049344 0.419906 0.028781 0.424016 0.014391 0.436344 0.010281 0.446625 0.012328 0.448688 0.032891 0.434297 0.051391 0.419906 0.069906 0.374672 0.084297 0.329437 0.096625 0.292438 0.123359 0.263656 0.137750 0.257484 0.162422 0.228703 0.166531 0.197859 0.152141 0.181422 0.145969
0 0.315047 0.004109 0.325328 0.022609 0.341781 0.034953 0.359750 0.055641 0.387188 0.057922 0.404719 0.047250 0.415391 0.030484 0.407781 0.000000 0.345891 0.000000
0 0.769406 0.102797 0.785859 0.127469 0.792016 0.145969 0.798187 0.172703 0.806422 0.191203 0.822859 0.201484 0.841359 0.187094 0.859875 0.170641 0.863984 0.141859 0.857812 0.119250 0.849594 0.098687 0.835203 0.076063 0.820813 0.053453 0.845484 0.057563 0.882484 0.045234 0.911266 0.030844 0.905094 0.004109 0.806422 0.002063 0.781750 0.004109 0.755016 0.020563 0.752953 0.053453 0.759125 0.069906
0 0.004609 0.201484 0.023109 0.197375 0.058062 0.187094 0.097125 0.187094 0.140297 0.195312 0.158797 0.222047 0.156750 0.246703 0.130016 0.240547 0.097125 0.234375 0.068344 0.234375 0.053953 0.248766 0.033391 0.261109 0.004609 0.271375 0.006656 0.234375
0 0.288328 0.269328 0.306828 0.261109 0.345891 0.254937 0.378781 0.256984 0.445891 0.271344 0.469250 0.261109 0.508312 0.238484 0.535031 0.213813 0.548016 0.192078 0.577750 0.178359 0.613156 0.182984 0.633391 0.183688 0.641000 0.202750 0.619328 0.219984 0.602875 0.248766 0.588484 0.254937 0.547375 0.275500 0.541203 0.296047 0.543250 0.322781 0.516531 0.318672 0.467187 0.326891 0.434297 0.328953 0.401391 0.320719 0.360281 0.304281 0.329437 0.300172 0.308875 0.304281 0.292438 0.294000
0 0.824922 0.215875 0.835203 0.199422 0.857812 0.189141 0.873156 0.181313 0.905094 0.207641 0.905094 0.254937 0.900984 0.273438 0.898938 0.289891 0.915375 0.320719 0.944156 0.359781 0.970891 0.372125 0.998437 0.375547 0.998437 0.427625 0.968828 0.427625 0.917437 0.413234 0.892766 0.392687 0.859875 0.363891 0.839312 0.322781 0.835203 0.277547 0.822859 0.248766
0 0.866484 0.114469 0.892766 0.108969 0.917437 0.119250 0.940047 0.137750 0.956500 0.160359 0.975938 0.181313 0.998437 0.199370 0.998437 0.308360 0.979109 0.291938 0.952391 0.265219 0.919125 0.229781 0.899062 0.190516 0.868141 0.157922
0 0.845484 0.594156 0.861922 0.592109 0.878375 0.598266 0.894812 0.614719 0.913328 0.629109 0.935937 0.659953 0.935937 0.684625 0.935937 0.717516 0.915375 0.748359 0.874266 0.764797 0.835203 0.746297 0.820813 0.725734 0.808469 0.699016 0.810531 0.684625 0.829031 0.684625 0.826969 0.701063 0.841359 0.707234 0.874266 0.709297 0.884547 0.699016 0.890703 0.676391 0.884547 0.653781 0.857812 0.639391 0.839312 0.620891 0.820813 0.608547
0 0.641937 0.505750 0.646047 0.489313 0.658391 0.466688 0.683063 0.448187 0.705672 0.456422 0.728297 0.474922 0.748844 0.493422 0.771469 0.505750 0.806422 0.522203 0.831078 0.520141 0.851641 0.532484 0.863984 0.550984 0.887187 0.570125 0.884141 0.593750 0.857812 0.585938 0.822859 0.583875 0.773516 0.563328 0.736516 0.548937 0.713891 0.538656 0.693344 0.534547 0.674828 0.550984 0.666609 0.538656 0.670719 0.524266 0.666609 0.509875
0 0.627500 0.496328 0.598766 0.485203 0.578203 0.474922 0.561766 0.460531 0.532984 0.460531 0.526813 0.472859 0.510359 0.452297 0.487750 0.452297 0.463078 0.448187 0.436344 0.448187 0.417844 0.448187 0.399344 0.448187 0.372609 0.460531 0.345891 0.456422 0.337672 0.431750 0.352063 0.409125 0.384953 0.394734 0.426063 0.384453 0.458969 0.382406 0.500078 0.380344 0.539141 0.388563 0.563266 0.398625 0.594922 0.407750 0.617266 0.415297 0.629609 0.423516 0.641937 0.439969 0.641937 0.452297 0.650062 0.482125
0 0.347938 0.596219 0.374672 0.585938 0.399344 0.598266 0.426063 0.610609 0.446625 0.641453 0.471297 0.676391 0.508312 0.701063 0.537094 0.725734 0.565875 0.756578 0.576156 0.777141 0.611109 0.795641 0.646047 0.826484 0.658391 0.853203 0.648109 0.877875 0.602875 0.871703 0.559703 0.851156 0.528859 0.836766 0.500078 0.807984 0.463078 0.766859 0.436344 0.738078 0.407562 0.703125 0.382891 0.674344 0.352063 0.674344 0.337672 0.645563 0.333547 0.618828
0 0.002500 0.489641 0.032594 0.508016 0.054312 0.525563 0.080672 0.540703 0.107406 0.542766 0.136187 0.540703 0.144406 0.516031 0.171141 0.501641 0.193750 0.493422 0.216359 0.493422 0.224594 0.524266 0.226641 0.538656 0.206078 0.557156 0.189641 0.581828 0.158797 0.596219 0.139531 0.605781 0.111125 0.635859 0.053953 0.612672 0.030078 0.597422 0.000000 0.564063 0.003344 0.547297 0.000828 0.512203
0 0.004609 0.596219 0.031328 0.612672 0.060109 0.627062 0.084781 0.649672 0.115625 0.668172 0.142359 0.684625 0.162906 0.684625 0.185531 0.678453 0.222531 0.678453 0.238984 0.703125 0.222531 0.723688 0.206078 0.744250 0.189641 0.752469 0.134125 0.752469 0.097125 0.740125 0.060109 0.717516 0.041609 0.686672 0.004609 0.666125 0.000500 0.616781
0 0.121797 0.828531 0.099172 0.807984 0.072453 0.795641 0.041609 0.766859 0.010766 0.748359 0.002547 0.736016 0.006656 0.699016 0.037500 0.703125 0.062172 0.717516 0.078625 0.736016 0.111516 0.762750 0.123844 0.781250 0.152625 0.803859 0.142359 0.818250
0 0.228703 0.528375 0.245141 0.503703 0.263656 0.487250 0.253375 0.466688 0.253375 0.442016 0.267766 0.427625 0.284203 0.431750 0.298609 0.439969 0.329437 0.454359 0.339719 0.470812 0.345891 0.491359 0.321219 0.501641 0.306828 0.509875 0.286266 0.534547 0.275984 0.567438 0.238141 0.560656
0 0.839312 0.849094 0.849594 0.830594 0.859875 0.812094 0.884547 0.799750 0.903047 0.791531 0.915375 0.803859 0.907156 0.830594 0.896875 0.853203 0.880422 0.871703 0.855750 0.888156 0.839312 0.871703
0 0.728297 0.886109 0.757078 0.865547 0.783797 0.861438 0.794078 0.867594 0.796141 0.886109 0.789969 0.912828 0.763234 0.941609 0.736516 0.982734 0.719250 0.998437 0.627326 0.998437 0.654281 0.976562 0.683063 0.941609 0.697453 0.916938
0 0.175250 0.919000 0.199922 0.902547 0.232813 0.900500 0.271875 0.898438 0.296547 0.896375 0.325328 0.896375 0.347938 0.902547 0.395234 0.908719 0.428125 0.912828 0.456906 0.912828 0.462906 0.917453 0.469250 0.931328 0.465125 0.951891 0.458969 0.966281 0.417844 0.970391 0.374672 0.972453 0.339719 0.972453 0.294484 0.972453 0.259547 0.972453 0.236922 0.966281 0.216359 0.964234 0.187578 0.956000 0.179359 0.941609
0 0.001719 0.796703 0.022328 0.796703 0.042922 0.824172 0.037781 0.836187 0.032625 0.848219 0.022328 0.856797 0.005156 0.848219 0.005156 0.827609
1 0.103609 0.005016 0.080219 0.029250 0.072688 0.036766 0.068516 0.042609 0.085234 0.050969 0.093578 0.055141 0.103609 0.042609 0.126172 0.035922 0.148734 0.040109 0.174625 0.044281 0.197188 0.033422 0.224766 0.023391 0.239812 0.020047 0.248156 0.023391 0.278234 0.021719 0.289109 0.014203 0.312500 0.005016 0.305812 0.001672 0.224766 0.000828 0.137031 0.001672 0.119484 0.003344
1 0.668453 0.022562 0.662594 0.028406 0.656750 0.033422 0.645891 0.040109 0.640047 0.049297 0.644219 0.061000 0.637531 0.076031 0.635031 0.087734 0.645891 0.092750 0.672625 0.096922 0.682656 0.105281 0.699359 0.089406 0.708562 0.076031 0.714406 0.066844 0.721922 0.056813 0.725266 0.049297 0.720250 0.045125 0.713562 0.048469 0.701875 0.058484 0.690172 0.058484 0.687672 0.050141 0.688500 0.038437 0.694359 0.030078 0.695188 0.020047 0.677641 0.015875
1 0.100266 0.630016 0.106953 0.642547 0.119484 0.635031 0.119484 0.619984 0.140375 0.614141 0.160422 0.604109 0.167109 0.596594 0.188000 0.584063 0.198031 0.574859 0.207219 0.564844 0.219750 0.548969 0.225609 0.549797 0.228938 0.571531 0.239812 0.582391 0.258188 0.583219 0.270719 0.574859 0.288266 0.575703 0.293281 0.608281 0.290781 0.641719 0.289938 0.657594 0.286594 0.671797 0.279906 0.677641 0.269891 0.673469 0.257359 0.661766 0.241484 0.655922 0.225609 0.655922 0.209719 0.655078 0.191344 0.657594 0.168781 0.664266 0.147063 0.668453 0.131187 0.664266 0.121984 0.655922 0.109453 0.651734 0.090234 0.651734 0.079375 0.641719 0.078547 0.631687 0.078547 0.620828 0.082719 0.618313
1 0.381250 0.466672 0.406250 0.481938 0.436812 0.492359 0.461109 0.524312 0.498609 0.546531 0.541672 0.569438 0.583328 0.591672 0.638188 0.610422 0.703469 0.657641 0.736812 0.680562 0.764578 0.688891 0.806250 0.705562 0.806250 0.686813 0.813188 0.675000 0.826391 0.681937 0.829859 0.697219 0.840281 0.704859 0.859031 0.710422 0.879172 0.710422 0.886109 0.703469 0.890281 0.689578 0.884719 0.679859 0.881250 0.668063 0.875688 0.659031 0.861812 0.646531 0.839578 0.636109 0.820141 0.643750 0.800000 0.638188 0.767359 0.636109 0.736812 0.635422 0.701391 0.625687 0.686109 0.615281 0.684719 0.588891 0.699313 0.581937 0.723609 0.581250 0.736812 0.581937 0.759719 0.582641 0.786109 0.592359 0.826391 0.614578 0.825688 0.603469 0.801391 0.595141 0.771531 0.582641 0.752078 0.571531 0.733328 0.572219 0.721531 0.562500 0.723609 0.554859 0.716672 0.543750 0.690969 0.538188 0.677781 0.547219 0.668063 0.551391 0.659719 0.541672 0.667359 0.525000 0.670141 0.518062 0.659031 0.514578 0.645141 0.522922 0.639578 0.513891 0.638891 0.506250 0.634719 0.500000 0.625000 0.501344 0.614578 0.493750 0.610422 0.509719 0.604172 0.490969 0.587500 0.501391 0.589578 0.484031 0.586812 0.474313 0.579172 0.484031 0.572219 0.481250 0.575688 0.470141 0.569438 0.463187 0.561109 0.464578 0.556937 0.461109 0.552078 0.463891 0.559031 0.470828 0.544438 0.475687 0.527078 0.480563 0.515969 0.472219 0.495828 0.467359 0.468750 0.466672 0.459719 0.475687 0.466672 0.492359 0.431250 0.483328 0.413891 0.469438 0.408328 0.457641 0.396531 0.455562 0.379859 0.458328
1 0.288187 0.396531 0.295141 0.369437 0.313891 0.350000 0.339578 0.343750 0.356938 0.356250 0.365969 0.364578 0.390281 0.363187 0.401391 0.373609 0.407641 0.370141 0.422219 0.377781 0.429859 0.383328 0.404859 0.387500 0.393062 0.390281 0.365281 0.381937 0.353469 0.376391 0.325000 0.379859 0.305563 0.384719
0 0.483234 0.000000 0.477141 0.013719 0.470281 0.020578 0.460359 0.041922 0.457313 0.064781 0.453500 0.083844 0.458078 0.090703 0.472562 0.095281 0.480187 0.086125 0.500000 0.079266 0.519062 0.073172 0.528969 0.054109 0.535828 0.029719 0.553359 0.016000 0.587656 0.005328 0.606703 0.003047 0.631859 0.008391 0.652438 0.012953 0.684453 0.012953 0.708078 0.012953 0.717984 0.008391 0.728656 0.001531 0.687500 0.000000 0.523625 0.000000