0 0.176411 0.998437 0.203641 0.960859 0.219094 0.948828 0.219094 0.938531 0.239703 0.936812 0.264594 0.918781 0.279187 0.911922 0.280047 0.917063 0.301516 0.906766 0.313531 0.899031 0.319547 0.910203 0.344438 0.905906 0.371906 0.897328 0.393375 0.895609 0.383062 0.920500 0.393375 0.938531 0.399375 0.947969 0.381359 0.956563 0.343578 0.963422 0.290344 0.978875 0.264594 0.993469 0.257778 0.998437
0 0.465484 0.809750 0.485234 0.776266 0.511844 0.739359 0.529875 0.712734 0.560781 0.687844 0.594266 0.668953 0.618297 0.656078 0.638906 0.641484 0.656938 0.632891 0.683547 0.628609 0.694719 0.626031 0.709313 0.634609 0.716172 0.646641 0.705875 0.663812 0.690422 0.678406 0.683547 0.692141 0.662953 0.711016 0.638047 0.729047 0.620875 0.732484 0.602844 0.751375 0.589969 0.759953 0.574516 0.781422 0.557344 0.794297 0.533313 0.824344 0.517859 0.847531 0.500688 0.872422 0.485234 0.888734 0.468922 0.908484 0.442313 0.938531 0.419984 0.945391 0.401953 0.944547 0.390797 0.927375 0.391656 0.912781 0.402812 0.893031 0.418266 0.871562 0.437156 0.846672 0.450031 0.836359 0.461187 0.822625
0 0.508406 0.977156 0.529875 0.971156 0.587391 0.990906 0.609719 0.985750 0.629469 0.987469 0.644063 0.988328 0.655219 0.994328 0.667069 0.998437 0.678365 0.998437 0.682688 0.995188 0.700723 0.998437 0.792067 0.998437 0.796875 0.998625 0.812328 0.985750 0.828641 0.972016 0.844094 0.966000 0.858687 0.965141 0.874141 0.969438 0.891313 0.971156 0.902469 0.984891 0.902469 0.996906 0.898237 0.998437 0.493133 0.998437 0.493812 0.985750
0 0.473219 0.207078 0.495531 0.201922 0.517859 0.210516 0.543609 0.223391 0.589969 0.228531 0.650062 0.219953 0.662094 0.208797 0.680969 0.207938 0.694719 0.202781 0.699000 0.192484 0.730766 0.191625 0.757391 0.168437 0.797734 0.134094 0.815766 0.120359 0.845812 0.117781 0.862125 0.117781 0.866422 0.130672 0.873281 0.138391 0.866422 0.157281 0.846672 0.187328 0.826922 0.205359 0.794297 0.230250 0.747938 0.262875 0.713594 0.278328 0.684406 0.290344 0.665516 0.292062 0.635469 0.299797 0.608000 0.298078 0.577094 0.294641 0.541031 0.288641 0.522156 0.282625 0.492953 0.269750 0.468922 0.256875 0.459484 0.226812 0.462906 0.213937
0 0.000000 0.162378 0.004469 0.156422 0.031938 0.134953 0.055109 0.122078 0.072281 0.110063 0.116938 0.097188 0.160719 0.075719 0.198484 0.075719 0.246562 0.076578 0.288641 0.071422 0.325547 0.080016 0.338422 0.100625 0.313531 0.119500 0.293781 0.127234 0.262016 0.127234 0.200203 0.132391 0.177031 0.133234 0.146125 0.146125 0.109203 0.165859 0.083453 0.181312 0.063703 0.191625 0.035375 0.217375 0.019063 0.236266 0.000000 0.248970
0 0.998437 0.046155 0.987469 0.045672 0.979734 0.056828 0.967719 0.049109 0.966000 0.037094 0.940250 0.031938 0.914484 0.035375 0.910203 0.026781 0.917063 0.019063 0.893031 0.018203 0.887016 0.011328 0.871562 0.012187 0.842375 0.015625 0.819203 0.021641 0.801172 0.020781 0.774547 0.017344 0.754812 0.012187 0.731625 0.005328 0.732133 0.000000
0 0.405391 0.175313 0.432000 0.158141 0.457766 0.146125 0.486094 0.140969 0.501547 0.133234 0.523016 0.127234 0.529016 0.117781 0.554766 0.122937 0.567656 0.112641 0.595125 0.105766 0.635469 0.092891 0.665516 0.077437 0.680969 0.061125 0.693000 0.055109 0.706734 0.047391 0.729047 0.039656 0.746219 0.037094 0.759953 0.043953 0.766828 0.059406 0.761672 0.080016 0.752234 0.098906 0.740219 0.114359 0.711875 0.136672 0.695563 0.143547 0.667234 0.154703 0.639766 0.165000 0.611437 0.171875 0.565078 0.187328 0.543609 0.189047 0.529875 0.195906 0.515281 0.201922 0.497250 0.200203 0.470641 0.204500 0.447453 0.216516 0.437156 0.228531 0.425141 0.235406 0.405391 0.230250 0.394234 0.200203 0.393375 0.184750
0 0.556484 0.479219 0.593406 0.440594 0.620875 0.419125 0.646641 0.390797 0.666375 0.367609 0.701578 0.326406 0.722188 0.306656 0.730766 0.290344 0.741937 0.283484 0.753094 0.257734 0.786578 0.240563 0.813188 0.238844 0.826922 0.239703 0.835516 0.249141 0.836359 0.270609 0.811469 0.293781 0.787438 0.316969 0.762531 0.352156 0.730766 0.389078 0.707594 0.420844 0.693000 0.439734 0.663812 0.465484 0.650922 0.481797 0.626891 0.506703 0.615734 0.514422 0.604563 0.528156 0.591687 0.542750 0.578813 0.552203 0.561641 0.559062 0.552203 0.564219 0.541031 0.562500 0.529016 0.555625 0.519578 0.545328 0.519578 0.532453 0.527297 0.511844 0.536750 0.497250 0.548766 0.487813
0 0.808031 0.401094 0.835516 0.369328 0.862984 0.347016 0.887016 0.322969 0.901609 0.314391 0.935094 0.288641 0.957422 0.266313 0.972016 0.257734 0.997766 0.235406 0.998437 0.233878 0.998437 0.308937 0.977156 0.332422 0.968578 0.357312 0.954844 0.360750 0.943688 0.380500 0.918781 0.393375 0.907625 0.407109 0.881016 0.425141 0.864703 0.452609 0.844953 0.475797 0.830359 0.498109 0.820062 0.513562 0.814047 0.528156 0.808031 0.541891 0.789141 0.540172 0.778844 0.532453 0.771984 0.517000 0.768547 0.489531 0.777125 0.440594 0.787438 0.426000 0.801172 0.413984
0 0.439734 0.446594 0.462906 0.384781 0.488672 0.348734 0.511844 0.335859 0.554766 0.324687 0.598563 0.315250 0.626031 0.302375 0.654359 0.302375 0.680109 0.307516 0.694719 0.304937 0.693000 0.320391 0.678406 0.342719 0.667234 0.359031 0.656078 0.367609 0.638047 0.366766 0.607141 0.371047 0.581391 0.378781 0.559922 0.393375 0.538469 0.404531 0.520438 0.429438 0.513562 0.440594 0.510125 0.467203 0.501547 0.481797 0.511844 0.515281 0.510984 0.554766 0.512703 0.574516 0.511844 0.588250 0.511844 0.600281 0.511844 0.614875 0.504984 0.626891 0.492109 0.631188 0.479219 0.632047 0.462047 0.626031 0.454328 0.618297 0.453469 0.589109 0.454328 0.553922 0.452609 0.516141 0.443172 0.490391 0.432000 0.468922
0 0.813188 0.814906 0.843234 0.808891 0.868984 0.801172 0.912781 0.787438 0.929094 0.786578 0.946250 0.793437 0.960859 0.799453 0.972016 0.802031 0.977156 0.803750 0.962562 0.820906 0.934234 0.838938 0.916203 0.854391 0.898187 0.863844 0.855250 0.874141 0.829500 0.879297 0.803750 0.887016 0.777984 0.886156 0.744500 0.907625 0.735063 0.907625 0.738500 0.887875 0.704156 0.888734 0.682688 0.899031 0.674109 0.892172 0.680109 0.885297 0.650922 0.889594 0.620016 0.895609 0.589969 0.911062 0.566797 0.919641 0.556484 0.935953 0.550484 0.942828 0.535031 0.948828 0.511844 0.947109 0.496391 0.924797 0.498109 0.893891 0.516141 0.881016 0.555625 0.847531 0.565938 0.834656 0.595125 0.826063 0.614016 0.820906 0.638047 0.815766 0.686984 0.813188 0.718750 0.820062 0.747938 0.814906 0.759094 0.814906 0.758234 0.838078 0.772844 0.853531 0.788297 0.860406 0.802031 0.853531 0.806312 0.834656 0.808031 0.823484
0 0.693000 0.730766 0.724766 0.748797 0.746219 0.756531 0.758234 0.759953 0.748797 0.779703 0.759953 0.796875 0.759953 0.816625 0.762531 0.838078 0.772844 0.850969 0.789141 0.858687 0.798594 0.851813 0.804609 0.828641 0.810609 0.808031 0.831219 0.811469 0.851813 0.796016 0.865563 0.765969 0.867266 0.749656 0.862984 0.734203 0.848391 0.723047 0.815766 0.699859 0.787438 0.686984 0.766828 0.681828 0.754812 0.674109 0.741078 0.696422 0.714453 0.717891
0 0.667234 0.618297 0.682688 0.596844 0.677547 0.587391 0.688703 0.572797 0.712734 0.568516 0.732484 0.552203 0.735922 0.541031 0.762531 0.534172 0.784859 0.539312 0.804609 0.543609 0.818344 0.529016 0.822625 0.510984 0.830359 0.498969 0.850109 0.476641 0.866422 0.452609 0.881875 0.432000 0.906766 0.419125 0.921359 0.407969 0.936812 0.396813 0.954844 0.393375 0.971156 0.391656 0.983172 0.401094 0.991766 0.412266 0.989187 0.427719 0.972875 0.448312 0.946250 0.484375 0.919641 0.502406 0.881016 0.539312 0.856969 0.559922 0.817484 0.586531 0.802891 0.602844 0.785719 0.617438 0.760813 0.626031 0.751375 0.637187 0.751375 0.649203 0.749656 0.667234 0.742781 0.677547 0.733625 0.696422 0.711313 0.708828 0.688984 0.695188 0.714453 0.663812 0.718750 0.647500 0.713594 0.630328 0.697281 0.628609 0.682688 0.620875
0 0.000000 0.810861 0.018203 0.819203 0.048250 0.821766 0.073141 0.829500 0.092891 0.840656 0.120359 0.856969 0.145266 0.864703 0.161578 0.870703 0.162438 0.891313 0.169297 0.905906 0.148687 0.917922 0.116938 0.917922 0.087734 0.912781 0.055969 0.899891 0.026781 0.896469 0.000000 0.887312
0 0.192484 0.339281 0.202781 0.325547 0.211359 0.316109 0.217375 0.306656 0.239703 0.309234 0.246562 0.318688 0.248281 0.335859 0.245703 0.365047 0.252578 0.398516 0.262875 0.421703 0.274891 0.433719 0.294641 0.456906 0.316109 0.480937 0.341000 0.507563 0.371047 0.541891 0.383922 0.576234 0.403672 0.598563 0.420844 0.612297 0.433719 0.629469 0.446594 0.643203 0.444031 0.656078 0.434578 0.664656 0.419984 0.672391 0.408828 0.676687 0.391656 0.668094 0.377922 0.656078 0.349594 0.617438 0.322109 0.600281 0.304937 0.580531 0.280047 0.541031 0.245703 0.502406 0.208797 0.468922 0.198484 0.430281 0.191625 0.403672 0.184750 0.360750
0 0.000000 0.424209 0.003609 0.426859 0.031078 0.458625 0.061984 0.497250 0.091172 0.529016 0.120359 0.559922 0.143547 0.585688 0.189047 0.627750 0.214797 0.657797 0.228531 0.674109 0.234547 0.686984 0.240563 0.697281 0.232828 0.711016 0.213078 0.712734 0.193344 0.703297 0.142688 0.656078 0.097188 0.620016 0.068859 0.596844 0.038813 0.574516 0.022500 0.540172 0.000000 0.517681
0 0.040516 0.439734 0.075719 0.458625 0.100625 0.460344 0.123797 0.475797 0.158141 0.497250 0.196766 0.541031 0.213078 0.565938 0.239703 0.595125 0.255156 0.608859 0.280047 0.632047 0.307516 0.661234 0.321250 0.680109 0.322969 0.690422 0.335000 0.710172 0.341859 0.721328 0.343578 0.735922 0.332422 0.747938 0.318688 0.749656 0.304094 0.745359 0.288641 0.728187 0.270609 0.709313 0.249141 0.686125 0.218234 0.656938 0.192484 0.626891 0.156422 0.591687 0.127234 0.554766 0.107484 0.533313 0.093750 0.516141 0.073141 0.503266 0.066281 0.496391 0.030219 0.458625 0.024203 0.439734
0 0.730190 0.000000 0.729906 0.001891 0.753094 0.014766 0.769406 0.018203 0.781422 0.019922 0.799453 0.021641 0.814047 0.023359 0.823484 0.023359 0.837219 0.019922 0.860406 0.037094 0.886156 0.055969 0.906766 0.073141 0.922219 0.080875 0.928234 0.098047 0.927375 0.111781 0.917063 0.128953 0.899891 0.138391 0.887875 0.140969 0.885297 0.125516 0.875000 0.122078 0.865563 0.114359 0.853531 0.107484 0.838078 0.097188 0.827781 0.098906 0.818344 0.109203 0.813188 0.095469 0.811469 0.083453 0.803750 0.074859 0.790859 0.069719 0.784000 0.074859 0.774547 0.066281 0.768547 0.053406 0.761672 0.043953 0.747938 0.034516 0.733344 0.033656 0.728187 0.030219 0.727328 0.019063 0.723047 0.015625 0.703297 0.019063 0.696422 0.009609 0.705016 0.000172 0.704984 0.000000
0 0.309297 0.757344 0.321531 0.775219 0.347891 0.811000 0.366719 0.831703 0.389312 0.839234 0.405312 0.851469 0.416609 0.852406 0.427906 0.849578 0.441078 0.841109 0.447672 0.831703 0.445781 0.821344 0.424141 0.801578 0.407188 0.778047 0.383656 0.757344 0.371422 0.735687 0.344125 0.695219 0.330000 0.662281 0.317766 0.641562 0.303656 0.616156 0.289531 0.594500 0.282000 0.579438 0.270703 0.566266 0.255641 0.548375 0.243406 0.531438 0.234938 0.515437 0.215172 0.506031 0.198234 0.506031 0.189766 0.517313 0.194469 0.541797 0.214234 0.567203 0.240594 0.595438 0.257531 0.611453 0.281062 0.633094 0.310234 0.664156 0.323422 0.677328 0.323422 0.690516 0.336594 0.710281 0.343187 0.723453 0.344125 0.734750 0.332828 0.753578 0.320594 0.752641
1 0.071422 0.009422 0.081344 0.037953 0.085063 0.056547 0.096234 0.072672 0.122266 0.073906 0.137156 0.050344 0.165672 0.055312 0.195438 0.066469 0.225203 0.037953 0.258687 0.045391 0.282234 0.046625 0.307047 0.042906 0.329359 0.066469 0.339281 0.094984 0.386406 0.086313 0.408734 0.078875 0.444688 0.078875 0.475688 0.088797 0.525297 0.104906 0.545141 0.116078 0.577375 0.099953 0.609625 0.082594 0.628219 0.081344 0.639391 0.090031 0.703875 0.045391 0.713797 0.040422 0.718750 0.020578 0.698906 0.020578 0.693953 0.010672 0.700738 0.000000 0.639985 0.000000 0.567453 0.019344 0.538937 0.019344 0.512891 0.035469 0.484375 0.025547 0.457094 0.023062 0.426094 0.021828 0.434766 0.031750 0.419891 0.041672 0.401297 0.024312 0.382687 0.016859 0.383922 0.030500 0.361609 0.036703 0.340531 0.014391 0.330609 0.029266 0.309531 0.028031 0.299609 0.015625 0.288438 0.014391 0.273563 0.028031 0.266125 0.019344 0.246281 0.000750 0.236173 0.000000 0.153884 0.000000 0.152031 0.001984 0.096234 0.003219
1 0.544469 0.957422 0.575375 0.959141 0.618297 0.960000 0.669813 0.953125 0.699859 0.948828 0.744500 0.932516 0.755672 0.917063 0.722188 0.911062 0.686125 0.902469 0.669813 0.897328 0.669813 0.889594 0.650062 0.897328 0.634609 0.899031 0.622594 0.900750 0.608000 0.911922 0.589969 0.915344 0.577094 0.917063 0.571078 0.927375 0.554766 0.941969
1 0.002031 0.800266 0.054125 0.826312 0.076766 0.829703 0.094875 0.843297 0.116391 0.856891 0.156031 0.868203 0.169609 0.876125 0.174141 0.896516 0.169609 0.912359 0.177531 0.925953 0.186594 0.937281 0.201313 0.948594 0.214906 0.946328 0.220562 0.936141 0.239813 0.935016 0.274906 0.903312 0.283969 0.914625 0.302078 0.902172 0.310016 0.894250 0.317938 0.903312 0.325859 0.906703 0.348500 0.894250 0.370016 0.894250 0.381344 0.894250 0.375672 0.880656 0.328125 0.861406 0.302078 0.835375 0.254531 0.816125 0.199047 0.800266 0.142437 0.792344 0.097141 0.792344 0.051859 0.800266
0 0.798406 0.111125 0.729688 0.185578 0.586500 0.313484 0.533047 0.328766 0.492953 0.307766 0.611313 0.210391 0.743047 0.097750 0.779328 0.086297
0 0.772147 0.998437 0.805281 0.990859 0.805281 0.965656 0.729688 0.945031 0.663250 0.963359 0.601391 0.986266 0.559509 0.998437