0 0.533584 0.000000 0.519219 0.021406 0.508266 0.038422 0.493063 0.062750 0.458422 0.103484 0.418891 0.143000 0.400656 0.163063 0.368438 0.191641 0.344109 0.206828 0.316750 0.199531 0.309453 0.178266 0.333172 0.134484 0.351406 0.114422 0.387891 0.073687 0.397016 0.065781 0.430453 0.037203 0.451734 0.003766 0.454076 0.000000
0 0.500969 0.067609 0.520422 0.085234 0.547781 0.114422 0.594594 0.163063 0.657219 0.202578 0.684578 0.204406 0.688844 0.172172 0.674250 0.152719 0.660266 0.131438 0.626828 0.087063 0.592172 0.070641 0.558734 0.038422 0.538672 0.015922 0.530766 0.003156 0.514344 0.026266 0.500969 0.056656
0 0.462672 0.220813 0.441391 0.236016 0.428016 0.248172 0.404906 0.263375 0.370250 0.282828 0.333781 0.308969 0.298516 0.330250 0.242578 0.346672 0.206109 0.352750 0.176922 0.351531 0.143484 0.347281 0.120984 0.330250 0.085719 0.308969 0.079641 0.281609 0.096062 0.259125 0.131328 0.264594 0.130109 0.278578 0.158688 0.284656 0.178141 0.291953 0.249875 0.289516 0.259000 0.281609 0.341078 0.248172 0.372688 0.216563 0.417078 0.198328 0.433484 0.186156 0.456594 0.183125 0.468750 0.187375 0.471797 0.200750 0.467531 0.211703
0 0.280281 0.465828 0.243797 0.510828 0.222516 0.530891 0.203063 0.553375 0.181781 0.576484 0.158688 0.600797 0.142266 0.628156 0.117953 0.661594 0.107000 0.678016 0.088766 0.696250 0.081469 0.701125 0.058359 0.693828 0.049250 0.675578 0.061406 0.645188 0.082687 0.614781 0.105187 0.576484 0.132531 0.547906 0.158688 0.505344 0.192125 0.473125 0.213406 0.448813 0.231641 0.435437 0.265078 0.427531 0.281500 0.445766
0 0.216438 0.614781 0.209141 0.646406 0.201234 0.678016 0.200031 0.708422 0.195156 0.732734 0.184828 0.801438 0.169625 0.850078 0.161719 0.875609 0.162938 0.915125 0.167797 0.929109 0.175094 0.960719 0.176922 0.975922 0.175703 0.994156 0.164026 0.998437 0.120287 0.998437 0.114906 0.985656 0.103969 0.949172 0.099703 0.900531 0.103969 0.859188 0.120375 0.816641 0.126453 0.771031 0.141656 0.715109 0.155641 0.670719 0.143484 0.658563 0.149562 0.628156 0.153812 0.608703 0.184219 0.575266 0.198203 0.569187 0.204281 0.577703 0.207313 0.595938 0.210359 0.608094
0 0.330125 0.448813 0.330125 0.479203 0.333172 0.516906 0.333172 0.538188 0.333172 0.567359 0.318578 0.616000 0.310672 0.641531 0.300344 0.690172 0.297297 0.713281 0.294266 0.757047 0.292438 0.777109 0.292438 0.802656 0.288187 0.839125 0.272984 0.848250 0.252922 0.836703 0.234672 0.795359 0.237719 0.764953 0.240766 0.725437 0.240766 0.687750 0.248047 0.663422 0.251094 0.628156 0.260219 0.588641 0.269328 0.549125 0.274203 0.526625 0.286359 0.487109 0.296687 0.450625 0.317969 0.435437 0.322828 0.436656
0 0.483797 0.275062 0.459562 0.318516 0.447031 0.349437 0.426141 0.393719 0.413609 0.407922 0.392719 0.443844 0.386031 0.460562 0.380188 0.498156 0.373500 0.523234 0.367641 0.539937 0.376906 0.611062 0.362125 0.615281 0.356844 0.617406 0.348391 0.601562 0.333609 0.573063 0.338406 0.523234 0.334219 0.488141 0.330047 0.433828 0.335891 0.397891 0.354281 0.368656 0.377672 0.341906 0.394391 0.325203 0.419453 0.318516 0.431984 0.304312 0.440344 0.279250 0.448703 0.254172 0.461234 0.247500 0.473766 0.253344 0.477938 0.260031
0 0.482125 0.326875 0.480453 0.347766 0.469578 0.366141 0.479609 0.377000 0.457047 0.403750 0.465406 0.408750 0.451203 0.435500 0.470859 0.451641 0.455375 0.466406 0.448703 0.491484 0.457047 0.508188 0.436156 0.519047 0.431984 0.537438 0.431984 0.560828 0.440344 0.581719 0.450375 0.608453 0.454547 0.629344 0.436156 0.650234 0.417781 0.648562 0.394391 0.634359 0.383234 0.617406 0.371828 0.585891 0.369313 0.539937 0.369313 0.517375 0.390203 0.468922 0.394391 0.446359 0.411094 0.414609 0.419453 0.397891 0.433656 0.371156 0.446188 0.346094 0.454547 0.331047
0 0.407609 0.642656 0.390406 0.660781 0.385875 0.683422 0.384969 0.703797 0.381344 0.730984 0.379078 0.755891 0.379078 0.774906 0.379078 0.801172 0.382250 0.824734 0.385875 0.849641 0.389047 0.878172 0.394922 0.899453 0.410781 0.923453 0.431156 0.925719 0.445656 0.912141 0.452453 0.887234 0.452453 0.864578 0.446109 0.832875 0.442484 0.813859 0.435687 0.780797 0.434781 0.748187 0.441125 0.710594 0.447016 0.665312 0.462859 0.646281 0.466031 0.632703 0.471922 0.598734 0.476453 0.564766 0.478719 0.549813 0.464672 0.530797 0.443391 0.549813 0.438859 0.562500 0.436594 0.570203 0.451094 0.607797 0.441125 0.651719 0.428437 0.652172 0.411688 0.650813
0 0.517359 0.312500 0.503469 0.354172 0.504859 0.377078 0.504859 0.399312 0.500000 0.422219 0.493063 0.453469 0.489578 0.475688 0.486109 0.512500 0.486109 0.541672 0.482641 0.586812 0.482641 0.606250 0.482641 0.638891 0.484031 0.673609 0.487500 0.693062 0.504859 0.717359 0.531250 0.717359 0.545141 0.688188 0.555562 0.656938 0.550687 0.627078 0.543750 0.594438 0.543750 0.570141 0.548609 0.533328 0.555562 0.512500 0.559031 0.469438 0.559031 0.429172 0.563891 0.363188 0.563891 0.347922 0.547219 0.338891 0.534719 0.314578
0 0.517359 0.092359 0.518750 0.107641 0.539578 0.106250 0.529859 0.131938 0.527781 0.147922 0.553469 0.165281 0.533328 0.182641 0.548609 0.189578 0.545141 0.211812 0.545141 0.227781 0.553469 0.248609 0.563891 0.274312 0.583328 0.295141 0.597219 0.311109 0.600688 0.333328 0.585422 0.352781 0.564578 0.357641 0.554172 0.342359 0.540281 0.323609 0.517359 0.304172 0.503469 0.283328 0.484719 0.236812 0.477781 0.215969 0.475687 0.177781 0.484031 0.144438 0.479172 0.132641 0.468750 0.120141 0.463891 0.101391 0.479172 0.084031 0.493063 0.063188
0 0.913797 0.140281 0.878469 0.123609 0.857641 0.131938 0.821531 0.147922 0.805562 0.170141 0.783328 0.197922 0.743062 0.231250 0.690969 0.270828 0.668750 0.291672 0.649312 0.325000 0.623609 0.356250 0.604172 0.375000 0.585422 0.372219 0.564578 0.363188 0.584719 0.347922 0.598609 0.316672 0.590281 0.300688 0.595141 0.283328 0.631938 0.255562 0.659719 0.217359 0.695828 0.191672 0.725688 0.170828 0.763891 0.134031 0.782641 0.115281 0.810422 0.106250 0.829859 0.075000 0.868062 0.075000 0.899312 0.071531 0.914578 0.086812 0.916672 0.099312 0.911812 0.118062
0 0.826391 0.220828 0.790281 0.248609 0.760422 0.276391 0.741672 0.293750 0.713891 0.315969 0.682641 0.345828 0.672219 0.354172 0.644437 0.375000 0.620609 0.396594 0.597781 0.421172 0.590281 0.437500 0.586812 0.467359 0.576391 0.477781 0.564578 0.484719 0.557641 0.467359 0.557641 0.448609 0.559031 0.411812 0.559031 0.390969 0.567359 0.373609 0.593750 0.370141 0.611109 0.368750 0.629859 0.342359 0.656250 0.309719 0.677078 0.281938 0.744437 0.224312 0.772219 0.202078 0.819438 0.194438 0.833328 0.193062 0.834719 0.211812
0 0.847219 0.306250 0.821531 0.335422 0.804172 0.357641 0.777781 0.380562 0.759031 0.397922 0.715281 0.437500 0.700000 0.454859 0.675687 0.482641 0.661813 0.498609 0.647922 0.519438 0.635422 0.547219 0.628469 0.562500 0.614578 0.599312 0.606250 0.625000 0.569438 0.670141 0.555562 0.658328 0.545141 0.627078 0.545141 0.594438 0.545141 0.566672 0.574313 0.502078 0.591672 0.476391 0.615969 0.446531 0.631938 0.420828 0.701391 0.361812 0.727078 0.327078 0.747922 0.302781 0.772219 0.285422 0.817359 0.264578 0.852781 0.277781 0.854172 0.298609
0 0.916672 0.423609 0.894438 0.446531 0.871531 0.472219 0.856250 0.486109 0.828469 0.510422 0.802078 0.531250 0.791672 0.538188 0.770828 0.540281 0.753469 0.526391 0.753469 0.511109 0.777781 0.479859 0.798609 0.455562 0.836812 0.415281 0.857641 0.393062 0.897219 0.382641 0.921344 0.379312 0.937500 0.383625 0.948281 0.389016 0.924563 0.415953
0 0.940346 0.000000 0.963547 0.031781 0.975219 0.045266 0.988687 0.070406 0.990484 0.097344 0.977906 0.112609 0.961750 0.119797 0.941984 0.101828 0.906078 0.079375 0.880922 0.050641 0.871953 0.046156 0.853984 0.032687 0.825250 0.005750 0.819000 0.000000
0 0.421734 0.927078 0.410875 0.957469 0.391440 0.998437 0.305095 0.998437 0.311047 0.992188 0.325516 0.975547 0.345781 0.943000 0.358078 0.914062 0.372547 0.885125 0.385562 0.859812 0.390625 0.875719 0.396406 0.895984 0.408703 0.914062
1 0.316334 0.998437 0.309328 0.981625 0.330453 0.972125 0.326219 0.954188 0.349453 0.941516 0.346281 0.915125 0.361063 0.902453 0.354734 0.873937 0.383234 0.870781 0.384297 0.845437 0.380063 0.828547 0.380063 0.806375 0.377953 0.759922 0.355781 0.764141 0.337844 0.778922 0.324109 0.790547 0.308281 0.798984 0.299828 0.786312 0.300891 0.755703 0.289281 0.770484 0.282938 0.792656 0.296656 0.810594 0.301938 0.821156 0.292438 0.833828 0.281891 0.839109 0.251266 0.879219 0.258656 0.890844 0.262875 0.918281 0.260766 0.940453 0.243875 0.961578 0.235438 0.973187 0.218531 0.981625 0.231203 0.995359 0.231979 0.998437
1 0.918500 0.102203 0.916391 0.125422 0.922719 0.161313 0.938562 0.195094 0.975500 0.204609 0.997672 0.223609 0.998437 0.229716 0.998437 0.161949 0.988172 0.156031 0.987125 0.143375 0.975500 0.127531 0.966000 0.114859 0.943828 0.103250
1 0.485641 0.285891 0.480359 0.302781 0.471922 0.314406 0.489859 0.334453 0.484594 0.353469 0.470859 0.349234 0.460297 0.376688 0.478250 0.380906 0.461359 0.399922 0.466641 0.415750 0.448688 0.443203 0.468750 0.455875 0.450797 0.474875 0.456078 0.494937 0.447641 0.513937 0.437078 0.526609 0.445531 0.536109 0.457141 0.534000 0.475078 0.545609 0.476141 0.559328 0.468750 0.574109 0.471922 0.598391 0.468750 0.615281 0.480359 0.635344 0.485641 0.588891 0.484594 0.536109 0.472969 0.516047 0.488812 0.502328 0.483531 0.461156 0.496203 0.459031 0.489859 0.428422 0.499359 0.421031 0.489859 0.390406 0.502531 0.377750 0.500422 0.338687 0.505703 0.324953 0.514141 0.302781
1 0.539594 0.128688 0.529891 0.140328 0.549297 0.163625 0.535719 0.174297 0.540562 0.189828 0.534750 0.206328 0.543484 0.238359 0.573562 0.276203 0.583266 0.243203 0.570656 0.229625 0.570656 0.165563 0.576469 0.145187 0.565797 0.133547 0.551250 0.124812
0 0.280003 0.000000 0.334203 0.050031 0.381641 0.194484 0.409656 0.213891 0.448469 0.181563 0.383797 0.026313 0.368499 0.000000
0 0.669209 0.000000 0.735234 0.052187 0.780516 0.134125 0.862453 0.185875 0.927125 0.172937 0.815016 0.060812 0.744068 0.000000
0 0.916359 0.218203 0.948687 0.302297 0.989656 0.395016 0.998437 0.408694 0.998437 0.256570 0.972406 0.194484