0 0.046641 0.146922 0.055969 0.125937 0.101453 0.108438 0.149250 0.106109 0.188906 0.115437 0.215719 0.155078 0.215719 0.200563 0.190062 0.241375 0.169078 0.254203 0.148094 0.218047 0.158578 0.184234 0.151578 0.149250 0.103781 0.146922 0.069969 0.155078 0.055969 0.157422
0 0.209891 0.137594 0.242531 0.117766 0.275188 0.117766 0.340484 0.139922 0.361469 0.162078 0.366141 0.197063 0.373141 0.236703 0.360312 0.265859 0.336984 0.268187 0.313672 0.232047 0.318328 0.202891 0.316000 0.180734 0.261188 0.153922 0.222719 0.158578
0 0.265859 0.164406 0.235547 0.184234 0.194734 0.235547 0.186563 0.275188 0.195891 0.314828 0.197063 0.348641 0.202891 0.390625 0.242531 0.397625 0.253031 0.343984 0.234375 0.307828 0.239047 0.274016 0.251859 0.243703 0.269359 0.212219 0.283344 0.191234 0.284516 0.169078
0 0.312500 0.317172 0.334656 0.284516 0.375469 0.279844 0.413953 0.286844 0.453594 0.267031 0.476906 0.240203 0.502563 0.214547 0.511891 0.204062 0.539875 0.207563 0.543375 0.235547 0.499062 0.276359 0.480406 0.306672 0.439594 0.332328 0.389453 0.334656 0.336984 0.334656 0.320656 0.326500
0 0.556203 0.320656 0.588859 0.271687 0.611000 0.243703 0.644828 0.226219 0.692625 0.228547 0.738109 0.255359 0.762594 0.271687 0.769594 0.302000 0.756766 0.320656 0.722953 0.305500 0.696125 0.285687 0.664641 0.276359 0.634328 0.282187 0.616844 0.302000 0.584187 0.326500 0.571359 0.341656 0.559703 0.334656
0 0.607516 0.099109 0.600516 0.125937 0.604016 0.138766 0.635500 0.134094 0.670469 0.145750 0.731109 0.172578 0.768422 0.200563 0.787078 0.219219 0.818562 0.213391 0.822063 0.183062 0.791750 0.155078 0.755594 0.123594 0.722953 0.111937 0.675141 0.099109 0.629672 0.090953
0 0.697297 0.095609 0.692625 0.060641 0.703125 0.044312 0.736938 0.038484 0.801078 0.066469 0.872750 0.075109 0.917672 0.074625 0.956156 0.106109 0.961984 0.127094 0.923500 0.110781 0.874484 0.120000 0.817500 0.130359 0.770750 0.106109 0.748594 0.094453 0.724109 0.104937 0.707797 0.101453
0 0.915344 0.115437 0.865203 0.132922 0.841891 0.150422 0.831391 0.190062 0.831391 0.228547 0.852375 0.251859 0.883859 0.277516 0.915344 0.298500 0.934000 0.275188 0.882703 0.220375 0.871031 0.195891 0.904844 0.165578 0.953828 0.152750 0.952656 0.121266 0.932828 0.120109
0 0.781250 0.227375 0.762594 0.240203 0.760266 0.267031 0.775422 0.302000 0.788250 0.327656 0.796406 0.348641 0.822063 0.363812 0.827891 0.373141 0.860547 0.369641 0.881531 0.382469 0.892031 0.403453 0.885031 0.419781 0.886187 0.426766 0.906016 0.426766 0.907188 0.395297 0.880359 0.357969 0.846547 0.331156 0.826719 0.300844 0.818562 0.279844 0.815063 0.251859 0.799906 0.229703
0 0.837219 0.433766 0.900188 0.431438 0.945656 0.444266 0.996969 0.473422 0.998437 0.475261 0.998437 0.537977 0.992297 0.534047 0.932828 0.496734 0.883859 0.474578 0.845375 0.469922 0.830219 0.450094
0 0.143422 0.419781 0.163250 0.402281 0.187734 0.396453 0.229703 0.401125 0.270516 0.416281 0.355641 0.398781 0.397625 0.378969 0.417438 0.375469 0.432609 0.390625 0.412781 0.431438 0.338156 0.460594 0.291516 0.465250 0.253031 0.459422 0.216891 0.450094 0.186563 0.432609 0.165578 0.440766 0.144594 0.431438
0 0.088625 0.431438 0.076953 0.396453 0.066469 0.374297 0.067625 0.363812 0.086281 0.353313 0.131766 0.353313 0.160922 0.361469 0.190062 0.357969 0.192391 0.331156 0.144594 0.306672 0.106109 0.298500 0.052469 0.316000 0.023328 0.336984 0.016328 0.383625 0.040813 0.383625 0.068797 0.404625
0 0.037312 0.388297 0.014000 0.392953 0.015156 0.430266 0.039641 0.476906 0.066469 0.521219 0.089781 0.541047 0.128266 0.563203 0.167906 0.570203 0.208719 0.556203 0.212219 0.541047 0.191234 0.518891 0.156250 0.511891 0.129438 0.506062 0.080453 0.440766 0.058297 0.412781
0 0.125937 0.464078 0.171406 0.458250 0.215719 0.472250 0.274016 0.487406 0.346312 0.515391 0.360312 0.549203 0.335828 0.574859 0.269359 0.543375 0.215719 0.523547 0.178406 0.509563 0.129438 0.488578
0 0.346312 0.508391 0.346312 0.493234 0.367297 0.492078 0.392953 0.515391 0.423281 0.539875 0.453594 0.558531 0.509563 0.548047 0.538719 0.569031 0.534047 0.598187 0.492078 0.608672 0.434938 0.602844 0.380125 0.563203 0.359141 0.538719
0 0.580688 0.427937 0.636656 0.411609 0.701953 0.395297 0.774250 0.385953 0.819734 0.375469 0.859375 0.373141 0.882703 0.387125 0.881531 0.410453 0.852375 0.426766 0.792906 0.431438 0.725281 0.438438 0.658813 0.457094 0.615672 0.458250 0.586516 0.451266
0 0.563203 0.495563 0.558531 0.522391 0.559703 0.538719 0.576031 0.548047 0.633156 0.551547 0.659984 0.559703 0.693797 0.559703 0.721781 0.557375 0.761422 0.570203 0.778922 0.573688 0.782422 0.558531 0.761422 0.541047 0.722953 0.527047 0.698453 0.514219 0.670469 0.509563 0.643656 0.513062 0.615672 0.500234 0.592344 0.489734
0 0.816234 0.584187 0.866375 0.570203 0.902516 0.570203 0.948000 0.579531 0.985313 0.593516 0.998437 0.602327 0.998437 0.652583 0.971313 0.635500 0.911844 0.614500 0.854703 0.606344 0.825562 0.605172
0 0.666984 0.595844 0.701953 0.567859 0.731109 0.566703 0.775422 0.583016 0.799906 0.586516 0.813906 0.597016 0.822063 0.621500 0.806906 0.639000 0.785922 0.641328 0.753266 0.628500 0.713625 0.613344 0.684469 0.625000 0.668141 0.613344
0 0.208719 0.562031 0.180734 0.567859 0.153922 0.581859 0.141094 0.611000 0.100281 0.642484 0.072297 0.684469 0.036141 0.727609 0.036141 0.749766 0.055969 0.762594 0.081625 0.728781 0.118938 0.701953 0.157422 0.651813 0.177234 0.623828 0.214547 0.602844 0.228547 0.567859
0 0.310172 0.595844 0.332328 0.590016 0.369641 0.602844 0.396453 0.626172 0.419781 0.636656 0.432906 0.642203 0.405781 0.656484 0.389188 0.686641 0.328266 0.686641 0.312500 0.642484 0.299672 0.614500
0 0.323000 0.777750 0.316000 0.749766 0.341656 0.736938 0.368469 0.760266 0.395297 0.790578 0.419781 0.841891 0.438438 0.874531 0.459422 0.889687 0.497906 0.913016 0.504891 0.925844 0.488578 0.927000 0.447766 0.914172 0.423281 0.917672 0.398781 0.896687 0.360312 0.841891 0.336984 0.802234
0 0.448922 0.854703 0.488578 0.843047 0.515391 0.825562 0.548047 0.790578 0.635500 0.760266 0.662312 0.761422 0.676312 0.776578 0.668141 0.803406 0.618000 0.820891 0.581859 0.832563 0.560875 0.857047 0.525891 0.875703 0.496734 0.886187 0.467578 0.885031 0.438438 0.867531
0 0.076953 0.888531 0.131766 0.892031 0.218047 0.899016 0.260031 0.886187 0.300844 0.857047 0.333484 0.852375 0.348641 0.885031 0.310172 0.922344 0.275188 0.944500 0.220375 0.954984 0.174906 0.945656 0.128266 0.942172 0.095609 0.930500 0.062969 0.914172
0 0.249531 0.876859 0.213391 0.833719 0.186563 0.810406 0.181906 0.780078 0.187734 0.745109 0.192391 0.717125 0.198234 0.701953 0.239047 0.714781 0.249531 0.742766 0.233203 0.764922 0.236703 0.781250 0.253031 0.818562 0.281016 0.846547 0.289172 0.858203 0.272859 0.875703
0 0.269359 0.597016 0.253031 0.611000 0.233203 0.622672 0.222719 0.647156 0.202891 0.670469 0.187734 0.697297 0.170250 0.724109 0.150422 0.762594 0.138766 0.784750 0.128266 0.803406 0.145750 0.819734 0.165578 0.792906 0.178406 0.770750 0.181906 0.734609 0.192391 0.698453 0.223875 0.701953 0.249531 0.696125 0.278688 0.642484 0.290344 0.608672 0.282187 0.597016
0 0.869875 0.791750 0.837219 0.815063 0.823234 0.860547 0.771922 0.883859 0.727609 0.895516 0.693797 0.903687 0.662312 0.923500 0.680969 0.948000 0.722953 0.931672 0.749766 0.931672 0.803406 0.929344 0.845375 0.913016 0.867531 0.871031 0.895516 0.823234 0.882703 0.798734
0 0.883859 0.771922 0.928172 0.749766 0.967812 0.749766 0.998437 0.763851 0.998437 0.823023 0.975984 0.812734 0.945656 0.794078 0.922344 0.795250 0.888531 0.798734
0 0.970156 0.657656 0.958484 0.690297 0.960828 0.720609 0.974812 0.745109 0.998437 0.750697 0.998437 0.668320 0.999297 0.666984 0.993469 0.651813
0 0.001172 0.760266 0.020984 0.769594 0.023328 0.804578 0.011656 0.822063 0.002328 0.825562 0.003500 0.795250
0 0.002328 0.888531 0.020984 0.897859 0.036141 0.908344 0.034984 0.928172 0.019828 0.931672 0.000000 0.928172 0.003500 0.908344
0 0.000367 0.998437 0.001172 0.963156 0.023328 0.980641 0.032656 0.994641 0.031164 0.998437
0 0.327656 0.948000 0.368469 0.928172 0.409281 0.928172 0.451266 0.922344 0.495563 0.927000 0.535219 0.953828 0.584187 0.977141 0.579191 0.998437 0.513750 0.998437 0.490906 0.988813 0.460594 0.967812 0.411609 0.964312 0.370797 0.973641 0.346312 0.981812 0.331156 0.971313
0 0.002156 0.182047 0.009312 0.175609 0.020063 0.168437 0.038703 0.163422 0.057344 0.161984 0.075969 0.165563 0.086719 0.169156 0.087438 0.178469 0.085297 0.189219 0.070953 0.198531 0.050172 0.205703 0.032250 0.210719 0.016484 0.215734 0.010031 0.222187 0.002859 0.228641
0 0.001437 0.277375 0.007891 0.274516 0.014328 0.276656 0.020781 0.276656 0.025797 0.280969 0.029391 0.285984 0.029391 0.296734 0.028672 0.303906 0.023656 0.313219 0.016484 0.320391 0.010750 0.325406 0.006453 0.328984 0.002156 0.331859
1 0.515078 0.919438 0.538625 0.919438 0.566891 0.919438 0.588094 0.922578 0.603797 0.913156 0.606156 0.908453 0.607719 0.895891 0.635203 0.906875 0.654844 0.910016 0.672109 0.920219 0.673687 0.937500 0.695672 0.950062 0.702734 0.935922 0.725500 0.937500 0.745125 0.939859 0.766328 0.947703 0.774969 0.935922 0.787531 0.943781 0.796953 0.935141 0.805594 0.932000 0.815016 0.940641 0.825219 0.939078 0.823656 0.930438 0.832281 0.918656 0.851125 0.923359 0.852703 0.913937 0.854266 0.899031 0.879391 0.873906 0.901375 0.871547 0.918656 0.884109 0.923359 0.902953 0.912375 0.920219 0.900594 0.941422 0.888031 0.939859 0.885672 0.924156 0.888813 0.906875 0.877047 0.901375 0.863687 0.906875 0.863687 0.923359 0.868406 0.935922 0.881750 0.943781 0.896672 0.948500 0.904516 0.968125 0.903734 0.989328 0.940641 0.980687 0.941422 0.968906 0.932000 0.954781 0.929641 0.934359 0.953984 0.924938 0.961063 0.943000 0.964203 0.969688 0.967344 0.983047 0.963406 0.998750 0.963129 0.998437 0.853520 0.998437 0.851125 0.994812 0.844844 0.997953 0.835422 0.987750 0.825219 0.990109 0.816578 0.997172 0.807156 0.975969 0.793813 0.991672 0.785172 0.974406 0.771828 0.983828 0.755344 0.975969 0.733359 0.971266 0.704297 0.972047 0.692531 0.993250 0.667406 0.987750 0.651703 0.994812 0.650906 0.979906 0.626578 0.983047 0.620281 0.975187 0.601438 0.963406 0.588094 0.968906 0.577109 0.966547 0.576313 0.947703 0.551187 0.950844 0.548047 0.939859 0.533922 0.935922 0.522141 0.942219 0.508016 0.928078 0.494656 0.905312 0.503297 0.897453 0.509578 0.901375 0.508797 0.909234
1 0.691734 0.868406 0.705875 0.856625 0.720797 0.863687 0.737281 0.878609 0.742781 0.887250 0.731781 0.894313 0.712938 0.895891 0.699594 0.891172 0.690172 0.883328
1 0.389453 0.766328 0.415359 0.762406 0.433422 0.762406 0.442844 0.764766 0.437344 0.777328 0.421641 0.798531 0.407500 0.814234 0.399656 0.796172 0.397297 0.777328
1 0.077969 0.998437 0.077734 0.997172 0.087156 0.984609 0.098141 0.970484 0.098937 0.943781 0.081656 0.932000 0.102859 0.938281 0.120922 0.945359 0.138969 0.951641 0.149188 0.968906 0.155469 0.987750 0.167250 0.983828 0.177453 0.977547 0.188437 0.982250 0.183734 0.995609 0.177877 0.998437
1 0.912375 0.423203 0.923359 0.417719 0.928859 0.413781 0.944562 0.422422 0.947703 0.417719 0.953984 0.427141 0.956344 0.432625 0.951641 0.438125 0.964984 0.444406 0.975187 0.439703 0.975187 0.430281 0.981469 0.419281 0.979906 0.409078 0.978328 0.397297 0.963406 0.401219 0.948500 0.398875 0.951641 0.388656 0.969688 0.363531 0.988531 0.369031 0.998437 0.374518 0.998437 0.465513 0.994812 0.471891 0.990109 0.460109 0.975969 0.461688 0.962625 0.455406 0.950844 0.444406 0.940641 0.436562 0.922578 0.434984 0.903734 0.428703
1 0.349109 0.824406 0.342578 0.842703 0.346500 0.856437 0.347156 0.874078 0.351719 0.889781 0.371344 0.900891 0.362844 0.914625 0.388984 0.921156 0.400109 0.915266 0.399453 0.907422 0.393562 0.898922 0.378531 0.895656 0.379188 0.883891 0.376563 0.875391 0.370031 0.878000 0.364141 0.868203 0.364797 0.856437 0.361531 0.852516 0.355656 0.845969 0.355656 0.834859
1 0.448484 0.977375 0.441953 0.987187 0.449141 0.993062 0.455016 0.993719 0.461297 0.998437 0.485459 0.998437 0.485750 0.998953 0.479859 0.997000 0.479859 0.987844 0.473328 0.980656 0.462219 0.975422
1 0.005891 0.963000 0.018953 0.957766 0.032031 0.955813 0.038578 0.955156 0.039875 0.947953 0.049688 0.934891 0.062109 0.919844 0.043156 0.926391 0.032031 0.933578 0.017000 0.936844 0.005234 0.947953 0.000656 0.955813
1 0.010453 0.489672 0.011766 0.504703 0.016344 0.524969 0.018313 0.540016 0.027453 0.546547 0.041844 0.542625 0.052953 0.532813 0.050344 0.519750 0.043156 0.524312 0.034000 0.520391 0.032031 0.510594 0.039219 0.500781 0.046422 0.498828 0.045766 0.489016 0.035953 0.485750 0.024188 0.485750
1 0.473328 0.436062 0.521047 0.441953 0.540016 0.439984 0.547859 0.432141 0.570734 0.430172 0.568781 0.412531 0.583156 0.407953 0.587078 0.430172 0.585125 0.447828 0.599500 0.456328 0.632844 0.460250 0.649844 0.456984 0.664219 0.466141 0.680562 0.456328 0.698875 0.447828 0.711953 0.443250 0.727641 0.439328 0.738750 0.440641 0.773406 0.435406 0.793016 0.432797 0.810016 0.430172 0.824406 0.434094 0.823750 0.445219 0.827672 0.463516 0.824406 0.473984 0.809359 0.480516 0.787141 0.471359 0.787781 0.460250 0.776672 0.450437 0.756406 0.447828 0.736797 0.448484 0.717828 0.453062 0.711953 0.461562 0.704766 0.468094 0.689719 0.468750 0.679266 0.473984 0.662266 0.479859 0.636766 0.486406 0.599500 0.484438 0.571391 0.489016 0.546547 0.482484 0.515828 0.474641 0.483141 0.458297 0.453062 0.451094 0.443250 0.449141 0.445875 0.435406
1 0.302047 0.478562 0.309234 0.469406 0.317734 0.462219 0.324266 0.470062 0.336687 0.472016 0.346500 0.472672 0.348453 0.461562 0.363500 0.451750 0.381141 0.445219 0.399453 0.439984 0.417750 0.433453 0.427562 0.435406 0.422328 0.443906 0.403375 0.451750 0.396828 0.455672 0.389641 0.462859 0.379188 0.470062 0.378531 0.474641 0.362844 0.476594 0.349766 0.481172 0.338656 0.493594 0.328187 0.501437 0.313156 0.504047 0.303344 0.498172 0.299422 0.490328
1 0.288313 0.380484 0.302687 0.390297 0.311844 0.386375 0.328187 0.388984 0.336031 0.393562 0.346500 0.396828 0.351719 0.390953 0.350422 0.375266 0.345844 0.367422 0.338656 0.362187 0.327531 0.358266 0.317734 0.350422 0.315109 0.359578 0.311844 0.368063 0.304656 0.374609 0.296813 0.380484
1 0.426250 0.839438 0.447828 0.816547 0.446516 0.825703 0.453719 0.828969 0.458938 0.836172 0.459594 0.844016 0.454359 0.850547 0.449797 0.847937 0.445219 0.855781 0.439328 0.862969 0.432141 0.853172
1 0.099375 0.436719 0.113750 0.434094 0.140562 0.424953 0.124219 0.407297 0.126172 0.388344 0.150359 0.403375 0.152984 0.436062 0.169984 0.440641 0.181750 0.430172 0.190906 0.433453 0.198094 0.442594 0.213125 0.449797 0.214438 0.460250 0.201359 0.462859 0.176516 0.456984 0.156906 0.453062 0.147750 0.453719 0.126828 0.462219 0.121594 0.470719 0.127484 0.478562 0.134016 0.490328 0.126828 0.494906 0.126828 0.486406 0.118984 0.484438 0.113094 0.484438 0.109172 0.473984 0.101328 0.465484 0.098062 0.459594 0.103297 0.451750 0.096750 0.443906
0 0.811422 0.678844 0.880375 0.661156 0.922797 0.632875 0.979375 0.595750 0.998437 0.604997 0.998437 0.559162 0.993516 0.553328 0.944016 0.558625 0.912187 0.572766 0.822031 0.631109 0.795516 0.657625