0 0.305797 0.733172 0.316969 0.751203 0.334141 0.759781 0.349594 0.771813 0.371047 0.788125 0.409688 0.802719 0.435437 0.825031 0.448312 0.834484 0.463766 0.845641 0.482656 0.849078 0.492953 0.847359 0.498109 0.834484 0.498109 0.823312 0.486953 0.810437 0.470641 0.806141 0.451750 0.798422 0.443172 0.786406 0.438875 0.777813 0.425141 0.766656 0.401953 0.749484 0.381359 0.735750 0.369328 0.728875 0.357312 0.713422 0.345297 0.697969 0.335859 0.691109 0.316109 0.683375 0.300656 0.694547 0.300656 0.702266 0.299797 0.716000
0 0.110922 0.527984 0.124656 0.540000 0.144406 0.547734 0.168437 0.566625 0.182172 0.573484 0.201062 0.583797 0.224250 0.588938 0.256016 0.589797 0.293781 0.583797 0.313531 0.580359 0.326406 0.580359 0.335859 0.570906 0.335859 0.562328 0.332422 0.552891 0.324687 0.541719 0.314391 0.534000 0.298938 0.531422 0.280047 0.534859 0.259437 0.539141 0.242266 0.539141 0.219094 0.536578 0.198484 0.530563 0.175313 0.519406 0.148687 0.498797 0.137531 0.492781 0.106625 0.492781 0.094609 0.497938 0.094609 0.513391 0.101484 0.522844
0 0.000000 0.476690 0.001031 0.476484 0.019922 0.468750 0.053406 0.467031 0.071422 0.471328 0.092891 0.473047 0.139250 0.473047 0.159000 0.473047 0.172734 0.470469 0.187328 0.462734 0.195906 0.453297 0.195063 0.441281 0.174453 0.424969 0.153844 0.417234 0.114359 0.414656 0.073141 0.414656 0.041375 0.413812 0.013906 0.414656 0.000000 0.414656
0 0.000000 0.287405 0.019063 0.262703 0.042234 0.242953 0.053406 0.231797 0.067141 0.224938 0.084313 0.224938 0.097188 0.224938 0.098906 0.235234 0.087734 0.257563 0.073141 0.274719 0.044812 0.318516 0.007891 0.351141 0.000000 0.356774
0 0.266328 0.303984 0.282672 0.296875 0.314625 0.275563 0.355109 0.254969 0.375703 0.235797 0.394172 0.217328 0.405547 0.203125 0.417609 0.200281 0.433953 0.203125 0.442469 0.210234 0.446734 0.221594 0.442469 0.233672 0.433953 0.249297 0.418328 0.274859 0.400563 0.287641 0.366484 0.311078 0.341625 0.318187 0.328125 0.326000 0.326703 0.338063 0.312500 0.338063 0.297578 0.345172 0.289062 0.357953 0.281250 0.355828 0.276984 0.348016 0.253547 0.360797 0.238641 0.362219 0.222297 0.360078 0.220875 0.339484 0.229406 0.324578 0.243609 0.312500 0.258516 0.306813
0 0.323859 0.181109 0.345875 0.191047 0.366484 0.196734 0.385656 0.197437 0.402703 0.196734 0.413359 0.196734 0.426141 0.197437 0.440344 0.198859 0.452422 0.206672 0.462359 0.210234 0.489344 0.213781 0.507109 0.220875 0.536937 0.225859 0.551141 0.227266 0.566766 0.227984 0.571016 0.213781 0.579547 0.208094 0.584516 0.198859 0.574578 0.190344 0.544750 0.183234 0.518469 0.180391 0.499297 0.176844 0.480109 0.169750 0.466625 0.159797 0.460234 0.162641 0.454547 0.164062 0.432531 0.152703 0.426141 0.159797 0.411219 0.152703 0.401984 0.151281 0.393469 0.147016 0.389922 0.151984 0.377844 0.151281 0.372156 0.146313 0.368609 0.152703 0.355828 0.154125 0.345172 0.151281 0.338781 0.145594 0.330969 0.144891 0.318891 0.154125 0.317469 0.165484
0 0.166188 0.125703 0.166188 0.146313 0.167609 0.163359 0.168328 0.180391 0.170453 0.198859 0.181813 0.218750 0.196016 0.235078 0.214484 0.246453 0.247875 0.254266 0.267750 0.256391 0.289766 0.257109 0.308953 0.257109 0.322438 0.257812 0.327422 0.246453 0.327422 0.229406 0.320312 0.225859 0.301844 0.225859 0.283375 0.220172 0.267750 0.215203 0.251422 0.203125 0.240062 0.196734 0.229406 0.186797 0.225141 0.171172 0.222297 0.155547 0.222297 0.142047 0.222297 0.123578 0.221594 0.111500 0.211641 0.103688 0.204547 0.091625 0.196016 0.087359 0.186797 0.087359 0.177562 0.090203 0.175422 0.102266 0.164766 0.112219
0 0.007109 0.528406 0.007109 0.546172 0.000703 0.553266 0.000000 0.568539 0.000000 0.598719 0.000000 0.671131 0.022734 0.661219 0.032672 0.633516 0.039062 0.610797 0.039062 0.594453 0.039062 0.580250 0.039766 0.563922 0.044031 0.553266 0.044750 0.537641 0.039062 0.531953 0.037641 0.522016 0.035516 0.509938 0.020594 0.506391 0.009938 0.506391 0.004266 0.515625
0 0.049000 0.822438 0.071016 0.808953 0.110797 0.802562 0.154125 0.788359 0.171875 0.782672 0.205969 0.764922 0.223016 0.764922 0.242891 0.764203 0.262078 0.765625 0.280547 0.769891 0.286937 0.778406 0.294031 0.791188 0.281953 0.801844 0.266328 0.806109 0.249297 0.803266 0.231531 0.803984 0.202422 0.817469 0.183234 0.823156 0.165484 0.836641 0.147016 0.839484 0.124297 0.843047 0.102984 0.857953 0.096594 0.865062 0.079547 0.865766 0.070312 0.866484 0.057531 0.867188 0.046172 0.862219 0.039766 0.849437 0.039766 0.838781 0.044031 0.829547
0 0.099437 0.882109 0.114344 0.865062 0.127125 0.851562 0.149859 0.843750 0.165484 0.837359 0.187500 0.829547 0.200281 0.826703 0.215203 0.823859 0.226562 0.825281 0.232953 0.831672 0.237922 0.841625 0.238641 0.854406 0.235797 0.865766 0.220875 0.879266 0.198859 0.892750 0.180391 0.899141 0.164062 0.905547 0.152703 0.919750 0.149141 0.930391 0.146312 0.943187 0.145594 0.963781 0.144891 0.980828 0.142149 0.998437 0.092493 0.998437 0.095875 0.970875 0.094453 0.948156 0.092328 0.924000 0.090203 0.904125 0.091625 0.891328
0 0.191047 0.924719 0.214484 0.901281 0.236500 0.877125 0.262078 0.851562 0.276281 0.834516 0.293328 0.808953 0.306813 0.796172 0.320312 0.803266 0.327422 0.808234 0.327422 0.822438 0.317469 0.837359 0.307531 0.863641 0.296875 0.878547 0.265625 0.921875 0.244313 0.943187 0.232250 0.948859 0.218750 0.962359 0.207391 0.974437 0.202422 0.982953 0.196016 0.992188 0.184656 0.996453 0.174719 0.999297 0.173661 0.998437 0.153726 0.998437 0.150563 0.997156 0.153406 0.985078 0.154125 0.970172 0.151984 0.953828 0.160516 0.943187 0.170453 0.938922 0.182531 0.932531
0 0.773438 0.894172 0.799719 0.906953 0.815344 0.909797 0.823859 0.909797 0.835234 0.918328 0.847297 0.925422 0.869312 0.931813 0.894172 0.951000 0.906250 0.963781 0.936078 0.987922 0.954875 0.998437 0.998437 0.977492 0.993609 0.972297 0.979406 0.957391 0.961641 0.936797 0.950281 0.923297 0.940344 0.914062 0.926141 0.911219 0.905547 0.892750 0.892047 0.877125 0.857250 0.861500 0.835234 0.855109 0.819609 0.847297 0.799000 0.842328 0.784797 0.840906 0.772016 0.840906 0.761359 0.848016 0.760656 0.857953 0.760656 0.870031 0.767750 0.879969
0 0.693188 0.739344 0.698156 0.752125 0.710938 0.757109 0.715906 0.750703 0.738641 0.756391 0.750703 0.759938 0.767047 0.766328 0.787641 0.768469 0.796172 0.776281 0.810375 0.771312 0.833094 0.772734 0.863641 0.778406 0.873578 0.779828 0.894172 0.788359 0.901281 0.796875 0.911938 0.804688 0.923297 0.815344 0.936797 0.821016 0.948156 0.820312 0.961641 0.821016 0.963781 0.810375 0.963781 0.796875 0.955969 0.779125 0.943188 0.760656 0.934656 0.752125 0.920453 0.742891 0.902703 0.730828 0.886359 0.725141 0.862219 0.725141 0.838781 0.720172 0.800422 0.720172 0.772734 0.718047 0.743609 0.715203 0.714484 0.710234 0.701000 0.717328 0.684656 0.730109
0 0.676844 0.965203 0.679688 0.957391 0.692469 0.954547 0.713781 0.955250 0.730109 0.963063 0.739344 0.976562 0.750000 0.990062 0.759234 0.999297 0.759806 0.998437 0.871486 0.998437 0.883516 0.992891 0.901281 0.991484 0.913359 0.992891 0.915844 0.998437 0.684624 0.998437 0.679688 0.994313 0.677563 0.985797 0.673297 0.977984
0 0.443187 0.742188 0.455250 0.733672 0.474437 0.736500 0.497875 0.745031 0.519172 0.745734 0.532672 0.735797 0.539766 0.718047 0.557531 0.731531 0.566766 0.732953 0.573859 0.723016 0.582391 0.738641 0.593047 0.738641 0.604406 0.737219 0.609375 0.732953 0.612219 0.746453 0.622156 0.750000 0.634234 0.751422 0.646313 0.763500 0.664062 0.767047 0.676141 0.774141 0.691047 0.774141 0.696016 0.767750 0.708813 0.772734 0.713781 0.781250 0.712359 0.794750 0.689625 0.811797 0.678984 0.817469 0.656250 0.817469 0.631391 0.810375 0.612219 0.804688 0.591625 0.800422 0.580969 0.796875 0.556813 0.794031 0.538359 0.794031 0.519891 0.796875 0.499297 0.801141 0.484375 0.803984 0.470172 0.803266 0.455250 0.798297 0.454547 0.798297 0.444609 0.785516 0.441766 0.775563 0.435375 0.760656
0 0.745031 0.252125 0.754969 0.212359 0.780547 0.181109 0.792609 0.169031 0.805391 0.158375 0.814625 0.150562 0.834516 0.129266 0.845875 0.120734 0.863641 0.120031 0.873578 0.120734 0.884937 0.126422 0.889203 0.137078 0.879969 0.156250 0.864344 0.168328 0.848016 0.184656 0.830250 0.199578 0.811078 0.227266 0.797578 0.251422 0.796875 0.271312 0.799000 0.289062 0.799719 0.299000 0.792609 0.311797 0.789062 0.323156 0.766328 0.323859 0.757109 0.314625 0.745031 0.304688 0.742891 0.284797
0 0.546875 0.466625 0.555391 0.453828 0.562500 0.451000 0.579547 0.451000 0.593750 0.458812 0.615063 0.475859 0.662641 0.504969 0.671875 0.510656 0.686797 0.514922 0.704547 0.520594 0.713781 0.522016 0.720875 0.509938 0.731531 0.501422 0.746453 0.500703 0.754969 0.502844 0.773438 0.507109 0.777703 0.526984 0.782672 0.535516 0.789766 0.546875 0.784797 0.551844 0.780547 0.561078 0.766328 0.565344 0.750000 0.566766 0.727266 0.566766 0.710234 0.576000 0.686797 0.574578 0.660516 0.563922 0.638500 0.549719 0.614344 0.534094 0.590203 0.515625 0.570312 0.495031 0.556109 0.482250
0 0.576703 0.357953 0.585938 0.369313 0.595172 0.379266 0.614344 0.395594 0.623578 0.409094 0.628547 0.425422 0.636359 0.454547 0.644891 0.487922 0.651984 0.495734 0.661219 0.502125 0.678266 0.512078 0.696016 0.503547 0.703125 0.495031 0.703125 0.480828 0.693891 0.463781 0.683953 0.446016 0.678984 0.427562 0.680391 0.413359 0.675422 0.413359 0.674719 0.401281 0.670453 0.392047 0.662641 0.385656 0.654125 0.370734 0.647016 0.354406 0.631391 0.346594 0.607250 0.328828 0.592328 0.319609 0.578125 0.323156 0.572438 0.327422 0.573859 0.339484 0.575281 0.348016
0 0.719453 0.487922 0.732250 0.495734 0.749297 0.498578 0.766328 0.502125 0.786219 0.508516 0.816047 0.525563 0.836641 0.532672 0.870734 0.534094 0.887078 0.531250 0.904828 0.512078 0.921875 0.497875 0.943188 0.473719 0.944609 0.462359 0.941766 0.446016 0.928984 0.435375 0.910516 0.440344 0.896313 0.456672 0.884937 0.465203 0.873578 0.471594 0.859375 0.476562 0.845172 0.476562 0.828828 0.474437 0.816047 0.467328 0.806812 0.463063 0.784797 0.451703 0.763500 0.443187 0.743609 0.440344 0.728687 0.437500 0.718750 0.445312 0.715203 0.451000 0.708094 0.457391 0.703828 0.462359 0.707391 0.473016 0.710234 0.480828
0 0.353688 0.386359 0.366484 0.398438 0.382812 0.409094 0.410516 0.409094 0.426141 0.405547 0.433953 0.404828 0.445312 0.409094 0.464484 0.410516 0.500703 0.414766 0.518469 0.406250 0.544750 0.399141 0.558234 0.393469 0.564625 0.383516 0.557531 0.360797 0.544750 0.354406 0.521312 0.357953 0.511359 0.363641 0.492891 0.364344 0.459516 0.362922 0.436797 0.362219 0.419750 0.360797 0.404828 0.357250 0.397734 0.351562 0.385656 0.350859 0.376422 0.357250 0.369313 0.365766 0.357250 0.367891 0.349437 0.375703
0 0.583812 0.007109 0.583812 0.029828 0.599437 0.048297 0.609375 0.060375 0.625000 0.076703 0.656953 0.083812 0.681812 0.090203 0.705250 0.090906 0.727266 0.085938 0.747156 0.083812 0.759937 0.073859 0.766328 0.067469 0.773438 0.057531 0.768469 0.044750 0.761359 0.035516 0.743609 0.032672 0.721594 0.033375 0.701000 0.040484 0.674719 0.040484 0.654125 0.038359 0.642047 0.019172 0.636359 0.013500 0.636359 0.003547 0.595875 0.000703
0 0.392750 0.100859 0.414062 0.089484 0.428984 0.083812 0.451703 0.083812 0.478688 0.078828 0.494313 0.076703 0.509938 0.071016 0.540484 0.066047 0.555391 0.065344 0.580969 0.064625 0.587359 0.066047 0.593750 0.076000 0.600141 0.088781 0.606531 0.098016 0.611500 0.109375 0.606531 0.115062 0.580969 0.115062 0.568891 0.114344 0.539062 0.117891 0.520594 0.117891 0.490062 0.115766 0.459516 0.115766 0.446734 0.116484 0.424719 0.115062 0.410516 0.120031 0.397016 0.125000 0.383516 0.116484
0 0.998437 0.006089 0.989344 0.017750 0.973016 0.026984 0.961641 0.039766 0.957391 0.051844 0.955969 0.064625 0.966625 0.077422 0.983672 0.078828 0.994312 0.072438 0.998437 0.065418
0 0.802563 0.316047 0.817469 0.316766 0.840906 0.308953 0.853687 0.308953 0.874297 0.317469 0.892750 0.330969 0.906953 0.355109 0.922578 0.381391 0.928266 0.397016 0.937500 0.409094 0.948156 0.415484 0.960234 0.424000 0.968047 0.426844 0.977984 0.426141 0.983672 0.415484 0.978687 0.387781 0.966625 0.368609 0.953828 0.351562 0.938203 0.323859 0.928984 0.308953 0.925422 0.299000 0.914062 0.286219 0.900562 0.276984 0.879969 0.269891 0.862922 0.263500 0.850141 0.263500 0.834516 0.267750 0.823859 0.272734 0.813203 0.278406 0.799000 0.282672 0.800422 0.294750 0.802563 0.300422 0.794750 0.307531
0 0.724438 0.680391 0.744312 0.682531 0.759234 0.682531 0.778406 0.683953 0.796875 0.691047 0.813203 0.698156 0.820312 0.711641 0.826703 0.715203 0.857953 0.718750 0.877125 0.720875 0.903406 0.727984 0.915484 0.732953 0.906953 0.718750 0.880688 0.701000 0.860078 0.681109 0.844453 0.666188 0.820312 0.650563 0.802563 0.642047 0.781953 0.638500 0.761359 0.632812 0.735078 0.639203 0.709516 0.649859 0.709516 0.666906 0.719453 0.674000
0 0.231922 0.000641 0.217078 0.016141 0.212547 0.025188 0.208672 0.029703 0.203516 0.039391 0.193828 0.055531 0.189312 0.066500 0.182203 0.078766 0.175109 0.082641 0.167359 0.089750 0.155094 0.096844 0.143469 0.118797 0.141531 0.127188 0.140234 0.143344 0.143469 0.153016 0.153797 0.154953 0.160906 0.153016 0.163484 0.147203 0.166062 0.125266 0.163484 0.110406 0.172516 0.100719 0.177047 0.089094 0.186719 0.087813 0.194469 0.085875 0.201578 0.087813 0.206734 0.090391 0.211906 0.092969 0.217078 0.097500 0.219016 0.102656 0.224172 0.103953 0.237734 0.082641 0.256453 0.063281 0.270656 0.049062 0.275188 0.040031 0.278406 0.034219 0.282922 0.027766 0.286797 0.017438 0.287453 0.000641
1 0.338297 0.144484 0.344719 0.148219 0.355422 0.149297 0.366125 0.151969 0.370391 0.145547 0.379500 0.149297 0.386453 0.154109 0.390734 0.144484 0.399297 0.147687 0.412141 0.154641 0.420156 0.157859 0.427656 0.150359 0.439422 0.151969 0.446375 0.156781 0.459766 0.161062 0.465641 0.156250 0.472062 0.164281 0.482766 0.167484 0.499359 0.167484 0.517016 0.173906 0.526641 0.174437 0.545375 0.179266 0.556078 0.180859 0.577484 0.187281 0.583375 0.195844 0.583906 0.203875 0.598359 0.203875 0.604766 0.205484 0.616016 0.215109 0.632062 0.216188 0.629391 0.209219 0.616016 0.202797 0.606375 0.190500 0.600500 0.174984 0.604766 0.168016 0.617078 0.168016 0.630453 0.175516 0.634734 0.184078 0.648656 0.177125 0.662031 0.172297 0.674875 0.165875 0.683969 0.157859 0.689859 0.149828 0.694141 0.134844 0.707516 0.149297 0.713406 0.156781 0.714469 0.166953 0.706984 0.179266 0.698422 0.196922 0.696281 0.201734 0.719281 0.197984 0.721953 0.189969 0.729453 0.188359 0.742297 0.186750 0.754609 0.190500 0.763156 0.190500 0.764766 0.184078 0.758875 0.179266 0.752469 0.171234 0.747641 0.162672 0.740156 0.158391 0.724641 0.151969 0.716609 0.143937 0.714469 0.126812 0.723031 0.113437 0.706437 0.101672 0.675937 0.094719 0.657750 0.117188 0.634734 0.125219 0.616016 0.118797 0.598891 0.117188 0.578547 0.117188 0.564109 0.122000 0.543766 0.124141 0.515406 0.120391 0.508984 0.125219 0.496141 0.145016 0.475281 0.142875 0.470469 0.132172 0.462969 0.125219 0.438359 0.118797 0.428719 0.124141 0.405719 0.123078 0.398766 0.128422 0.392344 0.124141 0.384844 0.118797 0.369859 0.124141 0.362906 0.133781 0.350594 0.137516 0.343109 0.137516
1 0.522906 0.703125 0.520234 0.711156 0.529328 0.718109 0.538953 0.713297 0.550188 0.716500 0.553406 0.722922 0.556078 0.728812 0.564641 0.729875 0.572672 0.722391 0.584437 0.720250 0.583375 0.730422 0.590328 0.737906 0.598359 0.730422 0.602094 0.725594 0.617078 0.730953 0.614937 0.740047 0.623500 0.746469 0.638484 0.740578 0.646516 0.743250 0.651328 0.758234 0.653469 0.765734 0.668453 0.763594 0.674344 0.768938 0.687172 0.772687 0.692531 0.768938 0.697344 0.762516 0.693062 0.755563 0.689313 0.745937 0.684500 0.728281 0.688781 0.722391 0.683969 0.714359 0.673266 0.699922 0.665234 0.690281 0.651859 0.677438 0.645437 0.674234 0.626172 0.666203 0.612797 0.658719 0.605844 0.652828 0.583375 0.655500 0.573734 0.660313 0.567313 0.667266 0.571063 0.689750 0.563562 0.697781 0.545906 0.696703 0.532000 0.697234
1 0.000000 0.757340 0.007594 0.759312 0.024188 0.768938 0.034891 0.781781 0.031672 0.788203 0.028469 0.796234 0.034891 0.801047 0.056828 0.798375 0.077156 0.798906 0.082516 0.790875 0.077156 0.784453 0.075016 0.774828 0.073422 0.756094 0.083578 0.750750 0.098563 0.755563 0.113547 0.757703 0.128531 0.755563 0.146719 0.750750 0.168672 0.758781 0.186328 0.765734 0.205594 0.765734 0.218422 0.757703 0.225922 0.749672 0.252141 0.744859 0.271937 0.749672 0.295484 0.751812 0.312609 0.753953 0.323312 0.752891 0.313141 0.745391 0.306188 0.738984 0.301375 0.732016 0.299766 0.720250 0.298687 0.709547 0.303516 0.690813 0.291734 0.694562 0.287453 0.698313 0.276219 0.703656 0.246250 0.706328 0.204516 0.699922 0.191141 0.692953 0.206125 0.671547 0.213078 0.653891 0.176688 0.650687 0.151000 0.658719 0.133875 0.658172 0.119969 0.656031 0.096422 0.660313 0.094281 0.674234 0.107125 0.678516 0.115687 0.688672 0.112484 0.700453 0.092688 0.704187 0.058437 0.705266 0.045063 0.693500 0.044516 0.681719 0.050406 0.669406 0.062719 0.655500 0.049344 0.652297 0.029000 0.664594 0.023109 0.676906 0.017234 0.677438 0.010281 0.681719 0.000641 0.692422 0.000000 0.692966
1 0.871125 0.220172 0.889203 0.229859 0.916328 0.239547 0.944078 0.245344 0.997031 0.242125 0.998437 0.241482 0.998437 0.198166 0.991859 0.195641 0.986703 0.190469 0.971203 0.188531 0.961516 0.195641 0.946016 0.200156 0.934406 0.213063 0.964094 0.213063 0.991859 0.217594 0.998437 0.223555 0.998437 0.224811 0.969266 0.227266 0.938922 0.220812 0.915031 0.217594 0.885969 0.218875
0 0.626109 0.220875 0.674484 0.273469 0.775469 0.262953 0.861719 0.239812 0.863812 0.195641 0.794406 0.220875 0.703937 0.210359 0.630313 0.201953