0 0.50078125 0.82890625 0.0515625 0.0515625
0 0.29609375 0.20390625 0.0484375 0.0453125
0 0.45234375 0.2765625 0.0546875 0.0375
0 0.63984375 0.26953125 0.0640625 0.0609375
0 0.51953125 0.88671875 0.0796875 0.0640625
0 0.60625 0.0671875 0.071875 0.075
0 0.4765625 0.68515625 0.078125 0.0796875
0 0.45625 0.459375 0.075 0.075
0 0.45 0.31796875 0.071875 0.0765625
0 0.88359375 0.57578125 0.0765625 0.0703125
0 0.878125 0.459375 0.0875 0.084375
0 0.875 0.0546875 0.071875 0.071875
0 0.68984375 0.49140625 0.0859375 0.0734375
0 0.45703125 0.58828125 0.0890625 0.0828125
0 0.6109375 0.440625 0.06875 0.071875
0 0.6953125 0.66015625 0.084375 0.0828125
0 0.0296875 0.41328125 0.05625 0.0546875
0 0.45234375 0.1109375 0.0609375 0.059375
0 0.8859375 0.66015625 0.071875 0.0609375
0 0.08359375 0.30859375 0.0734375 0.0765625
0 0.9125 0.890625 0.090625 0.08125
0 0.11015625 0.6765625 0.0640625 0.078125
0 0.69609375 0.8734375 0.0859375 0.078125
0 0.62421875 0.21484375 0.1015625 0.0765625
0 0.0984375 0.48359375 0.096875 0.0921875
0 0.1375 0.91484375 0.121875 0.0984375
0 0.9328125 0.28203125 0.09375 0.0828125
