0 0.096875 0.9609375 0.071875 0.059375
0 0.4546875 0.08671875 0.084375 0.0734375
0 0.1203125 0.82578125 0.090625 0.0859375
0 0.68828125 0.61953125 0.0796875 0.0828125
0 0.74921875 0.95234375 0.1015625 0.0765625
0 0.68125 0.46953125 0.1 0.0796875
0 0.2046875 0.74453125 0.0875 0.0921875
0 0.46953125 0.5109375 0.0953125 0.071875
0 0.31875 0.93046875 0.0875 0.0765625
0 0.63359375 0.8578125 0.0828125 0.065625
0 0.65390625 0.06484375 0.0921875 0.0734375
0 0.18671875 0.55 0.1046875 0.096875
0 0.5015625 0.74375 0.109375 0.096875
0 0.9546875 0.93984375 0.08125 0.0953125
0 0.59453125 0.93515625 0.1109375 0.1015625
