0 0.965625 0.75390625 0.05 0.0484375
0 0.15859375 0.025 0.0734375 0.05
0 0.96953125 0.9546875 0.0484375 0.05625
0 0.6015625 0.79609375 0.06875 0.0546875
0 0.59140625 0.82421875 0.0890625 0.0640625
0 0.2640625 0.5890625 0.0875 0.06875
0 0.03515625 0.70625 0.0703125 0.0625
0 0.27578125 0.83125 0.0734375 0.059375
0 0.0828125 0.7921875 0.103125 0.084375
0 0.2234375 0.69296875 0.084375 0.0703125
0 0.571875 0.64453125 0.1 0.0859375
0 0.22578125 0.49453125 0.0796875 0.0703125
0 0.5203125 0.5625 0.109375 0.09375
0 0.1046875 0.57734375 0.121875 0.1078125
0 0.23515625 0.90859375 0.0984375 0.1078125
0 0.5859375 0.3796875 0.121875 0.096875
0 0.03515625 0.9171875 0.0703125 0.078125
