0 0.25234375 0.021875 0.0671875 0.040625
0 0.8734375 0.50859375 0.071875 0.0671875
0 0.246875 0.571875 0.0875 0.090625
0 0.1625 0.67109375 0.08125 0.0703125
0 0.88515625 0.65 0.1015625 0.0875
0 0.92265625 0.85859375 0.1046875 0.0890625
0 0.64765625 0.0609375 0.0953125 0.075
0 0.2546875 0.0921875 0.09375 0.071875
0 0.91796875 0.42109375 0.0828125 0.0859375
0 0.24296875 0.9453125 0.0796875 0.06875
0 0.884375 0.1640625 0.09375 0.071875
0 0.6375 0.3265625 0.0875 0.084375
0 0.5 0.9421875 0.109375 0.084375
0 0.65625 0.884375 0.096875 0.08125
0 0.2296875 0.340625 0.109375 0.109375
0 0.89609375 0.296875 0.0703125 0.065625
0 0.7046875 0.7796875 0.084375 0.06875
0 0.2578125 0.465625 0.103125 0.1
0 0.38359375 0.8984375 0.0921875 0.09375
0 0.6375 0.44765625 0.090625 0.0890625
0 0.64375 0.19765625 0.103125 0.1015625
0 0.790625 0.0421875 0.0875 0.075
0 0.6765625 0.671875 0.1125 0.103125
0 0.33671875 0.7984375 0.1046875 0.090625
0 0.825 0.35234375 0.090625 0.0828125
0 0.90390625 0.753125 0.1171875 0.09375
