0 0.9578125 0.146875 0.053125 0.059375
0 0.0640625 0.96953125 0.09375 0.0515625
0 0.52890625 0.571875 0.1046875 0.096875
0 0.46953125 0.925 0.1046875 0.090625
0 0.24375 0.84375 0.084375 0.0875
0 0.03828125 0.06796875 0.0765625 0.0734375
0 0.028125 0.66640625 0.05625 0.0671875
0 0.14375 0.15 0.084375 0.075
0 0.47578125 0.32734375 0.1109375 0.0890625
0 0.4375 0.49140625 0.078125 0.0703125
0 0.03828125 0.7625 0.0765625 0.071875
0 0.03125 0.165625 0.0625 0.08125
0 0.23359375 0.56328125 0.0734375 0.0703125
0 0.8 0.509375 0.084375 0.0875
0 0.96328125 0.903125 0.0671875 0.096875
0 0.0265625 0.34609375 0.053125 0.0703125
0 0.2609375 0.45625 0.0875 0.06875
0 0.2890625 0.2421875 0.09375 0.075
0 0.92890625 0.69609375 0.0828125 0.0734375
0 0.80078125 0.24453125 0.0765625 0.0640625
0 0.0515625 0.8625 0.071875 0.06875
0 0.23359375 0.146875 0.0671875 0.078125
0 0.9703125 0.76484375 0.053125 0.0671875
0 0.80078125 0.40546875 0.1046875 0.0734375
0 0.78984375 0.2875 0.0765625 0.05
0 0.49921875 0.66171875 0.1046875 0.0859375
0 0.49609375 0.20390625 0.0984375 0.0953125
0 0.25859375 0.753125 0.0984375 0.090625
0 0.8453125 0.93671875 0.090625 0.0796875
0 0.50234375 0.10703125 0.1109375 0.0890625
