0 0.34609375 0.7796875 0.0609375 0.059375
0 0.23359375 0.215625 0.0828125 0.059375
0 0.02265625 0.846875 0.0421875 0.059375
0 0.5359375 0.428125 0.075 0.0625
0 0.61875 0.68828125 0.09375 0.0828125
0 0.0765625 0.65234375 0.1 0.1015625
0 0.93984375 0.609375 0.1046875 0.10625
0 0.7078125 0.3484375 0.0875 0.09375
0 0.4703125 0.934375 0.09375 0.071875
0 0.4109375 0.68515625 0.08125 0.0828125
0 0.071875 0.153125 0.084375 0.078125
0 0.89453125 0.5140625 0.1015625 0.084375
0 0.1015625 0.33125 0.08125 0.0875
0 0.92265625 0.8640625 0.1546875 0.06875
0 0.596875 0.52421875 0.075 0.0859375
0 0.58984375 0.890625 0.0921875 0.075
0 0.0484375 0.4640625 0.084375 0.090625
0 0.14453125 0.85625 0.0640625 0.065625
0 0.41953125 0.378125 0.1109375 0.09375
0 0.58203125 0.13984375 0.1078125 0.1046875
0 0.92578125 0.7765625 0.1234375 0.103125
0 0.83984375 0.1578125 0.1421875 0.11875
0 0.0359375 0.5625 0.06875 0.08125
0 0.89609375 0.28359375 0.1203125 0.0890625
0 0.06640625 0.7765625 0.1046875 0.103125
0 0.884375 0.38203125 0.10625 0.0984375
0 0.628125 0.84140625 0.078125 0.1140625
