0 0.06640625 0.03203125 0.0984375 0.0640625
0 0.56171875 0.24609375 0.0859375 0.0765625
0 0.5859375 0.95859375 0.078125 0.0640625
0 0.55625 0.34140625 0.090625 0.0796875
0 0.12890625 0.3375 0.0921875 0.08125
0 0.41015625 0.9625 0.0890625 0.059375
0 0.56484375 0.0265625 0.0890625 0.053125
0 0.596875 0.87421875 0.06875 0.0640625
0 0.1703125 0.7625 0.13125 0.096875
0 0.890625 0.0734375 0.096875 0.078125
0 0.3546875 0.2265625 0.090625 0.078125
0 0.89375 0.18125 0.084375 0.071875
0 0.90703125 0.8953125 0.1015625 0.1
0 0.17421875 0.9296875 0.0890625 0.09375
0 0.8875 0.2921875 0.1 0.084375
0 0.5890625 0.72265625 0.1 0.0984375
0 0.44140625 0.7234375 0.1015625 0.090625
0 0.90859375 0.69921875 0.1140625 0.1078125
