0 0.965625 0.653125 0.05 0.05
0 0.025 0.95859375 0.05 0.0546875
0 0.6015625 0.69609375 0.071875 0.0515625
0 0.9703125 0.85625 0.05 0.05625
0 0.22578125 0.39375 0.0765625 0.071875
0 0.5625 0.91953125 0.090625 0.0796875
0 0.590625 0.72421875 0.0875 0.0671875
0 0.2234375 0.59453125 0.084375 0.0671875
0 0.03515625 0.60625 0.0703125 0.0625
0 0.2765625 0.73203125 0.071875 0.0609375
0 0.26328125 0.4890625 0.0859375 0.06875
0 0.96171875 0.9390625 0.0578125 0.065625
0 0.084375 0.69296875 0.103125 0.0828125
0 0.57265625 0.54453125 0.1015625 0.0859375
0 0.51875 0.46328125 0.1125 0.0953125
0 0.103125 0.47578125 0.121875 0.1078125
0 0.234375 0.8078125 0.096875 0.10625
0 0.58515625 0.278125 0.1203125 0.096875
0 0.2640625 0.9265625 0.1 0.0875
0 0.03515625 0.8171875 0.0703125 0.071875
