0 0.15703125 0.39609375 0.0578125 0.0546875
0 0.225 0.84609375 0.05625 0.0546875
0 0.3921875 0.02265625 0.071875 0.0421875
0 0.05625 0.81953125 0.071875 0.0609375
0 0.04140625 0.93046875 0.0796875 0.0796875
0 0.65390625 0.0296875 0.0796875 0.05625
0 0.9265625 0.9546875 0.08125 0.065625
0 0.15390625 0.51796875 0.0765625 0.0765625
0 0.95078125 0.80625 0.0640625 0.065625
0 0.440625 0.178125 0.103125 0.0875
0 0.50390625 0.68125 0.0890625 0.075
0 0.9640625 0.0796875 0.059375 0.0625
0 0.21796875 0.73359375 0.0609375 0.0640625
0 0.18046875 0.03984375 0.0703125 0.0671875
0 0.52109375 0.95078125 0.0828125 0.0734375
0 0.6578125 0.76796875 0.084375 0.0703125
0 0.18125 0.61953125 0.08125 0.0734375
0 0.05859375 0.18203125 0.0921875 0.0859375
0 0.19140625 0.2375 0.0828125 0.084375
0 0.95625 0.18671875 0.071875 0.0765625
0 0.1984375 0.35546875 0.0625 0.0640625
0 0.4890625 0.4453125 0.071875 0.065625
0 0.02578125 0.02734375 0.0484375 0.0515625
0 0.69296875 0.696875 0.0796875 0.065625
0 0.66015625 0.3203125 0.0703125 0.075
0 0.6609375 0.134375 0.084375 0.084375
0 0.27421875 0.8546875 0.0671875 0.06875
0 0.4796875 0.51328125 0.084375 0.0734375
0 0.48046875 0.81171875 0.0796875 0.0578125
0 0.52890625 0.87890625 0.0484375 0.0453125
