0 0.84609375 0.79296875 0.0890625 0.0765625
0 0.96953125 0.3953125 0.0515625 0.0625
0 0.8734375 0.83359375 0.084375 0.0734375
0 0.9109375 0.88046875 0.0875 0.0796875
0 0.1546875 0.43671875 0.096875 0.0984375
0 0.17421875 0.659375 0.1171875 0.096875
0 0.559375 0.5234375 0.134375 0.11875
0 0.12421875 0.9046875 0.0984375 0.0875
0 0.94609375 0.48046875 0.0859375 0.0921875
0 0.9453125 0.9328125 0.090625 0.090625
0 0.18203125 0.85859375 0.1140625 0.1046875
0 0.58828125 0.7953125 0.1234375 0.11875
0 0.57421875 0.42265625 0.1328125 0.1140625
0 0.19296875 0.73359375 0.1046875 0.0796875
0 0.06875 0.5015625 0.103125 0.090625
0 0.6609375 0.66875 0.134375 0.13125
0 0.57734375 0.9171875 0.1328125 0.10625
0 0.6828125 0.06796875 0.11875 0.1109375
