0 0.8609375 0.9625 0.0625 0.05
0 0.62109375 0.92265625 0.0953125 0.0828125
0 0.03984375 0.88125 0.0765625 0.08125
0 0.83515625 0.853125 0.0765625 0.078125
0 0.6015625 0.47890625 0.0875 0.0796875
0 0.6078125 0.75234375 0.10625 0.0921875
0 0.278125 0.6109375 0.084375 0.08125
0 0.95703125 0.278125 0.0765625 0.084375
0 0.5890625 0.20234375 0.084375 0.0828125
0 0.8421875 0.3625 0.059375 0.06875
0 0.85 0.23671875 0.059375 0.0578125
0 0.340625 0.87578125 0.115625 0.0734375
0 0.37734375 0.93203125 0.1109375 0.0890625
0 0.565625 0.35078125 0.10625 0.0828125
0 0.028125 0.34296875 0.053125 0.0859375
0 0.6078125 0.56640625 0.09375 0.1078125
0 0.39375 0.2953125 0.096875 0.084375
0 0.34921875 0.56171875 0.1109375 0.0921875
0 0.321875 0.78203125 0.090625 0.0859375
0 0.30625 0.4015625 0.103125 0.1125
0 0.353125 0.19296875 0.115625 0.1140625
0 0.06328125 0.64765625 0.1203125 0.1171875
0 0.97109375 0.73203125 0.0578125 0.1390625
