0 0.85 0.62734375 0.05625 0.0484375
0 0.58125 0.371875 0.0625 0.0625
0 0.5578125 0.6984375 0.065625 0.065625
0 0.4328125 0.93671875 0.071875 0.0671875
0 0.81796875 0.59296875 0.0796875 0.0671875
0 0.875 0.24765625 0.096875 0.0921875
0 0.88203125 0.84296875 0.0828125 0.0734375
0 0.91328125 0.49140625 0.0984375 0.0890625
0 0.3515625 0.2453125 0.075 0.078125
0 0.9046875 0.36484375 0.09375 0.0765625
0 0.33984375 0.4375 0.0796875 0.06875
0 0.35625 0.11953125 0.075 0.0703125
0 0.125 0.57890625 0.084375 0.0703125
0 0.5203125 0.32421875 0.1 0.0859375
0 0.5953125 0.76328125 0.0875 0.0734375
0 0.3609375 0.71015625 0.08125 0.0703125
0 0.61953125 0.85 0.0859375 0.078125
0 0.3171875 0.565625 0.096875 0.078125
0 0.890625 0.96953125 0.078125 0.0515625
0 0.13984375 0.44765625 0.0578125 0.0546875
0 0.0953125 0.8140625 0.0875 0.08125
0 0.43984375 0.79765625 0.0640625 0.0734375
0 0.94140625 0.0640625 0.0609375 0.0625
0 0.8515625 0.31875 0.075 0.0625
0 0.1484375 0.72265625 0.071875 0.0609375
0 0.5984375 0.53515625 0.1 0.0890625
0 0.5515625 0.11640625 0.1 0.0953125
