0 0.76953125 0.21484375 0.0734375 0.0703125
0 0.725 0.9640625 0.0875 0.059375
0 0.73984375 0.06484375 0.0859375 0.0765625
0 0.17890625 0.13046875 0.0984375 0.0953125
0 0.90234375 0.77109375 0.0984375 0.0796875
0 0.2609375 0.57265625 0.084375 0.0765625
0 0.79765625 0.32265625 0.0828125 0.0890625
0 0.9234375 0.59453125 0.090625 0.0796875
0 0.4203125 0.0859375 0.090625 0.078125
0 0.4515625 0.4890625 0.096875 0.0875
0 0.7921875 0.46953125 0.096875 0.0828125
0 0.79140625 0.70546875 0.0671875 0.0703125
0 0.7625 0.88359375 0.075 0.0671875
0 0.9078125 0.7015625 0.090625 0.071875
0 0.89609375 0.46484375 0.0703125 0.0671875
0 0.87578125 0.32578125 0.0609375 0.0640625
0 0.25078125 0.890625 0.0765625 0.078125
0 0.4546875 0.89375 0.071875 0.0625
0 0.77890625 0.81640625 0.0703125 0.0546875
0 0.2265625 0.21484375 0.08125 0.0671875
0 0.35859375 0.96953125 0.0765625 0.0484375
0 0.21796875 0.465625 0.1046875 0.10625
0 0.20703125 0.33828125 0.1140625 0.1078125
0 0.78984375 0.578125 0.1078125 0.096875
0 0.40234375 0.20625 0.1203125 0.1
0 0.3453125 0.665625 0.10625 0.11875
0 0.44453125 0.34921875 0.1015625 0.1078125
0 0.25390625 0.73359375 0.0890625 0.0734375
0 0.48671875 0.79609375 0.1296875 0.0859375
0 0.9515625 0.8453125 0.096875 0.05625
