0 0.72578125 0.86171875 0.0609375 0.0609375
0 0.8609375 0.471875 0.08125 0.078125
0 0.85703125 0.0640625 0.0765625 0.071875
0 0.6828125 0.2765625 0.071875 0.071875
0 0.334375 0.7328125 0.059375 0.046875
0 0.3 0.571875 0.0875 0.075
0 0.74453125 0.778125 0.0828125 0.065625
0 0.7921875 0.24765625 0.096875 0.0921875
0 0.66328125 0.3796875 0.0890625 0.0875
0 0.65390625 0.4984375 0.0953125 0.0875
0 0.09375 0.57109375 0.084375 0.0796875
0 0.928125 0.67109375 0.084375 0.0765625
0 0.5953125 0.16640625 0.134375 0.1046875
0 0.8171875 0.81328125 0.09375 0.0859375
0 0.8703125 0.9203125 0.096875 0.1
0 0.90390625 0.1484375 0.1078125 0.10625
0 0.1578125 0.43984375 0.09375 0.1046875
