0 0.38984375 0.034375 0.0609375 0.053125
0 0.128125 0.05546875 0.071875 0.0546875
0 0.35859375 0.53046875 0.1015625 0.0890625
0 0.396875 0.43125 0.078125 0.071875
0 0.38359375 0.77109375 0.0984375 0.0859375
0 0.16328125 0.790625 0.0890625 0.090625
0 0.8078125 0.94921875 0.103125 0.0765625
0 0.36328125 0.1171875 0.0703125 0.071875
0 0.81875 0.40703125 0.084375 0.0828125
0 0.66171875 0.525 0.0671875 0.065625
0 0.38828125 0.89609375 0.0796875 0.0671875
0 0.17109375 0.371875 0.0796875 0.065625
0 0.1921875 0.22890625 0.065625 0.0578125
0 0.34765625 0.9484375 0.0859375 0.078125
0 0.20078125 0.90078125 0.1046875 0.0921875
0 0.8140625 0.03203125 0.0875 0.0609375
0 0.77421875 0.83984375 0.1015625 0.0984375
0 0.8453125 0.7796875 0.10625 0.096875
0 0.83046875 0.1234375 0.1203125 0.103125
0 0.16796875 0.6671875 0.0953125 0.078125
0 0.4046875 0.63359375 0.090625 0.0859375
0 0.38359375 0.32265625 0.0796875 0.0953125
0 0.80625 0.63359375 0.128125 0.1265625
0 0.196875 0.52890625 0.09375 0.0890625
0 0.7921875 0.528125 0.1125 0.0875
0 0.3640625 0.03515625 0.103125 0.0640625
0 0.39140625 0.20078125 0.0953125 0.0703125
0 0.81640625 0.2875 0.0828125 0.075
