0 0.84765625 0.96796875 0.0453125 0.0390625
0 0.21640625 0.40703125 0.0671875 0.0578125
0 0.06796875 0.490625 0.0921875 0.08125
0 0.18203125 0.2828125 0.1078125 0.103125
0 0.6640625 0.7984375 0.090625 0.08125
0 0.1921875 0.11015625 0.103125 0.1015625
0 0.328125 0.7546875 0.10625 0.103125
0 0.7609375 0.05390625 0.090625 0.0796875
0 0.0828125 0.35078125 0.09375 0.0828125
0 0.09375 0.80546875 0.078125 0.0703125
0 0.24140625 0.64453125 0.0921875 0.0828125
0 0.74375 0.39296875 0.075 0.0671875
0 0.06875 0.24453125 0.08125 0.0734375
0 0.32734375 0.96328125 0.0828125 0.0609375
0 0.565625 0.32109375 0.06875 0.0640625
0 0.04140625 0.053125 0.0765625 0.08125
0 0.79140625 0.16328125 0.0796875 0.0828125
0 0.37265625 0.16015625 0.0953125 0.0921875
0 0.87734375 0.60234375 0.1109375 0.0984375
0 0.103125 0.6609375 0.121875 0.103125
0 0.3203125 0.59765625 0.109375 0.1078125
0 0.8 0.6703125 0.128125 0.115625
0 0.5984375 0.4265625 0.115625 0.1
0 0.61328125 0.55703125 0.1421875 0.0953125
0 0.31875 0.03671875 0.09375 0.0734375
0 0.64296875 0.68671875 0.1171875 0.1078125
0 0.6234375 0.15078125 0.125 0.1078125
0 0.8 0.8875 0.1125 0.1
0 0.290625 0.45234375 0.125 0.0984375
0 0.80859375 0.3453125 0.1109375 0.1125
0 0.2625 0.91015625 0.128125 0.1203125
