0 0.39140625 0.903125 0.0546875 0.053125
0 0.60546875 0.8546875 0.0578125 0.053125
0 0.48125 0.02578125 0.06875 0.0484375
0 0.49453125 0.3765625 0.0640625 0.059375
0 0.33671875 0.21015625 0.0828125 0.0703125
0 0.7984375 0.3484375 0.0875 0.078125
0 0.06875 0.234375 0.090625 0.08125
0 0.51484375 0.67421875 0.0796875 0.0828125
0 0.0640625 0.11640625 0.08125 0.0640625
0 0.51015625 0.23125 0.0796875 0.078125
0 0.0515625 0.365625 0.0875 0.075
0 0.88125 0.80390625 0.090625 0.0796875
0 0.54140625 0.09375 0.0734375 0.06875
0 0.7375 0.53515625 0.06875 0.0609375
0 0.5375 0.88515625 0.084375 0.0765625
0 0.81328125 0.25 0.0609375 0.05625
0 0.04765625 0.03203125 0.0640625 0.0546875
0 0.090625 0.5453125 0.075 0.0625
0 0.0984375 0.8109375 0.09375 0.096875
0 0.53515625 0.48515625 0.0859375 0.0890625
0 0.071875 0.453125 0.078125 0.075
0 0.07109375 0.92890625 0.0921875 0.0828125
0 0.54140625 0.55859375 0.0515625 0.0578125
0 0.11640625 0.71875 0.0765625 0.053125
0 0.76640625 0.021875 0.0703125 0.040625
