0 0.72578125 0.41875 0.1140625 0.090625
0 0.17734375 0.4515625 0.0921875 0.090625
0 0.19296875 0.07578125 0.1015625 0.0921875
0 0.225 0.81875 0.1 0.078125
0 0.03359375 0.22421875 0.0671875 0.0671875
0 0.45234375 0.5328125 0.0953125 0.078125
0 0.4046875 0.703125 0.0875 0.075
0 0.8765625 0.82109375 0.071875 0.0640625
0 0.4765625 0.80625 0.10625 0.084375
0 0.05859375 0.2765625 0.0859375 0.078125
0 0.41875 0.3453125 0.10625 0.084375
0 0.74921875 0.740625 0.1328125 0.1125
0 0.42109375 0.4234375 0.1046875 0.084375
0 0.8484375 0.91484375 0.1125 0.1109375
0 0.72265625 0.5953125 0.1140625 0.11875
0 0.17890625 0.746875 0.0921875 0.0875
0 0.85 0.640625 0.1 0.096875
0 0.175 0.55390625 0.1 0.0828125
0 0.4109375 0.15078125 0.109375 0.1046875
0 0.7421875 0.8953125 0.11875 0.11875
0 0.178125 0.93125 0.109375 0.084375
0 0.3859375 0.05078125 0.1125 0.0953125
