0 0.31015625 0.3296875 0.0609375 0.05
0 0.046875 0.525 0.090625 0.11875
0 0.409375 0.75703125 0.078125 0.0671875
0 0.63359375 0.10703125 0.0890625 0.0828125
0 0.67578125 0.29375 0.0703125 0.08125
0 0.6203125 0.7796875 0.08125 0.071875
0 0.809375 0.47734375 0.075 0.0890625
0 0.0703125 0.68828125 0.125 0.1171875
0 0.05859375 0.30625 0.1046875 0.0875
0 0.62890625 0.64375 0.1203125 0.10625
0 0.55078125 0.053125 0.1015625 0.0875
0 0.446875 0.63984375 0.1 0.0890625
0 0.10078125 0.390625 0.1296875 0.109375
0 0.30625 0.15703125 0.115625 0.1078125
0 0.35390625 0.034375 0.0953125 0.065625
0 0.61015625 0.3875 0.1171875 0.10625
0 0.2734375 0.4484375 0.103125 0.096875
0 0.41015625 0.49453125 0.1171875 0.0984375
