0 0.95859375 0.403125 0.0546875 0.05625
0 0.93203125 0.55703125 0.0515625 0.0453125
0 0.9734375 0.6546875 0.05 0.065625
0 0.90625 0.33359375 0.05625 0.0578125
0 0.1046875 0.95703125 0.06875 0.0546875
0 0.54375 0.53125 0.059375 0.040625
0 0.55546875 0.4953125 0.0546875 0.040625
0 0.3 0.56484375 0.103125 0.0921875
0 0.8828125 0.23359375 0.071875 0.0640625
0 0.903125 0.11171875 0.084375 0.0671875
0 0.78203125 0.91953125 0.0859375 0.0828125
0 0.53515625 0.38828125 0.0671875 0.0609375
0 0.2484375 0.190625 0.08125 0.065625
0 0.53671875 0.58984375 0.0921875 0.0921875
0 0.26171875 0.39921875 0.0734375 0.0703125
0 0.4578125 0.153125 0.09375 0.08125
0 0.92109375 0.8765625 0.0703125 0.05625
0 0.25703125 0.2625 0.0859375 0.071875
0 0.26015625 0.67734375 0.0734375 0.0796875
0 0.596875 0.8671875 0.06875 0.05625
0 0.52890625 0.23359375 0.0921875 0.0734375
0 0.57578125 0.6890625 0.0953125 0.090625
0 0.296875 0.83828125 0.0875 0.0890625
0 0.109375 0.04140625 0.1 0.0734375
0 0.8515625 0.95390625 0.075 0.0484375
0 0.503125 0.96015625 0.078125 0.0671875
