0 0.10859375 0.0296875 0.0890625 0.05625
0 0.21875 0.84609375 0.075 0.0671875
0 0.1203125 0.35 0.0875 0.078125
0 0.88515625 0.9015625 0.0953125 0.071875
0 0.15859375 0.58984375 0.0921875 0.0828125
0 0.84296875 0.425 0.0734375 0.078125
0 0.20625 0.509375 0.084375 0.08125
0 0.45546875 0.45234375 0.1140625 0.1515625
0 0.89140625 0.80703125 0.1015625 0.0921875
0 0.834375 0.2140625 0.0875 0.075
0 0.5828125 0.57890625 0.0875 0.0765625
0 0.22421875 0.7203125 0.0953125 0.090625
0 0.15390625 0.22109375 0.1015625 0.0890625
0 0.47890625 0.2359375 0.1359375 0.14375
0 0.84921875 0.58671875 0.0984375 0.1078125
0 0.7984375 0.109375 0.09375 0.084375
0 0.17578125 0.11796875 0.1015625 0.0765625
0 0.19296875 0.9515625 0.0921875 0.075
