0 0.30234375 0.084375 0.0546875 0.046875
0 0.4265625 0.37421875 0.053125 0.0546875
0 0.5078125 0.66484375 0.059375 0.0546875
0 0.29296875 0.13671875 0.0671875 0.0609375
0 0.325 0.396875 0.065625 0.0625
0 0.29453125 0.32890625 0.0609375 0.0578125
0 0.74140625 0.028125 0.0921875 0.053125
0 0.7078125 0.44765625 0.090625 0.0890625
0 0.2 0.95 0.075 0.0625
0 0.2484375 0.7515625 0.071875 0.06875
0 0.4453125 0.5890625 0.071875 0.0625
0 0.27109375 0.53046875 0.0703125 0.0671875
0 0.93984375 0.25703125 0.0890625 0.0828125
0 0.41953125 0.2890625 0.0765625 0.06875
0 0.88984375 0.03671875 0.0828125 0.0703125
0 0.45703125 0.7578125 0.0671875 0.06875
0 0.9671875 0.3828125 0.059375 0.08125
0 0.37890625 0.028125 0.0640625 0.053125
0 0.42578125 0.46484375 0.0640625 0.0609375
0 0.29921875 0.653125 0.0734375 0.065625
0 0.4796875 0.91484375 0.059375 0.0578125
0 0.28828125 0.86796875 0.0734375 0.0734375
0 0.69765625 0.15625 0.0953125 0.075
0 0.803125 0.909375 0.1 0.090625
0 0.76796875 0.375 0.0921875 0.096875
0 0.7890625 0.61875 0.090625 0.078125
0 0.82421875 0.77578125 0.1078125 0.0984375
0 0.6859375 0.2578125 0.103125 0.096875
0 0.9125 0.203125 0.090625 0.078125
