0 0.665625 0.88203125 0.08125 0.0671875
0 0.40859375 0.4015625 0.0890625 0.096875
0 0.2234375 0.596875 0.103125 0.084375
0 0.18671875 0.91328125 0.0734375 0.0796875
0 0.790625 0.68984375 0.084375 0.0671875
0 0.44921875 0.61015625 0.0859375 0.0703125
0 0.49375 0.725 0.078125 0.075
0 0.44375 0.18046875 0.084375 0.0796875
0 0.71796875 0.15390625 0.0796875 0.0828125
0 0.75703125 0.9609375 0.1015625 0.065625
0 0.84296875 0.36796875 0.0609375 0.0609375
0 0.8484375 0.66953125 0.078125 0.0640625
0 0.23125 0.1515625 0.090625 0.08125
0 0.39453125 0.8140625 0.1140625 0.096875
0 0.38828125 0.096875 0.0859375 0.090625
0 0.27109375 0.81953125 0.0984375 0.0890625
0 0.7921875 0.25078125 0.05625 0.0515625
0 0.88984375 0.3 0.0421875 0.040625
