0 0.6375 0.203125 0.05625 0.06875
0 0.796875 0.87265625 0.096875 0.0890625
0 0.34609375 0.91015625 0.0859375 0.0828125
0 0.19921875 0.275 0.1015625 0.0875
0 0.2015625 0.39375 0.09375 0.078125
0 0.6484375 0.08828125 0.06875 0.0578125
0 0.50859375 0.57109375 0.1359375 0.1171875
0 0.7453125 0.32734375 0.09375 0.0953125
0 0.48828125 0.1984375 0.1109375 0.11875
0 0.76640625 0.13984375 0.1078125 0.0765625
0 0.20703125 0.16640625 0.0890625 0.0859375
0 0.7390625 0.2125 0.103125 0.084375
0 0.19921875 0.46640625 0.1078125 0.0890625
0 0.4890625 0.37734375 0.109375 0.0890625
0 0.58125 0.31953125 0.096875 0.0890625
0 0.8 0.51796875 0.115625 0.1015625
0 0.73984375 0.0640625 0.1015625 0.08125
0 0.23046875 0.603125 0.1109375 0.1
0 0.56875 0.03984375 0.109375 0.0796875
0 0.165625 0.0328125 0.096875 0.065625
0 0.55625 0.23125 0.084375 0.084375
