0 0.89921875 0.34296875 0.0765625 0.0640625
0 0.3421875 0.93984375 0.084375 0.0859375
0 0.10703125 0.76640625 0.1015625 0.0859375
0 0.3578125 0.853125 0.1 0.0875
0 0.56328125 0.06328125 0.0828125 0.0796875
0 0.59609375 0.30390625 0.0953125 0.0921875
0 0.53828125 0.59140625 0.0765625 0.0703125
0 0.33359375 0.6640625 0.0703125 0.06875
0 0.36015625 0.55546875 0.0890625 0.0703125
0 0.15 0.9578125 0.071875 0.065625
0 0.08046875 0.546875 0.0921875 0.08125
0 0.1328125 0.86328125 0.084375 0.0734375
0 0.24453125 0.25 0.0859375 0.075
0 0.89921875 0.60859375 0.0828125 0.0859375
0 0.12890625 0.16796875 0.0890625 0.0765625
0 0.38984375 0.3421875 0.0921875 0.071875
0 0.57578125 0.42890625 0.1109375 0.0890625
0 0.32421875 0.0328125 0.0640625 0.05625
0 0.0578125 0.0328125 0.078125 0.05625
0 0.33359375 0.246875 0.0671875 0.078125
0 0.8984375 0.50625 0.103125 0.071875
0 0.60078125 0.76171875 0.1046875 0.0859375
0 0.11640625 0.2640625 0.0953125 0.090625
0 0.0796875 0.0953125 0.096875 0.09375
0 0.60078125 0.20625 0.1140625 0.0875
0 0.10234375 0.440625 0.0984375 0.0875
0 0.6296875 0.6734375 0.103125 0.096875
0 0.8640625 0.73125 0.0875 0.06875
0 0.9578125 0.6953125 0.06875 0.06875
