0 0.215625 0.02578125 0.071875 0.0484375
0 0.46328125 0.81953125 0.0703125 0.0609375
0 0.071875 0.81328125 0.10625 0.0953125
0 0.15703125 0.959375 0.1171875 0.06875
0 0.0625 0.0890625 0.115625 0.103125
0 0.36171875 0.25703125 0.1015625 0.0953125
0 0.60625 0.95234375 0.0875 0.0734375
0 0.66484375 0.18203125 0.1140625 0.0921875
0 0.71875 0.2703125 0.084375 0.075
0 0.47109375 0.19765625 0.0859375 0.0921875
0 0.30390625 0.703125 0.1171875 0.096875
0 0.62421875 0.5 0.1078125 0.078125
0 0.96484375 0.55625 0.0578125 0.06875
0 0.36796875 0.509375 0.1109375 0.09375
0 0.62578125 0.2703125 0.1203125 0.096875
0 0.09296875 0.92734375 0.1171875 0.0921875
0 0.071875 0.5171875 0.10625 0.09375
0 0.09921875 0.31015625 0.1203125 0.1015625
0 0.6625 0.6015625 0.115625 0.103125
0 0.29140625 0.8125 0.1234375 0.10625
0 0.08671875 0.4234375 0.1109375 0.096875
0 0.321875 0.365625 0.13125 0.096875
0 0.71328125 0.384375 0.0953125 0.096875
0 0.275 0.18359375 0.121875 0.1265625
0 0.67421875 0.8375 0.1515625 0.146875
0 0.653125 0.43125 0.109375 0.0875
0 0.103125 0.196875 0.096875 0.0875
0 0.49609375 0.89453125 0.1265625 0.1140625
0 0.503125 0.3640625 0.115625 0.1
0 0.28828125 0.053125 0.1203125 0.1
0 0.1359375 0.6515625 0.115625 0.1
