0 0.6109375 0.784375 0.059375 0.059375
0 0.27734375 0.7875 0.0828125 0.08125
0 0.9203125 0.71484375 0.09375 0.0796875
0 0.95625 0.92734375 0.075 0.0765625
0 0.95859375 0.3484375 0.0734375 0.090625
0 0.0671875 0.70390625 0.078125 0.0734375
0 0.55390625 0.47734375 0.1078125 0.0984375
0 0.30546875 0.92734375 0.0859375 0.0703125
0 0.03046875 0.8265625 0.0578125 0.05625
0 0.53515625 0.8890625 0.0890625 0.08125
0 0.73828125 0.76640625 0.0796875 0.0703125
0 0.028125 0.76640625 0.053125 0.0671875
0 0.9546875 0.4703125 0.059375 0.0625
0 0.2703125 0.5171875 0.06875 0.059375
0 0.3 0.421875 0.090625 0.090625
0 0.68515625 0.88515625 0.1109375 0.1015625
0 0.26640625 0.6953125 0.1140625 0.084375
0 0.63046875 0.63203125 0.0796875 0.0765625
0 0.54296875 0.30625 0.1015625 0.09375
0 0.6625 0.503125 0.059375 0.103125
0 0.259375 0.875 0.090625 0.075
0 0.0328125 0.91640625 0.0625 0.0828125
