0 0.0359375 0.07421875 0.05625 0.0484375
0 0.4578125 0.84921875 0.059375 0.0484375
0 0.909375 0.0234375 0.08125 0.04375
0 0.6125 0.2640625 0.115625 0.09375
0 0.0640625 0.58828125 0.075 0.0765625
0 0.6640625 0.59453125 0.09375 0.0921875
0 0.915625 0.465625 0.1 0.075
0 0.82578125 0.7546875 0.0796875 0.0625
0 0.85546875 0.95078125 0.0921875 0.0734375
0 0.32890625 0.6359375 0.0765625 0.075
0 0.9015625 0.2703125 0.09375 0.078125
0 0.95859375 0.71875 0.0609375 0.065625
0 0.38828125 0.940625 0.0671875 0.059375
0 0.9 0.59609375 0.121875 0.0890625
0 0.47890625 0.334375 0.0671875 0.0625
0 0.296875 0.4890625 0.084375 0.075
0 0.8546875 0.87734375 0.08125 0.0828125
0 0.6796875 0.50078125 0.078125 0.0671875
0 0.0921875 0.49765625 0.053125 0.0609375
0 0.8765625 0.33203125 0.1 0.0890625
0 0.67421875 0.1375 0.1171875 0.084375
0 0.8671875 0.13515625 0.1125 0.0890625
0 0.62890625 0.3984375 0.0984375 0.078125
0 0.05 0.45703125 0.0875 0.0796875
0 0.065625 0.90546875 0.0875 0.1234375
0 0.165625 0.9546875 0.046875 0.05625
0 0.28125 0.90234375 0.10625 0.0765625
0 0.70703125 0.734375 0.0703125 0.109375
0 0.0453125 0.2703125 0.05 0.08125
