0 0.66328125 0.96875 0.0546875 0.040625
0 0.97109375 0.03046875 0.0484375 0.0515625
0 0.82734375 0.95859375 0.0765625 0.0671875
0 0.5484375 0.47890625 0.071875 0.0671875
0 0.59375 0.54609375 0.065625 0.0671875
0 0.3796875 0.38515625 0.06875 0.0578125
0 0.33046875 0.64921875 0.0859375 0.0796875
0 0.2984375 0.140625 0.071875 0.06875
0 0.9546875 0.27890625 0.078125 0.0828125
0 0.575 0.36328125 0.071875 0.0734375
0 0.39375 0.8140625 0.0625 0.06875
0 0.378125 0.49140625 0.065625 0.0671875
0 0.809375 0.71953125 0.0625 0.0640625
0 0.06484375 0.77109375 0.0609375 0.0671875
0 0.11640625 0.7578125 0.0921875 0.08125
0 0.81015625 0.14453125 0.1234375 0.1046875
0 0.6015625 0.175 0.08125 0.059375
0 0.9484375 0.36796875 0.090625 0.0984375
0 0.6 0.7046875 0.1 0.084375
0 0.83828125 0.8375 0.1046875 0.0875
0 0.09375 0.86875 0.13125 0.11875
0 0.0875 0.2546875 0.125 0.103125
0 0.80390625 0.37421875 0.1015625 0.0859375
0 0.384375 0.23046875 0.090625 0.0578125
0 0.46328125 0.340625 0.0421875 0.046875
