0 0.3921875 0.1171875 0.065625 0.053125
0 0.93203125 0.3796875 0.0546875 0.053125
0 0.02734375 0.03671875 0.0515625 0.0671875
0 0.3453125 0.04375 0.053125 0.046875
0 0.0265625 0.28359375 0.05 0.0578125
0 0.034375 0.7875 0.065625 0.071875
0 0.56015625 0.384375 0.0484375 0.046875
0 0.93125 0.76640625 0.08125 0.0921875
0 0.4 0.0265625 0.06875 0.05
0 0.88203125 0.05546875 0.0765625 0.0671875
0 0.15546875 0.3578125 0.1015625 0.06875
0 0.42109375 0.596875 0.0828125 0.084375
0 0.9078125 0.1890625 0.090625 0.075
0 0.628125 0.946875 0.06875 0.06875
0 0.95 0.27109375 0.0875 0.1015625
0 0.62578125 0.50703125 0.0859375 0.0765625
0 0.625 0.2171875 0.08125 0.071875
0 0.9578125 0.5078125 0.071875 0.0875
0 0.6328125 0.85234375 0.06875 0.0765625
0 0.60390625 0.590625 0.0671875 0.065625
0 0.115625 0.55546875 0.0875 0.0890625
0 0.4203125 0.95078125 0.090625 0.0796875
0 0.95859375 0.9671875 0.0640625 0.05625
0 0.59453125 0.67734375 0.0890625 0.0828125
0 0.37578125 0.7046875 0.1015625 0.090625
0 0.43359375 0.50078125 0.0953125 0.0921875
0 0.9515625 0.8765625 0.084375 0.090625
0 0.046875 0.45703125 0.090625 0.1015625
0 0.1046875 0.16796875 0.103125 0.0953125
0 0.09453125 0.29453125 0.1046875 0.0984375
0 0.06796875 0.0421875 0.0921875 0.08125
0 0.0421875 0.56875 0.08125 0.0875
0 0.03125 0.66328125 0.059375 0.0921875
