0 0.11171875 0.1515625 0.0734375 0.0625
0 0.89375 0.17578125 0.103125 0.1015625
0 0.71328125 0.7109375 0.0890625 0.075
0 0.58203125 0.31796875 0.1171875 0.0921875
0 0.8890625 0.053125 0.084375 0.0875
0 0.31015625 0.08125 0.1171875 0.084375
0 0.87265625 0.4328125 0.0984375 0.0625
0 0.9078125 0.715625 0.071875 0.065625
0 0.6875 0.075 0.06875 0.0625
0 0.859375 0.57109375 0.0875 0.0828125
0 0.25546875 0.19609375 0.1015625 0.0796875
0 0.3234375 0.365625 0.1125 0.084375
0 0.80625 0.47421875 0.125 0.1015625
0 0.3765625 0.578125 0.10625 0.1125
0 0.12890625 0.2421875 0.1421875 0.096875
0 0.134375 0.753125 0.128125 0.109375
0 0.5734375 0.5515625 0.121875 0.109375
0 0.63984375 0.03359375 0.1015625 0.0671875
0 0.87734375 0.3046875 0.1203125 0.125
0 0.646875 0.22578125 0.125 0.1046875
0 0.52578125 0.15078125 0.1265625 0.1015625
