0 0.3984375 0.02109375 0.065625 0.0421875
0 0.51796875 0.4046875 0.0921875 0.084375
0 0.89453125 0.9140625 0.0984375 0.090625
0 0.50078125 0.940625 0.0609375 0.06875
0 0.196875 0.43984375 0.090625 0.0796875
0 0.62734375 0.353125 0.0921875 0.0875
0 0.1859375 0.03984375 0.065625 0.0640625
0 0.2671875 0.82578125 0.0625 0.0671875
0 0.3328125 0.9515625 0.06875 0.0625
0 0.459375 0.81015625 0.065625 0.0796875
0 0.71640625 0.9328125 0.0890625 0.084375
0 0.4640625 0.41796875 0.08125 0.0828125
0 0.396875 0.09453125 0.08125 0.0859375
0 0.321875 0.8078125 0.06875 0.065625
0 0.4515625 0.2421875 0.090625 0.0875
0 0.903125 0.80703125 0.071875 0.0671875
0 0.2078125 0.1140625 0.096875 0.090625
0 0.23828125 0.2046875 0.0890625 0.0875
0 0.821875 0.7234375 0.1 0.09375
0 0.76953125 0.20703125 0.0953125 0.1078125
0 0.27890625 0.28203125 0.1015625 0.0953125
0 0.7765625 0.06015625 0.115625 0.0890625
