0 0.2578125 0.29609375 0.05625 0.0546875
0 0.32421875 0.74609375 0.0546875 0.0578125
0 0.053125 0.4140625 0.053125 0.05
0 0.1546875 0.71953125 0.075 0.0640625
0 0.603125 0.58203125 0.090625 0.0734375
0 0.53984375 0.07890625 0.1046875 0.0859375
0 0.346875 0.9203125 0.0875 0.08125
0 0.7578125 0.66640625 0.084375 0.0703125
0 0.76015625 0.03984375 0.0828125 0.0765625
0 0.31796875 0.63359375 0.0609375 0.0640625
0 0.28046875 0.51953125 0.0828125 0.0734375
0 0.1578125 0.08203125 0.09375 0.0859375
0 0.10390625 0.4953125 0.0640625 0.0625
0 0.09453125 0.18203125 0.0828125 0.0703125
0 0.25390625 0.4171875 0.0765625 0.075
0 0.2984375 0.25546875 0.0625 0.0640625
0 0.29140625 0.13671875 0.0828125 0.0828125
0 0.58984375 0.3453125 0.0703125 0.065625
0 0.6234375 0.8546875 0.071875 0.065625
0 0.7921875 0.59765625 0.078125 0.0640625
0 0.075 0.28671875 0.0625 0.0609375
0 0.37421875 0.75625 0.0671875 0.06875
0 0.57890625 0.41328125 0.0859375 0.0703125
0 0.76015625 0.22109375 0.0703125 0.0734375
0 0.13046875 0.82890625 0.0984375 0.0828125
0 0.7359375 0.4828125 0.10625 0.06875
