0 0.20625 0.46328125 0.09375 0.0859375
0 0.9578125 0.7109375 0.071875 0.0875
0 0.05546875 0.34296875 0.0828125 0.0890625
0 0.13359375 0.90625 0.1359375 0.084375
0 0.321875 0.03203125 0.08125 0.0609375
0 0.92265625 0.89296875 0.0828125 0.0671875
0 0.09296875 0.77109375 0.0859375 0.0765625
0 0.184375 0.5609375 0.071875 0.065625
0 0.11953125 0.046875 0.0765625 0.06875
0 0.8375 0.78046875 0.08125 0.0828125
0 0.5875 0.11328125 0.0625 0.0578125
0 0.903125 0.95 0.096875 0.078125
0 0.8921875 0.54609375 0.096875 0.0734375
0 0.484375 0.62265625 0.08125 0.0921875
0 0.7296875 0.63359375 0.103125 0.0984375
0 0.4890625 0.4671875 0.09375 0.096875
0 0.47265625 0.33671875 0.1140625 0.1078125
0 0.23828125 0.8359375 0.1328125 0.09375
0 0.5984375 0.93359375 0.13125 0.1328125
0 0.56640625 0.04296875 0.0984375 0.0828125
0 0.059375 0.16640625 0.103125 0.0953125
0 0.80625 0.39375 0.090625 0.16875
