0 0.82578125 0.39453125 0.1046875 0.0859375
0 0.78671875 0.5046875 0.0984375 0.096875
0 0.0890625 0.6578125 0.08125 0.075
0 0.05625 0.55 0.103125 0.09375
0 0.8140625 0.79609375 0.084375 0.0734375
0 0.04765625 0.4328125 0.0765625 0.075
0 0.503125 0.56640625 0.084375 0.0796875
0 0.7765625 0.625 0.078125 0.08125
0 0.49921875 0.19296875 0.0984375 0.0953125
0 0.56484375 0.68046875 0.0734375 0.0765625
0 0.7359375 0.91640625 0.08125 0.0734375
0 0.81015625 0.95625 0.0671875 0.05625
0 0.778125 0.75703125 0.06875 0.0578125
0 0.6703125 0.1671875 0.071875 0.065625
0 0.084375 0.259375 0.1 0.08125
0 0.7421875 0.453125 0.075 0.071875
0 0.51171875 0.65 0.0734375 0.065625
0 0.5703125 0.8015625 0.096875 0.09375
0 0.08984375 0.803125 0.1015625 0.084375
0 0.7515625 0.1640625 0.103125 0.08125
0 0.54453125 0.88828125 0.1046875 0.0828125
0 0.07890625 0.92421875 0.1265625 0.1046875
0 0.50625 0.0328125 0.09375 0.0625
0 0.73671875 0.06953125 0.1140625 0.0921875
0 0.06796875 0.08828125 0.1078125 0.0984375
0 0.3421875 0.325 0.05625 0.065625
0 0.08359375 0.31875 0.0609375 0.059375
