0 0.4578125 0.74921875 0.059375 0.0484375
0 0.0921875 0.3984375 0.05 0.059375
0 0.82578125 0.6515625 0.0796875 0.0625
0 0.13125 0.9765625 0.06875 0.040625
0 0.096875 0.14453125 0.05625 0.0671875
0 0.61328125 0.165625 0.1140625 0.09375
0 0.87578125 0.23046875 0.1015625 0.0859375
0 0.05078125 0.35703125 0.0890625 0.0796875
0 0.0625 0.48671875 0.075 0.0765625
0 0.62890625 0.29765625 0.0953125 0.0796875
0 0.915625 0.3640625 0.096875 0.075
0 0.95859375 0.61875 0.0609375 0.065625
0 0.32890625 0.5359375 0.0765625 0.075
0 0.8671875 0.88828125 0.109375 0.1421875
0 0.3875 0.934375 0.071875 0.071875
0 0.47890625 0.23359375 0.0671875 0.0640625
0 0.9015625 0.1703125 0.096875 0.078125
0 0.2984375 0.38671875 0.08125 0.0734375
0 0.39375 0.84296875 0.109375 0.0859375
0 0.6796875 0.40078125 0.078125 0.0703125
0 0.9015625 0.49609375 0.128125 0.0890625
0 0.90234375 0.76875 0.1296875 0.1
0 0.66484375 0.49453125 0.0953125 0.0953125
0 0.671875 0.040625 0.109375 0.078125
0 0.86640625 0.0390625 0.1046875 0.075
0 0.07109375 0.80234375 0.0890625 0.1328125
0 0.16640625 0.865625 0.0703125 0.103125
