0 0.6 0.3734375 0.059375 0.05625
0 0.634375 0.88984375 0.065625 0.0546875
0 0.8921875 0.65625 0.06875 0.065625
0 0.79921875 0.48515625 0.0921875 0.0890625
0 0.18203125 0.4421875 0.0984375 0.090625
0 0.8015625 0.3234375 0.1 0.075
0 0.24140625 0.1296875 0.0984375 0.084375
0 0.5828125 0.034375 0.078125 0.065625
0 0.8625 0.08359375 0.090625 0.0765625
0 0.6765625 0.73359375 0.090625 0.0859375
0 0.5265625 0.1828125 0.084375 0.08125
0 0.61328125 0.55546875 0.0828125 0.0765625
0 0.10078125 0.40390625 0.0796875 0.0828125
0 0.83828125 0.896875 0.0859375 0.078125
0 0.2953125 0.80625 0.0875 0.0875
0 0.8421875 0.8203125 0.071875 0.065625
0 0.64609375 0.41171875 0.0859375 0.0671875
0 0.609375 0.31953125 0.065625 0.0703125
0 0.7875 0.39140625 0.06875 0.0671875
0 0.83125 0.2015625 0.059375 0.11875
0 0.2609375 0.3578125 0.0875 0.06875
0 0.8140625 0.75625 0.0875 0.08125
0 0.59765625 0.646875 0.1046875 0.0875
0 0.22890625 0.2265625 0.1015625 0.096875
0 0.215625 0.6921875 0.10625 0.096875
0 0.74296875 0.03359375 0.0921875 0.0640625
0 0.2625 0.60625 0.10625 0.0875
0 0.23984375 0.90078125 0.0984375 0.1046875
