0 0.69140625 0.890625 0.0515625 0.05
0 0.73515625 0.784375 0.0703125 0.059375
0 0.78359375 0.171875 0.0765625 0.065625
0 0.44296875 0.43515625 0.0765625 0.0734375
0 0.72265625 0.53125 0.0671875 0.065625
0 0.20625 0.47109375 0.084375 0.0765625
0 0.3375 0.06953125 0.084375 0.0734375
0 0.82734375 0.31875 0.0859375 0.071875
0 0.83046875 0.51328125 0.0609375 0.0609375
0 0.6984375 0.6734375 0.075 0.075
0 0.35234375 0.2796875 0.0796875 0.075
0 0.4734375 0.87734375 0.078125 0.0671875
0 0.23125 0.684375 0.090625 0.075
0 0.21796875 0.1421875 0.0859375 0.071875
0 0.71328125 0.4453125 0.0671875 0.065625
0 0.25234375 0.34296875 0.0828125 0.0734375
0 0.4296875 0.6984375 0.0875 0.078125
0 0.82734375 0.96640625 0.0671875 0.0515625
0 0.20390625 0.95234375 0.0828125 0.0734375
0 0.82578125 0.65859375 0.0734375 0.0671875
0 0.81015625 0.83203125 0.0828125 0.0765625
0 0.7125 0.11875 0.08125 0.078125
0 0.784375 0.0640625 0.08125 0.071875
0 0.78671875 0.44296875 0.0765625 0.0671875
0 0.4453125 0.54140625 0.096875 0.0859375
0 0.23046875 0.5765625 0.1046875 0.090625
0 0.44296875 0.7890625 0.0953125 0.078125
0 0.23359375 0.25859375 0.0921875 0.0953125
0 0.18046875 0.74375 0.0984375 0.084375
0 0.20390625 0.03125 0.1046875 0.059375
0 0.7234375 0.25078125 0.04375 0.0453125
0 0.63359375 0.1984375 0.0484375 0.04375
0 0.421875 0.32265625 0.05625 0.0515625
