0 0.15625 0.221875 0.05625 0.046875
0 0.91484375 0.50390625 0.0703125 0.0703125
0 0.425 0.715625 0.1 0.075
0 0.88203125 0.934375 0.0734375 0.078125
0 0.93828125 0.73125 0.0890625 0.084375
0 0.534375 0.946875 0.090625 0.071875
0 0.13125 0.8421875 0.084375 0.075
0 0.6859375 0.52265625 0.075 0.0859375
0 0.14140625 0.7578125 0.0859375 0.071875
0 0.39453125 0.584375 0.0890625 0.0875
0 0.890625 0.3078125 0.10625 0.09375
0 0.51953125 0.8 0.1140625 0.096875
0 0.075 0.41640625 0.1 0.0890625
0 0.87421875 0.17578125 0.1109375 0.0984375
0 0.15546875 0.971875 0.0796875 0.05
0 0.0734375 0.7125 0.1 0.084375
0 0.890625 0.634375 0.121875 0.11875
0 0.44140625 0.23984375 0.1109375 0.1046875
0 0.1421875 0.496875 0.090625 0.078125
0 0.890625 0.43828125 0.1 0.0796875
0 0.2796875 0.28984375 0.075 0.0671875
