0 0.2234375 0.3828125 0.075 0.075
0 0.8234375 0.0328125 0.078125 0.0625
0 0.2125 0.26484375 0.0875 0.0828125
0 0.675 0.48203125 0.103125 0.0890625
0 0.5875 0.03203125 0.075 0.0609375
0 0.88046875 0.5734375 0.1046875 0.0875
0 0.63671875 0.25703125 0.0921875 0.0953125
0 0.6203125 0.64921875 0.115625 0.1046875
0 0.865625 0.853125 0.1 0.08125
0 0.915625 0.096875 0.084375 0.078125
0 0.89140625 0.3125 0.0921875 0.0875
0 0.89453125 0.71484375 0.0921875 0.0921875
0 0.28671875 0.06484375 0.1328125 0.1078125
0 0.37421875 0.50078125 0.1140625 0.1015625
0 0.31484375 0.24765625 0.1140625 0.1109375
0 0.82734375 0.26640625 0.1078125 0.0953125
0 0.834375 0.403125 0.096875 0.09375
0 0.31953125 0.36953125 0.1328125 0.1046875
0 0.19921875 0.040625 0.0921875 0.078125
0 0.3234375 0.62109375 0.10625 0.1015625
0 0.7328125 0.79609375 0.10625 0.0890625
0 0.56640625 0.134375 0.0984375 0.078125
0 0.82578125 0.94609375 0.0984375 0.0890625
0 0.3203125 0.7625 0.115625 0.109375
0 0.6703125 0.94453125 0.10625 0.0890625
0 0.4671875 0.87109375 0.140625 0.1015625
0 0.7203125 0.46171875 0.075 0.0828125
