0 0.74296875 0.8765625 0.0828125 0.065625
0 0.30078125 0.67109375 0.0859375 0.0765625
0 0.33984375 0.83828125 0.0578125 0.0609375
0 0.85859375 0.571875 0.0828125 0.078125
0 0.8578125 0.1609375 0.078125 0.08125
0 0.725 0.959375 0.0625 0.05625
0 0.65390625 0.59765625 0.0953125 0.0890625
0 0.09375 0.671875 0.084375 0.08125
0 0.79140625 0.3484375 0.0984375 0.090625
0 0.59453125 0.26640625 0.1390625 0.1078125
0 0.68359375 0.37734375 0.0734375 0.0734375
0 0.928125 0.77109375 0.08125 0.0796875
0 0.81796875 0.91328125 0.0984375 0.0859375
0 0.903125 0.24765625 0.109375 0.1078125
0 0.6625 0.4796875 0.0875 0.0875
0 0.0578125 0.0453125 0.090625 0.084375
0 0.640625 0.07578125 0.10625 0.0890625
0 0.81875 0.03203125 0.096875 0.0609375
0 0.14375 0.53515625 0.09375 0.0859375
