0 0.17890625 0.64609375 0.0515625 0.0453125
0 0.7203125 0.18359375 0.059375 0.0546875
0 0.13984375 0.090625 0.0640625 0.0625
0 0.525 0.28359375 0.08125 0.0703125
0 0.64453125 0.1328125 0.0671875 0.0625
0 0.68359375 0.53671875 0.0765625 0.0796875
0 0.7140625 0.66796875 0.078125 0.0640625
0 0.48671875 0.1515625 0.0859375 0.08125
0 0.52890625 0.53671875 0.0921875 0.0734375
0 0.665625 0.0375 0.096875 0.071875
0 0.71015625 0.33984375 0.0796875 0.0765625
0 0.478125 0.42265625 0.090625 0.0796875
0 0.5 0.6375 0.08125 0.090625
0 0.13671875 0.33828125 0.1140625 0.1015625
0 0.65 0.275 0.109375 0.084375
0 0.51171875 0.0359375 0.0828125 0.06875
