0 0.68984375 0.234375 0.0765625 0.0625
0 0.7953125 0.32578125 0.096875 0.0953125
0 0.434375 0.6953125 0.071875 0.08125
0 0.1515625 0.15625 0.0875 0.071875
0 0.3421875 0.09375 0.090625 0.0625
0 0.634375 0.36171875 0.084375 0.0765625
0 0.81328125 0.07109375 0.0796875 0.0765625
0 0.1171875 0.27265625 0.11875 0.0921875
0 0.8359375 0.134375 0.08125 0.06875
0 0.290625 0.73046875 0.090625 0.0953125
0 0.6765625 0.27265625 0.08125 0.0796875
0 0.703125 0.5390625 0.059375 0.065625
0 0.39765625 0.46328125 0.0953125 0.0765625
0 0.46484375 0.4296875 0.0890625 0.06875
0 0.4328125 0.25859375 0.115625 0.0921875
0 0.3671875 0.5828125 0.10625 0.09375
0 0.78203125 0.22265625 0.1078125 0.0859375
0 0.7875 0.6671875 0.1 0.09375
0 0.18359375 0.53203125 0.1015625 0.1015625
0 0.778125 0.49140625 0.1 0.0859375
0 0.12578125 0.39140625 0.1078125 0.0890625
0 0.1515625 0.64609375 0.1125 0.0984375
0 0.66796875 0.0390625 0.0921875 0.075
0 0.675 0.62890625 0.090625 0.0859375
