0 0.96015625 0.0359375 0.0609375 0.06875
0 0.0734375 0.9296875 0.09375 0.096875
0 0.4875 0.721875 0.103125 0.096875
0 0.459375 0.36015625 0.096875 0.1203125
0 0.4859375 0.9578125 0.078125 0.065625
0 0.3125 0.96328125 0.090625 0.0609375
0 0.8 0.17734375 0.08125 0.0734375
0 0.465625 0.028125 0.09375 0.053125
0 0.48828125 0.88046875 0.0859375 0.0828125
0 0.79140625 0.0734375 0.0953125 0.078125
0 0.96015625 0.84765625 0.0796875 0.1109375
0 0.25546875 0.2265625 0.0890625 0.078125
0 0.46328125 0.24609375 0.0828125 0.0796875
0 0.80859375 0.70078125 0.1109375 0.1078125
0 0.7875 0.2921875 0.096875 0.084375
0 0.0734375 0.7640625 0.128125 0.1
0 0.34140625 0.7234375 0.1015625 0.090625
0 0.80546875 0.89453125 0.0984375 0.1015625
0 0.26953125 0.2921875 0.0859375 0.071875
