0 0.83203125 0.31640625 0.0515625 0.0515625
0 0.17265625 0.13984375 0.0703125 0.0609375
0 0.415625 0.1109375 0.071875 0.06875
0 0.48203125 0.5546875 0.0796875 0.06875
0 0.44375 0.16640625 0.08125 0.0765625
0 0.47421875 0.7046875 0.0703125 0.06875
0 0.45234375 0.4265625 0.0671875 0.059375
0 0.86640625 0.44453125 0.0828125 0.0578125
0 0.21875 0.45546875 0.0875 0.0703125
0 0.45 0.840625 0.08125 0.078125
0 0.6625 0.05 0.09375 0.075
0 0.18984375 0.334375 0.0828125 0.078125
0 0.16328125 0.20859375 0.0890625 0.0796875
