0 0.396875 0.16328125 0.078125 0.0703125
0 0.48046875 0.22421875 0.0984375 0.0890625
0 0.178125 0.53125 0.078125 0.078125
0 0.18515625 0.2609375 0.1046875 0.0875
0 0.23671875 0.890625 0.0859375 0.06875
0 0.13984375 0.3921875 0.1109375 0.103125
0 0.4140625 0.7953125 0.09375 0.0875
0 0.1359375 0.10859375 0.0875 0.0796875
0 0.1421875 0.1765625 0.109375 0.0875
0 0.659375 0.17734375 0.1125 0.0859375
0 0.87265625 0.459375 0.0984375 0.08125
0 0.71015625 0.43671875 0.0828125 0.0734375
0 0.18671875 0.65546875 0.1234375 0.1015625
0 0.16953125 0.80859375 0.0984375 0.0859375
0 0.703125 0.359375 0.0875 0.08125
0 0.6515625 0.771875 0.1125 0.103125
0 0.6578125 0.5921875 0.121875 0.1125
0 0.3921875 0.0859375 0.10625 0.090625
0 0.440625 0.340625 0.11875 0.1
0 0.875 0.2609375 0.09375 0.0875
