0 0.50078125 0.38046875 0.0734375 0.0671875
0 0.478125 0.72265625 0.06875 0.0640625
0 0.66953125 0.5609375 0.0640625 0.06875
0 0.66953125 0.328125 0.0953125 0.10625
0 0.415625 0.64609375 0.08125 0.0765625
0 0.7265625 0.75703125 0.078125 0.0765625
0 0.4875 0.59609375 0.08125 0.0796875
0 0.92890625 0.68671875 0.0890625 0.0796875
0 0.51015625 0.79296875 0.0921875 0.0828125
0 0.91640625 0.45546875 0.0984375 0.0953125
0 0.91328125 0.95234375 0.0828125 0.0703125
0 0.66484375 0.67265625 0.1078125 0.0953125
0 0.703125 0.4625 0.078125 0.084375
0 0.6734375 0.8984375 0.103125 0.0875
