0 0.69453125 0.02421875 0.0640625 0.0484375
0 0.3203125 0.2734375 0.065625 0.059375
0 0.1 0.51953125 0.103125 0.0921875
0 0.5421875 0.45859375 0.10625 0.0796875
0 0.075 0.165625 0.11875 0.078125
0 0.2625 0.04921875 0.096875 0.0796875
0 0.32734375 0.74921875 0.1046875 0.0890625
0 0.54453125 0.371875 0.1171875 0.1
0 0.5359375 0.9578125 0.11875 0.075
0 0.7375 0.3796875 0.078125 0.06875
0 0.7078125 0.45 0.0875 0.08125
0 0.34453125 0.45390625 0.0765625 0.0796875
0 0.71640625 0.109375 0.1109375 0.115625
0 0.3234375 0.5890625 0.06875 0.05625
0 0.3375 0.7765625 0.09375 0.103125
0 0.51640625 0.6125 0.1203125 0.090625
0 0.5390625 0.684375 0.1125 0.090625
0 0.528125 0.86953125 0.1125 0.1015625
0 0.7125 0.93984375 0.109375 0.0921875
0 0.721875 0.55625 0.10625 0.09375
0 0.08359375 0.7140625 0.1296875 0.125
0 0.50859375 0.25703125 0.1203125 0.1015625
0 0.73359375 0.7921875 0.1234375 0.1125
0 0.0703125 0.9390625 0.11875 0.09375
0 0.31875 0.95625 0.096875 0.078125
0 0.0703125 0.2734375 0.1125 0.1
0 0.12421875 0.365625 0.0921875 0.090625
0 0.7828125 0.6953125 0.115625 0.1
0 0.790625 0.2734375 0.125 0.121875
0 0.4859375 0.14375 0.121875 0.10625
