0 0.15078125 0.86171875 0.0703125 0.0671875
0 0.1625 0.96953125 0.09375 0.0515625
0 0.6296875 0.57109375 0.10625 0.0953125
0 0.3421875 0.84296875 0.084375 0.0890625
0 0.5984375 0.659375 0.103125 0.0875
0 0.24375 0.14921875 0.084375 0.0734375
0 0.59609375 0.20234375 0.0953125 0.0953125
0 0.13359375 0.76328125 0.0859375 0.0734375
0 0.08125 0.446875 0.09375 0.084375
0 0.38984375 0.24296875 0.0953125 0.0765625
0 0.12890625 0.0671875 0.0890625 0.075
0 0.5375 0.49140625 0.078125 0.0703125
0 0.334375 0.5640625 0.071875 0.06875
0 0.8984375 0.40625 0.1 0.071875
0 0.3609375 0.45625 0.0875 0.06875
0 0.89921875 0.24375 0.0765625 0.0625
0 0.1015625 0.340625 0.096875 0.084375
0 0.0796875 0.02734375 0.071875 0.0515625
0 0.33359375 0.146875 0.0671875 0.078125
0 0.1078125 0.6671875 0.103125 0.0875
0 0.11640625 0.1640625 0.0953125 0.090625
0 0.90078125 0.5078125 0.0828125 0.0875
0 0.9453125 0.93828125 0.0875 0.0796875
0 0.35859375 0.753125 0.0984375 0.090625
0 0.56953125 0.925 0.1046875 0.0875
0 0.603125 0.10625 0.109375 0.0875
0 0.578125 0.328125 0.1125 0.090625
0 0.95859375 0.603125 0.0828125 0.084375
0 0.85 0.62578125 0.065625 0.0515625
