0 0.6 0.0796875 0.05625 0.053125
0 0.596875 0.69609375 0.0625 0.0546875
0 0.38359375 0.24140625 0.0734375 0.0734375
0 0.05234375 0.234375 0.0859375 0.08125
0 0.05859375 0.46953125 0.1046875 0.0828125
0 0.36875 0.471875 0.075 0.065625
0 0.565625 0.2890625 0.084375 0.075
0 0.3828125 0.10390625 0.078125 0.0609375
0 0.85546875 0.08046875 0.0703125 0.0640625
0 0.3890625 0.028125 0.078125 0.053125
0 0.58046875 0.6015625 0.0765625 0.071875
0 0.575 0.38828125 0.075 0.0828125
0 0.88125 0.71640625 0.075 0.0765625
0 0.3671875 0.378125 0.078125 0.075
0 0.87421875 0.18984375 0.0640625 0.0609375
0 0.04765625 0.578125 0.0859375 0.06875
0 0.55703125 0.16640625 0.0796875 0.0765625
0 0.8671875 0.39296875 0.0625 0.0578125
0 0.059375 0.0875 0.09375 0.071875
0 0.865625 0.29453125 0.0875 0.0828125
0 0.0609375 0.3359375 0.090625 0.06875
0 0.05078125 0.6875 0.0921875 0.0875
0 0.11015625 0.8171875 0.1078125 0.084375
0 0.3734375 0.6328125 0.05625 0.1
0 0.075 0.028125 0.059375 0.053125
