0 0.01953125 0.49609375 0.0390625 0.0546875
0 0.96484375 0.453125 0.0609375 0.08125
0 0.42734375 0.28203125 0.0859375 0.0828125
0 0.1265625 0.0625 0.103125 0.084375
0 0.16171875 0.7046875 0.1046875 0.0875
0 0.96171875 0.2953125 0.0734375 0.103125
0 0.7 0.584375 0.090625 0.0875
0 0.959375 0.77265625 0.071875 0.0828125
0 0.51328125 0.65546875 0.0828125 0.0765625
0 0.64296875 0.12421875 0.0890625 0.0859375
0 0.7625 0.18359375 0.090625 0.0765625
0 0.95546875 0.07265625 0.0796875 0.1015625
0 0.1421875 0.23046875 0.096875 0.0859375
0 0.4828125 0.13125 0.075 0.071875
0 0.7921875 0.75625 0.06875 0.065625
0 0.7421875 0.92265625 0.075 0.0703125
0 0.5453125 0.51015625 0.0875 0.0671875
0 0.6875 0.490625 0.06875 0.065625
0 0.57734375 0.83203125 0.0890625 0.0828125
0 0.49921875 0.4734375 0.0609375 0.05625
0 0.5109375 0.41875 0.0625 0.06875
0 0.1296875 0.96953125 0.071875 0.0484375
0 0.73828125 0.3234375 0.0765625 0.078125
0 0.16171875 0.45859375 0.0890625 0.0671875
0 0.11484375 0.79296875 0.1078125 0.0984375
0 0.49765625 0.7484375 0.1078125 0.0875
0 0.70234375 0.42421875 0.0984375 0.0765625
0 0.196875 0.90625 0.0875 0.090625
0 0.71484375 0.85625 0.0859375 0.08125
0 0.13046875 0.325 0.0984375 0.096875
0 0.0828125 0.54296875 0.1 0.0921875
