0 0.50703125 0.0265625 0.0828125 0.046875
0 0.13828125 0.02109375 0.0703125 0.0390625
0 0.7578125 0.35078125 0.1 0.0859375
0 0.48046875 0.62734375 0.1234375 0.1296875
0 0.1265625 0.0671875 0.1 0.084375
0 0.75625 0.0328125 0.0875 0.0625
0 0.1125 0.425 0.090625 0.09375
0 0.44140625 0.11484375 0.1109375 0.0953125
0 0.465625 0.3421875 0.10625 0.090625
0 0.52421875 0.7421875 0.0953125 0.08125
0 0.13046875 0.6328125 0.1046875 0.096875
0 0.1359375 0.27265625 0.1 0.1046875
0 0.05 0.83046875 0.084375 0.0796875
0 0.17578125 0.8 0.0953125 0.08125
0 0.14296875 0.71953125 0.0859375 0.0765625
0 0.72578125 0.9078125 0.0984375 0.075
0 0.69765625 0.76015625 0.0828125 0.0796875
0 0.74765625 0.97734375 0.1015625 0.0453125
0 0.75078125 0.70859375 0.1109375 0.0984375
0 0.46015625 0.22265625 0.1109375 0.0859375
0 0.1734375 0.9078125 0.10625 0.1125
0 0.75 0.1015625 0.109375 0.09375
0 0.096875 0.18203125 0.090625 0.0890625
0 0.19140625 0.5296875 0.1046875 0.10625
0 0.48203125 0.46796875 0.0859375 0.0921875
0 0.72421875 0.4515625 0.1015625 0.096875
0 0.74296875 0.234375 0.1359375 0.121875
0 0.5484375 0.84765625 0.09375 0.0953125
0 0.7453125 0.5625 0.090625 0.10625
0 0.571875 0.93046875 0.115625 0.0953125
