0 0.25390625 0.4171875 0.0515625 0.05625
0 0.9703125 0.15625 0.04375 0.05
0 0.96484375 0.8953125 0.0640625 0.078125
0 0.28203125 0.7984375 0.1078125 0.09375
0 0.07265625 0.703125 0.0859375 0.075
0 0.05546875 0.95625 0.0859375 0.06875
0 0.88984375 0.6890625 0.0640625 0.075
0 0.11640625 0.53671875 0.1015625 0.0859375
0 0.3171875 0.1046875 0.11875 0.096875
0 0.42421875 0.11796875 0.1078125 0.1390625
0 0.4921875 0.63671875 0.096875 0.1203125
0 0.9328125 0.80859375 0.103125 0.0921875
0 0.321875 0.46796875 0.1 0.0859375
0 0.06484375 0.2703125 0.1046875 0.109375
0 0.78046875 0.915625 0.1171875 0.090625
0 0.25234375 0.9421875 0.1140625 0.09375
0 0.321875 0.56796875 0.090625 0.0984375
0 0.92578125 0.3234375 0.1296875 0.11875
0 0.30859375 0.278125 0.1140625 0.121875
0 0.37265625 0.2703125 0.1359375 0.115625
0 0.9140625 0.453125 0.059375 0.08125
