0 0.43828125 0.8765625 0.0578125 0.04375
0 0.03984375 0.896875 0.0640625 0.053125
0 0.453125 0.59375 0.0625 0.059375
0 0.959375 0.78203125 0.06875 0.0828125
0 0.4484375 0.16640625 0.090625 0.0796875
0 0.92734375 0.621875 0.0984375 0.096875
0 0.9078125 0.065625 0.090625 0.09375
0 0.628125 0.96171875 0.10625 0.0671875
0 0.16171875 0.03046875 0.0734375 0.0578125
0 0.859375 0.265625 0.08125 0.090625
0 0.053125 0.959375 0.1 0.06875
0 0.21875 0.346875 0.1 0.090625
0 0.4421875 0.40546875 0.0875 0.0828125
0 0.940625 0.36875 0.078125 0.06875
0 0.6 0.7078125 0.134375 0.1
0 0.615625 0.79140625 0.13125 0.1015625
0 0.5890625 0.51796875 0.125 0.1265625
0 0.93984375 0.47578125 0.0921875 0.0890625
0 0.6609375 0.15703125 0.128125 0.0921875
0 0.7265625 0.91015625 0.121875 0.1171875
0 0.61015625 0.24765625 0.1203125 0.1046875
0 0.1046875 0.38359375 0.1125 0.0953125
0 0.1546875 0.24765625 0.10625 0.1015625
0 0.20390625 0.5625 0.0984375 0.0875
0 0.596875 0.371875 0.140625 0.109375
0 0.68203125 0.62265625 0.1234375 0.1171875
0 0.0921875 0.7421875 0.109375 0.103125
0 0.56875 0.04921875 0.125 0.0953125
0 0.97734375 0.634375 0.0453125 0.096875
