0 0.02578125 0.159375 0.0484375 0.053125
0 0.7890625 0.053125 0.084375 0.0875
0 0.79375 0.17421875 0.1 0.1015625
0 0.22734375 0.37265625 0.1328125 0.1078125
0 0.1546875 0.19453125 0.09375 0.0796875
0 0.6140625 0.7125 0.090625 0.075
0 0.53984375 0.03515625 0.1046875 0.0671875
0 0.2109375 0.08125 0.115625 0.08125
0 0.05078125 0.2421875 0.0984375 0.06875
0 0.77265625 0.4328125 0.0984375 0.0625
0 0.734375 0.6234375 0.109375 0.06875
0 0.759375 0.57109375 0.090625 0.0828125
0 0.58671875 0.075 0.0671875 0.0625
0 0.94140625 0.17421875 0.1109375 0.1140625
0 0.04921875 0.7546875 0.0953125 0.1
0 0.48125 0.31875 0.115625 0.096875
0 0.27734375 0.5765625 0.0953125 0.10625
0 0.95078125 0.57578125 0.0921875 0.1015625
0 0.475 0.5515625 0.121875 0.109375
0 0.7046875 0.47421875 0.125 0.1015625
0 0.91484375 0.2984375 0.1296875 0.125
0 0.54609375 0.22578125 0.1265625 0.1046875
0 0.7765625 0.30546875 0.11875 0.1265625
0 0.42578125 0.15078125 0.1265625 0.1015625
0 0.7875 0.73203125 0.121875 0.1078125
0 0.03671875 0.59296875 0.0703125 0.1078125
