0 0.17265625 0.02421875 0.0703125 0.0484375
0 0.8484375 0.7890625 0.10625 0.09375
0 0.24609375 0.2296875 0.1046875 0.09375
0 0.4640625 0.7 0.084375 0.08125
0 0.86171875 0.63359375 0.1046875 0.0890625
0 0.2640625 0.95390625 0.09375 0.0734375
0 0.453125 0.8265625 0.05625 0.059375
0 0.7015625 0.89921875 0.071875 0.0671875
0 0.7109375 0.12421875 0.06875 0.0671875
0 0.2796875 0.83046875 0.075 0.0765625
0 0.68359375 0.828125 0.0890625 0.08125
0 0.43203125 0.53203125 0.0890625 0.0890625
0 0.5203125 0.16640625 0.103125 0.0890625
0 0.88984375 0.53671875 0.1078125 0.1046875
0 0.6828125 0.4234375 0.096875 0.090625
0 0.2421875 0.7 0.096875 0.071875
0 0.71875 0.4890625 0.096875 0.08125
0 0.896875 0.88203125 0.090625 0.0921875
0 0.89921875 0.153125 0.1015625 0.10625
