0 0.22265625 0.26796875 0.0671875 0.0609375
0 0.21796875 0.7671875 0.0671875 0.0625
0 0.65703125 0.51171875 0.1046875 0.0984375
0 0.49140625 0.6578125 0.0921875 0.084375
0 0.03203125 0.0640625 0.0640625 0.075
0 0.96015625 0.50859375 0.0671875 0.0859375
0 0.95546875 0.115625 0.0734375 0.090625
0 0.96015625 0.2140625 0.0671875 0.078125
0 0.49609375 0.4625 0.0859375 0.078125
0 0.26875 0.0375 0.071875 0.0625
0 0.04296875 0.66875 0.0828125 0.1
0 0.68125 0.7734375 0.103125 0.090625
0 0.240625 0.903125 0.11875 0.1
0 0.646875 0.61796875 0.103125 0.0953125
0 0.2265625 0.42421875 0.09375 0.0859375
0 0.61328125 0.10078125 0.1015625 0.0828125
0 0.04375 0.4890625 0.084375 0.08125
0 0.67578125 0.27421875 0.1015625 0.0859375
0 0.6 0.42734375 0.115625 0.0984375
0 0.67734375 0.0359375 0.1046875 0.06875
0 0.2171875 0.1546875 0.103125 0.084375
0 0.21640625 0.6296875 0.0984375 0.1
0 0.7796875 0.95 0.1125 0.0875
0 0.2171875 0.509375 0.1125 0.08125
