0 0.02734375 0.95859375 0.0515625 0.0484375
0 0.93125 0.41640625 0.05 0.0515625
0 0.51640625 0.2109375 0.0734375 0.06875
0 0.54296875 0.26640625 0.0828125 0.0765625
0 0.2609375 0.31015625 0.0875 0.0796875
0 0.2234375 0.08203125 0.075 0.0734375
0 0.31953125 0.55625 0.0859375 0.06875
0 0.28984375 0.434375 0.0828125 0.075
0 0.553125 0.5265625 0.065625 0.059375
0 0.95625 0.5421875 0.06875 0.0625
0 0.7640625 0.14453125 0.09375 0.0734375
0 0.57265625 0.80390625 0.0703125 0.0703125
0 0.5765625 0.0734375 0.075 0.071875
0 0.55078125 0.940625 0.0828125 0.075
0 0.27265625 0.23984375 0.0703125 0.0609375
0 0.5828125 0.65390625 0.078125 0.0703125
0 0.79375 0.93359375 0.1 0.0859375
