0 0.66640625 0.1140625 0.0671875 0.059375
0 0.77421875 0.48046875 0.0703125 0.0578125
0 0.12265625 0.3078125 0.1078125 0.103125
0 0.39609375 0.68125 0.0828125 0.075
0 0.3625 0.10078125 0.09375 0.0921875
0 0.66875 0.6796875 0.084375 0.0625
0 0.76171875 0.71328125 0.0953125 0.0921875
0 0.671875 0.2234375 0.08125 0.075
0 0.390625 0.55546875 0.0875 0.0828125
0 0.125 0.53984375 0.103125 0.0890625
0 0.4078125 0.7609375 0.08125 0.065625
0 0.35625 0.925 0.08125 0.075
0 0.14609375 0.96484375 0.0890625 0.0578125
0 0.30859375 0.81796875 0.1171875 0.0828125
0 0.953125 0.91328125 0.071875 0.0640625
0 0.65 0.13984375 0.071875 0.0609375
0 0.4265625 0.50390625 0.096875 0.0671875
0 0.384375 0.3578125 0.096875 0.103125
0 0.7546875 0.8265625 0.1 0.090625
0 0.6703125 0.81875 0.084375 0.09375
0 0.140625 0.89609375 0.1125 0.0890625
0 0.12265625 0.78125 0.1296875 0.103125
0 0.8171875 0.91953125 0.0875 0.0921875
0 0.75546875 0.37109375 0.0984375 0.0890625
0 0.0859375 0.70078125 0.1 0.0953125
0 0.75625 0.575 0.090625 0.096875
0 0.3859375 0.22578125 0.1125 0.0953125
0 0.1484375 0.44765625 0.109375 0.1109375
0 0.09609375 0.12578125 0.1046875 0.0953125
