0 0.77734375 0.9203125 0.0640625 0.05625
0 0.8 0.5484375 0.075 0.08125
0 0.80234375 0.64609375 0.0609375 0.0609375
0 0.575 0.0546875 0.08125 0.06875
0 0.2296875 0.66796875 0.078125 0.0640625
0 0.28671875 0.5265625 0.0609375 0.065625
0 0.78984375 0.96875 0.0734375 0.05
0 0.603125 0.51953125 0.065625 0.0546875
0 0.71953125 0.1015625 0.0890625 0.084375
0 0.3640625 0.934375 0.071875 0.078125
0 0.57578125 0.584375 0.0859375 0.071875
0 0.3046875 0.925 0.084375 0.078125
0 0.67265625 0.9421875 0.0859375 0.078125
0 0.6921875 0.8453125 0.084375 0.078125
0 0.7671875 0.884375 0.06875 0.065625
0 0.15390625 0.8390625 0.0640625 0.065625
0 0.2328125 0.08828125 0.11875 0.0953125
0 0.16328125 0.95703125 0.1015625 0.0734375
0 0.07109375 0.04140625 0.1015625 0.0765625
0 0.76875 0.72890625 0.065625 0.0546875
