0 0.9671875 0.02421875 0.053125 0.0453125
0 0.3046875 0.03359375 0.078125 0.0640625
0 0.94765625 0.4671875 0.0921875 0.096875
0 0.59375 0.64609375 0.065625 0.0671875
0 0.9546875 0.3796875 0.078125 0.08125
0 0.2984375 0.23984375 0.071875 0.0703125
0 0.80234375 0.09296875 0.0890625 0.0796875
0 0.10078125 0.85546875 0.1171875 0.0734375
0 0.3796875 0.48515625 0.06875 0.0578125
0 0.39296875 0.91328125 0.0640625 0.0671875
0 0.575 0.4640625 0.071875 0.075
0 0.378125 0.59140625 0.065625 0.0671875
0 0.8109375 0.81875 0.0625 0.0625
0 0.9625 0.140625 0.059375 0.0625
0 0.553125 0.0890625 0.0875 0.06875
0 0.33046875 0.74765625 0.0890625 0.0859375
0 0.81328125 0.475 0.1015625 0.0875
0 0.54765625 0.57890625 0.0734375 0.0671875
0 0.6015625 0.275 0.08125 0.059375
0 0.090625 0.94921875 0.128125 0.0828125
0 0.83828125 0.93828125 0.1078125 0.0859375
0 0.81171875 0.24453125 0.1234375 0.1046875
0 0.6 0.8046875 0.1 0.084375
0 0.08984375 0.3546875 0.1234375 0.1
0 0.378125 0.334375 0.090625 0.046875
0 0.4671875 0.43984375 0.053125 0.0453125
0 0.8125 0.7546875 0.065625 0.0625
0 0.296875 0.15703125 0.084375 0.0796875
0 0.240625 0.48046875 0.053125 0.0828125
