0 0.971875 0.9625 0.046875 0.053125
0 0.528125 0.0203125 0.06875 0.040625
0 0.5078125 0.0828125 0.084375 0.084375
0 0.74453125 0.8546875 0.0890625 0.08125
0 0.5515625 0.76015625 0.090625 0.0734375
0 0.303125 0.2015625 0.096875 0.096875
0 0.27109375 0.04375 0.0703125 0.0625
0 0.5171875 0.20703125 0.109375 0.0921875
0 0.54453125 0.7140625 0.0984375 0.071875
0 0.36796875 0.88828125 0.0734375 0.0703125
0 0.36328125 0.9671875 0.0765625 0.05
0 0.3296875 0.8765625 0.0875 0.075
0 0.51953125 0.240625 0.0953125 0.075
0 0.84765625 0.09765625 0.0734375 0.0671875
0 0.46796875 0.88671875 0.1078125 0.0828125
0 0.0546875 0.8921875 0.09375 0.0875
0 0.76953125 0.77890625 0.1078125 0.0890625
0 0.88515625 0.228125 0.0953125 0.09375
0 0.21484375 0.26484375 0.1078125 0.1328125
0 0.446875 0.3 0.084375 0.0875
0 0.29609375 0.7828125 0.1171875 0.0875
0 0.8953125 0.11484375 0.121875 0.0890625
0 0.91484375 0.35625 0.1203125 0.09375
0 0.26328125 0.68203125 0.1015625 0.0765625
0 0.853125 0.9421875 0.1 0.090625
0 0.47734375 0.953125 0.1046875 0.071875
