0 0.80546875 0.97265625 0.0640625 0.0453125
0 0.28671875 0.025 0.0703125 0.046875
0 0.565625 0.78125 0.08125 0.065625
0 0.0875 0.8125 0.071875 0.071875
0 0.35 0.51015625 0.084375 0.0703125
0 0.68984375 0.58828125 0.0859375 0.0703125
0 0.34296875 0.0796875 0.0859375 0.08125
0 0.29375 0.71484375 0.1125 0.0953125
0 0.12890625 0.05078125 0.0890625 0.0796875
0 0.39375 0.62421875 0.078125 0.0734375
0 0.68828125 0.959375 0.0765625 0.059375
0 0.74296875 0.26953125 0.0609375 0.0609375
0 0.75 0.56953125 0.075 0.0640625
0 0.6171875 0.05703125 0.078125 0.0765625
0 0.309375 0.30390625 0.090625 0.0953125
0 0.1703125 0.71953125 0.096875 0.0890625
0 0.66171875 0.87578125 0.1078125 0.0890625
0 0.13125 0.50078125 0.121875 0.0921875
