0 0.8 0.0265625 0.08125 0.053125
0 0.9234375 0.5296875 0.065625 0.0625
0 0.46328125 0.8546875 0.0765625 0.071875
0 0.57578125 0.56796875 0.0921875 0.0703125
0 0.5984375 0.76015625 0.084375 0.0671875
0 0.60234375 0.81328125 0.1078125 0.0796875
0 0.5609375 0.6765625 0.08125 0.08125
0 0.56953125 0.528125 0.0796875 0.059375
0 0.0375 0.32265625 0.075 0.0796875
0 0.81875 0.77421875 0.075 0.0671875
0 0.13125 0.61796875 0.0625 0.0640625
0 0.5515625 0.346875 0.121875 0.115625
0 0.896875 0.66953125 0.09375 0.0953125
0 0.078125 0.63515625 0.109375 0.0921875
0 0.128125 0.04140625 0.10625 0.0828125
0 0.55546875 0.03125 0.0921875 0.0625
0 0.5703125 0.91796875 0.1125 0.1015625
0 0.88515625 0.84140625 0.0953125 0.0796875
0 0.86953125 0.36796875 0.1046875 0.0953125
0 0.1765625 0.8296875 0.1125 0.125
