0 0.04296875 0.27265625 0.0671875 0.0578125
0 0.275 0.4609375 0.084375 0.065625
0 0.79765625 0.93359375 0.0953125 0.0796875
0 0.10078125 0.55859375 0.1109375 0.0984375
0 0.55703125 0.14296875 0.1046875 0.0828125
0 0.5625 0.278125 0.090625 0.09375
0 0.0671875 0.66484375 0.09375 0.0921875
0 0.6171875 0.5 0.084375 0.071875
0 0.5640625 0.9203125 0.071875 0.065625
0 0.06875 0.90234375 0.084375 0.0828125
0 0.27265625 0.30078125 0.0953125 0.0734375
0 0.725 0.17578125 0.09375 0.0953125
0 0.29375 0.05390625 0.096875 0.0734375
0 0.28125 0.36796875 0.078125 0.0703125
0 0.70859375 0.38125 0.1296875 0.125
0 0.04375 0.36015625 0.08125 0.0859375
0 0.31171875 0.59140625 0.1234375 0.1203125
0 0.04296875 0.03828125 0.0796875 0.0734375
