0 0.96796875 0.41328125 0.0515625 0.0578125
0 0.60078125 0.30546875 0.0578125 0.0484375
0 0.67890625 0.078125 0.0765625 0.06875
0 0.94296875 0.08359375 0.0984375 0.1078125
0 0.41484375 0.76015625 0.0796875 0.0796875
0 0.6515625 0.834375 0.09375 0.084375
0 0.9375 0.65078125 0.08125 0.0796875
0 0.61328125 0.65546875 0.0671875 0.0609375
0 0.865625 0.259375 0.08125 0.06875
0 0.6046875 0.34296875 0.071875 0.0578125
0 0.8796875 0.2859375 0.071875 0.059375
0 0.6171875 0.7109375 0.071875 0.06875
0 0.5953125 0.05625 0.0875 0.071875
0 0.5875 0.4125 0.084375 0.06875
0 0.9140625 0.8140625 0.0875 0.084375
0 0.634375 0.2125 0.090625 0.08125
0 0.3828125 0.371875 0.084375 0.103125
0 0.40703125 0.915625 0.1015625 0.096875
0 0.4265625 0.1953125 0.1125 0.08125
0 0.6546875 0.51640625 0.109375 0.1109375
0 0.4125 0.63515625 0.1125 0.1171875
0 0.9359375 0.55625 0.103125 0.1
0 0.634375 0.95625 0.103125 0.078125
0 0.375 0.50546875 0.115625 0.0890625
