0 0.3046875 0.02421875 0.078125 0.0453125
0 0.95 0.34140625 0.084375 0.0890625
0 0.79453125 0.38671875 0.0828125 0.0765625
0 0.51171875 0.77734375 0.1015625 0.0953125
0 0.94921875 0.16953125 0.0890625 0.0984375
0 0.503125 0.23046875 0.0875 0.0890625
0 0.4734375 0.578125 0.1 0.09375
0 0.83046875 0.9046875 0.0921875 0.084375
0 0.8234375 0.7890625 0.08125 0.08125
0 0.3734375 0.490625 0.071875 0.0625
0 0.115625 0.54296875 0.075 0.0828125
0 0.5078125 0.89609375 0.084375 0.0765625
0 0.90234375 0.54921875 0.0828125 0.0734375
0 0.82890625 0.31015625 0.0703125 0.0640625
0 0.3796875 0.7234375 0.065625 0.059375
0 0.1046875 0.70703125 0.11875 0.1140625
0 0.76484375 0.1671875 0.0890625 0.071875
0 0.5015625 0.39609375 0.084375 0.0828125
0 0.37578125 0.90078125 0.0640625 0.0703125
0 0.52734375 0.43203125 0.1078125 0.1109375
0 0.3296875 0.21875 0.103125 0.09375
0 0.06015625 0.86796875 0.1140625 0.1046875
0 0.81171875 0.571875 0.0921875 0.09375
0 0.5375 0.11640625 0.10625 0.0984375
0 0.10703125 0.0765625 0.1109375 0.10625
0 0.125 0.290625 0.109375 0.0875
0 0.0921875 0.94921875 0.1 0.0796875
0 0.1203125 0.41640625 0.103125 0.0921875
0 0.371875 0.3671875 0.071875 0.075
