0 0.021875 0.05234375 0.040625 0.0609375
0 0.8640625 0.121875 0.0625 0.05625
0 0.471875 0.02421875 0.078125 0.0453125
0 0.221875 0.12890625 0.1 0.0890625
0 0.4703125 0.68515625 0.115625 0.0890625
0 0.90703125 0.69296875 0.0859375 0.0734375
0 0.24609375 0.23125 0.0984375 0.0875
0 0.8890625 0.771875 0.1 0.078125
0 0.25234375 0.51875 0.1140625 0.084375
0 0.2625 0.39921875 0.084375 0.0859375
0 0.65625 0.97109375 0.090625 0.0515625
0 0.62734375 0.19140625 0.0921875 0.0859375
0 0.86640625 0.95390625 0.1140625 0.0765625
0 0.63515625 0.05078125 0.1140625 0.0984375
0 0.8796875 0.38671875 0.103125 0.1046875
0 0.31640625 0.79140625 0.1140625 0.0890625
0 0.6453125 0.425 0.10625 0.0875
0 0.42265625 0.21953125 0.1390625 0.1171875
0 0.70234375 0.49375 0.1234375 0.103125
0 0.43671875 0.6078125 0.0953125 0.096875
0 0.48828125 0.46015625 0.1140625 0.1078125
0 0.2765625 0.60625 0.128125 0.1
0 0.6609375 0.74921875 0.115625 0.1046875
0 0.8296875 0.053125 0.125 0.1
0 0.69140625 0.6390625 0.1171875 0.103125
0 0.6578125 0.85234375 0.109375 0.0953125
0 0.87890625 0.84140625 0.1265625 0.1015625
0 0.86171875 0.2515625 0.1171875 0.115625
0 0.24765625 0.91328125 0.1078125 0.0953125
0 0.50546875 0.91640625 0.0921875 0.0890625
0 0.89140625 0.49453125 0.1234375 0.1265625
0 0.6875 0.325 0.121875 0.1125
0 0.4859375 0.78984375 0.109375 0.0890625
0 0.453125 0.1 0.04375 0.04375
