0 0.103125 0.0203125 0.065625 0.0375
0 0.7921875 0.025 0.084375 0.046875
0 0.6671875 0.15234375 0.084375 0.0703125
0 0.4 0.36484375 0.09375 0.0796875
0 0.40078125 0.03046875 0.0828125 0.0578125
0 0.15078125 0.18671875 0.0734375 0.0640625
0 0.3859375 0.17890625 0.0875 0.0578125
0 0.1828125 0.78046875 0.078125 0.0640625
0 0.3796875 0.91171875 0.1 0.1203125
0 0.6828125 0.39765625 0.09375 0.0703125
0 0.73359375 0.55703125 0.1015625 0.0921875
0 0.85234375 0.26640625 0.0640625 0.0734375
0 0.38203125 0.75546875 0.0609375 0.0609375
0 0.7484375 0.23359375 0.06875 0.0640625
0 0.1609375 0.5765625 0.065625 0.065625
0 0.84921875 0.453125 0.0703125 0.078125
0 0.26796875 0.51171875 0.0984375 0.0640625
0 0.7125 0.19921875 0.078125 0.0765625
0 0.84765625 0.81953125 0.0859375 0.0953125
0 0.8328125 0.1890625 0.090625 0.078125
0 0.69296875 0.76171875 0.0859375 0.0859375
0 0.678125 0.9171875 0.1 0.109375
0 0.07578125 0.58359375 0.0890625 0.0859375
0 0.10625 0.35078125 0.071875 0.0609375
0 0.128125 0.42421875 0.09375 0.0609375
