0 0.26875 0.0203125 0.078125 0.040625
0 0.2859375 0.93984375 0.06875 0.0671875
0 0.96484375 0.71796875 0.0515625 0.0578125
0 0.94296875 0.81484375 0.1015625 0.1109375
0 0.50546875 0.603125 0.0859375 0.075
0 0.828125 0.3171875 0.1125 0.09375
0 0.50390625 0.90625 0.0890625 0.075
0 0.57578125 0.70625 0.1015625 0.084375
0 0.87578125 0.95078125 0.1109375 0.0796875
0 0.325 0.71953125 0.096875 0.0796875
0 0.27734375 0.35078125 0.0953125 0.0921875
0 0.15703125 0.178125 0.0859375 0.075
0 0.125 0.12109375 0.08125 0.0765625
0 0.278125 0.83046875 0.109375 0.0828125
0 0.51875 0.2453125 0.103125 0.084375
0 0.52109375 0.3234375 0.1046875 0.084375
0 0.2796875 0.646875 0.090625 0.0875
0 0.553125 0.43359375 0.096875 0.0796875
0 0.51015625 0.0515625 0.1015625 0.09375
0 0.82421875 0.49609375 0.1140625 0.1171875
0 0.83984375 0.79375 0.1171875 0.1125
0 0.84921875 0.63984375 0.1328125 0.1078125
0 0.0453125 0.68203125 0.0875 0.0953125
0 0.27578125 0.453125 0.1015625 0.08125
0 0.946875 0.54296875 0.090625 0.1015625
