0 0.08515625 0.76328125 0.1109375 0.0828125
0 0.86015625 0.7390625 0.1234375 0.09375
0 0.6265625 0.846875 0.10625 0.103125
0 0.23359375 0.75 0.1109375 0.08125
0 0.3109375 0.24765625 0.071875 0.0765625
0 0.88359375 0.959375 0.0921875 0.08125
0 0.05859375 0.28671875 0.0921875 0.0765625
0 0.26953125 0.1875 0.0671875 0.0625
0 0.06171875 0.55390625 0.0953125 0.0828125
0 0.81796875 0.18359375 0.0734375 0.0828125
0 0.04765625 0.65703125 0.0796875 0.0703125
0 0.55234375 0.15234375 0.1046875 0.0765625
0 0.86796875 0.24140625 0.1046875 0.1109375
0 0.82890625 0.3296875 0.1140625 0.090625
0 0.57109375 0.3984375 0.1234375 0.103125
0 0.28203125 0.4390625 0.1109375 0.071875
0 0.83203125 0.49921875 0.1234375 0.1265625
0 0.3421875 0.54140625 0.084375 0.1109375
0 0.55625 0.4890625 0.15625 0.096875
0 0.09453125 0.40078125 0.0953125 0.0953125
0 0.821875 0.63359375 0.13125 0.1046875
0 0.57265625 0.040625 0.1078125 0.078125
0 0.53671875 0.93046875 0.1140625 0.1140625
0 0.58203125 0.25859375 0.1203125 0.1046875
0 0.65234375 0.7265625 0.1171875 0.103125
0 0.07421875 0.03359375 0.0953125 0.0640625
0 0.54140625 0.63515625 0.1109375 0.0921875
0 0.0953125 0.10078125 0.14375 0.0484375
