0 0.11015625 0.63203125 0.0734375 0.0640625
0 0.59296875 0.03125 0.0828125 0.059375
0 0.63828125 0.709375 0.1046875 0.084375
0 0.31796875 0.88671875 0.0921875 0.0703125
0 0.3734375 0.95859375 0.09375 0.0828125
0 0.86640625 0.46796875 0.0734375 0.0859375
0 0.06171875 0.70546875 0.0796875 0.0671875
0 0.128125 0.0921875 0.1 0.071875
0 0.659375 0.828125 0.1 0.0875
0 0.6234375 0.45625 0.1125 0.096875
0 0.61640625 0.61328125 0.1078125 0.1015625
0 0.715625 0.8984375 0.121875 0.09375
0 0.60546875 0.25234375 0.0953125 0.0828125
0 0.6421875 0.1234375 0.1125 0.090625
0 0.37578125 0.72109375 0.1265625 0.0890625
