0 0.32578125 0.79140625 0.0578125 0.0546875
0 0.6859375 0.91875 0.065625 0.0625
0 0.79375 0.028125 0.08125 0.05625
0 0.321875 0.928125 0.0875 0.0875
0 0.58203125 0.14375 0.1140625 0.090625
0 0.63359375 0.50703125 0.0953125 0.1015625
0 0.2015625 0.68046875 0.08125 0.0703125
0 0.84375 0.11328125 0.08125 0.0765625
0 0.21875 0.578125 0.08125 0.065625
0 0.85546875 0.6296875 0.1140625 0.096875
0 0.775 0.2828125 0.090625 0.078125
0 0.1671875 0.38671875 0.084375 0.0734375
0 0.19765625 0.4953125 0.0765625 0.075
0 0.61015625 0.9671875 0.0890625 0.053125
0 0.62421875 0.43046875 0.0796875 0.0671875
0 0.6875 0.83828125 0.0625 0.0609375
0 0.60703125 0.265625 0.0953125 0.103125
0 0.190625 0.1578125 0.084375 0.078125
0 0.80078125 0.375 0.0984375 0.090625
0 0.81875 0.9109375 0.103125 0.078125
0 0.18203125 0.265625 0.0984375 0.08125
0 0.53828125 0.0359375 0.0984375 0.071875
0 0.8015625 0.7765625 0.121875 0.1
0 0.47890625 0.771875 0.1046875 0.103125
