0 0.96640625 0.89765625 0.0515625 0.0578125
0 0.96484375 0.425 0.0609375 0.071875
0 0.76640625 0.29921875 0.0765625 0.0671875
0 0.38203125 0.09296875 0.1015625 0.0859375
0 0.93203125 0.66796875 0.1015625 0.0984375
0 0.14296875 0.725 0.1171875 0.09375
0 0.48203125 0.59375 0.0953125 0.075
0 0.225 0.88125 0.084375 0.071875
0 0.1671875 0.0640625 0.09375 0.075
0 0.9546875 0.82578125 0.08125 0.0828125
0 0.38359375 0.30625 0.0953125 0.090625
0 0.73984375 0.8 0.1203125 0.103125
0 0.4515625 0.96484375 0.096875 0.0640625
0 0.6796875 0.47421875 0.103125 0.1046875
0 0.96640625 0.55234375 0.0671875 0.0609375
0 0.771875 0.13125 0.09375 0.10625
0 0.7671875 0.65703125 0.08125 0.0671875
0 0.3515625 0.89609375 0.08125 0.0734375
0 0.24296875 0.6375 0.0828125 0.08125
0 0.7609375 0.953125 0.125 0.078125
0 0.42109375 0.84921875 0.0640625 0.0640625
0 0.26796875 0.91796875 0.0859375 0.0859375
0 0.6609375 0.3453125 0.115625 0.0875
0 0.93046875 0.10078125 0.0984375 0.0921875
0 0.1421875 0.43984375 0.1 0.0953125
0 0.409375 0.46171875 0.109375 0.0953125
0 0.47734375 0.8875 0.1015625 0.0875
0 0.2203125 0.55546875 0.096875 0.0796875
0 0.15078125 0.20703125 0.1046875 0.1109375
0 0.17109375 0.34921875 0.1171875 0.0890625
0 0.9375 0.3125 0.1 0.0875
0 0.415625 0.1953125 0.103125 0.08125
0 0.740625 0.57734375 0.125 0.1046875
