0 0.7734375 0.4171875 0.075 0.06875
0 0.0265625 0.3828125 0.05 0.059375
0 0.79375 0.59375 0.09375 0.109375
0 0.8 0.3453125 0.08125 0.0875
0 0.26875 0.20234375 0.078125 0.0828125
0 0.23203125 0.54296875 0.0703125 0.0609375
0 0.58359375 0.62265625 0.0828125 0.0703125
0 0.8484375 0.7796875 0.06875 0.05625
0 0.68671875 0.8203125 0.0859375 0.078125
0 0.765625 0.25859375 0.096875 0.0796875
0 0.31640625 0.63984375 0.1015625 0.0734375
0 0.09375 0.75546875 0.078125 0.0828125
0 0.5671875 0.3875 0.10625 0.0875
0 0.2546875 0.378125 0.0875 0.08125
0 0.51953125 0.1859375 0.0890625 0.08125
0 0.8421875 0.88671875 0.115625 0.1109375
0 0.7671875 0.03515625 0.09375 0.0671875
0 0.6 0.25859375 0.1 0.0953125
0 0.59140625 0.84609375 0.1265625 0.1015625
0 0.7375 0.16171875 0.096875 0.0828125
0 0.55390625 0.671875 0.0921875 0.0875
