0 0.859375 0.55390625 0.0625 0.0734375
0 0.8171875 0.02109375 0.075 0.0421875
0 0.0515625 0.3859375 0.1 0.103125
0 0.59765625 0.0234375 0.0859375 0.046875
0 0.253125 0.9515625 0.075 0.071875
0 0.028125 0.19140625 0.05625 0.0671875
0 0.24296875 0.71015625 0.0859375 0.0828125
0 0.84609375 0.23046875 0.0859375 0.0828125
0 0.59765625 0.2296875 0.0828125 0.08125
0 0.278125 0.2078125 0.10625 0.06875
0 0.85703125 0.45 0.0796875 0.071875
0 0.27578125 0.48515625 0.0890625 0.0796875
0 0.66328125 0.71640625 0.0921875 0.0859375
0 0.8609375 0.8171875 0.065625 0.06875
0 0.83671875 0.115625 0.0796875 0.0875
0 0.02734375 0.66796875 0.0546875 0.0671875
0 0.25390625 0.03125 0.0828125 0.059375
0 0.80234375 0.5796875 0.0671875 0.0625
0 0.79765625 0.821875 0.0671875 0.0625
0 0.871875 0.93203125 0.075 0.0640625
0 0.75859375 0.2734375 0.0734375 0.078125
0 0.25234375 0.0875 0.1015625 0.084375
0 0.2671875 0.38671875 0.096875 0.0796875
0 0.68125 0.21796875 0.115625 0.1078125
0 0.221875 0.31484375 0.10625 0.0890625
0 0.29140625 0.86015625 0.0953125 0.0828125
0 0.68671875 0.8296875 0.1203125 0.084375
0 0.9546875 0.10625 0.0875 0.10625
0 0.69609375 0.39921875 0.1109375 0.0984375
0 0.29140625 0.63359375 0.1203125 0.0953125
0 0.9421875 0.3640625 0.1 0.096875
0 0.065625 0.528125 0.115625 0.090625
0 0.48515625 0.69609375 0.1140625 0.1078125
0 0.0703125 0.746875 0.115625 0.115625
0 0.828125 0.3484375 0.1 0.103125
0 0.121875 0.86875 0.115625 0.090625
0 0.590625 0.10703125 0.10625 0.0953125
0 0.6875 0.925 0.115625 0.103125
0 0.56953125 0.56328125 0.1015625 0.0859375
