0 0.415625 0.93671875 0.0875 0.0921875
0 0.7484375 0.6890625 0.10625 0.09375
0 0.36484375 0.6 0.0859375 0.08125
0 0.61640625 0.9578125 0.0765625 0.0625
0 0.7609375 0.534375 0.103125 0.090625
0 0.41953125 0.06640625 0.1015625 0.0859375
0 0.35390625 0.72578125 0.0578125 0.0609375
0 0.7875 0.4359375 0.109375 0.1
0 0.33125 0.43203125 0.084375 0.0859375
0 0.609375 0.03125 0.071875 0.05625
0 0.58359375 0.72890625 0.0890625 0.0828125
0 0.14140625 0.59921875 0.0953125 0.0734375
0 0.6015625 0.79765625 0.075 0.0671875
0 0.17890625 0.73125 0.0765625 0.075
0 0.834375 0.9171875 0.115625 0.096875
0 0.16640625 0.86640625 0.0953125 0.0984375
0 0.58359375 0.32265625 0.0953125 0.0921875
0 0.7984375 0.78359375 0.090625 0.0921875
0 0.80078125 0.0609375 0.0984375 0.1125
0 0.14765625 0.13046875 0.1078125 0.0953125
0 0.61875 0.38984375 0.1 0.0828125
0 0.1484375 0.9578125 0.0875 0.084375
