0 0.5515625 0.6265625 0.0625 0.059375
0 0.5140625 0.09609375 0.0625 0.0609375
0 0.9765625 0.81328125 0.04375 0.0703125
0 0.834375 0.78515625 0.06875 0.0515625
0 0.78203125 0.0484375 0.0609375 0.059375
0 0.39375 0.321875 0.078125 0.06875
0 0.4015625 0.18359375 0.0875 0.0859375
0 0.35703125 0.76875 0.0796875 0.071875
0 0.55546875 0.19609375 0.0796875 0.0671875
0 0.64609375 0.9296875 0.0859375 0.071875
0 0.8875 0.44765625 0.090625 0.0828125
0 0.09375 0.84609375 0.09375 0.0953125
0 0.7875 0.9078125 0.09375 0.08125
0 0.3859375 0.67421875 0.071875 0.0640625
0 0.83828125 0.2015625 0.1046875 0.090625
0 0.79765625 0.40078125 0.0859375 0.0859375
0 0.36875 0.8484375 0.096875 0.078125
0 0.42421875 0.4875 0.0765625 0.075
0 0.4203125 0.95625 0.090625 0.06875
0 0.62890625 0.14453125 0.0703125 0.0640625
0 0.5703125 0.42109375 0.078125 0.0734375
0 0.6078125 0.65625 0.0625 0.053125
0 0.06171875 0.7484375 0.0734375 0.05625
0 0.59140625 0.515625 0.0828125 0.071875
0 0.28984375 0.3765625 0.0890625 0.08125
0 0.26875 0.53984375 0.084375 0.0796875
