0 0.96953125 0.6953125 0.0484375 0.05625
0 0.29140625 0.01796875 0.0515625 0.0328125
0 0.02890625 0.290625 0.0546875 0.075
0 0.4609375 0.71328125 0.109375 0.1046875
0 0.95390625 0.725 0.0671875 0.0625
0 0.309375 0.78671875 0.0625 0.0671875
0 0.328125 0.94921875 0.11875 0.0796875
0 0.45390625 0.865625 0.1015625 0.0875
0 0.26953125 0.68125 0.0703125 0.0625
0 0.69453125 0.21875 0.0921875 0.084375
0 0.37265625 0.11015625 0.0796875 0.0765625
0 0.76953125 0.63515625 0.1203125 0.0828125
0 0.95078125 0.8953125 0.0859375 0.11875
0 0.03671875 0.909375 0.0703125 0.071875
