0 0.82890625 0.94296875 0.0890625 0.0734375
0 0.7921875 0.2125 0.090625 0.0875
0 0.221875 0.5203125 0.109375 0.1
0 0.79921875 0.021875 0.0953125 0.040625
0 0.11796875 0.94453125 0.0890625 0.0734375
0 0.1234375 0.28359375 0.075 0.0734375
0 0.11328125 0.16484375 0.0890625 0.0828125
0 0.56875 0.85078125 0.109375 0.0984375
0 0.63359375 0.696875 0.1078125 0.090625
0 0.7953125 0.61484375 0.090625 0.0921875
0 0.728125 0.16640625 0.10625 0.0953125
0 0.215625 0.14921875 0.115625 0.1109375
0 0.21875 0.2703125 0.128125 0.10625
0 0.2734375 0.39921875 0.109375 0.0984375
0 0.21953125 0.66328125 0.1171875 0.1078125
0 0.36953125 0.77265625 0.1421875 0.0984375
0 0.734375 0.303125 0.096875 0.09375
0 0.78203125 0.4734375 0.1015625 0.090625
0 0.26875 0.93125 0.10625 0.09375
0 0.5203125 0.54921875 0.11875 0.1078125
0 0.465625 0.03671875 0.1 0.0703125
0 0.5765625 0.3828125 0.10625 0.090625
0 0.76640625 0.753125 0.1015625 0.084375
0 0.72578125 0.8515625 0.0984375 0.096875
0 0.5375 0.15625 0.09375 0.1
