0 0.62890625 0.0203125 0.0671875 0.040625
0 0.96796875 0.2234375 0.0578125 0.078125
0 0.3625 0.68359375 0.1 0.0765625
0 0.6078125 0.0828125 0.084375 0.084375
0 0.946875 0.1 0.084375 0.075
0 0.61796875 0.20546875 0.1109375 0.0890625
0 0.64375 0.7140625 0.1 0.06875
0 0.37109375 0.0421875 0.0703125 0.0625
0 0.42734375 0.87578125 0.0859375 0.0734375
0 0.46796875 0.8875 0.0703125 0.071875
0 0.46484375 0.9671875 0.0765625 0.053125
0 0.65078125 0.7609375 0.0921875 0.071875
0 0.61875 0.2421875 0.096875 0.071875
0 0.57734375 0.953125 0.1046875 0.075
0 0.5671875 0.8859375 0.10625 0.08125
0 0.94921875 0.94296875 0.0921875 0.0921875
0 0.1515625 0.89296875 0.096875 0.0890625
0 0.86875 0.778125 0.10625 0.0875
0 0.09609375 0.85078125 0.0984375 0.0765625
0 0.546875 0.3 0.084375 0.0875
0 0.84609375 0.85390625 0.0890625 0.0828125
0 0.0671875 0.22109375 0.11875 0.1109375
0 0.3953125 0.7828125 0.115625 0.0875
0 0.04375 0.11953125 0.0875 0.0953125
0 0.315625 0.26484375 0.10625 0.1328125
0 0.0640625 0.3390625 0.121875 0.115625
0 0.40390625 0.2 0.0984375 0.09375
