0 0.67578125 0.96640625 0.1046875 0.0609375
0 0.67578125 0.46796875 0.0921875 0.0703125
0 0.66875 0.815625 0.109375 0.09375
0 0.04765625 0.37734375 0.0796875 0.0796875
0 0.56328125 0.7546875 0.0796875 0.071875
0 0.96796875 0.73984375 0.0578125 0.0765625
0 0.6609375 0.57734375 0.08125 0.0796875
0 0.66953125 0.42890625 0.0765625 0.0609375
0 0.57265625 0.890625 0.0703125 0.071875
0 0.92109375 0.67421875 0.0796875 0.0671875
0 0.02734375 0.78046875 0.0515625 0.0671875
0 0.23125 0.51640625 0.0625 0.0640625
0 0.6984375 0.659375 0.0875 0.06875
0 0.7296875 0.39140625 0.10625 0.0671875
0 0.70234375 0.71484375 0.1078125 0.0765625
0 0.05078125 0.83203125 0.0921875 0.0921875
0 0.17734375 0.534375 0.1046875 0.090625
0 0.1265625 0.221875 0.103125 0.090625
0 0.27578125 0.725 0.1078125 0.11875
0 0.95703125 0.2671875 0.0734375 0.096875
0 0.65234375 0.2484375 0.1203125 0.115625
0 0.0875 0.30078125 0.090625 0.0828125
0 0.2484375 0.94140625 0.1 0.0890625
0 0.96171875 0.959375 0.0765625 0.071875
0 0.9828125 0.94140625 0.034375 0.0453125
0 0.97734375 0.5625 0.0453125 0.08125
