0 0.8640625 0.09453125 0.05625 0.0546875
0 0.34921875 0.06875 0.0578125 0.046875
0 0.171875 0.925 0.05 0.05
0 0.909375 0.34140625 0.084375 0.0578125
0 0.4984375 0.09921875 0.103125 0.0765625
0 0.9015625 0.8203125 0.0875 0.08125
0 0.9375 0.484375 0.103125 0.096875
0 0.51015625 0.565625 0.0921875 0.08125
0 0.37421875 0.31484375 0.1015625 0.0828125
0 0.78046875 0.234375 0.0796875 0.071875
0 0.32578125 0.4515625 0.0953125 0.08125
0 0.86171875 0.7234375 0.0828125 0.078125
0 0.05703125 0.53515625 0.0796875 0.0921875
0 0.87109375 0.640625 0.0953125 0.078125
0 0.53046875 0.36640625 0.0703125 0.0796875
0 0.31328125 0.55078125 0.0890625 0.0734375
0 0.77890625 0.10078125 0.0796875 0.0640625
0 0.7859375 0.0296875 0.071875 0.053125
0 0.06171875 0.1109375 0.0671875 0.0625
0 0.05859375 0.67109375 0.0953125 0.1078125
0 0.534375 0.796875 0.103125 0.096875
0 0.3046875 0.91640625 0.121875 0.1203125
0 0.25859375 0.23984375 0.0953125 0.0921875
