0 0.57109375 0.3640625 0.0640625 0.053125
0 0.0375 0.70859375 0.065625 0.0515625
0 0.0734375 0.0625 0.071875 0.065625
0 0.38984375 0.36953125 0.0703125 0.0671875
0 0.35859375 0.2109375 0.0921875 0.06875
0 0.38125 0.5796875 0.08125 0.065625
0 0.07265625 0.47265625 0.0796875 0.0796875
0 0.59375 0.57421875 0.08125 0.0796875
0 0.55 0.2109375 0.065625 0.059375
0 0.61953125 0.0859375 0.0703125 0.0625
0 0.059375 0.76328125 0.084375 0.0640625
0 0.37421875 0.50078125 0.0796875 0.0796875
0 0.59140625 0.68984375 0.1015625 0.0796875
0 0.603125 0.2453125 0.075 0.071875
0 0.4015625 0.70078125 0.071875 0.0671875
0 0.625 0.815625 0.08125 0.075
0 0.059375 0.44375 0.090625 0.115625
