0 0.35234375 0.0203125 0.0703125 0.040625
0 0.03203125 0.84609375 0.0609375 0.0546875
0 0.43515625 0.796875 0.1046875 0.090625
0 0.2625 0.67109375 0.08125 0.0703125
0 0.746875 0.0609375 0.096875 0.075
0 0.34296875 0.94609375 0.0796875 0.0703125
0 0.77421875 0.671875 0.1140625 0.103125
0 0.3546875 0.0921875 0.09375 0.071875
0 0.96484375 0.65625 0.0640625 0.08125
0 0.5984375 0.94296875 0.109375 0.0828125
0 0.7375 0.3265625 0.084375 0.084375
0 0.75546875 0.88671875 0.0796875 0.0703125
0 0.96328125 0.509375 0.0578125 0.0625
0 0.9609375 0.1625 0.065625 0.059375
0 0.965625 0.74453125 0.053125 0.0671875
0 0.8046875 0.77890625 0.084375 0.0703125
0 0.890625 0.04296875 0.0875 0.0734375
0 0.35859375 0.465625 0.1015625 0.1
0 0.48359375 0.896875 0.0921875 0.09375
0 0.9265625 0.353125 0.09375 0.08125
0 0.7375 0.44765625 0.09375 0.0890625
0 0.74453125 0.19765625 0.1046875 0.0984375
0 0.33125 0.3421875 0.109375 0.1125
0 0.34765625 0.571875 0.0890625 0.09375
