0 0.03359375 0.946875 0.0640625 0.06875
0 0.04296875 0.3 0.0828125 0.09375
0 0.06796875 0.83203125 0.1015625 0.0953125
0 0.02890625 0.440625 0.0546875 0.065625
0 0.15859375 0.7875 0.0921875 0.071875
0 0.915625 0.29453125 0.06875 0.0921875
0 0.759375 0.8828125 0.10625 0.084375
0 0.7140625 0.65546875 0.06875 0.0640625
0 0.56328125 0.62734375 0.1109375 0.1078125
0 0.5359375 0.75859375 0.1 0.0828125
0 0.0390625 0.74453125 0.075 0.0796875
0 0.35546875 0.37734375 0.1140625 0.0921875
0 0.03515625 0.5265625 0.0671875 0.075
0 0.05859375 0.61484375 0.1015625 0.0921875
0 0.478125 0.25234375 0.1125 0.0859375
0 0.27265625 0.24453125 0.1234375 0.1078125
0 0.52265625 0.390625 0.1265625 0.096875
0 0.36953125 0.83828125 0.1078125 0.0890625
0 0.4578125 0.1328125 0.115625 0.09375
0 0.30546875 0.50546875 0.1015625 0.0921875
