0 0.9015625 0.93203125 0.05625 0.0515625
0 0.528125 0.92109375 0.0625 0.0546875
0 0.13359375 0.6125 0.0703125 0.065625
0 0.1015625 0.103125 0.084375 0.075
0 0.10625 0.52734375 0.084375 0.0703125
0 0.5453125 0.75703125 0.10625 0.1015625
0 0.178125 0.3453125 0.071875 0.065625
0 0.17734375 0.7796875 0.0765625 0.065625
0 0.39453125 0.0890625 0.0765625 0.084375
0 0.5265625 0.378125 0.075 0.08125
0 0.9703125 0.07890625 0.053125 0.0703125
0 0.38984375 0.64453125 0.0703125 0.0609375
0 0.7890625 0.33515625 0.06875 0.0640625
0 0.48125 0.525 0.071875 0.059375
0 0.57421875 0.9671875 0.0890625 0.059375
0 0.053125 0.02890625 0.084375 0.0578125
0 0.89609375 0.56015625 0.1359375 0.1109375
0 0.8609375 0.6515625 0.125 0.090625
0 0.84609375 0.80859375 0.1359375 0.1296875
0 0.50625 0.128125 0.096875 0.090625
0 0.84921875 0.0953125 0.1234375 0.09375
0 0.8203125 0.23046875 0.13125 0.0984375
0 0.9 0.39375 0.11875 0.115625
0 0.49453125 0.0453125 0.1078125 0.084375
