0 0.92890625 0.021875 0.0671875 0.04375
0 0.61015625 0.884375 0.0578125 0.059375
0 0.5375 0.97265625 0.078125 0.0484375
0 0.26953125 0.6171875 0.0703125 0.059375
0 0.68359375 0.95546875 0.0984375 0.0734375
0 0.29921875 0.5203125 0.0921875 0.090625
0 0.278125 0.8875 0.084375 0.08125
0 0.5421875 0.4046875 0.1 0.09375
0 0.25390625 0.0765625 0.0859375 0.08125
0 0.9203125 0.815625 0.096875 0.08125
0 0.95859375 0.4484375 0.0734375 0.090625
0 0.63046875 0.73359375 0.0765625 0.0765625
0 0.0453125 0.04375 0.08125 0.075
0 0.02734375 0.86640625 0.0546875 0.0671875
0 0.0671875 0.803125 0.078125 0.071875
0 0.73984375 0.86640625 0.0765625 0.0703125
0 0.03125 0.928125 0.059375 0.059375
0 0.9546875 0.5703125 0.059375 0.0625
0 0.55546875 0.059375 0.0828125 0.06875
0 0.55625 0.57890625 0.10625 0.0984375
0 0.26796875 0.796875 0.1140625 0.0875
