0 0.796875 0.77265625 0.096875 0.0890625
0 0.74453125 0.228125 0.0921875 0.09375
0 0.34609375 0.809375 0.0859375 0.08125
0 0.20234375 0.29296875 0.0921875 0.0796875
0 0.7625 0.04375 0.103125 0.071875
0 0.63671875 0.103125 0.0546875 0.06875
0 0.20703125 0.06640625 0.0890625 0.0828125
0 0.55703125 0.13125 0.0828125 0.084375
0 0.8359375 0.9109375 0.084375 0.09375
0 0.73984375 0.1109375 0.1046875 0.084375
0 0.19921875 0.36640625 0.1078125 0.0890625
0 0.4875 0.0984375 0.1125 0.11875
0 0.79921875 0.41875 0.1140625 0.103125
0 0.58046875 0.21875 0.0953125 0.0875
0 0.50859375 0.4703125 0.1390625 0.11875
0 0.48828125 0.275 0.1078125 0.0875
0 0.2390625 0.9109375 0.121875 0.109375
0 0.2 0.175 0.103125 0.090625
0 0.23046875 0.503125 0.1109375 0.1
