0 0.59296875 0.52734375 0.0984375 0.0859375
0 0.29140625 0.13359375 0.1140625 0.0890625
0 0.2734375 0.496875 0.09375 0.0875
0 0.840625 0.02421875 0.078125 0.0453125
0 0.61953125 0.11015625 0.0984375 0.0890625
0 0.93984375 0.37109375 0.0703125 0.0578125
0 0.834375 0.62109375 0.090625 0.0640625
0 0.89296875 0.31953125 0.1203125 0.0890625
0 0.12890625 0.55625 0.1140625 0.090625
0 0.32890625 0.5078125 0.1109375 0.09375
0 0.57109375 0.29609375 0.1015625 0.0921875
0 0.6109375 0.63828125 0.14375 0.1171875
0 0.58671875 0.40234375 0.1140625 0.0953125
0 0.06640625 0.175 0.1203125 0.11875
0 0.84140625 0.17734375 0.1171875 0.0984375
0 0.0640625 0.57578125 0.103125 0.0890625
0 0.32578125 0.65390625 0.1234375 0.1140625
0 0.278125 0.29609375 0.128125 0.1046875
0 0.140625 0.0375 0.11875 0.071875
0 0.48828125 0.06875 0.1046875 0.109375
0 0.0390625 0.29921875 0.075 0.0984375
0 0.9125 0.48046875 0.1375 0.0578125
