0 0.28984375 0.203125 0.0765625 0.0625
0 0.4984375 0.67578125 0.09375 0.0734375
0 0.94921875 0.70859375 0.0890625 0.0921875
0 0.51328125 0.39609375 0.1015625 0.0890625
0 0.93671875 0.825 0.1015625 0.096875
0 0.93984375 0.321875 0.0984375 0.084375
0 0.26015625 0.5484375 0.0828125 0.071875
0 0.49296875 0.19140625 0.0828125 0.0890625
0 0.2484375 0.3578125 0.078125 0.075
0 0.25625 0.1109375 0.06875 0.071875
0 0.4484375 0.05546875 0.084375 0.0796875
0 0.90703125 0.05390625 0.1015625 0.0765625
0 0.29765625 0.79140625 0.1109375 0.1046875
0 0.5140625 0.54140625 0.09375 0.1015625
0 0.30234375 0.44296875 0.1046875 0.0796875
0 0.94609375 0.57578125 0.0890625 0.0921875
0 0.48203125 0.78046875 0.1015625 0.0859375
0 0.4828125 0.31484375 0.090625 0.0953125
0 0.94765625 0.20078125 0.0953125 0.1046875
0 0.9390625 0.43046875 0.10625 0.1015625
