0 0.76484375 0.2140625 0.0671875 0.059375
0 0.8734375 0.58046875 0.071875 0.0578125
0 0.66484375 0.05546875 0.0828125 0.0703125
0 0.2234375 0.4078125 0.10625 0.103125
0 0.4625 0.2015625 0.09375 0.09375
0 0.8625 0.8140625 0.096875 0.09375
0 0.1859375 0.8015625 0.096875 0.09375
0 0.85546875 0.67421875 0.0890625 0.0953125
0 0.77109375 0.32421875 0.0828125 0.0765625
0 0.22734375 0.640625 0.1015625 0.0875
0 0.76875 0.7796875 0.084375 0.0625
0 0.4953125 0.78125 0.08125 0.075
0 0.5078125 0.8609375 0.08125 0.065625
0 0.409375 0.91875 0.115625 0.084375
0 0.74765625 0.23984375 0.0703125 0.0609375
0 0.5140625 0.0265625 0.065625 0.05
0 0.528125 0.6046875 0.096875 0.065625
0 0.7859375 0.4671875 0.059375 0.075
0 0.771875 0.91953125 0.084375 0.0984375
0 0.19609375 0.22421875 0.1046875 0.0984375
0 0.85625 0.92734375 0.1 0.0953125
0 0.85546875 0.471875 0.1015625 0.0875
0 0.48828125 0.6578125 0.0921875 0.084375
0 0.22421875 0.87890625 0.1296875 0.1015625
0 0.4859375 0.325 0.1125 0.09375
0 0.834375 0.03359375 0.090625 0.0640625
0 0.2484375 0.54765625 0.10625 0.1109375
0 0.48515625 0.45859375 0.0984375 0.1015625
