0 0.04140625 0.11015625 0.0796875 0.0796875
0 0.296875 0.16328125 0.078125 0.0703125
0 0.0703125 0.80859375 0.1 0.0828125
0 0.771875 0.46015625 0.1 0.0828125
0 0.13515625 0.890625 0.0859375 0.06875
0 0.60859375 0.43828125 0.0828125 0.0734375
0 0.7734375 0.26015625 0.09375 0.0890625
0 0.56015625 0.17734375 0.1078125 0.0859375
0 0.3828125 0.22578125 0.096875 0.0921875
0 0.07734375 0.53046875 0.0828125 0.0828125
0 0.55625 0.5921875 0.11875 0.11875
0 0.60234375 0.359375 0.0859375 0.08125
0 0.340625 0.3421875 0.121875 0.096875
0 0.0859375 0.65625 0.125 0.103125
0 0.05 0.39453125 0.096875 0.0984375
0 0.55 0.771875 0.115625 0.103125
0 0.2921875 0.08671875 0.109375 0.0890625
0 0.08515625 0.2625 0.1109375 0.0875
0 0.05 0.17890625 0.09375 0.0828125
