0 0.20078125 0.32265625 0.0703125 0.0671875
0 0.91015625 0.1609375 0.0671875 0.059375
0 0.8890625 0.85859375 0.053125 0.0515625
0 0.465625 0.45859375 0.09375 0.0796875
0 0.92578125 0.72265625 0.0828125 0.0765625
0 0.82734375 0.378125 0.0796875 0.075
0 0.484375 0.040625 0.109375 0.06875
0 0.18515625 0.4734375 0.0921875 0.078125
0 0.24453125 0.89453125 0.0859375 0.0734375
0 0.14140625 0.6234375 0.0890625 0.08125
0 0.8984375 0.584375 0.08125 0.075
0 0.1578125 0.74140625 0.078125 0.0640625
0 0.4546875 0.0296875 0.090625 0.05625
0 0.1765625 0.046875 0.05625 0.05625
0 0.5125 0.70859375 0.084375 0.0734375
0 0.4921875 0.78828125 0.109375 0.0921875
0 0.475 0.296875 0.103125 0.090625
0 0.47265625 0.54375 0.1046875 0.0875
0 0.88984375 0.0734375 0.0859375 0.08125
0 0.88515625 0.47890625 0.0890625 0.0859375
0 0.47578125 0.89609375 0.1140625 0.1046875
0 0.8734375 0.91640625 0.10625 0.0796875
0 0.86953125 0.234375 0.1015625 0.08125
0 0.509375 0.175 0.115625 0.1
