0 0.965625 0.70078125 0.046875 0.0515625
0 0.209375 0.63203125 0.071875 0.0640625
0 0.47109375 0.953125 0.0890625 0.075
0 0.71015625 0.028125 0.1140625 0.053125
0 0.9625 0.46640625 0.0625 0.0796875
0 0.415625 0.88671875 0.09375 0.0703125
0 0.1609375 0.70625 0.08125 0.06875
0 0.73828125 0.70859375 0.1078125 0.0828125
0 0.22734375 0.0921875 0.1015625 0.071875
0 0.76015625 0.82890625 0.1015625 0.0859375
0 0.74140625 0.1234375 0.1140625 0.090625
0 0.81640625 0.9 0.1203125 0.090625
0 0.72421875 0.45546875 0.1109375 0.0953125
0 0.71640625 0.61328125 0.1078125 0.1015625
0 0.70546875 0.25234375 0.0953125 0.0828125
0 0.47421875 0.72109375 0.1234375 0.0890625
