0 0.4578125 0.02734375 0.06875 0.0515625
0 0.215625 0.13125 0.109375 0.1
0 0.7390625 0.0296875 0.078125 0.05625
0 0.471875 0.15078125 0.103125 0.0859375
0 0.52421875 0.76875 0.0890625 0.084375
0 0.96484375 0.6421875 0.0609375 0.06875
0 0.94609375 0.75234375 0.0859375 0.0828125
0 0.9609375 0.55546875 0.065625 0.0765625
0 0.03359375 0.8609375 0.0609375 0.075
0 0.03046875 0.83203125 0.0578125 0.0671875
0 0.53359375 0.64609375 0.0796875 0.0671875
0 0.7609375 0.66015625 0.125 0.1265625
0 0.3234375 0.809375 0.1125 0.1125
0 0.28984375 0.61875 0.1296875 0.10625
0 0.47890625 0.2515625 0.0984375 0.0875
0 0.8625 0.26015625 0.121875 0.1046875
0 0.2484375 0.246875 0.115625 0.096875
0 0.5046875 0.55625 0.140625 0.11875
0 0.9234375 0.890625 0.11875 0.109375
0 0.771875 0.19453125 0.1375 0.0921875
0 0.9609375 0.1859375 0.071875 0.090625
0 0.80625 0.59140625 0.10625 0.1171875
0 0.59140625 0.87578125 0.1359375 0.1203125
0 0.3171875 0.92109375 0.11875 0.0984375
0 0.20234375 0.03125 0.0953125 0.059375
0 0.96171875 0.97265625 0.0765625 0.0546875
