0 0.64375 0.228125 0.09375 0.09375
0 0.10625 0.06640625 0.0875 0.0828125
0 0.696875 0.77265625 0.096875 0.0890625
0 0.9640625 0.78984375 0.059375 0.0703125
0 0.2453125 0.80859375 0.084375 0.0796875
0 0.1015625 0.29296875 0.090625 0.0765625
0 0.965625 0.94921875 0.059375 0.0734375
0 0.53671875 0.103125 0.0546875 0.06875
0 0.9640625 0.275 0.053125 0.05625
0 0.45625 0.13046875 0.084375 0.0828125
0 0.959375 0.4125 0.06875 0.08125
0 0.6640625 0.0421875 0.103125 0.071875
0 0.7359375 0.91171875 0.0875 0.0953125
0 0.9515625 0.09765625 0.071875 0.0765625
0 0.6390625 0.11171875 0.10625 0.0828125
0 0.0984375 0.365625 0.109375 0.090625
0 0.3875 0.0984375 0.1125 0.11875
0 0.48046875 0.21953125 0.0953125 0.0859375
0 0.7 0.41875 0.115625 0.103125
0 0.40859375 0.4703125 0.1390625 0.11875
0 0.38828125 0.275 0.1046875 0.0875
0 0.1 0.1765625 0.103125 0.090625
0 0.1296875 0.503125 0.109375 0.1
0 0.140625 0.9109375 0.121875 0.109375
0 0.95 0.3484375 0.084375 0.0625
