0 0.50546875 0.478125 0.0640625 0.05625
0 0.16015625 0.5578125 0.0890625 0.078125
0 0.08359375 0.4203125 0.0890625 0.084375
0 0.95703125 0.71015625 0.0765625 0.0828125
0 0.471875 0.9453125 0.109375 0.0875
0 0.75 0.303125 0.084375 0.078125
0 0.090625 0.3375 0.08125 0.06875
0 0.134375 0.8796875 0.096875 0.090625
0 0.959375 0.41484375 0.071875 0.0859375
0 0.45546875 0.8671875 0.0921875 0.0875
0 0.80546875 0.790625 0.0734375 0.071875
0 0.84296875 0.8796875 0.0890625 0.078125
0 0.81484375 0.6578125 0.0796875 0.075
0 0.34921875 0.6984375 0.1234375 0.121875
0 0.7875 0.46953125 0.090625 0.1015625
0 0.09140625 0.76875 0.1109375 0.10625
0 0.8375 0.35625 0.1 0.1
0 0.584375 0.8546875 0.06875 0.065625
0 0.44140625 0.26640625 0.1109375 0.0984375
