0 0.5734375 0.1671875 0.05625 0.05
0 0.85234375 0.5671875 0.0515625 0.05625
0 0.5015625 0.41328125 0.065625 0.0578125
0 0.6859375 0.03046875 0.06875 0.0578125
0 0.45703125 0.5203125 0.0953125 0.08125
0 0.734375 0.24140625 0.084375 0.0765625
0 0.54765625 0.29140625 0.0765625 0.0703125
0 0.16640625 0.35859375 0.0765625 0.0703125
0 0.740625 0.153125 0.06875 0.0625
0 0.2078125 0.51640625 0.071875 0.0734375
0 0.053125 0.19765625 0.071875 0.0734375
0 0.96484375 0.375 0.0578125 0.06875
0 0.06328125 0.8875 0.0734375 0.06875
0 0.17421875 0.18046875 0.0765625 0.0703125
0 0.5078125 0.046875 0.084375 0.078125
0 0.77421875 0.89375 0.0734375 0.09375
0 0.0625 0.5109375 0.075 0.075
0 0.7453125 0.54140625 0.065625 0.0734375
0 0.7015625 0.40625 0.084375 0.09375
0 0.19296875 0.42265625 0.0828125 0.0828125
0 0.1421875 0.05703125 0.10625 0.0859375
0 0.16796875 0.265625 0.1046875 0.08125
0 0.1953125 0.9546875 0.109375 0.08125
0 0.8375 0.89296875 0.078125 0.0921875
