0 0.78203125 0.578125 0.0734375 0.0625
0 0.05546875 0.94609375 0.1078125 0.1046875
0 0.49296875 0.28046875 0.1265625 0.1359375
0 0.03125 0.5125 0.059375 0.103125
0 0.946875 0.7984375 0.10625 0.140625
0 0.9421875 0.02734375 0.090625 0.0515625
0 0.796875 0.184375 0.084375 0.06875
0 0.96953125 0.49921875 0.0609375 0.0984375
0 0.0328125 0.7125 0.0625 0.09375
0 0.4921875 0.40703125 0.11875 0.1046875
0 0.09609375 0.81796875 0.1109375 0.0859375
0 0.39296875 0.778125 0.1296875 0.1125
0 0.190625 0.1234375 0.13125 0.10625
0 0.95234375 0.409375 0.0859375 0.090625
0 0.3328125 0.70390625 0.09375 0.0828125
0 0.75 0.71015625 0.128125 0.1015625
0 0.49296875 0.87578125 0.1328125 0.0953125
0 0.3484375 0.375 0.14375 0.109375
0 0.73125 0.04296875 0.09375 0.0796875
0 0.3609375 0.91953125 0.128125 0.1140625
0 0.93046875 0.6171875 0.1203125 0.1125
0 0.265625 0.53046875 0.128125 0.1328125
0 0.76953125 0.3078125 0.1296875 0.10625
0 0.09140625 0.37734375 0.1578125 0.1203125
0 0.83125 0.42421875 0.128125 0.1078125
0 0.3765625 0.21640625 0.103125 0.0703125
