0 0.4421875 0.02265625 0.0625 0.0453125
0 0.9390625 0.47578125 0.065625 0.0546875
0 0.13828125 0.734375 0.0578125 0.0625
0 0.03125 0.4984375 0.059375 0.075
0 0.54453125 0.80625 0.0515625 0.065625
0 0.93046875 0.540625 0.1015625 0.09375
0 0.596875 0.9625 0.10625 0.0625
0 0.096875 0.17421875 0.10625 0.0859375
0 0.5671875 0.34765625 0.071875 0.0703125
0 0.22265625 0.64296875 0.1015625 0.0953125
0 0.89609375 0.7078125 0.1078125 0.09375
0 0.47578125 0.6328125 0.1140625 0.1
0 0.89921875 0.35625 0.0859375 0.078125
0 0.46875 0.2234375 0.1 0.09375
0 0.621875 0.5484375 0.096875 0.084375
0 0.421875 0.49765625 0.071875 0.0734375
0 0.4703125 0.08046875 0.08125 0.0703125
0 0.609375 0.209375 0.090625 0.08125
0 0.7 0.90546875 0.0875 0.0828125
0 0.10546875 0.8703125 0.0921875 0.078125
0 0.53203125 0.93515625 0.0859375 0.0671875
0 0.48359375 0.8015625 0.1234375 0.096875
0 0.57578125 0.059375 0.1078125 0.09375
0 0.6171875 0.66015625 0.1 0.0953125
0 0.95234375 0.21953125 0.0859375 0.0921875
0 0.9484375 0.8484375 0.090625 0.09375
0 0.46328125 0.3578125 0.1015625 0.084375
0 0.48671875 0.44765625 0.1203125 0.1046875
0 0.8828125 0.925 0.10625 0.1
0 0.2 0.79296875 0.121875 0.1203125
0 0.63828125 0.77109375 0.1140625 0.1015625
0 0.63203125 0.396875 0.0984375 0.0875
0 0.14140625 0.26328125 0.0953125 0.0890625
0 0.14609375 0.95546875 0.1265625 0.0796875
0 0.17109375 0.36328125 0.0921875 0.0921875
0 0.9484375 0.04609375 0.0875 0.0890625
0 0.03828125 0.6703125 0.0765625 0.084375
0 0.1984375 0.4890625 0.115625 0.115625
0 0.13515625 0.03359375 0.0890625 0.0640625
