0 0.67890625 0.6515625 0.1046875 0.103125
0 0.05859375 0.8265625 0.0796875 0.071875
0 0.62109375 0.04375 0.0859375 0.071875
0 0.7421875 0.75234375 0.096875 0.0921875
0 0.73828125 0.8921875 0.0921875 0.071875
0 0.96796875 0.125 0.0546875 0.053125
0 0.6640625 0.3296875 0.075 0.075
0 0.5140625 0.89453125 0.09375 0.0953125
0 0.4703125 0.0578125 0.1 0.078125
0 0.04375 0.0890625 0.084375 0.1625
0 0.6328125 0.1515625 0.09375 0.0875
0 0.4578125 0.128125 0.1 0.09375
0 0.49296875 0.3453125 0.1234375 0.115625
0 0.1984375 0.21875 0.10625 0.096875
0 0.48984375 0.7625 0.1046875 0.0875
0 0.65859375 0.95546875 0.0515625 0.0609375
0 0.65625 0.25859375 0.059375 0.0546875
0 0.7125 0.95234375 0.075 0.0796875
