0 0.70703125 0.02109375 0.0765625 0.0421875
0 0.4625 0.25078125 0.05 0.0421875
0 0.97109375 0.73203125 0.0453125 0.0734375
0 0.696875 0.67109375 0.1125 0.0734375
0 0.14296875 0.84375 0.1078125 0.1
0 0.13046875 0.49609375 0.0796875 0.0703125
0 0.03515625 0.12265625 0.0703125 0.0734375
0 0.74140625 0.815625 0.0765625 0.0625
0 0.58046875 0.459375 0.0953125 0.075
0 0.6515625 0.37265625 0.084375 0.0734375
0 0.6046875 0.20625 0.08125 0.075
0 0.1546875 0.1203125 0.09375 0.08125
0 0.490625 0.7328125 0.06875 0.0625
0 0.7140625 0.15390625 0.08125 0.0703125
0 0.68515625 0.91484375 0.0734375 0.0828125
0 0.41953125 0.45 0.0859375 0.075
0 0.04609375 0.63203125 0.0765625 0.0734375
0 0.04453125 0.690625 0.0671875 0.05625
0 0.484375 0.78671875 0.06875 0.0546875
0 0.45390625 0.87109375 0.0734375 0.0671875
0 0.4296875 0.04765625 0.065625 0.0640625
0 0.74765625 0.09296875 0.0671875 0.0546875
0 0.1296875 0.17890625 0.08125 0.0734375
0 0.09453125 0.35 0.0921875 0.08125
0 0.50703125 0.93984375 0.0890625 0.0890625
0 0.45078125 0.18984375 0.1015625 0.0796875
0 0.72109375 0.22890625 0.0953125 0.0828125
0 0.953125 0.16484375 0.084375 0.1015625
0 0.109375 0.5765625 0.0875 0.090625
0 0.16328125 0.6875 0.0984375 0.096875
0 0.4765625 0.6171875 0.1 0.0875
0 0.14296875 0.9515625 0.1046875 0.078125
