0 0.765625 0.1140625 0.065625 0.059375
0 0.8734375 0.48046875 0.06875 0.0578125
0 0.915625 0.92109375 0.0875 0.0890625
0 0.46171875 0.10078125 0.0921875 0.0921875
0 0.45625 0.925 0.08125 0.075
0 0.86171875 0.7140625 0.0953125 0.09375
0 0.5078125 0.7609375 0.08125 0.065625
0 0.22734375 0.53984375 0.1015625 0.0859375
0 0.4953125 0.68125 0.08125 0.075
0 0.76875 0.6796875 0.084375 0.0625
0 0.77109375 0.22421875 0.0828125 0.0765625
0 0.48515625 0.35859375 0.0953125 0.1015625
0 0.409375 0.81796875 0.115625 0.0828125
0 0.2453125 0.965625 0.0875 0.05625
0 0.5265625 0.5046875 0.096875 0.065625
0 0.7484375 0.14140625 0.071875 0.0609375
0 0.77109375 0.81875 0.0828125 0.09375
0 0.24140625 0.8953125 0.1109375 0.090625
0 0.1875 0.7 0.1 0.09375
0 0.22421875 0.78125 0.1296875 0.103125
0 0.85546875 0.371875 0.0984375 0.0875
0 0.8546875 0.8265625 0.1 0.090625
0 0.4890625 0.55703125 0.09375 0.0859375
0 0.24765625 0.44921875 0.1046875 0.1109375
0 0.196875 0.12421875 0.103125 0.0984375
0 0.48671875 0.225 0.1140625 0.09375
0 0.85546875 0.575 0.0890625 0.096875
0 0.2234375 0.30859375 0.10625 0.1046875
