0 0.6125 0.0203125 0.059375 0.040625
0 0.2375 0.46796875 0.10625 0.1046875
0 0.04921875 0.5734375 0.0984375 0.090625
0 0.825 0.10390625 0.096875 0.0828125
0 0.03203125 0.328125 0.0640625 0.0875
0 0.8609375 0.38046875 0.1 0.0984375
0 0.54765625 0.20546875 0.1015625 0.0859375
0 0.853125 0.88828125 0.109375 0.1015625
0 0.86171875 0.24140625 0.0859375 0.0734375
0 0.2609375 0.09609375 0.06875 0.0671875
0 0.48515625 0.953125 0.0953125 0.075
0 0.6484375 0.1421875 0.084375 0.08125
0 0.57421875 0.86015625 0.0890625 0.0765625
0 0.49609375 0.89375 0.0703125 0.065625
0 0.0984375 0.8421875 0.084375 0.06875
0 0.02421875 0.16484375 0.0484375 0.0890625
0 0.8875 0.88046875 0.0875 0.0828125
0 0.80078125 0.75390625 0.0734375 0.0828125
0 0.8546875 0.72890625 0.1125 0.1078125
0 0.1453125 0.92421875 0.128125 0.0984375
0 0.61015625 0.4484375 0.0953125 0.078125
0 0.05234375 0.75390625 0.1046875 0.1265625
0 0.61875 0.36640625 0.1 0.0890625
0 0.2890625 0.346875 0.11875 0.1125
0 0.93515625 0.6015625 0.0953125 0.084375
0 0.05703125 0.47421875 0.0859375 0.0890625
0 0.59609375 0.64296875 0.1234375 0.1296875
