0 0.590625 0.02421875 0.078125 0.0484375
0 0.2578125 0.8609375 0.065625 0.05625
0 0.9171875 0.9703125 0.078125 0.046875
0 0.06953125 0.9390625 0.1078125 0.096875
0 0.75859375 0.05234375 0.1046875 0.0953125
0 0.25546875 0.7859375 0.0953125 0.078125
0 0.9 0.790625 0.090625 0.075
0 0.8546875 0.54375 0.09375 0.078125
0 0.559375 0.0640625 0.084375 0.075
0 0.11875 0.74765625 0.0875 0.0734375
0 0.9390625 0.68203125 0.1 0.0984375
0 0.16640625 0.0765625 0.0890625 0.075
0 0.6671875 0.89765625 0.103125 0.0890625
0 0.75546875 0.86328125 0.1109375 0.0984375
0 0.81171875 0.478125 0.1328125 0.109375
0 0.91796875 0.8671875 0.1109375 0.090625
0 0.8875 0.6375 0.109375 0.0875
0 0.17734375 0.553125 0.1265625 0.109375
0 0.13125 0.46171875 0.115625 0.0953125
0 0.596875 0.65078125 0.128125 0.1171875
0 0.3 0.953125 0.1 0.08125
0 0.58203125 0.53359375 0.0953125 0.0859375
