0 0.03125 0.771875 0.0625 0.06875
0 0.0578125 0.9625 0.090625 0.065625
0 0.7296875 0.6953125 0.090625 0.078125
0 0.18515625 0.73671875 0.0953125 0.1078125
0 0.4890625 0.7890625 0.0875 0.084375
0 0.1984375 0.3828125 0.109375 0.096875
0 0.0625 0.83984375 0.109375 0.0890625
0 0.2609375 0.86171875 0.103125 0.0796875
0 0.17734375 0.24375 0.0859375 0.08125
0 0.19375 0.0703125 0.096875 0.08125
0 0.6078125 0.85234375 0.1375 0.1140625
0 0.45546875 0.3640625 0.1265625 0.1125
0 0.2921875 0.94609375 0.1125 0.0890625
