0 0.50546875 0.578125 0.0609375 0.05625
0 0.69296875 0.02421875 0.0796875 0.0453125
0 0.45390625 0.95546875 0.0890625 0.0734375
0 0.16015625 0.65859375 0.0890625 0.0765625
0 0.95703125 0.81015625 0.0765625 0.0828125
0 0.1328125 0.9640625 0.0875 0.0625
0 0.8390625 0.96796875 0.075 0.0515625
0 0.75 0.403125 0.084375 0.078125
0 0.090625 0.4375 0.08125 0.06875
0 0.80625 0.89140625 0.06875 0.0703125
0 0.8375 0.4578125 0.1 0.1
0 0.81484375 0.75859375 0.0796875 0.0765625
0 0.0859375 0.52109375 0.090625 0.0859375
0 0.96015625 0.51484375 0.0703125 0.0859375
0 0.34921875 0.7984375 0.1234375 0.121875
0 0.09140625 0.86953125 0.1109375 0.1078125
0 0.78828125 0.56875 0.0890625 0.103125
0 0.58125 0.95625 0.065625 0.059375
