0 0.3640625 0.35 0.0625 0.053125
0 0.10078125 0.5828125 0.0671875 0.059375
0 0.55 0.04609375 0.096875 0.0796875
0 0.95 0.56640625 0.08125 0.0765625
0 0.3890625 0.7953125 0.090625 0.071875
0 0.259375 0.1640625 0.109375 0.090625
0 0.4046875 0.64375 0.078125 0.0625
0 0.0859375 0.371875 0.06875 0.059375
0 0.89453125 0.02890625 0.0796875 0.0578125
0 0.184375 0.9140625 0.090625 0.078125
0 0.11015625 0.253125 0.0859375 0.075
0 0.58828125 0.78671875 0.0921875 0.0890625
0 0.10546875 0.48671875 0.0609375 0.0609375
0 0.0984375 0.7234375 0.065625 0.05625
0 0.096875 0.134375 0.090625 0.071875
0 0.6203125 0.4546875 0.090625 0.078125
0 0.92890625 0.89296875 0.0859375 0.0765625
0 0.13984375 0.81328125 0.0703125 0.0515625
0 0.94921875 0.209375 0.0796875 0.075
0 0.61328125 0.13046875 0.1015625 0.0859375
0 0.62109375 0.665625 0.0984375 0.103125
0 0.59375 0.534375 0.1125 0.1
0 0.57578125 0.2640625 0.1046875 0.10625
0 0.95390625 0.41171875 0.0859375 0.0953125
0 0.3359375 0.0953125 0.103125 0.103125
0 0.39453125 0.4421875 0.0984375 0.090625
0 0.3546875 0.575 0.10625 0.090625
