0 0.39296875 0.97421875 0.0734375 0.0421875
0 0.071875 0.0234375 0.071875 0.04375
0 0.0609375 0.31875 0.05625 0.046875
0 0.89140625 0.97421875 0.0671875 0.0453125
0 0.546875 0.12421875 0.096875 0.0828125
0 0.95546875 0.9265625 0.0765625 0.075
0 0.56875 0.9625 0.078125 0.059375
0 0.459375 0.4140625 0.075 0.075
0 0.33984375 0.228125 0.1015625 0.08125
0 0.04765625 0.153125 0.0765625 0.065625
0 0.05625 0.08515625 0.078125 0.0578125
0 0.3296875 0.08515625 0.078125 0.0609375
0 0.83984375 0.0234375 0.0984375 0.046875
0 0.93046875 0.1515625 0.1109375 0.10625
0 0.91796875 0.06875 0.0765625 0.059375
0 0.5515625 0.86953125 0.1 0.0765625
0 0.89140625 0.38671875 0.0921875 0.0859375
0 0.3859375 0.33515625 0.103125 0.1078125
0 0.82578125 0.096875 0.1109375 0.115625
0 0.5625 0.49140625 0.09375 0.0984375
0 0.4109375 0.8390625 0.096875 0.09375
0 0.146875 0.93671875 0.11875 0.0953125
0 0.8515625 0.49375 0.109375 0.1125
0 0.046875 0.36015625 0.090625 0.0859375
