0 0.16640625 0.15390625 0.0859375 0.0640625
0 0.2640625 0.3109375 0.071875 0.075
0 0.8859375 0.76875 0.1 0.09375
0 0.434375 0.26875 0.1125 0.096875
0 0.89296875 0.4046875 0.0953125 0.08125
0 0.4296875 0.6265625 0.096875 0.090625
0 0.23671875 0.825 0.0890625 0.08125
0 0.43671875 0.3984375 0.1109375 0.090625
0 0.17421875 0.86484375 0.0921875 0.0734375
0 0.70234375 0.50703125 0.1109375 0.0890625
0 0.37109375 0.74140625 0.0671875 0.0640625
0 0.11875 0.478125 0.075 0.071875
0 0.690625 0.878125 0.059375 0.075
0 0.525 0.49765625 0.090625 0.0671875
0 0.2046875 0.59375 0.090625 0.09375
0 0.5234375 0.553125 0.08125 0.075
0 0.1765625 0.4828125 0.08125 0.075
0 0.44921875 0.78125 0.0890625 0.084375
0 0.8625 0.54140625 0.121875 0.1203125
0 0.8859375 0.8828125 0.096875 0.08125
0 0.81328125 0.17109375 0.1203125 0.0984375
0 0.878125 0.2703125 0.13125 0.121875
0 0.43359375 0.0984375 0.1140625 0.103125
