0 0.48984375 0.02421875 0.0765625 0.0484375
0 0.81640625 0.971875 0.0796875 0.046875
0 0.15859375 0.8609375 0.0671875 0.05625
0 0.0328125 0.75 0.065625 0.065625
0 0.15625 0.7859375 0.09375 0.078125
0 0.0453125 0.46484375 0.0875 0.0859375
0 0.75390625 0.54296875 0.0921875 0.0765625
0 0.06875 0.0796875 0.0875 0.071875
0 0.96640625 0.959375 0.0578125 0.0625
0 0.48203125 0.53359375 0.0953125 0.0828125
0 0.45859375 0.06484375 0.0859375 0.0734375
0 0.9390625 0.83828125 0.10625 0.1078125
0 0.65703125 0.0515625 0.1078125 0.096875
0 0.65546875 0.86328125 0.1078125 0.0984375
0 0.7984375 0.78984375 0.09375 0.0734375
0 0.56640625 0.8984375 0.1046875 0.090625
0 0.8171875 0.8671875 0.109375 0.090625
0 0.71171875 0.478125 0.1328125 0.10625
0 0.078125 0.55390625 0.128125 0.1078125
0 0.7859375 0.6375 0.109375 0.0875
0 0.840625 0.68125 0.103125 0.09375
0 0.1984375 0.953125 0.1 0.08125
0 0.4953125 0.64921875 0.128125 0.1171875
