0 0.2265625 0.7921875 0.059375 0.053125
0 0.4921875 0.64453125 0.0625 0.0640625
0 0.5875 0.8390625 0.0625 0.059375
0 0.58671875 0.91796875 0.0671875 0.0640625
0 0.48203125 0.14375 0.1140625 0.090625
0 0.5328125 0.5078125 0.096875 0.103125
0 0.69296875 0.0296875 0.0796875 0.059375
0 0.1 0.68046875 0.08125 0.0703125
0 0.74375 0.1140625 0.08125 0.078125
0 0.67578125 0.2828125 0.0921875 0.078125
0 0.11875 0.57734375 0.08125 0.0640625
0 0.090625 0.1578125 0.08125 0.075
0 0.71796875 0.9109375 0.1015625 0.078125
0 0.5109375 0.9671875 0.0875 0.053125
0 0.0671875 0.3859375 0.0875 0.071875
0 0.09765625 0.4953125 0.0765625 0.075
0 0.92109375 0.265625 0.1140625 0.071875
0 0.52421875 0.43046875 0.0828125 0.0671875
0 0.50703125 0.26484375 0.0921875 0.0953125
0 0.08203125 0.26640625 0.1015625 0.0796875
0 0.7 0.375 0.1 0.090625
0 0.95390625 0.375 0.0828125 0.10625
0 0.75625 0.63046875 0.1125 0.0953125
0 0.43828125 0.03515625 0.0984375 0.0703125
0 0.8953125 0.11875 0.10625 0.084375
0 0.70234375 0.77734375 0.1234375 0.1015625
0 0.2234375 0.92890625 0.0875 0.0890625
0 0.3796875 0.771875 0.10625 0.103125
