0 0.534375 0.88984375 0.065625 0.0546875
0 0.74296875 0.81953125 0.0734375 0.0640625
0 0.9609375 0.02890625 0.0625 0.0546875
0 0.51328125 0.55546875 0.0828125 0.0765625
0 0.7 0.484375 0.090625 0.0875
0 0.1421875 0.13046875 0.096875 0.0859375
0 0.4265625 0.18203125 0.084375 0.0828125
0 0.7625 0.08359375 0.090625 0.0765625
0 0.1625 0.60625 0.103125 0.084375
0 0.4828125 0.034375 0.078125 0.065625
0 0.5765625 0.73359375 0.090625 0.0859375
0 0.19609375 0.80546875 0.0859375 0.0859375
0 0.959375 0.671875 0.071875 0.08125
0 0.96171875 0.19453125 0.0734375 0.1046875
0 0.7921875 0.65625 0.06875 0.065625
0 0.16171875 0.35703125 0.0859375 0.0671875
0 0.73828125 0.896875 0.0859375 0.078125
0 0.6875 0.390625 0.06875 0.065625
0 0.51015625 0.3203125 0.0640625 0.071875
0 0.49921875 0.37421875 0.0609375 0.0578125
0 0.9640625 0.3515625 0.059375 0.078125
0 0.73828125 0.22421875 0.0734375 0.0765625
0 0.13125 0.2265625 0.1 0.096875
0 0.54765625 0.4109375 0.0921875 0.06875
0 0.13984375 0.9015625 0.0984375 0.10625
0 0.70234375 0.32421875 0.0984375 0.0765625
0 0.7140625 0.75625 0.0875 0.08125
0 0.6421875 0.0328125 0.09375 0.065625
0 0.11640625 0.6921875 0.1078125 0.096875
0 0.0828125 0.4421875 0.1 0.09375
0 0.4984375 0.64765625 0.103125 0.0859375
