0 0.3875 0.35234375 0.084375 0.0671875
0 0.69921875 0.7546875 0.0640625 0.059375
0 0.70234375 0.3546875 0.1015625 0.096875
0 0.12890625 0.86796875 0.1046875 0.0796875
0 0.121875 0.96328125 0.115625 0.0734375
0 0.621875 0.5421875 0.075 0.071875
0 0.6703125 0.834375 0.090625 0.071875
0 0.47578125 0.6203125 0.0921875 0.075
0 0.95859375 0.2046875 0.0640625 0.075
0 0.940625 0.43125 0.090625 0.0875
0 0.4015625 0.16875 0.0875 0.075
0 0.13125 0.171875 0.096875 0.0875
0 0.9453125 0.90390625 0.08125 0.0890625
0 0.1203125 0.35390625 0.0875 0.0828125
0 0.43046875 0.3890625 0.0640625 0.0625
0 0.44765625 0.56796875 0.0578125 0.0578125
0 0.31328125 0.815625 0.0921875 0.05625
0 0.66484375 0.21640625 0.0859375 0.0734375
0 0.13828125 0.6171875 0.0953125 0.0875
0 0.11328125 0.4703125 0.0953125 0.096875
0 0.6671875 0.94609375 0.103125 0.0828125
0 0.0671875 0.27890625 0.096875 0.0859375
0 0.08828125 0.715625 0.0953125 0.084375
0 0.4171875 0.74453125 0.06875 0.0890625
