0 0.97265625 0.23984375 0.0484375 0.0734375
0 0.7671875 0.1671875 0.090625 0.084375
0 0.8703125 0.83203125 0.10625 0.0890625
0 0.08359375 0.75703125 0.1171875 0.0890625
0 0.07890625 0.69453125 0.0796875 0.0609375
0 0.87265625 0.6609375 0.1140625 0.1
0 0.32109375 0.175 0.1046875 0.096875
0 0.5015625 0.17109375 0.075 0.0703125
0 0.42421875 0.9421875 0.1046875 0.090625
0 0.32734375 0.690625 0.1265625 0.096875
0 0.384375 0.82734375 0.121875 0.1046875
0 0.07109375 0.90234375 0.1296875 0.1203125
0 0.38359375 0.07265625 0.1078125 0.0921875
