0 0.4125 0.96328125 0.05625 0.0515625
0 0.675 0.190625 0.065625 0.05625
0 0.41484375 0.2765625 0.0609375 0.065625
0 0.62109375 0.37890625 0.0609375 0.0546875
0 0.11640625 0.5296875 0.0890625 0.0875
0 0.38515625 0.0375 0.0703125 0.0625
0 0.35859375 0.16328125 0.0890625 0.0828125
0 0.16640625 0.76640625 0.0921875 0.0828125
0 0.815625 0.11640625 0.084375 0.0765625
0 0.3515625 0.675 0.075 0.06875
0 0.79765625 0.9609375 0.1046875 0.065625
0 0.8296875 0.2453125 0.071875 0.075
0 0.1796875 0.37421875 0.078125 0.0765625
0 0.8578125 0.3484375 0.08125 0.059375
0 0.38671875 0.50390625 0.0671875 0.0609375
0 0.384375 0.38828125 0.084375 0.0859375
0 0.8328125 0.45546875 0.134375 0.0984375
0 0.3921875 0.71328125 0.078125 0.0765625
0 0.1671875 0.296875 0.09375 0.06875
0 0.84296875 0.83984375 0.0796875 0.0640625
0 0.64375 0.31796875 0.084375 0.0984375
0 0.13203125 0.09765625 0.0953125 0.0828125
0 0.85859375 0.74140625 0.1140625 0.1140625
0 0.875 0.590625 0.128125 0.1125
