0 0.64453125 0.63203125 0.0796875 0.0953125
0 0.8578125 0.33515625 0.075 0.0734375
0 0.2734375 0.56328125 0.06875 0.0671875
0 0.278125 0.87265625 0.078125 0.0671875
0 0.1671875 0.18046875 0.084375 0.0890625
0 0.93984375 0.52265625 0.0984375 0.0953125
0 0.2296875 0.053125 0.0875 0.075
0 0.75078125 0.271875 0.0859375 0.075
0 0.4609375 0.64609375 0.090625 0.0828125
0 0.17109375 0.9171875 0.0703125 0.0625
0 0.128125 0.0296875 0.071875 0.053125
0 0.2203125 0.3296875 0.084375 0.075
0 0.1953125 0.7140625 0.09375 0.09375
0 0.43125 0.56328125 0.06875 0.0578125
0 0.65234375 0.778125 0.0671875 0.084375
0 0.4265625 0.190625 0.1 0.1
0 0.90625 0.134375 0.084375 0.078125
0 0.846875 0.28515625 0.071875 0.0578125
0 0.6734375 0.5484375 0.103125 0.090625
0 0.45234375 0.3296875 0.0953125 0.084375
0 0.6625 0.4203125 0.103125 0.0875
0 0.21015625 0.5203125 0.0890625 0.08125
0 0.85703125 0.90078125 0.1109375 0.1078125
0 0.37109375 0.0984375 0.0890625 0.078125
