0 0.1015625 0.37734375 0.0625 0.0578125
0 0.1140625 0.4390625 0.065625 0.0625
0 0.3546875 0.58515625 0.059375 0.0546875
0 0.36640625 0.64296875 0.0828125 0.0703125
0 0.03828125 0.73671875 0.0640625 0.0515625
0 0.34921875 0.23125 0.0609375 0.05625
0 0.3375 0.0734375 0.06875 0.0625
0 0.34375 0.71953125 0.078125 0.0640625
0 0.59453125 0.15546875 0.0921875 0.0828125
0 0.27265625 0.14609375 0.0640625 0.0671875
0 0.703125 0.478125 0.08125 0.08125
0 0.74375 0.56875 0.06875 0.059375
0 0.30390625 0.37578125 0.0890625 0.0796875
0 0.07109375 0.55390625 0.1078125 0.0984375
0 0.0515625 0.2453125 0.09375 0.084375
0 0.0375 0.0875 0.071875 0.1
