0 0.95546875 0.85078125 0.0765625 0.0984375
0 0.22265625 0.90546875 0.0953125 0.0890625
0 0.94140625 0.7921875 0.0859375 0.08125
0 0.275 0.65859375 0.115625 0.0984375
0 0.65234375 0.515625 0.1203125 0.103125
0 0.25390625 0.43828125 0.1015625 0.0984375
0 0.28125 0.859375 0.1125 0.103125
0 0.67421875 0.42265625 0.1328125 0.1171875
0 0.2921875 0.73359375 0.10625 0.0828125
0 0.68828125 0.7953125 0.1234375 0.115625
0 0.76015625 0.66953125 0.1328125 0.1359375
0 0.78359375 0.06796875 0.1171875 0.1078125
0 0.16953125 0.5015625 0.1015625 0.090625
0 0.6765625 0.9171875 0.134375 0.10625
