0 0.9296875 0.0265625 0.078125 0.05
0 0.47578125 0.34296875 0.0609375 0.0515625
0 0.45546875 0.96328125 0.0671875 0.0484375
0 0.6734375 0.7703125 0.065625 0.071875
0 0.740625 0.915625 0.075 0.0625
0 0.65 0.47109375 0.08125 0.0734375
0 0.0359375 0.22265625 0.06875 0.0734375
0 0.9578125 0.2609375 0.084375 0.096875
0 0.60625 0.30703125 0.08125 0.0734375
0 0.4203125 0.54921875 0.0875 0.0765625
0 0.1296875 0.596875 0.08125 0.071875
0 0.490625 0.8328125 0.06875 0.0625
0 0.1546875 0.2203125 0.09375 0.08125
0 0.1125 0.06328125 0.1 0.0703125
0 0.5609375 0.553125 0.125 0.065625
0 0.71328125 0.2546875 0.0796875 0.06875
0 0.04609375 0.73203125 0.0765625 0.0734375
0 0.71015625 0.1046875 0.0828125 0.065625
0 0.04453125 0.790625 0.0671875 0.05625
0 0.484375 0.88671875 0.06875 0.0546875
0 0.13046875 0.278125 0.0796875 0.071875
0 0.759375 0.1875 0.0875 0.065625
0 0.0953125 0.45078125 0.090625 0.0796875
0 0.4515625 0.28984375 0.1 0.0796875
0 0.97109375 0.8328125 0.0421875 0.071875
0 0.72109375 0.32890625 0.0953125 0.0828125
0 0.109375 0.6765625 0.090625 0.090625
0 0.65390625 0.046875 0.1265625 0.084375
0 0.4765625 0.71640625 0.103125 0.0890625
0 0.14375 0.93828125 0.109375 0.0921875
0 0.16484375 0.78671875 0.0984375 0.0953125
0 0.48046875 0.47421875 0.0984375 0.0859375
0 0.41953125 0.1484375 0.0953125 0.078125
0 0.7328125 0.77578125 0.075 0.0546875
