0 0.0421875 0.02265625 0.06875 0.0421875
0 0.4015625 0.02734375 0.084375 0.0453125
0 0.94296875 0.6890625 0.0671875 0.053125
0 0.02890625 0.4265625 0.0578125 0.0875
0 0.64921875 0.10234375 0.1078125 0.0890625
0 0.65625 0.0328125 0.0875 0.0625
0 0.6578125 0.35 0.096875 0.084375
0 0.94609375 0.6328125 0.0828125 0.08125
0 0.628125 0.22421875 0.10625 0.1046875
0 0.04609375 0.72109375 0.0828125 0.0734375
0 0.42421875 0.74296875 0.0953125 0.0796875
0 0.59765625 0.759375 0.0828125 0.078125
0 0.6484375 0.55703125 0.096875 0.0921875
0 0.090625 0.53671875 0.0875 0.0859375
0 0.6375 0.9546875 0.090625 0.065625
0 0.95078125 0.30546875 0.0640625 0.0671875
0 0.965625 0.37578125 0.05625 0.0671875
0 0.6203125 0.903125 0.090625 0.06875
0 0.471875 0.92890625 0.11875 0.0953125
0 0.65 0.70859375 0.1125 0.0984375
0 0.36015625 0.22265625 0.1109375 0.0859375
0 0.6234375 0.4484375 0.103125 0.090625
0 0.0734375 0.90859375 0.10625 0.1109375
0 0.3828125 0.46875 0.0875 0.090625
0 0.365625 0.34296875 0.109375 0.0921875
0 0.4484375 0.84765625 0.096875 0.0921875
0 0.3421875 0.11640625 0.1125 0.0984375
0 0.04453125 0.27578125 0.0890625 0.1046875
0 0.07578125 0.8 0.0984375 0.084375
0 0.03984375 0.63515625 0.0796875 0.0890625
0 0.0390625 0.06953125 0.078125 0.0765625
0 0.92421875 0.11953125 0.0921875 0.0828125
0 0.37578125 0.6078125 0.1109375 0.0875
