0 0.5765625 0.21484375 0.08125 0.0609375
0 0.8265625 0.025 0.096875 0.05
0 0.59609375 0.5703125 0.0765625 0.071875
0 0.23828125 0.02734375 0.0796875 0.0546875
0 0.628125 0.6421875 0.0875 0.078125
0 0.8890625 0.38046875 0.096875 0.0828125
0 0.62890625 0.909375 0.0953125 0.084375
0 0.259375 0.42734375 0.084375 0.0796875
0 0.8 0.54140625 0.09375 0.0765625
0 0.8765625 0.67109375 0.078125 0.0734375
0 0.6609375 0.31015625 0.09375 0.0828125
0 0.82421875 0.13046875 0.0828125 0.0703125
0 0.0296875 0.7671875 0.059375 0.06875
0 0.665625 0.7703125 0.084375 0.078125
0 0.8 0.21171875 0.084375 0.0671875
0 0.27578125 0.1859375 0.0890625 0.078125
0 0.92109375 0.87265625 0.0921875 0.0796875
0 0.60546875 0.1234375 0.0765625 0.078125
0 0.1359375 0.6234375 0.075 0.075
0 0.8421875 0.29296875 0.0875 0.0734375
0 0.8578125 0.74296875 0.08125 0.0734375
0 0.1359375 0.18203125 0.06875 0.0703125
0 0.24765625 0.5234375 0.1015625 0.084375
0 0.58671875 0.48828125 0.0890625 0.0859375
0 0.2796875 0.65703125 0.1125 0.1109375
0 0.35234375 0.20546875 0.1015625 0.0828125
0 0.359375 0.83125 0.096875 0.09375
