0 0.70234375 0.30546875 0.0578125 0.0484375
0 0.0328125 0.37890625 0.053125 0.0484375
0 0.734375 0.95546875 0.103125 0.0765625
0 0.06875 0.51171875 0.09375 0.0890625
0 0.51484375 0.76015625 0.0796875 0.0796875
0 0.7515625 0.83359375 0.09375 0.0828125
0 0.6859375 0.4140625 0.084375 0.06875
0 0.0359375 0.7671875 0.06875 0.0875
0 0.48125 0.3609375 0.08125 0.071875
0 0.77890625 0.078125 0.0734375 0.06875
0 0.0703125 0.9671875 0.090625 0.05625
0 0.0296875 0.1890625 0.05625 0.071875
0 0.9578125 0.2609375 0.06875 0.071875
0 0.71328125 0.65546875 0.0703125 0.0609375
0 0.7046875 0.34375 0.071875 0.05625
0 0.7171875 0.7109375 0.075 0.06875
0 0.734375 0.21171875 0.090625 0.0796875
0 0.6953125 0.05625 0.0875 0.071875
0 0.5078125 0.91484375 0.1 0.0984375
0 0.52734375 0.1953125 0.1140625 0.08125
0 0.7546875 0.5171875 0.1125 0.1125
0 0.059375 0.87421875 0.1 0.0921875
0 0.51171875 0.63515625 0.1140625 0.1171875
0 0.475 0.50546875 0.115625 0.0921875
0 0.07734375 0.27734375 0.1265625 0.1109375
0 0.0421875 0.665625 0.08125 0.065625
