0 0.96875 0.86015625 0.053125 0.0671875
0 0.2671875 0.25390625 0.084375 0.0640625
0 0.36953125 0.4109375 0.0828125 0.071875
0 0.5375 0.4984375 0.1125 0.090625
0 0.625 0.59921875 0.0875 0.0671875
0 0.2703125 0.9578125 0.0875 0.065625
0 0.4703125 0.83984375 0.065625 0.0640625
0 0.96640625 0.965625 0.0578125 0.053125
0 0.21875 0.57734375 0.075 0.0734375
0 0.3046875 0.69453125 0.090625 0.0921875
0 0.278125 0.5828125 0.08125 0.075
0 0.62265625 0.653125 0.0828125 0.071875
0 0.80234375 0.60859375 0.1140625 0.0921875
0 0.52890625 0.72734375 0.0984375 0.0921875
0 0.5328125 0.19765625 0.115625 0.1078125
0 0.55 0.88046875 0.0875 0.0828125
0 0.94921875 0.6390625 0.0921875 0.11875
0 0.33515625 0.92421875 0.0921875 0.0859375
0 0.91484375 0.2703125 0.1234375 0.096875
0 0.534375 0.36875 0.115625 0.096875
0 0.95546875 0.37109375 0.0828125 0.1296875
