0 0.96796875 0.7359375 0.0578125 0.071875
0 0.1765625 0.02265625 0.075 0.0421875
0 0.934375 0.1453125 0.075 0.065625
0 0.6953125 0.2625 0.06875 0.0625
0 0.66875 0.0328125 0.084375 0.0625
0 0.57890625 0.10625 0.0859375 0.078125
0 0.178125 0.43984375 0.115625 0.0984375
0 0.16015625 0.9484375 0.0796875 0.075
0 0.19375 0.71796875 0.071875 0.0703125
0 0.74453125 0.96015625 0.0828125 0.0640625
0 0.1265625 0.284375 0.1 0.078125
0 0.153125 0.16796875 0.09375 0.0921875
0 0.371875 0.16953125 0.090625 0.0734375
0 0.42421875 0.09296875 0.0921875 0.0765625
0 0.3828125 0.9453125 0.103125 0.084375
0 0.41640625 0.68359375 0.0921875 0.0890625
0 0.159375 0.80703125 0.090625 0.0890625
0 0.93515625 0.828125 0.1078125 0.09375
0 0.3984375 0.83828125 0.090625 0.0828125
0 0.6671875 0.79921875 0.109375 0.0859375
0 0.63828125 0.71953125 0.1046875 0.0890625
0 0.34453125 0.3453125 0.0796875 0.128125
0 0.9484375 0.06015625 0.065625 0.0890625
