0 0.9203125 0.3078125 0.0875 0.08125
0 0.52265625 0.34375 0.1140625 0.1
0 0.0234375 0.80859375 0.04375 0.0828125
0 0.51640625 0.96328125 0.0765625 0.0609375
0 0.65078125 0.36171875 0.1046875 0.1078125
0 0.5203125 0.08046875 0.11875 0.0921875
0 0.5296875 0.66796875 0.103125 0.0890625
0 0.884375 0.45234375 0.09375 0.0890625
0 0.17421875 0.39453125 0.0921875 0.0796875
0 0.6671875 0.1625 0.0625 0.06875
0 0.92421875 0.53125 0.1203125 0.1
0 0.90703125 0.096875 0.1171875 0.1125
0 0.87265625 0.19296875 0.1015625 0.0828125
0 0.51875 0.81015625 0.134375 0.0921875
0 0.95546875 0.675 0.0859375 0.10625
0 0.44609375 0.52109375 0.1296875 0.1171875
0 0.9484375 0.93515625 0.090625 0.0984375
