0 0.78203125 0.03671875 0.0671875 0.0671875
0 0.4328125 0.04921875 0.1 0.0734375
0 0.4203125 0.1796875 0.115625 0.096875
0 0.82109375 0.40859375 0.0890625 0.0859375
0 0.553125 0.26953125 0.090625 0.0890625
0 0.4296875 0.76796875 0.103125 0.0890625
0 0.06015625 0.0875 0.0828125 0.071875
0 0.78359375 0.55234375 0.0921875 0.0890625
0 0.07421875 0.49453125 0.0921875 0.0765625
0 0.55078125 0.4625 0.1046875 0.109375
0 0.77265625 0.29296875 0.1046875 0.0796875
0 0.34609375 0.61875 0.1296875 0.115625
0 0.421875 0.91171875 0.134375 0.0953125
0 0.80703125 0.196875 0.1140625 0.115625
0 0.83984375 0.77734375 0.1234375 0.1109375
0 0.425 0.4453125 0.115625 0.109375
0 0.82578125 0.6296875 0.1203125 0.1
