0 0.84921875 0.025 0.1109375 0.046875
0 0.24453125 0.65078125 0.0984375 0.0890625
0 0.85546875 0.66015625 0.1140625 0.0890625
0 0.9359375 0.78125 0.1 0.096875
0 0.54375 0.9609375 0.096875 0.0625
0 0.84921875 0.87734375 0.1078125 0.0953125
0 0.21953125 0.0296875 0.0796875 0.05625
0 0.384375 0.46171875 0.1 0.0953125
0 0.253125 0.365625 0.09375 0.09375
0 0.59453125 0.29375 0.0890625 0.06875
0 0.45078125 0.628125 0.0828125 0.071875
0 0.17734375 0.5234375 0.0953125 0.10625
0 0.51171875 0.825 0.1015625 0.078125
0 0.7640625 0.7625 0.075 0.078125
0 0.46015625 0.87734375 0.0796875 0.0796875
0 0.7453125 0.0265625 0.078125 0.05
0 0.38984375 0.10625 0.0921875 0.078125
0 0.25703125 0.50078125 0.1015625 0.0890625
0 0.29921875 0.13125 0.1046875 0.090625
0 0.2078125 0.78515625 0.10625 0.0921875
0 0.89609375 0.42265625 0.1078125 0.0859375
0 0.1796875 0.21796875 0.1 0.0859375
0 0.20859375 0.903125 0.0984375 0.0875
0 0.45 0.71875 0.09375 0.096875
0 0.76640625 0.12109375 0.0953125 0.0984375
0 0.87734375 0.51640625 0.1140625 0.0921875
0 0.3875 0.290625 0.10625 0.1
0 0.80625 0.225 0.10625 0.10625
