0 0.725 0.021875 0.0625 0.040625
0 0.13046875 0.31484375 0.0734375 0.0515625
0 0.23125 0.4296875 0.078125 0.06875
0 0.1515625 0.08359375 0.08125 0.0734375
0 0.69140625 0.40390625 0.0984375 0.0890625
0 0.73203125 0.634375 0.0953125 0.071875
0 0.70234375 0.2375 0.0796875 0.06875
0 0.41875 0.6546875 0.09375 0.084375
0 0.39921875 0.259375 0.0828125 0.075
0 0.1421875 0.54453125 0.09375 0.0828125
0 0.3859375 0.52578125 0.078125 0.0671875
0 0.90234375 0.70625 0.0671875 0.059375
0 0.7046875 0.52421875 0.090625 0.0859375
0 0.153125 0.25625 0.090625 0.09375
0 0.646875 0.11171875 0.0875 0.0890625
0 0.3390625 0.15078125 0.071875 0.0765625
0 0.95546875 0.22578125 0.0734375 0.0796875
0 0.36875 0.44296875 0.09375 0.0890625
0 0.22578125 0.63828125 0.1078125 0.0984375
0 0.3515625 0.35546875 0.10625 0.0734375
