0 0.071875 0.025 0.071875 0.046875
0 0.17890625 0.83125 0.0734375 0.075
0 0.3640625 0.7 0.0875 0.08125
0 0.7984375 0.15390625 0.1 0.1046875
0 0.14765625 0.2296875 0.1046875 0.09375
0 0.78828125 0.5359375 0.1078125 0.1
0 0.33125 0.5328125 0.0875 0.0875
0 0.16328125 0.95390625 0.0921875 0.0734375
0 0.35234375 0.82578125 0.0578125 0.0578125
0 0.603125 0.89921875 0.071875 0.0671875
0 0.6109375 0.12421875 0.06875 0.0671875
0 0.58359375 0.82890625 0.0890625 0.0828125
0 0.76171875 0.63359375 0.1046875 0.0921875
0 0.41953125 0.16640625 0.1046875 0.0890625
0 0.14296875 0.7 0.0984375 0.071875
0 0.61953125 0.48984375 0.0984375 0.0796875
0 0.5828125 0.4234375 0.096875 0.090625
0 0.796875 0.88203125 0.090625 0.0921875
0 0.75 0.78984375 0.109375 0.0953125
0 0.5578125 0.228125 0.109375 0.10625
