0 0.27734375 0.14609375 0.0515625 0.0546875
0 0.0328125 0.07265625 0.0625 0.0765625
0 0.14921875 0.02265625 0.0640625 0.0421875
0 0.07734375 0.17421875 0.0515625 0.0484375
0 0.0390625 0.9765625 0.05625 0.0375
0 0.034375 0.453125 0.05 0.046875
0 0.03125 0.51796875 0.059375 0.0640625
0 0.059375 0.29140625 0.084375 0.0703125
0 0.95625 0.33828125 0.078125 0.0765625
0 0.928125 0.478125 0.08125 0.075
0 0.0609375 0.76171875 0.08125 0.0796875
0 0.60859375 0.27421875 0.1109375 0.0984375
0 0.56484375 0.56015625 0.0921875 0.0796875
0 0.25859375 0.8421875 0.0796875 0.065625
0 0.240625 0.7234375 0.090625 0.08125
0 0.5640625 0.96953125 0.0875 0.0546875
0 0.96875 0.57890625 0.05625 0.0796875
0 0.9703125 0.16953125 0.053125 0.0703125
0 0.590625 0.140625 0.09375 0.065625
0 0.6125 0.80859375 0.084375 0.0734375
0 0.57265625 0.64296875 0.1046875 0.0859375
0 0.3015625 0.425 0.071875 0.065625
0 0.57421875 0.396875 0.1015625 0.090625
0 0.04296875 0.875 0.0671875 0.06875
0 0.59296875 0.8875 0.1078125 0.09375
0 0.2859375 0.57421875 0.090625 0.0796875
0 0.55703125 0.10234375 0.1140625 0.0921875
0 0.0421875 0.67265625 0.078125 0.0703125
