0 0.0296875 0.68359375 0.05625 0.0734375
0 0.7546875 0.73671875 0.1 0.0921875
0 0.67109375 0.171875 0.0921875 0.075
0 0.165625 0.29140625 0.109375 0.0953125
0 0.50078125 0.0625 0.0828125 0.06875
0 0.8328125 0.54453125 0.084375 0.0828125
0 0.45546875 0.328125 0.0828125 0.075
0 0.52890625 0.84609375 0.0765625 0.0765625
0 0.6546875 0.60859375 0.090625 0.0828125
0 0.67265625 0.3703125 0.0921875 0.0875
0 0.47421875 0.55546875 0.1015625 0.0890625
0 0.3375 0.9390625 0.078125 0.090625
0 0.034375 0.8 0.065625 0.09375
0 0.4890625 0.6890625 0.090625 0.090625
0 0.36796875 0.33046875 0.0859375 0.0796875
0 0.70703125 0.48125 0.0890625 0.08125
0 0.48125 0.13203125 0.0875 0.0765625
0 0.4796875 0.4890625 0.090625 0.071875
0 0.20625 0.653125 0.11875 0.090625
0 0.70390625 0.83828125 0.0953125 0.0921875
0 0.1359375 0.1375 0.10625 0.1
0 0.6984375 0.03671875 0.09375 0.0703125
0 0.2234375 0.86640625 0.11875 0.1046875
0 0.13828125 0.03984375 0.1265625 0.0765625
0 0.184375 0.778125 0.125 0.109375
0 0.16328125 0.565625 0.1328125 0.109375
0 0.1828125 0.3671875 0.06875 0.0625
