0 0.61171875 0.10625 0.0609375 0.059375
0 0.0328125 0.428125 0.0625 0.0875
0 0.24296875 0.57265625 0.1234375 0.1140625
0 0.825 0.203125 0.096875 0.084375
0 0.56328125 0.03046875 0.0796875 0.0578125
0 0.93828125 0.70546875 0.1046875 0.0921875
0 0.26015625 0.03671875 0.0984375 0.0703125
0 0.8625 0.478125 0.103125 0.109375
0 0.85390625 0.96875 0.0453125 0.0625
0 0.86171875 0.34140625 0.0859375 0.0734375
0 0.96015625 0.0390625 0.0609375 0.065625
0 0.2609375 0.19609375 0.06875 0.0703125
0 0.57265625 0.9546875 0.0890625 0.06875
0 0.6484375 0.240625 0.084375 0.08125
0 0.02578125 0.265625 0.0484375 0.090625
0 0.0265625 0.0625 0.05 0.053125
0 0.8015625 0.8546875 0.06875 0.078125
0 0.10078125 0.9421875 0.0890625 0.071875
0 0.54609375 0.30703125 0.1015625 0.0890625
0 0.05234375 0.85234375 0.1015625 0.1328125
0 0.05078125 0.67265625 0.0984375 0.0921875
0 0.609375 0.54921875 0.09375 0.0796875
0 0.6 0.746875 0.128125 0.140625
0 0.05703125 0.5734375 0.0859375 0.0875
0 0.61953125 0.46640625 0.1015625 0.0921875
0 0.28984375 0.446875 0.1171875 0.1125
0 0.85546875 0.8296875 0.1046875 0.103125
0 0.903125 0.97265625 0.078125 0.0546875
