0 0.07421875 0.12421875 0.0578125 0.0515625
0 0.74375 0.1328125 0.06875 0.0625
0 0.81875 0.18515625 0.059375 0.0546875
0 0.27890625 0.6453125 0.0515625 0.046875
0 0.625 0.28359375 0.08125 0.0703125
0 0.6 0.63828125 0.08125 0.0890625
0 0.80859375 0.340625 0.0796875 0.075
0 0.81328125 0.6671875 0.0765625 0.0625
0 0.6109375 0.0359375 0.08125 0.06875
0 0.78359375 0.5359375 0.0796875 0.08125
0 0.62890625 0.5359375 0.0953125 0.071875
0 0.2375 0.3375 0.115625 0.103125
0 0.240625 0.090625 0.065625 0.065625
0 0.57890625 0.421875 0.0890625 0.08125
0 0.09453125 0.540625 0.0671875 0.06875
0 0.7515625 0.27578125 0.1125 0.0859375
0 0.76484375 0.03671875 0.0984375 0.0703125
0 0.5859375 0.15 0.090625 0.084375
