0 0.92578125 0.046875 0.0515625 0.040625
0 0.534375 0.065625 0.065625 0.05625
0 0.57578125 0.47578125 0.0640625 0.0609375
0 0.75546875 0.02890625 0.0796875 0.0546875
0 0.78359375 0.7140625 0.0828125 0.078125
0 0.76171875 0.9046875 0.0859375 0.078125
0 0.553125 0.609375 0.084375 0.090625
0 0.5796875 0.9390625 0.09375 0.075
0 0.53515625 0.36171875 0.0734375 0.0828125
0 0.5953125 0.71640625 0.078125 0.0734375
0 0.61171875 0.8453125 0.0796875 0.075
0 0.23671875 0.95234375 0.0640625 0.0609375
0 0.49296875 0.1703125 0.0828125 0.084375
0 0.746875 0.6140625 0.065625 0.071875
0 0.7125 0.2734375 0.084375 0.075
0 0.74609375 0.215625 0.0953125 0.084375
0 0.73671875 0.453125 0.0796875 0.078125
0 0.74375 0.8109375 0.059375 0.05
