0 0.89296875 0.32578125 0.0953125 0.0953125
0 0.4421875 0.0921875 0.09375 0.0625
0 0.534375 0.6953125 0.071875 0.078125
0 0.9140625 0.07109375 0.08125 0.0765625
0 0.934375 0.1359375 0.08125 0.06875
0 0.25078125 0.1546875 0.0859375 0.071875
0 0.21640625 0.27265625 0.1140625 0.0921875
0 0.734375 0.36171875 0.084375 0.0765625
0 0.5640625 0.43125 0.084375 0.06875
0 0.77734375 0.2734375 0.0828125 0.078125
0 0.803125 0.5390625 0.059375 0.065625
0 0.790625 0.234375 0.075 0.0625
0 0.53203125 0.25859375 0.1140625 0.0890625
0 0.2265625 0.39140625 0.109375 0.0890625
0 0.49765625 0.46328125 0.0984375 0.0765625
0 0.284375 0.53203125 0.103125 0.1015625
0 0.88671875 0.66640625 0.0984375 0.0921875
0 0.87734375 0.49140625 0.1015625 0.0859375
0 0.88359375 0.221875 0.1109375 0.0875
0 0.46796875 0.5828125 0.1015625 0.090625
0 0.775 0.62890625 0.090625 0.0859375
0 0.2515625 0.64609375 0.1125 0.0984375
0 0.76796875 0.0390625 0.0921875 0.075
