0 0.57578125 0.38984375 0.0515625 0.0609375
0 0.86953125 0.08515625 0.0515625 0.0453125
0 0.79375 0.36953125 0.084375 0.0703125
0 0.4125 0.9078125 0.071875 0.071875
0 0.596875 0.69140625 0.071875 0.0671875
0 0.29765625 0.36796875 0.1078125 0.0953125
0 0.14609375 0.51796875 0.1015625 0.0921875
0 0.5703125 0.953125 0.09375 0.065625
0 0.07578125 0.04296875 0.0703125 0.0765625
0 0.75703125 0.75625 0.0890625 0.090625
0 0.3796875 0.671875 0.08125 0.08125
0 0.76796875 0.6046875 0.0828125 0.078125
0 0.57890625 0.6078125 0.0734375 0.084375
0 0.5671875 0.7984375 0.078125 0.084375
0 0.375 0.51171875 0.1125 0.0953125
0 0.78359375 0.4453125 0.0796875 0.0875
0 0.73203125 0.92890625 0.0921875 0.0765625
0 0.18125 0.70859375 0.09375 0.0890625
0 0.1328125 0.85078125 0.096875 0.0796875
0 0.103125 0.6875 0.1 0.10625
0 0.3765625 0.82109375 0.121875 0.1140625
