0 0.021875 0.73828125 0.040625 0.0546875
0 0.96328125 0.921875 0.0703125 0.115625
0 0.79921875 0.72421875 0.1046875 0.1015625
0 0.8078125 0.35234375 0.1125 0.0921875
0 0.78203125 0.16171875 0.0796875 0.0796875
0 0.48984375 0.7609375 0.0984375 0.078125
0 0.79375 0.8359375 0.1125 0.0875
0 0.73984375 0.934375 0.1078125 0.09375
0 0.4078125 0.27578125 0.0875 0.0796875
0 0.53828125 0.94921875 0.1140625 0.0796875
0 0.25703125 0.13125 0.1140625 0.1125
0 0.321875 0.9515625 0.1125 0.078125
0 0.275 0.79140625 0.096875 0.0953125
0 0.53671875 0.8515625 0.0984375 0.0625
