0 0.24609375 0.96953125 0.0828125 0.0453125
0 0.15703125 0.76171875 0.0671875 0.0578125
0 0.04453125 0.36484375 0.0890625 0.0859375
0 0.15546875 0.684375 0.0953125 0.078125
0 0.0328125 0.65078125 0.065625 0.0640625
0 0.8 0.68984375 0.090625 0.0734375
0 0.9640625 0.865625 0.0625 0.071875
0 0.48046875 0.43359375 0.0953125 0.0828125
0 0.2578125 0.921875 0.090625 0.0875
0 0.93984375 0.7390625 0.1078125 0.109375
0 0.75546875 0.4421875 0.0984375 0.078125
0 0.59765625 0.89921875 0.1046875 0.0921875
0 0.83984375 0.5828125 0.1078125 0.096875
0 0.56640625 0.79765625 0.1046875 0.0921875
0 0.078125 0.453125 0.128125 0.109375
0 0.7125 0.37890625 0.134375 0.1078125
0 0.78671875 0.5375 0.1109375 0.0875
0 0.49609375 0.5515625 0.1296875 0.115625
0 0.6546875 0.7625 0.109375 0.1
0 0.8171875 0.76875 0.10625 0.090625
0 0.19921875 0.8671875 0.1046875 0.096875
0 0.81796875 0.896875 0.0984375 0.090625
