0 0.8640625 0.73828125 0.06875 0.0546875
0 0.05078125 0.0875 0.0734375 0.0625
0 0.2859375 0.078125 0.0875 0.05625
0 0.29921875 0.26484375 0.0953125 0.0796875
0 0.27578125 0.81015625 0.0921875 0.1171875
0 0.5671875 0.05390625 0.084375 0.0671875
0 0.9578125 0.66640625 0.071875 0.0734375
0 0.9421875 0.5625 0.090625 0.0875
0 0.0328125 0.965625 0.0625 0.053125
0 0.08125 0.68515625 0.08125 0.0640625
0 0.95234375 0.18984375 0.0796875 0.0828125
0 0.34140625 0.94140625 0.0703125 0.0671875
0 0.059375 0.4765625 0.06875 0.06875
0 0.28203125 0.65546875 0.0609375 0.0609375
0 0.6484375 0.13359375 0.06875 0.0640625
0 0.75234375 0.16640625 0.0640625 0.0734375
0 0.74765625 0.35234375 0.0703125 0.0765625
0 0.6125 0.10234375 0.08125 0.0796875
0 0.1671875 0.41171875 0.090625 0.0671875
0 0.903125 0.8109375 0.103125 0.0875
0 0.73125 0.0890625 0.0875 0.08125
0 0.584375 0.2984375 0.09375 0.071875
0 0.6359375 0.46015625 0.103125 0.0921875
0 0.59375 0.6625 0.084375 0.084375
0 0.57890625 0.81640625 0.0984375 0.1078125
0 0.94921875 0.45 0.0828125 0.084375
0 0.74765625 0.71875 0.0859375 0.09375
0 0.0484375 0.328125 0.090625 0.078125
0 0.2796875 0.53046875 0.046875 0.0421875
