0 0.48984375 0.034375 0.0609375 0.053125
0 0.225 0.05625 0.075 0.05625
0 0.45703125 0.5296875 0.1015625 0.090625
0 0.48203125 0.77109375 0.0984375 0.0859375
0 0.3078125 0.52734375 0.11875 0.0828125
0 0.496875 0.43203125 0.078125 0.0734375
0 0.92421875 0.9515625 0.1359375 0.08125
0 0.4625 0.1171875 0.06875 0.071875
0 0.76171875 0.525 0.0671875 0.065625
0 0.9203125 0.4078125 0.084375 0.08125
0 0.271875 0.37109375 0.08125 0.0671875
0 0.2921875 0.22890625 0.065625 0.0578125
0 0.4484375 0.9484375 0.084375 0.078125
0 0.48828125 0.89609375 0.0828125 0.0703125
0 0.87421875 0.8390625 0.0984375 0.1
0 0.940625 0.78125 0.096875 0.096875
0 0.928125 0.1234375 0.115625 0.10625
0 0.2640625 0.78984375 0.090625 0.0921875
0 0.26875 0.6671875 0.09375 0.078125
0 0.89375 0.528125 0.1125 0.084375
0 0.48359375 0.3234375 0.0796875 0.09375
0 0.90625 0.634375 0.128125 0.125
0 0.50546875 0.63515625 0.1046875 0.0890625
0 0.2984375 0.90078125 0.103125 0.0953125
0 0.91328125 0.0328125 0.0921875 0.0625
0 0.696875 0.04296875 0.075 0.0703125
0 0.490625 0.20234375 0.09375 0.0828125
0 0.9234375 0.2734375 0.078125 0.075
