0 0.10546875 0.76171875 0.0578125 0.0515625
0 0.9015625 0.08828125 0.06875 0.0703125
0 0.94453125 0.7453125 0.0609375 0.053125
0 0.89296875 0.2765625 0.0859375 0.06875
0 0.87890625 0.9703125 0.0828125 0.053125
0 0.896875 0.63515625 0.078125 0.0765625
0 0.4546875 0.96953125 0.078125 0.0453125
0 0.125 0.6984375 0.059375 0.05625
0 0.82734375 0.3140625 0.0953125 0.084375
0 0.159375 0.8421875 0.071875 0.065625
0 0.88828125 0.74140625 0.0828125 0.0796875
0 0.259375 0.071875 0.084375 0.071875
0 0.7171875 0.85625 0.090625 0.084375
0 0.6890625 0.32265625 0.103125 0.0828125
0 0.55625 0.13515625 0.11875 0.0984375
0 0.675 0.70234375 0.1125 0.0984375
0 0.95859375 0.3015625 0.0703125 0.08125
