0 0.95859375 0.30234375 0.0546875 0.0546875
0 0.89765625 0.025 0.0703125 0.046875
0 0.93203125 0.45703125 0.0515625 0.0453125
0 0.5453125 0.43046875 0.059375 0.0421875
0 0.1078125 0.95078125 0.0875 0.0703125
0 0.8828125 0.13359375 0.071875 0.0640625
0 0.53515625 0.2875 0.0671875 0.0625
0 0.1015625 0.8609375 0.06875 0.059375
0 0.9046875 0.234375 0.05625 0.059375
0 0.2609375 0.29921875 0.075 0.0703125
0 0.92109375 0.778125 0.0703125 0.05625
0 0.2484375 0.090625 0.08125 0.065625
0 0.25703125 0.1640625 0.0859375 0.071875
0 0.97265625 0.55390625 0.0515625 0.0671875
0 0.259375 0.57578125 0.071875 0.0765625
0 0.3015625 0.4640625 0.10625 0.1
0 0.43125 0.95546875 0.09375 0.0703125
0 0.53671875 0.4890625 0.0921875 0.090625
0 0.52734375 0.1328125 0.0921875 0.071875
0 0.4578125 0.053125 0.096875 0.078125
0 0.296875 0.73828125 0.0875 0.0890625
0 0.78125 0.81640625 0.0875 0.0796875
0 0.57578125 0.5890625 0.0953125 0.090625
0 0.503125 0.8546875 0.078125 0.084375
0 0.85078125 0.85390625 0.0796875 0.0609375
0 0.9546875 0.65234375 0.053125 0.0546875
