0 0.90390625 0.06171875 0.0640625 0.0703125
0 0.878125 0.63984375 0.0875 0.0796875
0 0.10234375 0.0296875 0.0890625 0.059375
0 0.115625 0.13046875 0.109375 0.0984375
0 0.63984375 0.02890625 0.0796875 0.0578125
0 0.9609375 0.7359375 0.06875 0.084375
0 0.8859375 0.95625 0.090625 0.075
0 0.425 0.76875 0.090625 0.084375
0 0.76171875 0.2609375 0.1140625 0.1
0 0.43359375 0.6484375 0.0765625 0.065625
0 0.921875 0.85859375 0.0875 0.0734375
0 0.84765625 0.7515625 0.0890625 0.08125
0 0.35859375 0.0265625 0.0671875 0.053125
0 0.871875 0.55546875 0.071875 0.0734375
0 0.14765625 0.24765625 0.1171875 0.1015625
0 0.66015625 0.6609375 0.1234375 0.125
0 0.18984375 0.61875 0.1296875 0.10625
0 0.378125 0.25234375 0.1 0.0859375
0 0.40625 0.55625 0.140625 0.11875
0 0.371875 0.15078125 0.10625 0.0890625
0 0.87578125 0.18203125 0.1015625 0.0921875
0 0.49140625 0.87578125 0.1359375 0.1171875
0 0.8234375 0.8890625 0.11875 0.109375
0 0.2234375 0.80859375 0.115625 0.1109375
0 0.70390625 0.59140625 0.1078125 0.1171875
0 0.2171875 0.92109375 0.11875 0.0984375
0 0.6703125 0.19453125 0.140625 0.0890625
