0 0.16796875 0.0203125 0.0796875 0.040625
0 0.18671875 0.93984375 0.0671875 0.0671875
0 0.7265625 0.31640625 0.1125 0.0953125
0 0.0578125 0.17734375 0.084375 0.0734375
0 0.4046875 0.603125 0.0875 0.075
0 0.40390625 0.90625 0.0890625 0.075
0 0.22578125 0.7171875 0.0984375 0.078125
0 0.03359375 0.12421875 0.0671875 0.0671875
0 0.77578125 0.95078125 0.1109375 0.0796875
0 0.87734375 0.72265625 0.0703125 0.0640625
0 0.17734375 0.3515625 0.0953125 0.09375
0 0.84921875 0.54140625 0.1015625 0.0984375
0 0.17734375 0.83046875 0.1078125 0.0828125
0 0.47578125 0.70546875 0.1046875 0.0828125
0 0.41875 0.2453125 0.103125 0.084375
0 0.41015625 0.05234375 0.1046875 0.0984375
0 0.74921875 0.63984375 0.1296875 0.1109375
0 0.740625 0.79375 0.11875 0.1125
0 0.42109375 0.3234375 0.1046875 0.084375
0 0.8484375 0.81171875 0.10625 0.1015625
0 0.45234375 0.43359375 0.0984375 0.0796875
0 0.1796875 0.646875 0.090625 0.0875
0 0.7234375 0.49609375 0.1125 0.1171875
0 0.17421875 0.45390625 0.1015625 0.0796875
