0 0.29140625 0.903125 0.0546875 0.053125
0 0.50546875 0.8546875 0.0578125 0.053125
0 0.39453125 0.3765625 0.0640625 0.059375
0 0.38125 0.02578125 0.071875 0.0484375
0 0.69921875 0.34921875 0.0859375 0.0796875
0 0.81484375 0.79375 0.0484375 0.05
0 0.95390625 0.9546875 0.0765625 0.075
0 0.41015625 0.23046875 0.0796875 0.0796875
0 0.44140625 0.09375 0.0734375 0.06875
0 0.7140625 0.25 0.0625 0.05625
0 0.43515625 0.4859375 0.0859375 0.0875
0 0.63828125 0.53515625 0.0703125 0.0640625
0 0.9015625 0.8828125 0.08125 0.0875
0 0.2359375 0.20859375 0.084375 0.0703125
0 0.415625 0.675 0.078125 0.084375
0 0.4375 0.88515625 0.0875 0.0765625
0 0.6671875 0.0203125 0.065625 0.034375
