0 0.55703125 0.97265625 0.0734375 0.0453125
0 0.965625 0.9515625 0.0625 0.071875
0 0.56484375 0.696875 0.1078125 0.096875
0 0.3796875 0.80859375 0.084375 0.0765625
0 0.39921875 0.9125 0.0765625 0.065625
0 0.2796875 0.03203125 0.084375 0.0609375
0 0.96171875 0.72265625 0.0671875 0.0890625
0 0.58984375 0.471875 0.0734375 0.0625
0 0.65703125 0.83125 0.0890625 0.078125
0 0.85625 0.059375 0.084375 0.06875
0 0.96484375 0.39765625 0.0640625 0.0984375
0 0.96640625 0.13046875 0.0609375 0.0765625
0 0.36015625 0.6671875 0.0734375 0.075
0 0.54296875 0.328125 0.1109375 0.103125
0 0.56875 0.534375 0.109375 0.1
0 0.340625 0.40078125 0.103125 0.0953125
0 0.35859375 0.53359375 0.0984375 0.0953125
0 0.4265625 0.69453125 0.103125 0.0828125
0 0.61171875 0.2046875 0.0953125 0.084375
0 0.61328125 0.1015625 0.1046875 0.090625
0 0.33125 0.24296875 0.10625 0.1015625
0 0.81796875 0.740625 0.1015625 0.1
0 0.5890625 0.2875 0.0875 0.0875
0 0.95546875 0.2609375 0.0828125 0.10625
0 0.82421875 0.96953125 0.0484375 0.0609375
