0 0.76796875 0.4015625 0.1046875 0.09375
0 0.5953125 0.8015625 0.078125 0.08125
0 0.80078125 0.61171875 0.0890625 0.0859375
0 0.7609375 0.234375 0.075 0.08125
0 0.80703125 0.1390625 0.0671875 0.06875
0 0.80234375 0.48515625 0.0796875 0.0765625
0 0.10078125 0.55390625 0.0890625 0.0796875
0 0.59609375 0.559375 0.1046875 0.08125
0 0.96796875 0.03984375 0.0578125 0.0765625
0 0.5453125 0.38125 0.103125 0.0875
0 0.05234375 0.16953125 0.0921875 0.0828125
0 0.56953125 0.134375 0.0796875 0.078125
0 0.30703125 0.73984375 0.0953125 0.0828125
0 0.61484375 0.87734375 0.1046875 0.0859375
0 0.0953125 0.24140625 0.09375 0.0984375
0 0.52578125 0.25234375 0.1140625 0.0984375
0 0.61171875 0.64296875 0.1046875 0.0921875
