0 0.059375 0.66484375 0.05625 0.0578125
0 0.4203125 0.71171875 0.06875 0.0671875
0 0.6875 0.04375 0.053125 0.05
0 0.07421875 0.02578125 0.0796875 0.0484375
0 0.8859375 0.0546875 0.06875 0.065625
0 0.096875 0.95078125 0.071875 0.0578125
0 0.40625 0.4125 0.0875 0.084375
0 0.66484375 0.2875 0.0953125 0.08125
0 0.75703125 0.5234375 0.0796875 0.071875
0 0.121875 0.7515625 0.08125 0.071875
0 0.4 0.0484375 0.084375 0.075
0 0.38203125 0.17421875 0.0703125 0.0703125
0 0.06796875 0.84296875 0.0828125 0.0765625
0 0.62421875 0.96484375 0.0890625 0.0609375
0 0.8203125 0.4046875 0.090625 0.078125
0 0.75 0.14765625 0.08125 0.0828125
0 0.421875 0.53515625 0.078125 0.0734375
0 0.38203125 0.28515625 0.0828125 0.0765625
0 0.92578125 0.41640625 0.0765625 0.0609375
0 0.090625 0.3078125 0.065625 0.075
0 0.79609375 0.95625 0.0765625 0.065625
0 0.40078125 0.94609375 0.0953125 0.0703125
0 0.05390625 0.34140625 0.0734375 0.0796875
0 0.09921875 0.48046875 0.0796875 0.0578125
0 0.62109375 0.39921875 0.1046875 0.0953125
0 0.0921875 0.221875 0.096875 0.084375
0 0.6140625 0.678125 0.10625 0.121875
0 0.6515625 0.8484375 0.10625 0.084375
0 0.77109375 0.2625 0.1109375 0.1
0 0.63515625 0.13046875 0.1140625 0.1109375
0 0.1015625 0.55234375 0.1 0.0984375
0 0.8265625 0.8109375 0.09375 0.096875
0 0.08203125 0.11171875 0.0953125 0.0984375
0 0.62890625 0.54765625 0.1109375 0.1046875
0 0.459375 0.90859375 0.071875 0.0703125
