0 0.4 0.5765625 0.046875 0.05
0 0.35859375 0.19453125 0.0609375 0.0515625
0 0.396875 0.65625 0.05 0.05625
0 0.8796875 0.02578125 0.06875 0.0484375
0 0.8703125 0.1234375 0.075 0.0875
0 0.20703125 0.66796875 0.0671875 0.0578125
0 0.71484375 0.83515625 0.0796875 0.0734375
0 0.4484375 0.83515625 0.08125 0.0765625
0 0.890625 0.596875 0.065625 0.071875
0 0.33984375 0.05859375 0.0859375 0.0765625
0 0.0421875 0.1265625 0.078125 0.065625
0 0.42734375 0.33125 0.0578125 0.05625
0 0.67734375 0.246875 0.0828125 0.053125
0 0.8703125 0.346875 0.08125 0.071875
0 0.2734375 0.8703125 0.071875 0.078125
0 0.6609375 0.571875 0.071875 0.078125
0 0.71484375 0.94140625 0.0890625 0.0796875
0 0.659375 0.38984375 0.075 0.0703125
0 0.65234375 0.16328125 0.0984375 0.0796875
0 0.47890625 0.96953125 0.0640625 0.0609375
0 0.4453125 0.71796875 0.06875 0.0640625
0 0.89296875 0.49609375 0.0578125 0.1078125
0 0.87890625 0.275 0.0421875 0.046875
