0 0.5109375 0.5328125 0.059375 0.053125
0 0.36953125 0.5078125 0.0546875 0.05625
0 0.97109375 0.46875 0.0484375 0.065625
0 0.32578125 0.22578125 0.0703125 0.0609375
0 0.921875 0.0703125 0.090625 0.09375
0 0.3578125 0.32890625 0.08125 0.0703125
0 0.365625 0.76015625 0.084375 0.0765625
0 0.79375 0.58984375 0.075 0.0703125
0 0.096875 0.6859375 0.084375 0.084375
0 0.05546875 0.10546875 0.0921875 0.0890625
0 0.31171875 0.0671875 0.0796875 0.075
0 0.95078125 0.1734375 0.0765625 0.075
0 0.7671875 0.3328125 0.084375 0.08125
0 0.52734375 0.64140625 0.0640625 0.0640625
0 0.50390625 0.19765625 0.0859375 0.0703125
0 0.778125 0.82421875 0.090625 0.0703125
0 0.34921875 0.65078125 0.0796875 0.0609375
0 0.328125 0.834375 0.065625 0.071875
0 0.715625 0.03046875 0.0875 0.0609375
0 0.7234375 0.75625 0.125 0.096875
0 0.72734375 0.6875 0.1109375 0.084375
0 0.9375 0.31875 0.09375 0.096875
0 0.0890625 0.86015625 0.103125 0.0890625
0 0.9546875 0.90078125 0.08125 0.0859375
0 0.74140625 0.0953125 0.0890625 0.090625
0 0.9578125 0.55859375 0.078125 0.0953125
0 0.95078125 0.78515625 0.0921875 0.1203125
0 0.75625 0.45703125 0.128125 0.1109375
0 0.7390625 0.22734375 0.125 0.1046875
0 0.03828125 0.4765625 0.0765625 0.1
0 0.0390625 0.68359375 0.078125 0.0984375
