0 0.965625 0.653125 0.05625 0.071875
0 0.8109375 0.93046875 0.065625 0.0578125
0 0.26796875 0.42734375 0.0765625 0.0703125
0 0.57578125 0.96484375 0.1046875 0.0609375
0 0.05859375 0.72890625 0.1015625 0.0890625
0 0.07265625 0.9375 0.1046875 0.09375
0 0.33046875 0.93984375 0.1046875 0.0921875
0 0.06796875 0.5984375 0.1109375 0.09375
0 0.26328125 0.678125 0.0953125 0.103125
0 0.028125 0.0390625 0.053125 0.06875
0 0.05703125 0.21953125 0.1078125 0.1078125
0 0.25703125 0.30234375 0.0765625 0.0703125
0 0.85078125 0.88828125 0.0921875 0.0796875
0 0.7859375 0.31484375 0.078125 0.0796875
0 0.81953125 0.61875 0.0828125 0.06875
0 0.94609375 0.05078125 0.0921875 0.0890625
0 0.5765625 0.6375 0.08125 0.075
0 0.0921875 0.815625 0.0875 0.075
0 0.5625 0.3015625 0.065625 0.05625
0 0.5515625 0.4515625 0.08125 0.071875
0 0.52421875 0.05625 0.0703125 0.0625
0 0.2453125 0.36484375 0.090625 0.0734375
0 0.8359375 0.965625 0.071875 0.05
0 0.79296875 0.50859375 0.0953125 0.0890625
0 0.5953125 0.053125 0.103125 0.096875
0 0.77265625 0.16015625 0.0953125 0.0953125
0 0.56796875 0.36796875 0.0859375 0.0828125
0 0.0390625 0.38203125 0.075 0.0859375
0 0.59140625 0.51953125 0.1140625 0.0953125
0 0.5265625 0.23046875 0.121875 0.1015625
0 0.2078125 0.1125 0.084375 0.078125
0 0.2671875 0.20625 0.11875 0.1
0 0.7625 0.0640625 0.128125 0.103125
0 0.58203125 0.76875 0.1109375 0.103125
0 0.8359375 0.740625 0.103125 0.090625
0 0.26171875 0.5421875 0.1109375 0.1
