0 0.67578125 0.48984375 0.0515625 0.0609375
0 0.89453125 0.4703125 0.0859375 0.071875
0 0.39765625 0.46796875 0.1078125 0.0953125
0 0.24609375 0.61796875 0.1015625 0.0921875
0 0.69765625 0.79296875 0.0703125 0.0671875
0 0.86953125 0.7046875 0.0828125 0.078125
0 0.67890625 0.7078125 0.0734375 0.084375
0 0.23359375 0.9484375 0.0921875 0.075
0 0.42109375 0.0828125 0.0640625 0.065625
0 0.6671875 0.89921875 0.078125 0.0859375
0 0.17734375 0.13671875 0.0671875 0.0859375
0 0.475 0.6125 0.109375 0.090625
0 0.88359375 0.5453125 0.0828125 0.0875
0 0.4796875 0.77109375 0.084375 0.0828125
0 0.85703125 0.85703125 0.0890625 0.0921875
0 0.28125 0.80859375 0.09375 0.0859375
0 0.2046875 0.78671875 0.096875 0.1078125
0 0.478125 0.91953125 0.121875 0.1171875
0 0.3046875 0.0375 0.084375 0.06875
0 0.9328125 0.115625 0.06875 0.1
0 0.6765625 0.6328125 0.05 0.06875
0 0.38125 0.690625 0.046875 0.065625
