0 0.2859375 0.446875 0.0625 0.053125
0 0.52109375 0.6421875 0.0765625 0.071875
0 0.3015625 0.26875 0.0875 0.075
0 0.565625 0.3171875 0.084375 0.071875
0 0.04140625 0.27265625 0.0796875 0.0828125
0 0.83984375 0.52890625 0.0921875 0.0859375
0 0.375 0.7203125 0.090625 0.075
0 0.85859375 0.30390625 0.0671875 0.0765625
0 0.0375 0.9625 0.071875 0.0625
0 0.0296875 0.571875 0.05625 0.078125
0 0.59921875 0.85625 0.0640625 0.05625
0 0.0328125 0.4546875 0.0625 0.078125
0 0.9640625 0.75078125 0.065625 0.0953125
0 0.34765625 0.66796875 0.0578125 0.0578125
0 0.91015625 0.9453125 0.0703125 0.06875
0 0.33046875 0.4890625 0.0640625 0.0625
0 0.24921875 0.91484375 0.0921875 0.0703125
0 0.9453125 0.56484375 0.090625 0.0984375
0 0.5703125 0.9328125 0.09375 0.071875
0 0.6046875 0.4546875 0.096875 0.090625
0 0.9640625 0.25234375 0.0625 0.0765625
0 0.9234375 0.6625 0.096875 0.090625
0 0.95546875 0.87578125 0.0828125 0.1046875
0 0.04375 0.71328125 0.084375 0.0890625
0 0.55625 0.759375 0.078125 0.09375
