0 0.7140625 0.26171875 0.059375 0.0609375
0 0.56953125 0.04140625 0.0640625 0.0640625
0 0.34375 0.57578125 0.071875 0.0734375
0 0.3390625 0.9171875 0.084375 0.09375
0 0.0453125 0.709375 0.0875 0.084375
0 0.32578125 0.67109375 0.0765625 0.0765625
0 0.640625 0.54453125 0.090625 0.0734375
0 0.2625 0.4109375 0.08125 0.06875
0 0.675 0.78828125 0.065625 0.0765625
0 0.0484375 0.8921875 0.09375 0.084375
0 0.3640625 0.4671875 0.075 0.08125
0 0.9578125 0.93671875 0.071875 0.0828125
0 0.440625 0.15234375 0.11875 0.0921875
0 0.58828125 0.434375 0.1171875 0.115625
0 0.5515625 0.12578125 0.109375 0.0984375
0 0.378125 0.3765625 0.115625 0.109375
0 0.04921875 0.22578125 0.0953125 0.1046875
0 0.07734375 0.79375 0.0890625 0.084375
0 0.37578125 0.7390625 0.0984375 0.1
0 0.5921875 0.903125 0.1125 0.10625
0 0.2578125 0.2875 0.1125 0.121875
0 0.62890625 0.63203125 0.1140625 0.1046875
