0 0.0390625 0.71171875 0.075 0.0828125
0 0.340625 0.48125 0.103125 0.09375
0 0.290625 0.57734375 0.078125 0.0828125
0 0.73515625 0.60859375 0.1078125 0.1390625
0 0.05625 0.4703125 0.0625 0.0625
0 0.55625 0.66640625 0.0875 0.0703125
0 0.121875 0.853125 0.1 0.0875
0 0.3265625 0.303125 0.0875 0.08125
0 0.603125 0.425 0.115625 0.090625
0 0.071875 0.93203125 0.1 0.0734375
0 0.21171875 0.7125 0.1046875 0.090625
0 0.56640625 0.56640625 0.0984375 0.0953125
0 0.56796875 0.7640625 0.1234375 0.1
0 0.9515625 0.4515625 0.090625 0.115625
0 0.07890625 0.3421875 0.1203125 0.096875
0 0.56640625 0.93828125 0.1359375 0.1015625
0 0.30078125 0.8296875 0.1453125 0.1375
