0 0.3328125 0.01953125 0.071875 0.0359375
0 0.03359375 0.021875 0.0609375 0.040625
0 0.5765625 0.02734375 0.09375 0.0515625
0 0.0359375 0.815625 0.06875 0.078125
0 0.95625 0.02890625 0.075 0.0546875
0 0.29140625 0.67890625 0.0828125 0.0890625
0 0.05546875 0.57109375 0.0609375 0.0609375
0 0.55703125 0.7671875 0.0859375 0.06875
0 0.3265625 0.403125 0.0875 0.08125
0 0.1171875 0.94609375 0.0875 0.0734375
0 0.21171875 0.81171875 0.1046875 0.0890625
0 0.56640625 0.66796875 0.1015625 0.0953125
0 0.34765625 0.58515625 0.1203125 0.1015625
0 0.73671875 0.69609375 0.1046875 0.1109375
0 0.9515625 0.5515625 0.090625 0.1125
0 0.603125 0.52578125 0.115625 0.0890625
0 0.56875 0.86484375 0.125 0.0984375
0 0.07890625 0.44140625 0.1203125 0.0984375
0 0.3015625 0.91953125 0.15 0.1265625
