0 0.90625 0.1375 0.06875 0.06875
0 0.903125 0.48515625 0.08125 0.0765625
0 0.86796875 0.4015625 0.1046875 0.09375
0 0.20390625 0.265625 0.0890625 0.05625
0 0.20078125 0.553125 0.0890625 0.078125
0 0.86171875 0.23515625 0.0734375 0.0796875
0 0.89921875 0.61171875 0.0890625 0.0859375
0 0.6453125 0.38125 0.103125 0.0875
0 0.14765625 0.16875 0.0984375 0.084375
0 0.71015625 0.64140625 0.1078125 0.0953125
0 0.6953125 0.80078125 0.08125 0.0828125
0 0.715625 0.878125 0.109375 0.0875
0 0.40625 0.74140625 0.096875 0.0828125
0 0.62578125 0.2515625 0.1140625 0.1
0 0.69609375 0.56015625 0.1046875 0.0828125
