0 0.28515625 0.34609375 0.0640625 0.0484375
0 0.91015625 0.8453125 0.0671875 0.06875
0 0.05078125 0.17109375 0.0984375 0.0984375
0 0.52421875 0.54140625 0.0859375 0.0765625
0 0.85859375 0.20390625 0.0671875 0.0765625
0 0.840625 0.4296875 0.090625 0.0875
0 0.5703125 0.83359375 0.090625 0.0703125
0 0.30078125 0.16953125 0.0859375 0.0734375
0 0.03203125 0.4640625 0.0609375 0.09375
0 0.375 0.62109375 0.090625 0.0765625
0 0.84140625 0.89453125 0.0734375 0.0703125
0 0.603125 0.353125 0.096875 0.09375
0 0.60625 0.75234375 0.078125 0.0765625
0 0.034375 0.365625 0.065625 0.096875
0 0.96328125 0.153125 0.0640625 0.075
0 0.33046875 0.3890625 0.0640625 0.0625
0 0.55625 0.65859375 0.08125 0.0921875
0 0.03359375 0.95859375 0.0640625 0.0546875
0 0.225 0.815625 0.065625 0.053125
0 0.56484375 0.21796875 0.0828125 0.0734375
0 0.3484375 0.56796875 0.059375 0.0578125
0 0.94609375 0.465625 0.0890625 0.096875
0 0.9234375 0.5625 0.096875 0.090625
0 0.04375 0.61328125 0.084375 0.0890625
0 0.9546875 0.77578125 0.084375 0.1078125
0 0.04296875 0.86953125 0.0828125 0.0828125
0 0.96484375 0.65234375 0.0671875 0.0984375
0 0.56640625 0.94453125 0.1015625 0.0828125
