0 0.25859375 0.96953125 0.0734375 0.0484375
0 0.6703125 0.21484375 0.075 0.0703125
0 0.625 0.965625 0.0875 0.059375
0 0.11796875 0.46328125 0.1015625 0.0984375
0 0.63984375 0.06484375 0.0859375 0.0765625
0 0.803125 0.77109375 0.1 0.0796875
0 0.1609375 0.57265625 0.084375 0.0765625
0 0.07890625 0.13203125 0.1015625 0.0953125
0 0.3421875 0.35 0.1 0.103125
0 0.3515625 0.4890625 0.096875 0.0875
0 0.8234375 0.5953125 0.090625 0.08125
0 0.32109375 0.0859375 0.0921875 0.078125
0 0.69765625 0.32265625 0.0828125 0.0890625
0 0.69140625 0.70546875 0.0671875 0.0703125
0 0.69140625 0.46875 0.0953125 0.084375
0 0.79609375 0.46484375 0.0703125 0.0671875
0 0.6625 0.88359375 0.075 0.0671875
0 0.12578125 0.21484375 0.0828125 0.0671875
0 0.77578125 0.325 0.0609375 0.0625
0 0.15078125 0.88984375 0.0765625 0.0765625
0 0.35546875 0.89375 0.0734375 0.0625
0 0.67890625 0.81640625 0.0703125 0.0546875
0 0.37109375 0.79921875 0.0765625 0.0609375
0 0.68984375 0.578125 0.1078125 0.096875
0 0.10703125 0.33828125 0.1140625 0.1078125
0 0.8078125 0.7015625 0.090625 0.075
0 0.2453125 0.66484375 0.10625 0.1171875
0 0.1546875 0.73359375 0.090625 0.0734375
0 0.30234375 0.20703125 0.1171875 0.0984375
0 0.84765625 0.83984375 0.0984375 0.0640625
0 0.79140625 0.209375 0.0859375 0.065625
