0 0.86875 0.7546875 0.053125 0.05
0 0.49140625 0.8234375 0.0890625 0.065625
0 0.03046875 0.58359375 0.0609375 0.0703125
0 0.1234375 0.69453125 0.084375 0.0671875
0 0.16328125 0.5890625 0.0859375 0.06875
0 0.17578125 0.83203125 0.0734375 0.0609375
0 0.5015625 0.79765625 0.075 0.0546875
0 0.125 0.49375 0.078125 0.071875
0 0.059375 0.025 0.078125 0.05
0 0.42265625 0.93046875 0.1203125 0.0890625
0 0.88046875 0.95625 0.0640625 0.053125
0 0.41953125 0.5625 0.1109375 0.09375
0 0.47265625 0.6453125 0.1015625 0.0875
0 0.4859375 0.378125 0.11875 0.096875
0 0.13359375 0.909375 0.1015625 0.10625
