0 0.67578125 0.38203125 0.1046875 0.0890625
0 0.3203125 0.52109375 0.109375 0.0984375
0 0.88125 0.4734375 0.103125 0.0875
0 0.21875 0.9453125 0.084375 0.071875
0 0.89453125 0.615625 0.0921875 0.090625
0 0.86640625 0.753125 0.0984375 0.08125
0 0.2234375 0.2828125 0.075 0.075
0 0.21171875 0.165625 0.0859375 0.08125
0 0.7328125 0.696875 0.103125 0.090625
0 0.66875 0.85078125 0.109375 0.0984375
0 0.82734375 0.16640625 0.1078125 0.0953125
0 0.315625 0.1484375 0.115625 0.109375
0 0.8921875 0.21328125 0.09375 0.0859375
0 0.31875 0.26953125 0.128125 0.1046875
0 0.834375 0.30390625 0.096875 0.0921875
0 0.92890625 0.94296875 0.0921875 0.0765625
0 0.37265625 0.39921875 0.1109375 0.1015625
0 0.36796875 0.93125 0.1078125 0.09375
0 0.56484375 0.03671875 0.0984375 0.0703125
0 0.6359375 0.15546875 0.09375 0.0984375
0 0.31953125 0.6625 0.1171875 0.109375
0 0.825 0.8515625 0.1 0.1
0 0.62109375 0.55 0.1171875 0.109375
0 0.46875 0.77265625 0.1375 0.0984375
