0 0.8765625 0.97421875 0.09375 0.0453125
0 0.5078125 0.5546875 0.096875 0.1
0 0.54140625 0.08125 0.1140625 0.096875
0 0.51953125 0.32578125 0.0953125 0.0796875
0 0.62421875 0.66328125 0.0953125 0.0859375
0 0.1578125 0.809375 0.071875 0.06875
0 0.878125 0.63046875 0.1 0.0921875
0 0.85703125 0.121875 0.1078125 0.084375
0 0.09921875 0.07734375 0.0859375 0.0828125
0 0.9 0.5359375 0.0875 0.08125
0 0.84609375 0.025 0.0953125 0.05
0 0.09609375 0.271875 0.0890625 0.078125
0 0.10078125 0.3734375 0.0984375 0.090625
0 0.890625 0.396875 0.121875 0.090625
0 0.10234375 0.578125 0.0984375 0.08125
0 0.921875 0.22578125 0.10625 0.0859375
0 0.12421875 0.9171875 0.0984375 0.090625
0 0.553125 0.21640625 0.103125 0.0828125
0 0.35390625 0.10078125 0.1171875 0.1078125
0 0.5328125 0.934375 0.10625 0.09375
0 0.54140625 0.4375 0.1171875 0.109375
0 0.86953125 0.30859375 0.0890625 0.0828125
0 0.84453125 0.88671875 0.1078125 0.1078125
0 0.9015625 0.759375 0.109375 0.084375
0 0.55078125 0.74296875 0.1109375 0.0953125
0 0.08828125 0.7421875 0.1109375 0.115625
