0 0.8609375 0.303125 0.059375 0.05625
0 0.8328125 0.45703125 0.053125 0.0453125
0 0.92109375 0.859375 0.0578125 0.05625
0 0.44453125 0.43046875 0.0609375 0.0421875
0 0.4890625 0.184375 0.04375 0.0625
0 0.88203125 0.55078125 0.0765625 0.0734375
0 0.4359375 0.28828125 0.065625 0.0609375
0 0.8046875 0.234375 0.05625 0.059375
0 0.78359375 0.13359375 0.0703125 0.0640625
0 0.82109375 0.77734375 0.0703125 0.0578125
0 0.68203125 0.81796875 0.0859375 0.0796875
0 0.1484375 0.090625 0.08125 0.065625
0 0.0296875 0.94609375 0.05625 0.0609375
0 0.796875 0.025 0.071875 0.046875
0 0.16171875 0.29921875 0.0734375 0.0703125
0 0.15703125 0.16328125 0.0890625 0.0734375
0 0.15859375 0.57578125 0.0734375 0.0765625
0 0.940625 0.96015625 0.0625 0.0578125
0 0.428125 0.13203125 0.09375 0.0703125
0 0.3578125 0.05234375 0.096875 0.0796875
0 0.19609375 0.73828125 0.0890625 0.0890625
0 0.2015625 0.46484375 0.10625 0.0984375
0 0.4765625 0.5890625 0.09375 0.090625
0 0.4390625 0.4890625 0.09375 0.09375
0 0.3328125 0.95703125 0.096875 0.0703125
0 0.7546875 0.859375 0.06875 0.053125
0 0.4140625 0.8703125 0.075 0.078125
