0 0.69140625 0.02421875 0.0828125 0.0453125
0 0.9578125 0.03359375 0.075 0.0640625
0 0.94921875 0.5515625 0.0828125 0.084375
0 0.61328125 0.203125 0.0828125 0.078125
0 0.31171875 0.034375 0.1046875 0.065625
0 0.5671875 0.15234375 0.084375 0.0703125
0 0.28515625 0.17734375 0.0890625 0.0578125
0 0.9515625 0.29140625 0.08125 0.0828125
0 0.9578125 0.76640625 0.071875 0.0734375
0 0.3 0.36484375 0.09375 0.0796875
0 0.27578125 0.91171875 0.0921875 0.1203125
0 0.05078125 0.1875 0.0734375 0.065625
0 0.08125 0.78046875 0.08125 0.0640625
0 0.59296875 0.7625 0.0859375 0.084375
0 0.584375 0.3984375 0.09375 0.071875
0 0.28203125 0.75546875 0.0609375 0.0609375
0 0.9046875 0.91171875 0.103125 0.0859375
0 0.059375 0.57734375 0.06875 0.0671875
0 0.6484375 0.23359375 0.06875 0.0640625
0 0.7484375 0.81875 0.084375 0.090625
0 0.75234375 0.26640625 0.0640625 0.0734375
0 0.7484375 0.45234375 0.06875 0.0765625
0 0.1671875 0.5125 0.090625 0.065625
0 0.8625 0.8390625 0.06875 0.05625
0 0.73125 0.18828125 0.090625 0.0796875
0 0.94296875 0.66171875 0.0921875 0.0859375
0 0.5796875 0.9171875 0.103125 0.109375
0 0.6359375 0.559375 0.1 0.09375
0 0.0328125 0.4234375 0.0625 0.065625
