0 0.45703125 0.97265625 0.0734375 0.0453125
0 0.91328125 0.02734375 0.0984375 0.0546875
0 0.4890625 0.471875 0.071875 0.065625
0 0.23125 0.24140625 0.10625 0.0984375
0 0.17890625 0.03203125 0.0828125 0.0609375
0 0.5125 0.1 0.103125 0.090625
0 0.5578125 0.83125 0.0875 0.078125
0 0.29921875 0.91328125 0.0765625 0.0671875
0 0.93046875 0.83515625 0.1078125 0.1078125
0 0.89140625 0.1359375 0.1140625 0.090625
0 0.28046875 0.809375 0.0828125 0.075
0 0.75546875 0.06015625 0.0859375 0.0671875
0 0.26171875 0.66875 0.0734375 0.075
0 0.4875 0.2875 0.090625 0.0875
0 0.4421875 0.32734375 0.10625 0.1046875
0 0.71796875 0.74140625 0.1015625 0.0984375
0 0.46953125 0.534375 0.1078125 0.1
0 0.240625 0.4015625 0.1 0.096875
0 0.3265625 0.6953125 0.10625 0.084375
0 0.25859375 0.53515625 0.0984375 0.0921875
0 0.5109375 0.20390625 0.096875 0.0828125
0 0.89140625 0.94296875 0.1109375 0.0953125
0 0.90625 0.58671875 0.115625 0.1015625
0 0.94296875 0.503125 0.0984375 0.10625
0 0.46640625 0.69765625 0.1078125 0.0953125
0 0.9046875 0.7171875 0.140625 0.125
0 0.88515625 0.26328125 0.1328125 0.1234375
0 0.89921875 0.4015625 0.1203125 0.10625
