0 0.13671875 0.85234375 0.0640625 0.0578125
0 0.68359375 0.6140625 0.0828125 0.078125
0 0.48046875 0.84140625 0.0921875 0.0765625
0 0.9390625 0.82109375 0.0875 0.0734375
0 0.64453125 0.115625 0.0953125 0.08125
0 0.07421875 0.09375 0.0859375 0.071875
0 0.51328125 0.7484375 0.0796875 0.075
0 0.64765625 0.51328125 0.0640625 0.0703125
0 0.6109375 0.1765625 0.084375 0.071875
0 0.3921875 0.06953125 0.0875 0.0828125
0 0.45390625 0.509375 0.0859375 0.090625
0 0.43515625 0.2609375 0.0765625 0.08125
0 0.51171875 0.934375 0.0796875 0.078125
0 0.47578125 0.375 0.0671875 0.0625
0 0.63828125 0.3546875 0.0828125 0.078125
0 0.66171875 0.80390625 0.0859375 0.0796875
0 0.49453125 0.6140625 0.0765625 0.075
0 0.66875 0.9359375 0.103125 0.08125
