0 0.021875 0.95 0.040625 0.059375
0 0.2203125 0.8625 0.115625 0.090625
0 0.69921875 0.6234375 0.1046875 0.1
0 0.68203125 0.0625 0.0796875 0.071875
0 0.390625 0.66171875 0.096875 0.0796875
0 0.4359375 0.85078125 0.103125 0.0734375
0 0.30546875 0.17578125 0.0828125 0.0765625
0 0.4765625 0.90859375 0.084375 0.0640625
0 0.89375 0.27109375 0.08125 0.0703125
0 0.89140625 0.65234375 0.0734375 0.0703125
0 0.18359375 0.67890625 0.0796875 0.0890625
0 0.70859375 0.25390625 0.1171875 0.0953125
0 0.8921875 0.8234375 0.13125 0.13125
0 0.69375 0.7359375 0.115625 0.090625
0 0.83046875 0.94296875 0.1265625 0.0953125
0 0.15546875 0.04375 0.1078125 0.084375
0 0.6390625 0.83515625 0.10625 0.0921875
0 0.63671875 0.94296875 0.1140625 0.0921875
0 0.4453125 0.753125 0.1125 0.046875
