0 0.02421875 0.596875 0.0484375 0.053125
0 0.753125 0.01953125 0.071875 0.0390625
0 0.03359375 0.9703125 0.0640625 0.04375
0 0.025 0.68125 0.05 0.059375
0 0.9625 0.40078125 0.06875 0.1109375
0 0.42734375 0.96796875 0.0921875 0.0546875
0 0.95625 0.896875 0.078125 0.08125
0 0.878125 0.9578125 0.09375 0.06875
0 0.62421875 0.90078125 0.0984375 0.0921875
0 0.38046875 0.73515625 0.1109375 0.0921875
0 0.59765625 0.85625 0.0984375 0.08125
0 0.5890625 0.04140625 0.11875 0.0796875
0 0.5796875 0.7109375 0.078125 0.0625
0 0.38125 0.43046875 0.121875 0.1078125
0 0.3546875 0.63671875 0.128125 0.1078125
0 0.24765625 0.478125 0.0765625 0.071875
0 0.7984375 0.93515625 0.10625 0.0984375
0 0.6703125 0.63671875 0.10625 0.0890625
0 0.61640625 0.38828125 0.1078125 0.0890625
0 0.6328125 0.47734375 0.1375 0.1171875
0 0.9390625 0.80546875 0.10625 0.1015625
0 0.67265625 0.74609375 0.1203125 0.1015625
0 0.7734375 0.51875 0.09375 0.0875
0 0.7875 0.0859375 0.115625 0.10625
0 0.78046875 0.63125 0.0984375 0.096875
0 0.90078125 0.61640625 0.1234375 0.1015625
0 0.90234375 0.73203125 0.0984375 0.0796875
0 0.78984375 0.40703125 0.1328125 0.1203125
0 0.92265625 0.28125 0.1078125 0.09375
0 0.375 0.921875 0.1125 0.10625
0 0.3203125 0.28671875 0.11875 0.1015625
0 0.95390625 0.53671875 0.0859375 0.0984375
0 0.60390625 0.11796875 0.1171875 0.0921875
0 0.64375 0.2515625 0.13125 0.10625
0 0.409375 0.83828125 0.115625 0.0953125
0 0.94921875 0.165625 0.0953125 0.128125
0 0.33828125 0.51875 0.1265625 0.09375
0 0.353125 0.159375 0.115625 0.090625
0 0.30859375 0.03828125 0.1046875 0.0765625
