0 0.065625 0.3015625 0.053125 0.053125
0 0.325 0.028125 0.090625 0.053125
0 0.36875 0.184375 0.096875 0.09375
0 0.0703125 0.12109375 0.090625 0.0765625
0 0.584375 0.16328125 0.090625 0.0953125
0 0.328125 0.46328125 0.096875 0.0828125
0 0.29921875 0.27265625 0.0921875 0.0796875
0 0.3203125 0.7171875 0.075 0.078125
0 0.3453125 0.14375 0.075 0.084375
0 0.06953125 0.45 0.1015625 0.090625
0 0.75625 0.5 0.1 0.084375
0 0.71796875 0.271875 0.0828125 0.075
0 0.0828125 0.63359375 0.1 0.0921875
0 0.82421875 0.6359375 0.1140625 0.121875
0 0.04140625 0.34453125 0.0796875 0.0796875
0 0.753125 0.378125 0.109375 0.096875
0 0.73671875 0.14765625 0.1015625 0.0859375
