0 0.6109375 0.14609375 0.10625 0.0953125
0 0.03203125 0.709375 0.0609375 0.06875
0 0.6296875 0.81796875 0.0875 0.1046875
0 0.63359375 0.6328125 0.0859375 0.09375
0 0.40078125 0.17265625 0.0890625 0.0921875
0 0.6328125 0.28671875 0.08125 0.0671875
0 0.39765625 0.50625 0.0828125 0.078125
0 0.03671875 0.484375 0.0703125 0.078125
0 0.14296875 0.5640625 0.0859375 0.06875
0 0.93515625 0.11171875 0.0953125 0.0859375
0 0.440625 0.88125 0.096875 0.090625
0 0.04140625 0.58515625 0.0796875 0.0734375
0 0.05625 0.91171875 0.084375 0.0671875
0 0.959375 0.86328125 0.065625 0.0703125
0 0.5875 0.02109375 0.0875 0.0390625
0 0.93203125 0.94765625 0.1015625 0.1046875
0 0.1421875 0.45703125 0.0875 0.0828125
0 0.51953125 0.48984375 0.0828125 0.1015625
0 0.9515625 0.221875 0.06875 0.071875
0 0.3953125 0.66640625 0.065625 0.0796875
0 0.08671875 0.0921875 0.1015625 0.084375
0 0.3453125 0.4140625 0.065625 0.071875
0 0.05546875 0.3203125 0.1046875 0.090625
0 0.62109375 0.3875 0.1078125 0.096875
0 0.59765625 0.4671875 0.0890625 0.08125
0 0.88671875 0.48828125 0.1296875 0.1265625
0 0.46796875 0.046875 0.0984375 0.090625
0 0.06875 0.640625 0.0875 0.078125
0 0.37890625 0.30703125 0.0953125 0.0984375
0 0.15546875 0.9234375 0.0859375 0.096875
0 0.87109375 0.76875 0.1078125 0.1125
0 0.125 0.3609375 0.103125 0.0875
0 0.97421875 0.3671875 0.0515625 0.1625
