0 0.40078125 0.8296875 0.0515625 0.05
0 0.19609375 0.203125 0.0515625 0.046875
0 0.9734375 0.0578125 0.04375 0.065625
0 0.35234375 0.2765625 0.0546875 0.0375
0 0.53984375 0.26875 0.0640625 0.059375
0 0.021875 0.690625 0.040625 0.103125
0 0.41796875 0.88671875 0.0796875 0.0640625
0 0.35 0.3171875 0.071875 0.078125
0 0.50625 0.06640625 0.06875 0.0734375
0 0.58984375 0.49140625 0.0859375 0.0734375
0 0.59609375 0.66015625 0.0859375 0.0828125
0 0.5953125 0.87421875 0.084375 0.0765625
0 0.3578125 0.58828125 0.090625 0.0828125
0 0.965625 0.16015625 0.059375 0.0671875
0 0.78359375 0.57578125 0.0765625 0.0703125
0 0.5109375 0.43828125 0.06875 0.0734375
0 0.37578125 0.68515625 0.0796875 0.0796875
0 0.8109375 0.8921875 0.0875 0.08125
0 0.35078125 0.1109375 0.0609375 0.059375
0 0.77890625 0.4609375 0.0859375 0.084375
0 0.7859375 0.66015625 0.071875 0.0609375
0 0.9359375 0.8171875 0.090625 0.0625
0 0.94765625 0.52734375 0.0703125 0.0953125
0 0.9546875 0.86484375 0.071875 0.0671875
0 0.0515625 0.91640625 0.1 0.0953125
0 0.525 0.21484375 0.1 0.0796875
0 0.775 0.053125 0.071875 0.071875
0 0.35625 0.4578125 0.075 0.078125
0 0.83203125 0.28125 0.0921875 0.08125
0 0.97578125 0.59140625 0.0484375 0.0765625
