0 0.2109375 0.25 0.071875 0.075
0 0.44140625 0.63359375 0.1109375 0.0890625
0 0.23984375 0.54375 0.0890625 0.1125
0 0.18359375 0.4390625 0.1078125 0.06875
0 0.89765625 0.26953125 0.0984375 0.0984375
0 0.13125 0.7515625 0.109375 0.08125
0 0.95078125 0.5734375 0.0796875 0.0875
0 0.78203125 0.95390625 0.0890625 0.0703125
0 0.16953125 0.1875 0.0671875 0.0625
0 0.7171875 0.1828125 0.071875 0.084375
0 0.921875 0.08515625 0.06875 0.0953125
0 0.453125 0.15234375 0.10625 0.0765625
0 0.7671875 0.24140625 0.10625 0.1109375
0 0.934375 0.8546875 0.121875 0.146875
0 0.7296875 0.3296875 0.1125 0.090625
0 0.90625 0.42265625 0.125 0.1078125
0 0.43828125 0.48671875 0.1203125 0.0921875
0 0.47265625 0.03984375 0.1078125 0.0765625
0 0.5515625 0.7265625 0.115625 0.103125
0 0.48125 0.25859375 0.11875 0.1046875
0 0.721875 0.6328125 0.13125 0.10625
0 0.759375 0.740625 0.125 0.09375
0 0.47109375 0.39765625 0.1234375 0.1015625
0 0.92734375 0.6734375 0.1203125 0.103125
0 0.52734375 0.84609375 0.1078125 0.1046875
0 0.7328125 0.50078125 0.121875 0.1265625
0 0.43671875 0.93046875 0.1171875 0.1140625
