0 0.71015625 0.78515625 0.0609375 0.0609375
0 0.37109375 0.5171875 0.0703125 0.059375
0 0.37734375 0.78828125 0.0828125 0.0828125
0 0.16640625 0.703125 0.0828125 0.075
0 0.6359375 0.88828125 0.090625 0.0796875
0 0.4046875 0.92734375 0.0875 0.0703125
0 0.8390625 0.765625 0.078125 0.071875
0 0.11484375 0.76484375 0.0796875 0.0734375
0 0.12265625 0.8296875 0.0734375 0.059375
0 0.10546875 0.90390625 0.0734375 0.0671875
0 0.73125 0.6328125 0.078125 0.078125
0 0.78515625 0.88515625 0.1109375 0.1015625
0 0.65625 0.478125 0.10625 0.1
0 0.6421875 0.3046875 0.1 0.09375
0 0.3671875 0.69453125 0.11875 0.0890625
0 0.4 0.421875 0.090625 0.090625
