0 0.10859375 0.53203125 0.0734375 0.0640625
0 0.371875 0.86953125 0.09375 0.0953125
0 0.865625 0.36875 0.071875 0.084375
0 0.31796875 0.78671875 0.0921875 0.0703125
0 0.8875 0.9296875 0.071875 0.0625
0 0.12734375 0.22421875 0.0703125 0.0609375
0 0.06171875 0.60546875 0.0796875 0.0671875
0 0.37421875 0.621875 0.1265625 0.0875
0 0.659375 0.728125 0.1 0.0875
0 0.60546875 0.15234375 0.0984375 0.0828125
0 0.71484375 0.7984375 0.1203125 0.09375
0 0.61640625 0.5125 0.1078125 0.103125
0 0.640625 0.034375 0.10625 0.065625
0 0.62421875 0.35703125 0.1078125 0.0921875
0 0.6375 0.6078125 0.109375 0.084375
0 0.10625 0.878125 0.103125 0.059375
0 0.1625 0.93125 0.071875 0.053125
