0 0.97265625 0.83671875 0.0484375 0.0546875
0 0.57734375 0.025 0.0703125 0.046875
0 0.2265625 0.91484375 0.090625 0.0796875
0 0.23828125 0.771875 0.0953125 0.071875
0 0.88671875 0.3109375 0.0828125 0.075
0 0.1453125 0.28203125 0.103125 0.0890625
0 0.6375 0.65703125 0.0875 0.0796875
0 0.1609375 0.6296875 0.096875 0.090625
0 0.9390625 0.93359375 0.08125 0.0828125
0 0.14609375 0.10234375 0.0890625 0.0765625
0 0.18515625 0.76640625 0.0640625 0.0671875
0 0.63359375 0.45546875 0.1203125 0.0890625
0 0.93828125 0.56640625 0.0890625 0.0703125
0 0.9421875 0.5125 0.0875 0.071875
0 0.94609375 0.7390625 0.0828125 0.084375
0 0.5421875 0.08671875 0.109375 0.0890625
0 0.925 0.0484375 0.096875 0.078125
0 0.6015625 0.44140625 0.146875 0.1046875
0 0.62890625 0.55234375 0.1046875 0.0859375
0 0.14296875 0.18671875 0.0921875 0.0828125
0 0.14765625 0.54140625 0.0890625 0.0828125
0 0.909375 0.2390625 0.096875 0.08125
0 0.6484375 0.2578125 0.1125 0.109375
0 0.2203125 0.4359375 0.09375 0.078125
0 0.6359375 0.82890625 0.11875 0.0984375
