0 0.21484375 0.3390625 0.0640625 0.0625
0 0.44921875 0.13125 0.0609375 0.05625
0 0.40234375 0.27578125 0.0890625 0.0796875
0 0.371875 0.04609375 0.0625 0.0609375
0 0.4671875 0.54296875 0.08125 0.0703125
0 0.20234375 0.27734375 0.0609375 0.0578125
0 0.13203125 0.63515625 0.0796875 0.0546875
0 0.14296875 0.0296875 0.0765625 0.05625
0 0.69375 0.05703125 0.0875 0.0765625
0 0.496875 0.15234375 0.059375 0.0609375
0 0.14921875 0.14453125 0.0921875 0.0796875
0 0.803125 0.37734375 0.08125 0.0796875
0 0.84453125 0.46796875 0.0703125 0.0609375
0 0.16953125 0.4515625 0.1046875 0.10625
0 0.6953125 0.32890625 0.0875 0.0953125
0 0.44375 0.61640625 0.096875 0.0703125
