0 0.35859375 0.7703125 0.0546875 0.05625
0 0.5109375 0.1453125 0.10625 0.09375
0 0.296875 0.171875 0.090625 0.09375
0 0.528125 0.8109375 0.084375 0.090625
0 0.29765625 0.50546875 0.0828125 0.0796875
0 0.53359375 0.6328125 0.0859375 0.09375
0 0.90625 0.59296875 0.09375 0.0921875
0 0.278125 0.30546875 0.09375 0.0953125
0 0.89921875 0.34765625 0.0890625 0.0921875
0 0.5328125 0.28671875 0.08125 0.0671875
0 0.496875 0.46796875 0.0875 0.0796875
0 0.8125 0.96015625 0.090625 0.0671875
0 0.48828125 0.02109375 0.0921875 0.0390625
0 0.2453125 0.41484375 0.065625 0.0703125
0 0.86328125 0.8625 0.0765625 0.071875
0 0.84296875 0.1125 0.1109375 0.08125
0 0.86015625 0.21640625 0.0859375 0.0703125
0 0.29609375 0.6671875 0.0671875 0.078125
0 0.9078125 0.8171875 0.0625 0.059375
0 0.41953125 0.48203125 0.0828125 0.0859375
0 0.78671875 0.48828125 0.1296875 0.1296875
0 0.52109375 0.38828125 0.1078125 0.0953125
0 0.05625 0.9234375 0.084375 0.096875
0 0.77109375 0.76953125 0.1109375 0.1140625
0 0.340625 0.8796875 0.09375 0.09375
0 0.365625 0.03671875 0.09375 0.0703125
0 0.046875 0.5640625 0.084375 0.06875
0 0.046875 0.45625 0.08125 0.078125
0 0.41640625 0.56328125 0.0734375 0.0796875
