0 0.20546875 0.02734375 0.0765625 0.0515625
0 0.071875 0.8421875 0.10625 0.1
0 0.06796875 0.4984375 0.1109375 0.09375
0 0.26796875 0.328125 0.0734375 0.06875
0 0.85078125 0.78828125 0.0921875 0.0796875
0 0.5796875 0.66796875 0.10625 0.1015625
0 0.10234375 0.96015625 0.0953125 0.0703125
0 0.2609375 0.440625 0.1125 0.1
0 0.05390625 0.10703125 0.1015625 0.0890625
0 0.8328125 0.640625 0.1 0.0875
0 0.5515625 0.35 0.08125 0.071875
0 0.25703125 0.20234375 0.0765625 0.0703125
0 0.81875 0.51875 0.084375 0.06875
0 0.77265625 0.0578125 0.0953125 0.09375
0 0.78515625 0.215625 0.0796875 0.08125
0 0.5765625 0.5375 0.08125 0.075
0 0.0921875 0.71484375 0.0875 0.0765625
0 0.6203125 0.959375 0.084375 0.06875
0 0.96484375 0.55390625 0.0546875 0.0703125
0 0.5625 0.20234375 0.065625 0.0578125
0 0.7921875 0.40859375 0.096875 0.0890625
0 0.83515625 0.8703125 0.0765625 0.059375
0 0.26328125 0.57734375 0.0953125 0.1078125
0 0.56796875 0.26796875 0.0859375 0.0828125
0 0.57578125 0.88046875 0.1203125 0.0953125
0 0.03671875 0.28125 0.0703125 0.084375
0 0.33125 0.84375 0.1 0.1
0 0.59296875 0.41953125 0.1140625 0.0953125
0 0.52734375 0.13125 0.1203125 0.103125
0 0.340625 0.94296875 0.109375 0.0859375
0 0.06015625 0.6296875 0.1015625 0.090625
0 0.26796875 0.10625 0.1171875 0.1
