0 0.271875 0.35546875 0.075 0.0765625
0 0.56328125 0.9265625 0.0734375 0.065625
0 0.96171875 0.11484375 0.0765625 0.0671875
0 0.721875 0.0375 0.090625 0.071875
0 0.25859375 0.44609375 0.0921875 0.0796875
0 0.03984375 0.56796875 0.0734375 0.0859375
0 0.296875 0.54921875 0.10625 0.1015625
0 0.96484375 0.63359375 0.0640625 0.0890625
0 0.66484375 0.2359375 0.0859375 0.084375
0 0.453125 0.10078125 0.096875 0.1078125
0 0.93203125 0.34453125 0.0984375 0.0921875
0 0.66171875 0.47109375 0.1140625 0.0984375
0 0.68046875 0.66015625 0.1484375 0.1484375
0 0.95546875 0.44921875 0.0765625 0.0953125
0 0.26328125 0.1109375 0.1234375 0.109375
0 0.6328125 0.0890625 0.13125 0.11875
0 0.64765625 0.35625 0.1109375 0.1
0 0.48359375 0.91640625 0.1265625 0.0984375
0 0.06953125 0.0890625 0.1359375 0.11875
