0 0.9765625 0.88515625 0.040625 0.0609375
0 0.97109375 0.28828125 0.0515625 0.0796875
0 0.5109375 0.73984375 0.1 0.0953125
0 0.4390625 0.1265625 0.103125 0.08125
0 0.665625 0.87578125 0.1 0.0890625
0 0.66171875 0.39140625 0.0953125 0.0984375
0 0.49453125 0.89296875 0.0796875 0.0703125
0 0.24375 0.8390625 0.121875 0.096875
0 0.09921875 0.87109375 0.0703125 0.0734375
0 0.16640625 0.2171875 0.0703125 0.046875
0 0.14375 0.046875 0.084375 0.071875
0 0.65 0.76875 0.1 0.078125
0 0.4875 0.23515625 0.096875 0.1046875
0 0.64296875 0.0359375 0.0984375 0.06875
0 0.05390625 0.17109375 0.0953125 0.0921875
0 0.94609375 0.39375 0.0953125 0.125
0 0.04375 0.0328125 0.08125 0.0625
0 0.9359375 0.03515625 0.0875 0.0671875
0 0.07421875 0.9546875 0.1109375 0.078125
