0 0.90078125 0.7453125 0.0609375 0.059375
0 0.865625 0.9734375 0.06875 0.046875
0 0.3296875 0.76796875 0.078125 0.0640625
0 0.3859375 0.6265625 0.059375 0.065625
0 0.675 0.6859375 0.084375 0.071875
0 0.703125 0.61953125 0.065625 0.0546875
0 0.67578125 0.1546875 0.0796875 0.071875
0 0.859375 0.840625 0.06875 0.0625
0 0.8203125 0.20234375 0.0875 0.0859375
0 0.63828125 0.07890625 0.0953125 0.0859375
0 0.65234375 0.0234375 0.0828125 0.046875
0 0.9 0.646875 0.071875 0.084375
0 0.79296875 0.94375 0.0859375 0.078125
0 0.171875 0.13125 0.10625 0.096875
0 0.253125 0.93984375 0.065625 0.0671875
0 0.3328125 0.18984375 0.11875 0.0953125
0 0.31796875 0.04609375 0.1046875 0.0859375
