0 0.78671875 0.7296875 0.1171875 0.084375
0 0.103125 0.084375 0.103125 0.0875
0 0.69765625 0.1296875 0.0859375 0.08125
0 0.9421875 0.13046875 0.084375 0.0859375
0 0.95703125 0.45546875 0.0640625 0.0796875
0 0.959375 0.71875 0.0625 0.06875
0 0.93828125 0.0328125 0.0765625 0.0625
0 0.09765625 0.5625 0.1015625 0.096875
0 0.37890625 0.10859375 0.1078125 0.0671875
0 0.95390625 0.35 0.0734375 0.075
0 0.3421875 0.609375 0.0875 0.08125
0 0.19453125 0.91953125 0.1046875 0.0859375
0 0.81171875 0.9625 0.0984375 0.059375
0 0.3765625 0.38671875 0.090625 0.0796875
0 0.3671875 0.9609375 0.075 0.059375
0 0.90234375 0.48125 0.0671875 0.0625
0 0.89765625 0.72265625 0.0671875 0.0640625
0 0.96328125 0.83046875 0.0578125 0.0609375
0 0.85859375 0.17265625 0.0703125 0.0765625
0 0.36640625 0.2875 0.0953125 0.08125
0 0.3546875 0.8578125 0.078125 0.08125
0 0.8859375 0.925 0.1125 0.0875
0 0.32421875 0.215625 0.1078125 0.090625
0 0.66875 0.46328125 0.103125 0.0859375
0 0.7640625 0.61640625 0.09375 0.0890625
0 0.7796875 0.11875 0.115625 0.10625
0 0.390625 0.534375 0.11875 0.09375
0 0.1671875 0.646875 0.115625 0.115625
0 0.584375 0.59609375 0.115625 0.1078125
0 0.92890625 0.25 0.1015625 0.103125
0 0.78671875 0.82578125 0.1140625 0.1046875
0 0.1453125 0.28515625 0.115625 0.1109375
0 0.221875 0.76953125 0.115625 0.0890625
0 0.0484375 0.2015625 0.09375 0.08125
0 0.12890625 0.42578125 0.0796875 0.0984375
0 0.6875 0.0296875 0.096875 0.05625
0 0.39140625 0.76015625 0.0953125 0.0828125
0 0.7953125 0.3 0.1125 0.1
0 0.19609375 0.4328125 0.0859375 0.09375
0 0.928125 0.5921875 0.109375 0.06875
