0 0.69140625 0.9609375 0.0609375 0.053125
0 0.7421875 0.82890625 0.078125 0.0578125
0 0.6203125 0.03125 0.075 0.059375
0 0.5765625 0.92734375 0.08125 0.0703125
0 0.86875 0.4890625 0.08125 0.075
0 0.48828125 0.54921875 0.0890625 0.0828125
0 0.9109375 0.671875 0.075 0.06875
0 0.87734375 0.1546875 0.0921875 0.078125
0 0.91953125 0.59140625 0.0796875 0.0734375
0 0.61875 0.334375 0.084375 0.08125
0 0.60234375 0.13125 0.0796875 0.071875
0 0.3296875 0.3859375 0.08125 0.084375
0 0.91640625 0.853125 0.0953125 0.071875
0 0.81015625 0.0453125 0.0734375 0.06875
0 0.6734375 0.128125 0.103125 0.078125
0 0.61796875 0.6609375 0.1046875 0.090625
0 0.6359375 0.415625 0.1125 0.0875
0 0.1296875 0.82578125 0.1 0.0953125
0 0.140625 0.2015625 0.134375 0.1125
0 0.340625 0.8703125 0.13125 0.115625
0 0.29609375 0.04453125 0.1078125 0.0859375
0 0.403125 0.76640625 0.121875 0.1140625
0 0.328125 0.61328125 0.134375 0.1265625
0 0.125 0.06484375 0.125 0.1046875
0 0.33046875 0.259375 0.1359375 0.1375
0 0.2984375 0.50859375 0.121875 0.0984375
0 0.1625 0.9 0.134375 0.109375
0 0.121875 0.30078125 0.103125 0.0953125
0 0.921875 0.4046875 0.1 0.103125
0 0.11953125 0.4125 0.1046875 0.090625
0 0.13515625 0.62421875 0.1109375 0.0984375
0 0.92265625 0.90625 0.1046875 0.065625
