0 0.87890625 0.20234375 0.0578125 0.0609375
0 0.4453125 0.965625 0.065625 0.05
0 0.97109375 0.090625 0.0515625 0.06875
0 0.06796875 0.3921875 0.1046875 0.1
0 0.33671875 0.57265625 0.1078125 0.0953125
0 0.51171875 0.0828125 0.1046875 0.084375
0 0.8703125 0.4 0.08125 0.075
0 0.32578125 0.45078125 0.0890625 0.0703125
0 0.9453125 0.0234375 0.078125 0.04375
0 0.084375 0.64609375 0.084375 0.1234375
0 0.08515625 0.5171875 0.0890625 0.075
0 0.8890625 0.928125 0.078125 0.0625
0 0.88203125 0.6671875 0.0953125 0.1125
0 0.896875 0.83984375 0.103125 0.0984375
0 0.9328125 0.60859375 0.090625 0.0984375
0 0.08203125 0.88671875 0.1015625 0.1015625
0 0.109375 0.77109375 0.10625 0.0953125
0 0.3265625 0.31640625 0.1125 0.1046875
0 0.55390625 0.284375 0.1203125 0.09375
0 0.5734375 0.65390625 0.11875 0.1109375
0 0.5359375 0.4609375 0.109375 0.090625
0 0.93984375 0.29296875 0.0859375 0.0734375
0 0.396875 0.73125 0.121875 0.1125
0 0.54140625 0.1703125 0.1015625 0.090625
0 0.9375 0.70859375 0.075 0.0578125
