0 0.51171875 0.10546875 0.0609375 0.0578125
0 0.46171875 0.0296875 0.0796875 0.05625
0 0.725 0.203125 0.096875 0.084375
0 0.76015625 0.48046875 0.0984375 0.0984375
0 0.8359375 0.70078125 0.096875 0.0828125
0 0.75625 0.9734375 0.05 0.053125
0 0.7625 0.34140625 0.0875 0.0734375
0 0.47265625 0.9546875 0.0890625 0.06875
0 0.1609375 0.1953125 0.06875 0.06875
0 0.54921875 0.2421875 0.0828125 0.08125
0 0.86328125 0.03828125 0.0640625 0.0609375
0 0.70234375 0.86171875 0.0765625 0.0765625
0 0.7546875 0.8296875 0.109375 0.109375
0 0.446875 0.30625 0.1 0.0875
0 0.51015625 0.54921875 0.0953125 0.0796875
0 0.16171875 0.0359375 0.0953125 0.06875
0 0.4953125 0.74296875 0.121875 0.1296875
0 0.51953125 0.46640625 0.1015625 0.0890625
0 0.1890625 0.446875 0.11875 0.1125
0 0.146875 0.5703125 0.125 0.109375
0 0.80625 0.97109375 0.059375 0.0578125
