0 0.96484375 0.8171875 0.0546875 0.059375
0 0.5046875 0.70078125 0.0875 0.0765625
0 0.0453125 0.78203125 0.0875 0.0953125
0 0.29296875 0.07578125 0.1015625 0.0921875
0 0.8265625 0.41875 0.115625 0.090625
0 0.325 0.81875 0.1 0.078125
0 0.94609375 0.64140625 0.0890625 0.0984375
0 0.94453125 0.915625 0.0984375 0.1125
0 0.57578125 0.80625 0.1046875 0.084375
0 0.1578125 0.2765625 0.084375 0.078125
0 0.12578125 0.22265625 0.0796875 0.0734375
0 0.51015625 0.15078125 0.1109375 0.1046875
0 0.51953125 0.34609375 0.1046875 0.0828125
0 0.553125 0.53359375 0.096875 0.0796875
0 0.84921875 0.740625 0.1328125 0.1125
0 0.82421875 0.59609375 0.1140625 0.1171875
0 0.27734375 0.45078125 0.0953125 0.0921875
0 0.27890625 0.93046875 0.1109375 0.0859375
0 0.84140625 0.8953125 0.1171875 0.115625
0 0.275 0.55390625 0.1 0.0828125
0 0.48515625 0.05 0.1140625 0.09375
0 0.521875 0.425 0.103125 0.084375
0 0.27890625 0.746875 0.0921875 0.084375
