0 0.89609375 0.4109375 0.0703125 0.065625
0 0.4171875 0.05078125 0.1 0.0890625
0 0.0421875 0.52578125 0.08125 0.0765625
0 0.846875 0.64453125 0.09375 0.0984375
0 0.5109375 0.94609375 0.090625 0.1046875
0 0.0984375 0.81171875 0.084375 0.0734375
0 0.0921875 0.45859375 0.08125 0.0703125
0 0.82734375 0.921875 0.1265625 0.125
0 0.34140625 0.89765625 0.1078125 0.0796875
0 0.12734375 0.925 0.0734375 0.071875
0 0.0984375 0.71953125 0.06875 0.0703125
0 0.765625 0.346875 0.0875 0.0875
0 0.7921875 0.57421875 0.090625 0.0796875
0 0.5171875 0.5953125 0.103125 0.096875
0 0.45 0.8046875 0.09375 0.090625
0 0.5671875 0.7828125 0.1375 0.103125
0 0.31875 0.38203125 0.15 0.1140625
0 0.41953125 0.59765625 0.1140625 0.1078125
0 0.7390625 0.253125 0.1125 0.09375
0 0.1125 0.18359375 0.115625 0.0890625
0 0.5296875 0.45703125 0.115625 0.1015625
0 0.54140625 0.12578125 0.1296875 0.1078125
0 0.77265625 0.446875 0.1171875 0.09375
0 0.5046875 0.25234375 0.115625 0.0953125
0 0.9609375 0.27578125 0.078125 0.0859375
0 0.95703125 0.153125 0.0796875 0.121875
