0 0.0265625 0.09453125 0.053125 0.0734375
0 0.02578125 0.83046875 0.0515625 0.0609375
0 0.02890625 0.209375 0.0578125 0.078125
0 0.87734375 0.45859375 0.0890625 0.0796875
0 0.04609375 0.55234375 0.0921875 0.0953125
0 0.56484375 0.0828125 0.1140625 0.090625
0 0.93203125 0.54609375 0.0890625 0.0765625
0 0.61875 0.17109375 0.084375 0.0765625
0 0.9078125 0.646875 0.084375 0.075
0 0.26328125 0.15703125 0.1015625 0.0953125
0 0.375 0.9625 0.071875 0.059375
0 0.93984375 0.9078125 0.0796875 0.071875
0 0.50390625 0.859375 0.0890625 0.08125
0 0.96484375 0.8046875 0.0578125 0.071875
0 0.06953125 0.8875 0.1265625 0.11875
0 0.3640625 0.71875 0.075 0.0625
0 0.934375 0.25703125 0.078125 0.0703125
0 0.5515625 0.3296875 0.10625 0.0875
0 0.525 0.16875 0.1125 0.096875
0 0.371875 0.1 0.0875 0.090625
0 0.17421875 0.084375 0.1203125 0.125
0 0.396875 0.79375 0.128125 0.109375
0 0.5625 0.50234375 0.1125 0.1046875
0 0.1921875 0.7125 0.125 0.10625
0 0.20625 0.60546875 0.11875 0.0984375
0 0.57421875 0.7390625 0.1515625 0.15
0 0.5421875 0.93203125 0.128125 0.1015625
0 0.23671875 0.91953125 0.1140625 0.1015625
0 0.22109375 0.265625 0.1328125 0.096875
0 0.403125 0.26328125 0.109375 0.0984375
0 0.52734375 0.40234375 0.1015625 0.0765625
0 0.26796875 0.40859375 0.1109375 0.0953125
0 0.61171875 0.2828125 0.0953125 0.09375
