0 0.4828125 0.025 0.06875 0.05
0 0.34375 0.55078125 0.096875 0.0890625
0 0.02890625 0.40859375 0.0578125 0.0703125
0 0.03125 0.5953125 0.0625 0.078125
0 0.5515625 0.5265625 0.08125 0.071875
0 0.3078125 0.80390625 0.096875 0.0859375
0 0.27890625 0.11640625 0.0984375 0.0828125
0 0.86328125 0.0359375 0.0796875 0.071875
0 0.9578125 0.415625 0.075 0.084375
0 0.3515625 0.26953125 0.090625 0.0859375
0 0.69375 0.19375 0.0875 0.06875
0 0.28203125 0.425 0.0890625 0.071875
0 0.03359375 0.028125 0.0671875 0.053125
0 0.8625 0.66171875 0.075 0.0765625
0 0.94921875 0.91875 0.0859375 0.0875
0 0.55859375 0.77734375 0.0765625 0.0765625
0 0.64765625 0.86953125 0.1046875 0.0765625
0 0.35703125 0.4015625 0.1015625 0.090625
0 0.48515625 0.36171875 0.1046875 0.0984375
0 0.94609375 0.56171875 0.0984375 0.0890625
0 0.55 0.61875 0.09375 0.09375
0 0.05 0.834375 0.1 0.10625
0 0.39921875 0.03671875 0.0984375 0.0734375
0 0.06015625 0.503125 0.1171875 0.109375
0 0.034375 0.71484375 0.06875 0.0953125
0 0.35703125 0.9015625 0.0984375 0.0875
0 0.94765625 0.7796875 0.0984375 0.103125
0 0.6125 0.725 0.10625 0.08125
0 0.90625 0.125 0.109375 0.103125
0 0.4875 0.1890625 0.10625 0.1
0 0.31015625 0.68515625 0.1046875 0.0921875
0 0.02734375 0.9484375 0.0546875 0.071875
