0 0.140625 0.34375 0.096875 0.084375
0 0.50546875 0.490625 0.0921875 0.090625
0 0.31640625 0.871875 0.0828125 0.078125
0 0.31328125 0.7953125 0.0828125 0.065625
0 0.0390625 0.86015625 0.075 0.0828125
0 0.50703125 0.353125 0.0828125 0.078125
0 0.7265625 0.6734375 0.09375 0.0875
0 0.5171875 0.59609375 0.0625 0.0609375
0 0.90625 0.5953125 0.08125 0.0625
0 0.29921875 0.64609375 0.0796875 0.0765625
0 0.03046875 0.42265625 0.0578125 0.0796875
0 0.51484375 0.875 0.0953125 0.0875
0 0.6578125 0.5515625 0.09375 0.08125
0 0.79921875 0.45625 0.0796875 0.075
0 0.88359375 0.2828125 0.0828125 0.075
0 0.90859375 0.084375 0.0765625 0.065625
0 0.78203125 0.57578125 0.0734375 0.0703125
0 0.2921875 0.2046875 0.084375 0.075
0 0.51328125 0.27734375 0.0640625 0.0640625
0 0.7875 0.0640625 0.078125 0.065625
0 0.825 0.94375 0.06875 0.0625
0 0.91171875 0.82578125 0.0765625 0.0609375
0 0.50625 0.6875 0.065625 0.059375
0 0.884375 0.14296875 0.0875 0.0734375
0 0.0328125 0.76015625 0.0625 0.0703125
0 0.88984375 0.73125 0.0859375 0.08125
0 0.69921875 0.15625 0.1015625 0.084375
0 0.5296875 0.796875 0.075 0.059375
