0 0.59375 0.02421875 0.0625 0.0484375
0 0.9375 0.0265625 0.090625 0.053125
0 0.96171875 0.21328125 0.0671875 0.1015625
0 0.1625 0.04921875 0.096875 0.0765625
0 0.43515625 0.95703125 0.1171875 0.0734375
0 0.44375 0.45859375 0.103125 0.0796875
0 0.60703125 0.45 0.0890625 0.08125
0 0.22734375 0.75 0.1046875 0.09375
0 0.6375 0.3796875 0.078125 0.06875
0 0.24375 0.45390625 0.078125 0.0796875
0 0.959375 0.9578125 0.071875 0.065625
0 0.9640625 0.31640625 0.059375 0.0734375
0 0.965625 0.83203125 0.0625 0.0859375
0 0.0265625 0.525 0.053125 0.071875
0 0.9578125 0.715625 0.075 0.090625
0 0.21875 0.27421875 0.06875 0.0609375
0 0.6328125 0.79296875 0.11875 0.1109375
0 0.0765625 0.67265625 0.071875 0.0609375
0 0.3609375 0.053125 0.090625 0.078125
0 0.221875 0.58984375 0.06875 0.0578125
0 0.4171875 0.61171875 0.11875 0.0890625
0 0.43984375 0.68515625 0.1140625 0.0921875
0 0.6171875 0.11015625 0.115625 0.1203125
0 0.3875 0.14453125 0.121875 0.1046875
0 0.690625 0.27421875 0.125 0.1203125
0 0.62265625 0.55390625 0.1046875 0.0953125
0 0.40859375 0.2578125 0.1171875 0.1
0 0.21796875 0.95625 0.0953125 0.078125
0 0.95625 0.415625 0.078125 0.090625
0 0.68203125 0.6953125 0.1140625 0.1
0 0.4453125 0.3703125 0.115625 0.10625
0 0.61171875 0.9390625 0.1046875 0.09375
0 0.034375 0.365625 0.06875 0.084375
0 0.428125 0.86875 0.109375 0.096875
