0 0.30234375 0.94453125 0.0765625 0.0640625
0 0.6140625 0.028125 0.09375 0.05625
0 0.9390625 0.2703125 0.06875 0.059375
0 0.8375 0.5203125 0.0875 0.0625
0 0.62578125 0.95078125 0.0734375 0.0671875
0 0.0375 0.20078125 0.075 0.1015625
0 0.06328125 0.475 0.1015625 0.090625
0 0.12890625 0.45625 0.1140625 0.0875
0 0.89140625 0.2203125 0.1234375 0.090625
0 0.696875 0.94375 0.103125 0.09375
0 0.3296875 0.40859375 0.109375 0.0921875
0 0.571875 0.19609375 0.103125 0.0921875
0 0.5921875 0.428125 0.1 0.090625
0 0.58671875 0.3046875 0.1140625 0.09375
0 0.32578125 0.5546875 0.1234375 0.1125
0 0.06640625 0.0765625 0.1203125 0.115625
0 0.278125 0.19453125 0.128125 0.1046875
0 0.2921875 0.0390625 0.1125 0.078125
0 0.0984375 0.92890625 0.115625 0.1109375
0 0.271875 0.39609375 0.090625 0.0890625
0 0.61015625 0.5390625 0.1453125 0.11875
0 0.8625 0.9484375 0.121875 0.090625
0 0.84296875 0.07734375 0.1171875 0.0953125
