0 0.2265625 0.2234375 0.071875 0.059375
0 0.725 0.35390625 0.10625 0.0921875
0 0.9625 0.36875 0.0625 0.08125
0 0.4171875 0.7875 0.09375 0.071875
0 0.1609375 0.60625 0.08125 0.06875
0 0.7390625 0.609375 0.109375 0.08125
0 0.815625 0.79921875 0.11875 0.0921875
0 0.47265625 0.86875 0.0921875 0.09375
0 0.21015625 0.5328125 0.0734375 0.065625
0 0.71640625 0.51328125 0.1078125 0.1015625
0 0.759375 0.728125 0.1 0.0875
0 0.475 0.621875 0.13125 0.090625
0 0.70546875 0.15234375 0.0984375 0.0828125
0 0.7390625 0.034375 0.10625 0.065625
0 0.20625 0.89375 0.078125 0.090625
