0 0.96953125 0.29453125 0.0484375 0.0609375
0 0.16015625 0.9625 0.0984375 0.0625
0 0.17265625 0.55625 0.1109375 0.096875
0 0.91171875 0.78046875 0.0828125 0.0765625
0 0.846875 0.69375 0.090625 0.078125
0 0.8734375 0.734375 0.084375 0.071875
0 0.121875 0.80390625 0.09375 0.0890625
0 0.9453125 0.8328125 0.090625 0.096875
0 0.6125 0.93046875 0.115625 0.1015625
0 0.1546875 0.33828125 0.096875 0.0984375
0 0.55234375 0.415625 0.1203125 0.1
0 0.946875 0.38046875 0.0875 0.0921875
0 0.18203125 0.75859375 0.1140625 0.1015625
0 0.19375 0.634375 0.10625 0.08125
0 0.578125 0.815625 0.134375 0.103125
0 0.66015625 0.56875 0.1328125 0.13125
0 0.06953125 0.4015625 0.1046875 0.090625
0 0.5890625 0.69609375 0.121875 0.1203125
0 0.5734375 0.32265625 0.128125 0.1140625
