0 0.74765625 0.109375 0.0828125 0.075
0 0.5125 0.78046875 0.078125 0.0796875
0 0.88828125 0.7109375 0.0859375 0.075
0 0.07109375 0.065625 0.0828125 0.08125
0 0.7828125 0.3015625 0.071875 0.08125
0 0.56015625 0.0453125 0.0828125 0.078125
0 0.3921875 0.696875 0.075 0.078125
0 0.81953125 0.4546875 0.0734375 0.065625
0 0.15625 0.559375 0.0875 0.0875
0 0.8953125 0.78671875 0.078125 0.0640625
0 0.87890625 0.57890625 0.0796875 0.0546875
0 0.21484375 0.84375 0.0765625 0.075
0 0.1421875 0.1875 0.11875 0.1125
0 0.13125 0.8390625 0.10625 0.103125
0 0.1265625 0.93359375 0.10625 0.0953125
0 0.49921875 0.19921875 0.1140625 0.0921875
0 0.090625 0.5125 0.1125 0.10625
0 0.4875 0.2953125 0.096875 0.096875
0 0.378125 0.19609375 0.1 0.0984375
0 0.853125 0.0984375 0.09375 0.0875
0 0.58125 0.65 0.10625 0.084375
0 0.125 0.3296875 0.121875 0.103125
0 0.54296875 0.559375 0.1046875 0.090625
0 0.17109375 0.7125 0.1140625 0.1
0 0.5078125 0.4234375 0.121875 0.1
0 0.54609375 0.90234375 0.1171875 0.1109375
