0 0.0953125 0.14140625 0.09375 0.0984375
0 0.80703125 0.4953125 0.1015625 0.11875
0 0.30703125 0.640625 0.0953125 0.08125
0 0.80234375 0.0390625 0.0765625 0.06875
0 0.80234375 0.38515625 0.0796875 0.0765625
0 0.10078125 0.45390625 0.0890625 0.0796875
0 0.0515625 0.07109375 0.090625 0.0796875
0 0.525 0.1515625 0.1125 0.1
0 0.59375 0.91484375 0.1 0.0921875
0 0.7734375 0.1359375 0.103125 0.08125
0 0.5953125 0.70078125 0.08125 0.0828125
0 0.76953125 0.30078125 0.1015625 0.0921875
0 0.59765625 0.46015625 0.1046875 0.0828125
0 0.6140625 0.778125 0.109375 0.0875
0 0.54453125 0.28046875 0.1015625 0.0921875
0 0.5671875 0.0375 0.084375 0.071875
0 0.6109375 0.54296875 0.10625 0.0921875
