0 0.89453125 0.38671875 0.0828125 0.0765625
0 0.61171875 0.77890625 0.1015625 0.0953125
0 0.921875 0.78828125 0.08125 0.0796875
0 0.603125 0.23046875 0.0875 0.0890625
0 0.42890625 0.2171875 0.0984375 0.090625
0 0.0390625 0.32421875 0.078125 0.0734375
0 0.57265625 0.578125 0.0984375 0.09375
0 0.40546875 0.0234375 0.0796875 0.046875
0 0.21640625 0.54296875 0.0734375 0.0828125
0 0.60703125 0.89609375 0.0859375 0.0765625
0 0.47421875 0.490625 0.0703125 0.0625
0 0.928125 0.3109375 0.06875 0.0625
0 0.4796875 0.7234375 0.065625 0.059375
0 0.47734375 0.9 0.0640625 0.071875
0 0.86640625 0.16796875 0.0890625 0.0703125
0 0.62578125 0.43046875 0.1109375 0.1140625
0 0.2203125 0.41640625 0.103125 0.0921875
0 0.22421875 0.29140625 0.1140625 0.0890625
0 0.91171875 0.57109375 0.0953125 0.0953125
0 0.93125 0.90546875 0.09375 0.0859375
0 0.19453125 0.94921875 0.0984375 0.0796875
0 0.15703125 0.86640625 0.1171875 0.1046875
0 0.20703125 0.0765625 0.1078125 0.10625
0 0.20625 0.70625 0.11875 0.115625
0 0.63828125 0.11796875 0.1078125 0.0953125
