0 0.1265625 0.1546875 0.075 0.059375
0 0.66015625 0.625 0.0671875 0.065625
0 0.61796875 0.0671875 0.0796875 0.071875
0 0.35859375 0.6296875 0.0984375 0.0875
0 0.1953125 0.6296875 0.09375 0.0875
0 0.16796875 0.7671875 0.0921875 0.078125
0 0.8203125 0.5078125 0.084375 0.078125
0 0.39765625 0.53203125 0.0765625 0.0734375
0 0.16328125 0.890625 0.0890625 0.090625
0 0.3625 0.21640625 0.071875 0.0734375
0 0.8125 0.12734375 0.0875 0.0703125
0 0.171875 0.47109375 0.078125 0.0671875
0 0.1921875 0.32890625 0.065625 0.0578125
0 0.7765625 0.93984375 0.1 0.0953125
0 0.79140625 0.62890625 0.1140625 0.0890625
0 0.83046875 0.221875 0.1203125 0.10625
0 0.80625 0.734375 0.128125 0.125
0 0.4046875 0.73359375 0.090625 0.0859375
0 0.84375 0.88046875 0.10625 0.0921875
0 0.8328125 0.0328125 0.109375 0.0625
0 0.38359375 0.42265625 0.0796875 0.0984375
0 0.384375 0.87109375 0.1 0.0859375
0 0.3953125 0.3015625 0.1 0.078125
0 0.1453125 0.053125 0.078125 0.096875
0 0.39609375 0.0421875 0.0671875 0.0625
0 0.38984375 0.1296875 0.0640625 0.05625
0 0.61015625 0.14765625 0.0828125 0.0890625
0 0.8203125 0.39609375 0.075 0.0734375
