0 0.3859375 0.44609375 0.0625 0.0515625
0 0.69921875 0.85703125 0.0640625 0.0578125
0 0.40078125 0.26875 0.0859375 0.075
0 0.93984375 0.5296875 0.0921875 0.0875
0 0.475 0.7203125 0.090625 0.075
0 0.66484375 0.3171875 0.0828125 0.071875
0 0.621875 0.6421875 0.075 0.071875
0 0.9578125 0.30390625 0.065625 0.0765625
0 0.6703125 0.93359375 0.090625 0.0703125
0 0.1375 0.71484375 0.09375 0.0890625
0 0.128125 0.96171875 0.090625 0.0671875
0 0.13046875 0.27109375 0.0953125 0.0890625
0 0.1203125 0.45390625 0.0875 0.0828125
0 0.65625 0.759375 0.078125 0.09375
0 0.43125 0.4890625 0.0625 0.0625
0 0.44765625 0.66796875 0.0578125 0.0578125
0 0.3359375 0.9140625 0.09375 0.071875
0 0.70390625 0.4546875 0.1015625 0.09375
0 0.0890625 0.81796875 0.09375 0.0796875
0 0.11328125 0.56953125 0.0953125 0.0984375
0 0.0671875 0.37890625 0.096875 0.0859375
0 0.5765625 0.8125 0.04375 0.059375
