0 0.54296875 0.02890625 0.0796875 0.0578125
0 0.39765625 0.44921875 0.1046875 0.0984375
0 0.13828125 0.46171875 0.0796875 0.0734375
0 0.359375 0.346875 0.090625 0.078125
0 0.37109375 0.25703125 0.0734375 0.0734375
0 0.3546875 0.89453125 0.08125 0.0734375
0 0.76484375 0.13828125 0.0859375 0.0828125
0 0.69140625 0.40625 0.0828125 0.103125
0 0.07421875 0.115625 0.1078125 0.09375
0 0.76171875 0.37265625 0.1109375 0.0984375
0 0.76953125 0.559375 0.1265625 0.115625
0 0.74765625 0.25625 0.1140625 0.1
0 0.88984375 0.9390625 0.0984375 0.090625
0 0.06328125 0.3296875 0.1203125 0.109375
0 0.36328125 0.03359375 0.1046875 0.0671875
0 0.58203125 0.81640625 0.1234375 0.0953125
0 0.73046875 0.028125 0.1046875 0.05625
