0 0.528125 0.94609375 0.08125 0.0765625
0 0.7546875 0.83671875 0.1 0.0921875
0 0.45546875 0.428125 0.0828125 0.075
0 0.4734375 0.65625 0.10625 0.0875
0 0.6734375 0.47109375 0.090625 0.0859375
0 0.671875 0.2703125 0.090625 0.075
0 0.69921875 0.128125 0.0953125 0.0875
0 0.1375 0.0328125 0.1 0.0625
0 0.6546875 0.70859375 0.090625 0.0828125
0 0.83359375 0.6453125 0.0828125 0.08125
0 0.4796875 0.58828125 0.090625 0.0703125
0 0.70625 0.58046875 0.090625 0.0828125
0 0.50078125 0.1625 0.0828125 0.071875
0 0.48984375 0.78984375 0.0890625 0.0921875
0 0.48203125 0.23203125 0.0859375 0.0765625
0 0.36796875 0.4296875 0.0859375 0.08125
0 0.96484375 0.05703125 0.0609375 0.0734375
0 0.7328125 0.0296875 0.0875 0.05625
0 0.03046875 0.78515625 0.0578125 0.0734375
0 0.2234375 0.95 0.10625 0.084375
0 0.20390625 0.75234375 0.1203125 0.0890625
0 0.7046875 0.93828125 0.1 0.0921875
0 0.1359375 0.2375 0.10625 0.103125
0 0.034375 0.90546875 0.065625 0.1109375
0 0.1390625 0.13125 0.125 0.1
0 0.16328125 0.665625 0.1328125 0.109375
0 0.184375 0.87734375 0.125 0.1109375
0 0.17578125 0.41015625 0.1265625 0.1328125
