0 0.4875 0.03046875 0.078125 0.0609375
0 0.72421875 0.0328125 0.0765625 0.065625
0 0.1140625 0.2640625 0.0875 0.08125
0 0.575 0.48125 0.10625 0.090625
0 0.78125 0.5734375 0.103125 0.0875
0 0.53671875 0.25703125 0.0921875 0.0953125
0 0.5703125 0.94453125 0.103125 0.0890625
0 0.79140625 0.31171875 0.0921875 0.0859375
0 0.79453125 0.715625 0.0890625 0.090625
0 0.8140625 0.09609375 0.084375 0.0796875
0 0.12421875 0.38359375 0.0765625 0.0734375
0 0.09765625 0.04140625 0.0984375 0.0765625
0 0.2171875 0.37109375 0.13125 0.1046875
0 0.76640625 0.85234375 0.1015625 0.0828125
0 0.215625 0.2484375 0.115625 0.109375
0 0.72734375 0.26640625 0.1078125 0.0953125
0 0.2234375 0.6203125 0.109375 0.1
0 0.2734375 0.49921875 0.109375 0.0984375
0 0.51953125 0.64921875 0.1171875 0.1078125
0 0.6328125 0.79609375 0.10625 0.0890625
0 0.21953125 0.7625 0.1171875 0.109375
0 0.73359375 0.40390625 0.0984375 0.0921875
0 0.18828125 0.065625 0.1390625 0.10625
0 0.46640625 0.13359375 0.1015625 0.0796875
0 0.72578125 0.94609375 0.0984375 0.0890625
0 0.36796875 0.87109375 0.1359375 0.1015625
