0 0.67734375 0.025 0.0703125 0.046875
0 0.06796875 0.6203125 0.0921875 0.0875
0 0.325 0.91484375 0.0875 0.0796875
0 0.31875 0.4359375 0.09375 0.078125
0 0.24140625 0.1859375 0.0890625 0.08125
0 0.2609375 0.63046875 0.096875 0.0921875
0 0.025 0.065625 0.05 0.084375
0 0.7375 0.65703125 0.0875 0.0796875
0 0.24609375 0.103125 0.0890625 0.075
0 0.96953125 0.31328125 0.0546875 0.0671875
0 0.73203125 0.4546875 0.1265625 0.090625
0 0.2859375 0.76875 0.0625 0.06875
0 0.03515625 0.621875 0.0671875 0.0875
0 0.7359375 0.82890625 0.11875 0.0953125
0 0.3390625 0.7734375 0.09375 0.071875
0 0.24609375 0.28203125 0.1046875 0.0890625
0 0.728125 0.55234375 0.103125 0.0859375
0 0.69296875 0.4390625 0.1296875 0.103125
0 0.07265625 0.7828125 0.0921875 0.08125
0 0.246875 0.54140625 0.0875 0.0828125
0 0.04453125 0.36953125 0.0796875 0.0671875
0 0.7484375 0.25703125 0.115625 0.1078125
0 0.640625 0.0859375 0.109375 0.090625
0 0.04140625 0.4765625 0.0828125 0.084375
