0 0.92421875 0.95 0.0578125 0.05
0 0.478125 0.6234375 0.065625 0.0625
0 0.53515625 0.96171875 0.0703125 0.0546875
0 0.50078125 0.28125 0.0765625 0.06875
0 0.7015625 0.36171875 0.078125 0.0828125
0 0.66875 0.46171875 0.0625 0.0671875
0 0.15390625 0.2640625 0.0734375 0.059375
0 0.909375 0.8578125 0.0875 0.078125
0 0.509375 0.69375 0.090625 0.084375
0 0.41640625 0.546875 0.0796875 0.078125
0 0.9296875 0.58671875 0.090625 0.0796875
0 0.75234375 0.9125 0.0890625 0.0875
0 0.72578125 0.65703125 0.0765625 0.0765625
0 0.48671875 0.4953125 0.0828125 0.078125
0 0.66953125 0.228125 0.0921875 0.103125
0 0.915625 0.35625 0.096875 0.09375
0 0.665625 0.57421875 0.109375 0.0953125
0 0.67265625 0.796875 0.1015625 0.0875
