0 0.55859375 0.090625 0.0796875 0.0625
0 0.45546875 0.02578125 0.0984375 0.0484375
0 0.7234375 0.090625 0.09375 0.090625
0 0.221875 0.11953125 0.090625 0.0703125
0 0.49921875 0.40078125 0.0859375 0.0890625
0 0.04921875 0.74765625 0.0671875 0.0578125
0 0.53125 0.71484375 0.109375 0.0984375
0 0.359375 0.17734375 0.0875 0.0734375
0 0.9671875 0.85078125 0.05625 0.0640625
0 0.934375 0.11796875 0.1 0.0984375
0 0.95078125 0.2203125 0.0921875 0.10625
0 0.34140625 0.31328125 0.1015625 0.0921875
0 0.32578125 0.7734375 0.0984375 0.090625
0 0.80859375 0.821875 0.1140625 0.1
0 0.82578125 0.92578125 0.1171875 0.1078125
0 0.7453125 0.3171875 0.125 0.1125
0 0.54921875 0.265625 0.1140625 0.09375
0 0.94453125 0.33828125 0.1015625 0.1203125
0 0.7375 0.21875 0.090625 0.09375
