0 0.659375 0.384375 0.05 0.046875
0 0.4921875 0.1171875 0.065625 0.053125
0 0.9734375 0.06953125 0.053125 0.0953125
0 0.203125 0.16796875 0.1 0.0953125
0 0.5 0.0265625 0.06875 0.05
0 0.1171875 0.7890625 0.09375 0.084375
0 0.25546875 0.35859375 0.1015625 0.0703125
0 0.72578125 0.50703125 0.0859375 0.0765625
0 0.52109375 0.59609375 0.0828125 0.0828125
0 0.7328125 0.853125 0.06875 0.075
0 0.725 0.2171875 0.08125 0.071875
0 0.51953125 0.9546875 0.0921875 0.090625
0 0.70234375 0.58984375 0.0671875 0.0671875
0 0.11875 0.2875 0.065625 0.0625
0 0.221875 0.55625 0.096875 0.146875
0 0.19375 0.29375 0.109375 0.1
0 0.4765625 0.7046875 0.103125 0.0875
0 0.69453125 0.67734375 0.0890625 0.0859375
0 0.1328125 0.453125 0.11875 0.1125
0 0.5328125 0.50078125 0.09375 0.0921875
0 0.08359375 0.1921875 0.1140625 0.11875
0 0.0875 0.6625 0.11875 0.09375
0 0.13125 0.5609375 0.103125 0.09375
0 0.16640625 0.04140625 0.0859375 0.0796875
0 0.11640625 0.03671875 0.0828125 0.0703125
