0 0.47265625 0.02421875 0.0734375 0.0484375
0 0.79453125 0.1203125 0.0890625 0.084375
0 0.8625 0.534375 0.11875 0.08125
0 0.08984375 0.60234375 0.1046875 0.0890625
0 0.115625 0.1859375 0.084375 0.084375
0 0.125 0.80859375 0.090625 0.0765625
0 0.12265625 0.94609375 0.0796875 0.0703125
0 0.56171875 0.6125 0.1078125 0.103125
0 0.3578125 0.04921875 0.06875 0.0734375
0 0.40859375 0.68671875 0.0640625 0.0640625
0 0.57109375 0.9421875 0.1046875 0.0875
0 0.09296875 0.05625 0.0671875 0.0625
0 0.36953125 0.58203125 0.0703125 0.0609375
0 0.55390625 0.765625 0.1015625 0.090625
0 0.065625 0.73359375 0.09375 0.0828125
0 0.4296875 0.8640625 0.121875 0.103125
0 0.31953125 0.92109375 0.0921875 0.0890625
