0 0.740625 0.3796875 0.05625 0.046875
0 0.78125 0.4859375 0.065625 0.065625
0 0.12734375 0.0359375 0.0859375 0.06875
0 0.2109375 0.10078125 0.1 0.0890625
0 0.51171875 0.39375 0.0859375 0.078125
0 0.53515625 0.26640625 0.0984375 0.1015625
0 0.7546875 0.9578125 0.0875 0.065625
0 0.51875 0.74375 0.1125 0.084375
0 0.73125 0.31796875 0.075 0.0828125
0 0.5546875 0.5 0.053125 0.0625
0 0.75234375 0.7609375 0.0953125 0.08125
0 0.18203125 0.74609375 0.0953125 0.0984375
0 0.240625 0.6265625 0.10625 0.09375
0 0.24609375 0.2734375 0.0984375 0.090625
0 0.75234375 0.6203125 0.0890625 0.0875
0 0.14296875 0.28125 0.1109375 0.109375
0 0.55859375 0.6453125 0.1046875 0.09375
0 0.55625 0.15234375 0.09375 0.0984375
0 0.09296875 0.10078125 0.1046875 0.1015625
0 0.2796875 0.8328125 0.140625 0.125
0 0.85546875 0.87109375 0.0484375 0.0609375
