0 0.39765625 0.02421875 0.0640625 0.0453125
0 0.659375 0.190625 0.075 0.065625
0 0.96484375 0.06328125 0.0640625 0.0859375
0 0.14765625 0.846875 0.0671875 0.059375
0 0.459375 0.2765625 0.0875 0.075
0 0.32265625 0.21875 0.0921875 0.071875
0 0.4421875 0.41328125 0.103125 0.0921875
0 0.6 0.50234375 0.0875 0.0890625
0 0.825 0.190625 0.096875 0.09375
0 0.6328125 0.81640625 0.109375 0.0984375
0 0.84609375 0.4171875 0.1234375 0.1125
0 0.64921875 0.36484375 0.1140625 0.0953125
0 0.55859375 0.09296875 0.1046875 0.0921875
0 0.909375 0.92265625 0.115625 0.1046875
0 0.425 0.8734375 0.1 0.090625
0 0.82890625 0.0765625 0.0640625 0.06875
