0 0.9359375 0.97578125 0.059375 0.0390625
0 0.271875 0.3453125 0.0625 0.053125
0 0.925 0.06171875 0.065625 0.0578125
0 0.03828125 0.26328125 0.0640625 0.0640625
0 0.64296875 0.29765625 0.0609375 0.0640625
0 0.02890625 0.8515625 0.0546875 0.065625
0 0.06484375 0.1609375 0.0703125 0.0625
0 0.24765625 0.03046875 0.0796875 0.0578125
0 0.26171875 0.9234375 0.0921875 0.075
0 0.2765625 0.690625 0.08125 0.065625
0 0.0375 0.396875 0.071875 0.06875
0 0.63828125 0.73125 0.0671875 0.06875
0 0.275 0.459375 0.1 0.08125
0 0.6859375 0.628125 0.071875 0.065625
0 0.9171875 0.51640625 0.08125 0.0734375
0 0.23671875 0.1171875 0.0734375 0.071875
0 0.25859375 0.6015625 0.0796875 0.065625
0 0.32109375 0.834375 0.0859375 0.078125
0 0.9546875 0.759375 0.075 0.0875
0 0.55234375 0.8828125 0.0828125 0.08125
0 0.0515625 0.9515625 0.078125 0.071875
0 0.5171875 0.75859375 0.090625 0.0859375
0 0.07265625 0.81015625 0.0734375 0.0640625
0 0.93828125 0.875 0.0734375 0.075
0 0.93125 0.67109375 0.0875 0.0703125
0 0.04609375 0.73671875 0.0671875 0.0765625
0 0.47578125 0.2203125 0.0828125 0.065625
0 0.43671875 0.2953125 0.0796875 0.08125
0 0.0265625 0.525 0.05 0.06875
0 0.03203125 0.640625 0.0609375 0.075
0 0.64296875 0.4921875 0.0671875 0.053125
0 0.56015625 0.17421875 0.0921875 0.0796875
0 0.94140625 0.290625 0.1015625 0.0875
0 0.2703125 0.25390625 0.1 0.0953125
0 0.49609375 0.62890625 0.0703125 0.0796875
