0 0.82734375 0.046875 0.0515625 0.040625
0 0.978125 0.28046875 0.040625 0.0671875
0 0.43515625 0.065625 0.0609375 0.05625
0 0.68359375 0.7140625 0.0828125 0.078125
0 0.4953125 0.71640625 0.078125 0.0734375
0 0.48046875 0.93984375 0.0953125 0.0765625
0 0.43515625 0.36171875 0.0734375 0.0828125
0 0.66171875 0.9046875 0.0859375 0.078125
0 0.47578125 0.47578125 0.0640625 0.0640625
0 0.13671875 0.9515625 0.0640625 0.059375
0 0.6390625 0.453125 0.08125 0.078125
0 0.6125 0.27421875 0.08125 0.0734375
0 0.39375 0.16953125 0.084375 0.0859375
0 0.6546875 0.02890625 0.078125 0.0546875
0 0.64609375 0.21484375 0.0953125 0.0828125
0 0.64609375 0.61171875 0.0671875 0.0734375
0 0.9390625 0.9234375 0.090625 0.075
0 0.453125 0.60859375 0.0875 0.0921875
0 0.071875 0.18359375 0.0625 0.0578125
0 0.490625 0.8234375 0.090625 0.1125
0 0.63984375 0.10859375 0.0578125 0.0515625
