0 0.18046875 0.36953125 0.0796875 0.0671875
0 0.1734375 0.30078125 0.09375 0.0734375
0 0.6984375 0.9328125 0.09375 0.08125
0 0.17578125 0.46171875 0.0828125 0.0671875
0 0.625 0.175 0.09375 0.09375
0 0.46328125 0.91953125 0.0703125 0.0640625
0 0.459375 0.14296875 0.10625 0.0796875
0 0.19375 0.0546875 0.096875 0.075
0 0.51640625 0.4984375 0.0859375 0.071875
0 0.4625 0.27890625 0.09375 0.0953125
0 0.60859375 0.38203125 0.1296875 0.1265625
0 0.21171875 0.59140625 0.1234375 0.1234375
0 0.1921875 0.171875 0.08125 0.078125
