0 0.12890625 0.615625 0.0671875 0.0625
0 0.0375 0.79609375 0.071875 0.0734375
0 0.03828125 0.3109375 0.0578125 0.05625
0 0.85 0.65 0.1 0.0875
0 0.5640625 0.4609375 0.1 0.078125
0 0.10703125 0.059375 0.0921875 0.08125
0 0.7734375 0.26328125 0.0875 0.0703125
0 0.815625 0.15703125 0.08125 0.0796875
0 0.44609375 0.08828125 0.1171875 0.0984375
0 0.95078125 0.8390625 0.0671875 0.06875
0 0.33359375 0.68984375 0.0953125 0.0734375
0 0.5171875 0.2515625 0.084375 0.075
0 0.08984375 0.51328125 0.0671875 0.0828125
0 0.86484375 0.51875 0.0609375 0.05625
0 0.55859375 0.9609375 0.0953125 0.059375
0 0.08203125 0.86171875 0.0703125 0.0734375
0 0.57265625 0.73359375 0.0953125 0.0984375
0 0.83203125 0.38828125 0.0796875 0.0796875
0 0.5 0.38125 0.096875 0.0875
0 0.071875 0.26328125 0.084375 0.0734375
0 0.06328125 0.2 0.0796875 0.0625
