0 0.23125 0.9703125 0.071875 0.046875
0 0.79921875 0.584375 0.0921875 0.0875
0 0.52734375 0.2828125 0.0859375 0.08125
0 0.22578125 0.0625 0.1015625 0.084375
0 0.74140625 0.12421875 0.0890625 0.0859375
0 0.8625 0.18359375 0.090625 0.0765625
0 0.2421875 0.23046875 0.096875 0.0859375
0 0.5828125 0.13046875 0.075 0.0703125
0 0.8421875 0.92265625 0.075 0.0703125
0 0.67734375 0.83203125 0.0890625 0.0828125
0 0.61328125 0.65625 0.0828125 0.078125
0 0.296875 0.90625 0.0875 0.0875
0 0.6453125 0.51015625 0.0875 0.0671875
0 0.7875 0.49140625 0.06875 0.0671875
0 0.89296875 0.75546875 0.0703125 0.0671875
0 0.26171875 0.459375 0.0859375 0.06875
0 0.83828125 0.3203125 0.0734375 0.078125
0 0.61015625 0.41953125 0.0640625 0.0671875
0 0.06796875 0.05859375 0.0671875 0.0703125
0 0.59921875 0.4734375 0.0609375 0.05625
0 0.23046875 0.325 0.0984375 0.096875
0 0.18359375 0.54296875 0.0984375 0.0921875
0 0.59609375 0.7484375 0.1046875 0.0875
0 0.80234375 0.42421875 0.0984375 0.0765625
0 0.21640625 0.7921875 0.1046875 0.096875
0 0.81328125 0.85625 0.0859375 0.08125
0 0.10078125 0.50390625 0.0796875 0.0859375
0 0.26328125 0.70625 0.1078125 0.0875
