0 0.96640625 0.96875 0.0546875 0.05
0 0.97109375 0.73671875 0.0515625 0.0734375
0 0.034375 0.959375 0.065625 0.0625
0 0.20625 0.76171875 0.05625 0.0515625
0 0.9671875 0.26640625 0.05 0.0703125
0 0.07734375 0.83125 0.0984375 0.08125
0 0.5546875 0.9703125 0.078125 0.046875
0 0.790625 0.321875 0.103125 0.084375
0 0.3578125 0.071875 0.084375 0.075
0 0.81640625 0.85625 0.0890625 0.084375
0 0.25859375 0.84140625 0.0703125 0.0640625
0 0.96171875 0.03125 0.0578125 0.05625
0 0.65625 0.134375 0.121875 0.09375
0 0.91796875 0.30703125 0.0984375 0.0828125
0 0.77421875 0.70234375 0.1109375 0.0984375
0 0.97734375 0.64375 0.0453125 0.078125
