0 0.828125 0.20859375 0.071875 0.0640625
0 0.83046875 0.8046875 0.0921875 0.0875
0 0.82265625 0.6890625 0.0828125 0.08125
0 0.79453125 0.28671875 0.0828125 0.0765625
0 0.0921875 0.02734375 0.09375 0.0515625
0 0.95 0.24296875 0.08125 0.0890625
0 0.51171875 0.67890625 0.1015625 0.0953125
0 0.11796875 0.31640625 0.1015625 0.0921875
0 0.9484375 0.0703125 0.0875 0.09375
0 0.52421875 0.35625 0.1109375 0.109375
0 0.5078125 0.79609375 0.084375 0.0765625
0 0.11640625 0.44296875 0.0734375 0.0828125
0 0.8109375 0.4703125 0.090625 0.090625
0 0.90234375 0.44765625 0.0828125 0.0765625
0 0.47421875 0.4796875 0.0984375 0.096875
0 0.37421875 0.38984375 0.0703125 0.0609375
0 0.765625 0.0671875 0.0875 0.065625
0 0.10859375 0.95703125 0.0984375 0.0734375
0 0.37734375 0.79921875 0.0609375 0.0734375
0 0.915625 0.953125 0.08125 0.059375
0 0.378125 0.621875 0.065625 0.059375
0 0.32890625 0.11796875 0.1015625 0.0921875
0 0.09140625 0.85625 0.1078125 0.09375
0 0.50390625 0.13046875 0.0890625 0.0921875
0 0.125 0.190625 0.109375 0.0875
0 0.53984375 0.0328125 0.1015625 0.0625
0 0.06015625 0.76875 0.1140625 0.103125
0 0.1046875 0.60546875 0.121875 0.1171875
0 0.5578125 0.9140625 0.121875 0.103125
0 0.4890625 0.278125 0.1 0.090625
