0 0.02265625 0.946875 0.0421875 0.059375
0 0.234375 0.31484375 0.08125 0.0578125
0 0.346875 0.8796875 0.065625 0.05625
0 0.61875 0.7890625 0.09375 0.084375
0 0.5359375 0.528125 0.075 0.0625
0 0.93984375 0.70859375 0.1046875 0.1046875
0 0.14375 0.9546875 0.065625 0.0625
0 0.071875 0.253125 0.084375 0.078125
0 0.0765625 0.7515625 0.1 0.1
0 0.409375 0.78671875 0.08125 0.0828125
0 0.09765625 0.4265625 0.0796875 0.084375
0 0.93359375 0.95625 0.0890625 0.05625
0 0.59609375 0.62421875 0.0734375 0.0859375
0 0.7078125 0.44765625 0.0875 0.0984375
0 0.06640625 0.875 0.1078125 0.10625
0 0.41953125 0.47734375 0.1109375 0.0890625
0 0.0484375 0.56484375 0.0875 0.0953125
0 0.58203125 0.23984375 0.1078125 0.1046875
0 0.0359375 0.6625 0.06875 0.08125
0 0.88671875 0.6125 0.1234375 0.125
0 0.896875 0.3828125 0.121875 0.0875
0 0.9265625 0.87578125 0.121875 0.1046875
0 0.8375 0.2515625 0.134375 0.10625
0 0.628125 0.93984375 0.071875 0.1046875
0 0.890625 0.47578125 0.103125 0.0859375
