0 0.3796875 0.0234375 0.065625 0.046875
0 0.0203125 0.5390625 0.040625 0.065625
0 0.95546875 0.91640625 0.0640625 0.0640625
0 0.86484375 0.03046875 0.0859375 0.0609375
0 0.0390625 0.1875 0.078125 0.075
0 0.3625 0.10859375 0.08125 0.0765625
0 0.475 0.96796875 0.071875 0.0546875
0 0.04609375 0.6453125 0.0671875 0.05625
0 0.95078125 0.95546875 0.0796875 0.0734375
0 0.3625 0.2015625 0.08125 0.06875
0 0.325 0.853125 0.0875 0.075
0 0.75625 0.4875 0.103125 0.0875
0 0.93046875 0.528125 0.1015625 0.09375
0 0.5671875 0.8328125 0.096875 0.084375
0 0.65703125 0.5859375 0.0796875 0.078125
0 0.3265625 0.7359375 0.1 0.0875
0 0.9296875 0.64375 0.096875 0.090625
0 0.7640625 0.1046875 0.103125 0.0875
0 0.1734375 0.1234375 0.134375 0.11875
0 0.5203125 0.75234375 0.09375 0.0765625
0 0.34921875 0.93515625 0.0984375 0.0859375
0 0.19921875 0.63984375 0.1046875 0.0953125
