0 0.02109375 0.63828125 0.0421875 0.0546875
0 0.79921875 0.62421875 0.1046875 0.1015625
0 0.78203125 0.0640625 0.0796875 0.071875
0 0.490625 0.6609375 0.096875 0.078125
0 0.5359375 0.85 0.10625 0.075
0 0.03203125 0.95390625 0.0640625 0.0671875
0 0.57265625 0.909375 0.0828125 0.0625
0 0.40703125 0.17734375 0.0859375 0.0796875
0 0.1078125 0.9515625 0.06875 0.06875
0 0.28203125 0.6796875 0.0828125 0.084375
0 0.96328125 0.82109375 0.0703125 0.1171875
0 0.80859375 0.25390625 0.1171875 0.0953125
0 0.92734375 0.94296875 0.1203125 0.0984375
0 0.25390625 0.04296875 0.1078125 0.0859375
0 0.79296875 0.7359375 0.1140625 0.090625
0 0.7390625 0.83515625 0.109375 0.0921875
0 0.32265625 0.86328125 0.1140625 0.0921875
0 0.73671875 0.94296875 0.1140625 0.0921875
