0 0.8765625 0.02578125 0.0625 0.0484375
0 0.57265625 0.97109375 0.0734375 0.0515625
0 0.83671875 0.88515625 0.0703125 0.0578125
0 0.9296875 0.6140625 0.065625 0.059375
0 0.0390625 0.7375 0.075 0.071875
0 0.8828125 0.271875 0.078125 0.065625
0 0.925 0.759375 0.071875 0.06875
0 0.353125 0.44296875 0.084375 0.0734375
0 0.82265625 0.63125 0.0671875 0.065625
0 0.9265625 0.41953125 0.084375 0.0703125
0 0.7703125 0.04375 0.0875 0.071875
0 0.54296875 0.5359375 0.0765625 0.071875
0 0.4375 0.16796875 0.0875 0.0765625
0 0.7984375 0.77421875 0.075 0.0734375
0 0.884375 0.16484375 0.08125 0.0734375
0 0.5421875 0.88828125 0.09375 0.0765625
0 0.31796875 0.2421875 0.0890625 0.071875
0 0.30703125 0.571875 0.0859375 0.078125
0 0.4640625 0.0375 0.071875 0.065625
0 0.4046875 0.03125 0.078125 0.059375
0 0.45234375 0.38046875 0.0796875 0.0734375
0 0.8921875 0.075 0.075 0.059375
0 0.33125 0.784375 0.090625 0.075
0 0.81328125 0.22109375 0.0828125 0.0765625
0 0.8140625 0.54453125 0.06875 0.0640625
0 0.03671875 0.96796875 0.0703125 0.0515625
0 0.8859375 0.5421875 0.084375 0.06875
0 0.28125 0.84296875 0.096875 0.0828125
0 0.05703125 0.81015625 0.0984375 0.0796875
0 0.334375 0.359375 0.09375 0.09375
0 0.04453125 0.49375 0.0859375 0.08125
0 0.3296875 0.67578125 0.103125 0.0921875
0 0.5453125 0.64140625 0.096875 0.0859375
0 0.53046875 0.7984375 0.0890625 0.08125
0 0.26484375 0.06875 0.0984375 0.084375
0 0.31015625 0.1203125 0.1015625 0.08125
0 0.91171875 0.93515625 0.0890625 0.0828125
0 0.51796875 0.42578125 0.0484375 0.0578125
