0 0.45234375 0.69375 0.0609375 0.05625
0 0.92734375 0.72265625 0.1015625 0.0984375
0 0.96015625 0.88203125 0.0703125 0.0828125
0 0.93984375 0.4703125 0.0796875 0.06875
0 0.1609375 0.0828125 0.109375 0.096875
0 0.153125 0.346875 0.103125 0.096875
0 0.203125 0.6625 0.096875 0.084375
0 0.859375 0.3640625 0.08125 0.090625
0 0.609375 0.34765625 0.115625 0.1046875
0 0.4421875 0.50625 0.084375 0.084375
0 0.44921875 0.265625 0.0921875 0.084375
0 0.5703125 0.1296875 0.14375 0.134375
0 0.93984375 0.57578125 0.0921875 0.0890625
0 0.6609375 0.2578125 0.128125 0.09375
0 0.6 0.80546875 0.13125 0.0984375
0 0.6171875 0.8921875 0.13125 0.103125
0 0.0921875 0.8421875 0.109375 0.103125
0 0.61171875 0.040625 0.1078125 0.078125
0 0.9078125 0.16640625 0.09375 0.0984375
0 0.58984375 0.61796875 0.1265625 0.1265625
0 0.68203125 0.72265625 0.1203125 0.1171875
0 0.10546875 0.48359375 0.1109375 0.0953125
0 0.21875 0.44609375 0.103125 0.0921875
0 0.596875 0.471875 0.140625 0.109375
0 0.9734375 0.728125 0.053125 0.084375
