0 0.52890625 0.09140625 0.1046875 0.0953125
0 0.50546875 0.86328125 0.1015625 0.0953125
0 0.68515625 0.225 0.0765625 0.071875
0 0.48828125 0.52890625 0.0796875 0.0765625
0 0.5671875 0.6140625 0.09375 0.075
0 0.66875 0.8796875 0.078125 0.06875
0 0.46328125 0.36953125 0.0921875 0.0828125
0 0.74765625 0.89453125 0.1109375 0.0984375
0 0.209375 0.87578125 0.109375 0.0890625
0 0.53515625 0.25546875 0.0984375 0.0828125
0 0.9375 0.28515625 0.11875 0.1078125
0 0.9578125 0.49609375 0.078125 0.0984375
0 0.4625 0.9375 0.0875 0.0875
0 0.94609375 0.04765625 0.0890625 0.0890625
