0 0.37265625 0.96875 0.0921875 0.053125
0 0.3390625 0.0484375 0.103125 0.084375
0 0.1265625 0.96796875 0.084375 0.0546875
0 0.06796875 0.1640625 0.0953125 0.078125
0 0.28359375 0.4078125 0.0953125 0.090625
0 0.6203125 0.06875 0.090625 0.078125
0 0.053125 0.30703125 0.096875 0.1046875
0 0.63984375 0.9 0.1203125 0.103125
0 0.559375 0.4453125 0.1125 0.084375
0 0.875 0.52265625 0.08125 0.0765625
0 0.28203125 0.1921875 0.1015625 0.0875
0 0.8796875 0.65078125 0.084375 0.0671875
0 0.83515625 0.7765625 0.0953125 0.078125
0 0.1421875 0.73828125 0.084375 0.0828125
0 0.66484375 0.40078125 0.0796875 0.0703125
0 0.66796875 0.75546875 0.0796875 0.0671875
0 0.9625 0.11015625 0.0625 0.0640625
0 0.3 0.92578125 0.08125 0.0828125
0 0.66953125 0.2328125 0.0953125 0.1125
0 0.321875 0.9484375 0.065625 0.0625
0 0.071875 0.45 0.1125 0.090625
0 0.83828125 0.4125 0.1015625 0.0875
0 0.31640625 0.29453125 0.1046875 0.0796875
0 0.04921875 0.540625 0.0890625 0.09375
0 0.64140625 0.67578125 0.1265625 0.1046875
0 0.8625 0.92734375 0.09375 0.0828125
0 0.30859375 0.5609375 0.1078125 0.09375
0 0.11953125 0.65625 0.0984375 0.078125
0 0.10703125 0.07265625 0.1078125 0.0859375
0 0.5796875 0.575 0.109375 0.109375
0 0.83203125 0.2 0.0984375 0.09375
0 0.0515625 0.82578125 0.1 0.0890625
0 0.384375 0.69453125 0.096875 0.0765625
