0 0.0546875 0.36328125 0.065625 0.0546875
0 0.378125 0.72265625 0.065625 0.0609375
0 0.60234375 0.4625 0.0796875 0.08125
0 0.4 0.3796875 0.075 0.065625
0 0.8140625 0.953125 0.08125 0.071875
0 0.4078125 0.79296875 0.090625 0.0859375
0 0.965625 0.8953125 0.0625 0.08125
0 0.96328125 0.65390625 0.0640625 0.0828125
0 0.965625 0.44140625 0.059375 0.0671875
0 0.56875 0.5609375 0.0625 0.06875
0 0.315625 0.64609375 0.08125 0.0796875
0 0.3875 0.59609375 0.084375 0.0796875
0 0.62578125 0.75703125 0.0765625 0.0765625
0 0.95625 0.57734375 0.08125 0.0828125
0 0.565625 0.67265625 0.10625 0.0953125
0 0.82890625 0.68671875 0.0890625 0.0796875
0 0.815625 0.45703125 0.096875 0.0953125
0 0.571875 0.8984375 0.103125 0.0875
0 0.56796875 0.32890625 0.0953125 0.1046875
0 0.959375 0.24921875 0.075 0.0890625
0 0.128125 0.94140625 0.065625 0.0609375
