0 0.4234375 0.19296875 0.09375 0.0796875
0 0.67109375 0.1234375 0.0828125 0.078125
0 0.17734375 0.53984375 0.1140625 0.0984375
0 0.57890625 0.20546875 0.0859375 0.0796875
0 0.934375 0.2453125 0.075 0.065625
0 0.3984375 0.9390625 0.090625 0.08125
0 0.19296875 0.81875 0.0734375 0.071875
0 0.69765625 0.3625 0.0734375 0.0625
0 0.946875 0.03203125 0.071875 0.0453125
0 0.96796875 0.8375 0.0578125 0.071875
0 0.153125 0.26796875 0.09375 0.0921875
0 0.37109375 0.26953125 0.0921875 0.0734375
0 0.1703125 0.09375 0.1125 0.090625
0 0.63984375 0.81953125 0.1046875 0.0890625
0 0.4171875 0.78359375 0.09375 0.0890625
0 0.12734375 0.38515625 0.1046875 0.0796875
0 0.93515625 0.92890625 0.1078125 0.0921875
0 0.66875 0.89921875 0.10625 0.0859375
0 0.56953125 0.03359375 0.0984375 0.0640625
0 0.15859375 0.9078125 0.0921875 0.0875
0 0.3453125 0.44765625 0.0625 0.1109375
0 0.95546875 0.171875 0.0546875 0.06875
0 0.9359375 0.1 0.0625 0.065625
0 0.94296875 0.32734375 0.1046875 0.0546875
