0 0.415625 0.165625 0.065625 0.065625
0 0.2296875 0.16953125 0.071875 0.0578125
0 0.71953125 0.7109375 0.0984375 0.08125
0 0.19375 0.65 0.0875 0.075
0 0.2390625 0.546875 0.06875 0.0625
0 0.7640625 0.6046875 0.096875 0.103125
0 0.37734375 0.4 0.0828125 0.06875
0 0.41015625 0.76015625 0.1015625 0.1046875
0 0.4109375 0.61015625 0.05625 0.0640625
0 0.38125 0.28828125 0.075 0.0765625
0 0.4453125 0.0640625 0.065625 0.0625
0 0.48828125 0.58125 0.0734375 0.065625
0 0.7140625 0.4 0.078125 0.071875
0 0.7671875 0.47109375 0.103125 0.0859375
0 0.21328125 0.41875 0.0984375 0.084375
0 0.69375 0.23046875 0.09375 0.0796875
0 0.74140625 0.09296875 0.0859375 0.0828125
0 0.15390625 0.11796875 0.0609375 0.0453125
0 0.1734375 0.0609375 0.04375 0.0375
0 0.690625 0.03203125 0.125 0.0609375
