0 0.6109375 0.4328125 0.059375 0.053125
0 0.46953125 0.40703125 0.0578125 0.0578125
0 0.62578125 0.54140625 0.0671875 0.0640625
0 0.153125 0.025 0.075 0.05
0 0.42578125 0.1265625 0.0703125 0.059375
0 0.42890625 0.734375 0.0640625 0.06875
0 0.4578125 0.22890625 0.08125 0.0703125
0 0.08828125 0.20390625 0.0890625 0.0890625
0 0.88515625 0.9515625 0.0953125 0.075
0 0.89375 0.48984375 0.075 0.0703125
0 0.14296875 0.96328125 0.0859375 0.0640625
0 0.878125 0.72421875 0.090625 0.0703125
0 0.60234375 0.096875 0.0859375 0.06875
0 0.45390625 0.88984375 0.0671875 0.0671875
0 0.19765625 0.58671875 0.0828125 0.0859375
0 0.1328125 0.58125 0.09375 0.1
0 0.44921875 0.54921875 0.0796875 0.0640625
0 0.82734375 0.5875 0.1078125 0.084375
0 0.8671875 0.23359375 0.084375 0.0828125
0 0.4671875 0.66015625 0.0875 0.0765625
0 0.82421875 0.65625 0.1203125 0.09375
0 0.13046875 0.3734375 0.0953125 0.1125
0 0.8375 0.1265625 0.125 0.10625
0 0.18984375 0.759375 0.1015625 0.0875
0 0.85625 0.35625 0.13125 0.1125
0 0.05 0.44765625 0.096875 0.0828125
