0 0.3125 0.96328125 0.05625 0.0515625
0 0.56796875 0.1859375 0.0484375 0.046875
0 0.31484375 0.27578125 0.0609375 0.0671875
0 0.52109375 0.37890625 0.0609375 0.0546875
0 0.06953125 0.29765625 0.0921875 0.0671875
0 0.0671875 0.76640625 0.09375 0.0828125
0 0.28515625 0.03671875 0.0703125 0.0640625
0 0.0390625 0.0984375 0.078125 0.071875
0 0.0296875 0.53359375 0.059375 0.0703125
0 0.07890625 0.37578125 0.0796875 0.0765625
0 0.69765625 0.9609375 0.1046875 0.065625
0 0.7296875 0.2453125 0.071875 0.075
0 0.28671875 0.50390625 0.0671875 0.0609375
0 0.75703125 0.34765625 0.0828125 0.0609375
0 0.775 0.590625 0.125 0.109375
0 0.284375 0.3875 0.084375 0.084375
0 0.7421875 0.83984375 0.078125 0.0640625
0 0.29140625 0.71328125 0.0734375 0.0734375
0 0.71640625 0.11484375 0.0859375 0.0765625
0 0.54453125 0.31796875 0.0796875 0.0984375
0 0.2515625 0.675 0.075 0.071875
0 0.73515625 0.4546875 0.1359375 0.096875
0 0.7578125 0.740625 0.1125 0.1125
0 0.2578125 0.1625 0.0875 0.084375
