0 0.89375 0.08046875 0.084375 0.0734375
0 0.55625 0.24140625 0.090625 0.0828125
0 0.90625 0.7953125 0.096875 0.09375
0 0.43984375 0.62421875 0.1015625 0.0890625
0 0.17734375 0.82265625 0.1203125 0.1109375
0 0.56328125 0.1484375 0.0859375 0.078125
0 0.19296875 0.95234375 0.0890625 0.0734375
0 0.12890625 0.23671875 0.0921875 0.0828125
0 0.17109375 0.6625 0.1296875 0.096875
0 0.596875 0.7734375 0.075 0.065625
0 0.41015625 0.8828125 0.0984375 0.096875
0 0.5921875 0.8734375 0.0875 0.090625
0 0.88828125 0.1921875 0.0984375 0.084375
0 0.9078125 0.5984375 0.1125 0.109375
0 0.5890625 0.6234375 0.1 0.096875
0 0.37578125 0.2 0.0953125 0.084375
