0 0.25546875 0.0265625 0.0640625 0.05
0 0.5125 0.440625 0.09375 0.1
0 0.93984375 0.221875 0.0984375 0.084375
0 0.259375 0.44765625 0.08125 0.0703125
0 0.49296875 0.09140625 0.0828125 0.0859375
0 0.24765625 0.2578125 0.0796875 0.075
0 0.30078125 0.3421875 0.1015625 0.078125
0 0.49765625 0.57421875 0.0953125 0.0734375
0 0.29765625 0.690625 0.1109375 0.103125
0 0.9390625 0.33125 0.10625 0.1
0 0.9515625 0.609375 0.0875 0.09375
0 0.5140625 0.29765625 0.103125 0.0859375
0 0.94609375 0.47578125 0.0890625 0.0921875
0 0.48359375 0.2140625 0.0890625 0.09375
0 0.48125 0.6796875 0.1 0.0875
0 0.9375 0.72734375 0.1 0.0984375
0 0.94765625 0.1 0.0953125 0.10625
