0 0.44921875 0.0203125 0.0578125 0.040625
0 0.02890625 0.3125 0.0578125 0.053125
0 0.6390625 0.16875 0.0625 0.059375
0 0.45234375 0.1765625 0.0546875 0.0375
0 0.50234375 0.73046875 0.0484375 0.0484375
0 0.45625 0.36015625 0.075 0.0765625
0 0.51796875 0.78671875 0.0796875 0.0671875
0 0.93203125 0.1828125 0.0921875 0.08125
0 0.88359375 0.47578125 0.0765625 0.0703125
0 0.45 0.21796875 0.071875 0.0765625
0 0.45703125 0.48671875 0.0921875 0.0828125
0 0.6234375 0.115625 0.1 0.078125
0 0.4765625 0.584375 0.078125 0.078125
0 0.87890625 0.359375 0.0859375 0.084375
0 0.6953125 0.559375 0.084375 0.084375
0 0.61015625 0.340625 0.0703125 0.071875
0 0.88671875 0.5609375 0.0703125 0.0625
0 0.08359375 0.20859375 0.0734375 0.0765625
0 0.9109375 0.790625 0.090625 0.08125
0 0.11015625 0.57734375 0.0640625 0.0828125
0 0.69609375 0.7734375 0.0859375 0.078125
0 0.690625 0.39140625 0.0875 0.0765625
0 0.13828125 0.8140625 0.1203125 0.096875
0 0.0984375 0.384375 0.096875 0.09375
