0 0.0765625 0.07421875 0.053125 0.0484375
0 0.034375 0.35 0.05 0.046875
0 0.04296875 0.775 0.0671875 0.06875
0 0.259375 0.740625 0.078125 0.065625
0 0.03046875 0.41796875 0.0578125 0.0640625
0 0.5640625 0.459375 0.096875 0.08125
0 0.58515625 0.040625 0.1078125 0.06875
0 0.05625 0.190625 0.075 0.071875
0 0.6078125 0.175 0.1125 0.096875
0 0.95703125 0.91484375 0.0765625 0.0796875
0 0.3015625 0.32421875 0.071875 0.0640625
0 0.34375 0.89453125 0.084375 0.0734375
0 0.06015625 0.66015625 0.0828125 0.0828125
0 0.95625 0.2375 0.078125 0.078125
0 0.928125 0.378125 0.08125 0.075
0 0.96953125 0.4796875 0.0546875 0.08125
0 0.0390625 0.89921875 0.075 0.0796875
0 0.27734375 0.046875 0.0546875 0.05625
0 0.61171875 0.70859375 0.0859375 0.0734375
0 0.9703125 0.06953125 0.053125 0.0703125
0 0.55078125 0.02734375 0.0859375 0.0546875
0 0.2421875 0.6234375 0.090625 0.08125
0 0.5734375 0.29765625 0.103125 0.0890625
0 0.571875 0.54375 0.10625 0.0875
0 0.28515625 0.47421875 0.0921875 0.0796875
0 0.59296875 0.78671875 0.1078125 0.0921875
0 0.0421875 0.57265625 0.08125 0.0703125
0 0.575 0.89609375 0.1125 0.1046875
