0 0.4921875 0.97421875 0.071875 0.0421875
0 0.084375 0.02734375 0.065625 0.0515625
0 0.1734375 0.0234375 0.06875 0.04375
0 0.56171875 0.4140625 0.0796875 0.075
0 0.64609375 0.125 0.0953125 0.08125
0 0.0453125 0.12734375 0.084375 0.0734375
0 0.05390625 0.271875 0.0953125 0.090625
0 0.5109375 0.840625 0.096875 0.09375
0 0.66875 0.9625 0.078125 0.059375
0 0.4390625 0.2265625 0.103125 0.08125
0 0.1546875 0.08515625 0.078125 0.0609375
0 0.97109375 0.38671875 0.0515625 0.0796875
0 0.4296875 0.08515625 0.078125 0.0609375
0 0.09375 0.95625 0.071875 0.059375
0 0.94609375 0.02578125 0.0796875 0.0484375
0 0.07734375 0.490625 0.0859375 0.071875
0 0.15390625 0.32109375 0.0671875 0.0546875
0 0.14296875 0.14921875 0.0828125 0.0703125
0 0.66171875 0.49140625 0.0984375 0.1015625
0 0.246875 0.93671875 0.11875 0.0921875
0 0.48671875 0.3375 0.0984375 0.1
0 0.65078125 0.86953125 0.0984375 0.0765625
0 0.9453125 0.49453125 0.096875 0.1234375
0 0.92578125 0.09921875 0.1109375 0.1171875
