0 0.92421875 0.43046875 0.0640625 0.0640625
0 0.5765625 0.965625 0.103125 0.059375
0 0.5984375 0.6609375 0.084375 0.06875
0 0.5609375 0.57734375 0.08125 0.0796875
0 0.471875 0.88984375 0.06875 0.0734375
0 0.0390625 0.22265625 0.078125 0.0796875
0 0.81875 0.6734375 0.075 0.06875
0 0.56953125 0.428125 0.0765625 0.059375
0 0.13203125 0.5171875 0.0640625 0.065625
0 0.57734375 0.47109375 0.0921875 0.0703125
0 0.60234375 0.71484375 0.1078125 0.0765625
0 0.4640625 0.7546875 0.078125 0.075
0 0.87109375 0.26796875 0.1046875 0.0953125
0 0.078125 0.534375 0.10625 0.090625
0 0.5703125 0.8171875 0.1125 0.096875
0 0.896875 0.56953125 0.09375 0.0953125
0 0.1765625 0.72421875 0.109375 0.1140625
0 0.553125 0.2484375 0.11875 0.115625
0 0.88515625 0.7421875 0.0953125 0.08125
0 0.1484375 0.94140625 0.1 0.0890625
0 0.89140625 0.9453125 0.1015625 0.084375
