0 0.2265625 0.690625 0.059375 0.053125
0 0.7421875 0.0265625 0.075 0.05
0 0.5875 0.73828125 0.0625 0.0609375
0 0.58671875 0.81796875 0.0640625 0.0609375
0 0.11796875 0.47734375 0.0796875 0.0671875
0 0.1 0.58046875 0.08125 0.0703125
0 0.675 0.1828125 0.09375 0.08125
0 0.22265625 0.82578125 0.0828125 0.0796875
0 0.953125 0.27421875 0.08125 0.1046875
0 0.0890625 0.06015625 0.078125 0.0734375
0 0.09765625 0.3953125 0.0765625 0.075
0 0.06640625 0.28515625 0.0890625 0.0734375
0 0.52421875 0.33046875 0.0828125 0.0671875
0 0.378125 0.67109375 0.10625 0.1015625
0 0.92109375 0.16484375 0.1171875 0.0734375
0 0.890625 0.03046875 0.109375 0.0578125
0 0.07734375 0.1640625 0.0671875 0.075
0 0.53359375 0.40546875 0.0984375 0.1078125
0 0.95 0.940625 0.090625 0.090625
0 0.75546875 0.53046875 0.1140625 0.0953125
0 0.5046875 0.89609375 0.11875 0.1109375
0 0.70078125 0.275 0.0984375 0.090625
0 0.71875 0.8109375 0.103125 0.078125
0 0.70234375 0.6765625 0.1203125 0.1
0 0.50703125 0.165625 0.0953125 0.09375
0 0.48046875 0.046875 0.1140625 0.084375
