0 0.07109375 0.09375 0.1078125 0.0875
0 0.32421875 0.19296875 0.0953125 0.0796875
0 0.0796875 0.5390625 0.115625 0.096875
0 0.47890625 0.20546875 0.0890625 0.0796875
0 0.46953125 0.034375 0.0953125 0.065625
0 0.57109375 0.12421875 0.0828125 0.0765625
0 0.0390625 0.384375 0.075 0.071875
0 0.05390625 0.26953125 0.0953125 0.0921875
0 0.29765625 0.9375 0.0890625 0.08125
0 0.59765625 0.3625 0.0765625 0.0625
0 0.846875 0.04375 0.078125 0.065625
0 0.88515625 0.83828125 0.1015625 0.0859375
0 0.83828125 0.24296875 0.0734375 0.0640625
0 0.95625 0.03515625 0.06875 0.0671875
0 0.09296875 0.81875 0.0765625 0.071875
0 0.56796875 0.9 0.1078125 0.084375
0 0.059375 0.9078125 0.09375 0.090625
0 0.83984375 0.928125 0.1140625 0.09375
0 0.53984375 0.82109375 0.1078125 0.0890625
0 0.3171875 0.7828125 0.090625 0.0875
0 0.271875 0.26953125 0.090625 0.0765625
0 0.2421875 0.44921875 0.06875 0.1140625
