0 0.8421875 0.02578125 0.075 0.0515625
0 0.3265625 0.690625 0.059375 0.053125
0 0.6875 0.73828125 0.0625 0.0609375
0 0.68671875 0.81796875 0.0640625 0.0609375
0 0.21796875 0.47734375 0.0796875 0.0671875
0 0.2015625 0.58046875 0.08125 0.0703125
0 0.32265625 0.82578125 0.0828125 0.0796875
0 0.18984375 0.059375 0.0796875 0.071875
0 0.196875 0.39453125 0.078125 0.0765625
0 0.775 0.1828125 0.09375 0.08125
0 0.6234375 0.32890625 0.08125 0.0671875
0 0.1671875 0.28515625 0.084375 0.0734375
0 0.8171875 0.809375 0.103125 0.078125
0 0.18125 0.16640625 0.096875 0.0796875
0 0.80078125 0.275 0.0984375 0.090625
0 0.63515625 0.40703125 0.0984375 0.1046875
0 0.47890625 0.67265625 0.1046875 0.1046875
0 0.58046875 0.04609375 0.1140625 0.0859375
0 0.6046875 0.89609375 0.11875 0.1109375
0 0.80234375 0.67578125 0.1203125 0.1015625
0 0.60625 0.1640625 0.096875 0.09375
0 0.85546875 0.53125 0.1140625 0.096875
