0 0.4734375 0.1671875 0.05625 0.05
0 0.75234375 0.5671875 0.0515625 0.05625
0 0.97109375 0.0265625 0.0453125 0.05
0 0.4015625 0.41328125 0.065625 0.0578125
0 0.584375 0.03046875 0.06875 0.0578125
0 0.67578125 0.89765625 0.0765625 0.0984375
0 0.9390625 0.12734375 0.090625 0.0765625
0 0.0671875 0.35703125 0.075 0.0703125
0 0.63515625 0.24296875 0.0828125 0.0765625
0 0.0734375 0.1796875 0.078125 0.06875
0 0.6421875 0.15390625 0.06875 0.0640625
0 0.44765625 0.2921875 0.0765625 0.071875
0 0.10703125 0.51640625 0.0734375 0.0734375
0 0.64453125 0.540625 0.0671875 0.075
0 0.4078125 0.046875 0.084375 0.078125
0 0.94765625 0.2734375 0.0921875 0.096875
0 0.0703125 0.265625 0.103125 0.08125
0 0.6015625 0.40625 0.0875 0.1
0 0.09296875 0.4234375 0.0828125 0.08125
0 0.04765625 0.05859375 0.0921875 0.0859375
0 0.3578125 0.5203125 0.096875 0.078125
0 0.09609375 0.95390625 0.1140625 0.0796875
0 0.734375 0.8921875 0.08125 0.08125
