0 0.07578125 0.2828125 0.0859375 0.071875
0 0.609375 0.4078125 0.090625 0.0875
0 0.89609375 0.18515625 0.0859375 0.0703125
0 0.128125 0.71171875 0.075 0.0890625
0 0.4328125 0.70234375 0.090625 0.0828125
0 0.17109375 0.3890625 0.1171875 0.09375
0 0.8875 0.58203125 0.084375 0.0703125
0 0.0625 0.146875 0.103125 0.1
0 0.47734375 0.215625 0.1015625 0.071875
0 0.615625 0.2578125 0.084375 0.090625
0 0.1984375 0.81796875 0.10625 0.0859375
0 0.4921875 0.778125 0.128125 0.1125
0 0.44921875 0.37578125 0.1453125 0.1078125
0 0.28984375 0.12421875 0.1328125 0.1046875
0 0.8515625 0.71015625 0.125 0.1015625
0 0.12109375 0.92578125 0.1390625 0.1015625
0 0.60703125 0.87265625 0.1046875 0.0921875
0 0.46171875 0.9203125 0.1296875 0.115625
0 0.83125 0.04296875 0.09375 0.0796875
0 0.8703125 0.3078125 0.13125 0.10625
0 0.92734375 0.4234375 0.1234375 0.109375
0 0.36484375 0.53046875 0.1296875 0.1328125
0 0.11953125 0.51875 0.0953125 0.11875
