0 0.31640625 0.50703125 0.0671875 0.0578125
0 0.66484375 0.41953125 0.0671875 0.0640625
0 0.428125 0.8546875 0.10625 0.1
0 0.28359375 0.3828125 0.1078125 0.1
0 0.0421875 0.9390625 0.075 0.071875
0 0.890625 0.9640625 0.090625 0.059375
0 0.41875 0.1296875 0.096875 0.090625
0 0.1671875 0.34375 0.08125 0.075
0 0.7640625 0.8984375 0.090625 0.078125
0 0.19453125 0.90546875 0.0765625 0.0703125
0 0.17109375 0.5890625 0.0796875 0.075
0 0.84296875 0.49296875 0.0734375 0.0671875
0 0.89296875 0.26484375 0.0796875 0.0796875
0 0.95703125 0.70078125 0.0734375 0.0859375
0 0.12578125 0.15390625 0.1046875 0.0890625
0 0.47265625 0.259375 0.0953125 0.09375
0 0.34140625 0.74609375 0.0953125 0.0859375
0 0.86171875 0.1515625 0.0921875 0.084375
0 0.203125 0.76015625 0.11875 0.1046875
0 0.7421875 0.78671875 0.11875 0.1109375
0 0.18359375 0.45078125 0.0953125 0.0890625
0 0.90859375 0.44453125 0.1140625 0.1109375
0 0.9 0.76953125 0.13125 0.1171875
0 0.7234375 0.2515625 0.125 0.10625
0 0.6984375 0.52734375 0.115625 0.0984375
0 0.88671875 0.04296875 0.0984375 0.0828125
0 0.71328125 0.65625 0.1421875 0.09375
0 0.4203125 0.6984375 0.1125 0.10625
0 0.38984375 0.55234375 0.1234375 0.0984375
0 0.2921875 0.21171875 0.103125 0.1015625
