0 0.75859375 0.45 0.0984375 0.084375
0 0.1265625 0.16796875 0.1 0.0828125
0 0.74921875 0.20234375 0.1078125 0.0953125
0 0.43984375 0.215625 0.1140625 0.096875
0 0.71953125 0.040625 0.1203125 0.078125
0 0.13515625 0.37265625 0.0984375 0.1015625
0 0.48046875 0.56875 0.0890625 0.090625
0 0.190625 0.63671875 0.084375 0.0859375
0 0.48515625 0.715625 0.1265625 0.1375
0 0.0453125 0.9234375 0.078125 0.06875
0 0.95859375 0.06328125 0.0640625 0.0609375
0 0.14140625 0.81953125 0.0921875 0.0765625
0 0.696875 0.8609375 0.08125 0.078125
0 0.13515625 0.10859375 0.0859375 0.0703125
0 0.17578125 0.9 0.0953125 0.078125
0 0.521875 0.1171875 0.115625 0.071875
0 0.1125 0.01796875 0.084375 0.0328125
0 0.75 0.65625 0.1 0.090625
0 0.7234375 0.5484375 0.103125 0.090625
0 0.096875 0.28203125 0.090625 0.0890625
0 0.53046875 0.84609375 0.1078125 0.0890625
0 0.459375 0.321875 0.109375 0.0875
0 0.728125 0.32265625 0.10625 0.1203125
0 0.12890625 0.7328125 0.1078125 0.096875
0 0.465625 0.4421875 0.109375 0.09375
0 0.75234375 0.80703125 0.1046875 0.0953125
0 0.55546875 0.95078125 0.1109375 0.0984375
0 0.75703125 0.11953125 0.0921875 0.0859375
0 0.1140625 0.52578125 0.09375 0.0953125
0 0.475 0.03984375 0.10625 0.0765625
0 0.703125 0.98046875 0.090625 0.0390625
