0 0.159375 0.6640625 0.05625 0.059375
0 0.5140625 0.70703125 0.05625 0.0578125
0 0.025 0.2578125 0.046875 0.053125
0 0.7875 0.04375 0.053125 0.05
0 0.01953125 0.68515625 0.0359375 0.0484375
0 0.175 0.02578125 0.078125 0.0484375
0 0.97421875 0.0578125 0.0453125 0.059375
0 0.50703125 0.4125 0.0859375 0.0875
0 0.75078125 0.8484375 0.1046875 0.084375
0 0.20390625 0.9609375 0.0890625 0.078125
0 0.92109375 0.40546875 0.0921875 0.0765625
0 0.48203125 0.1734375 0.0703125 0.071875
0 0.765625 0.2875 0.096875 0.08125
0 0.221875 0.75078125 0.078125 0.0734375
0 0.0328125 0.040625 0.0625 0.0625
0 0.7234375 0.96484375 0.090625 0.0609375
0 0.5 0.04921875 0.084375 0.0734375
0 0.4828125 0.28515625 0.084375 0.0765625
0 0.03515625 0.8234375 0.0671875 0.071875
0 0.846875 0.1484375 0.08125 0.08125
0 0.52265625 0.53515625 0.0796875 0.0734375
0 0.85703125 0.52421875 0.0796875 0.0734375
0 0.71953125 0.39921875 0.1046875 0.0953125
0 0.16953125 0.83828125 0.0828125 0.0765625
0 0.190625 0.3078125 0.065625 0.075
0 0.8953125 0.95625 0.075 0.065625
0 0.1953125 0.47578125 0.078125 0.0578125
0 0.5015625 0.94609375 0.09375 0.0703125
0 0.153125 0.340625 0.075 0.08125
0 0.92578125 0.81171875 0.0953125 0.0953125
0 0.19296875 0.221875 0.0953125 0.084375
0 0.8703125 0.26171875 0.109375 0.0984375
0 0.715625 0.6765625 0.10625 0.125
0 0.73046875 0.546875 0.1078125 0.10625
0 0.2015625 0.553125 0.1 0.096875
0 0.18203125 0.11171875 0.0953125 0.0984375
0 0.73515625 0.13046875 0.1140625 0.1109375
0 0.459375 0.38046875 0.046875 0.0796875
0 0.55859375 0.91328125 0.0765625 0.0703125
