0 0.38125 0.8 0.109375 0.09375
0 0.41171875 0.09453125 0.0953125 0.0765625
0 0.16328125 0.26953125 0.1015625 0.1046875
0 0.17109375 0.703125 0.0890625 0.078125
0 0.153125 0.95546875 0.0875 0.0703125
0 0.10859375 0.8234375 0.0828125 0.090625
0 0.35546875 0.41796875 0.0546875 0.0578125
0 0.21796875 0.53671875 0.0984375 0.0859375
0 0.04921875 0.434375 0.0921875 0.078125
0 0.08203125 0.90859375 0.1109375 0.0765625
0 0.51953125 0.1296875 0.0984375 0.0875
0 0.59296875 0.63671875 0.0953125 0.1203125
0 0.421875 0.46796875 0.1 0.0859375
0 0.071875 0.134375 0.115625 0.090625
0 0.4234375 0.56875 0.09375 0.1
0 0.88046875 0.91640625 0.1171875 0.0890625
0 0.35234375 0.9421875 0.1140625 0.09375
0 0.4015625 0.2671875 0.1125 0.1125
0 0.48828125 0.2671875 0.1234375 0.1125
