0 0.0203125 0.04765625 0.0375 0.0578125
0 0.31796875 0.946875 0.0765625 0.06875
0 0.03828125 0.14921875 0.0734375 0.0703125
0 0.559375 0.55234375 0.103125 0.0953125
0 0.209375 0.1125 0.096875 0.084375
0 0.221875 0.45 0.0875 0.078125
0 0.89765625 0.2109375 0.0921875 0.08125
0 0.93203125 0.315625 0.0828125 0.075
0 0.6828125 0.67890625 0.0875 0.0765625
0 0.965625 0.90703125 0.059375 0.0796875
0 0.9421875 0.52578125 0.071875 0.0796875
0 0.04609375 0.6109375 0.0859375 0.06875
0 0.30625 0.609375 0.08125 0.08125
0 0.3234375 0.82109375 0.1 0.0890625
0 0.5703125 0.05234375 0.109375 0.0953125
0 0.259375 0.68828125 0.09375 0.0859375
0 0.946875 0.6875 0.09375 0.10625
0 0.05 0.83828125 0.090625 0.0796875
0 0.08828125 0.93515625 0.1015625 0.0859375
0 0.25390625 0.32109375 0.1015625 0.0890625
0 0.5765625 0.325 0.13125 0.121875
0 0.0484375 0.66875 0.09375 0.06875
0 0.2765625 0.21796875 0.1 0.0765625
0 0.94375 0.425 0.046875 0.046875
