0 0.4578125 0.29453125 0.0625 0.0515625
0 0.4984375 0.6765625 0.046875 0.05
0 0.96796875 0.1203125 0.0515625 0.0625
0 0.49765625 0.75625 0.0515625 0.053125
0 0.06328125 0.41953125 0.0984375 0.0859375
0 0.43671875 0.0328125 0.0828125 0.0625
0 0.93515625 0.03046875 0.0859375 0.0578125
0 0.44140625 0.15625 0.0890625 0.078125
0 0.30703125 0.76796875 0.0671875 0.0578125
0 0.75234375 0.26328125 0.0953125 0.0796875
0 0.1359375 0.22890625 0.0875 0.0671875
0 0.371875 0.95859375 0.065625 0.0578125
0 0.96171875 0.4453125 0.0640625 0.065625
0 0.7609375 0.671875 0.06875 0.078125
0 0.9625 0.2296875 0.065625 0.0875
0 0.7484375 0.09453125 0.065625 0.0578125
0 0.11953125 0.01953125 0.0890625 0.0359375
0 0.05859375 0.95859375 0.0796875 0.0671875
0 0.75625 0.4984375 0.084375 0.090625
0 0.778125 0.3453125 0.08125 0.053125
0 0.52734375 0.43125 0.0578125 0.05625
0 0.8140625 0.93515625 0.08125 0.0796875
0 0.0546875 0.79453125 0.065625 0.0546875
0 0.05 0.30078125 0.0875 0.0828125
0 0.5484375 0.9359375 0.084375 0.078125
0 0.090625 0.68203125 0.103125 0.1078125
