0 0.1203125 0.03046875 0.078125 0.0578125
0 0.125 0.52421875 0.09375 0.0859375
0 0.390625 0.7578125 0.09375 0.084375
0 0.87578125 0.60234375 0.0984375 0.0953125
0 0.5796875 0.87265625 0.103125 0.0890625
0 0.86015625 0.21328125 0.0796875 0.0828125
0 0.39609375 0.56171875 0.0859375 0.0796875
0 0.1234375 0.36796875 0.06875 0.0640625
0 0.11796875 0.86796875 0.0671875 0.0609375
0 0.828125 0.0234375 0.075 0.04375
0 0.16875 0.13359375 0.071875 0.0671875
0 0.91953125 0.94375 0.0953125 0.08125
0 0.909375 0.853125 0.075 0.0625
0 0.11640625 0.25546875 0.1046875 0.0828125
0 0.58046875 0.13125 0.1078125 0.078125
0 0.5484375 0.71796875 0.10625 0.0953125
0 0.57578125 0.37421875 0.1046875 0.0828125
0 0.1171875 0.609375 0.1125 0.08125
0 0.559375 0.61171875 0.103125 0.0984375
0 0.91171875 0.44375 0.1296875 0.115625
0 0.11640625 0.7265625 0.0984375 0.1
0 0.53203125 0.03984375 0.1015625 0.0765625
0 0.90078125 0.30703125 0.1328125 0.1078125
0 0.8875 0.0984375 0.11875 0.090625
0 0.5140625 0.19921875 0.1 0.0859375
0 0.50078125 0.5265625 0.1171875 0.1
0 0.3953125 0.9 0.096875 0.103125
