0 0.559375 0.48359375 0.05 0.0453125
0 0.025 0.3828125 0.046875 0.05625
0 0.39296875 0.2171875 0.0640625 0.053125
0 0.8984375 0.021875 0.065625 0.040625
0 0.603125 0.6890625 0.065625 0.065625
0 0.0265625 0.13046875 0.05 0.0765625
0 0.93203125 0.48046875 0.0546875 0.0515625
0 0.06953125 0.13671875 0.0921875 0.0890625
0 0.03515625 0.875 0.0671875 0.1375
0 0.10234375 0.26875 0.1015625 0.096875
0 0.625 0.60546875 0.0875 0.0765625
0 0.8828125 0.15390625 0.071875 0.0671875
0 0.4203125 0.69609375 0.084375 0.0828125
0 0.15546875 0.45625 0.1046875 0.06875
0 0.95703125 0.60859375 0.0734375 0.0890625
0 0.40234375 0.12109375 0.0734375 0.0640625
0 0.625 0.31640625 0.08125 0.0734375
0 0.9078125 0.2890625 0.090625 0.075
0 0.6328125 0.9484375 0.06875 0.071875
0 0.9515625 0.9609375 0.08125 0.06875
0 0.04140625 0.6671875 0.0796875 0.084375
0 0.59453125 0.77734375 0.0859375 0.0828125
0 0.1171875 0.6546875 0.0875 0.090625
0 0.9328125 0.86640625 0.084375 0.0921875
0 0.95078125 0.37265625 0.0890625 0.1046875
0 0.04609375 0.5578125 0.0890625 0.103125
0 0.0953125 0.39375 0.103125 0.1
0 0.4328125 0.60078125 0.09375 0.0921875
0 0.3765625 0.80546875 0.1 0.0890625
0 0.82734375 0.5453125 0.0390625 0.03125
