0 0.86484375 0.4171875 0.0578125 0.053125
0 0.46015625 0.02265625 0.0734375 0.0421875
0 0.03828125 0.2109375 0.0578125 0.05625
0 0.571875 0.634375 0.1 0.09375
0 0.83203125 0.2890625 0.0765625 0.078125
0 0.128125 0.51484375 0.06875 0.0640625
0 0.95078125 0.7390625 0.0671875 0.06875
0 0.7734375 0.16328125 0.0875 0.0703125
0 0.81484375 0.0578125 0.0828125 0.075
0 0.03671875 0.69609375 0.0703125 0.0734375
0 0.56328125 0.36171875 0.0984375 0.0796875
0 0.33359375 0.58984375 0.0953125 0.0734375
0 0.08125 0.7625 0.06875 0.071875
0 0.0890625 0.4125 0.06875 0.084375
0 0.88828125 0.96484375 0.0828125 0.0578125
0 0.51796875 0.153125 0.0828125 0.075
0 0.0734375 0.9015625 0.09375 0.09375
0 0.50078125 0.41171875 0.0828125 0.0828125
0 0.5703125 0.89296875 0.1 0.0984375
0 0.85 0.55 0.103125 0.090625
0 0.50078125 0.28046875 0.0984375 0.0890625
0 0.546875 0.77109375 0.128125 0.0953125
0 0.06953125 0.10625 0.0921875 0.059375
0 0.07109375 0.16328125 0.0953125 0.0796875
