0 0.9625 0.0640625 0.0625 0.053125
0 0.74296875 0.0984375 0.1046875 0.096875
0 0.34765625 0.47265625 0.0859375 0.0890625
0 0.77421875 0.571875 0.1140625 0.103125
0 0.2625 0.571875 0.08125 0.071875
0 0.80390625 0.68046875 0.0828125 0.0703125
0 0.34296875 0.84765625 0.0765625 0.0734375
0 0.7546875 0.78671875 0.08125 0.0703125
0 0.06015625 0.9546875 0.0890625 0.075
0 0.3828125 0.9578125 0.096875 0.071875
0 0.7375 0.22734375 0.084375 0.0828125
0 0.96484375 0.5546875 0.0640625 0.08125
0 0.9640625 0.409375 0.059375 0.0625
0 0.275 0.9546875 0.071875 0.06875
0 0.0328125 0.746875 0.0625 0.05625
0 0.96640625 0.64375 0.0546875 0.06875
0 0.6 0.84765625 0.1125 0.0890625
0 0.4359375 0.69921875 0.10625 0.0890625
0 0.48203125 0.79765625 0.0921875 0.0921875
0 0.9265625 0.253125 0.09375 0.08125
0 0.3578125 0.36484375 0.103125 0.1015625
0 0.7375 0.3484375 0.09375 0.090625
0 0.33046875 0.2421875 0.1109375 0.1125
0 0.7578125 0.92890625 0.075 0.1359375
