0 0.440625 0.965625 0.103125 0.05625
0 0.353125 0.0234375 0.084375 0.046875
0 0.6328125 0.09453125 0.090625 0.0796875
0 0.371875 0.14296875 0.075 0.0703125
0 0.3625 0.7828125 0.1 0.075
0 0.94765625 0.2 0.0859375 0.075
0 0.6171875 0.30546875 0.109375 0.0890625
0 0.6078125 0.1828125 0.084375 0.084375
0 0.64453125 0.81484375 0.1015625 0.0671875
0 0.9671875 0.32265625 0.059375 0.0796875
0 0.09921875 0.94921875 0.1109375 0.0796875
0 0.65 0.86171875 0.090625 0.0734375
0 0.1515625 0.97109375 0.071875 0.0453125
0 0.96328125 0.03046875 0.0609375 0.0578125
0 0.025 0.053125 0.05 0.065625
0 0.61953125 0.34375 0.0953125 0.06875
0 0.56796875 0.9703125 0.0859375 0.05625
0 0.06796875 0.3203125 0.1171875 0.10625
0 0.86875 0.8796875 0.10625 0.0875
0 0.31484375 0.36328125 0.1078125 0.1328125
0 0.546875 0.39921875 0.084375 0.0859375
0 0.8453125 0.95 0.090625 0.078125
0 0.3953125 0.88203125 0.11875 0.0859375
0 0.04453125 0.2203125 0.0890625 0.09375
0 0.06328125 0.43828125 0.1234375 0.1140625
0 0.403125 0.30078125 0.096875 0.0953125
