0 0.17734375 0.14609375 0.0515625 0.0546875
0 0.05078125 0.02265625 0.0671875 0.0421875
0 0.88671875 0.96015625 0.0546875 0.0546875
0 0.909375 0.26015625 0.071875 0.0578125
0 0.18515625 0.5734375 0.0921875 0.078125
0 0.828125 0.478125 0.078125 0.075
0 0.86953125 0.334375 0.1015625 0.078125
0 0.88515625 0.5765625 0.0890625 0.084375
0 0.9265625 0.8234375 0.084375 0.075
0 0.15859375 0.8421875 0.0796875 0.065625
0 0.13984375 0.7234375 0.0890625 0.08125
0 0.9 0.684375 0.08125 0.075
0 0.88828125 0.17421875 0.0859375 0.0828125
0 0.5125 0.80859375 0.084375 0.0734375
0 0.48984375 0.14140625 0.0953125 0.0671875
0 0.46328125 0.96796875 0.0859375 0.0578125
0 0.2015625 0.42421875 0.071875 0.0640625
0 0.475 0.39765625 0.103125 0.0890625
0 0.49296875 0.88671875 0.1078125 0.0921875
0 0.4671875 0.559375 0.09375 0.08125
0 0.91796875 0.040625 0.0890625 0.071875
0 0.45703125 0.10078125 0.1140625 0.0921875
0 0.47265625 0.64296875 0.1015625 0.0859375
0 0.509375 0.27421875 0.115625 0.1015625
