0 0.68828125 0.94453125 0.0546875 0.0546875
0 0.9765625 0.71328125 0.04375 0.0703125
0 0.39453125 0.221875 0.0765625 0.065625
0 0.88671875 0.95234375 0.0734375 0.0640625
0 0.8375 0.1015625 0.10625 0.090625
0 0.78671875 0.80625 0.0953125 0.08125
0 0.40078125 0.946875 0.0890625 0.075
0 0.59140625 0.415625 0.0796875 0.071875
0 0.09453125 0.746875 0.0921875 0.096875
0 0.55546875 0.09609375 0.0796875 0.0671875
0 0.35703125 0.66875 0.0796875 0.071875
0 0.26875 0.43828125 0.084375 0.0796875
0 0.42421875 0.3875 0.0765625 0.075
0 0.3859375 0.57421875 0.071875 0.0640625
0 0.64609375 0.82890625 0.0828125 0.0671875
0 0.8875 0.34765625 0.090625 0.0828125
0 0.4015625 0.084375 0.0875 0.084375
0 0.36953125 0.7484375 0.0984375 0.078125
0 0.56953125 0.32109375 0.0765625 0.0734375
0 0.62734375 0.046875 0.0703125 0.0625
0 0.55234375 0.5265625 0.0609375 0.059375
0 0.60859375 0.55546875 0.0640625 0.0515625
0 0.06171875 0.64921875 0.0734375 0.0578125
0 0.42109375 0.8625 0.0859375 0.071875
0 0.83515625 0.6859375 0.0671875 0.053125
0 0.0734375 0.9078125 0.096875 0.0875
0 0.79921875 0.30078125 0.0859375 0.0859375
0 0.2890625 0.27578125 0.090625 0.0828125
0 0.278125 0.0421875 0.05625 0.05625
