0 0.37109375 0.6171875 0.0734375 0.059375
0 0.71015625 0.88515625 0.0609375 0.0609375
0 0.63671875 0.971875 0.0796875 0.05
0 0.37734375 0.88671875 0.0859375 0.0828125
0 0.6421875 0.4046875 0.1 0.09375
0 0.6546875 0.0609375 0.08125 0.06875
0 0.16640625 0.803125 0.0828125 0.075
0 0.13984375 0.04375 0.0890625 0.075
0 0.115625 0.865625 0.08125 0.075
0 0.7828125 0.95859375 0.1 0.0703125
0 0.8390625 0.8671875 0.078125 0.06875
0 0.65625 0.57890625 0.10625 0.0984375
0 0.4 0.521875 0.09375 0.09375
0 0.73046875 0.73203125 0.0796875 0.0765625
0 0.12265625 0.9296875 0.0765625 0.065625
0 0.3546875 0.075 0.090625 0.08125
0 0.3640625 0.796875 0.121875 0.084375
