0 0.96796875 0.81328125 0.0578125 0.0671875
0 0.225 0.42890625 0.11875 0.1015625
0 0.66171875 0.14296875 0.0796875 0.0859375
0 0.03515625 0.453125 0.0703125 0.0875
0 0.61328125 0.88046875 0.0796875 0.0796875
0 0.846875 0.20859375 0.084375 0.0765625
0 0.03359375 0.946875 0.0671875 0.075
0 0.921875 0.55390625 0.075 0.0671875
0 0.16953125 0.16875 0.0765625 0.08125
0 0.25625 0.6625 0.0875 0.0875
0 0.4921875 0.79609375 0.075 0.0796875
0 0.8828125 0.39921875 0.071875 0.0796875
0 0.03515625 0.30859375 0.0703125 0.0890625
0 0.315625 0.94296875 0.08125 0.0734375
0 0.23203125 0.9375 0.1140625 0.1
0 0.47890625 0.2953125 0.0984375 0.1
0 0.58671875 0.3953125 0.0984375 0.096875
0 0.6 0.29921875 0.109375 0.0890625
0 0.95078125 0.20078125 0.0828125 0.0890625
0 0.2421875 0.2859375 0.115625 0.109375
0 0.68046875 0.75 0.1046875 0.084375
0 0.1921875 0.61015625 0.10625 0.1046875
0 0.64296875 0.6609375 0.1046875 0.090625
0 0.60703125 0.521875 0.1203125 0.1
0 0.21328125 0.07421875 0.1109375 0.1015625
0 0.271875 0.8125 0.115625 0.1
0 0.6453125 0.03125 0.109375 0.0625
