0 0.2234375 0.95234375 0.090625 0.0734375
0 0.225 0.8359375 0.1 0.0875
0 0.2625 0.2078125 0.08125 0.078125
0 0.2625 0.30234375 0.08125 0.0703125
0 0.65625 0.5890625 0.1 0.0875
0 0.83203125 0.62578125 0.1046875 0.0984375
0 0.4734375 0.02890625 0.078125 0.0578125
0 0.2796875 0.1 0.109375 0.0875
0 0.55703125 0.6859375 0.0828125 0.078125
0 0.09765625 0.74140625 0.1109375 0.0984375
0 0.8296875 0.74453125 0.09375 0.0890625
0 0.76640625 0.115625 0.0828125 0.08125
0 0.4203125 0.85234375 0.09375 0.0765625
0 0.07421875 0.22578125 0.1328125 0.1140625
0 0.46640625 0.93203125 0.1015625 0.0859375
0 0.06328125 0.0296875 0.1109375 0.059375
0 0.6640625 0.2046875 0.103125 0.0875
