0 0.965625 0.59375 0.0625 0.059375
0 0.37265625 0.025 0.0734375 0.046875
0 0.02890625 0.18828125 0.0546875 0.0734375
0 0.0359375 0.80859375 0.06875 0.0734375
0 0.69453125 0.1203125 0.0890625 0.084375
0 0.21875 0.92109375 0.090625 0.0859375
0 0.46171875 0.6125 0.1078125 0.103125
0 0.26953125 0.58359375 0.0703125 0.0609375
0 0.25703125 0.04921875 0.0671875 0.0734375
0 0.30859375 0.68671875 0.0640625 0.0640625
0 0.953125 0.6234375 0.06875 0.0625
0 0.453125 0.765625 0.1 0.090625
0 0.7625 0.53515625 0.121875 0.0828125
0 0.9515625 0.79375 0.084375 0.11875
0 0.034375 0.95078125 0.065625 0.0734375
0 0.32734375 0.86484375 0.1203125 0.1015625
0 0.4640625 0.94296875 0.10625 0.0890625
