0 0.2328125 0.94765625 0.05625 0.0484375
0 0.40859375 0.96875 0.0671875 0.05
0 0.7890625 0.51875 0.08125 0.084375
0 0.41875 0.83046875 0.084375 0.0703125
0 0.871875 0.94921875 0.075 0.0734375
0 0.1515625 0.95390625 0.090625 0.0734375
0 0.73359375 0.7578125 0.0828125 0.065625
0 0.78203125 0.36953125 0.1015625 0.0796875
0 0.30390625 0.6453125 0.0890625 0.09375
0 0.603125 0.64375 0.10625 0.09375
0 0.20390625 0.8734375 0.0765625 0.08125
0 0.2203125 0.725 0.09375 0.0875
0 0.56796875 0.41015625 0.0953125 0.0703125
0 0.44609375 0.90625 0.0828125 0.08125
0 0.28671875 0.45 0.1046875 0.096875
0 0.84453125 0.86796875 0.1109375 0.1015625
0 0.69140625 0.84375 0.1171875 0.11875
