0 0.02734375 0.43203125 0.0515625 0.0578125
0 0.6046875 0.478125 0.0625 0.05625
0 0.021875 0.946875 0.040625 0.065625
0 0.9359375 0.35703125 0.096875 0.0984375
0 0.26015625 0.5578125 0.0890625 0.078125
0 0.9390625 0.88125 0.084375 0.078125
0 0.90625 0.79296875 0.071875 0.0734375
0 0.09140625 0.36484375 0.0828125 0.0796875
0 0.19140625 0.3375 0.0796875 0.06875
0 0.571875 0.9453125 0.109375 0.0875
0 0.85 0.303125 0.084375 0.078125
0 0.55546875 0.8671875 0.0921875 0.0875
0 0.91484375 0.65859375 0.0796875 0.0734375
0 0.18515625 0.4203125 0.0921875 0.0875
0 0.88671875 0.46875 0.0859375 0.1
0 0.44921875 0.6984375 0.1234375 0.121875
0 0.19296875 0.76875 0.1078125 0.109375
0 0.234375 0.87890625 0.096875 0.0921875
0 0.2890625 0.61640625 0.04375 0.0734375
