0 0.47265625 0.025 0.0703125 0.046875
0 0.2546875 0.21171875 0.059375 0.0546875
0 0.51015625 0.71015625 0.0515625 0.0609375
0 0.515625 0.265625 0.06875 0.065625
0 0.58828125 0.68203125 0.0734375 0.0671875
0 0.2 0.05078125 0.071875 0.0578125
0 0.840625 0.19296875 0.084375 0.0828125
0 0.54453125 0.1640625 0.0640625 0.065625
0 0.29453125 0.7515625 0.0859375 0.075
0 0.8015625 0.0296875 0.090625 0.05625
0 0.7953125 0.10234375 0.078125 0.0640625
0 0.8609375 0.69609375 0.090625 0.0859375
0 0.3296875 0.26953125 0.071875 0.0578125
0 0.33984375 0.646875 0.0703125 0.0625
0 0.05078125 0.428125 0.0734375 0.075
0 0.51015625 0.86015625 0.1015625 0.1046875
0 0.809375 0.49609375 0.06875 0.0703125
0 0.48203125 0.38828125 0.0734375 0.0765625
0 0.47734375 0.49765625 0.0859375 0.0671875
0 0.8671875 0.5703125 0.103125 0.084375
0 0.821875 0.8125 0.1 0.084375
0 0.79453125 0.33046875 0.0953125 0.0828125
0 0.3109375 0.51796875 0.1 0.0828125
0 0.4640625 0.203125 0.05 0.034375
