0 0.053125 0.0265625 0.059375 0.05
0 0.76953125 0.01796875 0.0671875 0.0359375
0 0.17109375 0.8234375 0.0484375 0.05
0 0.89921875 0.23671875 0.0640625 0.0453125
0 0.50234375 0.76640625 0.0609375 0.0671875
0 0.4921875 0.02578125 0.09375 0.0515625
0 0.9015625 0.721875 0.0875 0.08125
0 0.9375 0.38515625 0.103125 0.0953125
0 0.25859375 0.1390625 0.0953125 0.0875
0 0.7796875 0.134375 0.08125 0.071875
0 0.8625 0.621875 0.08125 0.078125
0 0.0578125 0.4359375 0.078125 0.09375
0 0.3109375 0.45 0.0875 0.071875
0 0.51015625 0.46640625 0.0921875 0.0828125
0 0.534375 0.69765625 0.10625 0.0953125
0 0.53046875 0.265625 0.0734375 0.08125
0 0.87109375 0.540625 0.0953125 0.078125
0 0.37578125 0.21796875 0.1015625 0.0828125
0 0.30390625 0.81796875 0.1234375 0.1203125
0 0.32578125 0.3515625 0.0984375 0.08125
0 0.35078125 0.91953125 0.1140625 0.0921875
0 0.05859375 0.5703125 0.0953125 0.10625
0 0.05234375 0.9453125 0.0796875 0.084375
