0 0.253125 0.0234375 0.08125 0.046875
0 0.33984375 0.965625 0.1015625 0.05625
0 0.88203125 0.03359375 0.0796875 0.0609375
0 0.271875 0.14296875 0.075 0.0703125
0 0.4703125 0.9703125 0.0875 0.053125
0 0.50859375 0.18203125 0.0828125 0.0859375
0 0.26171875 0.7828125 0.0984375 0.075
0 0.30234375 0.30078125 0.0953125 0.0953125
0 0.5171875 0.30625 0.109375 0.090625
0 0.04765625 0.96796875 0.0828125 0.0515625
0 0.54453125 0.8140625 0.1015625 0.06875
0 0.5515625 0.8609375 0.09375 0.071875
0 0.8484375 0.1984375 0.075 0.06875
0 0.51953125 0.3421875 0.0984375 0.06875
0 0.89453125 0.21484375 0.1265625 0.0890625
0 0.21484375 0.36328125 0.1078125 0.1359375
0 0.915625 0.45703125 0.121875 0.0953125
0 0.446875 0.4 0.084375 0.0875
0 0.88515625 0.328125 0.0953125 0.09375
0 0.5328125 0.0953125 0.090625 0.08125
0 0.7453125 0.95 0.090625 0.078125
0 0.296875 0.8828125 0.115625 0.0875
0 0.76875 0.878125 0.10625 0.0875
