0 0.76484375 0.3109375 0.0578125 0.05625
0 0.79375 0.49375 0.09375 0.10625
0 0.565625 0.28671875 0.10625 0.0859375
0 0.51875 0.08515625 0.090625 0.0796875
0 0.796875 0.25 0.075 0.078125
0 0.84921875 0.6796875 0.0703125 0.05625
0 0.253125 0.27734375 0.0875 0.0828125
0 0.23125 0.44296875 0.06875 0.0640625
0 0.09296875 0.65625 0.0796875 0.08125
0 0.5828125 0.52109375 0.084375 0.0703125
0 0.58984375 0.746875 0.1234375 0.1
0 0.3171875 0.540625 0.1 0.071875
0 0.77734375 0.15078125 0.0765625 0.0640625
0 0.0265625 0.2828125 0.053125 0.0625
0 0.55390625 0.5734375 0.0921875 0.084375
0 0.22265625 0.65234375 0.0859375 0.0734375
0 0.26953125 0.103125 0.0796875 0.078125
0 0.2578125 0.96015625 0.0875 0.0671875
0 0.68671875 0.71953125 0.0859375 0.0796875
0 0.73671875 0.06171875 0.0984375 0.0765625
0 0.90390625 0.9734375 0.0578125 0.04375
0 0.84140625 0.7859375 0.1203125 0.109375
0 0.59921875 0.1578125 0.1015625 0.096875
