0 0.2453125 0.0265625 0.053125 0.05
0 0.94375 0.29921875 0.090625 0.0890625
0 0.03046875 0.14921875 0.0578125 0.0640625
0 0.38359375 0.06171875 0.0734375 0.0734375
0 0.95390625 0.42265625 0.0765625 0.0828125
0 0.4265625 0.49921875 0.09375 0.1046875
0 0.5265625 0.83359375 0.075 0.0640625
0 0.7640625 0.14375 0.0875 0.075
0 0.075 0.384375 0.096875 0.08125
0 0.790625 0.5296875 0.065625 0.0625
0 0.48671875 0.9234375 0.0703125 0.075
0 0.05546875 0.25 0.0859375 0.08125
0 0.20390625 0.09375 0.0796875 0.075
0 0.78046875 0.765625 0.0671875 0.071875
0 0.9078125 0.8484375 0.103125 0.09375
0 0.925 0.13125 0.08125 0.08125
0 0.753125 0.4515625 0.071875 0.06875
0 0.228125 0.6515625 0.08125 0.059375
0 0.73125 0.3140625 0.1 0.084375
0 0.86328125 0.7109375 0.0734375 0.078125
0 0.209375 0.521875 0.08125 0.08125
0 0.1953125 0.22421875 0.06875 0.0640625
0 0.74921875 0.64296875 0.0796875 0.0796875
0 0.221875 0.4234375 0.084375 0.096875
0 0.4046875 0.3140625 0.059375 0.10625
0 0.4125 0.15859375 0.05625 0.0703125
0 0.0234375 0.6515625 0.04375 0.075
0 0.96015625 0.68515625 0.0609375 0.1203125
