0 0.75078125 0.52734375 0.0546875 0.0484375
0 0.03515625 0.47890625 0.0671875 0.0640625
0 0.7171875 0.49375 0.08125 0.06875
0 0.25703125 0.02890625 0.0734375 0.0546875
0 0.45078125 0.0328125 0.0984375 0.0625
0 0.80546875 0.26484375 0.0984375 0.0765625
0 0.78203125 0.74296875 0.0828125 0.0734375
0 0.040625 0.34921875 0.0625 0.0578125
0 0.23984375 0.3375 0.0796875 0.06875
0 0.51953125 0.75 0.0859375 0.078125
0 0.77578125 0.1484375 0.0953125 0.090625
0 0.2609375 0.61015625 0.08125 0.0703125
0 0.5046875 0.9578125 0.06875 0.0625
0 0.4578125 0.59921875 0.065625 0.0640625
0 0.49453125 0.66328125 0.0890625 0.0734375
0 0.2515625 0.14453125 0.075 0.0765625
0 0.9578125 0.40703125 0.065625 0.0734375
0 0.8125 0.39140625 0.096875 0.0890625
0 0.215625 0.46484375 0.09375 0.0796875
0 0.79296875 0.88125 0.0859375 0.075
0 0.77421875 0.9515625 0.0703125 0.06875
0 0.4984375 0.43515625 0.096875 0.0859375
0 0.33359375 0.8359375 0.0703125 0.065625
0 0.48203125 0.271875 0.0640625 0.0625
0 0.0515625 0.62578125 0.06875 0.0609375
0 0.97109375 0.5296875 0.0484375 0.06875
0 0.92421875 0.76015625 0.0703125 0.0703125
0 0.75078125 0.2171875 0.0765625 0.0625
0 0.33984375 0.69765625 0.0640625 0.0734375
0 0.421875 0.22421875 0.1 0.0859375
0 0.5171875 0.83125 0.075 0.06875
