0 0.3328125 0.3265625 0.053125 0.05
0 0.096875 0.59375 0.065625 0.053125
0 0.35234375 0.96796875 0.0953125 0.0578125
0 0.14375 0.37578125 0.103125 0.0921875
0 0.371875 0.86484375 0.10625 0.0859375
0 0.64453125 0.78203125 0.0765625 0.0765625
0 0.39609375 0.68203125 0.0859375 0.0921875
0 0.17265625 0.65 0.0734375 0.065625
0 0.19140625 0.90546875 0.0890625 0.0671875
0 0.7046875 0.596875 0.084375 0.08125
0 0.6515625 0.0234375 0.084375 0.04375
0 0.97109375 0.55234375 0.0484375 0.0828125
0 0.14296875 0.66328125 0.0671875 0.0578125
0 0.13359375 0.7890625 0.0796875 0.0625
0 0.59296875 0.675 0.0859375 0.06875
0 0.66796875 0.23359375 0.0921875 0.0890625
0 0.79765625 0.85625 0.0671875 0.065625
0 0.7140625 0.14453125 0.0875 0.0796875
0 0.8 0.46875 0.109375 0.075
0 0.14765625 0.11875 0.1140625 0.090625
0 0.1375 0.47421875 0.10625 0.0734375
0 0.678125 0.9328125 0.096875 0.078125
0 0.07890625 0.2921875 0.1171875 0.1125
0 0.93671875 0.2 0.1015625 0.090625
0 0.315625 0.41875 0.1125 0.1
0 0.603125 0.34296875 0.1125 0.1015625
0 0.35703125 0.146875 0.0453125 0.040625
