0 0.4578125 0.6703125 0.053125 0.05625
0 0.6109375 0.0484375 0.10625 0.0875
0 0.03125 0.609375 0.0625 0.06875
0 0.6296875 0.7109375 0.084375 0.090625
0 0.440625 0.77890625 0.09375 0.0890625
0 0.03515625 0.384375 0.0703125 0.078125
0 0.15625 0.82265625 0.078125 0.0921875
0 0.3984375 0.40546875 0.084375 0.0796875
0 0.63359375 0.18828125 0.0796875 0.0671875
0 0.17890625 0.91015625 0.0703125 0.0671875
0 0.14296875 0.4640625 0.0859375 0.06875
0 0.51796875 0.38125 0.0796875 0.084375
0 0.05625 0.81171875 0.084375 0.0671875
0 0.95859375 0.76484375 0.0671875 0.0703125
0 0.8703125 0.66875 0.10625 0.109375
0 0.5984375 0.36875 0.0875 0.08125
0 0.14296875 0.3578125 0.0859375 0.08125
0 0.9515625 0.12265625 0.06875 0.0703125
0 0.91484375 0.96640625 0.0890625 0.0578125
0 0.3453125 0.3140625 0.06875 0.071875
0 0.3953125 0.56796875 0.06875 0.0828125
0 0.94140625 0.0265625 0.0796875 0.053125
0 0.0859375 0.9171875 0.078125 0.078125
0 0.39921875 0.07578125 0.0890625 0.0859375
0 0.95 0.06875 0.071875 0.053125
0 0.05390625 0.2203125 0.1046875 0.090625
0 0.62109375 0.2875 0.1078125 0.096875
0 0.88671875 0.38984375 0.1265625 0.1234375
0 0.93046875 0.88828125 0.1171875 0.1140625
0 0.06875 0.540625 0.0875 0.078125
0 0.04296875 0.4859375 0.0828125 0.078125
0 0.37890625 0.20625 0.0953125 0.09375
0 0.07265625 0.03125 0.1015625 0.0625
0 0.634375 0.53203125 0.090625 0.0984375
