0 0.84765625 0.546875 0.0953125 0.10625
0 0.0984375 0.71171875 0.084375 0.0734375
0 0.11171875 0.0828125 0.1140625 0.0875
0 0.50234375 0.15078125 0.1140625 0.0921875
0 0.509375 0.8375 0.0875 0.0875
0 0.09296875 0.3578125 0.0828125 0.071875
0 0.7921875 0.4734375 0.0875 0.078125
0 0.528125 0.35625 0.1125 0.1
0 0.0984375 0.6203125 0.06875 0.06875
0 0.953125 0.04765625 0.08125 0.0921875
0 0.12734375 0.8234375 0.0703125 0.06875
0 0.7734375 0.34765625 0.115625 0.0921875
0 0.8171875 0.80546875 0.109375 0.0921875
0 0.896875 0.3109375 0.06875 0.065625
0 0.765625 0.24765625 0.0875 0.0859375
0 0.5171875 0.49453125 0.103125 0.0984375
0 0.5671875 0.6828125 0.134375 0.103125
0 0.45 0.7046875 0.09375 0.090625
0 0.31953125 0.28203125 0.1484375 0.1140625
0 0.7390625 0.15234375 0.1125 0.0953125
0 0.04296875 0.4265625 0.0828125 0.078125
0 0.41953125 0.5 0.1140625 0.109375
0 0.540625 0.0390625 0.121875 0.075
