0 0.0328125 0.8578125 0.0625 0.059375
0 0.05234375 0.7046875 0.0671875 0.0625
0 0.4625 0.25 0.065625 0.053125
0 0.18515625 0.27265625 0.0703125 0.0578125
0 0.15234375 0.91484375 0.0703125 0.0640625
0 0.43515625 0.02890625 0.0921875 0.0546875
0 0.50390625 0.54375 0.0765625 0.0625
0 0.20078125 0.4828125 0.0671875 0.059375
0 0.284375 0.8125 0.090625 0.075
0 0.209375 0.1515625 0.084375 0.075
0 0.20546875 0.3875 0.0609375 0.059375
0 0.05859375 0.08203125 0.0796875 0.0703125
0 0.1984375 0.6234375 0.065625 0.05625
0 0.0296875 0.959375 0.05625 0.05625
0 0.71953125 0.3546875 0.0890625 0.078125
0 0.5328125 0.88203125 0.075 0.0703125
0 0.48828125 0.69609375 0.0953125 0.0734375
0 0.45390625 0.47578125 0.1109375 0.0921875
0 0.3609375 0.06484375 0.1125 0.0828125
0 0.49453125 0.3421875 0.0984375 0.090625
0 0.6890625 0.68671875 0.09375 0.0921875
0 0.67578125 0.1625 0.1046875 0.10625
0 0.721875 0.565625 0.096875 0.1
0 0.71328125 0.03671875 0.0984375 0.0703125
0 0.19453125 0.0375 0.0890625 0.06875
0 0.69296875 0.434375 0.1140625 0.1
0 0.5578125 0.97578125 0.1 0.0484375
