0 0.971875 0.69921875 0.05625 0.0703125
0 0.225 0.32890625 0.11875 0.1015625
0 0.0359375 0.2078125 0.06875 0.0875
0 0.95 0.10078125 0.08125 0.0859375
0 0.88203125 0.3015625 0.0734375 0.08125
0 0.846875 0.1078125 0.084375 0.075
0 0.6125 0.78125 0.08125 0.08125
0 0.6609375 0.04609375 0.08125 0.0765625
0 0.2703125 0.7109375 0.1125 0.1
0 0.034375 0.85546875 0.065625 0.0859375
0 0.47734375 0.19375 0.0953125 0.096875
0 0.0453125 0.36171875 0.0875 0.1046875
0 0.25625 0.5625 0.0875 0.0875
0 0.921875 0.45390625 0.075 0.0671875
0 0.4890625 0.69609375 0.08125 0.0890625
0 0.31640625 0.84453125 0.0765625 0.0765625
0 0.17734375 0.0640625 0.0921875 0.078125
0 0.23203125 0.8390625 0.1078125 0.103125
0 0.58671875 0.2953125 0.0984375 0.1
0 0.2265625 0.93359375 0.10625 0.0953125
0 0.68125 0.64921875 0.10625 0.0859375
0 0.2421875 0.18671875 0.115625 0.1078125
0 0.6453125 0.9015625 0.11875 0.109375
0 0.60625 0.42265625 0.121875 0.1015625
0 0.64296875 0.559375 0.1046875 0.090625
0 0.1921875 0.51171875 0.10625 0.1015625
0 0.59921875 0.19765625 0.1078125 0.0890625
