0 0.03046875 0.0734375 0.0578125 0.053125
0 0.73515625 0.978125 0.0703125 0.0375
0 0.51015625 0.9703125 0.0890625 0.05
0 0.48984375 0.8625 0.1015625 0.0875
0 0.67890625 0.7515625 0.1046875 0.103125
0 0.621875 0.14375 0.0875 0.071875
0 0.9703125 0.2203125 0.059375 0.0625
0 0.66328125 0.43046875 0.0765625 0.0765625
0 0.14765625 0.05625 0.0828125 0.0875
0 0.0578125 0.92578125 0.084375 0.0765625
0 0.7421875 0.85234375 0.1 0.0953125
0 0.4921875 0.446875 0.121875 0.115625
0 0.61640625 0.24765625 0.1296875 0.1078125
0 0.196875 0.31875 0.10625 0.09375
0 0.47109375 0.15625 0.1015625 0.084375
0 0.42421875 0.228125 0.1296875 0.096875
0 0.4484375 0.0328125 0.10625 0.0625
0 0.63828125 0.37265625 0.0921875 0.0828125
0 0.04375 0.1546875 0.084375 0.096875
