0 0.6328125 0.92578125 0.053125 0.0453125
0 0.053125 0.484375 0.05 0.04375
0 0.9078125 0.246875 0.046875 0.04375
0 0.90390625 0.8234375 0.0484375 0.046875
0 0.8921875 0.0625 0.05 0.05
0 0.878125 0.44453125 0.053125 0.0484375
0 0.58984375 0.35078125 0.0546875 0.0515625
0 0.71015625 0.13359375 0.0484375 0.0484375
0 0.88125 0.203125 0.05625 0.05
0 0.603125 0.634375 0.053125 0.05
0 0.71640625 0.5328125 0.0609375 0.05
0 0.9265625 0.775 0.05625 0.05
0 0.159375 0.35390625 0.05 0.0453125
0 0.60234375 0.50234375 0.0578125 0.0484375
0 0.8859375 0.12890625 0.046875 0.0484375
0 0.584375 0.25078125 0.053125 0.0484375
0 0.7234375 0.45703125 0.05 0.0484375
0 0.5765625 0.41875 0.05 0.046875
0 0.72734375 0.3984375 0.0453125 0.046875
0 0.73125 0.575 0.040625 0.040625
0 0.9109375 0.7046875 0.053125 0.046875
0 0.72734375 0.20859375 0.0484375 0.0453125
0 0.93125 0.63671875 0.053125 0.0453125
0 0.71171875 0.25390625 0.0421875 0.0453125
0 0.62890625 0.85390625 0.0609375 0.0578125
0 0.89140625 0.39140625 0.0609375 0.0546875
0 0.153125 0.80859375 0.059375 0.0640625
0 0.9234375 0.59140625 0.078125 0.0609375
0 0.046875 0.73515625 0.06875 0.0640625
0 0.9234375 0.4984375 0.0625 0.05625
0 0.66484375 0.746875 0.0578125 0.053125
0 0.13828125 0.43046875 0.0484375 0.0453125
0 0.7390625 0.6328125 0.053125 0.05
0 0.33671875 0.6484375 0.0765625 0.0625
0 0.05390625 0.83359375 0.0671875 0.0609375
0 0.30625 0.728125 0.06875 0.06875
0 0.44921875 0.74296875 0.0578125 0.0546875
0 0.421875 0.42265625 0.05 0.0484375
0 0.32578125 0.871875 0.0484375 0.046875
0 0.565625 0.02578125 0.065625 0.0484375
0 0.30546875 0.296875 0.0609375 0.059375
0 0.8921875 0.30390625 0.0625 0.0546875
0 0.30390625 0.51171875 0.0609375 0.0546875
0 0.4375 0.53359375 0.053125 0.0453125
0 0.2984375 0.06015625 0.046875 0.0390625
0 0.153125 0.24921875 0.05 0.0515625
0 0.06875 0.9296875 0.0625 0.05625
0 0.4296875 0.13203125 0.06875 0.0515625
0 0.459375 0.671875 0.059375 0.053125
0 0.1734375 0.6328125 0.071875 0.0625
0 0.30390625 0.43359375 0.0484375 0.0453125
0 0.3109375 0.15703125 0.059375 0.0578125
0 0.7484375 0.7859375 0.0625 0.053125
0 0.053125 0.5984375 0.059375 0.05
0 0.446875 0.8265625 0.090625 0.084375
0 0.4546875 0.921875 0.06875 0.05625
0 0.3328125 0.965625 0.06875 0.059375
0 0.4375 0.97890625 0.096875 0.0328125
0 0.7484375 0.98046875 0.028125 0.0265625
0 0.89296875 0.9125 0.0328125 0.034375
0 0.93046875 0.9671875 0.0546875 0.0375
0 0.765625 0.7171875 0.040625 0.03125
0 0.41484375 0.35546875 0.0484375 0.0578125
0 0.340625 0.3578125 0.040625 0.0375
0 0.4328125 0.27734375 0.05625 0.0546875
0 0.58984375 0.1609375 0.0734375 0.04375
0 0.590625 0.1015625 0.046875 0.05
0 0.7171875 0.06171875 0.05 0.0328125
0 0.42109375 0.053125 0.0515625 0.040625
0 0.15703125 0.16953125 0.0578125 0.0296875
0 0.13125 0.0703125 0.046875 0.0375
0 0.04375 0.04296875 0.05625 0.0390625
0 0.0265625 0.09375 0.0375 0.028125
0 0.04375 0.15390625 0.046875 0.0421875
0 0.04375 0.2875 0.0375 0.034375
0 0.0265625 0.21953125 0.04375 0.0421875
0 0.0328125 0.36015625 0.0375 0.0421875
0 0.0265625 0.415625 0.03125 0.040625
0 0.0546875 0.54375 0.05625 0.040625
0 0.16953125 0.47265625 0.0796875 0.0265625
0 0.16796875 0.503125 0.0515625 0.040625
0 0.1625 0.5828125 0.046875 0.053125
0 0.04921875 0.69453125 0.0515625 0.0359375
0 0.0671875 0.6578125 0.03125 0.025
0 0.13984375 0.69453125 0.0578125 0.0515625
0 0.15546875 0.76171875 0.0546875 0.0421875
0 0.2390625 0.765625 0.05 0.046875
0 0.20703125 0.80390625 0.0421875 0.0390625
0 0.1640625 0.92734375 0.06875 0.0828125
0 0.0515625 0.975 0.034375 0.021875
0 0.3078125 0.81484375 0.0625 0.0484375
0 0.325 0.5984375 0.096875 0.0875
0 0.7421875 0.8515625 0.03125 0.0375
0 0.72734375 0.91875 0.0421875 0.046875
0 0.73125 0.32265625 0.053125 0.0484375
