0 0.2015625 0.484375 0.053125 0.053125
0 0.02890625 0.79921875 0.0515625 0.0515625
0 0.05 0.95390625 0.05625 0.0484375
0 0.04140625 0.66953125 0.0546875 0.0453125
0 0.465625 0.18046875 0.053125 0.0546875
0 0.32890625 0.93671875 0.0546875 0.0484375
0 0.05 0.8703125 0.059375 0.053125
0 0.8859375 0.653125 0.059375 0.053125
0 0.03359375 0.72109375 0.0578125 0.0515625
0 0.315625 0.6171875 0.05625 0.05625
0 0.7671875 0.97421875 0.05625 0.0421875
0 0.02578125 0.459375 0.0484375 0.05625
0 0.33203125 0.5390625 0.0546875 0.059375
0 0.0234375 0.54375 0.04375 0.05
0 0.33515625 0.68203125 0.0546875 0.0515625
0 0.48359375 0.56171875 0.0609375 0.0546875
0 0.73515625 0.17578125 0.0640625 0.0546875
0 0.59609375 0.86953125 0.0578125 0.0484375
0 0.2953125 0.2421875 0.0625 0.05625
0 0.5953125 0.43984375 0.0625 0.0484375
0 0.8296875 0.17421875 0.059375 0.0515625
0 0.32421875 0.97890625 0.0546875 0.0328125
0 0.75625 0.66953125 0.05625 0.0515625
0 0.03671875 0.60625 0.0546875 0.053125
0 0.853125 0.47421875 0.065625 0.0546875
0 0.0234375 0.315625 0.04375 0.0625
0 0.48046875 0.240625 0.0546875 0.05625
0 0.3046875 0.18125 0.0625 0.0625
0 0.33671875 0.45 0.0421875 0.040625
0 0.06484375 0.91640625 0.0390625 0.0390625
0 0.28984375 0.1234375 0.0578125 0.05
0 0.7703125 0.9046875 0.071875 0.05625
0 0.0203125 0.39375 0.0375 0.046875
0 0.171875 0.4171875 0.065625 0.0625
0 0.9078125 0.78203125 0.071875 0.0578125
0 0.1984375 0.56875 0.078125 0.06875
0 0.19609375 0.8390625 0.0765625 0.071875
0 0.58515625 0.36328125 0.0765625 0.0640625
0 0.609375 0.6890625 0.078125 0.0625
0 0.48515625 0.32265625 0.0765625 0.0703125
0 0.8703125 0.2890625 0.078125 0.059375
0 0.31640625 0.396875 0.0703125 0.0625
0 0.60234375 0.55078125 0.0828125 0.0734375
0 0.48203125 0.64296875 0.0765625 0.0703125
0 0.4796875 0.7109375 0.08125 0.065625
0 0.1765625 0.1046875 0.08125 0.071875
0 0.17578125 0.246875 0.0765625 0.065625
0 0.30546875 0.31171875 0.0703125 0.0703125
0 0.603125 0.75390625 0.075 0.0640625
0 0.46328125 0.50390625 0.0765625 0.0671875
0 0.46484375 0.4265625 0.0765625 0.065625
0 0.88359375 0.96015625 0.0796875 0.0578125
0 0.49296875 0.7734375 0.0828125 0.0625
0 0.203125 0.70234375 0.078125 0.0734375
0 0.771875 0.7875 0.078125 0.065625
0 0.51796875 0.88203125 0.0828125 0.0765625
0 0.7890625 0.61484375 0.084375 0.0796875
0 0.61875 0.82734375 0.071875 0.0578125
0 0.3359375 0.86796875 0.078125 0.0609375
0 0.58671875 0.17265625 0.0640625 0.0640625
0 0.753125 0.4734375 0.0875 0.071875
0 0.7734375 0.8515625 0.08125 0.065625
0 0.3328125 0.746875 0.06875 0.065625
0 0.88046875 0.57734375 0.0734375 0.0703125
0 0.61328125 0.934375 0.0671875 0.059375
0 0.89375 0.89375 0.078125 0.065625
0 0.85 0.2390625 0.071875 0.059375
0 0.88125 0.71171875 0.090625 0.0765625
0 0.9046875 0.85234375 0.075 0.0640625
0 0.78828125 0.7046875 0.0734375 0.065625
0 0.21953125 0.63515625 0.0578125 0.0546875
0 0.734375 0.23359375 0.084375 0.0640625
0 0.7515625 0.40703125 0.06875 0.0578125
0 0.878125 0.34765625 0.071875 0.0609375
0 0.4859375 0.9421875 0.065625 0.059375
0 0.7390625 0.3453125 0.06875 0.0625
0 0.73984375 0.27421875 0.0765625 0.0640625
0 0.184375 0.30859375 0.0625 0.0671875
0 0.20078125 0.80390625 0.0609375 0.0453125
0 0.8734375 0.41328125 0.096875 0.0765625
0 0.74453125 0.53671875 0.0921875 0.0734375
0 0.5875 0.25625 0.059375 0.053125
