0 0.60234375 0.81015625 0.0546875 0.0484375
0 0.76015625 0.78984375 0.0546875 0.0515625
0 0.134375 0.18359375 0.059375 0.0546875
0 0.84609375 0.596875 0.0484375 0.05
0 0.43125 0.68984375 0.059375 0.0515625
0 0.7921875 0.30625 0.053125 0.05
0 0.58359375 0.69453125 0.0578125 0.0484375
0 0.53203125 0.1359375 0.0578125 0.053125
0 0.56171875 0.50390625 0.0578125 0.0546875
0 0.85546875 0.42734375 0.0484375 0.0546875
0 0.4640625 0.05390625 0.046875 0.0453125
0 0.8296875 0.51875 0.05 0.05
0 0.5859375 0.93203125 0.059375 0.0515625
0 0.81953125 0.38203125 0.0546875 0.0546875
0 0.88046875 0.9234375 0.0859375 0.08125
0 0.46796875 0.815625 0.0640625 0.053125
0 0.51640625 0.18984375 0.0578125 0.0546875
0 0.25625 0.66640625 0.053125 0.0515625
0 0.578125 0.63984375 0.053125 0.0515625
0 0.73515625 0.7140625 0.0609375 0.05625
0 0.5921875 0.5703125 0.065625 0.05625
0 0.4125 0.42421875 0.059375 0.0515625
0 0.146875 0.59375 0.078125 0.071875
0 0.12890625 0.43828125 0.0734375 0.0609375
0 0.73203125 0.825 0.0578125 0.053125
0 0.54453125 0.30859375 0.0515625 0.0484375
0 0.803125 0.10546875 0.059375 0.0578125
0 0.80859375 0.26484375 0.0546875 0.0484375
0 0.4234375 0.32890625 0.0875 0.0703125
0 0.40078125 0.175 0.0765625 0.065625
0 0.7609375 0.915625 0.06875 0.065625
0 0.440625 0.7625 0.08125 0.059375
0 0.68125 0.1421875 0.05625 0.053125
0 0.2703125 0.8078125 0.05625 0.053125
0 0.696875 0.28828125 0.059375 0.0546875
0 0.74453125 0.47421875 0.0671875 0.0609375
0 0.484375 0.88046875 0.075 0.0609375
0 0.81328125 0.21796875 0.0609375 0.0546875
0 0.121875 0.5046875 0.08125 0.06875
0 0.1703125 0.93671875 0.084375 0.0734375
0 0.4203125 0.565625 0.071875 0.0625
0 0.4265625 0.26015625 0.0625 0.0578125
0 0.46015625 0.95234375 0.0734375 0.0609375
0 0.87890625 0.79296875 0.0765625 0.0734375
0 0.7484375 0.625 0.075 0.06875
0 0.28828125 0.9421875 0.0828125 0.065625
0 0.16796875 0.678125 0.0828125 0.06875
0 0.74296875 0.9671875 0.0640625 0.046875
0 0.56015625 0.37578125 0.0671875 0.0609375
0 0.15 0.8171875 0.08125 0.075
0 0.59921875 0.74375 0.0703125 0.065625
0 0.24765625 0.221875 0.0640625 0.0625
0 0.66015625 0.1921875 0.0609375 0.053125
0 0.5375 0.2484375 0.065625 0.05625
0 0.8796875 0.703125 0.075 0.078125
0 0.5609375 0.87421875 0.075 0.0703125
0 0.265625 0.58046875 0.075 0.0609375
0 0.1328125 0.353125 0.090625 0.075
0 0.13984375 0.73203125 0.0640625 0.0515625
0 0.30234375 0.76484375 0.0828125 0.0734375
0 0.6625 0.04140625 0.05625 0.0578125
0 0.22578125 0.28671875 0.0546875 0.0484375
0 0.240625 0.0984375 0.0625 0.0625
0 0.2515625 0.865625 0.078125 0.0625
0 0.41484375 0.38203125 0.0546875 0.0453125
0 0.43671875 0.634375 0.0484375 0.05
0 0.44140625 0.528125 0.0640625 0.05625
0 0.26328125 0.4359375 0.0703125 0.059375
0 0.153125 0.29375 0.0625 0.053125
0 0.13203125 0.2484375 0.0671875 0.05625
0 0.7359375 0.39140625 0.065625 0.0546875
0 0.96875 0.0671875 0.05 0.0625
0 0.5796875 0.4390625 0.053125 0.05
0 0.2515625 0.490625 0.05625 0.05
0 0.253125 0.33984375 0.078125 0.0796875
0 0.71796875 0.33671875 0.0609375 0.0515625
0 0.98046875 0.13359375 0.0328125 0.0484375
0 0.97734375 0.26484375 0.0359375 0.0421875
0 0.5703125 0.98203125 0.04375 0.0265625
