0 0.76640625 0.3421875 0.0546875 0.05
0 0.046875 0.77421875 0.05 0.0484375
0 0.63671875 0.62421875 0.0546875 0.0515625
0 0.76640625 0.08515625 0.0515625 0.0484375
0 0.528125 0.71796875 0.05 0.0453125
0 0.51171875 0.278125 0.0546875 0.05
0 0.61484375 0.15390625 0.0578125 0.0515625
0 0.3515625 0.278125 0.059375 0.05625
0 0.503125 0.17109375 0.05 0.0515625
0 0.53671875 0.3484375 0.0578125 0.053125
0 0.83671875 0.6765625 0.0546875 0.053125
0 0.8046875 0.44375 0.046875 0.046875
0 0.54375 0.8828125 0.05625 0.053125
0 0.65703125 0.56484375 0.0578125 0.0515625
0 0.76796875 0.38671875 0.0578125 0.0484375
0 0.68671875 0.96796875 0.0609375 0.0484375
0 0.8140625 0.51171875 0.053125 0.0578125
0 0.5140625 0.678125 0.053125 0.05
0 0.02109375 0.07734375 0.0390625 0.0515625
0 0.06640625 0.6953125 0.0484375 0.05
0 0.9359375 0.915625 0.053125 0.053125
0 0.53671875 0.95 0.0578125 0.05
0 0.365625 0.35078125 0.059375 0.0546875
0 0.609375 0.03671875 0.065625 0.0453125
0 0.4671875 0.07265625 0.05 0.0515625
0 0.5234375 0.24609375 0.05 0.0453125
0 0.8875 0.39453125 0.046875 0.0453125
0 0.8109375 0.59921875 0.05625 0.0578125
0 0.46875 0.13984375 0.053125 0.0515625
0 0.37109375 0.7328125 0.0546875 0.05
0 0.66640625 0.9109375 0.0578125 0.05625
0 0.2921875 0.54765625 0.053125 0.0546875
0 0.85703125 0.9109375 0.0671875 0.065625
0 0.51640625 0.52109375 0.0734375 0.0703125
0 0.06484375 0.82734375 0.0515625 0.0484375
0 0.62109375 0.471875 0.0640625 0.0625
0 0.8328125 0.734375 0.053125 0.046875
0 0.81328125 0.76640625 0.0546875 0.0546875
0 0.325 0.88203125 0.071875 0.0640625
0 0.3265625 0.65625 0.06875 0.06875
0 0.2140625 0.8734375 0.06875 0.0625
0 0.1296875 0.4984375 0.071875 0.06875
0 0.08515625 0.93046875 0.0609375 0.0546875
0 0.646875 0.275 0.0625 0.053125
0 0.65859375 0.74375 0.0578125 0.05
0 0.0796875 0.33984375 0.0625 0.0546875
0 0.603125 0.09140625 0.075 0.0609375
0 0.17578125 0.8109375 0.0609375 0.059375
0 0.4984375 0.6234375 0.078125 0.065625
0 0.18203125 0.18125 0.0734375 0.06875
0 0.796875 0.01875 0.053125 0.034375
0 0.2296875 0.10859375 0.08125 0.0640625
0 0.2234375 0.27421875 0.078125 0.0796875
0 0.6359375 0.24453125 0.05625 0.0484375
0 0.64921875 0.8390625 0.0796875 0.075
0 0.25078125 0.41328125 0.0640625 0.0609375
0 0.88203125 0.14453125 0.0640625 0.0609375
0 0.5078125 0.0171875 0.046875 0.03125
0 0.8578125 0.278125 0.05 0.05
0 0.49453125 0.4234375 0.0796875 0.06875
0 0.93671875 0.73828125 0.0515625 0.0484375
0 0.51484375 0.7953125 0.0609375 0.059375
0 0.03125 0.15859375 0.059375 0.0609375
0 0.1328125 0.43671875 0.0625 0.0546875
0 0.5796875 0.40234375 0.059375 0.0609375
0 0.77421875 0.2953125 0.0546875 0.046875
0 0.66953125 0.7296875 0.0703125 0.059375
0 0.34453125 0.40703125 0.0640625 0.0546875
0 0.0390625 0.02421875 0.06875 0.0453125
0 0.0421875 0.24140625 0.059375 0.0578125
0 0.9390625 0.77265625 0.059375 0.0515625
0 0.64765625 0.70078125 0.0515625 0.0484375
0 0.934375 0.63359375 0.06875 0.0609375
0 0.340625 0.825 0.06875 0.05625
0 0.9515625 0.82265625 0.05 0.0515625
0 0.34765625 0.775 0.0734375 0.059375
0 0.86796875 0.3328125 0.0609375 0.059375
0 0.59296875 0.35625 0.0453125 0.04375
0 0.32578125 0.13203125 0.0578125 0.0515625
0 0.78125 0.1671875 0.040625 0.04375
0 0.89375 0.51328125 0.05 0.0515625
