0 0.453125 0.04375 0.046875 0.04375
0 0.15390625 0.2046875 0.0546875 0.05
0 0.5390625 0.10546875 0.05625 0.0484375
0 0.58125 0.2703125 0.046875 0.04375
0 0.153125 0.0640625 0.053125 0.053125
0 0.559375 0.4015625 0.04375 0.04375
0 0.5703125 0.46875 0.053125 0.05
0 0.47109375 0.34140625 0.0453125 0.0421875
0 0.596875 0.559375 0.046875 0.04375
0 0.2890625 0.26171875 0.053125 0.0484375
0 0.41953125 0.228125 0.0515625 0.053125
0 0.43828125 0.11328125 0.0484375 0.0453125
0 0.87734375 0.96875 0.0578125 0.04375
0 0.8296875 0.46875 0.0625 0.046875
0 0.43203125 0.2984375 0.0453125 0.040625
0 0.2875 0.51796875 0.05 0.0546875
0 0.865625 0.06484375 0.053125 0.0484375
0 0.178125 0.44921875 0.05 0.0484375
0 0.7328125 0.46796875 0.046875 0.0453125
0 0.72578125 0.19921875 0.0515625 0.0453125
0 0.8640625 0.3515625 0.06875 0.05625
0 0.725 0.25859375 0.05 0.0421875
0 0.73203125 0.13984375 0.0640625 0.0578125
0 0.684375 0.8015625 0.0875 0.071875
0 0.865625 0.19453125 0.071875 0.0609375
0 0.734375 0.5390625 0.071875 0.05625
0 0.471875 0.475 0.059375 0.053125
0 0.846875 0.84921875 0.05 0.0484375
0 0.55234375 0.15625 0.0421875 0.0375
0 0.2875 0.20546875 0.05 0.0453125
0 0.7140625 0.375 0.059375 0.05625
0 0.725 0.91484375 0.065625 0.0546875
0 0.7375 0.3078125 0.071875 0.059375
0 0.5765625 0.3390625 0.0375 0.040625
0 0.8546875 0.2625 0.06875 0.059375
0 0.68828125 0.57421875 0.0453125 0.0390625
0 0.45 0.17578125 0.046875 0.0484375
0 0.6296875 0.93828125 0.065625 0.0609375
0 0.2796875 0.14140625 0.04375 0.0421875
0 0.56171875 0.20390625 0.0359375 0.0390625
0 0.74765625 0.0171875 0.0484375 0.03125
0 0.7375 0.05625 0.065625 0.053125
0 0.97734375 0.50234375 0.0359375 0.0390625
0 0.17890625 0.384375 0.0453125 0.05
0 0.53671875 0.9765625 0.0515625 0.034375
0 0.3078125 0.97890625 0.046875 0.0328125
0 0.1421875 0.015625 0.04375 0.028125
0 0.21015625 0.0625 0.0453125 0.046875
0 0.84609375 0.934375 0.0765625 0.0625
0 0.8421875 0.13203125 0.071875 0.0609375
0 0.19296875 0.93359375 0.0859375 0.0765625
0 0.5609375 0.83359375 0.090625 0.0953125
0 0.28359375 0.46171875 0.0546875 0.0421875
0 0.28515625 0.3453125 0.0453125 0.03125
0 0.334375 0.371875 0.040625 0.0375
0 0.15 0.27421875 0.053125 0.0390625
0 0.15390625 0.14296875 0.0296875 0.0359375
0 0.28828125 0.07109375 0.0578125 0.0421875
0 0.2671875 0.01328125 0.03125 0.0203125
0 0.484375 0.5453125 0.034375 0.0375
0 0.46875 0.61875 0.034375 0.05
0 0.840625 0.5078125 0.0375 0.0375
0 0.32265625 0.9125 0.0484375 0.0625
0 0.18203125 0.5609375 0.0390625 0.03125
0 0.184375 0.62578125 0.053125 0.0359375
0 0.27734375 0.6078125 0.0453125 0.04375
0 0.16796875 0.33046875 0.0421875 0.0453125
