0 0.06015625 0.7453125 0.0515625 0.046875
0 0.7734375 0.56015625 0.053125 0.0546875
0 0.053125 0.80234375 0.05625 0.0546875
0 0.08984375 0.2625 0.0453125 0.046875
0 0.06875 0.58984375 0.053125 0.0453125
0 0.30078125 0.3703125 0.0578125 0.05
0 0.078125 0.32109375 0.053125 0.0453125
0 0.490625 0.2265625 0.053125 0.04375
0 0.9078125 0.61015625 0.053125 0.0515625
0 0.0921875 0.5046875 0.0625 0.05625
0 0.35546875 0.0203125 0.0515625 0.0375
0 0.07421875 0.02265625 0.0703125 0.0421875
0 0.49609375 0.5984375 0.0515625 0.046875
0 0.9 0.5421875 0.05 0.05
0 0.08359375 0.3578125 0.0546875 0.05
0 0.61484375 0.73125 0.0640625 0.0625
0 0.265625 0.76953125 0.0625 0.0671875
0 0.87734375 0.028125 0.0671875 0.053125
0 0.91953125 0.73828125 0.0765625 0.0578125
0 0.90859375 0.2828125 0.0890625 0.090625
0 0.11015625 0.959375 0.0765625 0.06875
0 0.2671875 0.1828125 0.075 0.06875
0 0.92734375 0.64921875 0.0765625 0.0703125
0 0.2484375 0.68828125 0.075 0.0734375
0 0.76796875 0.15390625 0.0703125 0.0640625
0 0.24609375 0.609375 0.0703125 0.0625
0 0.09140625 0.15859375 0.0609375 0.0546875
0 0.81484375 0.95390625 0.0859375 0.0703125
0 0.8078125 0.7015625 0.08125 0.0875
0 0.08515625 0.86796875 0.0703125 0.0609375
0 0.76328125 0.03203125 0.0734375 0.0578125
0 0.89921875 0.115625 0.0734375 0.078125
0 0.90625 0.40703125 0.059375 0.0578125
0 0.19296875 0.475 0.0640625 0.0625
0 0.09453125 0.66328125 0.0703125 0.0640625
0 0.40546875 0.0953125 0.0828125 0.071875
0 0.9125 0.48671875 0.06875 0.0578125
0 0.7796875 0.29375 0.075 0.0625
0 0.7828125 0.621875 0.06875 0.0625
0 0.2375 0.84453125 0.065625 0.0671875
0 0.78515625 0.46953125 0.0640625 0.0609375
0 0.76640625 0.23828125 0.0640625 0.0546875
0 0.9359375 0.8734375 0.08125 0.075
0 0.071875 0.08359375 0.0625 0.0546875
0 0.5 0.5390625 0.059375 0.053125
0 0.2890625 0.4203125 0.071875 0.0625
0 0.33515625 0.5625 0.0609375 0.071875
0 0.93125 0.78671875 0.071875 0.0578125
0 0.63125 0.6046875 0.05625 0.053125
0 0.765625 0.35078125 0.059375 0.0578125
0 0.61953125 0.89921875 0.0640625 0.0703125
0 0.925 0.96796875 0.065625 0.0515625
0 0.51796875 0.8578125 0.0734375 0.06875
