0 0.903125 0.1484375 0.053125 0.053125
0 0.075 0.646875 0.059375 0.053125
0 0.07578125 0.7 0.0546875 0.053125
0 0.19609375 0.45703125 0.0578125 0.0515625
0 0.04765625 0.3328125 0.0515625 0.046875
0 0.18828125 0.32578125 0.0578125 0.0484375
0 0.03671875 0.23046875 0.0640625 0.0515625
0 0.92578125 0.22265625 0.0609375 0.0484375
0 0.18671875 0.725 0.0546875 0.05
0 0.76640625 0.7265625 0.0515625 0.05
0 0.91015625 0.9734375 0.0640625 0.04375
0 0.37890625 0.6171875 0.0578125 0.053125
0 0.19453125 0.52734375 0.0609375 0.0515625
0 0.95078125 0.8671875 0.0546875 0.046875
0 0.0765625 0.453125 0.071875 0.059375
0 0.47265625 0.2828125 0.0828125 0.065625
0 0.74375 0.1609375 0.090625 0.071875
0 0.04375 0.17265625 0.059375 0.0515625
0 0.7796875 0.7890625 0.071875 0.05625
0 0.92734375 0.61015625 0.0734375 0.0609375
0 0.32265625 0.16328125 0.0734375 0.0703125
0 0.096875 0.971875 0.05625 0.040625
0 0.7671875 0.47890625 0.071875 0.0671875
0 0.18046875 0.19453125 0.0703125 0.0640625
0 0.434375 0.2359375 0.053125 0.05
0 0.65546875 0.74921875 0.0828125 0.0734375
0 0.7265625 0.3625 0.075 0.06875
0 0.48828125 0.6765625 0.0703125 0.071875
0 0.3640625 0.95 0.065625 0.0625
0 0.959375 0.73671875 0.065625 0.0703125
0 0.19453125 0.9046875 0.0546875 0.05
0 0.18359375 0.25546875 0.0796875 0.0609375
0 0.3 0.43203125 0.075 0.0640625
0 0.478125 0.9484375 0.071875 0.065625
0 0.65234375 0.56015625 0.0765625 0.0609375
0 0.77265625 0.29921875 0.0859375 0.0765625
0 0.48125 0.38046875 0.09375 0.0828125
0 0.44375 0.46328125 0.0875 0.0734375
0 0.77265625 0.84375 0.0734375 0.065625
0 0.60625 0.146875 0.08125 0.075
0 0.94921875 0.82265625 0.0671875 0.0609375
0 0.75703125 0.9359375 0.0734375 0.075
0 0.3640625 0.81875 0.053125 0.05625
0 0.6421875 0.5 0.071875 0.0625
0 0.33203125 0.31015625 0.0609375 0.0578125
0 0.659375 0.9390625 0.075 0.0625
0 0.6234375 0.01953125 0.0625 0.0390625
0 0.48671875 0.80234375 0.0671875 0.0578125
0 0.6109375 0.371875 0.071875 0.0625
0 0.096875 0.90546875 0.075 0.0734375
0 0.20078125 0.84765625 0.0515625 0.0484375
0 0.93671875 0.53828125 0.0796875 0.0703125
0 0.671875 0.62109375 0.065625 0.0546875
0 0.92109375 0.33828125 0.0828125 0.0703125
0 0.08828125 0.59921875 0.0640625 0.0578125
0 0.35859375 0.5125 0.0609375 0.059375
0 0.09140625 0.51796875 0.0734375 0.0609375
0 0.94375 0.47890625 0.065625 0.0546875
0 0.36171875 0.7078125 0.0640625 0.06875
0 0.93203125 0.42421875 0.0734375 0.0640625
0 0.45078125 0.17578125 0.0765625 0.0671875
0 0.6265625 0.303125 0.084375 0.06875
0 0.95 0.66953125 0.065625 0.0578125
0 0.61796875 0.2328125 0.0765625 0.071875
0 0.91328125 0.26875 0.0671875 0.05625
0 0.65859375 0.79453125 0.0671875 0.0546875
0 0.48828125 0.8609375 0.0671875 0.053125
0 0.36015625 0.36015625 0.0515625 0.0515625
0 0.0375 0.02421875 0.071875 0.0484375
0 0.47265625 0.54296875 0.0578125 0.0546875
0 0.2046875 0.76875 0.065625 0.05
0 0.37578125 0.771875 0.0546875 0.046875
0 0.6671875 0.66328125 0.065625 0.0546875
0 0.19921875 0.65703125 0.0703125 0.0578125
0 0.19765625 0.58046875 0.0703125 0.0578125
0 0.04609375 0.275 0.0578125 0.053125
0 0.35703125 0.25546875 0.0671875 0.0609375
0 0.78515625 0.61796875 0.0609375 0.0609375
0 0.0765625 0.38515625 0.065625 0.0578125
0 0.1828125 0.37421875 0.071875 0.0609375
0 0.73671875 0.28046875 0.0546875 0.0578125
0 0.65703125 0.88359375 0.0734375 0.0578125
0 0.34296875 0.57734375 0.0640625 0.0640625
0 0.8015625 0.55078125 0.090625 0.0765625
