0 0.96875 0.31328125 0.05 0.0515625
0 0.6734375 0.56015625 0.053125 0.0546875
0 0.971875 0.5203125 0.046875 0.053125
0 0.20078125 0.3703125 0.0578125 0.05
0 0.390625 0.2265625 0.053125 0.04375
0 0.97578125 0.38828125 0.0421875 0.0546875
0 0.8078125 0.61015625 0.053125 0.0515625
0 0.25546875 0.01953125 0.0515625 0.0359375
0 0.97265625 0.47265625 0.0453125 0.0515625
0 0.396875 0.59921875 0.053125 0.0484375
0 0.81171875 0.48671875 0.0671875 0.0578125
0 0.165625 0.76953125 0.0625 0.0671875
0 0.4828125 0.825 0.0625 0.05625
0 0.025 0.96015625 0.046875 0.0578125
0 0.57109375 0.0984375 0.0515625 0.053125
0 0.14765625 0.6875 0.0734375 0.075
0 0.71484375 0.953125 0.0859375 0.06875
0 0.778125 0.028125 0.065625 0.053125
0 0.7078125 0.70234375 0.08125 0.0890625
0 0.8203125 0.7375 0.078125 0.059375
0 0.16640625 0.1828125 0.0765625 0.06875
0 0.66328125 0.03203125 0.0734375 0.0578125
0 0.8265625 0.64921875 0.075 0.0703125
0 0.66796875 0.1546875 0.0703125 0.065625
0 0.79921875 0.115625 0.0734375 0.078125
0 0.14609375 0.61015625 0.0703125 0.0609375
0 0.6796875 0.29375 0.075 0.0625
0 0.80625 0.40625 0.059375 0.059375
0 0.1375 0.84453125 0.065625 0.0671875
0 0.30625 0.09609375 0.08125 0.0703125
0 0.8375 0.8734375 0.084375 0.075
0 0.6859375 0.47109375 0.0625 0.0609375
0 0.39921875 0.5390625 0.0609375 0.053125
0 0.09296875 0.475 0.0640625 0.0625
0 0.51484375 0.73203125 0.0640625 0.0609375
0 0.66640625 0.2390625 0.0640625 0.053125
0 0.1890625 0.42109375 0.071875 0.0640625
0 0.23515625 0.5625 0.0609375 0.071875
0 0.96328125 0.0921875 0.0578125 0.071875
0 0.68359375 0.6203125 0.0671875 0.0625
0 0.825 0.96796875 0.065625 0.0515625
0 0.52109375 0.9015625 0.0640625 0.071875
0 0.66484375 0.35 0.0609375 0.059375
0 0.5375 0.60546875 0.065625 0.0546875
0 0.83203125 0.78671875 0.0703125 0.0578125
0 0.9671875 0.028125 0.053125 0.053125
0 0.8 0.54140625 0.05 0.0515625
0 0.41796875 0.8578125 0.0734375 0.06875
0 0.809375 0.28359375 0.09375 0.0890625
0 0.45390625 0.4015625 0.0421875 0.025
0 0.840625 0.93203125 0.040625 0.0296875
0 0.5390625 0.96328125 0.04375 0.0453125
0 0.98671875 0.13671875 0.0265625 0.0484375
0 0.8328125 0.2390625 0.034375 0.05
