0 0.2828125 0.04609375 0.053125 0.0453125
0 0.134375 0.36171875 0.05625 0.0515625
0 0.6921875 0.209375 0.04375 0.040625
0 0.81484375 0.21484375 0.0484375 0.0453125
0 0.73515625 0.1421875 0.0546875 0.05
0 0.82890625 0.56328125 0.0515625 0.0515625
0 0.7359375 0.5375 0.05625 0.053125
0 0.15 0.5625 0.046875 0.04375
0 0.79609375 0.090625 0.0515625 0.046875
0 0.6984375 0.46328125 0.046875 0.0515625
0 0.290625 0.73515625 0.053125 0.0484375
0 0.8203125 0.33359375 0.046875 0.0453125
0 0.16953125 0.265625 0.0578125 0.05
0 0.178125 0.74375 0.053125 0.04375
0 0.16328125 0.778125 0.0421875 0.0375
0 0.1484375 0.31484375 0.05625 0.0484375
0 0.809375 0.2609375 0.05 0.046875
0 0.815625 0.13828125 0.053125 0.0546875
0 0.8453125 0.64453125 0.05625 0.0515625
0 0.1625 0.1390625 0.046875 0.046875
0 0.42265625 0.2140625 0.0515625 0.046875
0 0.53828125 0.2015625 0.0578125 0.05
0 0.709375 0.01953125 0.05625 0.0359375
0 0.7015625 0.271875 0.059375 0.05
0 0.72265625 0.596875 0.0546875 0.05
0 0.4578125 0.6921875 0.075 0.0625
0 0.56171875 0.51328125 0.0703125 0.0640625
0 0.5859375 0.76484375 0.090625 0.0734375
0 0.83125 0.44140625 0.04375 0.0390625
0 0.28359375 0.353125 0.0671875 0.059375
0 0.525 0.2625 0.05 0.05
0 0.8984375 0.74453125 0.05 0.0453125
0 0.28203125 0.47578125 0.0703125 0.0609375
0 0.28984375 0.56171875 0.0796875 0.0671875
0 0.43203125 0.39609375 0.0734375 0.0609375
0 0.42734375 0.29296875 0.0734375 0.0671875
0 0.43515625 0.77890625 0.0734375 0.0671875
0 0.45625 0.47890625 0.06875 0.0640625
0 0.5390625 0.1328125 0.078125 0.06875
0 0.275 0.6453125 0.065625 0.06875
0 0.53359375 0.33046875 0.0578125 0.0546875
0 0.1375 0.0703125 0.06875 0.059375
0 0.1328125 0.20390625 0.06875 0.0578125
0 0.15078125 0.63671875 0.0671875 0.0578125
0 0.421875 0.04453125 0.053125 0.0390625
0 0.26796875 0.79609375 0.0828125 0.0734375
0 0.0265625 0.68046875 0.046875 0.0484375
0 0.4125 0.0984375 0.065625 0.05625
0 0.82734375 0.78984375 0.0609375 0.0609375
0 0.1484375 0.50390625 0.053125 0.0515625
0 0.12578125 0.125 0.0453125 0.040625
0 0.26328125 0.234375 0.0671875 0.059375
0 0.71015625 0.34921875 0.0578125 0.0578125
0 0.8234375 0.40078125 0.06875 0.0546875
0 0.80546875 0.525 0.0359375 0.0375
0 0.15 0.0375 0.04375 0.034375
0 0.28359375 0.42421875 0.0640625 0.0515625
0 0.278125 0.14296875 0.0625 0.0609375
0 0.2671875 0.09609375 0.046875 0.0390625
0 0.9796875 0.10546875 0.03125 0.0421875
0 0.56328125 0.58203125 0.0546875 0.0484375
0 0.71015625 0.08125 0.0453125 0.0375
0 0.14296875 0.44921875 0.0578125 0.0578125
0 0.54609375 0.421875 0.0484375 0.040625
0 0.55 0.46328125 0.040625 0.0359375
0 0.78203125 0.75625 0.0484375 0.05
0 0.83046875 0.021875 0.0703125 0.040625
0 0.534375 0.02734375 0.071875 0.0515625
0 0.1640625 0.68203125 0.05 0.0515625
0 0.45546875 0.60625 0.0703125 0.071875
0 0.43828125 0.5625 0.0390625 0.034375
0 0.975 0.6953125 0.046875 0.05625
0 0.85 0.7265625 0.034375 0.05
0 0.98046875 0.44375 0.0390625 0.071875
0 0.58046875 0.68125 0.0421875 0.046875
0 0.56015625 0.63125 0.0453125 0.053125
0 0.28984375 0.296875 0.0390625 0.034375
