0 0.8375 0.584375 0.05 0.046875
0 0.80078125 0.04453125 0.0546875 0.0453125
0 0.11328125 0.82109375 0.0515625 0.0484375
0 0.70078125 0.5625 0.0546875 0.05
0 0.61171875 0.23515625 0.0515625 0.0484375
0 0.81875 0.08203125 0.053125 0.0515625
0 0.92578125 0.22109375 0.0515625 0.0515625
0 0.5546875 0.2046875 0.046875 0.040625
0 0.82109375 0.41875 0.0453125 0.040625
0 0.9296875 0.53984375 0.053125 0.0484375
0 0.83828125 0.540625 0.0453125 0.04375
0 0.63359375 0.3 0.0484375 0.05
0 0.62890625 0.03984375 0.0546875 0.0546875
0 0.69375 0.675 0.05 0.05
0 0.66484375 0.17421875 0.0546875 0.0546875
0 0.53828125 0.37890625 0.0515625 0.0453125
0 0.85234375 0.35 0.0546875 0.05625
0 0.503125 0.24140625 0.05625 0.0515625
0 0.93828125 0.49453125 0.0546875 0.0484375
0 0.5609375 0.5265625 0.05625 0.05
0 0.84296875 0.646875 0.0578125 0.059375
0 0.678125 0.25859375 0.05625 0.0578125
0 0.9765625 0.7328125 0.0375 0.05
0 0.54453125 0.340625 0.0578125 0.053125
0 0.2640625 0.62734375 0.0875 0.0796875
0 0.69921875 0.5109375 0.0703125 0.059375
0 0.0203125 0.67109375 0.0375 0.0546875
0 0.08515625 0.7234375 0.0703125 0.065625
0 0.296875 0.4078125 0.084375 0.06875
0 0.0625 0.1890625 0.071875 0.065625
0 0.30703125 0.940625 0.0828125 0.06875
0 0.4125 0.9140625 0.0625 0.05625
0 0.8203125 0.25 0.05625 0.05625
0 0.0671875 0.35234375 0.0875 0.0671875
0 0.37578125 0.3078125 0.0796875 0.06875
0 0.39609375 0.23828125 0.0734375 0.0640625
0 0.4015625 0.4328125 0.08125 0.078125
0 0.50390625 0.58828125 0.0703125 0.0640625
0 0.86875 0.7109375 0.065625 0.05625
0 0.72265625 0.64609375 0.0484375 0.0453125
0 0.89453125 0.03359375 0.0703125 0.0578125
0 0.50234375 0.034375 0.0671875 0.05625
0 0.80390625 0.36484375 0.0546875 0.0546875
0 0.06640625 0.103125 0.0890625 0.071875
0 0.371875 0.18671875 0.075 0.0609375
0 0.41875 0.7 0.06875 0.0625
0 0.3546875 0.06328125 0.090625 0.0734375
0 0.26015625 0.246875 0.0890625 0.06875
0 0.8265625 0.47421875 0.06875 0.0609375
0 0.95859375 0.3578125 0.0453125 0.04375
0 0.55078125 0.4578125 0.0765625 0.078125
0 0.86640625 0.79921875 0.0609375 0.0609375
0 0.0765625 0.2640625 0.08125 0.078125
0 0.26953125 0.19765625 0.0796875 0.0671875
0 0.078125 0.4375 0.0625 0.0625
0 0.940625 0.2765625 0.0625 0.053125
0 0.071875 0.54765625 0.06875 0.0671875
0 0.265625 0.1203125 0.078125 0.071875
0 0.38046875 0.75234375 0.0984375 0.0796875
0 0.28125 0.33359375 0.078125 0.0671875
0 0.665625 0.37421875 0.075 0.0671875
0 0.253125 0.58515625 0.059375 0.0484375
0 0.525 0.775 0.06875 0.059375
0 0.6828125 0.74921875 0.06875 0.0609375
0 0.39375 0.61484375 0.084375 0.0703125
0 0.36796875 0.565625 0.0734375 0.05625
0 0.91015625 0.859375 0.0640625 0.0625
0 0.10546875 0.6375 0.0671875 0.053125
0 0.6046875 0.103125 0.05 0.046875
0 0.9203125 0.15 0.06875 0.05625
0 0.290625 0.5109375 0.078125 0.0625
0 0.56015625 0.70859375 0.0640625 0.0578125
0 0.3734375 0.121875 0.075 0.059375
0 0.27578125 0.734375 0.0765625 0.06875
0 0.284375 0.7734375 0.075 0.06875
0 0.509375 0.0859375 0.071875 0.0625
0 0.9375 0.3984375 0.06875 0.059375
0 0.25859375 0.0265625 0.0734375 0.05
0 0.10546875 0.953125 0.0703125 0.05625
0 0.60546875 0.90859375 0.0671875 0.0609375
0 0.55 0.6375 0.059375 0.059375
0 0.9453125 0.0953125 0.065625 0.059375
0 0.27578125 0.4609375 0.0671875 0.05625
0 0.559375 0.134375 0.05625 0.053125
0 0.40625 0.52421875 0.05 0.0515625
0 0.66796875 0.784375 0.0703125 0.05625
0 0.821875 0.2796875 0.04375 0.034375
0 0.7 0.62578125 0.05 0.0421875
0 0.7265625 0.8171875 0.059375 0.053125
0 0.92578125 0.59140625 0.0640625 0.0578125
0 0.81953125 0.16171875 0.0640625 0.0578125
0 0.16015625 0.9625 0.0453125 0.059375
0 0.70859375 0.86796875 0.0515625 0.0421875
