0 0.6546875 0.94296875 0.059375 0.0515625
0 0.76171875 0.3484375 0.0578125 0.053125
0 0.7609375 0.84921875 0.05 0.0421875
0 0.465625 0.18359375 0.05625 0.0484375
0 0.22421875 0.24375 0.0609375 0.053125
0 0.971875 0.06875 0.046875 0.053125
0 0.66953125 0.7609375 0.0546875 0.05
0 0.07734375 0.02109375 0.0546875 0.0390625
0 0.31875 0.0203125 0.065625 0.0375
0 0.78203125 0.79609375 0.0546875 0.0484375
0 0.95625 0.7578125 0.0625 0.059375
0 0.6640625 0.31328125 0.0625 0.0546875
0 0.2328125 0.18984375 0.0625 0.0484375
0 0.7453125 0.28515625 0.0625 0.0546875
0 0.97109375 0.95546875 0.0421875 0.0515625
0 0.48359375 0.25390625 0.0640625 0.0546875
0 0.76796875 0.95390625 0.0671875 0.0609375
0 0.665625 0.97890625 0.046875 0.0296875
0 0.1171875 0.25234375 0.078125 0.0703125
0 0.22890625 0.328125 0.0765625 0.075
0 0.384375 0.4125 0.078125 0.06875
0 0.7546875 0.03046875 0.075 0.0578125
0 0.14765625 0.88984375 0.0890625 0.0765625
0 0.26328125 0.53203125 0.0828125 0.0828125
0 0.81875 0.4625 0.06875 0.0625
0 0.940625 0.21328125 0.08125 0.0921875
0 0.684375 0.48984375 0.071875 0.0734375
0 0.92734375 0.815625 0.0734375 0.065625
0 0.96640625 0.3515625 0.0546875 0.06875
0 0.77421875 0.15546875 0.0703125 0.0578125
0 0.43359375 0.69140625 0.0640625 0.0578125
0 0.6265625 0.0984375 0.075 0.065625
0 0.95625 0.11796875 0.06875 0.0703125
0 0.7828125 0.89765625 0.065625 0.0578125
0 0.63984375 0.17109375 0.0703125 0.0515625
0 0.7734375 0.23984375 0.071875 0.0640625
0 0.315625 0.959375 0.0625 0.05625
0 0.9671875 0.60625 0.05625 0.0625
0 0.25078125 0.41953125 0.0890625 0.0828125
0 0.64921875 0.22734375 0.0828125 0.0671875
0 0.94921875 0.9 0.0609375 0.05625
0 0.26875 0.69921875 0.071875 0.0640625
0 0.47578125 0.11171875 0.0703125 0.0609375
0 0.76328125 0.090625 0.0703125 0.05625
0 0.80234375 0.653125 0.0640625 0.053125
0 0.64375 0.0453125 0.05625 0.05
0 0.5109375 0.41875 0.075 0.071875
0 0.453125 0.753125 0.0625 0.04375
0 0.19296875 0.02578125 0.0609375 0.0390625
0 0.20234375 0.0953125 0.0578125 0.05
0 0.52734375 0.3296875 0.0484375 0.05
0 0.98203125 0.303125 0.0359375 0.046875
0 0.46171875 0.0640625 0.0609375 0.05
