0 0.08125 0.97421875 0.053125 0.0421875
0 0.84921875 0.86953125 0.0546875 0.0515625
0 0.23203125 0.1109375 0.0546875 0.05
0 0.96796875 0.68125 0.0484375 0.053125
0 0.23359375 0.82421875 0.0578125 0.0515625
0 0.96796875 0.88515625 0.0484375 0.0515625
0 0.0671875 0.60234375 0.05 0.0484375
0 0.78984375 0.734375 0.0578125 0.053125
0 0.9296875 0.6234375 0.05625 0.05625
0 0.0765625 0.5421875 0.0625 0.05625
0 0.3640625 0.73828125 0.05625 0.0515625
0 0.07734375 0.79765625 0.0546875 0.0578125
0 0.90703125 0.19609375 0.0546875 0.0484375
0 0.92265625 0.02109375 0.0640625 0.0390625
0 0.92578125 0.3890625 0.0546875 0.05625
0 0.09921875 0.02109375 0.0609375 0.0390625
0 0.525 0.51640625 0.059375 0.0515625
0 0.103125 0.21875 0.0625 0.05625
0 0.25625 0.025 0.065625 0.046875
0 0.3484375 0.61171875 0.05625 0.0609375
0 0.846875 0.21171875 0.05 0.0421875
0 0.065625 0.7328125 0.059375 0.059375
0 0.53046875 0.94765625 0.0640625 0.0578125
0 0.01875 0.2125 0.034375 0.046875
0 0.21796875 0.559375 0.0578125 0.046875
0 0.06484375 0.10078125 0.0640625 0.0515625
0 0.2265625 0.67578125 0.08125 0.0734375
0 0.834375 0.4203125 0.071875 0.06875
0 0.26796875 0.471875 0.0703125 0.071875
0 0.3734375 0.3203125 0.078125 0.071875
0 0.0640625 0.66796875 0.075 0.0609375
0 0.1109375 0.33671875 0.090625 0.0765625
0 0.38359375 0.69453125 0.0578125 0.0609375
0 0.91015625 0.11484375 0.0640625 0.0578125
0 0.37109375 0.04375 0.0734375 0.065625
0 0.5703125 0.85859375 0.065625 0.0671875
0 0.80390625 0.51953125 0.0734375 0.0734375
0 0.8578125 0.934375 0.06875 0.0625
0 0.26015625 0.8828125 0.0828125 0.06875
0 0.78671875 0.67265625 0.0640625 0.0640625
0 0.24609375 0.18125 0.0671875 0.05625
0 0.3765625 0.86796875 0.071875 0.0640625
0 0.96640625 0.56953125 0.0578125 0.0671875
0 0.38046875 0.55546875 0.0703125 0.0734375
0 0.26328125 0.7828125 0.0671875 0.059375
0 0.35546875 0.475 0.0703125 0.071875
0 0.9640625 0.834375 0.059375 0.0625
0 0.86171875 0.7984375 0.0578125 0.059375
0 0.078125 0.17890625 0.06875 0.0578125
0 0.8671875 0.6296875 0.059375 0.059375
0 0.82421875 0.0703125 0.0546875 0.053125
0 0.25859375 0.94296875 0.0671875 0.0609375
0 0.23984375 0.584375 0.0671875 0.071875
0 0.08203125 0.89765625 0.0859375 0.0796875
0 0.27421875 0.2328125 0.0359375 0.0375
0 0.465625 0.17734375 0.06875 0.0421875
