0 0.86640625 0.44140625 0.0546875 0.0484375
0 0.73671875 0.72421875 0.0546875 0.0515625
0 0.0234375 0.1515625 0.04375 0.046875
0 0.715625 0.25390625 0.059375 0.0515625
0 0.62890625 0.81796875 0.0515625 0.0453125
0 0.609375 0.10703125 0.053125 0.0484375
0 0.8671875 0.18515625 0.05 0.0484375
0 0.63671875 0.4484375 0.0578125 0.053125
0 0.603125 0.27109375 0.05 0.0515625
0 0.61171875 0.378125 0.0546875 0.05
0 0.6421875 0.97734375 0.05625 0.0390625
0 0.4515625 0.378125 0.059375 0.05625
0 0.8671875 0.4859375 0.059375 0.046875
0 0.75703125 0.665625 0.0578125 0.053125
0 0.9359375 0.7765625 0.053125 0.053125
0 0.1 0.18359375 0.03125 0.0484375
0 0.90390625 0.54375 0.0453125 0.046875
0 0.14765625 0.87421875 0.0484375 0.0484375
0 0.5671875 0.17265625 0.05 0.0515625
0 0.61328125 0.778125 0.0546875 0.05
0 0.046875 0.978125 0.05625 0.0375
0 0.91328125 0.6125 0.0515625 0.05625
0 0.71015625 0.13515625 0.0640625 0.0484375
0 0.42421875 0.971875 0.0640625 0.04375
0 0.75859375 0.84296875 0.0578125 0.0515625
0 0.07265625 0.378125 0.0671875 0.05625
0 0.9640625 0.4328125 0.053125 0.05625
0 0.46640625 0.4515625 0.0578125 0.053125
0 0.08359375 0.50859375 0.0828125 0.0671875
0 0.9109375 0.69921875 0.05625 0.0578125
0 0.42734375 0.75625 0.0671875 0.06875
0 0.03515625 0.27421875 0.0609375 0.0546875
0 0.3921875 0.64765625 0.053125 0.0546875
0 0.56875 0.23984375 0.053125 0.0515625
0 0.74765625 0.375 0.0609375 0.053125
0 0.2296875 0.59765625 0.071875 0.0703125
0 0.721875 0.571875 0.065625 0.0625
0 0.59375 0.5234375 0.078125 0.06875
0 0.6234375 0.3453125 0.05 0.04375
0 0.5984375 0.7234375 0.078125 0.065625
0 0.14140625 0.3390625 0.0546875 0.053125
0 0.74921875 0.93984375 0.0796875 0.0765625
0 0.28203125 0.28046875 0.0734375 0.0703125
0 0.2765625 0.90859375 0.059375 0.0578125
0 0.0375 0.65390625 0.065625 0.0703125
0 0.12421875 0.26015625 0.0734375 0.0640625
0 0.165625 0.79609375 0.046875 0.0484375
0 0.91328125 0.86640625 0.0546875 0.0546875
0 0.05625 0.778125 0.0625 0.05625
0 0.70390625 0.19140625 0.0765625 0.0609375
0 0.075 0.83828125 0.0625 0.0578125
0 0.746875 0.80078125 0.05 0.0484375
0 0.61640625 0.62109375 0.0734375 0.0703125
0 0.97265625 0.24296875 0.0453125 0.0609375
0 0.12890625 0.11875 0.0734375 0.05625
0 0.165625 0.928125 0.05 0.046875
0 0.3296875 0.20859375 0.08125 0.0640625
0 0.93203125 0.834375 0.0546875 0.046875
0 0.0859375 0.70859375 0.0625 0.0578125
0 0.32265625 0.37421875 0.0765625 0.0765625
0 0.18046875 0.43984375 0.0640625 0.0546875
0 0.8953125 0.10390625 0.065625 0.0578125
0 0.95625 0.3796875 0.05 0.053125
0 0.76953125 0.821875 0.0734375 0.059375
0 0.7359375 0.3453125 0.05625 0.046875
0 0.04609375 0.21875 0.0515625 0.05
0 0.2328125 0.5375 0.0625 0.05625
0 0.07109375 0.8921875 0.0515625 0.053125
0 0.35 0.51328125 0.065625 0.0609375
0 0.44765625 0.87578125 0.0703125 0.0578125
0 0.3125 0.9640625 0.065625 0.05
0 0.08359375 0.57734375 0.0671875 0.0609375
0 0.67890625 0.50234375 0.0578125 0.0578125
0 0.87421875 0.3953125 0.0546875 0.046875
0 0.61484375 0.8953125 0.0609375 0.059375
0 0.44453125 0.50703125 0.0640625 0.0546875
0 0.47109375 0.83203125 0.0578125 0.0515625
0 0.0578125 0.33046875 0.05625 0.0453125
0 0.440625 0.925 0.06875 0.05625
0 0.0671875 0.459375 0.05625 0.04375
0 0.33046875 0.340625 0.0671875 0.05
0 0.89140625 0.26796875 0.0578125 0.0421875
0 0.9890625 0.609375 0.021875 0.059375
0 0.98203125 0.4984375 0.0359375 0.05
0 0.1921875 0.95625 0.034375 0.053125
0 0.13046875 0.18046875 0.0421875 0.0515625
0 0.69453125 0.45390625 0.0421875 0.0328125
