0 0.071875 0.7375 0.053125 0.05
0 0.1578125 0.66953125 0.05625 0.0515625
0 0.6625 0.81796875 0.053125 0.0484375
0 0.7578125 0.95390625 0.053125 0.0484375
0 0.05234375 0.19375 0.0578125 0.05
0 0.9171875 0.115625 0.046875 0.046875
0 0.76953125 0.76953125 0.0515625 0.0484375
0 0.76171875 0.4828125 0.0546875 0.05
0 0.8890625 0.51015625 0.05625 0.0515625
0 0.65 0.73046875 0.05625 0.0453125
0 0.76484375 0.2109375 0.0578125 0.05625
0 0.75703125 0.53359375 0.0515625 0.0484375
0 0.76328125 0.88828125 0.0484375 0.0453125
0 0.6546875 0.346875 0.059375 0.059375
0 0.25234375 0.72421875 0.0578125 0.0515625
0 0.9609375 0.82734375 0.053125 0.0515625
0 0.9484375 0.24609375 0.059375 0.0546875
0 0.64609375 0.45390625 0.0484375 0.0421875
0 0.91953125 0.69765625 0.0671875 0.0609375
0 0.27109375 0.6671875 0.0484375 0.046875
0 0.9265625 0.421875 0.0625 0.053125
0 0.6421875 0.1625 0.05 0.04375
0 0.91796875 0.584375 0.0484375 0.04375
0 0.76953125 0.28203125 0.0484375 0.0484375
0 0.08984375 0.5921875 0.0453125 0.040625
0 0.1671875 0.25625 0.053125 0.046875
0 0.9140625 0.20234375 0.04375 0.0390625
0 0.21953125 0.3140625 0.0640625 0.0625
0 0.15703125 0.55625 0.0515625 0.05
0 0.9234375 0.865625 0.0625 0.05625
0 0.646875 0.2203125 0.075 0.0625
0 0.95078125 0.31484375 0.0421875 0.0421875
0 0.91171875 0.95234375 0.0671875 0.0640625
0 0.1 0.95625 0.06875 0.0625
0 0.6546875 0.88515625 0.071875 0.0671875
0 0.65 0.95703125 0.065625 0.0609375
0 0.23359375 0.9546875 0.0671875 0.0625
0 0.2046875 0.8828125 0.078125 0.071875
0 0.76171875 0.1203125 0.0609375 0.053125
0 0.66171875 0.525 0.0640625 0.059375
0 0.05 0.4234375 0.059375 0.05625
0 0.05 0.26484375 0.0625 0.0546875
0 0.209375 0.534375 0.065625 0.0625
0 0.79453125 0.39609375 0.0609375 0.0640625
0 0.940625 0.3640625 0.0625 0.05625
0 0.91015625 0.62265625 0.0609375 0.0546875
0 0.95625 0.0671875 0.059375 0.053125
0 0.659375 0.27890625 0.05625 0.0546875
0 0.671875 0.659375 0.05625 0.053125
0 0.075 0.30390625 0.05 0.0484375
0 0.13671875 0.7796875 0.0765625 0.06875
0 0.75 0.81953125 0.06875 0.0640625
0 0.16953125 0.4734375 0.0453125 0.05625
0 0.77890625 0.646875 0.0734375 0.05
0 0.75546875 0.58828125 0.0578125 0.0421875
0 0.93046875 0.75625 0.0578125 0.053125
0 0.08515625 0.3453125 0.0328125 0.04375
