0 0.2875 0.884375 0.05 0.04375
0 0.04921875 0.04296875 0.0515625 0.0453125
0 0.9625 0.5640625 0.05625 0.053125
0 0.12890625 0.92578125 0.0546875 0.0515625
0 0.0203125 0.6109375 0.0375 0.04375
0 0.115625 0.86640625 0.053125 0.0484375
0 0.86796875 0.52109375 0.0546875 0.0484375
0 0.6609375 0.575 0.05625 0.05
0 0.96953125 0.509375 0.0453125 0.05
0 0.503125 0.05390625 0.05 0.0484375
0 0.265625 0.0984375 0.05 0.046875
0 0.5390625 0.140625 0.05625 0.053125
0 0.27578125 0.640625 0.0578125 0.046875
0 0.0234375 0.98046875 0.04375 0.0328125
0 0.8609375 0.9390625 0.046875 0.04375
0 0.828125 0.57109375 0.05625 0.0546875
0 0.2046875 0.25390625 0.0625 0.0546875
0 0.69296875 0.778125 0.0640625 0.065625
0 0.37578125 0.17265625 0.0484375 0.0390625
0 0.02890625 0.8109375 0.0484375 0.05
0 0.3953125 0.61953125 0.0625 0.0640625
0 0.10546875 0.60859375 0.0640625 0.0609375
0 0.11640625 0.63828125 0.0515625 0.0453125
0 0.96484375 0.29765625 0.0578125 0.0640625
0 0.62109375 0.02734375 0.0609375 0.0453125
0 0.24609375 0.04140625 0.0703125 0.0609375
0 0.3765625 0.040625 0.046875 0.03125
0 0.8578125 0.76796875 0.06875 0.0578125
0 0.5921875 0.2421875 0.065625 0.065625
0 0.4015625 0.93515625 0.0875 0.0671875
0 0.1140625 0.7890625 0.08125 0.06875
0 0.8453125 0.125 0.078125 0.071875
0 0.95234375 0.2125 0.0671875 0.059375
0 0.3640625 0.21953125 0.08125 0.0671875
0 0.85 0.709375 0.0625 0.0625
0 0.9515625 0.69453125 0.059375 0.0609375
0 0.134375 0.49921875 0.075 0.0640625
0 0.80859375 0.03359375 0.0734375 0.0640625
0 0.64453125 0.078125 0.0765625 0.075
0 0.28125 0.58359375 0.075 0.0671875
0 0.29453125 0.7625 0.0703125 0.065625
0 0.425 0.86328125 0.078125 0.0671875
0 0.96171875 0.92734375 0.0640625 0.0734375
0 0.9515625 0.134375 0.071875 0.06875
0 0.9625 0.634375 0.0625 0.059375
0 0.24453125 0.15078125 0.0640625 0.0609375
0 0.11796875 0.7046875 0.0703125 0.0625
0 0.5671875 0.5109375 0.05625 0.053125
0 0.8328125 0.23125 0.075 0.084375
0 0.05703125 0.1703125 0.0578125 0.05625
0 0.3609375 0.10390625 0.06875 0.0578125
0 0.29765625 0.9484375 0.0578125 0.053125
0 0.909375 0.05625 0.065625 0.06875
0 0.9703125 0.06484375 0.05 0.0609375
0 0.2609375 0.27890625 0.0625 0.0546875
0 0.37421875 0.071875 0.0703125 0.05625
0 0.84375 0.878125 0.0625 0.059375
0 0.3734375 0.30078125 0.06875 0.0609375
0 0.79453125 0.06875 0.0609375 0.059375
0 0.2765625 0.6921875 0.075 0.071875
0 0.06484375 0.11953125 0.0515625 0.0390625
