0 0.86640625 0.34140625 0.0546875 0.0484375
0 0.73671875 0.6234375 0.0546875 0.05
0 0.715625 0.15390625 0.059375 0.0515625
0 0.86640625 0.084375 0.0515625 0.05
0 0.0234375 0.05078125 0.04375 0.0453125
0 0.04765625 0.88359375 0.0609375 0.0515625
0 0.603125 0.17109375 0.05 0.0515625
0 0.62890625 0.71796875 0.0515625 0.0453125
0 0.61171875 0.278125 0.0546875 0.05
0 0.63671875 0.3484375 0.0578125 0.053125
0 0.75703125 0.56484375 0.0578125 0.0515625
0 0.4515625 0.278125 0.059375 0.05625
0 0.64375 0.8828125 0.05625 0.053125
0 0.14765625 0.77421875 0.0484375 0.0484375
0 0.05703125 0.22890625 0.0546875 0.0453125
0 0.9359375 0.67578125 0.053125 0.0515625
0 0.86796875 0.3859375 0.0578125 0.046875
0 0.9046875 0.44375 0.046875 0.046875
0 0.1796875 0.3390625 0.059375 0.05
0 0.1109375 0.0796875 0.05625 0.05625
0 0.7875 0.96796875 0.059375 0.0484375
0 0.61328125 0.678125 0.0515625 0.05
0 0.709375 0.03671875 0.065625 0.0453125
0 0.9140625 0.51171875 0.053125 0.0578125
0 0.9640625 0.3328125 0.053125 0.05625
0 0.05703125 0.67734375 0.0578125 0.0546875
0 0.03515625 0.17421875 0.0609375 0.0546875
0 0.965625 0.91796875 0.046875 0.0546875
0 0.9109375 0.59921875 0.05625 0.0578125
0 0.08359375 0.40625 0.0828125 0.06875
0 0.47109375 0.7328125 0.0546875 0.05
0 0.46640625 0.3515625 0.0578125 0.053125
0 0.5671875 0.07265625 0.05 0.0515625
0 0.56875 0.13984375 0.053125 0.0515625
0 0.6234375 0.2453125 0.05 0.04375
0 0.72109375 0.471875 0.0640625 0.0625
0 0.071875 0.2796875 0.065625 0.05625
0 0.4265625 0.65625 0.06875 0.06875
0 0.14140625 0.2390625 0.0546875 0.053125
0 0.76640625 0.9109375 0.0578125 0.05625
0 0.759375 0.74375 0.059375 0.05
0 0.3921875 0.54765625 0.053125 0.0546875
0 0.125 0.16015625 0.071875 0.0640625
0 0.28203125 0.18125 0.0734375 0.06875
0 0.3140625 0.87265625 0.06875 0.0640625
0 0.5984375 0.6234375 0.078125 0.065625
0 0.0375 0.55390625 0.065625 0.0703125
0 0.165625 0.6953125 0.046875 0.05
0 0.425 0.88203125 0.071875 0.0640625
0 0.2296875 0.4984375 0.071875 0.06875
0 0.6078125 0.01796875 0.046875 0.0328125
0 0.6171875 0.52109375 0.071875 0.0703125
0 0.04609375 0.11875 0.0515625 0.05
0 0.165625 0.82734375 0.05 0.0484375
0 0.89765625 0.01875 0.0515625 0.034375
0 0.184375 0.93046875 0.059375 0.0546875
0 0.27578125 0.8109375 0.0609375 0.059375
0 0.075 0.73828125 0.0625 0.0578125
0 0.75 0.8390625 0.078125 0.075
0 0.13203125 0.025 0.0765625 0.046875
0 0.32265625 0.27578125 0.0765625 0.0765625
0 0.0859375 0.60859375 0.0625 0.0578125
0 0.6359375 0.95078125 0.0625 0.0546875
0 0.97265625 0.14296875 0.0453125 0.0609375
0 0.34921875 0.41328125 0.0671875 0.0609375
0 0.3296875 0.10859375 0.08125 0.0640625
0 0.70390625 0.09140625 0.0765625 0.0609375
0 0.74609375 0.70078125 0.0484375 0.0484375
0 0.59375 0.42265625 0.078125 0.0671875
0 0.06640625 0.359375 0.0546875 0.046875
0 0.73671875 0.2453125 0.0578125 0.046875
0 0.2328125 0.43671875 0.0625 0.0546875
0 0.07109375 0.7921875 0.0515625 0.053125
0 0.76953125 0.72109375 0.0734375 0.0609375
0 0.74765625 0.27421875 0.0640625 0.0546875
0 0.05078125 0.96484375 0.0640625 0.0515625
0 0.93203125 0.73359375 0.0546875 0.0453125
0 0.95625 0.2796875 0.05 0.053125
0 0.4390625 0.825 0.06875 0.05625
0 0.61484375 0.7953125 0.0609375 0.059375
0 0.91328125 0.765625 0.0578125 0.05625
0 0.67890625 0.40234375 0.0578125 0.0578125
0 0.084375 0.47734375 0.06875 0.0609375
0 0.44453125 0.4078125 0.0640625 0.05625
0 0.875 0.2953125 0.05625 0.046875
0 0.44765625 0.775 0.0734375 0.059375
0 0.93515625 0.89453125 0.0390625 0.0390625
