0 0.1109375 0.384375 0.05625 0.046875
0 0.0921875 0.421875 0.05 0.04375
0 0.64375 0.028125 0.046875 0.040625
0 0.97265625 0.334375 0.0421875 0.04375
0 0.884375 0.59453125 0.05625 0.0515625
0 0.8890625 0.36796875 0.04375 0.0421875
0 0.7265625 0.62265625 0.046875 0.0453125
0 0.725 0.85 0.053125 0.053125
0 0.9171875 0.76953125 0.05 0.0453125
0 0.88984375 0.465625 0.0515625 0.04375
0 0.6234375 0.73359375 0.046875 0.0421875
0 0.90625 0.71796875 0.046875 0.0484375
0 0.26875 0.27578125 0.046875 0.0421875
0 0.42578125 0.85625 0.0609375 0.05
0 0.8625 0.33515625 0.046875 0.0484375
0 0.7015625 0.9484375 0.053125 0.05
0 0.66015625 0.3953125 0.0546875 0.053125
0 0.54375 0.05859375 0.078125 0.0734375
0 0.88515625 0.41875 0.0578125 0.046875
0 0.265625 0.41875 0.0625 0.053125
0 0.5734375 0.475 0.05625 0.053125
0 0.7015625 0.58984375 0.059375 0.0515625
0 0.309375 0.8078125 0.08125 0.06875
0 0.965625 0.38046875 0.046875 0.0484375
0 0.703125 0.46640625 0.05625 0.0515625
0 0.55625 0.53203125 0.05625 0.0515625
0 0.57421875 0.27109375 0.0609375 0.0546875
0 0.0328125 0.8578125 0.0625 0.065625
0 0.83984375 0.2796875 0.0609375 0.05625
0 0.2390625 0.23828125 0.08125 0.0703125
0 0.96875 0.26796875 0.05 0.0578125
0 0.03203125 0.59296875 0.0609375 0.0640625
0 0.67421875 0.10078125 0.0671875 0.0609375
0 0.3953125 0.509375 0.08125 0.06875
0 0.58828125 0.81328125 0.0703125 0.0609375
0 0.415625 0.603125 0.08125 0.065625
0 0.43125 0.796875 0.0625 0.059375
0 0.70546875 0.6859375 0.0765625 0.06875
0 0.89609375 0.65703125 0.0484375 0.0515625
0 0.94453125 0.02421875 0.0640625 0.0453125
0 0.1 0.4875 0.071875 0.059375
0 0.02578125 0.7359375 0.0484375 0.059375
0 0.11640625 0.72734375 0.0703125 0.0640625
0 0.29765625 0.68125 0.0734375 0.05625
0 0.38515625 0.4359375 0.0703125 0.0625
0 0.90390625 0.825 0.0578125 0.05
0 0.03671875 0.93671875 0.0671875 0.0703125
0 0.42890625 0.6765625 0.0796875 0.0625
0 0.309375 0.92265625 0.06875 0.0609375
0 0.41875 0.90703125 0.0625 0.0546875
0 0.4125 0.27734375 0.071875 0.0671875
0 0.1359375 0.88125 0.084375 0.075
0 0.31171875 0.73515625 0.0671875 0.0578125
0 0.18046875 0.81640625 0.0703125 0.0640625
0 0.3984375 0.35 0.075 0.071875
0 0.271875 0.615625 0.0625 0.059375
0 0.08125 0.08046875 0.06875 0.0546875
0 0.12265625 0.61484375 0.0640625 0.0546875
0 0.2546875 0.078125 0.071875 0.05625
0 0.28125 0.37109375 0.065625 0.0546875
0 0.728125 0.76796875 0.065625 0.0578125
0 0.29140625 0.48515625 0.0765625 0.0671875
0 0.59765625 0.58671875 0.0609375 0.0640625
0 0.62734375 0.690625 0.0546875 0.04375
0 0.35390625 0.0234375 0.0578125 0.04375
0 0.43125 0.7171875 0.065625 0.05
0 0.3 0.55859375 0.071875 0.0609375
0 0.30625 0.9609375 0.059375 0.05
0 0.825 0.0984375 0.0625 0.059375
0 0.5578125 0.39375 0.05 0.053125
0 0.14453125 0.97109375 0.0578125 0.0421875
0 0.6171875 0.96171875 0.06875 0.0546875
0 0.9015625 0.93984375 0.05625 0.0484375
0 0.72109375 0.915625 0.0609375 0.05
0 0.37890625 0.1078125 0.0578125 0.05625
0 0.61484375 0.88359375 0.0640625 0.0578125
0 0.84453125 0.05 0.0609375 0.05
0 0.7453125 0.50625 0.065625 0.05
0 0.11015625 0.53984375 0.0609375 0.0546875
0 0.9125 0.91015625 0.0625 0.0546875
