0 0.0609375 0.6453125 0.053125 0.046875
0 0.7734375 0.4609375 0.053125 0.053125
0 0.053125 0.7015625 0.05625 0.053125
0 0.08984375 0.0578125 0.0578125 0.053125
0 0.06875 0.4890625 0.053125 0.046875
0 0.30078125 0.2703125 0.0578125 0.05
0 0.490625 0.1265625 0.053125 0.04375
0 0.078125 0.22109375 0.053125 0.0453125
0 0.9078125 0.51015625 0.053125 0.0515625
0 0.08984375 0.1625 0.0453125 0.046875
0 0.0921875 0.40390625 0.0625 0.0578125
0 0.08359375 0.2578125 0.0515625 0.05
0 0.496875 0.49921875 0.05 0.0484375
0 0.9 0.4421875 0.05 0.05
0 0.61484375 0.63125 0.0640625 0.0625
0 0.91171875 0.38671875 0.0671875 0.0578125
0 0.10703125 0.8796875 0.0671875 0.06875
0 0.89921875 0.0328125 0.0765625 0.0625
0 0.265625 0.0828125 0.075 0.06875
0 0.92578125 0.88125 0.0828125 0.075
0 0.91953125 0.6375 0.0765625 0.059375
0 0.084375 0.76796875 0.071875 0.0609375
0 0.24609375 0.509375 0.0703125 0.0625
0 0.7671875 0.05390625 0.071875 0.0640625
0 0.24765625 0.5890625 0.0734375 0.075
0 0.26484375 0.6703125 0.0640625 0.065625
0 0.90859375 0.1828125 0.0890625 0.0875
0 0.09453125 0.5640625 0.0703125 0.065625
0 0.19296875 0.375 0.0640625 0.0625
0 0.92734375 0.54921875 0.0765625 0.0703125
0 0.81484375 0.8578125 0.0859375 0.071875
0 0.9359375 0.7734375 0.08125 0.075
0 0.7796875 0.19453125 0.075 0.0640625
0 0.78515625 0.36953125 0.0640625 0.0609375
0 0.2375 0.74375 0.065625 0.065625
0 0.76640625 0.1375 0.0640625 0.053125
0 0.78359375 0.5234375 0.0671875 0.0625
0 0.90625 0.30625 0.059375 0.05625
0 0.51796875 0.759375 0.0734375 0.06875
0 0.33515625 0.4625 0.0609375 0.071875
0 0.61953125 0.8 0.0640625 0.071875
0 0.765625 0.2515625 0.059375 0.059375
0 0.5 0.4390625 0.059375 0.053125
0 0.63671875 0.50546875 0.0671875 0.0546875
0 0.81171875 0.61484375 0.0859375 0.0578125
0 0.93203125 0.68671875 0.0703125 0.0578125
0 0.290625 0.31953125 0.071875 0.0609375
0 0.52265625 0.69453125 0.0546875 0.0390625
0 0.93828125 0.13515625 0.0453125 0.0515625
0 0.81796875 0.759375 0.0421875 0.040625
0 0.1109375 0.83515625 0.05 0.0515625
0 0.23515625 0.44609375 0.0484375 0.0515625
0 0.40546875 0.0171875 0.0640625 0.03125
0 0.81953125 0.5859375 0.0578125 0.046875
