0 0.01875 0.2203125 0.034375 0.04375
0 0.4703125 0.2484375 0.05 0.05
0 0.02265625 0.9265625 0.0421875 0.04375
0 0.03671875 0.40703125 0.0546875 0.0453125
0 0.02421875 0.2765625 0.0453125 0.05
0 0.578125 0.43828125 0.053125 0.0484375
0 0.021875 0.14140625 0.040625 0.0515625
0 0.58984375 0.559375 0.0453125 0.04375
0 0.865625 0.965625 0.059375 0.05625
0 0.03515625 0.86484375 0.0515625 0.0515625
0 0.58515625 0.71328125 0.0484375 0.0484375
0 0.7296875 0.7390625 0.05625 0.053125
0 0.90546875 0.9296875 0.0546875 0.05625
0 0.18203125 0.18125 0.0671875 0.053125
0 0.87109375 0.4703125 0.0515625 0.046875
0 0.34375 0.9703125 0.0625 0.046875
0 0.23203125 0.59609375 0.0546875 0.0515625
0 0.284375 0.8671875 0.053125 0.053125
0 0.5109375 0.815625 0.05625 0.05625
0 0.02578125 0.96484375 0.0484375 0.0484375
0 0.8609375 0.621875 0.053125 0.053125
0 0.784375 0.63046875 0.059375 0.0546875
0 0.58359375 0.79921875 0.0453125 0.0453125
0 0.33203125 0.2125 0.0640625 0.059375
0 0.50234375 0.46953125 0.0484375 0.0453125
0 0.4734375 0.68125 0.05 0.04375
0 0.30625 0.534375 0.05625 0.046875
0 0.50703125 0.95703125 0.0578125 0.0484375
0 0.0328125 0.3640625 0.053125 0.046875
0 0.30546875 0.27890625 0.0515625 0.0453125
0 0.2 0.8953125 0.05 0.046875
0 0.74296875 0.8578125 0.0640625 0.05625
0 0.7640625 0.6765625 0.06875 0.05625
0 0.17734375 0.49296875 0.0578125 0.0609375
0 0.5171875 0.921875 0.04375 0.0375
0 0.8828125 0.796875 0.065625 0.0625
0 0.08125 0.5671875 0.09375 0.08125
0 0.2015625 0.2453125 0.0875 0.06875
0 0.22265625 0.32109375 0.0640625 0.0671875
0 0.31328125 0.91953125 0.0734375 0.0640625
0 0.21640625 0.46796875 0.0640625 0.0671875
0 0.184375 0.74921875 0.071875 0.0609375
0 0.875 0.42109375 0.075 0.0671875
0 0.18203125 0.9265625 0.0796875 0.075
0 0.6078125 0.175 0.071875 0.0625
0 0.7453125 0.8015625 0.071875 0.0625
0 0.3296875 0.47890625 0.0875 0.0703125
0 0.203125 0.80703125 0.071875 0.0640625
0 0.0875 0.73984375 0.071875 0.0609375
0 0.1 0.65703125 0.075 0.0703125
0 0.31640625 0.77421875 0.0890625 0.0734375
0 0.69140625 0.39140625 0.0640625 0.0640625
0 0.3140625 0.6578125 0.078125 0.0625
0 0.8953125 0.1484375 0.06875 0.0625
0 0.78828125 0.73828125 0.0703125 0.0609375
0 0.77890625 0.2359375 0.0671875 0.05625
0 0.6375 0.6109375 0.071875 0.0625
0 0.32421875 0.58515625 0.0671875 0.0578125
0 0.06953125 0.78671875 0.0734375 0.0578125
0 0.91953125 0.31171875 0.0734375 0.0609375
0 0.246875 0.8484375 0.0625 0.0625
0 0.29453125 0.33515625 0.0953125 0.0765625
0 0.04765625 0.465625 0.0828125 0.071875
0 0.45234375 0.3078125 0.0359375 0.04375
0 0.87265625 0.22265625 0.0390625 0.0578125
