0 0.61015625 0.0640625 0.0546875 0.05
0 0.03671875 0.6234375 0.0578125 0.053125
0 0.02265625 0.05546875 0.0421875 0.0453125
0 0.128125 0.28046875 0.053125 0.0515625
0 0.59609375 0.140625 0.0515625 0.05
0 0.1359375 0.2328125 0.05 0.046875
0 0.0203125 0.14140625 0.0375 0.0421875
0 0.03671875 0.25 0.0484375 0.05
0 0.159375 0.42890625 0.05 0.0484375
0 0.03515625 0.778125 0.0484375 0.046875
0 0.03125 0.6921875 0.053125 0.05
0 0.12734375 0.11640625 0.0546875 0.0484375
0 0.1546875 0.47734375 0.05625 0.0515625
0 0.31875 0.6203125 0.05625 0.059375
0 0.69765625 0.02421875 0.0546875 0.0453125
0 0.7171875 0.13359375 0.053125 0.0546875
0 0.04140625 0.190625 0.0578125 0.053125
0 0.8453125 0.61953125 0.05625 0.0578125
0 0.6359375 0.378125 0.0625 0.059375
0 0.965625 0.73984375 0.059375 0.0671875
0 0.9703125 0.3421875 0.05 0.05625
0 0.13203125 0.3390625 0.0640625 0.046875
0 0.71484375 0.1890625 0.0453125 0.046875
0 0.034375 0.834375 0.05625 0.05625
0 0.97265625 0.1734375 0.0421875 0.05
0 0.5984375 0.978125 0.05 0.034375
0 0.6296875 0.45703125 0.053125 0.0515625
0 0.02421875 0.74296875 0.0453125 0.0390625
0 0.33828125 0.690625 0.0828125 0.071875
0 0.115625 0.37734375 0.05 0.0453125
0 0.29453125 0.20234375 0.0765625 0.0671875
0 0.96484375 0.43125 0.0546875 0.065625
0 0.29296875 0.3109375 0.0828125 0.071875
0 0.63125 0.5828125 0.053125 0.046875
0 0.88203125 0.253125 0.0640625 0.059375
0 0.128125 0.05234375 0.046875 0.0421875
0 0.61875 0.53125 0.059375 0.05
0 0.32265625 0.46640625 0.0859375 0.0828125
0 0.8453125 0.68671875 0.065625 0.0640625
0 0.24921875 0.1296875 0.0671875 0.059375
0 0.28828125 0.078125 0.0703125 0.0625
0 0.36796875 0.75546875 0.0515625 0.0453125
0 0.03515625 0.31953125 0.0453125 0.0453125
0 0.68984375 0.78046875 0.0546875 0.0484375
0 0.60625 0.01953125 0.05 0.0359375
0 0.353125 0.5515625 0.065625 0.059375
0 0.15078125 0.55078125 0.0609375 0.0546875
0 0.26875 0.3703125 0.0625 0.05625
0 0.83828125 0.5390625 0.0671875 0.059375
0 0.05078125 0.41796875 0.0671875 0.0609375
0 0.0265625 0.01484375 0.046875 0.0265625
0 0.8875 0.06875 0.06875 0.053125
0 0.1109375 0.17578125 0.06875 0.0578125
0 0.45703125 0.059375 0.0515625 0.046875
0 0.678125 0.6640625 0.0625 0.046875
0 0.1609375 0.63125 0.059375 0.05625
0 0.296875 0.025 0.075 0.046875
0 0.621875 0.27578125 0.071875 0.0515625
0 0.8953125 0.78359375 0.05625 0.0703125
0 0.57265625 0.76953125 0.0515625 0.0453125
0 0.53359375 0.790625 0.0484375 0.046875
0 0.40703125 0.66875 0.0484375 0.04375
0 0.16875 0.6796875 0.034375 0.04375
0 0.171875 0.77265625 0.053125 0.0640625
0 0.0171875 0.3734375 0.03125 0.0375
0 0.03046875 0.57265625 0.0359375 0.0734375
0 0.68515625 0.584375 0.0453125 0.046875
0 0.8765625 0.309375 0.04375 0.040625
0 0.47265625 0.465625 0.0578125 0.04375
