0 0.7359375 0.38515625 0.05 0.0453125
0 0.7859375 0.76796875 0.05 0.0515625
0 0.17109375 0.9703125 0.0578125 0.046875
0 0.88203125 0.3671875 0.0546875 0.053125
0 0.74296875 0.4546875 0.0546875 0.053125
0 0.88671875 0.80234375 0.0515625 0.0515625
0 0.74296875 0.5859375 0.0515625 0.046875
0 0.7515625 0.26328125 0.053125 0.0515625
0 0.853125 0.31953125 0.046875 0.0453125
0 0.16953125 0.8109375 0.0578125 0.053125
0 0.90078125 0.6 0.0578125 0.053125
0 0.021875 0.78125 0.040625 0.046875
0 0.41484375 0.45390625 0.0546875 0.0515625
0 0.74921875 0.16328125 0.0515625 0.0453125
0 0.27265625 0.8078125 0.0578125 0.053125
0 0.1203125 0.64453125 0.078125 0.0671875
0 0.1359375 0.2109375 0.084375 0.06875
0 0.5796875 0.36796875 0.0625 0.0546875
0 0.75 0.5265625 0.053125 0.046875
0 0.76640625 0.86484375 0.0546875 0.0484375
0 0.14765625 0.76171875 0.0484375 0.0421875
0 0.28828125 0.6421875 0.0796875 0.065625
0 0.56328125 0.17421875 0.0796875 0.0734375
0 0.12734375 0.51875 0.0796875 0.0625
0 0.28125 0.575 0.071875 0.059375
0 0.8953125 0.703125 0.059375 0.053125
0 0.75 0.33515625 0.05625 0.0453125
0 0.56796875 0.84453125 0.0828125 0.0671875
0 0.5796875 0.259375 0.071875 0.0625
0 0.44765625 0.6 0.0765625 0.071875
0 0.57890625 0.4921875 0.0671875 0.065625
0 0.484375 0.92578125 0.06875 0.0609375
0 0.26875 0.69296875 0.0625 0.0484375
0 0.478125 0.859375 0.0875 0.071875
0 0.26015625 0.521875 0.0828125 0.06875
0 0.16015625 0.71171875 0.0828125 0.0703125
0 0.2671875 0.1203125 0.084375 0.071875
0 0.27265625 0.44140625 0.0734375 0.0640625
0 0.41328125 0.34765625 0.0734375 0.0640625
0 0.2765625 0.2625 0.09375 0.075
0 0.8546875 0.2140625 0.065625 0.05625
0 0.14296875 0.34609375 0.0828125 0.0671875
0 0.459375 0.1359375 0.084375 0.078125
0 0.13046875 0.40625 0.0765625 0.059375
0 0.46484375 0.78046875 0.0734375 0.0609375
0 0.55859375 0.44921875 0.0578125 0.0546875
0 0.18359375 0.86875 0.0609375 0.053125
0 0.5625 0.31875 0.075 0.05625
0 0.02109375 0.853125 0.0390625 0.053125
0 0.17421875 0.909375 0.0734375 0.0625
0 0.29765625 0.86875 0.0828125 0.071875
0 0.4625 0.40078125 0.06875 0.0609375
0 0.25859375 0.3765625 0.0671875 0.0625
0 0.14453125 0.1421875 0.0859375 0.071875
0 0.5703125 0.396875 0.046875 0.0375
0 0.2984375 0.32578125 0.065625 0.0640625
0 0.45390625 0.2640625 0.0921875 0.075
0 0.49453125 0.55078125 0.0890625 0.0734375
0 0.62578125 0.65546875 0.0890625 0.0703125
0 0.1265625 0.45859375 0.065625 0.0546875
0 0.58359375 0.59765625 0.0890625 0.0828125
0 0.27265625 0.91875 0.0609375 0.046875
0 0.2625 0.74296875 0.059375 0.0609375
0 0.6078125 0.96015625 0.0625 0.0640625
0 0.26875 0.184375 0.06875 0.05625
0 0.44609375 0.49296875 0.0640625 0.0546875
0 0.7578125 0.140625 0.046875 0.040625
0 0.57265625 0.78515625 0.0671875 0.0515625
0 0.28828125 0.96484375 0.0578125 0.0484375
0 0.146875 0.58203125 0.06875 0.0578125
0 0.57578125 0.95859375 0.0671875 0.0546875
0 0.42109375 0.52109375 0.0609375 0.0546875
0 0.4578125 0.67734375 0.078125 0.0484375
0 0.4265625 0.1875 0.084375 0.078125
0 0.7828125 0.71953125 0.05 0.0421875
0 0.4546875 0.71953125 0.090625 0.0609375
0 0.5828125 0.71796875 0.09375 0.0828125
0 0.29921875 0.759375 0.0484375 0.046875
0 0.89765625 0.45625 0.0453125 0.034375
0 0.871875 0.50546875 0.028125 0.0296875
0 0.86796875 0.246875 0.0359375 0.028125
