0 0.8890625 0.87578125 0.05625 0.0484375
0 0.053125 0.6515625 0.05 0.046875
0 0.278125 0.09609375 0.05 0.0484375
0 0.79375 0.76171875 0.05625 0.0546875
0 0.88828125 0.25546875 0.0578125 0.0515625
0 0.88125 0.18671875 0.059375 0.0515625
0 0.76640625 0.209375 0.0546875 0.053125
0 0.7453125 0.65 0.059375 0.053125
0 0.8734375 0.07109375 0.05625 0.0578125
0 0.028125 0.2375 0.053125 0.053125
0 0.7140625 0.96796875 0.05625 0.0453125
0 0.2375 0.29140625 0.059375 0.0578125
0 0.33828125 0.97421875 0.0546875 0.0421875
0 0.32109375 0.12265625 0.0515625 0.0484375
0 0.771875 0.890625 0.059375 0.059375
0 0.0328125 0.3640625 0.0625 0.059375
0 0.89296875 0.7265625 0.0640625 0.059375
0 0.3359375 0.21015625 0.065625 0.0640625
0 0.05625 0.9125 0.075 0.059375
0 0.77109375 0.03203125 0.0734375 0.0578125
0 0.32109375 0.82890625 0.0890625 0.0765625
0 0.23515625 0.8203125 0.0765625 0.065625
0 0.92421875 0.62578125 0.0765625 0.0671875
0 0.078125 0.721875 0.065625 0.071875
0 0.9046875 0.3171875 0.065625 0.0625
0 0.31953125 0.753125 0.0796875 0.065625
0 0.221875 0.40703125 0.071875 0.0703125
0 0.8875 0.809375 0.084375 0.06875
0 0.2453125 0.9625 0.075 0.059375
0 0.88359375 0.3953125 0.0671875 0.059375
0 0.0625 0.84609375 0.075 0.0640625
0 0.08359375 0.95390625 0.0765625 0.0609375
0 0.29296875 0.03515625 0.0671875 0.0609375
0 0.1265625 0.13828125 0.06875 0.0609375
0 0.28984375 0.684375 0.0765625 0.0625
0 0.315625 0.28359375 0.065625 0.0640625
0 0.7578125 0.3203125 0.059375 0.05625
0 0.778125 0.4578125 0.0625 0.053125
0 0.1921875 0.04921875 0.08125 0.0796875
0 0.76875 0.25546875 0.065625 0.0546875
0 0.8734375 0.4484375 0.06875 0.05625
0 0.88203125 0.134375 0.0515625 0.05
0 0.190625 0.75234375 0.08125 0.0828125
0 0.86953125 0.928125 0.0671875 0.06875
0 0.928125 0.9375 0.0875 0.078125
0 0.296875 0.41328125 0.065625 0.0640625
0 0.05234375 0.28828125 0.0765625 0.0671875
0 0.77109375 0.1078125 0.0734375 0.071875
0 0.06640625 0.0234375 0.0671875 0.04375
