0 0.5703125 0.2484375 0.05 0.05
0 0.021875 0.97421875 0.040625 0.0390625
0 0.1328125 0.4078125 0.05625 0.046875
0 0.1140625 0.92578125 0.05625 0.0453125
0 0.678125 0.4375 0.053125 0.05
0 0.10703125 0.221875 0.0578125 0.05
0 0.053125 0.86796875 0.053125 0.0453125
0 0.1125 0.27890625 0.0625 0.0515625
0 0.028125 0.221875 0.046875 0.04375
0 0.0234375 0.26875 0.04375 0.05
0 0.134375 0.86328125 0.05 0.0515625
0 0.96328125 0.96640625 0.0546875 0.0546875
0 0.68515625 0.71328125 0.0484375 0.0484375
0 0.96796875 0.4703125 0.0453125 0.05
0 0.690625 0.559375 0.04375 0.04375
0 0.18125 0.56640625 0.090625 0.0796875
0 0.8296875 0.7390625 0.05625 0.053125
0 0.0171875 0.1484375 0.03125 0.04375
0 0.9609375 0.621875 0.053125 0.053125
0 0.2828125 0.18125 0.065625 0.053125
0 0.44375 0.9703125 0.0625 0.046875
0 0.33203125 0.59609375 0.0546875 0.0515625
0 0.68359375 0.79921875 0.0453125 0.0453125
0 0.384375 0.8671875 0.053125 0.053125
0 0.43203125 0.2125 0.0640625 0.059375
0 0.30078125 0.2453125 0.0859375 0.06875
0 0.31640625 0.46796875 0.0640625 0.0671875
0 0.41328125 0.91953125 0.0734375 0.0640625
0 0.13203125 0.3625 0.0546875 0.05
0 0.32421875 0.32109375 0.0640625 0.0671875
0 0.884375 0.63046875 0.059375 0.0546875
0 0.284375 0.74921875 0.071875 0.0609375
0 0.6109375 0.815625 0.05625 0.05625
0 0.034375 0.61015625 0.065625 0.0609375
0 0.97421875 0.7953125 0.0453125 0.059375
0 0.03125 0.34140625 0.059375 0.0640625
0 0.28203125 0.9265625 0.0796875 0.075
0 0.8453125 0.8015625 0.071875 0.0625
0 0.4296875 0.4796875 0.0875 0.071875
0 0.06875 0.73671875 0.08125 0.0703125
0 0.79140625 0.39296875 0.0640625 0.0640625
0 0.20078125 0.65703125 0.0734375 0.0703125
0 0.5734375 0.68125 0.05 0.04375
0 0.7078125 0.175 0.071875 0.0625
0 0.303125 0.80625 0.071875 0.0625
0 0.0375 0.42578125 0.06875 0.0578125
0 0.1203125 0.96640625 0.059375 0.0484375
0 0.040625 0.53828125 0.075 0.0671875
0 0.965625 0.41953125 0.05625 0.0671875
0 0.18671875 0.7375 0.0703125 0.0625
0 0.415625 0.7734375 0.0875 0.071875
0 0.88828125 0.73828125 0.0703125 0.0609375
0 0.60234375 0.4703125 0.0484375 0.046875
0 0.4140625 0.65703125 0.078125 0.0640625
0 0.14453125 0.46484375 0.0828125 0.0734375
0 0.046875 0.478125 0.0625 0.053125
0 0.60703125 0.95625 0.0578125 0.05
0 0.87890625 0.2359375 0.0671875 0.05625
0 0.40625 0.53515625 0.05625 0.0453125
0 0.278125 0.49375 0.059375 0.0625
0 0.73671875 0.61171875 0.0703125 0.0609375
0 0.0515625 0.6703125 0.065625 0.05625
0 0.16953125 0.78671875 0.0734375 0.0578125
0 0.4234375 0.584375 0.065625 0.05625
0 0.40546875 0.27890625 0.0515625 0.0453125
0 0.84296875 0.8578125 0.0640625 0.05625
0 0.3 0.89453125 0.05 0.0453125
0 0.6171875 0.92109375 0.04375 0.0390625
0 0.8640625 0.6765625 0.06875 0.05625
0 0.10703125 0.1390625 0.0671875 0.059375
0 0.05078125 0.821875 0.0671875 0.059375
0 0.346875 0.8484375 0.0625 0.0625
0 0.39453125 0.33515625 0.0984375 0.0765625
0 0.4296875 0.1625 0.0625 0.034375
0 0.52421875 0.6265625 0.0546875 0.0375
0 0.284375 0.3796875 0.040625 0.0375
0 0.88828125 0.471875 0.0390625 0.046875
0 0.8296875 0.33203125 0.04375 0.0546875
0 0.98515625 0.15390625 0.0296875 0.0734375
0 0.9734375 0.2265625 0.04375 0.05
0 0.5515625 0.3078125 0.05 0.0375
0 0.61171875 0.42265625 0.0359375 0.0359375
