0 0.5703125 0.3484375 0.05 0.05
0 0.1328125 0.50625 0.05625 0.046875
0 0.678125 0.5375 0.053125 0.05
0 0.10703125 0.32109375 0.0578125 0.0515625
0 0.68984375 0.659375 0.0453125 0.04375
0 0.0234375 0.36796875 0.04375 0.0515625
0 0.0171875 0.24921875 0.03125 0.0453125
0 0.68515625 0.8125 0.0484375 0.046875
0 0.028125 0.321875 0.046875 0.04375
0 0.1125 0.37890625 0.0625 0.0515625
0 0.96796875 0.56953125 0.0453125 0.0515625
0 0.13359375 0.9609375 0.0515625 0.05
0 0.05234375 0.965625 0.0546875 0.04375
0 0.33203125 0.69609375 0.0546875 0.0515625
0 0.96015625 0.72109375 0.0546875 0.0546875
0 0.8296875 0.8390625 0.05625 0.053125
0 0.97421875 0.8953125 0.0453125 0.059375
0 0.384375 0.9640625 0.05625 0.05
0 0.28203125 0.28046875 0.0671875 0.0546875
0 0.43203125 0.3125 0.0640625 0.059375
0 0.13203125 0.46328125 0.0546875 0.0484375
0 0.5734375 0.78125 0.05 0.04375
0 0.884375 0.73046875 0.059375 0.0546875
0 0.68359375 0.89921875 0.0453125 0.0421875
0 0.6109375 0.915625 0.05625 0.05625
0 0.0515625 0.76953125 0.0625 0.0546875
0 0.60234375 0.5703125 0.0484375 0.046875
0 0.8421875 0.95703125 0.0625 0.0546875
0 0.40625 0.3796875 0.053125 0.04375
0 0.8640625 0.7765625 0.06875 0.05625
0 0.40703125 0.634375 0.0546875 0.046875
0 0.03671875 0.525 0.0671875 0.059375
0 0.0515625 0.921875 0.06875 0.059375
0 0.31640625 0.56640625 0.0640625 0.0671875
0 0.03125 0.44140625 0.059375 0.0640625
0 0.10234375 0.0640625 0.0765625 0.065625
0 0.28515625 0.06171875 0.0859375 0.0671875
0 0.1078125 0.23984375 0.065625 0.0578125
0 0.06796875 0.8375 0.0796875 0.06875
0 0.14375 0.56484375 0.08125 0.0734375
0 0.8453125 0.9015625 0.071875 0.0625
0 0.7921875 0.49296875 0.065625 0.0640625
0 0.2015625 0.7578125 0.071875 0.06875
0 0.284375 0.84921875 0.071875 0.0609375
0 0.30234375 0.346875 0.0890625 0.06875
0 0.034375 0.71015625 0.065625 0.0609375
0 0.4296875 0.5796875 0.0875 0.071875
0 0.4140625 0.7578125 0.078125 0.0625
0 0.18671875 0.8375 0.0703125 0.0625
0 0.70859375 0.275 0.0703125 0.0625
0 0.0421875 0.64140625 0.075 0.0671875
0 0.9671875 0.521875 0.05625 0.06875
0 0.88828125 0.83828125 0.0703125 0.0609375
0 0.04609375 0.57890625 0.0640625 0.0515625
0 0.415625 0.87421875 0.0875 0.0734375
0 0.303125 0.90703125 0.071875 0.0640625
0 0.87890625 0.33671875 0.0671875 0.0546875
0 0.278125 0.59375 0.059375 0.0625
0 0.16953125 0.88671875 0.0734375 0.0578125
0 0.42421875 0.6859375 0.0671875 0.059375
0 0.7375 0.7109375 0.071875 0.0625
0 0.346875 0.94765625 0.0625 0.0640625
0 0.325 0.4203125 0.065625 0.06875
0 0.3953125 0.43515625 0.096875 0.0765625
0 0.18515625 0.67578125 0.0859375 0.0671875
0 0.284375 0.475 0.040625 0.040625
0 0.1609375 0.6328125 0.0625 0.04375
