0 0.5328125 0.684375 0.053125 0.046875
0 0.63984375 0.021875 0.0578125 0.040625
0 0.36484375 0.5546875 0.0546875 0.046875
0 0.065625 0.10234375 0.05625 0.0515625
0 0.06171875 0.22578125 0.0546875 0.0546875
0 0.62265625 0.6109375 0.0515625 0.05
0 0.63828125 0.0640625 0.0609375 0.05
0 0.38828125 0.75 0.0546875 0.05
0 0.78671875 0.06953125 0.0546875 0.0484375
0 0.54609375 0.87421875 0.0515625 0.0515625
0 0.91640625 0.1328125 0.0578125 0.053125
0 0.409375 0.80625 0.05625 0.053125
0 0.5375 0.7390625 0.059375 0.053125
0 0.5203125 0.61484375 0.053125 0.0515625
0 0.9609375 0.85390625 0.04375 0.0453125
0 0.071875 0.159375 0.05625 0.053125
0 0.34140625 0.234375 0.0609375 0.05
0 0.23359375 0.053125 0.0765625 0.059375
0 0.39609375 0.90625 0.0546875 0.05625
0 0.02109375 0.86484375 0.0390625 0.0453125
0 0.065625 0.034375 0.071875 0.0625
0 0.80078125 0.11328125 0.0453125 0.0421875
0 0.63671875 0.26171875 0.0703125 0.0640625
0 0.834375 0.9046875 0.059375 0.046875
0 0.11953125 0.7890625 0.0734375 0.059375
0 0.28203125 0.68828125 0.0609375 0.0546875
0 0.26484375 0.95234375 0.0765625 0.0734375
0 0.365625 0.1296875 0.06875 0.0625
0 0.64765625 0.75078125 0.0640625 0.0578125
0 0.26484375 0.75 0.0796875 0.065625
0 0.965625 0.91328125 0.05 0.0515625
0 0.94140625 0.65625 0.0546875 0.05625
0 0.49921875 0.190625 0.0796875 0.0625
0 0.83125 0.80859375 0.0625 0.0703125
0 0.33046875 0.0390625 0.0671875 0.05625
0 0.79296875 0.54296875 0.0640625 0.0609375
0 0.771875 0.3359375 0.078125 0.06875
0 0.546875 0.8046875 0.075 0.071875
0 0.11328125 0.85078125 0.0765625 0.0671875
0 0.63203125 0.115625 0.0640625 0.05625
0 0.1015625 0.959375 0.071875 0.0625
0 0.51171875 0.5734375 0.0671875 0.05
0 0.83515625 0.70703125 0.0609375 0.0609375
0 0.25859375 0.61640625 0.0734375 0.0640625
0 0.9 0.5984375 0.0625 0.053125
0 0.94453125 0.56640625 0.0671875 0.0578125
0 0.67109375 0.87578125 0.0546875 0.0453125
0 0.634375 0.68984375 0.065625 0.0578125
0 0.26640625 0.81953125 0.0703125 0.0671875
0 0.5140625 0.08359375 0.06875 0.0671875
0 0.928125 0.01875 0.05 0.034375
0 0.67109375 0.91328125 0.0609375 0.0578125
0 0.79296875 0.89140625 0.0453125 0.0390625
0 0.5203125 0.28203125 0.059375 0.0640625
0 0.6609375 0.959375 0.06875 0.053125
0 0.64375 0.36171875 0.071875 0.0859375
0 0.86796875 0.96328125 0.0609375 0.0515625
0 0.08984375 0.5828125 0.0671875 0.05625
0 0.4421875 0.85078125 0.05625 0.0546875
0 0.64140625 0.17265625 0.0546875 0.0578125
0 0.37421875 0.19765625 0.0546875 0.0453125
0 0.52109375 0.021875 0.0578125 0.040625
0 0.17734375 0.82890625 0.0703125 0.0640625
0 0.78125 0.22890625 0.059375 0.0546875
0 0.96796875 0.975 0.0453125 0.0375
0 0.93671875 0.321875 0.0515625 0.046875
0 0.50546875 0.1390625 0.0609375 0.046875
0 0.08515625 0.34921875 0.0765625 0.0578125
0 0.11328125 0.64453125 0.0890625 0.0828125
0 0.815625 0.61640625 0.046875 0.0484375
0 0.96171875 0.75703125 0.0546875 0.0640625
0 0.20703125 0.27734375 0.0578125 0.0390625
0 0.1796875 0.37109375 0.05 0.0484375
0 0.184375 0.196875 0.071875 0.053125
0 0.20078125 0.1546875 0.0390625 0.0375
0 0.07265625 0.2984375 0.0546875 0.0375
0 0.51015625 0.3375 0.0609375 0.040625
