0 0.959375 0.64453125 0.05 0.0484375
0 0.2890625 0.35859375 0.05 0.0546875
0 0.36328125 0.04765625 0.0515625 0.0484375
0 0.45078125 0.7421875 0.0484375 0.04375
0 0.86875 0.8 0.05625 0.053125
0 0.42421875 0.5546875 0.0578125 0.05
0 0.96640625 0.490625 0.0515625 0.05
0 0.30546875 0.53671875 0.0578125 0.0515625
0 0.70078125 0.05390625 0.0578125 0.0515625
0 0.42109375 0.103125 0.0546875 0.046875
0 0.0203125 0.79296875 0.0375 0.0515625
0 0.9515625 0.7015625 0.05625 0.053125
0 0.39609375 0.215625 0.0578125 0.053125
0 0.97421875 0.225 0.0421875 0.046875
0 0.15 0.86640625 0.0625 0.0546875
0 0.86796875 0.63515625 0.0578125 0.0546875
0 0.86015625 0.025 0.0578125 0.04375
0 0.44609375 0.61015625 0.0484375 0.0421875
0 0.8515625 0.31171875 0.046875 0.0453125
0 0.85625 0.746875 0.0625 0.05
0 0.02734375 0.61015625 0.0515625 0.0578125
0 0.975 0.765625 0.04375 0.05625
0 0.1140625 0.72421875 0.071875 0.0640625
0 0.28671875 0.1 0.0484375 0.046875
0 0.60625 0.453125 0.0625 0.059375
0 0.29921875 0.71015625 0.0578125 0.0484375
0 0.01953125 0.11015625 0.0359375 0.0421875
0 0.11015625 0.15 0.0515625 0.046875
0 0.8578125 0.15234375 0.0625 0.0609375
0 0.57421875 0.23984375 0.0515625 0.0453125
0 0.32265625 0.24296875 0.0703125 0.0609375
0 0.68515625 0.20546875 0.0609375 0.0546875
0 0.275 0.0640625 0.05625 0.053125
0 0.72265625 0.4390625 0.0671875 0.05625
0 0.68984375 0.27890625 0.0671875 0.0640625
0 0.109375 0.36796875 0.084375 0.0703125
0 0.12109375 0.28671875 0.0734375 0.0640625
0 0.56640625 0.3171875 0.0578125 0.046875
0 0.8578125 0.25 0.06875 0.059375
0 0.27890625 0.653125 0.0671875 0.0625
0 0.5765625 0.0359375 0.0625 0.059375
0 0.27890625 0.17890625 0.0703125 0.0671875
0 0.1484375 0.50078125 0.071875 0.0609375
0 0.32890625 0.8578125 0.0703125 0.0625
0 0.6765625 0.86015625 0.075 0.0546875
0 0.696875 0.75390625 0.06875 0.0546875
0 0.1234375 0.09140625 0.090625 0.0734375
0 0.73203125 0.50703125 0.0515625 0.0421875
0 0.13359375 0.8015625 0.0671875 0.059375
0 0.29609375 0.7796875 0.0609375 0.0625
0 0.38671875 0.44453125 0.0640625 0.0578125
0 0.26171875 0.29296875 0.0640625 0.0640625
0 0.6796875 0.8109375 0.071875 0.05625
0 0.728125 0.365625 0.065625 0.05625
0 0.1296875 0.6046875 0.071875 0.059375
0 0.57734375 0.3875 0.0703125 0.059375
0 0.62109375 0.09609375 0.0765625 0.0703125
0 0.13125 0.2171875 0.08125 0.06875
0 0.71953125 0.1625 0.0671875 0.05625
0 0.85703125 0.5359375 0.0609375 0.071875
0 0.84453125 0.70546875 0.0609375 0.0515625
0 0.29765625 0.4625 0.0796875 0.065625
0 0.4078125 0.1453125 0.065625 0.0625
0 0.13125 0.6546875 0.071875 0.065625
0 0.28984375 0.5875 0.0609375 0.05625
0 0.12109375 0.425 0.0703125 0.0625
0 0.02578125 0.87890625 0.0484375 0.0578125
0 0.56484375 0.15703125 0.0734375 0.0671875
0 0.01953125 0.25703125 0.0359375 0.0484375
0 0.4328125 0.65234375 0.046875 0.0421875
0 0.1234375 0.51484375 0.059375 0.0546875
0 0.01953125 0.71328125 0.0359375 0.0453125
0 0.46953125 0.6828125 0.0671875 0.059375
0 0.025 0.4453125 0.046875 0.059375
0 0.42109375 0.5 0.0546875 0.05
0 0.41015625 0.34765625 0.0640625 0.0640625
0 0.6015625 0.53359375 0.06875 0.0515625
0 0.55546875 0.28828125 0.0609375 0.0578125
0 0.47265625 0.31171875 0.0453125 0.0578125
0 0.85 0.8859375 0.04375 0.04375
0 0.88125 0.396875 0.053125 0.046875
0 0.98125 0.071875 0.0375 0.071875
0 0.98515625 0.40859375 0.0296875 0.0578125
0 0.98125 0.57109375 0.0375 0.0640625
