0 0.0546875 0.10390625 0.05 0.0484375
0 0.0890625 0.625 0.053125 0.046875
0 0.77578125 0.665625 0.0546875 0.05
0 0.20546875 0.78828125 0.0453125 0.0421875
0 0.17109375 0.54765625 0.0515625 0.0453125
0 0.3359375 0.290625 0.05 0.05
0 0.0921875 0.7515625 0.059375 0.05
0 0.74921875 0.34453125 0.0515625 0.0453125
0 0.45703125 0.19921875 0.0484375 0.0484375
0 0.44921875 0.03671875 0.0515625 0.0484375
0 0.21640625 0.91796875 0.0578125 0.0515625
0 0.6453125 0.55078125 0.053125 0.0484375
0 0.45859375 0.28046875 0.0453125 0.0453125
0 0.778125 0.89140625 0.05625 0.0515625
0 0.3515625 0.08125 0.0625 0.059375
0 0.1984375 0.46953125 0.05 0.0453125
0 0.3640625 0.5203125 0.0625 0.05625
0 0.68125 0.965625 0.05625 0.046875
0 0.90234375 0.19375 0.0796875 0.075
0 0.08203125 0.2484375 0.0609375 0.059375
0 0.93671875 0.6078125 0.0890625 0.071875
0 0.4734375 0.0953125 0.05625 0.05625
0 0.13515625 0.925 0.0640625 0.05625
0 0.94609375 0.54140625 0.0765625 0.0671875
0 0.77109375 0.7203125 0.0609375 0.05625
0 0.071875 0.35078125 0.046875 0.0453125
0 0.49140625 0.7328125 0.0640625 0.059375
0 0.20859375 0.71171875 0.0578125 0.0546875
0 0.72734375 0.1328125 0.0796875 0.084375
0 0.38046875 0.584375 0.0671875 0.0625
0 0.90546875 0.3015625 0.0796875 0.078125
0 0.621875 0.04609375 0.075 0.0703125
0 0.88125 0.11484375 0.084375 0.0671875
0 0.6625 0.1765625 0.078125 0.071875
0 0.88984375 0.06875 0.0734375 0.053125
0 0.19140625 0.425 0.0515625 0.04375
0 0.23671875 0.57421875 0.0515625 0.0515625
0 0.37578125 0.871875 0.0734375 0.0625
0 0.95703125 0.96796875 0.0671875 0.0546875
0 0.3484375 0.41875 0.078125 0.065625
0 0.64609375 0.671875 0.0640625 0.0625
0 0.9546875 0.79140625 0.065625 0.0578125
0 0.73828125 0.23359375 0.0703125 0.0671875
0 0.67734375 0.7953125 0.0734375 0.078125
0 0.6859375 0.8796875 0.0625 0.05625
0 0.78984375 0.59453125 0.0703125 0.0640625
0 0.91953125 0.68671875 0.0671875 0.0578125
0 0.65078125 0.50078125 0.0671875 0.0578125
0 0.3734375 0.73515625 0.065625 0.0578125
0 0.7734375 0.79609375 0.075 0.0671875
0 0.64609375 0.290625 0.0734375 0.06875
0 0.94453125 0.85234375 0.0703125 0.0640625
0 0.09453125 0.81796875 0.0640625 0.0578125
0 0.9640625 0.91796875 0.059375 0.0609375
0 0.659375 0.93203125 0.0625 0.0515625
0 0.4765625 0.6046875 0.06875 0.065625
0 0.95859375 0.72890625 0.0640625 0.0640625
0 0.21171875 0.8421875 0.0671875 0.065625
0 0.765625 0.54375 0.065625 0.05625
0 0.66015625 0.41796875 0.0671875 0.0703125
0 0.36171875 0.16015625 0.0609375 0.0578125
0 0.77265625 0.4234375 0.0640625 0.059375
0 0.35078125 0.21796875 0.0578125 0.0609375
0 0.7453125 0.29453125 0.065625 0.0578125
0 0.0953125 0.675 0.05 0.04375
0 0.15859375 0.17265625 0.0671875 0.0578125
0 0.64453125 0.10234375 0.0546875 0.0484375
0 0.62109375 0.2265625 0.0640625 0.059375
0 0.3421875 0.34609375 0.059375 0.0546875
0 0.90234375 0.49609375 0.0671875 0.0546875
0 0.1953125 0.6140625 0.04375 0.04375
0 0.078125 0.509375 0.046875 0.04375
0 0.50078125 0.85078125 0.0640625 0.0546875
0 0.08515625 0.17734375 0.0578125 0.0578125
0 0.7765625 0.46875 0.065625 0.0625
0 0.21640625 0.65390625 0.0421875 0.0390625
0 0.171875 0.0640625 0.05625 0.0625
0 0.215625 0.97265625 0.046875 0.0359375
0 0.43359375 0.95546875 0.0671875 0.0609375
0 0.5046875 0.90625 0.06875 0.059375
0 0.91953125 0.41640625 0.0890625 0.1015625
0 0.653125 0.38046875 0.065625 0.0515625
0 0.48515625 0.3296875 0.0484375 0.040625
0 0.44609375 0.39453125 0.0515625 0.0453125
0 0.4765625 0.46953125 0.0375 0.0296875
0 0.6390625 0.5953125 0.075 0.0375
0 0.790625 0.98515625 0.0375 0.0296875
