0 0.84921875 0.9671875 0.0546875 0.046875
0 0.23125 0.2109375 0.05625 0.05
0 0.96796875 0.78125 0.0484375 0.053125
0 0.234375 0.9234375 0.05625 0.05
0 0.0671875 0.70234375 0.05 0.0484375
0 0.82578125 0.17109375 0.0515625 0.0515625
0 0.06328125 0.2 0.0609375 0.053125
0 0.9296875 0.7234375 0.05625 0.05625
0 0.3640625 0.83828125 0.05625 0.0515625
0 0.78984375 0.834375 0.0578125 0.053125
0 0.90703125 0.29609375 0.0546875 0.0484375
0 0.0765625 0.6421875 0.0625 0.05625
0 0.07734375 0.89765625 0.0546875 0.0546875
0 0.925 0.48828125 0.05625 0.0578125
0 0.38359375 0.79296875 0.0578125 0.0578125
0 0.8609375 0.89921875 0.05625 0.0578125
0 0.525 0.61640625 0.059375 0.0515625
0 0.103125 0.31875 0.0625 0.05625
0 0.3484375 0.71171875 0.05625 0.0609375
0 0.2578125 0.97109375 0.06875 0.0484375
0 0.91015625 0.21484375 0.0671875 0.0578125
0 0.846875 0.3125 0.05 0.040625
0 0.065625 0.8328125 0.059375 0.059375
0 0.91171875 0.03984375 0.0609375 0.0453125
0 0.45703125 0.27109375 0.0609375 0.0453125
0 0.01953125 0.3125 0.0359375 0.046875
0 0.21796875 0.66015625 0.0578125 0.0484375
0 0.8203125 0.0171875 0.04375 0.03125
0 0.5703125 0.95546875 0.0625 0.0609375
0 0.834375 0.51953125 0.071875 0.0703125
0 0.196875 0.065625 0.05 0.053125
0 0.0640625 0.76796875 0.075 0.0609375
0 0.1 0.1109375 0.065625 0.05625
0 0.371875 0.1421875 0.078125 0.065625
0 0.2265625 0.775 0.08125 0.071875
0 0.11171875 0.4359375 0.0890625 0.078125
0 0.26640625 0.57109375 0.0703125 0.0734375
0 0.80390625 0.61953125 0.0734375 0.0734375
0 0.246875 0.28203125 0.06875 0.0578125
0 0.378125 0.05078125 0.08125 0.0609375
0 0.78671875 0.7734375 0.0640625 0.0625
0 0.3734375 0.42109375 0.078125 0.0703125
0 0.25703125 0.11484375 0.0703125 0.0671875
0 0.96640625 0.66953125 0.0578125 0.0671875
0 0.26328125 0.8828125 0.0671875 0.059375
0 0.3796875 0.6546875 0.06875 0.075
0 0.8078125 0.1046875 0.0625 0.05625
0 0.96484375 0.93671875 0.0609375 0.0703125
0 0.37265625 0.9609375 0.0703125 0.05625
0 0.3546875 0.575 0.071875 0.071875
0 0.8671875 0.73046875 0.059375 0.0609375
0 0.078125 0.27890625 0.06875 0.0578125
0 0.23984375 0.684375 0.0671875 0.071875
0 0.91875 0.11328125 0.065625 0.0546875
0 0.2703125 0.33828125 0.04375 0.0421875
0 0.28984375 0.453125 0.0515625 0.059375
0 0.97890625 0.8359375 0.0421875 0.05625
0 0.97421875 0.98125 0.0484375 0.0375
0 0.9140625 0.38046875 0.075 0.0640625
0 0.90859375 0.1671875 0.0484375 0.04375
0 0.22890625 0.04453125 0.0453125 0.0484375
