0 0.7546875 0.94296875 0.059375 0.0515625
0 0.56484375 0.1828125 0.0578125 0.05
0 0.8609375 0.84921875 0.05 0.0421875
0 0.86171875 0.3484375 0.0578125 0.053125
0 0.02421875 0.23359375 0.0453125 0.0515625
0 0.17734375 0.02109375 0.0546875 0.0390625
0 0.76875 0.76015625 0.053125 0.0484375
0 0.0609375 0.9546875 0.046875 0.046875
0 0.0421875 0.75546875 0.053125 0.0578125
0 0.41796875 0.0203125 0.0640625 0.0375
0 0.5328125 0.690625 0.0625 0.05625
0 0.8828125 0.7953125 0.05625 0.05
0 0.08125 0.38515625 0.05 0.0453125
0 0.7640625 0.31328125 0.0625 0.0546875
0 0.3328125 0.18984375 0.0625 0.0484375
0 0.8453125 0.28515625 0.0625 0.0546875
0 0.03984375 0.42109375 0.0515625 0.0453125
0 0.765625 0.97890625 0.046875 0.0296875
0 0.58359375 0.25390625 0.0640625 0.0546875
0 0.8671875 0.95390625 0.065625 0.0609375
0 0.91953125 0.4625 0.0671875 0.0625
0 0.8546875 0.03046875 0.075 0.0578125
0 0.04765625 0.66875 0.0703125 0.059375
0 0.3625 0.53125 0.08125 0.084375
0 0.2171875 0.25234375 0.078125 0.0703125
0 0.78359375 0.48984375 0.0703125 0.0734375
0 0.484375 0.4125 0.078125 0.06875
0 0.32890625 0.328125 0.0765625 0.075
0 0.24609375 0.88984375 0.0921875 0.0765625
0 0.35078125 0.41953125 0.0890625 0.0828125
0 0.7265625 0.0984375 0.075 0.065625
0 0.87421875 0.15546875 0.0703125 0.0578125
0 0.8828125 0.89765625 0.065625 0.0578125
0 0.87421875 0.23984375 0.0734375 0.0640625
0 0.3234375 0.24453125 0.0625 0.0546875
0 0.73984375 0.17109375 0.0703125 0.0515625
0 0.7484375 0.228125 0.08125 0.06875
0 0.36796875 0.69921875 0.0734375 0.0640625
0 0.415625 0.959375 0.0625 0.05625
0 0.86171875 0.08984375 0.0703125 0.0546875
0 0.06796875 0.85234375 0.0640625 0.0703125
0 0.90234375 0.65390625 0.0640625 0.0515625
0 0.74296875 0.0453125 0.0546875 0.05
0 0.5765625 0.11015625 0.071875 0.0609375
0 0.2875 0.02890625 0.053125 0.0515625
0 0.2984375 0.0953125 0.05625 0.05
