0 0.05234375 0.46484375 0.0515625 0.0484375
0 0.1734375 0.56015625 0.053125 0.0484375
0 0.365625 0.6953125 0.05 0.05
0 0.73125 0.50234375 0.05625 0.0515625
0 0.146875 0.02421875 0.059375 0.0453125
0 0.04453125 0.1265625 0.0515625 0.046875
0 0.14921875 0.190625 0.0484375 0.04375
0 0.05859375 0.515625 0.0453125 0.04375
0 0.05859375 0.06484375 0.0484375 0.0453125
0 0.35703125 0.82578125 0.0546875 0.0484375
0 0.18828125 0.61015625 0.0515625 0.0484375
0 0.16484375 0.825 0.0515625 0.05
0 0.94453125 0.7765625 0.0453125 0.046875
0 0.925 0.64609375 0.05625 0.0484375
0 0.88203125 0.26796875 0.0453125 0.0453125
0 0.65234375 0.24609375 0.0546875 0.0484375
0 0.90390625 0.3984375 0.0609375 0.05
0 0.734375 0.4015625 0.05625 0.053125
0 0.6671875 0.9390625 0.053125 0.053125
0 0.7296875 0.56171875 0.05625 0.0515625
0 0.9046875 0.475 0.05 0.04375
0 0.95078125 0.94375 0.0546875 0.053125
0 0.7203125 0.32265625 0.05625 0.0515625
0 0.89453125 0.3203125 0.0515625 0.05
0 0.90390625 0.53359375 0.0734375 0.0609375
0 0.178125 0.434375 0.059375 0.05625
0 0.3453125 0.56875 0.0625 0.053125
0 0.490625 0.478125 0.059375 0.053125
0 0.9515625 0.871875 0.04375 0.040625
0 0.03828125 0.825 0.0515625 0.046875
0 0.4625 0.03515625 0.05 0.0453125
0 0.753125 0.03984375 0.065625 0.0546875
0 0.6171875 0.0484375 0.053125 0.05
0 0.72109375 0.6203125 0.0609375 0.053125
0 0.33828125 0.7625 0.0796875 0.071875
0 0.3734375 0.43359375 0.053125 0.0515625
0 0.7578125 0.12890625 0.05625 0.0484375
0 0.346875 0.2546875 0.071875 0.065625
0 0.1765625 0.13203125 0.0625 0.0546875
0 0.06953125 0.921875 0.0703125 0.0625
0 0.18125 0.3765625 0.06875 0.05625
0 0.36640625 0.88359375 0.0484375 0.0453125
0 0.6640625 0.7890625 0.08125 0.078125
0 0.140625 0.07578125 0.0625 0.0546875
0 0.47265625 0.57734375 0.0734375 0.0640625
0 0.91328125 0.69609375 0.0703125 0.0609375
0 0.0828125 0.8578125 0.078125 0.06875
0 0.621875 0.5171875 0.065625 0.059375
0 0.459375 0.85 0.053125 0.05625
0 0.453125 0.16875 0.06875 0.06875
0 0.46796875 0.0828125 0.0609375 0.05625
0 0.1734375 0.7765625 0.06875 0.0625
0 0.7515625 0.88203125 0.078125 0.0640625
0 0.9390625 0.83359375 0.040625 0.0390625
0 0.65859375 0.88828125 0.0671875 0.0546875
0 0.1859375 0.8796875 0.059375 0.053125
0 0.628125 0.4421875 0.06875 0.059375
0 0.75234375 0.75078125 0.0453125 0.0390625
0 0.49296875 0.31484375 0.0578125 0.0484375
0 0.4859375 0.95703125 0.05 0.0484375
0 0.18203125 0.496875 0.0640625 0.053125
0 0.54921875 0.96875 0.0484375 0.040625
0 0.3203125 0.0625 0.06875 0.053125
0 0.67734375 0.69921875 0.0609375 0.0609375
0 0.31875 0.17109375 0.053125 0.0453125
0 0.17265625 0.67734375 0.0421875 0.0421875
0 0.16953125 0.31171875 0.0734375 0.0546875
0 0.05859375 0.40625 0.0671875 0.05625
0 0.33828125 0.62578125 0.0671875 0.0640625
0 0.46015625 0.68515625 0.0703125 0.0671875
0 0.05234375 0.26875 0.0609375 0.05625
0 0.459375 0.9109375 0.04375 0.046875
0 0.0609375 0.3453125 0.06875 0.05625
0 0.73515625 0.44140625 0.0515625 0.0421875
0 0.64453125 0.11875 0.0578125 0.046875
0 0.1828125 0.7265625 0.046875 0.040625
0 0.06015625 0.20625 0.0609375 0.05625
0 0.7671875 0.94453125 0.059375 0.0546875
0 0.02734375 0.01875 0.0421875 0.034375
0 0.9234375 0.59296875 0.053125 0.0453125
0 0.63515625 0.17265625 0.0515625 0.0515625
0 0.38046875 0.9328125 0.0640625 0.065625
0 0.928125 0.89921875 0.04375 0.0390625
0 0.6375 0.390625 0.0625 0.05
0 0.07734375 0.57109375 0.0640625 0.0609375
0 0.08203125 0.6953125 0.0609375 0.059375
0 0.315625 0.32109375 0.053125 0.0546875
0 0.1875 0.925 0.05 0.05
0 0.76328125 0.80703125 0.0671875 0.0640625
0 0.1703125 0.2328125 0.065625 0.05625
0 0.30546875 0.0203125 0.0484375 0.0375
0 0.0625 0.97578125 0.059375 0.0421875
0 0.48359375 0.4140625 0.0578125 0.053125
0 0.9328125 0.08671875 0.04375 0.0390625
0 0.27734375 0.1078125 0.0359375 0.03125
0 0.0546875 0.6453125 0.04375 0.0375
