0 0.1 0.2234375 0.053125 0.046875
0 0.30703125 0.784375 0.0515625 0.046875
0 0.31640625 0.71484375 0.0546875 0.0515625
0 0.92265625 0.9015625 0.0515625 0.046875
0 0.928125 0.79453125 0.05625 0.0484375
0 0.9390625 0.83359375 0.05 0.0453125
0 0.0296875 0.53515625 0.05625 0.0546875
0 0.40859375 0.57578125 0.0609375 0.0484375
0 0.0390625 0.340625 0.059375 0.053125
0 0.03515625 0.16484375 0.0546875 0.0484375
0 0.8796875 0.15390625 0.053125 0.0515625
0 0.88671875 0.4203125 0.0546875 0.046875
0 0.4796875 0.828125 0.053125 0.046875
0 0.96015625 0.21796875 0.0578125 0.0546875
0 0.95625 0.0875 0.059375 0.053125
0 0.4 0.3515625 0.05625 0.05625
0 0.309375 0.95625 0.071875 0.059375
0 0.04921875 0.86875 0.0765625 0.071875
0 0.03828125 0.40859375 0.0609375 0.0578125
0 0.4375 0.6671875 0.05 0.05
0 0.0859375 0.09375 0.071875 0.059375
0 0.46171875 0.21953125 0.0640625 0.0546875
0 0.309375 0.44453125 0.071875 0.0671875
0 0.13203125 0.53046875 0.0578125 0.0453125
0 0.2953125 0.353125 0.075 0.065625
0 0.28125 0.2625 0.0625 0.05625
0 0.325 0.83203125 0.075 0.0703125
0 0.1484375 0.715625 0.084375 0.078125
0 0.06171875 0.7765625 0.0671875 0.05625
0 0.24140625 0.41484375 0.0703125 0.0671875
0 0.4796875 0.94921875 0.084375 0.0640625
0 0.165625 0.634375 0.084375 0.06875
0 0.03671875 0.61796875 0.0703125 0.0671875
0 0.29609375 0.13984375 0.0734375 0.0640625
0 0.13046875 0.45703125 0.0765625 0.0734375
0 0.41015625 0.134375 0.0546875 0.05625
0 0.26953125 0.053125 0.0640625 0.053125
0 0.0796875 0.96484375 0.06875 0.0546875
0 0.96484375 0.03359375 0.0546875 0.0546875
0 0.69375 0.35859375 0.05 0.0484375
0 0.03359375 0.71953125 0.0578125 0.0546875
0 0.48828125 0.5390625 0.0453125 0.04375
0 0.39296875 0.4171875 0.0671875 0.06875
0 0.45078125 0.86328125 0.0859375 0.0703125
0 0.88046875 0.23203125 0.0609375 0.0546875
0 0.85 0.0515625 0.06875 0.065625
0 0.3078125 0.55546875 0.05625 0.0546875
0 0.91171875 0.7234375 0.0546875 0.05625
0 0.41796875 0.06015625 0.0640625 0.0609375
0 0.02734375 0.47734375 0.0515625 0.0515625
0 0.89453125 0.3640625 0.0703125 0.059375
0 0.8890625 0.5203125 0.05 0.059375
0 0.1125 0.159375 0.05625 0.05
0 0.10703125 0.278125 0.0609375 0.05625
0 0.44453125 0.61484375 0.0390625 0.0421875
0 0.9 0.60703125 0.05 0.0515625
0 0.9109375 0.65546875 0.046875 0.0453125
0 0.86796875 0.109375 0.0359375 0.0375
0 0.87421875 0.4765625 0.0609375 0.053125
0 0.8796875 0.3 0.046875 0.04375
0 0.43046875 0.26796875 0.0671875 0.0609375
0 0.24375 0.0234375 0.065625 0.04375
0 0.92421875 0.96796875 0.0390625 0.0609375
0 0.1796875 0.3515625 0.05 0.05625
0 0.12265625 0.3984375 0.0609375 0.040625
