0 0.31640625 0.81484375 0.0546875 0.0515625
0 0.41015625 0.2328125 0.0546875 0.053125
0 0.92890625 0.89453125 0.0546875 0.0484375
0 0.30703125 0.884375 0.0515625 0.046875
0 0.1 0.3234375 0.053125 0.046875
0 0.40859375 0.67578125 0.0609375 0.0484375
0 0.88046875 0.2546875 0.0515625 0.053125
0 0.96640625 0.1328125 0.0515625 0.05
0 0.3078125 0.6546875 0.053125 0.053125
0 0.97421875 0.075 0.0421875 0.046875
0 0.9125 0.82421875 0.053125 0.0546875
0 0.0296875 0.63515625 0.05625 0.0546875
0 0.8796875 0.33203125 0.059375 0.0515625
0 0.93828125 0.93359375 0.0515625 0.0484375
0 0.03515625 0.26484375 0.0546875 0.0484375
0 0.4796875 0.92890625 0.053125 0.0453125
0 0.8875 0.5203125 0.053125 0.046875
0 0.95703125 0.1875 0.0609375 0.053125
0 0.2703125 0.15234375 0.059375 0.0515625
0 0.4 0.4515625 0.05625 0.05625
0 0.28046875 0.03046875 0.0828125 0.0578125
0 0.11015625 0.0609375 0.0640625 0.05
0 0.165625 0.73515625 0.084375 0.0671875
0 0.03828125 0.50859375 0.0609375 0.0578125
0 0.14921875 0.815625 0.0859375 0.078125
0 0.41796875 0.16015625 0.0640625 0.0609375
0 0.4375 0.7671875 0.05 0.05
0 0.06171875 0.87578125 0.0671875 0.0546875
0 0.0859375 0.19296875 0.071875 0.0609375
0 0.28125 0.3625 0.0625 0.05625
0 0.2953125 0.45234375 0.075 0.0640625
0 0.13125 0.63046875 0.05625 0.0453125
0 0.04765625 0.96015625 0.0734375 0.0609375
0 0.43125 0.36875 0.065625 0.059375
0 0.86875 0.0328125 0.0625 0.05625
0 0.240625 0.515625 0.06875 0.065625
0 0.46171875 0.3203125 0.0640625 0.05625
0 0.3984375 0.028125 0.078125 0.053125
0 0.29609375 0.23984375 0.0734375 0.0640625
0 0.309375 0.54453125 0.071875 0.0671875
0 0.13046875 0.5578125 0.0765625 0.071875
0 0.0359375 0.71953125 0.06875 0.0671875
0 0.24609375 0.1171875 0.0671875 0.05625
0 0.03828125 0.44140625 0.0609375 0.0546875
0 0.69453125 0.45859375 0.0515625 0.0484375
0 0.39375 0.51640625 0.06875 0.0703125
0 0.4484375 0.95859375 0.084375 0.0609375
0 0.9609375 0.31875 0.059375 0.05625
0 0.85 0.14921875 0.06875 0.0703125
0 0.02734375 0.57734375 0.0515625 0.0515625
0 0.8953125 0.4640625 0.06875 0.059375
0 0.48828125 0.63984375 0.0453125 0.0453125
0 0.1125 0.259375 0.05625 0.05
0 0.1078125 0.37890625 0.0625 0.0546875
0 0.44453125 0.71484375 0.0390625 0.0421875
0 0.8890625 0.6203125 0.05 0.059375
0 0.90078125 0.70625 0.0484375 0.05
0 0.96875 0.75546875 0.046875 0.0484375
0 0.9109375 0.75625 0.046875 0.04375
0 0.87421875 0.5765625 0.0609375 0.053125
0 0.87890625 0.40078125 0.0453125 0.0421875
0 0.86875 0.209375 0.034375 0.0375
0 0.0328125 0.81875 0.05625 0.053125
0 0.95859375 0.02265625 0.0484375 0.0421875
0 0.325 0.93203125 0.078125 0.0734375
0 0.41328125 0.8 0.0390625 0.034375
0 0.371875 0.83125 0.040625 0.034375
0 0.12109375 0.496875 0.0609375 0.046875
0 0.98515625 0.69765625 0.0296875 0.0453125
0 0.9875 0.565625 0.021875 0.0375
0 0.990625 0.61171875 0.01875 0.0453125
0 0.98203125 0.50546875 0.0359375 0.0484375
0 0.9875 0.4390625 0.025 0.046875
0 0.96953125 0.23828125 0.0609375 0.0484375
0 0.86953125 0.07421875 0.0421875 0.0453125
