0 0.025 0.58046875 0.046875 0.0484375
0 0.0203125 0.63671875 0.0375 0.0484375
0 0.1953125 0.63828125 0.053125 0.0515625
0 0.3203125 0.57890625 0.053125 0.0546875
0 0.89765625 0.72578125 0.0484375 0.0484375
0 0.171875 0.4890625 0.05625 0.05
0 0.0484375 0.82421875 0.053125 0.0515625
0 0.80546875 0.7046875 0.0515625 0.046875
0 0.75859375 0.62265625 0.0515625 0.0546875
0 0.1703125 0.096875 0.053125 0.05
0 0.60703125 0.9671875 0.0609375 0.05
0 0.7609375 0.303125 0.04375 0.046875
0 0.58515625 0.60546875 0.0546875 0.0484375
0 0.03125 0.96015625 0.05625 0.0515625
0 0.196875 0.7671875 0.0625 0.05
0 0.021875 0.47265625 0.040625 0.0484375
0 0.5921875 0.4546875 0.05 0.04375
0 0.8578125 0.2125 0.059375 0.053125
0 0.3078125 0.93046875 0.05625 0.0484375
0 0.1546875 0.3640625 0.0625 0.05
0 0.50234375 0.74375 0.0546875 0.05625
0 0.02578125 0.88125 0.0484375 0.05625
0 0.48671875 0.8015625 0.0578125 0.053125
0 0.75078125 0.20234375 0.0578125 0.0515625
0 0.77265625 0.57265625 0.0484375 0.0421875
0 0.3171875 0.51015625 0.059375 0.0546875
0 0.79921875 0.84375 0.0546875 0.046875
0 0.57890625 0.3796875 0.0578125 0.053125
0 0.47265625 0.65546875 0.0578125 0.0484375
0 0.8359375 0.17265625 0.05 0.0453125
0 0.84765625 0.3 0.0609375 0.05625
0 0.8625 0.5984375 0.04375 0.040625
0 0.4828125 0.2546875 0.078125 0.06875
0 0.740625 0.37109375 0.06875 0.0640625
0 0.5875 0.25 0.065625 0.05625
0 0.4703125 0.1078125 0.08125 0.071875
0 0.46953125 0.88984375 0.0765625 0.0890625
0 0.02265625 0.51015625 0.0421875 0.0390625
0 0.2078125 0.59140625 0.04375 0.0390625
0 0.30546875 0.65 0.0640625 0.05625
0 0.17734375 0.16640625 0.0609375 0.0546875
0 0.88046875 0.896875 0.0546875 0.05
0 0.48515625 0.3875 0.0734375 0.065625
0 0.3203125 0.415625 0.071875 0.065625
0 0.59296875 0.17734375 0.0578125 0.0578125
0 0.59921875 0.83671875 0.0671875 0.0609375
0 0.58984375 0.71640625 0.0890625 0.0703125
0 0.88515625 0.840625 0.0484375 0.053125
0 0.190625 0.68515625 0.065625 0.0515625
0 0.02421875 0.34453125 0.0453125 0.0546875
0 0.49296875 0.5125 0.0609375 0.053125
0 0.18203125 0.821875 0.0546875 0.04375
0 0.4921875 0.96484375 0.0625 0.0546875
0 0.0578125 0.30078125 0.0625 0.0578125
0 0.8375 0.103125 0.059375 0.05625
0 0.1703125 0.29921875 0.075 0.0703125
0 0.90234375 0.65390625 0.0640625 0.0578125
0 0.60703125 0.53125 0.0671875 0.071875
0 0.79140625 0.51640625 0.0640625 0.0546875
0 0.4828125 0.584375 0.078125 0.06875
0 0.01796875 0.41875 0.0328125 0.04375
0 0.44140625 0.1703125 0.0671875 0.05625
0 0.6 0.31875 0.078125 0.06875
0 0.1453125 0.20234375 0.046875 0.0484375
0 0.30625 0.8671875 0.065625 0.059375
0 0.78828125 0.89765625 0.0640625 0.0546875
0 0.16640625 0.4109375 0.0578125 0.05625
0 0.0265625 0.21015625 0.05 0.0546875
0 0.571875 0.11171875 0.065625 0.0609375
0 0.1953125 0.86484375 0.071875 0.0609375
0 0.60234375 0.64140625 0.0609375 0.0546875
0 0.31640625 0.7078125 0.0640625 0.0625
0 0.23671875 0.06171875 0.0546875 0.0515625
0 0.03046875 0.70234375 0.0578125 0.0578125
0 0.19765625 0.97890625 0.0453125 0.0328125
0 0.17578125 0.934375 0.0640625 0.05625
0 0.5953125 0.41875 0.05 0.0375
0 0.83125 0.35546875 0.053125 0.0515625
0 0.30234375 0.78984375 0.0640625 0.0578125
0 0.325 0.978125 0.040625 0.03125
0 0.59140625 0.89375 0.0484375 0.046875
0 0.684375 0.2328125 0.046875 0.040625
0 0.20234375 0.540625 0.0578125 0.04375
0 0.75234375 0.10703125 0.0609375 0.0515625
0 0.81328125 0.978125 0.0640625 0.040625
