0 0.67109375 0.85703125 0.0515625 0.0515625
0 0.971875 0.70234375 0.046875 0.0515625
0 0.9625 0.3609375 0.053125 0.053125
0 0.69609375 0.80390625 0.0609375 0.0515625
0 0.67265625 0.5546875 0.0609375 0.053125
0 0.97421875 0.78515625 0.0453125 0.0640625
0 0.5390625 0.621875 0.05625 0.05625
0 0.93515625 0.4328125 0.0546875 0.046875
0 0.4921875 0.1671875 0.053125 0.046875
0 0.14375 0.03046875 0.059375 0.0578125
0 0.953125 0.02421875 0.0625 0.0453125
0 0.91484375 0.2890625 0.0546875 0.05625
0 0.415625 0.68125 0.06875 0.05625
0 0.68359375 0.74453125 0.0546875 0.0515625
0 0.2515625 0.75859375 0.0625 0.0578125
0 0.4703125 0.02578125 0.06875 0.0484375
0 0.75546875 0.45546875 0.0578125 0.0609375
0 0.0625 0.03203125 0.071875 0.0609375
0 0.76171875 0.28125 0.0765625 0.06875
0 0.6640625 0.62109375 0.078125 0.0671875
0 0.778125 0.80859375 0.08125 0.0734375
0 0.95859375 0.5671875 0.0671875 0.075
0 0.096875 0.1015625 0.06875 0.0625
0 0.7640625 0.19375 0.071875 0.0625
0 0.65625 0.24140625 0.09375 0.0859375
0 0.41328125 0.6109375 0.0703125 0.065625
0 0.74375 0.38984375 0.06875 0.0578125
0 0.95859375 0.85859375 0.0703125 0.0703125
0 0.26640625 0.88984375 0.0703125 0.0671875
0 0.6265625 0.046875 0.06875 0.05625
0 0.1375 0.89921875 0.071875 0.0546875
0 0.946875 0.24296875 0.06875 0.0609375
0 0.9609375 0.4734375 0.059375 0.059375
0 0.09296875 0.16640625 0.0765625 0.0671875
0 0.9703125 0.95625 0.053125 0.06875
0 0.39609375 0.4953125 0.0609375 0.065625
0 0.6546875 0.10625 0.08125 0.065625
0 0.140625 0.94296875 0.08125 0.0640625
0 0.32734375 0.24140625 0.0671875 0.0640625
0 0.965625 0.07109375 0.05625 0.0609375
0 0.09375 0.39609375 0.06875 0.0640625
0 0.1140625 0.825 0.078125 0.071875
0 0.59765625 0.4953125 0.0640625 0.065625
0 0.67578125 0.17421875 0.0703125 0.0578125
0 0.23671875 0.475 0.0703125 0.059375
0 0.35 0.115625 0.065625 0.05625
0 0.4984375 0.434375 0.0625 0.053125
0 0.3328125 0.06171875 0.06875 0.0546875
0 0.80859375 0.15546875 0.0640625 0.0578125
0 0.12734375 0.75546875 0.0609375 0.0546875
0 0.48203125 0.09765625 0.0671875 0.0546875
0 0.103125 0.284375 0.115625 0.084375
0 0.65 0.40234375 0.1 0.0796875
0 0.7765625 0.553125 0.09375 0.08125
0 0.9875 0.178125 0.025 0.040625
0 0.68203125 0.96484375 0.0328125 0.0421875
