0 0.21328125 0.625 0.0515625 0.05
0 0.075 0.8984375 0.05 0.05
0 0.0796875 0.43515625 0.05 0.0515625
0 0.38671875 0.81953125 0.0578125 0.0484375
0 0.6265625 0.3328125 0.059375 0.053125
0 0.06640625 0.55390625 0.0671875 0.0515625
0 0.896875 0.19140625 0.05625 0.0484375
0 0.33984375 0.23984375 0.0546875 0.0484375
0 0.5421875 0.69609375 0.059375 0.0453125
0 0.35234375 0.60703125 0.0609375 0.0578125
0 0.52890625 0.59453125 0.0484375 0.0453125
0 0.6234375 0.85234375 0.0625 0.0578125
0 0.6375 0.40859375 0.046875 0.0484375
0 0.2578125 0.8953125 0.04375 0.040625
0 0.3953125 0.76171875 0.059375 0.0515625
0 0.32109375 0.16640625 0.0515625 0.0390625
0 0.06328125 0.59765625 0.0484375 0.0453125
0 0.17421875 0.3171875 0.0578125 0.053125
0 0.93046875 0.30234375 0.0703125 0.0578125
0 0.1015625 0.97578125 0.046875 0.0359375
0 0.52421875 0.3296875 0.0734375 0.06875
0 0.3359375 0.40234375 0.08125 0.0640625
0 0.05546875 0.2234375 0.0734375 0.06875
0 0.06484375 0.69296875 0.0796875 0.0640625
0 0.63203125 0.18046875 0.0671875 0.0609375
0 0.51796875 0.46015625 0.0796875 0.0734375
0 0.9484375 0.6828125 0.065625 0.065625
0 0.21953125 0.43515625 0.0890625 0.0890625
0 0.3609375 0.5265625 0.075 0.06875
0 0.08984375 0.82109375 0.0828125 0.0703125
0 0.2546875 0.821875 0.075 0.059375
0 0.44375 0.20546875 0.071875 0.0609375
0 0.2390625 0.16953125 0.071875 0.0640625
0 0.83359375 0.17109375 0.0609375 0.0546875
0 0.06328125 0.30546875 0.0703125 0.0609375
0 0.38125 0.703125 0.078125 0.06875
0 0.04765625 0.50625 0.0703125 0.053125
0 0.48671875 0.2640625 0.0734375 0.065625
0 0.04765625 0.36640625 0.0671875 0.0609375
0 0.52265625 0.52421875 0.0609375 0.0578125
0 0.228125 0.553125 0.065625 0.059375
0 0.6546875 0.91953125 0.06875 0.0734375
0 0.36796875 0.896875 0.0578125 0.059375
0 0.528125 0.77265625 0.05625 0.0546875
0 0.4921875 0.909375 0.071875 0.065625
0 0.4078125 0.60859375 0.05625 0.0578125
0 0.5296875 0.83359375 0.05625 0.0609375
0 0.36015625 0.315625 0.0640625 0.05625
0 0.2390625 0.93046875 0.05625 0.0546875
0 0.28125 0.7703125 0.0625 0.053125
0 0.696875 0.4828125 0.0625 0.05625
0 0.21328125 0.715625 0.0578125 0.05625
0 0.53828125 0.665625 0.0734375 0.053125
0 0.33984375 0.29140625 0.0640625 0.0546875
0 0.07265625 0.7375 0.0796875 0.0625
0 0.83359375 0.56875 0.0671875 0.025
0 0.20078125 0.384375 0.0546875 0.040625
0 0.3640625 0.9765625 0.05 0.04375
0 0.50546875 0.97265625 0.0828125 0.0390625
0 0.62421875 0.290625 0.0515625 0.034375
