0 0.43828125 0.1046875 0.0515625 0.046875
0 0.83515625 0.70234375 0.0546875 0.0515625
0 0.25390625 0.68671875 0.0578125 0.0484375
0 0.20078125 0.4578125 0.0578125 0.05
0 0.44375 0.05703125 0.053125 0.0453125
0 0.54453125 0.9265625 0.0484375 0.04375
0 0.2171875 0.52578125 0.053125 0.0546875
0 0.09609375 0.0375 0.0515625 0.05
0 0.0890625 0.37734375 0.05 0.0484375
0 0.73359375 0.6203125 0.0578125 0.053125
0 0.503125 0.0875 0.05625 0.05
0 0.67421875 0.571875 0.0515625 0.05
0 0.7265625 0.67890625 0.05 0.0484375
0 0.846875 0.7609375 0.053125 0.05
0 0.66875 0.34296875 0.05 0.0484375
0 0.41953125 0.62265625 0.0515625 0.0453125
0 0.5515625 0.63203125 0.059375 0.0546875
0 0.44296875 0.95234375 0.0765625 0.0671875
0 0.24140625 0.2203125 0.0578125 0.053125
0 0.29375 0.86484375 0.053125 0.0453125
0 0.72421875 0.7328125 0.0484375 0.046875
0 0.84765625 0.9171875 0.0609375 0.05
0 0.809375 0.296875 0.059375 0.053125
0 0.684375 0.4453125 0.059375 0.053125
0 0.52578125 0.48515625 0.0546875 0.0515625
0 0.259375 0.784375 0.053125 0.05625
0 0.39453125 0.51015625 0.0734375 0.0640625
0 0.1328125 0.9015625 0.0625 0.053125
0 0.56640625 0.73515625 0.0640625 0.0515625
0 0.9578125 0.03359375 0.06875 0.0640625
0 0.54921875 0.3296875 0.0578125 0.05625
0 0.15234375 0.97265625 0.0640625 0.0421875
0 0.40546875 0.83515625 0.0765625 0.0671875
0 0.4171875 0.70625 0.071875 0.059375
0 0.83125 0.2359375 0.0625 0.059375
0 0.834375 0.48671875 0.05 0.0515625
0 0.79921875 0.04296875 0.0609375 0.0578125
0 0.69609375 0.2921875 0.0703125 0.059375
0 0.8515625 0.84609375 0.078125 0.0734375
0 0.52265625 0.18515625 0.0671875 0.0609375
0 0.41015625 0.37421875 0.0640625 0.0515625
0 0.2234375 0.4015625 0.078125 0.065625
0 0.1125 0.8359375 0.0625 0.05625
0 0.4234375 0.7640625 0.06875 0.0625
0 0.13515625 0.70390625 0.0703125 0.0640625
0 0.74453125 0.95078125 0.0671875 0.0578125
0 0.26875 0.0734375 0.06875 0.05625
0 0.69609375 0.0625 0.0734375 0.0625
0 0.53203125 0.546875 0.0671875 0.0625
0 0.5609375 0.81875 0.059375 0.05
0 0.1015625 0.51484375 0.053125 0.0484375
0 0.7265625 0.80703125 0.046875 0.0421875
0 0.6765625 0.48515625 0.059375 0.0484375
0 0.121875 0.27890625 0.059375 0.0578125
0 0.50625 0.24140625 0.05625 0.0546875
0 0.8640625 0.615625 0.059375 0.059375
0 0.271875 0.12421875 0.0625 0.0546875
0 0.80625 0.10078125 0.05625 0.0546875
0 0.12109375 0.4171875 0.0640625 0.059375
0 0.55625 0.85234375 0.065625 0.0578125
0 0.52734375 0.4140625 0.0640625 0.05
0 0.12109375 0.1796875 0.0609375 0.05625
0 0.72734375 0.85546875 0.0515625 0.0484375
0 0.84375 0.55234375 0.0625 0.0609375
0 0.11953125 0.115625 0.0609375 0.05
0 0.7859375 0.17890625 0.059375 0.0546875
0 0.2546875 0.9109375 0.059375 0.0625
0 0.97265625 0.1703125 0.0453125 0.05625
0 0.978125 0.39609375 0.034375 0.0546875
0 0.24453125 0.6140625 0.0578125 0.0625
0 0.971875 0.2875 0.046875 0.059375
0 0.234375 0.275 0.05625 0.053125
0 0.0203125 0.5265625 0.0375 0.04375
0 0.40625 0.4296875 0.065625 0.05
0 0.13671875 0.6015625 0.0640625 0.053125
0 0.509375 0.38125 0.05625 0.046875
0 0.46796875 0.6421875 0.0609375 0.05625
0 0.1375 0.1125 0.059375 0.053125
0 0.15390625 0.7421875 0.0515625 0.0375
0 0.75546875 0.7890625 0.0453125 0.04375
0 0.66171875 0.18671875 0.0515625 0.0421875
0 0.67421875 0.14375 0.0578125 0.05
