0 0.96953125 0.2953125 0.0515625 0.05625
0 0.1 0.56171875 0.05 0.0484375
0 0.07109375 0.21328125 0.0578125 0.0484375
0 0.25859375 0.66484375 0.0546875 0.0515625
0 0.94453125 0.51171875 0.0484375 0.0515625
0 0.35703125 0.02421875 0.0609375 0.0453125
0 0.96796875 0.4703125 0.0484375 0.046875
0 0.9140625 0.2515625 0.05 0.046875
0 0.128125 0.81015625 0.05625 0.0515625
0 0.20234375 0.66171875 0.0453125 0.0453125
0 0.796875 0.25625 0.0625 0.053125
0 0.203125 0.3515625 0.053125 0.05625
0 0.25078125 0.484375 0.0640625 0.05
0 0.07578125 0.421875 0.0578125 0.053125
0 0.41640625 0.55234375 0.0609375 0.0546875
0 0.97890625 0.1234375 0.0359375 0.046875
0 0.51953125 0.40546875 0.0578125 0.0578125
0 0.521875 0.46953125 0.05 0.0421875
0 0.22265625 0.0890625 0.0578125 0.053125
0 0.47578125 0.02109375 0.0609375 0.0390625
0 0.26171875 0.80703125 0.0609375 0.0546875
0 0.7875 0.34921875 0.05625 0.0453125
0 0.19921875 0.515625 0.0609375 0.05625
0 0.20546875 0.23359375 0.0609375 0.0578125
0 0.534375 0.77421875 0.05 0.0484375
0 0.3703125 0.1828125 0.06875 0.05625
0 0.4171875 0.3453125 0.0625 0.05625
0 0.0828125 0.28671875 0.059375 0.0609375
0 0.10078125 0.1671875 0.0640625 0.059375
0 0.12734375 0.62578125 0.0453125 0.0421875
0 0.22890625 0.28359375 0.0671875 0.0578125
0 0.903125 0.77109375 0.075 0.0640625
0 0.4890625 0.2453125 0.084375 0.06875
0 0.40234375 0.725 0.1015625 0.08125
0 0.48203125 0.36171875 0.0734375 0.0640625
0 0.08984375 0.37109375 0.0734375 0.0609375
0 0.5546875 0.68046875 0.084375 0.0734375
0 0.4078125 0.628125 0.084375 0.071875
0 0.38671875 0.4390625 0.0671875 0.059375
0 0.421875 0.815625 0.0875 0.06875
0 0.23046875 0.725 0.0703125 0.0625
0 0.52578125 0.51484375 0.0765625 0.0640625
0 0.503125 0.17890625 0.10625 0.0671875
0 0.93984375 0.61484375 0.0703125 0.0640625
0 0.9578125 0.6921875 0.065625 0.06875
0 0.40234375 0.2671875 0.0765625 0.06875
0 0.4078125 0.4921875 0.08125 0.071875
0 0.2375 0.15703125 0.084375 0.0765625
0 0.10546875 0.090625 0.0734375 0.059375
0 0.11171875 0.73359375 0.0640625 0.0609375
0 0.34765625 0.13046875 0.0828125 0.0640625
0 0.1140625 0.6703125 0.0625 0.05625
0 0.4796875 0.11328125 0.08125 0.0671875
0 0.12734375 0.86875 0.0796875 0.078125
0 0.57578125 0.765625 0.0703125 0.0625
0 0.24609375 0.86953125 0.0828125 0.0703125
0 0.94453125 0.35703125 0.0703125 0.0640625
0 0.96171875 0.2109375 0.0578125 0.065625
0 0.48203125 0.8671875 0.0640625 0.065625
0 0.215625 0.42734375 0.065625 0.0609375
0 0.1984375 0.59609375 0.059375 0.0609375
0 0.4984375 0.05859375 0.065625 0.0515625
0 0.09296875 0.0328125 0.0671875 0.053125
0 0.1140625 0.50390625 0.078125 0.0765625
0 0.52109375 0.6140625 0.0984375 0.078125
0 0.57109375 0.81171875 0.0578125 0.0546875
0 0.978125 0.89375 0.04375 0.059375
0 0.77109375 0.4484375 0.0453125 0.04375
