0 0.6890625 0.06640625 0.05 0.0453125
0 0.79921875 0.24609375 0.0515625 0.0453125
0 0.4078125 0.71640625 0.046875 0.0421875
0 0.4984375 0.6578125 0.05 0.046875
0 0.425 0.08359375 0.046875 0.0453125
0 0.5140625 0.0703125 0.05 0.05
0 0.25625 0.60546875 0.053125 0.0484375
0 0.42109375 0.66484375 0.0546875 0.0546875
0 0.52890625 0.50390625 0.0515625 0.0453125
0 0.51171875 0.43671875 0.0515625 0.0484375
0 0.54609375 0.12890625 0.0484375 0.0421875
0 0.9546875 0.53515625 0.05 0.0515625
0 0.421875 0.609375 0.0375 0.0375
0 0.80234375 0.37421875 0.0546875 0.0546875
0 0.5171875 0.5796875 0.05625 0.053125
0 0.79375 0.5578125 0.059375 0.053125
0 0.39375 0.42109375 0.046875 0.0453125
0 0.4078125 0.49609375 0.046875 0.0421875
0 0.6703125 0.74375 0.0625 0.053125
0 0.40703125 0.765625 0.0421875 0.04375
0 0.975 0.59765625 0.040625 0.0484375
0 0.778125 0.046875 0.059375 0.05
0 0.56953125 0.78515625 0.0484375 0.0453125
0 0.78671875 0.63203125 0.0578125 0.0515625
0 0.02421875 0.15078125 0.0453125 0.0484375
0 0.67734375 0.69765625 0.0578125 0.0484375
0 0.97265625 0.646875 0.0453125 0.05
0 0.66328125 0.575 0.0703125 0.059375
0 0.95234375 0.175 0.0515625 0.05625
0 0.8046875 0.82109375 0.05625 0.0515625
0 0.2390625 0.2703125 0.05 0.046875
0 0.62421875 0.259375 0.0765625 0.065625
0 0.96875 0.459375 0.04375 0.040625
0 0.525 0.234375 0.059375 0.053125
0 0.68671875 0.175 0.0703125 0.0625
0 0.14296875 0.6125 0.0515625 0.053125
0 0.665625 0.8125 0.075 0.0625
0 0.7875 0.18359375 0.05 0.0453125
0 0.815625 0.6828125 0.06875 0.065625
0 0.6515625 0.32734375 0.071875 0.0546875
0 0.66640625 0.434375 0.0734375 0.059375
0 0.79375 0.51171875 0.0625 0.0515625
0 0.4375 0.02109375 0.053125 0.0390625
0 0.13984375 0.5640625 0.0515625 0.046875
0 0.7921875 0.3125 0.06875 0.06875
0 0.96171875 0.81015625 0.0609375 0.0578125
0 0.8234375 0.765625 0.078125 0.0625
0 0.67578125 0.48984375 0.0640625 0.0546875
0 0.48984375 0.2984375 0.0484375 0.04375
0 0.17421875 0.15078125 0.0703125 0.0578125
0 0.66015625 0.1234375 0.0703125 0.059375
0 0.26171875 0.1453125 0.0640625 0.05625
0 0.4390625 0.209375 0.0375 0.034375
0 0.14765625 0.42734375 0.0609375 0.0546875
0 0.77890625 0.10625 0.0703125 0.065625
0 0.24765625 0.65546875 0.0453125 0.0546875
0 0.5484375 0.36484375 0.065625 0.0609375
0 0.9546875 0.04765625 0.053125 0.0484375
0 0.684375 0.02734375 0.05 0.0359375
0 0.67578125 0.37421875 0.0578125 0.0515625
0 0.1609375 0.3671875 0.065625 0.05625
0 0.15 0.203125 0.04375 0.04375
0 0.14609375 0.67421875 0.0546875 0.0546875
0 0.79609375 0.43984375 0.0671875 0.0640625
0 0.26796875 0.79609375 0.0453125 0.0421875
0 0.15234375 0.48515625 0.0578125 0.0484375
0 0.26796875 0.39609375 0.0359375 0.0609375
0 0.26171875 0.3375 0.0421875 0.040625
0 0.2578125 0.44375 0.04375 0.034375
0 0.28125 0.50078125 0.046875 0.0453125
0 0.259375 0.54375 0.04375 0.040625
0 0.2703125 0.7375 0.046875 0.05625
0 0.17109375 0.7453125 0.0421875 0.046875
0 0.15390625 0.83203125 0.0546875 0.0421875
0 0.01953125 0.08515625 0.0328125 0.0421875
0 0.23984375 0.20703125 0.0546875 0.0453125
0 0.4265625 0.13515625 0.046875 0.0328125
0 0.5265625 0.17734375 0.04375 0.0359375
0 0.4234375 0.2921875 0.025 0.03125
0 0.409375 0.37421875 0.046875 0.0328125
0 0.59765625 0.2 0.0421875 0.028125
0 0.55625 0.0234375 0.034375 0.03125
0 0.98359375 0.3078125 0.0265625 0.0375
0 0.98515625 0.24140625 0.0296875 0.0390625
0 0.98671875 0.1171875 0.0265625 0.05
0 0.96796875 0.3609375 0.0328125 0.046875
0 0.97734375 0.4171875 0.0296875 0.03125
0 0.66640625 0.62109375 0.0703125 0.0484375
0 0.4421875 0.4390625 0.04375 0.05625
0 0.46015625 0.35703125 0.0390625 0.0515625
0 0.24921875 0.01171875 0.0421875 0.0203125
0 0.25078125 0.05625 0.0484375 0.04375
0 0.16328125 0.07578125 0.0453125 0.0578125
0 0.16484375 0.0125 0.0453125 0.021875
0 0.165625 0.29765625 0.040625 0.0421875
0 0.165625 0.2625 0.04375 0.034375
