0 0.071875 0.5890625 0.05625 0.05
0 0.70546875 0.80390625 0.0515625 0.0484375
0 0.2203125 0.67890625 0.053125 0.0546875
0 0.79765625 0.82578125 0.0484375 0.0484375
0 0.0546875 0.4640625 0.059375 0.05
0 0.48515625 0.70546875 0.0546875 0.0484375
0 0.0703125 0.196875 0.053125 0.05
0 0.096875 0.8671875 0.0625 0.05
0 0.7625 0.69921875 0.04375 0.0390625
0 0.2171875 0.6109375 0.059375 0.053125
0 0.66171875 0.403125 0.0453125 0.046875
0 0.4921875 0.5546875 0.05 0.04375
0 0.7578125 0.3125 0.059375 0.053125
0 0.65078125 0.30234375 0.0578125 0.0515625
0 0.38671875 0.90234375 0.0578125 0.0515625
0 0.37265625 0.75546875 0.0578125 0.0484375
0 0.6984375 0.94375 0.05625 0.046875
0 0.7359375 0.27265625 0.05 0.0453125
0 0.67265625 0.67265625 0.0484375 0.0453125
0 0.4796875 0.4796875 0.059375 0.053125
0 0.9578125 0.92734375 0.075 0.0765625
0 0.065625 0.5109375 0.05625 0.053125
0 0.74765625 0.4 0.0609375 0.05625
0 0.9578125 0.4390625 0.0625 0.05625
0 0.10859375 0.69140625 0.0453125 0.0390625
0 0.9515625 0.25078125 0.06875 0.0609375
0 0.503125 0.740625 0.059375 0.053125
0 0.38359375 0.3546875 0.0765625 0.06875
0 0.3921875 0.61328125 0.059375 0.0546875
0 0.2203125 0.51640625 0.071875 0.0671875
0 0.07734375 0.26640625 0.0609375 0.0546875
0 0.20546875 0.75 0.0640625 0.05625
0 0.64140625 0.47109375 0.0671875 0.0640625
0 0.36875 0.20546875 0.08125 0.0734375
0 0.4875 0.35 0.065625 0.05625
0 0.94609375 0.74140625 0.0734375 0.0609375
0 0.38515625 0.4875 0.0734375 0.065625
0 0.3828125 0.684375 0.078125 0.06875
0 0.04609375 0.3015625 0.0453125 0.046875
0 0.94296875 0.3734375 0.0765625 0.0625
0 0.91015625 0.3265625 0.0640625 0.059375
0 0.49921875 0.93828125 0.0671875 0.0640625
0 0.49296875 0.27734375 0.0578125 0.0578125
0 0.0703125 0.4 0.075 0.071875
0 0.48984375 0.8171875 0.0890625 0.071875
0 0.50703125 0.63125 0.0671875 0.071875
0 0.5 0.41875 0.078125 0.06875
0 0.47109375 0.2109375 0.0671875 0.0625
0 0.08203125 0.921875 0.0546875 0.04375
0 0.80234375 0.753125 0.0640625 0.05625
0 0.9328125 0.67109375 0.075 0.0640625
0 0.69140625 0.61640625 0.0640625 0.0546875
0 0.40234375 0.84453125 0.0578125 0.0578125
0 0.9 0.20390625 0.071875 0.0703125
0 0.09140625 0.78515625 0.0671875 0.0515625
0 0.096875 0.9625 0.06875 0.053125
0 0.940625 0.50859375 0.071875 0.0609375
0 0.7375 0.20234375 0.059375 0.0578125
0 0.95546875 0.859375 0.0578125 0.05625
0 0.21640625 0.80859375 0.0640625 0.0640625
0 0.7859375 0.9421875 0.05 0.05625
0 0.659375 0.72265625 0.05625 0.0578125
0 0.0953125 0.73984375 0.05625 0.0515625
0 0.4953125 0.51875 0.05 0.0375
0 0.3421875 0.26953125 0.065625 0.0546875
0 0.94140625 0.5671875 0.0671875 0.0625
0 0.371875 0.965625 0.059375 0.046875
0 0.20703125 0.9625 0.0640625 0.05625
0 0.6890625 0.98359375 0.046875 0.0265625
0 0.73125 0.45546875 0.053125 0.0515625
0 0.58359375 0.33203125 0.0484375 0.0421875
0 0.20234375 0.890625 0.0640625 0.05625
0 0.1015625 0.640625 0.05625 0.04375
