0 0.60234375 0.6859375 0.0546875 0.046875
0 0.453125 0.4890625 0.053125 0.05
0 0.51015625 0.8640625 0.0515625 0.05
0 0.4921875 0.55703125 0.053125 0.0515625
0 0.81015625 0.8359375 0.0546875 0.053125
0 0.7765625 0.20859375 0.05625 0.0546875
0 0.2921875 0.12109375 0.059375 0.0515625
0 0.02265625 0.11328125 0.0421875 0.0515625
0 0.296875 0.046875 0.053125 0.05
0 0.31328125 0.2390625 0.0546875 0.053125
0 0.775 0.87734375 0.05625 0.0515625
0 0.4984375 0.8140625 0.05625 0.05
0 0.36328125 0.84375 0.0515625 0.046875
0 0.603125 0.6140625 0.059375 0.05
0 0.89765625 0.6203125 0.0578125 0.053125
0 0.765625 0.10625 0.053125 0.046875
0 0.7578125 0.153125 0.05625 0.05
0 0.03125 0.6234375 0.05625 0.05625
0 0.25234375 0.7984375 0.0609375 0.053125
0 0.03046875 0.02109375 0.0546875 0.0390625
0 0.921875 0.8703125 0.059375 0.05625
0 0.44140625 0.021875 0.0515625 0.040625
0 0.5859375 0.5203125 0.053125 0.053125
0 0.07578125 0.68203125 0.0640625 0.0546875
0 0.76015625 0.03203125 0.0796875 0.0609375
0 0.559375 0.0375 0.053125 0.05
0 0.24296875 0.85703125 0.0796875 0.0640625
0 0.47109375 0.7234375 0.0734375 0.065625
0 0.91875 0.6796875 0.071875 0.065625
0 0.02890625 0.3890625 0.0515625 0.053125
0 0.8953125 0.93203125 0.075 0.0640625
0 0.60859375 0.75 0.0546875 0.05
0 0.23359375 0.725 0.0859375 0.090625
0 0.76484375 0.4734375 0.0671875 0.078125
0 0.07734375 0.57265625 0.0828125 0.0734375
0 0.7875 0.390625 0.06875 0.065625
0 0.8796875 0.0578125 0.0625 0.046875
0 0.34140625 0.28359375 0.0578125 0.0484375
0 0.290625 0.175 0.0625 0.059375
0 0.1984375 0.534375 0.090625 0.08125
0 0.89296875 0.47421875 0.0515625 0.0453125
0 0.3546875 0.95703125 0.090625 0.0703125
0 0.18125 0.0609375 0.065625 0.05625
0 0.071875 0.83203125 0.075 0.0640625
0 0.6296875 0.93984375 0.05625 0.0578125
0 0.58125 0.07890625 0.05 0.0453125
0 0.60703125 0.871875 0.0671875 0.059375
0 0.9046875 0.74453125 0.06875 0.0640625
0 0.9015625 0.41640625 0.071875 0.0578125
0 0.45 0.63515625 0.078125 0.0671875
0 0.51171875 0.97734375 0.0546875 0.0359375
0 0.503125 0.934375 0.06875 0.0625
0 0.88515625 0.10546875 0.0640625 0.0515625
0 0.9109375 0.81171875 0.065625 0.0578125
0 0.2109375 0.60703125 0.053125 0.0515625
0 0.78828125 0.69375 0.0734375 0.0625
0 0.33984375 0.66953125 0.0609375 0.0515625
0 0.61328125 0.46875 0.0671875 0.065625
0 0.2609375 0.9140625 0.08125 0.071875
0 0.8203125 0.97421875 0.046875 0.0359375
0 0.17890625 0.2734375 0.0578125 0.025
0 0.428125 0.11015625 0.053125 0.0515625
0 0.58203125 0.39375 0.0671875 0.0625
0 0.18515625 0.12734375 0.0765625 0.0609375
0 0.60078125 0.7625 0.0703125 0.059375
0 0.31328125 0.5875 0.0734375 0.059375
0 0.58828125 0.775 0.0671875 0.05625
0 0.77578125 0.74765625 0.0640625 0.0546875
0 0.06875 0.884375 0.059375 0.053125
0 0.90546875 0.55859375 0.0671875 0.0578125
0 0.8046875 0.94609375 0.059375 0.0515625
0 0.784375 0.63828125 0.06875 0.0515625
0 0.63125 0.1796875 0.071875 0.0625
0 0.09296875 0.7375 0.0640625 0.0625
0 0.3359375 0.7875 0.0625 0.059375
0 0.2015625 0.178125 0.071875 0.059375
0 0.496875 0.0828125 0.0625 0.065625
0 0.0984375 0.81875 0.05 0.053125
0 0.2984375 0.01640625 0.05 0.0296875
0 0.3296875 0.71875 0.071875 0.065625
0 0.78984375 0.57734375 0.0671875 0.0609375
0 0.3203125 0.51953125 0.0875 0.0828125
0 0.19921875 0.2515625 0.0734375 0.0375
0 0.896875 0.14296875 0.05 0.0453125
