0 0.50234375 0.7859375 0.0546875 0.046875
0 0.35390625 0.5890625 0.0515625 0.05
0 0.3921875 0.65703125 0.053125 0.0515625
0 0.18828125 0.0265625 0.0546875 0.05
0 0.19296875 0.221875 0.0578125 0.053125
0 0.6765625 0.30859375 0.05625 0.0546875
0 0.41015625 0.96328125 0.0546875 0.0484375
0 0.19921875 0.10546875 0.0578125 0.0484375
0 0.67578125 0.9734375 0.0546875 0.04375
0 0.71015625 0.9359375 0.0546875 0.053125
0 0.3984375 0.9140625 0.05625 0.05
0 0.821875 0.965625 0.05625 0.05
0 0.196875 0.14765625 0.053125 0.0484375
0 0.6578125 0.253125 0.05625 0.05
0 0.21328125 0.3390625 0.0546875 0.053125
0 0.79765625 0.7203125 0.0578125 0.053125
0 0.66640625 0.20625 0.0515625 0.046875
0 0.153125 0.8984375 0.059375 0.053125
0 0.2625 0.94375 0.053125 0.05
0 0.9484375 0.04140625 0.05625 0.0515625
0 0.97734375 0.6796875 0.0390625 0.05
0 0.50390625 0.7140625 0.0578125 0.05
0 0.3453125 0.1125 0.053125 0.053125
0 0.4859375 0.6203125 0.053125 0.053125
0 0.81875 0.7796875 0.071875 0.065625
0 0.66015625 0.13046875 0.0796875 0.0671875
0 0.96171875 0.2328125 0.0546875 0.053125
0 0.96796875 0.884375 0.0453125 0.046875
0 0.50625 0.965625 0.0625 0.05
0 0.803125 0.51640625 0.071875 0.0578125
0 0.50859375 0.85 0.0546875 0.05
0 0.48125 0.1796875 0.05 0.046875
0 0.6875 0.48984375 0.06875 0.0671875
0 0.66484375 0.5734375 0.0671875 0.075
0 0.8046875 0.84453125 0.06875 0.0640625
0 0.08046875 0.1609375 0.0671875 0.05625
0 0.378125 0.03359375 0.065625 0.0609375
0 0.66640625 0.0390625 0.0578125 0.05625
0 0.4609375 0.13671875 0.053125 0.0515625
0 0.6890625 0.67734375 0.065625 0.0609375
0 0.97109375 0.109375 0.0390625 0.04375
0 0.35 0.73515625 0.078125 0.0671875
0 0.06328125 0.08125 0.0640625 0.05625
0 0.79296875 0.5734375 0.0515625 0.046875
0 0.51328125 0.56875 0.0671875 0.065625
0 0.48203125 0.49375 0.0671875 0.0625
0 0.37109375 0.8234375 0.0734375 0.065625
0 0.328125 0.21015625 0.053125 0.0515625
0 0.1421875 0.80703125 0.06875 0.0546875
0 0.2203125 0.61796875 0.0875 0.0796875
0 0.1421875 0.9546875 0.08125 0.06875
0 0.9765625 0.171875 0.0375 0.04375
0 0.23984375 0.76953125 0.0609375 0.0515625
0 0.1109375 0.70703125 0.053125 0.0515625
0 0.78125 0.15703125 0.0625 0.0484375
0 0.09921875 0.63515625 0.0921875 0.0828125
0 0.55 0.07265625 0.053125 0.0453125
0 0.7890625 0.2171875 0.075 0.075
0 0.21328125 0.68828125 0.0734375 0.0578125
0 0.18984375 0.27421875 0.0640625 0.0609375
0 0.08515625 0.2234375 0.0765625 0.0625
0 0.68828125 0.79375 0.0734375 0.0625
0 0.6765625 0.84765625 0.0625 0.0546875
0 0.08671875 0.359375 0.0765625 0.05625
0 0.80546875 0.65859375 0.0671875 0.0578125
0 0.76640625 0.04609375 0.0609375 0.0546875
0 0.8109375 0.91171875 0.065625 0.0578125
0 0.98046875 0.82890625 0.0328125 0.0453125
0 0.48828125 0.875 0.0671875 0.05625
0 0.68359375 0.7375 0.0671875 0.05
0 0.06953125 0.0265625 0.0671875 0.05
0 0.51484375 0.28984375 0.0421875 0.0421875
0 0.4859375 0.05546875 0.04375 0.0421875
0 0.396875 0.1828125 0.0625 0.065625
0 0.1015625 0.278125 0.071875 0.059375
0 0.23671875 0.8890625 0.0640625 0.0625
0 0.5 0.09296875 0.046875 0.0421875
0 0.23046875 0.81875 0.0703125 0.065625
0 0.240625 0.38359375 0.059375 0.0484375
0 0.1234375 0.85078125 0.053125 0.0515625
