0 0.0203125 0.73671875 0.0375 0.0484375
0 0.02421875 0.975 0.0453125 0.040625
0 0.1953125 0.73828125 0.053125 0.0515625
0 0.83125 0.4546875 0.05 0.05
0 0.025 0.68046875 0.046875 0.0484375
0 0.025 0.309375 0.046875 0.053125
0 0.171875 0.5890625 0.05625 0.05
0 0.80546875 0.80390625 0.0515625 0.0484375
0 0.32109375 0.67890625 0.0546875 0.0546875
0 0.0484375 0.9234375 0.053125 0.053125
0 0.89765625 0.82578125 0.0484375 0.0484375
0 0.3171875 0.61015625 0.059375 0.0546875
0 0.19765625 0.8671875 0.0609375 0.05
0 0.8578125 0.3125 0.059375 0.053125
0 0.58515625 0.70546875 0.0546875 0.0484375
0 0.021875 0.57265625 0.040625 0.0484375
0 0.15546875 0.4640625 0.0609375 0.05
0 0.1703125 0.196875 0.053125 0.05
0 0.75078125 0.30234375 0.0578125 0.0515625
0 0.77265625 0.67265625 0.0484375 0.0453125
0 0.8625 0.69921875 0.04375 0.0390625
0 0.76015625 0.40390625 0.0453125 0.0453125
0 0.5921875 0.5546875 0.05 0.04375
0 0.48671875 0.90234375 0.0578125 0.0515625
0 0.57890625 0.4796875 0.0578125 0.053125
0 0.8359375 0.27265625 0.05 0.0453125
0 0.16640625 0.5109375 0.0546875 0.053125
0 0.50234375 0.84375 0.0546875 0.05625
0 0.84765625 0.4 0.0609375 0.05625
0 0.7984375 0.94375 0.05625 0.046875
0 0.47265625 0.75546875 0.0578125 0.0484375
0 0.46953125 0.20546875 0.0828125 0.0734375
0 0.74140625 0.47109375 0.0671875 0.0640625
0 0.3203125 0.515625 0.071875 0.065625
0 0.4828125 0.3546875 0.078125 0.06875
0 0.17734375 0.26640625 0.0609375 0.0546875
0 0.20859375 0.69140625 0.0453125 0.0390625
0 0.48515625 0.4875 0.0734375 0.065625
0 0.4828125 0.684375 0.078125 0.06875
0 0.30546875 0.75 0.0640625 0.05625
0 0.5875 0.35 0.065625 0.05625
0 0.5890625 0.81640625 0.090625 0.0703125
0 0.02265625 0.61015625 0.0421875 0.0390625
0 0.6 0.93984375 0.06875 0.0640625
0 0.01796875 0.51875 0.0328125 0.04375
0 0.59296875 0.27734375 0.0578125 0.0578125
0 0.03046875 0.803125 0.0578125 0.059375
0 0.79140625 0.61640625 0.0640625 0.0546875
0 0.4921875 0.61328125 0.059375 0.0546875
0 0.1703125 0.39921875 0.075 0.0703125
0 0.60703125 0.63125 0.0671875 0.071875
0 0.18203125 0.921875 0.0546875 0.04375
0 0.0578125 0.4 0.0625 0.059375
0 0.6 0.41875 0.078125 0.06875
0 0.190625 0.78515625 0.065625 0.0515625
0 0.9015625 0.753125 0.0625 0.05625
0 0.8859375 0.9421875 0.05 0.05625
0 0.571875 0.21171875 0.065625 0.0609375
0 0.44140625 0.26953125 0.0671875 0.0546875
0 0.3171875 0.8078125 0.065625 0.0625
0 0.196875 0.96171875 0.06875 0.0546875
0 0.8375 0.203125 0.059375 0.059375
0 0.759375 0.7234375 0.05625 0.05625
0 0.14609375 0.30234375 0.0453125 0.0484375
0 0.60234375 0.74140625 0.0609375 0.0546875
0 0.30703125 0.9625 0.0640625 0.05625
0 0.5953125 0.51875 0.05 0.0375
0 0.02421875 0.44609375 0.0453125 0.0578125
0 0.30234375 0.890625 0.0640625 0.05625
0 0.7890625 0.98359375 0.046875 0.0265625
0 0.684375 0.33203125 0.046875 0.0421875
0 0.23828125 0.42890625 0.0546875 0.0609375
0 0.471875 0.965625 0.059375 0.05
0 0.89140625 0.5140625 0.0609375 0.0375
0 0.90078125 0.5625 0.0671875 0.040625
0 0.90625 0.6125 0.05625 0.040625
0 0.2390625 0.3125 0.04375 0.059375
