0 0.45390625 0.14296875 0.0484375 0.0453125
0 0.43046875 0.0265625 0.0515625 0.04375
0 0.14453125 0.1046875 0.0484375 0.04375
0 0.153125 0.16328125 0.053125 0.0515625
0 0.15390625 0.3046875 0.0546875 0.05
0 0.58125 0.3703125 0.046875 0.04375
0 0.559375 0.5015625 0.04375 0.04375
0 0.5390625 0.20546875 0.05625 0.0484375
0 0.5703125 0.56875 0.053125 0.05
0 0.471875 0.44140625 0.046875 0.0421875
0 0.7453125 0.10625 0.059375 0.05
0 0.596875 0.659375 0.046875 0.04375
0 0.43828125 0.21328125 0.0484375 0.0453125
0 0.41953125 0.328125 0.0515625 0.053125
0 0.2890625 0.36171875 0.053125 0.0484375
0 0.83984375 0.08125 0.0609375 0.053125
0 0.865625 0.16484375 0.053125 0.0484375
0 0.825 0.5703125 0.053125 0.05
0 0.43203125 0.3984375 0.0453125 0.040625
0 0.73203125 0.56796875 0.0484375 0.0453125
0 0.2875 0.61796875 0.05 0.0546875
0 0.178125 0.55 0.05 0.046875
0 0.8640625 0.4515625 0.06875 0.05625
0 0.2609375 0.10390625 0.046875 0.0484375
0 0.73828125 0.15703125 0.0640625 0.0515625
0 0.72578125 0.2984375 0.0515625 0.04375
0 0.725 0.35859375 0.046875 0.0421875
0 0.73203125 0.23984375 0.0640625 0.0578125
0 0.55625 0.0484375 0.040625 0.0375
0 0.865625 0.29453125 0.071875 0.0609375
0 0.73515625 0.6390625 0.0703125 0.05625
0 0.2875 0.3046875 0.05 0.046875
0 0.471875 0.575 0.059375 0.053125
0 0.68515625 0.9015625 0.0859375 0.071875
0 0.55234375 0.25625 0.0421875 0.0375
0 0.84296875 0.23359375 0.0703125 0.0609375
0 0.73671875 0.40703125 0.0703125 0.0578125
0 0.5765625 0.4390625 0.0375 0.040625
0 0.7140625 0.47578125 0.059375 0.0546875
0 0.8546875 0.3625 0.06875 0.059375
0 0.85 0.95 0.05 0.046875
0 0.71640625 0.0296875 0.0671875 0.05625
0 0.2796875 0.2421875 0.04375 0.04375
0 0.45 0.2765625 0.046875 0.046875
0 0.68828125 0.67421875 0.0453125 0.0390625
0 0.56171875 0.30390625 0.0359375 0.0390625
0 0.178125 0.484375 0.04375 0.05
0 0.97734375 0.60234375 0.0359375 0.0390625
0 0.840625 0.5890625 0.05 0.05
0 0.209375 0.1609375 0.046875 0.05
0 0.56328125 0.93359375 0.0984375 0.0953125
0 0.29609375 0.45 0.0421875 0.028125
0 0.3296875 0.46875 0.03125 0.028125
0 0.30390625 0.51640625 0.0484375 0.0484375
0 0.2765625 0.7140625 0.0375 0.03125
0 0.18984375 0.7296875 0.0421875 0.025
0 0.19375 0.68515625 0.040625 0.0328125
0 0.06171875 0.8015625 0.0421875 0.03125
0 0.478125 0.64609375 0.040625 0.0328125
0 0.4734375 0.721875 0.0375 0.046875
0 0.575 0.69609375 0.040625 0.0328125
0 0.8421875 0.66640625 0.0375 0.0265625
0 0.16328125 0.2515625 0.0390625 0.040625
0 0.26015625 0.0390625 0.0234375 0.028125
0 0.27890625 0.06484375 0.0328125 0.0328125
0 0.4546875 0.09921875 0.0375 0.0328125
0 0.584375 0.15703125 0.046875 0.0328125
0 0.259375 0.7828125 0.040625 0.025
0 0.14765625 0.37890625 0.0390625 0.0515625
0 0.17421875 0.43515625 0.0296875 0.0390625
0 0.2921875 0.4140625 0.028125 0.03125
