0 0.89296875 0.109375 0.0484375 0.05
0 0.5890625 0.06640625 0.05 0.0453125
0 0.69921875 0.24609375 0.0515625 0.0453125
0 0.96875 0.6453125 0.040625 0.046875
0 0.890625 0.29921875 0.053125 0.0453125
0 0.69375 0.51171875 0.059375 0.0484375
0 0.325 0.08359375 0.046875 0.0453125
0 0.97109375 0.4625 0.0453125 0.05
0 0.3984375 0.65703125 0.05 0.0484375
0 0.41328125 0.0703125 0.0515625 0.05
0 0.87109375 0.46171875 0.0515625 0.0453125
0 0.97421875 0.7265625 0.0421875 0.046875
0 0.30859375 0.71640625 0.0484375 0.0421875
0 0.15625 0.60546875 0.053125 0.0484375
0 0.32109375 0.66484375 0.0546875 0.0546875
0 0.97109375 0.284375 0.0453125 0.046875
0 0.4109375 0.43671875 0.05 0.0484375
0 0.853125 0.17578125 0.053125 0.0546875
0 0.0484375 0.4265625 0.059375 0.053125
0 0.4171875 0.5796875 0.05625 0.053125
0 0.42890625 0.50390625 0.0515625 0.0453125
0 0.29375 0.42109375 0.046875 0.0453125
0 0.44609375 0.12890625 0.0484375 0.0421875
0 0.85625 0.534375 0.05 0.05
0 0.88046875 0.646875 0.0546875 0.05
0 0.896875 0.2359375 0.05625 0.05
0 0.70234375 0.37421875 0.0546875 0.0546875
0 0.69296875 0.5578125 0.0609375 0.053125
0 0.321875 0.609375 0.0375 0.0375
0 0.57734375 0.69765625 0.0578125 0.0484375
0 0.5703125 0.74375 0.0625 0.053125
0 0.678125 0.046875 0.059375 0.05
0 0.0421875 0.56328125 0.05 0.0453125
0 0.3078125 0.49609375 0.046875 0.0421875
0 0.5625 0.57421875 0.071875 0.0609375
0 0.0421875 0.6125 0.053125 0.053125
0 0.46953125 0.78515625 0.0484375 0.0453125
0 0.3375 0.02109375 0.053125 0.0390625
0 0.68671875 0.63203125 0.0578125 0.0515625
0 0.978125 0.2015625 0.034375 0.05
0 0.30625 0.765625 0.04375 0.04375
0 0.04609375 0.675 0.0546875 0.053125
0 0.85625 0.04765625 0.05625 0.0484375
0 0.52421875 0.259375 0.0765625 0.065625
0 0.58671875 0.17421875 0.0703125 0.0609375
0 0.07421875 0.15234375 0.0703125 0.0578125
0 0.68828125 0.18359375 0.0515625 0.0453125
0 0.715625 0.6828125 0.06875 0.065625
0 0.425 0.234375 0.059375 0.053125
0 0.5515625 0.32734375 0.071875 0.0546875
0 0.975 0.534375 0.040625 0.04375
0 0.89609375 0.721875 0.0671875 0.065625
0 0.56640625 0.434375 0.0734375 0.059375
0 0.57578125 0.48984375 0.0640625 0.0546875
0 0.56640625 0.8125 0.0765625 0.0625
0 0.7234375 0.765625 0.078125 0.0625
0 0.3390625 0.209375 0.0375 0.034375
0 0.6921875 0.3125 0.06875 0.06875
0 0.5609375 0.1234375 0.06875 0.059375
0 0.05078125 0.20234375 0.0421875 0.0421875
0 0.1390625 0.2703125 0.05 0.046875
0 0.1625 0.14375 0.065625 0.05625
0 0.87578125 0.41640625 0.0484375 0.0421875
0 0.9734375 0.803125 0.04375 0.04375
0 0.67890625 0.10625 0.0703125 0.065625
0 0.4484375 0.36484375 0.065625 0.0609375
0 0.8640625 0.81015625 0.0625 0.0546875
0 0.584375 0.02734375 0.05 0.0359375
0 0.38984375 0.29921875 0.0484375 0.0453125
0 0.1671875 0.79609375 0.04375 0.0421875
0 0.14765625 0.65546875 0.0453125 0.0546875
0 0.57578125 0.37421875 0.0578125 0.0515625
0 0.87890625 0.59921875 0.0515625 0.0515625
0 0.975 0.14375 0.040625 0.04375
0 0.0609375 0.3671875 0.0625 0.05625
0 0.7046875 0.82109375 0.059375 0.0546875
0 0.69609375 0.43984375 0.0671875 0.0640625
0 0.1671875 0.39609375 0.046875 0.0421875
0 0.159375 0.3390625 0.040625 0.0375
0 0.1640625 0.44609375 0.0375 0.0328125
0 0.16953125 0.50078125 0.0328125 0.0390625
0 0.0671875 0.74453125 0.04375 0.0484375
0 0.06015625 0.83671875 0.0359375 0.0484375
0 0.3203125 0.2890625 0.025 0.03125
0 0.303125 0.37265625 0.028125 0.0296875
0 0.15234375 0.01171875 0.0453125 0.0203125
0 0.153125 0.06484375 0.046875 0.0515625
0 0.05625 0.06796875 0.040625 0.0453125
0 0.06484375 0.29375 0.0359375 0.034375
0 0.05 0.48828125 0.071875 0.0421875
0 0.43203125 0.1859375 0.0328125 0.03125
0 0.6671875 0.01328125 0.0375 0.0203125
0 0.98359375 0.353125 0.0328125 0.053125
0 0.98359375 0.409375 0.0328125 0.053125
0 0.98515625 0.5984375 0.0296875 0.05625
0 0.56484375 0.62265625 0.0703125 0.0515625
0 0.3421875 0.4328125 0.0375 0.0625
