0 0.02890625 0.74609375 0.0484375 0.0421875
0 0.28671875 0.20859375 0.0546875 0.0515625
0 0.89453125 0.51015625 0.0546875 0.0484375
0 0.02421875 0.79609375 0.0453125 0.0546875
0 0.4515625 0.96484375 0.0625 0.0515625
0 0.59765625 0.40859375 0.0546875 0.0515625
0 0.05078125 0.9703125 0.0453125 0.040625
0 0.31484375 0.35 0.0484375 0.04375
0 0.71796875 0.68125 0.0578125 0.053125
0 0.0203125 0.4984375 0.0375 0.04375
0 0.30390625 0.61484375 0.0609375 0.0484375
0 0.6015625 0.86328125 0.053125 0.0515625
0 0.04453125 0.87734375 0.0484375 0.0484375
0 0.16640625 0.67421875 0.0515625 0.0484375
0 0.96953125 0.0734375 0.0421875 0.046875
0 0.11015625 0.6671875 0.0578125 0.053125
0 0.82265625 0.02265625 0.0640625 0.0421875
0 0.12890625 0.7453125 0.0484375 0.04375
0 0.4234375 0.33515625 0.05 0.0484375
0 0.41953125 0.2109375 0.0609375 0.053125
0 0.4 0.1609375 0.05625 0.05625
0 0.1265625 0.28515625 0.04375 0.0421875
0 0.31640625 0.29296875 0.0609375 0.0546875
0 0.3109375 0.12890625 0.090625 0.0828125
0 0.328125 0.72265625 0.053125 0.0453125
0 0.6390625 0.08125 0.05 0.04375
0 0.73515625 0.803125 0.0609375 0.053125
0 0.0234375 0.63125 0.04375 0.059375
0 0.596875 0.4984375 0.065625 0.059375
0 0.7421875 0.646875 0.05625 0.046875
0 0.30390625 0.38984375 0.0578125 0.0484375
0 0.59921875 0.7984375 0.0828125 0.065625
0 0.3078125 0.4453125 0.078125 0.071875
0 0.29140625 0.0359375 0.0796875 0.065625
0 0.8453125 0.38359375 0.05 0.0453125
0 0.9140625 0.678125 0.05625 0.059375
0 0.58984375 0.56328125 0.0484375 0.0515625
0 0.3796875 0.328125 0.05 0.05
0 0.9078125 0.81015625 0.0625 0.0609375
0 0.4515625 0.8984375 0.065625 0.05625
0 0.43125 0.475 0.053125 0.04375
0 0.68046875 0.1359375 0.0578125 0.05625
0 0.87890625 0.5796875 0.0828125 0.084375
0 0.8578125 0.109375 0.075 0.05625
0 0.346875 0.671875 0.075 0.065625
0 0.84453125 0.2625 0.0734375 0.0625
0 0.97421875 0.13359375 0.0421875 0.0421875
0 0.4515625 0.84375 0.084375 0.0625
0 0.72421875 0.75234375 0.0515625 0.0453125
0 0.58046875 0.946875 0.0828125 0.065625
0 0.16484375 0.62109375 0.0484375 0.0484375
0 0.6125 0.6984375 0.071875 0.06875
0 0.4296875 0.3984375 0.090625 0.075
0 0.884375 0.7546875 0.071875 0.0625
0 0.43046875 0.51640625 0.0546875 0.0421875
0 0.94375 0.0359375 0.071875 0.059375
0 0.309375 0.93203125 0.071875 0.0609375
0 0.31171875 0.5375 0.0859375 0.075
0 0.40703125 0.09140625 0.0609375 0.0578125
0 0.58046875 0.2875 0.0765625 0.06875
0 0.86015625 0.17890625 0.0828125 0.0703125
0 0.47265625 0.7796875 0.0609375 0.0625
0 0.32578125 0.79296875 0.0703125 0.0640625
0 0.12421875 0.371875 0.0609375 0.059375
0 0.87734375 0.8734375 0.0640625 0.06875
0 0.3375 0.86953125 0.078125 0.0609375
0 0.15703125 0.89609375 0.0515625 0.0359375
0 0.040625 0.93359375 0.04375 0.0390625
0 0.88984375 0.3921875 0.0609375 0.05625
0 0.6828125 0.4328125 0.05625 0.053125
0 0.43828125 0.66328125 0.0671875 0.0515625
0 0.6859375 0.55546875 0.0375 0.0359375
0 0.71640625 0.4984375 0.0546875 0.059375
0 0.0265625 0.69140625 0.046875 0.0453125
0 0.4265625 0.6421875 0.05625 0.053125
0 0.88125 0.46171875 0.071875 0.0578125
0 0.19921875 0.81328125 0.0578125 0.0609375
0 0.13359375 0.21640625 0.0515625 0.0453125
0 0.7015625 0.1984375 0.053125 0.04375
0 0.4484375 0.58828125 0.0625 0.0515625
0 0.86015625 0.31484375 0.0609375 0.0453125
0 0.72734375 0.0390625 0.0609375 0.053125
0 0.35625 0.7875 0.05625 0.0625
0 0.70234375 0.29765625 0.0609375 0.0640625
0 0.44921875 0.71640625 0.0671875 0.0609375
0 0.9015625 0.940625 0.065625 0.059375
0 0.415625 0.26875 0.06875 0.059375
0 0.19453125 0.5265625 0.0671875 0.075
0 0.75234375 0.86171875 0.0453125 0.0546875
0 0.7078125 0.92421875 0.053125 0.0546875
0 0.7203125 0.5703125 0.04375 0.04375
0 0.98046875 0.7765625 0.0390625 0.059375
0 0.97265625 0.18203125 0.0421875 0.0546875
0 0.23984375 0.8765625 0.0359375 0.05
0 0.1625 0.92890625 0.040625 0.0328125
