0 0.57578125 0.20703125 0.0578125 0.0515625
0 0.490625 0.84453125 0.0625 0.0515625
0 0.9046875 0.5296875 0.05 0.046875
0 0.0515625 0.23515625 0.05 0.0484375
0 0.02734375 0.878125 0.0515625 0.05
0 0.04921875 0.58046875 0.0578125 0.0515625
0 0.4796875 0.79921875 0.05625 0.0484375
0 0.0203125 0.08359375 0.0375 0.0453125
0 0.21953125 0.94453125 0.0515625 0.0546875
0 0.76953125 0.76875 0.0609375 0.05
0 0.76171875 0.38828125 0.0546875 0.0515625
0 0.4734375 0.5984375 0.053125 0.05
0 0.88984375 0.63828125 0.0578125 0.0546875
0 0.2921875 0.375 0.05625 0.046875
0 0.75625 0.46484375 0.053125 0.0515625
0 0.73984375 0.11796875 0.0609375 0.0546875
0 0.56640625 0.09296875 0.0703125 0.0578125
0 0.86328125 0.0265625 0.0640625 0.05
0 0.02734375 0.33359375 0.0453125 0.0453125
0 0.790625 0.71640625 0.059375 0.0546875
0 0.5953125 0.59453125 0.059375 0.0484375
0 0.05234375 0.959375 0.0609375 0.053125
0 0.88125 0.575 0.04375 0.04375
0 0.43359375 0.6453125 0.0671875 0.0625
0 0.765625 0.53359375 0.04375 0.0421875
0 0.05234375 0.8046875 0.0453125 0.046875
0 0.9046875 0.69609375 0.059375 0.0578125
0 0.56875 0.46875 0.075 0.06875
0 0.51640625 0.721875 0.0734375 0.065625
0 0.42578125 0.0734375 0.0640625 0.065625
0 0.915625 0.87421875 0.06875 0.0609375
0 0.20546875 0.6296875 0.0484375 0.053125
0 0.1890625 0.50234375 0.05625 0.0546875
0 0.8640625 0.13203125 0.046875 0.0453125
0 0.32109375 0.67265625 0.0546875 0.0484375
0 0.784375 0.65546875 0.075 0.0640625
0 0.2234375 0.76484375 0.065625 0.0578125
0 0.75625 0.27109375 0.0625 0.0546875
0 0.47734375 0.2890625 0.0703125 0.059375
0 0.4765625 0.159375 0.071875 0.0625
0 0.5765625 0.3578125 0.071875 0.0625
0 0.56171875 0.27421875 0.0765625 0.0734375
0 0.43046875 0.209375 0.0640625 0.053125
0 0.4515625 0.47890625 0.0625 0.0578125
0 0.55390625 0.16484375 0.0515625 0.0515625
0 0.3171875 0.80625 0.0625 0.053125
0 0.7640625 0.33125 0.0625 0.053125
0 0.59765625 0.65703125 0.0828125 0.0734375
0 0.56640625 0.765625 0.0671875 0.065625
0 0.17890625 0.02265625 0.0578125 0.0421875
0 0.4765625 0.5359375 0.071875 0.065625
0 0.5765625 0.53125 0.075 0.059375
0 0.17734375 0.33125 0.0484375 0.04375
0 0.28984375 0.11875 0.0609375 0.059375
0 0.2203125 0.88984375 0.04375 0.0390625
0 0.0453125 0.684375 0.065625 0.059375
0 0.0609375 0.36875 0.05625 0.053125
0 0.2234375 0.5765625 0.04375 0.046875
0 0.73515625 0.040625 0.0640625 0.053125
0 0.34296875 0.859375 0.0515625 0.040625
0 0.92109375 0.7546875 0.0546875 0.05625
0 0.8734375 0.08359375 0.04375 0.0421875
0 0.02734375 0.15390625 0.0421875 0.0453125
0 0.48515625 0.89765625 0.0484375 0.0453125
0 0.17890625 0.13515625 0.0515625 0.0453125
0 0.465625 0.33828125 0.065625 0.0515625
0 0.8859375 0.19375 0.065625 0.05625
0 0.71953125 0.81796875 0.0546875 0.0484375
0 0.75546875 0.57265625 0.0484375 0.0515625
0 0.89609375 0.38359375 0.0546875 0.0421875
0 0.3359375 0.4046875 0.05 0.04375
0 0.94609375 0.940625 0.0453125 0.03125
0 0.90390625 0.97734375 0.0453125 0.0390625
0 0.76015625 0.946875 0.0453125 0.034375
0 0.78359375 0.85703125 0.0578125 0.0578125
0 0.5734375 0.865625 0.04375 0.034375
0 0.0578125 0.6265625 0.05625 0.0375
0 0.03359375 0.5171875 0.0390625 0.04375
0 0.0359375 0.44921875 0.05 0.0453125
0 0.3171875 0.259375 0.0625 0.0625
0 0.3015625 0.19375 0.04375 0.03125
0 0.17890625 0.19453125 0.0640625 0.0390625
0 0.19375 0.39609375 0.040625 0.0328125
0 0.19375 0.453125 0.046875 0.0375
0 0.209375 0.70390625 0.028125 0.0421875
0 0.346875 0.62265625 0.028125 0.0390625
0 0.31796875 0.50703125 0.0671875 0.0359375
0 0.32734375 0.73828125 0.0390625 0.0515625
0 0.35078125 0.05859375 0.0484375 0.0296875
0 0.29453125 0.06171875 0.0546875 0.0359375
0 0.1671875 0.06875 0.0625 0.046875
0 0.8515625 0.4859375 0.04375 0.04375
0 0.91484375 0.45625 0.0578125 0.053125
0 0.84140625 0.3140625 0.0453125 0.05
0 0.76015625 0.2171875 0.0515625 0.05
0 0.97578125 0.1109375 0.0484375 0.06875
0 0.58984375 0.034375 0.0609375 0.04375
0 0.225 0.83671875 0.05 0.0359375
