0 0.234375 0.36171875 0.05625 0.0515625
0 0.3828125 0.04609375 0.053125 0.0453125
0 0.07421875 0.46328125 0.0515625 0.0484375
0 0.928125 0.56328125 0.05 0.0515625
0 0.0890625 0.340625 0.05625 0.05
0 0.071875 0.6453125 0.046875 0.046875
0 0.07421875 0.284375 0.0578125 0.05
0 0.8359375 0.1421875 0.05625 0.05
0 0.91484375 0.215625 0.0484375 0.04375
0 0.79140625 0.209375 0.0421875 0.040625
0 0.07734375 0.72578125 0.0515625 0.0484375
0 0.25 0.5625 0.046875 0.04375
0 0.390625 0.73515625 0.053125 0.0484375
0 0.8953125 0.090625 0.05 0.046875
0 0.7984375 0.46328125 0.046875 0.0515625
0 0.26953125 0.265625 0.0578125 0.05
0 0.91953125 0.33359375 0.0484375 0.0453125
0 0.09609375 0.58125 0.0546875 0.053125
0 0.278125 0.74375 0.053125 0.04375
0 0.26328125 0.778125 0.0421875 0.0375
0 0.2484375 0.31484375 0.05625 0.0484375
0 0.915625 0.13828125 0.053125 0.0546875
0 0.909375 0.2609375 0.05 0.046875
0 0.94375 0.64453125 0.05625 0.0515625
0 0.26171875 0.1390625 0.0484375 0.046875
0 0.08515625 0.53125 0.0578125 0.046875
0 0.09453125 0.403125 0.0484375 0.046875
0 0.809375 0.01953125 0.05625 0.0359375
0 0.52265625 0.2140625 0.0515625 0.046875
0 0.5578125 0.6921875 0.075 0.0625
0 0.63828125 0.20078125 0.0578125 0.0484375
0 0.82265625 0.596875 0.0546875 0.05
0 0.8015625 0.271875 0.059375 0.05
0 0.6859375 0.76484375 0.090625 0.0734375
0 0.66171875 0.51328125 0.0703125 0.0640625
0 0.38359375 0.35390625 0.0671875 0.0609375
0 0.38984375 0.5609375 0.0796875 0.06875
0 0.55625 0.47890625 0.06875 0.0640625
0 0.93125 0.44140625 0.04375 0.0390625
0 0.38203125 0.4765625 0.0703125 0.0625
0 0.62578125 0.2625 0.0515625 0.05
0 0.63359375 0.33046875 0.0578125 0.0546875
0 0.63984375 0.1328125 0.0796875 0.06875
0 0.53203125 0.39609375 0.0734375 0.0609375
0 0.528125 0.29296875 0.075 0.0671875
0 0.08828125 0.203125 0.0609375 0.059375
0 0.5359375 0.778125 0.075 0.06875
0 0.2484375 0.50390625 0.053125 0.0515625
0 0.2375 0.0703125 0.06875 0.059375
0 0.25078125 0.63671875 0.0671875 0.0578125
0 0.2328125 0.20390625 0.06875 0.0578125
0 0.375 0.6453125 0.065625 0.06875
0 0.9296875 0.790625 0.0625 0.059375
0 0.36328125 0.234375 0.0671875 0.059375
0 0.9234375 0.40078125 0.06875 0.0546875
0 0.5125 0.09921875 0.065625 0.0546875
0 0.22578125 0.125 0.0453125 0.040625
0 0.36796875 0.796875 0.0828125 0.071875
0 0.37734375 0.1421875 0.0640625 0.059375
0 0.521875 0.04453125 0.053125 0.0390625
0 0.83515625 0.5390625 0.0578125 0.053125
0 0.81015625 0.08125 0.0421875 0.0375
0 0.81015625 0.34921875 0.0578125 0.0578125
0 0.90546875 0.525 0.0359375 0.0375
0 0.1171875 0.6796875 0.05625 0.05
0 0.0875 0.79765625 0.071875 0.0546875
0 0.25 0.0375 0.04375 0.034375
0 0.646875 0.421875 0.046875 0.040625
0 0.65 0.46328125 0.040625 0.0359375
0 0.3828125 0.42421875 0.0625 0.0515625
0 0.36640625 0.09609375 0.0453125 0.0390625
0 0.2421875 0.4484375 0.059375 0.059375
0 0.66328125 0.58203125 0.0546875 0.0484375
0 0.92890625 0.02265625 0.0703125 0.0421875
0 0.26484375 0.68203125 0.0484375 0.0515625
0 0.63515625 0.02734375 0.0734375 0.0515625
0 0.0890625 0.09609375 0.05 0.0328125
0 0.0890625 0.03984375 0.04375 0.0421875
0 0.0828125 0.14453125 0.046875 0.0421875
0 0.01796875 0.2359375 0.0328125 0.05625
0 0.55390625 0.6046875 0.0703125 0.08125
0 0.5390625 0.55859375 0.040625 0.0421875
0 0.96015625 0.72890625 0.0515625 0.0484375
0 0.84375 0.728125 0.04375 0.034375
