0 0.0296875 0.7 0.05 0.05
0 0.2015625 0.384375 0.053125 0.053125
0 0.05 0.85390625 0.053125 0.0484375
0 0.04140625 0.56953125 0.0546875 0.0453125
0 0.3296875 0.8359375 0.053125 0.046875
0 0.8859375 0.553125 0.059375 0.053125
0 0.05078125 0.7703125 0.0578125 0.053125
0 0.03359375 0.62109375 0.0578125 0.0515625
0 0.51640625 0.96328125 0.0640625 0.0515625
0 0.31640625 0.5171875 0.0578125 0.05625
0 0.33515625 0.58046875 0.0546875 0.0515625
0 0.3328125 0.4390625 0.05625 0.059375
0 0.609375 0.5890625 0.078125 0.0625
0 0.0234375 0.44375 0.04375 0.05
0 0.5953125 0.33984375 0.0625 0.0484375
0 0.19609375 0.73984375 0.0765625 0.0703125
0 0.59609375 0.76953125 0.0578125 0.0484375
0 0.90703125 0.93046875 0.0734375 0.0609375
0 0.1984375 0.46796875 0.078125 0.0671875
0 0.8703125 0.1890625 0.078125 0.059375
0 0.2953125 0.1421875 0.0625 0.05625
0 0.75625 0.56953125 0.05625 0.0515625
0 0.4796875 0.6109375 0.08125 0.065625
0 0.46328125 0.40390625 0.0765625 0.0671875
0 0.30625 0.21171875 0.071875 0.0703125
0 0.31640625 0.296875 0.0703125 0.0625
0 0.46484375 0.32578125 0.0765625 0.0671875
0 0.32421875 0.8890625 0.0671875 0.05625
0 0.60234375 0.45 0.0828125 0.075
0 0.03671875 0.50625 0.0546875 0.053125
0 0.48359375 0.46171875 0.0609375 0.0546875
0 0.3296875 0.76875 0.065625 0.0625
0 0.17265625 0.02109375 0.0671875 0.0390625
0 0.203125 0.60234375 0.078125 0.0734375
0 0.3046875 0.0828125 0.0625 0.0625
0 0.603125 0.653125 0.075 0.065625
0 0.58515625 0.2640625 0.0765625 0.065625
0 0.48515625 0.2234375 0.0765625 0.06875
0 0.61171875 0.8328125 0.0609375 0.053125
0 0.7359375 0.07578125 0.065625 0.0546875
0 0.175 0.146875 0.075 0.065625
0 0.753125 0.37265625 0.0875 0.0703125
0 0.9078125 0.6828125 0.071875 0.059375
0 0.8859375 0.8625 0.08125 0.0625
0 0.48203125 0.54296875 0.0765625 0.0703125
0 0.88125 0.61015625 0.090625 0.0765625
0 0.8296875 0.07421875 0.059375 0.0515625
0 0.49296875 0.6734375 0.0828125 0.0625
0 0.51796875 0.7828125 0.0828125 0.075
0 0.88046875 0.47734375 0.0734375 0.0703125
0 0.78984375 0.60390625 0.0734375 0.0640625
0 0.33359375 0.96328125 0.0703125 0.0546875
0 0.771875 0.68671875 0.078125 0.0671875
0 0.61796875 0.72734375 0.0734375 0.0578125
0 0.5859375 0.07265625 0.0625 0.0609375
0 0.7734375 0.75234375 0.08125 0.0671875
0 0.853125 0.37421875 0.065625 0.0546875
0 0.3328125 0.64765625 0.06875 0.0671875
0 0.0234375 0.215625 0.04375 0.0625
0 0.63203125 0.89765625 0.0578125 0.0484375
0 0.1734375 0.31640625 0.06875 0.0640625
0 0.465625 0.07890625 0.05625 0.0578125
0 0.47890625 0.140625 0.0546875 0.05625
0 0.8984375 0.97265625 0.071875 0.0453125
0 0.871875 0.3140625 0.090625 0.075
0 0.64375 0.95625 0.071875 0.059375
0 0.878125 0.24765625 0.071875 0.0609375
0 0.2328125 0.903125 0.065625 0.071875
0 0.2203125 0.53515625 0.05625 0.0546875
0 0.4859375 0.83984375 0.0625 0.0546875
0 0.76875 0.88046875 0.065625 0.0578125
0 0.7703125 0.9359375 0.071875 0.065625
0 0.85078125 0.1390625 0.0703125 0.059375
0 0.7890625 0.51484375 0.084375 0.0796875
0 0.7390625 0.24609375 0.06875 0.0609375
0 0.903125 0.75234375 0.078125 0.0640625
0 0.065625 0.81640625 0.040625 0.0390625
0 0.7515625 0.30703125 0.06875 0.0578125
0 0.734375 0.13359375 0.084375 0.0640625
0 0.02734375 0.359375 0.0515625 0.059375
0 0.76953125 0.80390625 0.0703125 0.0546875
0 0.89375 0.79375 0.078125 0.06875
0 0.0203125 0.29296875 0.0375 0.0484375
0 0.73984375 0.1734375 0.0765625 0.065625
0 0.3375 0.35 0.040625 0.040625
0 0.2015625 0.70390625 0.059375 0.0453125
0 0.18359375 0.20859375 0.0609375 0.0640625
0 0.2109375 0.96640625 0.06875 0.0546875
0 0.74453125 0.43671875 0.0921875 0.0734375
0 0.2859375 0.02265625 0.046875 0.0421875
0 0.58046875 0.15 0.0609375 0.059375
0 0.878125 0.4078125 0.046875 0.0375
0 0.50546875 0.9 0.0796875 0.040625
0 0.37421875 0.77578125 0.0515625 0.0546875
0 0.0390625 0.959375 0.04375 0.040625
