0 0.33046875 0.7671875 0.0546875 0.053125
0 0.31015625 0.646875 0.0578125 0.05
0 0.5671875 0.68984375 0.053125 0.0546875
0 0.440625 0.12890625 0.053125 0.0484375
0 0.61796875 0.97421875 0.0609375 0.0421875
0 0.4828125 0.3 0.05 0.05
0 0.45078125 0.69921875 0.0546875 0.0515625
0 0.91640625 0.86171875 0.0546875 0.0546875
0 0.46875 0.3984375 0.059375 0.04375
0 0.47421875 0.903125 0.0609375 0.05
0 0.73515625 0.384375 0.0609375 0.053125
0 0.3671875 0.12421875 0.065625 0.0609375
0 0.34296875 0.08984375 0.0484375 0.0421875
0 0.76640625 0.63046875 0.0578125 0.0484375
0 0.45390625 0.0375 0.0453125 0.04375
0 0.6171875 0.85859375 0.05 0.0453125
0 0.07578125 0.1375 0.0546875 0.046875
0 0.0578125 0.08828125 0.0875 0.0734375
0 0.21875 0.03203125 0.078125 0.0578125
0 0.059375 0.859375 0.08125 0.065625
0 0.63359375 0.3296875 0.0734375 0.065625
0 0.0859375 0.27734375 0.06875 0.0546875
0 0.5953125 0.56484375 0.071875 0.0734375
0 0.07421875 0.7953125 0.0671875 0.05625
0 0.096875 0.33203125 0.071875 0.0609375
0 0.96015625 0.925 0.0671875 0.096875
0 0.93046875 0.55078125 0.0765625 0.0703125
0 0.6671875 0.8828125 0.071875 0.0625
0 0.37890625 0.321875 0.0640625 0.0625
0 0.7953125 0.7828125 0.071875 0.059375
0 0.49921875 0.19765625 0.0765625 0.0640625
0 0.7609375 0.95625 0.078125 0.065625
0 0.9140625 0.3 0.084375 0.0625
0 0.9453125 0.6671875 0.071875 0.065625
0 0.659375 0.7453125 0.090625 0.08125
0 0.3546875 0.21328125 0.078125 0.0671875
0 0.94140625 0.14140625 0.0796875 0.0734375
0 0.57734375 0.03203125 0.0734375 0.0578125
0 0.20546875 0.26171875 0.0671875 0.0578125
0 0.6421875 0.3921875 0.08125 0.06875
0 0.11875 0.496875 0.06875 0.0625
0 0.94140625 0.72890625 0.0703125 0.0640625
0 0.66328125 0.16484375 0.0671875 0.0578125
0 0.93125 0.79765625 0.078125 0.0671875
0 0.19921875 0.33203125 0.0796875 0.0640625
0 0.25859375 0.49296875 0.0640625 0.0609375
0 0.7875 0.8953125 0.078125 0.065625
0 0.20234375 0.07734375 0.0703125 0.0546875
0 0.34296875 0.85234375 0.0703125 0.0640625
0 0.62890625 0.24140625 0.0640625 0.0609375
0 0.74296875 0.32578125 0.0671875 0.0609375
0 0.621875 0.1125 0.06875 0.05625
0 0.7671875 0.1265625 0.065625 0.05625
0 0.81484375 0.83203125 0.0671875 0.0546875
0 0.2 0.13828125 0.05 0.0484375
0 0.2109375 0.19140625 0.065625 0.0609375
0 0.759375 0.6875 0.090625 0.078125
0 0.2109375 0.390625 0.065625 0.04375
0 0.09921875 0.40703125 0.0609375 0.0578125
0 0.7484375 0.19140625 0.0625 0.0484375
0 0.45859375 0.81875 0.0421875 0.059375
0 0.3453125 0.98046875 0.075 0.0390625
0 0.175 0.83828125 0.04375 0.0671875
