0 0.8375 0.484375 0.05 0.046875
0 0.11328125 0.7203125 0.0515625 0.05
0 0.61171875 0.13515625 0.0515625 0.0484375
0 0.5546875 0.1046875 0.046875 0.040625
0 0.92578125 0.121875 0.0515625 0.05
0 0.82109375 0.31875 0.0453125 0.040625
0 0.63359375 0.2 0.0484375 0.05
0 0.69375 0.57421875 0.05 0.0484375
0 0.8390625 0.440625 0.04375 0.04375
0 0.9296875 0.440625 0.053125 0.046875
0 0.66484375 0.07421875 0.0546875 0.0515625
0 0.9375 0.39375 0.05625 0.05
0 0.85234375 0.25 0.0546875 0.05625
0 0.678125 0.15859375 0.05625 0.0578125
0 0.56171875 0.4265625 0.0578125 0.05
0 0.84296875 0.54765625 0.0578125 0.0578125
0 0.503125 0.1421875 0.05625 0.05
0 0.0203125 0.57109375 0.0375 0.0515625
0 0.54453125 0.240625 0.0578125 0.053125
0 0.53828125 0.27890625 0.0515625 0.0453125
0 0.30625 0.83984375 0.084375 0.0703125
0 0.2640625 0.5265625 0.0875 0.078125
0 0.69921875 0.4109375 0.0703125 0.059375
0 0.296875 0.3078125 0.084375 0.06875
0 0.0671875 0.25234375 0.0875 0.0671875
0 0.41171875 0.8140625 0.0609375 0.05625
0 0.07578125 0.1640625 0.0828125 0.078125
0 0.08515625 0.6234375 0.0703125 0.065625
0 0.07109375 0.44765625 0.0703125 0.0671875
0 0.0625 0.08828125 0.071875 0.0640625
0 0.2640625 0.028125 0.075 0.053125
0 0.5609375 0.61015625 0.065625 0.0578125
0 0.39609375 0.13828125 0.0734375 0.0640625
0 0.86875 0.6109375 0.065625 0.05625
0 0.41875 0.6 0.06875 0.0625
0 0.37578125 0.2078125 0.0796875 0.06875
0 0.81953125 0.15078125 0.0578125 0.0546875
0 0.8265625 0.37421875 0.06875 0.0609375
0 0.97734375 0.6328125 0.0359375 0.05
0 0.9109375 0.7609375 0.065625 0.0625
0 0.40078125 0.33203125 0.0828125 0.0796875
0 0.721875 0.546875 0.05 0.04375
0 0.07734375 0.3375 0.0609375 0.0625
0 0.80390625 0.26484375 0.0546875 0.0546875
0 0.50390625 0.48828125 0.0703125 0.0640625
0 0.95859375 0.25625 0.0453125 0.04375
0 0.86640625 0.696875 0.0609375 0.0625
0 0.55078125 0.3578125 0.0734375 0.078125
0 0.525 0.675 0.06875 0.059375
0 0.371875 0.08671875 0.075 0.0609375
0 0.940625 0.1765625 0.0625 0.053125
0 0.26953125 0.096875 0.0796875 0.065625
0 0.6828125 0.64921875 0.06875 0.0609375
0 0.665625 0.27421875 0.075 0.0671875
0 0.06171875 0.02109375 0.0640625 0.0390625
0 0.08046875 0.8734375 0.0328125 0.0375
0 0.55 0.5375 0.059375 0.059375
0 0.36796875 0.465625 0.0734375 0.05625
0 0.39296875 0.51484375 0.0859375 0.0703125
0 0.9203125 0.05078125 0.06875 0.0546875
0 0.275 0.634375 0.075 0.06875
0 0.28125 0.23359375 0.078125 0.0671875
0 0.284375 0.67421875 0.075 0.0703125
0 0.253125 0.4859375 0.059375 0.046875
0 0.9375 0.29921875 0.06875 0.0578125
0 0.60546875 0.809375 0.0671875 0.059375
0 0.10546875 0.53828125 0.0671875 0.0546875
0 0.27578125 0.3609375 0.0671875 0.05625
0 0.66796875 0.684375 0.0703125 0.05625
0 0.70078125 0.46328125 0.0578125 0.0515625
0 0.821875 0.1796875 0.04375 0.034375
0 0.69921875 0.525 0.0484375 0.04375
0 0.55859375 0.0359375 0.0609375 0.05625
0 0.40703125 0.42421875 0.0515625 0.0515625
0 0.2609375 0.14609375 0.090625 0.0703125
0 0.92578125 0.49140625 0.0640625 0.0578125
0 0.7265625 0.7171875 0.059375 0.053125
0 0.81953125 0.0625 0.0640625 0.05625
0 0.36875 0.0265625 0.075 0.05
0 0.28984375 0.41015625 0.0796875 0.0609375
0 0.3828125 0.65078125 0.1 0.0828125
0 0.1109375 0.859375 0.04375 0.046875
0 0.70703125 0.76875 0.0421875 0.034375
