0 0.15234375 0.4640625 0.0515625 0.05
0 0.465625 0.6953125 0.05 0.05
0 0.2734375 0.56015625 0.053125 0.0484375
0 0.83125 0.50234375 0.05625 0.0515625
0 0.246875 0.02421875 0.059375 0.0453125
0 0.24921875 0.190625 0.0484375 0.04375
0 0.14296875 0.12578125 0.0546875 0.0484375
0 0.45703125 0.82578125 0.0546875 0.0484375
0 0.1578125 0.06484375 0.05 0.0453125
0 0.1578125 0.51640625 0.046875 0.0453125
0 0.2875 0.92421875 0.05 0.0484375
0 0.28828125 0.61015625 0.0515625 0.0484375
0 0.26484375 0.825 0.0515625 0.05
0 0.75234375 0.246875 0.0546875 0.05
0 0.13515625 0.825 0.0515625 0.046875
0 0.834375 0.4015625 0.05625 0.053125
0 0.7671875 0.9390625 0.053125 0.053125
0 0.8296875 0.56171875 0.05625 0.0515625
0 0.0234375 0.28125 0.04375 0.04375
0 0.1609375 0.9765625 0.059375 0.04375
0 0.4453125 0.56875 0.0625 0.053125
0 0.5625 0.03515625 0.05 0.0453125
0 0.8578125 0.12890625 0.05625 0.0484375
0 0.2765625 0.13203125 0.0625 0.0546875
0 0.8203125 0.32265625 0.05625 0.0515625
0 0.7171875 0.0484375 0.053125 0.05
0 0.82109375 0.6203125 0.0609375 0.053125
0 0.4390625 0.7640625 0.078125 0.071875
0 0.46640625 0.88359375 0.0484375 0.0453125
0 0.28125 0.3765625 0.06875 0.05625
0 0.16953125 0.921875 0.0703125 0.0625
0 0.4734375 0.43359375 0.053125 0.0515625
0 0.978125 0.26875 0.034375 0.04375
0 0.76328125 0.790625 0.0828125 0.08125
0 0.446875 0.2546875 0.071875 0.065625
0 0.240625 0.07578125 0.0625 0.0546875
0 0.5859375 0.95703125 0.05 0.0484375
0 0.41484375 0.321875 0.0515625 0.053125
0 0.553125 0.16796875 0.06875 0.0671875
0 0.56796875 0.0828125 0.0609375 0.05625
0 0.59296875 0.31484375 0.0578125 0.0484375
0 0.2859375 0.8796875 0.059375 0.053125
0 0.8515625 0.88203125 0.078125 0.0640625
0 0.559375 0.85 0.053125 0.05625
0 0.18359375 0.8578125 0.0765625 0.06875
0 0.57265625 0.57734375 0.0734375 0.0640625
0 0.1578125 0.40625 0.06875 0.05625
0 0.75859375 0.88828125 0.0671875 0.0546875
0 0.2734375 0.7765625 0.06875 0.0625
0 0.728125 0.44296875 0.06875 0.0578125
0 0.85234375 0.75078125 0.0453125 0.0390625
0 0.721875 0.5171875 0.065625 0.059375
0 0.6484375 0.96875 0.05 0.040625
0 0.85234375 0.0390625 0.0671875 0.05625
0 0.28203125 0.496875 0.0640625 0.053125
0 0.27734375 0.43515625 0.0640625 0.0578125
0 0.12578125 0.01875 0.0421875 0.034375
0 0.27265625 0.67734375 0.0421875 0.0421875
0 0.58984375 0.4796875 0.0609375 0.05625
0 0.559375 0.9109375 0.04375 0.046875
0 0.41875 0.17109375 0.053125 0.0453125
0 0.41953125 0.0625 0.0671875 0.053125
0 0.56015625 0.68515625 0.0703125 0.0671875
0 0.02421875 0.7265625 0.0453125 0.040625
0 0.43828125 0.62578125 0.0671875 0.0640625
0 0.26953125 0.31171875 0.0734375 0.0546875
0 0.83515625 0.44140625 0.0515625 0.0421875
0 0.2828125 0.7265625 0.046875 0.040625
0 0.15234375 0.26875 0.0609375 0.05625
0 0.77734375 0.69921875 0.0609375 0.0609375
0 0.16015625 0.20703125 0.0609375 0.0578125
0 0.48125 0.93359375 0.0625 0.0640625
0 0.16015625 0.3453125 0.0671875 0.05625
0 0.8671875 0.9453125 0.059375 0.053125
0 0.7375 0.390625 0.0625 0.05
0 0.73515625 0.17265625 0.0515625 0.0515625
0 0.74375 0.11875 0.059375 0.046875
0 0.17734375 0.57109375 0.0640625 0.0609375
0 0.18203125 0.69609375 0.0609375 0.0609375
0 0.025 0.7984375 0.04375 0.046875
0 0.58203125 0.63125 0.0421875 0.040625
0 0.2703125 0.2328125 0.065625 0.05625
0 0.8640625 0.80703125 0.06875 0.0640625
0 0.02578125 0.64453125 0.0453125 0.0390625
0 0.5890625 0.26640625 0.059375 0.0484375
0 0.1609375 0.6421875 0.05 0.040625
0 0.4078125 0.01875 0.05 0.034375
0 0.86875 0.196875 0.08125 0.053125
0 0.58359375 0.41484375 0.0671875 0.0578125
