0 0.0953125 0.6375 0.053125 0.05
0 0.2203125 0.57890625 0.053125 0.0546875
0 0.071875 0.4890625 0.05625 0.05
0 0.73125 0.3546875 0.05 0.05
0 0.79765625 0.72578125 0.0484375 0.0484375
0 0.65859375 0.621875 0.0515625 0.053125
0 0.70546875 0.7046875 0.0515625 0.046875
0 0.50703125 0.9671875 0.0609375 0.05
0 0.965625 0.9078125 0.053125 0.05
0 0.6609375 0.303125 0.04375 0.046875
0 0.0703125 0.096875 0.053125 0.05
0 0.2078125 0.93046875 0.05625 0.0484375
0 0.48515625 0.60546875 0.0546875 0.0484375
0 0.096875 0.7671875 0.0625 0.05
0 0.65078125 0.20234375 0.0578125 0.0515625
0 0.4921875 0.4546875 0.05 0.04375
0 0.05546875 0.3640625 0.0609375 0.05
0 0.38671875 0.80234375 0.0578125 0.0515625
0 0.7578125 0.2125 0.059375 0.053125
0 0.2171875 0.51015625 0.059375 0.0546875
0 0.67265625 0.57265625 0.0484375 0.0453125
0 0.95546875 0.76015625 0.0578125 0.0546875
0 0.7359375 0.17265625 0.05 0.0453125
0 0.065625 0.4109375 0.05625 0.053125
0 0.74765625 0.3 0.0609375 0.05625
0 0.7625 0.5984375 0.04375 0.040625
0 0.37265625 0.65546875 0.0578125 0.0484375
0 0.4796875 0.3796875 0.059375 0.053125
0 0.3828125 0.2546875 0.078125 0.06875
0 0.95703125 0.3390625 0.0640625 0.05625
0 0.64140625 0.3703125 0.0671875 0.065625
0 0.04609375 0.2015625 0.0453125 0.046875
0 0.1078125 0.59140625 0.04375 0.0390625
0 0.48671875 0.25078125 0.0671875 0.0578125
0 0.9515625 0.15078125 0.06875 0.0609375
0 0.68828125 0.89609375 0.0609375 0.0515625
0 0.3703125 0.1078125 0.08125 0.071875
0 0.20546875 0.65 0.0640625 0.05625
0 0.94609375 0.64140625 0.0734375 0.0609375
0 0.07734375 0.16640625 0.0609375 0.0546875
0 0.49296875 0.17734375 0.0578125 0.0578125
0 0.78046875 0.896875 0.0546875 0.05
0 0.0703125 0.2984375 0.075 0.071875
0 0.3921875 0.5125 0.0625 0.053125
0 0.5 0.8375 0.065625 0.0625
0 0.090625 0.68515625 0.065625 0.0515625
0 0.38515625 0.3875 0.0734375 0.065625
0 0.9578125 0.8265625 0.075 0.075
0 0.2203125 0.415625 0.071875 0.065625
0 0.96953125 0.9609375 0.0515625 0.059375
0 0.93203125 0.56953125 0.0734375 0.0640625
0 0.3921875 0.96484375 0.0625 0.0546875
0 0.50625 0.5296875 0.065625 0.071875
0 0.7375 0.10390625 0.059375 0.0578125
0 0.4890625 0.71640625 0.0875 0.0703125
0 0.8015625 0.65390625 0.0625 0.0578125
0 0.89921875 0.103125 0.0734375 0.071875
0 0.07421875 0.934375 0.0671875 0.059375
0 0.5 0.31875 0.078125 0.06875
0 0.69140625 0.51640625 0.0640625 0.0546875
0 0.3703125 0.88984375 0.078125 0.0890625
0 0.20625 0.86796875 0.065625 0.0578125
0 0.94375 0.27421875 0.078125 0.0640625
0 0.78515625 0.83984375 0.0484375 0.0546875
0 0.91015625 0.2265625 0.0640625 0.059375
0 0.34140625 0.1703125 0.0671875 0.05625
0 0.40234375 0.74453125 0.0578125 0.0578125
0 0.3828125 0.584375 0.078125 0.06875
0 0.08203125 0.821875 0.0546875 0.04375
0 0.94140625 0.40859375 0.0734375 0.0609375
0 0.471875 0.11171875 0.065625 0.0609375
0 0.0953125 0.86484375 0.071875 0.0609375
0 0.2171875 0.7078125 0.065625 0.0625
0 0.50234375 0.64140625 0.0609375 0.0546875
0 0.93984375 0.46640625 0.0671875 0.0640625
0 0.1375 0.06171875 0.05625 0.0515625
0 0.4953125 0.41875 0.05 0.0375
0 0.6453125 0.10625 0.04375 0.040625
0 0.49140625 0.89453125 0.0484375 0.0484375
0 0.09765625 0.97890625 0.0453125 0.0328125
0 0.20234375 0.790625 0.0640625 0.05625
0 0.10234375 0.540625 0.0578125 0.04375
0 0.225 0.978125 0.040625 0.03125
0 0.6984375 0.84453125 0.05625 0.0484375
0 0.83984375 0.8078125 0.0609375 0.05625
0 0.1390625 0.2203125 0.046875 0.05625
0 0.13203125 0.296875 0.0328125 0.034375
0 0.1359375 0.346875 0.04375 0.040625
