0 0.5328125 0.784375 0.053125 0.046875
0 0.06171875 0.32578125 0.0546875 0.0546875
0 0.36484375 0.6546875 0.0546875 0.046875
0 0.065625 0.20234375 0.05625 0.0515625
0 0.62265625 0.7109375 0.0515625 0.05
0 0.24140625 0.0375 0.0546875 0.046875
0 0.66953125 0.971875 0.0546875 0.04375
0 0.38828125 0.85 0.0546875 0.05
0 0.07109375 0.259375 0.0578125 0.053125
0 0.78671875 0.16953125 0.0546875 0.0484375
0 0.409375 0.90625 0.05625 0.053125
0 0.91640625 0.2328125 0.0578125 0.053125
0 0.534375 0.8359375 0.059375 0.053125
0 0.96015625 0.9546875 0.0453125 0.046875
0 0.54453125 0.9703125 0.0484375 0.04375
0 0.63671875 0.3609375 0.0703125 0.065625
0 0.4421875 0.95 0.053125 0.05
0 0.34140625 0.334375 0.0609375 0.05
0 0.5203125 0.71484375 0.053125 0.0515625
0 0.79296875 0.6421875 0.0640625 0.0625
0 0.065625 0.13203125 0.071875 0.0671875
0 0.11953125 0.8890625 0.0734375 0.059375
0 0.49921875 0.290625 0.0796875 0.0625
0 0.365625 0.2296875 0.06875 0.0625
0 0.23515625 0.15234375 0.0765625 0.0609375
0 0.28203125 0.78828125 0.0609375 0.0546875
0 0.80078125 0.21328125 0.0453125 0.0453125
0 0.26484375 0.85 0.0796875 0.065625
0 0.64765625 0.8515625 0.0640625 0.059375
0 0.83515625 0.80625 0.0609375 0.0625
0 0.51171875 0.6734375 0.0671875 0.05
0 0.63125 0.215625 0.0625 0.05625
0 0.734375 0.02578125 0.059375 0.0484375
0 0.9 0.6984375 0.0625 0.053125
0 0.33828125 0.13671875 0.0671875 0.0578125
0 0.2671875 0.9203125 0.071875 0.06875
0 0.94140625 0.75546875 0.0546875 0.0578125
0 0.640625 0.1140625 0.065625 0.059375
0 0.771875 0.4359375 0.078125 0.06875
0 0.51953125 0.025 0.0765625 0.046875
0 0.775 0.0921875 0.078125 0.071875
0 0.52265625 0.1015625 0.0765625 0.071875
0 0.65546875 0.03828125 0.0609375 0.0578125
0 0.2578125 0.7171875 0.071875 0.065625
0 0.83125 0.90859375 0.0625 0.0703125
0 0.78203125 0.32890625 0.0578125 0.0515625
0 0.5203125 0.38203125 0.059375 0.0640625
0 0.5140625 0.1828125 0.06875 0.065625
0 0.02109375 0.96328125 0.0390625 0.0453125
0 0.546875 0.90703125 0.075 0.0703125
0 0.2078125 0.0734375 0.059375 0.053125
0 0.97421875 0.38671875 0.0390625 0.0484375
0 0.178125 0.9296875 0.071875 0.0625
0 0.1140625 0.94921875 0.078125 0.0671875
0 0.090625 0.68359375 0.0625 0.0578125
0 0.05859375 0.06484375 0.0703125 0.0515625
0 0.08515625 0.453125 0.0796875 0.065625
0 0.94375 0.6671875 0.065625 0.05625
0 0.64140625 0.27265625 0.0546875 0.0578125
0 0.64375 0.4609375 0.071875 0.084375
0 0.37421875 0.29765625 0.0546875 0.0453125
0 0.94296875 0.4171875 0.0515625 0.046875
0 0.63828125 0.16640625 0.0609375 0.0515625
0 0.634375 0.7890625 0.065625 0.05625
0 0.50546875 0.23984375 0.0609375 0.0453125
0 0.5984375 0.0171875 0.05 0.03125
0 0.11328125 0.7453125 0.0890625 0.084375
0 0.32734375 0.40390625 0.0671875 0.0578125
0 0.2078125 0.37578125 0.059375 0.0484375
0 0.18125 0.46953125 0.046875 0.0609375
0 0.19765625 0.2546875 0.0484375 0.040625
0 0.1703125 0.2953125 0.0625 0.05
0 0.06328125 0.0140625 0.0671875 0.025
0 0.8109375 0.7171875 0.04375 0.04375
0 0.96328125 0.82109375 0.0390625 0.0328125
0 0.96171875 0.86015625 0.0578125 0.0546875
0 0.79375 0.98203125 0.034375 0.0328125
0 0.94375 0.046875 0.053125 0.053125
