0 0.60234375 0.7859375 0.0546875 0.046875
0 0.45390625 0.5890625 0.0515625 0.05
0 0.4921875 0.65703125 0.053125 0.0515625
0 0.28828125 0.0265625 0.0546875 0.05
0 0.2921875 0.221875 0.059375 0.053125
0 0.5109375 0.96328125 0.053125 0.0484375
0 0.7765625 0.30859375 0.05625 0.0546875
0 0.02265625 0.21328125 0.0421875 0.0515625
0 0.921875 0.965625 0.05625 0.05
0 0.775 0.9734375 0.053125 0.04375
0 0.31328125 0.3390625 0.0546875 0.053125
0 0.4984375 0.9140625 0.05625 0.05
0 0.89765625 0.7203125 0.0578125 0.053125
0 0.3625 0.94375 0.053125 0.05
0 0.296875 0.14765625 0.053125 0.0484375
0 0.76640625 0.20625 0.0515625 0.046875
0 0.60390625 0.7140625 0.0578125 0.05
0 0.7578125 0.253125 0.05625 0.05
0 0.07578125 0.78203125 0.0640625 0.0546875
0 0.253125 0.8984375 0.059375 0.053125
0 0.03125 0.72265625 0.05625 0.0578125
0 0.4453125 0.1125 0.053125 0.053125
0 0.5859375 0.6203125 0.053125 0.053125
0 0.02890625 0.48828125 0.0515625 0.0546875
0 0.91875 0.7796875 0.071875 0.065625
0 0.76015625 0.13046875 0.0796875 0.0671875
0 0.60625 0.965625 0.0625 0.05
0 0.76484375 0.57265625 0.0671875 0.0765625
0 0.7875 0.48984375 0.06875 0.0671875
0 0.071875 0.93359375 0.078125 0.0703125
0 0.0765625 0.671875 0.08125 0.071875
0 0.340625 0.38359375 0.05625 0.0484375
0 0.60859375 0.85 0.0546875 0.05
0 0.89296875 0.5734375 0.0515625 0.046875
0 0.1625 0.08125 0.0625 0.05625
0 0.5609375 0.13671875 0.053125 0.0515625
0 0.47890625 0.03359375 0.0671875 0.0609375
0 0.428125 0.21015625 0.053125 0.0515625
0 0.58125 0.1796875 0.05 0.046875
0 0.9046875 0.84453125 0.06875 0.0640625
0 0.76640625 0.0390625 0.0578125 0.05625
0 0.471875 0.82265625 0.075 0.0640625
0 0.78984375 0.67734375 0.0640625 0.0609375
0 0.19921875 0.63515625 0.0921875 0.0828125
0 0.64921875 0.07265625 0.0515625 0.0453125
0 0.290625 0.275 0.0625 0.059375
0 0.3203125 0.61796875 0.0875 0.0796875
0 0.2109375 0.70625 0.053125 0.053125
0 0.2421875 0.9546875 0.08125 0.06875
0 0.18125 0.1609375 0.065625 0.05625
0 0.903125 0.51640625 0.071875 0.0578125
0 0.58125 0.49375 0.065625 0.0625
0 0.88125 0.15703125 0.0625 0.0484375
0 0.31328125 0.6890625 0.0734375 0.059375
0 0.33046875 0.8171875 0.0703125 0.065625
0 0.44921875 0.7359375 0.0796875 0.06875
0 0.6125 0.56796875 0.06875 0.0640625
0 0.33984375 0.76953125 0.0609375 0.0515625
0 0.809375 0.93671875 0.05625 0.0546875
0 0.9109375 0.9125 0.065625 0.059375
0 0.3 0.10703125 0.059375 0.0484375
0 0.86640625 0.04609375 0.0609375 0.0546875
0 0.78828125 0.79375 0.0734375 0.0625
0 0.1859375 0.2234375 0.075 0.0625
0 0.1875 0.35859375 0.075 0.0546875
0 0.7765625 0.84765625 0.0625 0.0546875
0 0.78515625 0.7375 0.0671875 0.05
0 0.02890625 0.115625 0.0546875 0.053125
0 0.58515625 0.05546875 0.0421875 0.0421875
0 0.58828125 0.875 0.0671875 0.05625
0 0.09296875 0.8375 0.0640625 0.0625
0 0.90546875 0.65859375 0.0671875 0.0578125
0 0.496875 0.18359375 0.0625 0.0640625
0 0.63203125 0.2796875 0.0703125 0.0625
0 0.16953125 0.0265625 0.0671875 0.05
0 0.2015625 0.278125 0.071875 0.059375
0 0.33671875 0.8890625 0.0640625 0.0625
0 0.60078125 0.09453125 0.0453125 0.0421875
0 0.0703125 0.97578125 0.046875 0.0328125
0 0.88984375 0.21796875 0.0765625 0.0765625
0 0.234375 0.82421875 0.0875 0.0921875
0 0.02421875 0.30703125 0.0453125 0.0734375
0 0.03203125 0.3796875 0.0609375 0.05
