0 0.8125 0.4640625 0.05625 0.05
0 0.56875 0.7234375 0.05 0.053125
0 0.9734375 0.0515625 0.040625 0.04375
0 0.71171875 0.609375 0.0515625 0.046875
0 0.025 0.875 0.046875 0.053125
0 0.8390625 0.69609375 0.05 0.0453125
0 0.26171875 0.20390625 0.0515625 0.0484375
0 0.44140625 0.42890625 0.0515625 0.0484375
0 0.4578125 0.4921875 0.053125 0.046875
0 0.696875 0.2859375 0.05625 0.05
0 0.7140625 0.39609375 0.053125 0.0484375
0 0.8015625 0.29296875 0.053125 0.0515625
0 0.52890625 0.165625 0.0546875 0.05
0 0.55078125 0.29765625 0.0609375 0.0546875
0 0.43203125 0.125 0.0578125 0.05
0 0.96875 0.52109375 0.05 0.0546875
0 0.56171875 0.4234375 0.0546875 0.05625
0 0.26484375 0.475 0.0515625 0.053125
0 0.69921875 0.4625 0.0484375 0.046875
0 0.165625 0.5796875 0.046875 0.04375
0 0.73671875 0.646875 0.0453125 0.046875
0 0.9203125 0.8265625 0.046875 0.04375
0 0.17890625 0.63671875 0.0515625 0.0453125
0 0.29296875 0.1625 0.0609375 0.053125
0 0.2828125 0.6 0.046875 0.04375
0 0.828125 0.08828125 0.05 0.0484375
0 0.0203125 0.7015625 0.0375 0.04375
0 0.81484375 0.02421875 0.0453125 0.0390625
0 0.2671875 0.4140625 0.059375 0.053125
0 0.7578125 0.8 0.046875 0.040625
0 0.52421875 0.24296875 0.0578125 0.0453125
0 0.7 0.046875 0.046875 0.034375
0 0.32109375 0.39140625 0.0578125 0.0484375
0 0.28125 0.54375 0.0625 0.05625
0 0.92734375 0.26484375 0.0546875 0.0515625
0 0.23203125 0.03359375 0.0703125 0.0578125
0 0.6875 0.08203125 0.059375 0.0546875
0 0.89765625 0.928125 0.0578125 0.05625
0 0.41328125 0.07421875 0.0578125 0.0515625
0 0.121875 0.27578125 0.06875 0.0765625
0 0.7984375 0.39921875 0.05625 0.0546875
0 0.1515625 0.765625 0.071875 0.0625
0 0.0265625 0.7546875 0.046875 0.053125
0 0.56015625 0.81171875 0.0828125 0.0703125
0 0.759375 0.953125 0.06875 0.0625
0 0.4625 0.6390625 0.06875 0.05625
0 0.265625 0.1015625 0.075 0.071875
0 0.44765625 0.54609375 0.0578125 0.0546875
0 0.7359375 0.7203125 0.0625 0.05625
0 0.9734375 0.16015625 0.046875 0.0578125
0 0.4390625 0.24921875 0.046875 0.0421875
0 0.8453125 0.5328125 0.075 0.0625
0 0.80703125 0.3484375 0.0546875 0.04375
0 0.828125 0.22734375 0.059375 0.0578125
0 0.1328125 0.49453125 0.059375 0.0515625
0 0.2828125 0.759375 0.0625 0.05625
0 0.7 0.228125 0.071875 0.05625
0 0.55546875 0.6484375 0.0640625 0.065625
0 0.16328125 0.41484375 0.0609375 0.0609375
0 0.5265625 0.08203125 0.06875 0.0578125
0 0.46015625 0.296875 0.0671875 0.05625
0 0.7015625 0.1578125 0.065625 0.05625
0 0.54609375 0.4875 0.0671875 0.059375
0 0.1234375 0.54453125 0.05 0.0484375
0 0.27890625 0.28046875 0.0640625 0.0609375
0 0.284375 0.9390625 0.065625 0.059375
0 0.14609375 0.68203125 0.0671875 0.0609375
0 0.66953125 0.3625 0.0484375 0.040625
0 0.28125 0.8484375 0.059375 0.05625
0 0.296875 0.340625 0.059375 0.053125
0 0.55 0.5609375 0.0625 0.065625
0 0.4578125 0.36796875 0.071875 0.0640625
0 0.7296875 0.5375 0.040625 0.0375
0 0.42421875 0.18046875 0.0734375 0.0609375
0 0.084375 0.11640625 0.065625 0.0578125
0 0.340625 0.8 0.05 0.046875
0 0.4765625 0.8484375 0.065625 0.059375
0 0.80703125 0.1546875 0.0515625 0.046875
0 0.54921875 0.35546875 0.0578125 0.0578125
0 0.95 0.0171875 0.05 0.03125
0 0.01875 0.5328125 0.034375 0.04375
0 0.9828125 0.84609375 0.028125 0.0390625
0 0.98828125 0.91953125 0.0234375 0.0390625
0 0.1421875 0.87734375 0.028125 0.0453125
0 0.021875 0.4671875 0.040625 0.05
0 0.96953125 0.33046875 0.0421875 0.0390625
0 0.54296875 0.021875 0.0671875 0.034375
0 0.03359375 0.93203125 0.0515625 0.0296875
0 0.11015625 0.178125 0.0421875 0.040625
0 0.1453125 0.01875 0.05625 0.028125
