0 0.384375 0.10390625 0.05625 0.0484375
0 0.11171875 0.47890625 0.0578125 0.0515625
0 0.25 0.51640625 0.05625 0.0515625
0 0.70234375 0.48984375 0.0546875 0.0515625
0 0.09765625 0.59609375 0.0609375 0.0484375
0 0.21796875 0.134375 0.0609375 0.05
0 0.52890625 0.0546875 0.0453125 0.040625
0 0.2375 0.02890625 0.0625 0.0546875
0 0.5171875 0.5421875 0.0625 0.053125
0 0.1234375 0.890625 0.059375 0.05
0 0.20390625 0.0828125 0.0453125 0.04375
0 0.81015625 0.553125 0.0546875 0.046875
0 0.221875 0.590625 0.05 0.046875
0 0.1171875 0.125 0.053125 0.05
0 0.1890625 0.334375 0.0625 0.053125
0 0.68046875 0.11640625 0.0578125 0.0515625
0 0.115625 0.53046875 0.065625 0.0546875
0 0.24765625 0.8703125 0.0640625 0.059375
0 0.725 0.88515625 0.0625 0.0515625
0 0.23359375 0.20234375 0.0703125 0.0671875
0 0.55546875 0.959375 0.0734375 0.059375
0 0.1171875 0.42421875 0.065625 0.0609375
0 0.69609375 0.41875 0.0609375 0.05625
0 0.69375 0.17265625 0.06875 0.0578125
0 0.8453125 0.8625 0.065625 0.059375
0 0.53828125 0.884375 0.0609375 0.053125
0 0.4125 0.4953125 0.059375 0.05
0 0.13203125 0.203125 0.0671875 0.05625
0 0.215625 0.45703125 0.06875 0.0703125
0 0.79140625 0.11328125 0.0578125 0.0515625
0 0.68671875 0.36875 0.0671875 0.05
0 0.0921875 0.32734375 0.06875 0.0640625
0 0.70234375 0.27734375 0.0796875 0.0609375
0 0.10703125 0.053125 0.0484375 0.040625
0 0.7125 0.61328125 0.0625 0.0578125
0 0.13984375 0.95 0.0640625 0.059375
0 0.5078125 0.14921875 0.046875 0.0515625
0 0.13046875 0.7046875 0.0640625 0.059375
0 0.82890625 0.5 0.0640625 0.053125
0 0.825 0.36484375 0.053125 0.0515625
0 0.2421875 0.95234375 0.0625 0.0578125
0 0.38984375 0.22734375 0.0515625 0.0578125
0 0.8546875 0.96640625 0.059375 0.0515625
0 0.81953125 0.61171875 0.0671875 0.0578125
0 0.228125 0.28125 0.05625 0.05625
0 0.50859375 0.22265625 0.0609375 0.0515625
0 0.40546875 0.42734375 0.0453125 0.0421875
0 0.525 0.103125 0.040625 0.0375
0 0.4140625 0.5515625 0.040625 0.04375
0 0.4171875 0.6171875 0.053125 0.05625
0 0.728125 0.58203125 0.040625 0.0359375
0 0.8296875 0.23515625 0.06875 0.0578125
0 0.08515625 0.01484375 0.0390625 0.0265625
0 0.428125 0.92734375 0.059375 0.0515625
0 0.2296875 0.68515625 0.0625 0.0546875
0 0.39453125 0.34453125 0.0703125 0.0578125
0 0.82109375 0.93203125 0.0546875 0.0421875
0 0.49375 0.428125 0.040625 0.040625
0 0.53203125 0.4640625 0.0421875 0.0375
0 0.4984375 0.33125 0.028125 0.028125
0 0.52890625 0.37421875 0.0390625 0.0578125
0 0.52421875 0.28359375 0.0390625 0.0390625
0 0.83828125 0.4171875 0.0546875 0.05
0 0.72734375 0.97734375 0.0859375 0.0453125
0 0.9796875 0.1828125 0.0375 0.034375
0 0.95390625 0.24453125 0.0578125 0.0359375
0 0.98125 0.3015625 0.0375 0.0375
0 0.98203125 0.37421875 0.0359375 0.0359375
0 0.9875 0.509375 0.025 0.040625
0 0.509375 0.49765625 0.053125 0.0265625
0 0.403125 0.165625 0.059375 0.053125
