0 0.128125 0.1796875 0.053125 0.05
0 0.03671875 0.5234375 0.0578125 0.053125
0 0.1359375 0.13203125 0.05 0.0453125
0 0.1546875 0.378125 0.05625 0.053125
0 0.159375 0.32890625 0.05 0.0484375
0 0.034375 0.73359375 0.05625 0.0578125
0 0.4390625 0.90390625 0.05 0.0484375
0 0.03671875 0.15 0.0484375 0.05
0 0.86015625 0.9015625 0.0640625 0.05
0 0.02578125 0.9546875 0.0484375 0.046875
0 0.03515625 0.6765625 0.0484375 0.046875
0 0.03125 0.5921875 0.053125 0.05
0 0.6359375 0.278125 0.0625 0.059375
0 0.715625 0.03671875 0.053125 0.0515625
0 0.0203125 0.04140625 0.0375 0.0421875
0 0.31875 0.5203125 0.05625 0.059375
0 0.63125 0.48359375 0.053125 0.0484375
0 0.12734375 0.02109375 0.0578125 0.0390625
0 0.02421875 0.64296875 0.0453125 0.0390625
0 0.8453125 0.51953125 0.05625 0.0578125
0 0.04140625 0.090625 0.0578125 0.053125
0 0.13125 0.2390625 0.0625 0.046875
0 0.97265625 0.07265625 0.0421875 0.0515625
0 0.96640625 0.6390625 0.0609375 0.06875
0 0.3375 0.58984375 0.08125 0.0703125
0 0.115625 0.27734375 0.05 0.0453125
0 0.96484375 0.33125 0.0546875 0.065625
0 0.321875 0.36640625 0.0875 0.0828125
0 0.8375 0.43828125 0.065625 0.0578125
0 0.36796875 0.6546875 0.0515625 0.04375
0 0.71484375 0.0890625 0.0453125 0.046875
0 0.61796875 0.43046875 0.0578125 0.0515625
0 0.6296875 0.35703125 0.053125 0.0515625
0 0.2953125 0.10234375 0.078125 0.0671875
0 0.88203125 0.15234375 0.0640625 0.0578125
0 0.60078125 0.88828125 0.0609375 0.0546875
0 0.29296875 0.2109375 0.0828125 0.075
0 0.25 0.03125 0.06875 0.05625
0 0.03515625 0.21875 0.0453125 0.04375
0 0.940625 0.94375 0.071875 0.0625
0 0.31171875 0.9390625 0.0578125 0.05625
0 0.68984375 0.68046875 0.0546875 0.0484375
0 0.8453125 0.5859375 0.065625 0.0625
0 0.1125 0.0765625 0.06875 0.059375
0 0.9703125 0.24453125 0.053125 0.0609375
0 0.15078125 0.45078125 0.0609375 0.0546875
0 0.05078125 0.31796875 0.0671875 0.0609375
0 0.1609375 0.53203125 0.059375 0.0546875
0 0.26796875 0.26953125 0.0609375 0.0546875
0 0.5953125 0.0421875 0.05625 0.05
0 0.67890625 0.5640625 0.0640625 0.046875
0 0.884375 0.671875 0.053125 0.053125
0 0.353125 0.45078125 0.065625 0.0609375
0 0.0296875 0.471875 0.05 0.053125
0 0.88359375 0.209375 0.0609375 0.046875
0 0.621875 0.1765625 0.065625 0.0375
0 0.98515625 0.54375 0.0296875 0.05
0 0.1734375 0.6640625 0.05625 0.05625
0 0.7859375 0.3640625 0.05 0.053125
0 0.98203125 0.1296875 0.0359375 0.046875
