0 0.89765625 0.6 0.0484375 0.04375
0 0.8984375 0.67109375 0.046875 0.0484375
0 0.15078125 0.61640625 0.0546875 0.0515625
0 0.60234375 0.590625 0.0546875 0.053125
0 0.025 0.6296875 0.046875 0.05
0 0.03671875 0.30390625 0.0609375 0.0515625
0 0.85859375 0.096875 0.0515625 0.04375
0 0.02109375 0.578125 0.0390625 0.04375
0 0.12734375 0.38125 0.0546875 0.053125
0 0.0234375 0.22578125 0.04375 0.0453125
0 0.41796875 0.64296875 0.0609375 0.0515625
0 0.11796875 0.234375 0.0609375 0.05
0 0.034375 0.803125 0.05625 0.053125
0 0.10390625 0.18203125 0.0453125 0.0453125
0 0.121875 0.690625 0.05 0.046875
0 0.43046875 0.15546875 0.0453125 0.0421875
0 0.7109375 0.653125 0.05625 0.046875
0 0.0890625 0.434375 0.0625 0.053125
0 0.9 0.5375 0.046875 0.04375
0 0.58125 0.215625 0.05625 0.053125
0 0.2828125 0.0921875 0.06875 0.059375
0 0.42734375 0.0828125 0.0515625 0.04375
0 0.8828125 0.2828125 0.046875 0.04375
0 0.6234375 0.97578125 0.05 0.0359375
0 0.4078125 0.2484375 0.046875 0.05
0 0.59375 0.271875 0.06875 0.059375
0 0.12265625 0.05859375 0.0734375 0.0578125
0 0.74453125 0.95859375 0.0671875 0.0578125
0 0.69140625 0.21328125 0.0578125 0.0515625
0 0.01953125 0.0609375 0.0359375 0.04375
0 0.8890625 0.39921875 0.04375 0.0421875
0 0.5953125 0.51875 0.0625 0.05625
0 0.146875 0.9640625 0.0625 0.053125
0 0.98046875 0.50546875 0.0359375 0.0453125
0 0.3125 0.5953125 0.059375 0.05
0 0.115625 0.55859375 0.06875 0.0671875
0 0.60234375 0.37734375 0.0796875 0.0609375
0 0.5859375 0.4703125 0.08125 0.053125
0 0.03828125 0.0203125 0.0546875 0.0375
0 0.5703125 0.034375 0.059375 0.05625
0 0.13359375 0.303125 0.0703125 0.06875
0 0.2953125 0.44453125 0.06875 0.0578125
0 0.6125 0.71328125 0.0625 0.0578125
0 0.284375 0.2046875 0.059375 0.05
0 0.9265625 0.97890625 0.053125 0.0328125
0 0.725 0.46484375 0.053125 0.0515625
0 0.14140625 0.1265625 0.0609375 0.05625
0 0.71953125 0.7125 0.0671875 0.059375
0 0.0265625 0.52421875 0.05 0.0578125
0 0.72890625 0.60078125 0.0640625 0.0546875
0 0.43671875 0.9765625 0.0546875 0.0375
0 0.7296875 0.33515625 0.06875 0.0578125
0 0.425 0.203125 0.040625 0.0375
0 0.28984375 0.32734375 0.0515625 0.0578125
0 0.40859375 0.3234375 0.0609375 0.053125
0 0.628125 0.6828125 0.0375 0.0375
0 0.3140625 0.65234375 0.04375 0.0453125
0 0.31640625 0.71796875 0.0546875 0.0578125
0 0.1296875 0.78515625 0.0625 0.0546875
0 0.6109375 0.1421875 0.053125 0.05
0 0.3046875 0.53515625 0.046875 0.0546875
0 0.40625 0.434375 0.034375 0.034375
0 0.434375 0.4640625 0.053125 0.05
0 0.4046875 0.525 0.04375 0.040625
0 0.43359375 0.5640625 0.0421875 0.03125
0 0.40625 0.5953125 0.034375 0.0375
0 0.38125 0.38671875 0.034375 0.0265625
0 0.425 0.38671875 0.040625 0.0421875
0 0.03359375 0.42265625 0.0390625 0.0421875
0 0.01875 0.6890625 0.028125 0.053125
0 0.0453125 0.7609375 0.05 0.05
0 0.3359375 0.97734375 0.075 0.0453125
0 0.025 0.98515625 0.03125 0.0296875
0 0.45625 0.82734375 0.053125 0.0546875
0 0.30234375 0.815625 0.0484375 0.053125
0 0.3390625 0.2578125 0.0625 0.040625
0 0.28515625 0.03359375 0.0265625 0.0359375
0 0.40625 0.01953125 0.034375 0.0296875
0 0.68359375 0.08828125 0.0765625 0.0640625
0 0.56640625 0.115625 0.0359375 0.046875
0 0.875 0.23671875 0.040625 0.0359375
0 0.90625 0.48203125 0.05 0.0484375
0 0.98515625 0.44375 0.0203125 0.046875
0 0.98671875 0.33515625 0.0265625 0.0640625
0 0.98515625 0.25 0.0296875 0.046875
0 0.98046875 0.19140625 0.0390625 0.0453125
0 0.978125 0.1203125 0.04375 0.05625
