0 0.15390625 0.203125 0.0515625 0.05
0 0.1890625 0.725 0.053125 0.046875
0 0.784375 0.971875 0.05625 0.04375
0 0.053125 0.92265625 0.05 0.0515625
0 0.30625 0.88828125 0.04375 0.0421875
0 0.55 0.1359375 0.05 0.05
0 0.84921875 0.44453125 0.0515625 0.0453125
0 0.43515625 0.390625 0.0515625 0.05
0 0.12109375 0.0546875 0.0546875 0.046875
0 0.2984375 0.56953125 0.05 0.0453125
0 0.27109375 0.64765625 0.0515625 0.0453125
0 0.7453125 0.65078125 0.053125 0.0484375
0 0.55703125 0.29921875 0.0484375 0.0484375
0 0.1921875 0.85078125 0.059375 0.0515625
0 0.46328125 0.61953125 0.0609375 0.0546875
0 0.4515625 0.18203125 0.0625 0.0609375
0 0.8703125 0.81953125 0.059375 0.0546875
0 0.55859375 0.38125 0.0453125 0.04375
0 0.5734375 0.1953125 0.053125 0.05625
0 0.47421875 0.83359375 0.0671875 0.0578125
0 0.17265625 0.45078125 0.0453125 0.0453125
0 0.46171875 0.2578125 0.0578125 0.05625
0 0.48046875 0.684375 0.0671875 0.0625
0 0.4484375 0.51953125 0.078125 0.0671875
0 0.03671875 0.734375 0.0640625 0.05625
0 0.72265625 0.14609375 0.0765625 0.0703125
0 0.88984375 0.69453125 0.0703125 0.0640625
0 0.30859375 0.81171875 0.0578125 0.0546875
0 0.59140625 0.8328125 0.0640625 0.059375
0 0.33671875 0.6734375 0.0515625 0.05
0 0.74609375 0.77109375 0.0640625 0.0640625
0 0.184375 0.2765625 0.053125 0.05625
0 0.9734375 0.16640625 0.046875 0.0484375
0 0.7625 0.27578125 0.078125 0.0703125
0 0.0390625 0.8375 0.053125 0.046875
0 0.18203125 0.34765625 0.0578125 0.0578125
0 0.76015625 0.51796875 0.0671875 0.0703125
0 0.75078125 0.6 0.0671875 0.059375
0 0.1953125 0.91953125 0.065625 0.0578125
0 0.82890625 0.2328125 0.0796875 0.0875
0 0.9671875 0.215625 0.05625 0.065625
0 0.40859375 0.03828125 0.0546875 0.0546875
0 0.0421875 0.8734375 0.053125 0.046875
0 0.290625 0.525 0.053125 0.04375
0 0.8390625 0.33359375 0.071875 0.0671875
0 0.31171875 0.94296875 0.0671875 0.0671875
0 0.746875 0.390625 0.071875 0.06875
0 0.96953125 0.09140625 0.0546875 0.0640625
0 0.85390625 0.096875 0.0609375 0.05625
0 0.47421875 0.965625 0.0703125 0.053125
0 0.7765625 0.8953125 0.078125 0.08125
0 0.86484375 0.64296875 0.0640625 0.0546875
0 0.8734375 0.89609375 0.075 0.0671875
0 0.7203125 0.328125 0.0625 0.059375
0 0.8453125 0.39453125 0.065625 0.0578125
0 0.87265625 0.5234375 0.0640625 0.059375
0 0.603125 0.95078125 0.06875 0.0609375
0 0.17890625 0.609375 0.0453125 0.04375
0 0.4421875 0.44609375 0.059375 0.0546875
0 0.57578125 0.703125 0.0671875 0.065625
0 0.25859375 0.27265625 0.0671875 0.0578125
0 0.74453125 0.203125 0.0546875 0.046875
0 0.2953125 0.7140625 0.04375 0.04375
0 0.1953125 0.77421875 0.05 0.0453125
0 0.86484375 0.94453125 0.0421875 0.0390625
0 0.27265625 0.16484375 0.0578125 0.0671875
0 0.4515625 0.31796875 0.059375 0.0609375
0 0.8765625 0.56796875 0.065625 0.0609375
0 0.87578125 0.76640625 0.0578125 0.0515625
0 0.31796875 0.753125 0.0421875 0.040625
0 0.9578125 0.0140625 0.05 0.025
0 0.7546875 0.71875 0.059375 0.04375
0 0.5390625 0.01640625 0.040625 0.0296875
0 0.75234375 0.48046875 0.0671875 0.0515625
0 0.578125 0.4234375 0.05 0.04375
0 0.546875 0.4953125 0.040625 0.0375
0 0.58125 0.57109375 0.040625 0.0359375
