0 0.01953125 0.32109375 0.0359375 0.0453125
0 0.8921875 0.0609375 0.05625 0.053125
0 0.4703125 0.3484375 0.05 0.05
0 0.03671875 0.50625 0.0546875 0.046875
0 0.02421875 0.3765625 0.0453125 0.05
0 0.58984375 0.659375 0.0453125 0.04375
0 0.578125 0.53828125 0.053125 0.0484375
0 0.8703125 0.5703125 0.053125 0.05
0 0.021875 0.24140625 0.040625 0.0515625
0 0.58515625 0.8125 0.0484375 0.046875
0 0.0359375 0.9609375 0.053125 0.05
0 0.23203125 0.69609375 0.0546875 0.0515625
0 0.2828125 0.9671875 0.05625 0.05
0 0.7296875 0.8390625 0.05625 0.053125
0 0.50234375 0.56953125 0.0484375 0.0453125
0 0.33203125 0.3125 0.0640625 0.059375
0 0.8609375 0.721875 0.053125 0.053125
0 0.4734375 0.78125 0.05 0.04375
0 0.784375 0.73046875 0.059375 0.0546875
0 0.51015625 0.915625 0.0578125 0.05625
0 0.0328125 0.4640625 0.053125 0.046875
0 0.58359375 0.89921875 0.0453125 0.0421875
0 0.7421875 0.9578125 0.0625 0.053125
0 0.7640625 0.7765625 0.06875 0.05625
0 0.30703125 0.634375 0.0546875 0.046875
0 0.30546875 0.3796875 0.0515625 0.04375
0 0.8828125 0.89609375 0.065625 0.0609375
0 0.21640625 0.56640625 0.0640625 0.0671875
0 0.22421875 0.4203125 0.0640625 0.065625
0 0.18515625 0.0625 0.0859375 0.065625
0 0.875 0.52109375 0.075 0.0671875
0 0.203125 0.34765625 0.0875 0.0671875
0 0.7453125 0.90078125 0.071875 0.0609375
0 0.184375 0.84921875 0.071875 0.0609375
0 0.31484375 0.7578125 0.0765625 0.0625
0 0.6921875 0.49296875 0.065625 0.0640625
0 0.6078125 0.275 0.071875 0.0625
0 0.0875 0.83984375 0.071875 0.0609375
0 0.10078125 0.7578125 0.0734375 0.06875
0 0.3296875 0.5796875 0.0875 0.071875
0 0.315625 0.87421875 0.0875 0.0734375
0 0.78828125 0.83828125 0.0703125 0.0609375
0 0.18203125 0.28125 0.0671875 0.053125
0 0.203125 0.90703125 0.071875 0.0640625
0 0.89375 0.246875 0.06875 0.0625
0 0.178125 0.59375 0.059375 0.0625
0 0.06875 0.8859375 0.071875 0.059375
0 0.77890625 0.3359375 0.0671875 0.05625
0 0.32421875 0.6859375 0.0671875 0.059375
0 0.6328125 0.709375 0.0625 0.059375
0 0.91953125 0.41328125 0.0734375 0.0609375
0 0.24765625 0.94765625 0.0640625 0.0609375
0 0.2953125 0.4359375 0.096875 0.078125
0 0.0796875 0.678125 0.096875 0.0625
0 0.04765625 0.56640625 0.0828125 0.0734375
0 0.33046875 0.2625 0.0828125 0.040625
0 0.45625 0.40859375 0.046875 0.0484375
0 0.875 0.31796875 0.046875 0.0609375
0 0.56953125 0.39453125 0.0296875 0.0328125
0 0.56171875 0.34296875 0.0421875 0.0484375
0 0.7328125 0.43359375 0.046875 0.0578125
0 0.79375 0.55625 0.059375 0.05625
0 0.06484375 0.63828125 0.0796875 0.0453125
0 0.18125 0.47734375 0.05 0.0515625
0 0.42265625 0.72734375 0.0421875 0.0390625
