0 0.31328125 0.52421875 0.0515625 0.0515625
0 0.02265625 0.2234375 0.0421875 0.05
0 0.059375 0.7609375 0.05625 0.053125
0 0.17578125 0.7984375 0.0515625 0.05
0 0.46796875 0.88359375 0.0484375 0.0453125
0 0.50703125 0.50859375 0.0546875 0.0546875
0 0.33984375 0.8296875 0.0546875 0.05
0 0.1796875 0.33515625 0.05 0.0515625
0 0.48671875 0.71953125 0.0578125 0.0484375
0 0.15390625 0.12265625 0.0734375 0.0671875
0 0.165625 0.453125 0.065625 0.053125
0 0.203125 0.88046875 0.053125 0.0515625
0 0.62890625 0.49453125 0.0484375 0.0453125
0 0.190625 0.72109375 0.08125 0.0703125
0 0.7265625 0.2328125 0.059375 0.053125
0 0.0765625 0.9078125 0.078125 0.053125
0 0.6234375 0.2296875 0.071875 0.06875
0 0.053125 0.15 0.071875 0.059375
0 0.62890625 0.73359375 0.0546875 0.0578125
0 0.35390625 0.721875 0.0734375 0.059375
0 0.93359375 0.071875 0.0609375 0.053125
0 0.43984375 0.13984375 0.0546875 0.0484375
0 0.0609375 0.33828125 0.065625 0.0546875
0 0.05 0.64140625 0.06875 0.0578125
0 0.62265625 0.42421875 0.0578125 0.0546875
0 0.33828125 0.06953125 0.0703125 0.0640625
0 0.4359375 0.3015625 0.08125 0.0625
0 0.07734375 0.959375 0.0859375 0.065625
0 0.475 0.9296875 0.05625 0.05
0 0.31875 0.33671875 0.0875 0.0890625
0 0.16171875 0.20546875 0.0703125 0.0609375
0 0.034375 0.56953125 0.065625 0.0609375
0 0.48125 0.60234375 0.078125 0.0703125
0 0.46796875 0.796875 0.0578125 0.059375
0 0.73203125 0.08046875 0.0671875 0.0609375
0 0.16484375 0.59375 0.0796875 0.065625
0 0.61796875 0.36015625 0.0796875 0.0734375
0 0.58671875 0.1640625 0.0734375 0.065625
0 0.46015625 0.42578125 0.0765625 0.0671875
0 0.353125 0.94375 0.071875 0.059375
0 0.73828125 0.30859375 0.0484375 0.0453125
0 0.328125 0.453125 0.065625 0.059375
0 0.5921875 0.80703125 0.071875 0.0640625
0 0.54453125 0.10546875 0.0703125 0.0609375
0 0.14375 0.40703125 0.075 0.0578125
0 0.64140625 0.5953125 0.0609375 0.046875
0 0.75859375 0.82109375 0.0734375 0.0734375
0 0.35859375 0.7953125 0.0453125 0.040625
0 0.1703125 0.6359375 0.078125 0.0625
0 0.6140625 0.94453125 0.078125 0.0671875
0 0.04765625 0.27109375 0.0765625 0.0640625
0 0.4953125 0.6609375 0.059375 0.05
0 0.45234375 0.50625 0.0609375 0.059375
0 0.7234375 0.75234375 0.0625 0.0546875
0 0.0453125 0.40859375 0.071875 0.0609375
0 0.9625 0.92578125 0.059375 0.0546875
0 0.21015625 0.95703125 0.0703125 0.0578125
0 0.628125 0.67265625 0.05625 0.0546875
0 0.04140625 0.465625 0.0640625 0.059375
0 0.1640625 0.496875 0.046875 0.04375
0 0.46015625 0.21640625 0.0640625 0.0578125
0 0.79609375 0.3828125 0.0609375 0.053125
0 0.421875 0.0671875 0.053125 0.040625
0 0.43828125 0.190625 0.0609375 0.053125
0 0.60625 0.87578125 0.06875 0.0546875
0 0.2734375 0.2171875 0.0625 0.05625
0 0.14921875 0.26484375 0.0640625 0.0609375
0 0.38125 0.66953125 0.0625 0.0546875
0 0.753125 0.91875 0.071875 0.059375
0 0.6390625 0.56640625 0.075 0.0546875
0 0.3125 0.615625 0.059375 0.05625
0 0.0703125 0.828125 0.1 0.078125
0 0.96640625 0.19609375 0.0609375 0.0703125
