0 0.1109375 0.284375 0.05625 0.046875
0 0.88984375 0.365625 0.0515625 0.04375
0 0.09140625 0.321875 0.0515625 0.04375
0 0.97265625 0.234375 0.0421875 0.04375
0 0.88359375 0.49453125 0.0546875 0.0515625
0 0.725 0.75078125 0.053125 0.0546875
0 0.72578125 0.52265625 0.0484375 0.0453125
0 0.8890625 0.26796875 0.04375 0.0421875
0 0.7015625 0.8484375 0.053125 0.05
0 0.9171875 0.66953125 0.05 0.0453125
0 0.90625 0.61796875 0.046875 0.0484375
0 0.26875 0.17578125 0.046875 0.0421875
0 0.42578125 0.75703125 0.0609375 0.0484375
0 0.3078125 0.86171875 0.05625 0.0484375
0 0.8625 0.23515625 0.046875 0.0484375
0 0.6234375 0.63359375 0.046875 0.0421875
0 0.75859375 0.9203125 0.0546875 0.053125
0 0.66015625 0.29609375 0.0546875 0.0546875
0 0.965625 0.28046875 0.046875 0.0484375
0 0.375 0.021875 0.05625 0.040625
0 0.5734375 0.375 0.05625 0.053125
0 0.265625 0.31875 0.0625 0.053125
0 0.88515625 0.31875 0.0578125 0.046875
0 0.7015625 0.48984375 0.059375 0.0515625
0 0.03984375 0.96328125 0.0640625 0.0546875
0 0.91015625 0.928125 0.0671875 0.05625
0 0.3953125 0.409375 0.08125 0.06875
0 0.83984375 0.1796875 0.0609375 0.05625
0 0.29375 0.91875 0.078125 0.071875
0 0.90390625 0.725 0.0578125 0.05
0 0.03203125 0.4921875 0.0609375 0.065625
0 0.746875 0.97265625 0.0625 0.0453125
0 0.0328125 0.7578125 0.0625 0.065625
0 0.703125 0.36640625 0.05625 0.0515625
0 0.55625 0.43203125 0.05625 0.0515625
0 0.2390625 0.13828125 0.08125 0.0703125
0 0.38515625 0.3359375 0.0703125 0.0625
0 0.89609375 0.55625 0.0484375 0.05
0 0.41796875 0.80625 0.0609375 0.05625
0 0.96875 0.16796875 0.05 0.0578125
0 0.14375 0.88515625 0.065625 0.0703125
0 0.309375 0.7078125 0.08125 0.06875
0 0.0375 0.83671875 0.065625 0.0671875
0 0.440625 0.9015625 0.06875 0.059375
0 0.5734375 0.17109375 0.0625 0.0546875
0 0.39765625 0.25 0.0765625 0.071875
0 0.728125 0.66875 0.065625 0.05625
0 0.43125 0.696875 0.0625 0.059375
0 0.18125 0.71640625 0.071875 0.0640625
0 0.4125 0.1765625 0.071875 0.065625
0 0.5890625 0.7140625 0.06875 0.0625
0 0.1359375 0.78203125 0.084375 0.0765625
0 0.9125 0.81171875 0.059375 0.0546875
0 0.61796875 0.86796875 0.0796875 0.0671875
0 0.1 0.3875 0.071875 0.059375
0 0.42890625 0.5765625 0.0796875 0.0625
0 0.02578125 0.6359375 0.0484375 0.059375
0 0.41640625 0.503125 0.0796875 0.065625
0 0.13984375 0.9578125 0.0703125 0.059375
0 0.3109375 0.821875 0.065625 0.05625
0 0.28125 0.27109375 0.065625 0.0546875
0 0.12265625 0.51484375 0.0640625 0.0546875
0 0.43125 0.6171875 0.065625 0.05
0 0.6265625 0.590625 0.053125 0.04375
0 0.59765625 0.4875 0.0609375 0.0625
0 0.1171875 0.628125 0.06875 0.0625
0 0.70625 0.5859375 0.078125 0.06875
0 0.3 0.45859375 0.071875 0.0609375
0 0.271875 0.515625 0.0625 0.059375
0 0.60703125 0.95703125 0.0515625 0.0484375
0 0.31171875 0.63515625 0.0671875 0.0578125
0 0.29296875 0.38515625 0.0765625 0.0671875
0 0.5578125 0.29296875 0.05 0.0546875
0 0.7203125 0.815625 0.0625 0.05
0 0.66171875 0.0203125 0.0578125 0.0375
0 0.59375 0.26953125 0.040625 0.0421875
0 0.70703125 0.2234375 0.0484375 0.05
0 0.7453125 0.40625 0.065625 0.05
0 0.29765625 0.58125 0.0734375 0.05625
0 0.61484375 0.78359375 0.0640625 0.0578125
0 0.90546875 0.8328125 0.0609375 0.05625
0 0.1109375 0.4328125 0.059375 0.053125
0 0.98828125 0.55859375 0.0234375 0.0390625
