0 0.04609375 0.34609375 0.0546875 0.0484375
0 0.78203125 0.4234375 0.0515625 0.05
0 0.62265625 0.8984375 0.0578125 0.05
0 0.52109375 0.3765625 0.0484375 0.046875
0 0.5953125 0.1984375 0.05 0.053125
0 0.8953125 0.60390625 0.0625 0.0515625
0 0.6046875 0.1421875 0.059375 0.053125
0 0.771875 0.621875 0.053125 0.05
0 0.50078125 0.0953125 0.0484375 0.04375
0 0.0578125 0.675 0.05625 0.05625
0 0.24296875 0.93671875 0.0546875 0.0515625
0 0.75234375 0.26171875 0.0515625 0.0515625
0 0.48203125 0.234375 0.0515625 0.05
0 0.240625 0.38046875 0.053125 0.0546875
0 0.36171875 0.7203125 0.0546875 0.05
0 0.521875 0.5 0.065625 0.053125
0 0.60234375 0.271875 0.0515625 0.046875
0 0.9203125 0.77265625 0.05 0.0515625
0 0.76875 0.16796875 0.05625 0.0484375
0 0.9015625 0.4984375 0.05625 0.05625
0 0.32109375 0.178125 0.0671875 0.065625
0 0.2046875 0.33125 0.075 0.0625
0 0.2078125 0.19765625 0.078125 0.0703125
0 0.63203125 0.63828125 0.0703125 0.0578125
0 0.35 0.51640625 0.065625 0.0546875
0 0.071875 0.8734375 0.071875 0.06875
0 0.79921875 0.82734375 0.0734375 0.0734375
0 0.7671875 0.97734375 0.05625 0.0390625
0 0.38203125 0.2453125 0.0640625 0.0625
0 0.05859375 0.9625 0.0671875 0.05
0 0.62890625 0.7453125 0.0515625 0.053125
0 0.228125 0.75078125 0.065625 0.0578125
0 0.915625 0.871875 0.05625 0.053125
0 0.765625 0.6984375 0.075 0.078125
0 0.50859375 0.278125 0.0734375 0.071875
0 0.62265625 0.4703125 0.0578125 0.05625
0 0.6265625 0.69140625 0.05 0.0453125
0 0.3515625 0.32109375 0.065625 0.0578125
0 0.0578125 0.1796875 0.0625 0.05625
0 0.859375 0.38203125 0.059375 0.0515625
0 0.51640625 0.56171875 0.0671875 0.0609375
0 0.50546875 0.83046875 0.0671875 0.0546875
0 0.89140625 0.1796875 0.0578125 0.059375
0 0.4953125 0.0421875 0.0625 0.053125
0 0.22265625 0.87578125 0.0640625 0.0546875
0 0.88828125 0.2671875 0.0765625 0.06875
0 0.0515625 0.42265625 0.065625 0.0640625
0 0.60703125 0.02265625 0.0578125 0.0421875
0 0.621875 0.0953125 0.05 0.04375
0 0.23984375 0.68359375 0.0578125 0.0578125
0 0.65625 0.93828125 0.0625 0.0609375
0 0.621875 0.39609375 0.059375 0.0515625
0 0.5234375 0.8984375 0.084375 0.084375
0 0.8796875 0.04375 0.065625 0.05625
0 0.0609375 0.73984375 0.065625 0.0546875
0 0.86484375 0.65859375 0.0640625 0.0546875
0 0.37265625 0.64453125 0.0484375 0.0484375
0 0.20859375 0.96953125 0.0609375 0.0484375
0 0.06953125 0.7921875 0.0734375 0.071875
0 0.88671875 0.43203125 0.0484375 0.0484375
0 0.35234375 0.575 0.0703125 0.05625
0 0.62578125 0.80390625 0.0609375 0.0609375
0 0.21015625 0.82421875 0.0515625 0.0453125
0 0.33125 0.89296875 0.06875 0.0546875
0 0.50546875 0.1828125 0.0609375 0.05625
0 0.5328125 0.62265625 0.065625 0.0578125
0 0.215625 0.525 0.065625 0.059375
0 0.06171875 0.89140625 0.0546875 0.0546875
0 0.06484375 0.2390625 0.0734375 0.059375
0 0.21640625 0.46484375 0.0640625 0.0515625
0 0.2265625 0.621875 0.078125 0.065625
0 0.94140625 0.94375 0.0609375 0.053125
0 0.0703125 0.51640625 0.0875 0.0828125
0 0.21796875 0.11171875 0.0984375 0.0828125
0 0.059375 0.30625 0.03125 0.040625
0 0.0609375 0.065625 0.04375 0.034375
0 0.06953125 0.01875 0.0390625 0.034375
0 0.2125 0.02578125 0.046875 0.0484375
0 0.3 0.06484375 0.040625 0.0546875
0 0.346875 0.01875 0.04375 0.034375
0 0.7578125 0.56328125 0.046875 0.0453125
0 0.73125 0.9234375 0.059375 0.05
