0 0.41953125 0.83359375 0.0546875 0.0515625
0 0.24296875 0.8390625 0.0515625 0.04375
0 0.96796875 0.89609375 0.0515625 0.0546875
0 0.2078125 0.03125 0.05625 0.046875
0 0.6890625 0.7796875 0.05625 0.05
0 0.13046875 0.97421875 0.0578125 0.0390625
0 0.40703125 0.9640625 0.0578125 0.046875
0 0.68671875 0.97421875 0.0515625 0.0390625
0 0.2375 0.77734375 0.053125 0.0515625
0 0.82265625 0.8125 0.0484375 0.04375
0 0.2 0.35078125 0.05 0.0515625
0 0.69921875 0.41796875 0.0515625 0.0453125
0 0.97109375 0.38046875 0.0453125 0.0546875
0 0.4 0.53125 0.053125 0.04375
0 0.503125 0.19921875 0.05625 0.0546875
0 0.51796875 0.140625 0.0515625 0.05
0 0.70390625 0.4734375 0.0453125 0.04375
0 0.21875 0.271875 0.059375 0.05625
0 0.1390625 0.76171875 0.059375 0.0546875
0 0.128125 0.47265625 0.046875 0.0453125
0 0.13203125 0.83671875 0.0609375 0.0546875
0 0.7203125 0.52578125 0.053125 0.0484375
0 0.26484375 0.8828125 0.0546875 0.053125
0 0.025 0.61484375 0.046875 0.0609375
0 0.50703125 0.06953125 0.0640625 0.0546875
0 0.21875 0.2046875 0.059375 0.05625
0 0.70546875 0.15703125 0.0546875 0.0546875
0 0.521875 0.40546875 0.059375 0.0453125
0 0.69921875 0.84453125 0.0453125 0.0484375
0 0.95234375 0.18984375 0.0828125 0.0765625
0 0.53046875 0.58671875 0.0671875 0.0609375
0 0.81484375 0.85546875 0.0546875 0.0484375
0 0.246875 0.4 0.046875 0.040625
0 0.78046875 0.2 0.0578125 0.059375
0 0.36484375 0.19609375 0.0765625 0.0703125
0 0.37734375 0.328125 0.0734375 0.059375
0 0.53984375 0.7703125 0.0703125 0.065625
0 0.11875 0.278125 0.071875 0.059375
0 0.50234375 0.33203125 0.0765625 0.0609375
0 0.09765625 0.09375 0.0734375 0.065625
0 0.95390625 0.95390625 0.0765625 0.0671875
0 0.64609375 0.16796875 0.0765625 0.0640625
0 0.40703125 0.4140625 0.0703125 0.0625
0 0.7171875 0.07890625 0.046875 0.0515625
0 0.52734375 0.45 0.0671875 0.059375
0 0.5234375 0.8296875 0.08125 0.059375
0 0.38984375 0.1203125 0.0703125 0.05625
0 0.071875 0.03671875 0.0625 0.0515625
0 0.96796875 0.01875 0.0453125 0.034375
0 0.81171875 0.89609375 0.0484375 0.0453125
0 0.11640625 0.53046875 0.0578125 0.0609375
0 0.39140625 0.06875 0.0671875 0.05625
0 0.2546875 0.95390625 0.065625 0.0578125
0 0.96640625 0.0671875 0.0578125 0.075
0 0.096875 0.921875 0.065625 0.059375
0 0.39375 0.26796875 0.0625 0.0515625
0 0.7 0.92734375 0.05 0.0453125
0 0.36640625 0.02109375 0.0546875 0.0390625
0 0.4953125 0.253125 0.059375 0.05625
0 0.403125 0.775 0.0625 0.0625
0 0.3734375 0.46640625 0.0625 0.0578125
0 0.5140625 0.871875 0.059375 0.046875
0 0.2203125 0.09375 0.065625 0.065625
0 0.671875 0.3515625 0.059375 0.05625
0 0.4109375 0.58203125 0.075 0.0671875
0 0.08828125 0.215625 0.0890625 0.08125
0 0.42109375 0.90546875 0.0984375 0.0796875
0 0.0625 0.3546875 0.053125 0.04375
0 0.2390625 0.53828125 0.075 0.0546875
0 0.240625 0.4765625 0.065625 0.05
