0 0.96953125 0.3953125 0.0515625 0.05625
0 0.94453125 0.61171875 0.0484375 0.0515625
0 0.48046875 0.9609375 0.0578125 0.05
0 0.1 0.66171875 0.05 0.0484375
0 0.071875 0.31328125 0.05625 0.0484375
0 0.96796875 0.57109375 0.0484375 0.0484375
0 0.9140625 0.3515625 0.05 0.046875
0 0.203125 0.4515625 0.053125 0.05625
0 0.796875 0.35625 0.0625 0.053125
0 0.20234375 0.76171875 0.0453125 0.0453125
0 0.1859375 0.01953125 0.05625 0.0359375
0 0.07578125 0.521875 0.0578125 0.053125
0 0.41640625 0.6515625 0.0609375 0.05625
0 0.08359375 0.03125 0.0796875 0.059375
0 0.25078125 0.584375 0.0640625 0.05
0 0.36015625 0.0390625 0.0578125 0.046875
0 0.4078125 0.728125 0.084375 0.071875
0 0.903125 0.87109375 0.075 0.0640625
0 0.19765625 0.69453125 0.0546875 0.0578125
0 0.08984375 0.47109375 0.0734375 0.0609375
0 0.48203125 0.46171875 0.0734375 0.0640625
0 0.40078125 0.3671875 0.0765625 0.06875
0 0.38671875 0.53984375 0.0671875 0.0578125
0 0.97890625 0.2234375 0.0359375 0.046875
0 0.421875 0.91640625 0.0875 0.0703125
0 0.48984375 0.34609375 0.0859375 0.0703125
0 0.22265625 0.1890625 0.0578125 0.053125
0 0.51953125 0.5046875 0.0578125 0.05625
0 0.34765625 0.23046875 0.0828125 0.0640625
0 0.403125 0.82421875 0.1 0.0796875
0 0.6296875 0.0484375 0.0625 0.053125
0 0.5546875 0.78046875 0.084375 0.0734375
0 0.4796875 0.21328125 0.08125 0.0671875
0 0.9578125 0.03515625 0.06875 0.0609375
0 0.11328125 0.7703125 0.0640625 0.05625
0 0.0734375 0.0890625 0.071875 0.059375
0 0.93984375 0.71484375 0.0703125 0.0640625
0 0.52578125 0.61484375 0.0765625 0.0640625
0 0.35625 0.1140625 0.06875 0.0625
0 0.503125 0.27890625 0.10625 0.0671875
0 0.1046875 0.19140625 0.075 0.0609375
0 0.95703125 0.7921875 0.0640625 0.06875
0 0.4078125 0.5921875 0.08125 0.071875
0 0.2375 0.25703125 0.084375 0.0765625
0 0.7875 0.44921875 0.05625 0.0453125
0 0.096875 0.134375 0.0625 0.05
0 0.1984375 0.615625 0.0625 0.059375
0 0.215625 0.52734375 0.065625 0.0609375
0 0.12734375 0.95859375 0.0703125 0.0609375
0 0.12890625 0.9109375 0.0609375 0.053125
0 0.94375 0.45703125 0.06875 0.0640625
0 0.41640625 0.4453125 0.0640625 0.05625
0 0.11171875 0.83359375 0.0640625 0.0609375
0 0.3703125 0.2828125 0.06875 0.05625
0 0.575 0.86484375 0.06875 0.0640625
0 0.96171875 0.3109375 0.0578125 0.065625
0 0.26171875 0.90625 0.0609375 0.05625
0 0.20546875 0.3328125 0.0609375 0.05625
0 0.478125 0.11015625 0.065625 0.0546875
0 0.10078125 0.2671875 0.0640625 0.059375
0 0.0828125 0.38671875 0.059375 0.0609375
0 0.25859375 0.765625 0.0578125 0.053125
0 0.534375 0.87421875 0.05 0.0484375
0 0.246875 0.9625 0.071875 0.05625
0 0.12734375 0.72578125 0.0453125 0.0421875
0 0.18359375 0.0828125 0.0671875 0.0625
0 0.10625 0.628125 0.05625 0.03125
0 0.23125 0.825 0.071875 0.0625
0 0.4984375 0.1578125 0.06875 0.053125
0 0.22890625 0.38359375 0.0671875 0.0578125
0 0.52109375 0.7140625 0.0984375 0.078125
0 0.77265625 0.54921875 0.0421875 0.0328125
0 0.68046875 0.4984375 0.0265625 0.01875
0 0.71796875 0.20390625 0.0359375 0.0265625
0 0.11875 0.5921875 0.053125 0.0375
