0 0.59375 0.534375 0.059375 0.05
0 0.03125 0.47265625 0.05 0.0453125
0 0.05859375 0.96484375 0.0546875 0.0453125
0 0.13203125 0.3953125 0.0546875 0.046875
0 0.41328125 0.153125 0.0515625 0.046875
0 0.8890625 0.121875 0.046875 0.04375
0 0.8609375 0.684375 0.05625 0.046875
0 0.40859375 0.29609375 0.0453125 0.0484375
0 0.02421875 0.66484375 0.0453125 0.0515625
0 0.2828125 0.24140625 0.059375 0.0515625
0 0.8828125 0.3359375 0.0375 0.040625
0 0.2828125 0.5046875 0.05 0.05
0 0.88984375 0.4109375 0.0484375 0.04375
0 0.10546875 0.04453125 0.0578125 0.0546875
0 0.55 0.08359375 0.05 0.0453125
0 0.86796875 0.06171875 0.0671875 0.0609375
0 0.103125 0.24453125 0.071875 0.0703125
0 0.978125 0.28046875 0.0375 0.0484375
0 0.03125 0.54296875 0.059375 0.0671875
0 0.72421875 0.51015625 0.0765625 0.0671875
0 0.565625 0.0234375 0.059375 0.04375
0 0.84921875 0.634375 0.0546875 0.05
0 0.565625 0.3375 0.05 0.046875
0 0.5765625 0.284375 0.05625 0.05625
0 0.403125 0.10390625 0.05 0.0453125
0 0.1640625 0.51953125 0.059375 0.0546875
0 0.4125 0.546875 0.065625 0.059375
0 0.5546875 0.1375 0.053125 0.05
0 0.30234375 0.40390625 0.0609375 0.0546875
0 0.57734375 0.40078125 0.0578125 0.0546875
0 0.69453125 0.0734375 0.0640625 0.059375
0 0.546875 0.940625 0.059375 0.046875
0 0.09921875 0.14453125 0.0671875 0.0546875
0 0.88359375 0.62734375 0.0453125 0.0515625
0 0.296875 0.16953125 0.05625 0.0578125
0 0.8734375 0.1875 0.040625 0.0375
0 0.0484375 0.415625 0.05 0.04375
0 0.59765625 0.19921875 0.0640625 0.0640625
0 0.43046875 0.59921875 0.0453125 0.0390625
0 0.8734375 0.4796875 0.05 0.046875
0 0.73671875 0.19453125 0.0609375 0.0578125
0 0.653125 0.9109375 0.05 0.046875
0 0.9546875 0.92421875 0.065625 0.0734375
0 0.32109375 0.8609375 0.0546875 0.059375
0 0.97578125 0.534375 0.0390625 0.04375
0 0.7203125 0.446875 0.0625 0.05
0 0.57109375 0.46796875 0.0734375 0.0609375
0 0.1296875 0.74453125 0.0625 0.0546875
0 0.709375 0.378125 0.06875 0.05625
0 0.43359375 0.475 0.0515625 0.040625
0 0.1640625 0.89453125 0.05 0.0546875
0 0.44296875 0.98203125 0.0734375 0.0359375
0 0.8671875 0.72734375 0.040625 0.0328125
0 0.8921875 0.52890625 0.046875 0.0390625
0 0.9765625 0.4890625 0.040625 0.0375
0 0.98671875 0.428125 0.0265625 0.0375
0 0.9671875 0.121875 0.04375 0.034375
0 0.87265625 0.2375 0.0484375 0.034375
0 0.884375 0.28515625 0.059375 0.0359375
0 0.4265625 0.34765625 0.05 0.0515625
0 0.01640625 0.29296875 0.0296875 0.0359375
0 0.0234375 0.2328125 0.04375 0.03125
0 0.190625 0.17734375 0.0625 0.0578125
0 0.2796875 0.0921875 0.04375 0.04375
0 0.38359375 0.04375 0.0484375 0.040625
0 0.8625 0.58203125 0.053125 0.0328125
