0 0.971875 0.8015625 0.046875 0.053125
0 0.6703125 0.95546875 0.053125 0.0515625
0 0.9625 0.4609375 0.053125 0.053125
0 0.67265625 0.6546875 0.0609375 0.053125
0 0.696875 0.903125 0.059375 0.053125
0 0.49921875 0.53359375 0.0609375 0.0515625
0 0.96171875 0.5734375 0.0578125 0.05625
0 0.14375 0.128125 0.05625 0.059375
0 0.93515625 0.5328125 0.0546875 0.046875
0 0.4921875 0.2671875 0.053125 0.046875
0 0.415625 0.78125 0.06875 0.05625
0 0.91484375 0.390625 0.0546875 0.05625
0 0.68359375 0.84453125 0.0546875 0.0515625
0 0.2515625 0.85859375 0.0625 0.0578125
0 0.80859375 0.2546875 0.0640625 0.05625
0 0.75546875 0.55546875 0.0578125 0.0609375
0 0.8078125 0.0234375 0.08125 0.04375
0 0.77734375 0.91953125 0.0796875 0.0734375
0 0.6640625 0.72109375 0.078125 0.0671875
0 0.76171875 0.38203125 0.0765625 0.0671875
0 0.95859375 0.66640625 0.0671875 0.0734375
0 0.06171875 0.1265625 0.0734375 0.06875
0 0.7640625 0.29296875 0.071875 0.0640625
0 0.1140625 0.92578125 0.078125 0.0765625
0 0.096875 0.2015625 0.06875 0.0625
0 0.946875 0.34296875 0.06875 0.0609375
0 0.74375 0.490625 0.06875 0.059375
0 0.6546875 0.20625 0.08125 0.065625
0 0.4140625 0.7109375 0.06875 0.065625
0 0.39609375 0.5953125 0.0609375 0.065625
0 0.46953125 0.11796875 0.0703125 0.0640625
0 0.7625 0.06015625 0.078125 0.0671875
0 0.95859375 0.95546875 0.0703125 0.0671875
0 0.09375 0.4953125 0.06875 0.0625
0 0.59765625 0.5953125 0.0640625 0.065625
0 0.96640625 0.17109375 0.0578125 0.0609375
0 0.32734375 0.340625 0.0671875 0.0625
0 0.628125 0.14765625 0.06875 0.0546875
0 0.65 0.50078125 0.096875 0.0765625
0 0.67578125 0.27421875 0.0703125 0.0578125
0 0.61953125 0.08515625 0.0671875 0.0640625
0 0.09296875 0.26640625 0.0765625 0.0671875
0 0.53828125 0.72265625 0.0578125 0.0578125
0 0.35 0.215625 0.065625 0.05625
0 0.23671875 0.57578125 0.0703125 0.0578125
0 0.959375 0.03671875 0.065625 0.0703125
0 0.9515625 0.1109375 0.06875 0.06875
0 0.3328125 0.1609375 0.06875 0.05625
0 0.1265625 0.85625 0.0625 0.053125
0 0.9734375 0.8859375 0.046875 0.065625
0 0.4828125 0.1984375 0.065625 0.05625
0 0.10234375 0.384375 0.1171875 0.084375
0 0.6546875 0.33984375 0.096875 0.0859375
0 0.77734375 0.6515625 0.0953125 0.08125
0 0.50390625 0.4359375 0.0484375 0.05
0 0.3671875 0.403125 0.04375 0.0375
0 0.9828125 0.2734375 0.034375 0.04375
0 0.26796875 0.9765625 0.0671875 0.04375
