0 0.7546875 0.8421875 0.05625 0.05
0 0.8609375 0.74921875 0.05 0.0421875
0 0.02421875 0.134375 0.0453125 0.05
0 0.8625 0.24765625 0.05625 0.0546875
0 0.0609375 0.85390625 0.04375 0.0453125
0 0.565625 0.08359375 0.05625 0.0484375
0 0.0421875 0.65546875 0.053125 0.0578125
0 0.32421875 0.14375 0.0609375 0.053125
0 0.76875 0.6609375 0.053125 0.05
0 0.5421875 0.89921875 0.05625 0.0453125
0 0.08125 0.28515625 0.05 0.0453125
0 0.35625 0.91171875 0.053125 0.0484375
0 0.88203125 0.6953125 0.0546875 0.05
0 0.41640625 0.86015625 0.0609375 0.0578125
0 0.03046875 0.01875 0.0484375 0.034375
0 0.06953125 0.9734375 0.0515625 0.0375
0 0.7640625 0.2140625 0.0625 0.05625
0 0.3328125 0.08984375 0.0625 0.0484375
0 0.8453125 0.1859375 0.0625 0.05625
0 0.03984375 0.32109375 0.0515625 0.0453125
0 0.39765625 0.97890625 0.0671875 0.0359375
0 0.58359375 0.153125 0.0640625 0.053125
0 0.73125 0.01953125 0.05625 0.0359375
0 0.77109375 0.89453125 0.0671875 0.0578125
0 0.21640625 0.1515625 0.0765625 0.071875
0 0.484375 0.3125 0.078125 0.06875
0 0.91953125 0.3625 0.0671875 0.0625
0 0.32890625 0.22890625 0.0765625 0.0734375
0 0.78359375 0.38984375 0.0703125 0.0734375
0 0.04765625 0.56875 0.0703125 0.059375
0 0.87421875 0.05546875 0.0703125 0.0578125
0 0.87890625 0.9234375 0.0609375 0.0625
0 0.7484375 0.1265625 0.08125 0.065625
0 0.88359375 0.79765625 0.0640625 0.0578125
0 0.5328125 0.59140625 0.0625 0.0578125
0 0.73984375 0.07109375 0.0703125 0.0515625
0 0.8671875 0.85625 0.065625 0.059375
0 0.8734375 0.13984375 0.071875 0.0640625
0 0.7640625 0.93203125 0.065625 0.0546875
0 0.06796875 0.7515625 0.0640625 0.071875
0 0.07578125 0.915625 0.0703125 0.053125
0 0.57109375 0.02421875 0.0640625 0.0453125
0 0.90234375 0.553125 0.0640625 0.05
0 0.2453125 0.78984375 0.096875 0.0796875
0 0.36796875 0.59765625 0.0703125 0.0640625
0 0.36171875 0.43203125 0.0859375 0.0828125
0 0.3515625 0.31953125 0.090625 0.0859375
0 0.6015625 0.31640625 0.0625 0.0734375
