0 0.959375 0.74453125 0.05 0.0484375
0 0.2890625 0.45859375 0.05 0.0546875
0 0.36328125 0.14609375 0.0515625 0.0484375
0 0.42421875 0.6546875 0.0578125 0.05
0 0.45078125 0.84296875 0.0484375 0.0453125
0 0.9671875 0.590625 0.05 0.05
0 0.30546875 0.63671875 0.0578125 0.0515625
0 0.42109375 0.59921875 0.0546875 0.0484375
0 0.86875 0.89921875 0.05625 0.0515625
0 0.97421875 0.325 0.0421875 0.046875
0 0.3953125 0.315625 0.059375 0.053125
0 0.42109375 0.203125 0.0546875 0.046875
0 0.39609375 0.02109375 0.0484375 0.0390625
0 0.6734375 0.02265625 0.05625 0.0421875
0 0.9515625 0.8015625 0.05625 0.053125
0 0.86796875 0.73515625 0.0578125 0.0546875
0 0.0203125 0.89375 0.0375 0.053125
0 0.02734375 0.71015625 0.0515625 0.0578125
0 0.8515625 0.41171875 0.046875 0.0453125
0 0.15 0.96171875 0.0625 0.0546875
0 0.85625 0.846875 0.0625 0.05
0 0.2640625 0.05625 0.078125 0.078125
0 0.975 0.86640625 0.04375 0.0546875
0 0.57421875 0.33984375 0.0515625 0.0453125
0 0.0234375 0.96953125 0.04375 0.0421875
0 0.29921875 0.81015625 0.0578125 0.0484375
0 0.11015625 0.25 0.0515625 0.046875
0 0.60625 0.553125 0.0625 0.059375
0 0.44609375 0.71015625 0.0484375 0.0421875
0 0.2859375 0.2 0.05 0.046875
0 0.1140625 0.8234375 0.071875 0.065625
0 0.02421875 0.07734375 0.0453125 0.0484375
0 0.86484375 0.05390625 0.0578125 0.0453125
0 0.10859375 0.46796875 0.0828125 0.0703125
0 0.275 0.16328125 0.05625 0.0546875
0 0.56640625 0.4171875 0.0578125 0.046875
0 0.965625 0.021875 0.05 0.040625
0 0.01953125 0.2109375 0.0359375 0.04375
0 0.85625 0.2515625 0.065625 0.0625
0 0.72265625 0.5390625 0.0671875 0.05625
0 0.85703125 0.6359375 0.0609375 0.071875
0 0.1484375 0.60078125 0.071875 0.0609375
0 0.8578125 0.35 0.06875 0.059375
0 0.28046875 0.28046875 0.0703125 0.0671875
0 0.32265625 0.34296875 0.0703125 0.0609375
0 0.29609375 0.87890625 0.0609375 0.0609375
0 0.1046875 0.071875 0.084375 0.078125
0 0.121875 0.19140625 0.090625 0.0734375
0 0.2796875 0.753125 0.06875 0.0625
0 0.67578125 0.95859375 0.0765625 0.0546875
0 0.6859375 0.30546875 0.059375 0.0546875
0 0.29765625 0.5625 0.0796875 0.065625
0 0.68984375 0.37890625 0.0671875 0.0640625
0 0.13046875 0.70703125 0.0703125 0.0609375
0 0.57734375 0.4875 0.0703125 0.059375
0 0.73203125 0.60703125 0.0515625 0.0421875
0 0.13203125 0.31796875 0.0796875 0.0703125
0 0.696875 0.8546875 0.06875 0.05625
0 0.62109375 0.19609375 0.0765625 0.0703125
0 0.6796875 0.9109375 0.071875 0.05625
0 0.121875 0.38671875 0.071875 0.0640625
0 0.66015625 0.0609375 0.0703125 0.05625
0 0.13359375 0.9015625 0.0671875 0.059375
0 0.56484375 0.25859375 0.0734375 0.0671875
0 0.578125 0.1359375 0.059375 0.05625
0 0.71875 0.2625 0.065625 0.05625
0 0.728125 0.465625 0.065625 0.05625
0 0.12109375 0.52578125 0.0703125 0.0609375
0 0.13125 0.7546875 0.071875 0.065625
0 0.28984375 0.68671875 0.0578125 0.0546875
0 0.84453125 0.80625 0.0609375 0.053125
0 0.025 0.54609375 0.046875 0.0578125
0 0.328125 0.9546875 0.06875 0.059375
0 0.2625 0.39296875 0.065625 0.0640625
0 0.01953125 0.35703125 0.0359375 0.0484375
0 0.1234375 0.61484375 0.059375 0.0578125
0 0.4328125 0.75234375 0.046875 0.0421875
0 0.70078125 0.1546875 0.0609375 0.05625
0 0.375 0.08671875 0.05625 0.0609375
0 0.46953125 0.7828125 0.0671875 0.059375
0 0.41015625 0.44765625 0.0640625 0.0640625
0 0.4078125 0.24609375 0.0625 0.0609375
0 0.38671875 0.54375 0.0609375 0.05625
0 0.96640625 0.084375 0.0515625 0.059375
0 0.5625 0.09140625 0.0625 0.0546875
0 0.85859375 0.11796875 0.0578125 0.0546875
0 0.60234375 0.63359375 0.0703125 0.0546875
0 0.5546875 0.38828125 0.0625 0.0578125
0 0.4734375 0.409375 0.05 0.053125
0 0.0140625 0.45 0.025 0.059375
0 0.01875 0.815625 0.034375 0.078125
0 0.84609375 0.98046875 0.0609375 0.0390625
0 0.984375 0.50703125 0.03125 0.0421875
0 0.98125 0.3671875 0.0375 0.0375
0 0.9828125 0.15859375 0.034375 0.0609375
