0 0.84453125 0.6109375 0.0484375 0.053125
0 0.0234375 0.76953125 0.04375 0.0546875
0 0.0296875 0.91015625 0.053125 0.0484375
0 0.87109375 0.5703125 0.0546875 0.05
0 0.38046875 0.9609375 0.0578125 0.05
0 0.10234375 0.76171875 0.0453125 0.0453125
0 0.81484375 0.3515625 0.0484375 0.046875
0 0.103125 0.4515625 0.053125 0.05625
0 0.31640625 0.6515625 0.0609375 0.05625
0 0.02109375 0.8328125 0.0390625 0.053125
0 0.15078125 0.584375 0.0640625 0.05
0 0.08515625 0.01953125 0.0578125 0.0359375
0 0.696875 0.35625 0.0625 0.053125
0 0.26015625 0.0390625 0.0578125 0.046875
0 0.30390625 0.82421875 0.1015625 0.0796875
0 0.803125 0.8703125 0.075 0.065625
0 0.3078125 0.728125 0.084375 0.071875
0 0.0234375 0.58828125 0.04375 0.0390625
0 0.8921875 0.1734375 0.05625 0.05
0 0.12265625 0.1890625 0.0578125 0.053125
0 0.9734375 0.725 0.046875 0.059375
0 0.971875 0.43515625 0.046875 0.0609375
0 0.40390625 0.27890625 0.1046875 0.0671875
0 0.08359375 0.084375 0.0703125 0.065625
0 0.321875 0.91640625 0.0875 0.0703125
0 0.8625 0.7921875 0.075 0.065625
0 0.28671875 0.53984375 0.0671875 0.0578125
0 0.378125 0.1109375 0.06875 0.05625
0 0.3796875 0.21328125 0.08125 0.0671875
0 0.38984375 0.3453125 0.0859375 0.06875
0 0.38203125 0.46171875 0.0734375 0.0640625
0 0.88515625 0.96953125 0.0578125 0.0453125
0 0.09765625 0.69453125 0.0578125 0.0578125
0 0.42578125 0.61484375 0.0765625 0.0640625
0 0.96640625 0.54765625 0.0546875 0.0671875
0 0.3015625 0.3671875 0.075 0.06875
0 0.840625 0.7140625 0.06875 0.0625
0 0.45390625 0.78046875 0.0859375 0.0734375
0 0.87421875 0.3953125 0.0640625 0.05625
0 0.41953125 0.5046875 0.0578125 0.05625
0 0.24765625 0.23046875 0.0828125 0.0640625
0 0.2703125 0.28359375 0.06875 0.0546875
0 0.5296875 0.0484375 0.0625 0.053125
0 0.9578125 0.35390625 0.06875 0.0640625
0 0.10546875 0.3328125 0.0609375 0.05625
0 0.115625 0.5265625 0.065625 0.059375
0 0.128125 0.384375 0.06875 0.059375
0 0.1359375 0.25546875 0.084375 0.0765625
0 0.3078125 0.5921875 0.08125 0.071875
0 0.90625 0.671875 0.065625 0.059375
0 0.25625 0.1140625 0.06875 0.0625
0 0.95859375 0.18828125 0.0640625 0.0640625
0 0.3171875 0.4453125 0.0625 0.05625
0 0.85859375 0.03515625 0.0703125 0.0609375
0 0.16171875 0.90625 0.0609375 0.05625
0 0.0984375 0.615625 0.0625 0.059375
0 0.95625 0.10546875 0.071875 0.0703125
0 0.47578125 0.86484375 0.0703125 0.0640625
0 0.6875 0.44921875 0.05625 0.0453125
0 0.96640625 0.26015625 0.0578125 0.0734375
0 0.02421875 0.18984375 0.0453125 0.0546875
0 0.03203125 0.959375 0.0609375 0.05625
0 0.84609375 0.45625 0.0703125 0.0625
0 0.159375 0.76640625 0.05625 0.0546875
0 0.434375 0.87421875 0.05 0.0484375
0 0.88515625 0.22578125 0.0578125 0.0546875
0 0.02578125 0.61875 0.0484375 0.04375
0 0.146875 0.9625 0.071875 0.05625
0 0.0171875 0.2703125 0.03125 0.040625
0 0.8640625 0.31171875 0.059375 0.0640625
0 0.0140625 0.6625 0.025 0.0375
0 0.39921875 0.15859375 0.0671875 0.0546875
0 0.13125 0.825 0.071875 0.0625
0 0.42109375 0.7140625 0.0984375 0.078125
0 0.975 0.95546875 0.046875 0.0609375
