0 0.43828125 0.2046875 0.0515625 0.046875
0 0.25390625 0.78671875 0.0578125 0.0484375
0 0.44453125 0.15625 0.0546875 0.046875
0 0.83515625 0.80234375 0.0546875 0.0515625
0 0.20078125 0.5578125 0.0578125 0.05
0 0.80625 0.20078125 0.053125 0.0546875
0 0.13046875 0.025 0.0515625 0.04375
0 0.66875 0.44296875 0.05 0.0484375
0 0.43125 0.021875 0.059375 0.040625
0 0.67421875 0.67265625 0.0515625 0.0484375
0 0.503125 0.1875 0.05625 0.05
0 0.2171875 0.62578125 0.053125 0.0546875
0 0.41953125 0.72265625 0.0515625 0.0453125
0 0.7265625 0.77890625 0.05 0.0484375
0 0.73359375 0.7203125 0.0578125 0.053125
0 0.0890625 0.47734375 0.05 0.0484375
0 0.2921875 0.9640625 0.05625 0.046875
0 0.0984375 0.13671875 0.05 0.0515625
0 0.846875 0.86015625 0.053125 0.0484375
0 0.08671875 0.046875 0.0546875 0.046875
0 0.5515625 0.73203125 0.059375 0.0546875
0 0.52578125 0.58515625 0.0546875 0.0515625
0 0.240625 0.3203125 0.059375 0.053125
0 0.72421875 0.8328125 0.0484375 0.046875
0 0.259375 0.88359375 0.053125 0.0578125
0 0.81015625 0.396875 0.0609375 0.053125
0 0.4125 0.071875 0.05625 0.053125
0 0.834375 0.5859375 0.05 0.053125
0 0.4046875 0.93515625 0.078125 0.0671875
0 0.3953125 0.61015625 0.071875 0.0640625
0 0.9578125 0.12734375 0.071875 0.0734375
0 0.83125 0.3359375 0.0625 0.059375
0 0.68515625 0.54765625 0.0609375 0.0578125
0 0.53203125 0.646875 0.0671875 0.0625
0 0.54921875 0.4296875 0.0578125 0.05625
0 0.52265625 0.28515625 0.0671875 0.0609375
0 0.1125 0.9359375 0.0625 0.059375
0 0.696875 0.16171875 0.075 0.0640625
0 0.4109375 0.47421875 0.0625 0.0515625
0 0.13515625 0.8046875 0.0703125 0.065625
0 0.1015625 0.61484375 0.053125 0.0484375
0 0.22421875 0.0859375 0.0640625 0.05625
0 0.86484375 0.71640625 0.0609375 0.0609375
0 0.8515625 0.94453125 0.08125 0.0734375
0 0.696875 0.3921875 0.06875 0.059375
0 0.2234375 0.50234375 0.078125 0.0640625
0 0.56640625 0.83515625 0.0640625 0.0546875
0 0.56953125 0.06015625 0.0453125 0.0390625
0 0.4046875 0.5296875 0.065625 0.05
0 0.73359375 0.9 0.0609375 0.05625
0 0.26875 0.1734375 0.06875 0.05625
0 0.41640625 0.80546875 0.0703125 0.0578125
0 0.4234375 0.8640625 0.06875 0.0625
0 0.50625 0.34140625 0.05625 0.0546875
0 0.12109375 0.2796875 0.0609375 0.05625
0 0.12109375 0.5171875 0.0640625 0.059375
0 0.8 0.1421875 0.0625 0.059375
0 0.97734375 0.49609375 0.0359375 0.0546875
0 0.1171875 0.215625 0.05625 0.05
0 0.121875 0.37890625 0.059375 0.0578125
0 0.02421875 0.09921875 0.0453125 0.0609375
0 0.271875 0.22265625 0.0625 0.0546875
0 0.84375 0.65234375 0.0625 0.0609375
0 0.23515625 0.375 0.0546875 0.053125
0 0.97265625 0.3875 0.0453125 0.059375
0 0.6765625 0.5859375 0.059375 0.046875
0 0.52734375 0.5140625 0.0640625 0.05
0 0.97265625 0.2703125 0.0453125 0.05625
0 0.24453125 0.7140625 0.0578125 0.0625
0 0.78671875 0.28046875 0.0609375 0.0546875
0 0.13671875 0.7015625 0.0640625 0.053125
0 0.97890625 0.20390625 0.0359375 0.0515625
0 0.55703125 0.946875 0.0640625 0.059375
0 0.50859375 0.48046875 0.0546875 0.0453125
0 0.01953125 0.6265625 0.0359375 0.04375
0 0.728125 0.34453125 0.05625 0.0453125
0 0.546875 0.015625 0.05 0.028125
0 0.7265625 0.9546875 0.05 0.046875
0 0.5609375 0.91953125 0.0625 0.0546875
0 0.46796875 0.74296875 0.0609375 0.0578125
0 0.1375 0.2125 0.059375 0.053125
0 0.6703125 0.24609375 0.059375 0.0421875
0 0.6625 0.278125 0.046875 0.040625
