0 0.57578125 0.10703125 0.0578125 0.0515625
0 0.73984375 0.02421875 0.0578125 0.0453125
0 0.28828125 0.02421875 0.0578125 0.0453125
0 0.0515625 0.13515625 0.05 0.0484375
0 0.9046875 0.4296875 0.05 0.046875
0 0.02734375 0.778125 0.0515625 0.05
0 0.490625 0.74453125 0.0625 0.0515625
0 0.221875 0.84140625 0.05 0.0484375
0 0.76171875 0.28828125 0.0546875 0.0515625
0 0.86171875 0.03203125 0.0484375 0.0453125
0 0.47265625 0.49765625 0.0546875 0.0484375
0 0.88984375 0.53828125 0.0578125 0.0546875
0 0.92109375 0.6546875 0.0515625 0.053125
0 0.76953125 0.66875 0.0609375 0.05
0 0.75625 0.36484375 0.053125 0.0515625
0 0.790625 0.61640625 0.059375 0.0546875
0 0.05234375 0.7046875 0.0453125 0.046875
0 0.2921875 0.275 0.05625 0.046875
0 0.1890625 0.40078125 0.05625 0.0546875
0 0.915625 0.7734375 0.06875 0.059375
0 0.765625 0.43359375 0.04375 0.0421875
0 0.88125 0.475 0.04375 0.04375
0 0.90390625 0.59609375 0.0609375 0.0578125
0 0.56875 0.36875 0.075 0.06875
0 0.02734375 0.23359375 0.0453125 0.0453125
0 0.515625 0.621875 0.071875 0.065625
0 0.75625 0.17109375 0.0625 0.0546875
0 0.32109375 0.57265625 0.0546875 0.0484375
0 0.2234375 0.66484375 0.065625 0.0578125
0 0.5609375 0.17421875 0.078125 0.0734375
0 0.47734375 0.1890625 0.0703125 0.059375
0 0.45234375 0.378125 0.0609375 0.05625
0 0.4328125 0.54453125 0.06875 0.0609375
0 0.4765625 0.06015625 0.071875 0.0609375
0 0.784375 0.55546875 0.075 0.0640625
0 0.553125 0.065625 0.05 0.05
0 0.20546875 0.5296875 0.0484375 0.053125
0 0.7640625 0.23125 0.0625 0.053125
0 0.5765625 0.25703125 0.071875 0.0640625
0 0.3171875 0.70625 0.0625 0.053125
0 0.2203125 0.78984375 0.04375 0.0390625
0 0.56640625 0.665625 0.0671875 0.065625
0 0.5765625 0.43125 0.075 0.059375
0 0.4765625 0.4359375 0.071875 0.065625
0 0.0453125 0.584375 0.065625 0.059375
0 0.17734375 0.23125 0.0484375 0.04375
0 0.04921875 0.48125 0.0609375 0.05625
0 0.0609375 0.26953125 0.05625 0.0515625
0 0.3421875 0.759375 0.05 0.040625
0 0.178125 0.0359375 0.046875 0.04375
0 0.02734375 0.05703125 0.0421875 0.0421875
0 0.2234375 0.4765625 0.04375 0.046875
0 0.43046875 0.10859375 0.0640625 0.0546875
0 0.8859375 0.09375 0.065625 0.05625
0 0.465625 0.23828125 0.065625 0.0515625
0 0.596875 0.49609375 0.0625 0.0515625
0 0.48515625 0.7984375 0.0484375 0.046875
0 0.71484375 0.7171875 0.0453125 0.046875
0 0.4796875 0.70078125 0.05625 0.0484375
0 0.7546875 0.471875 0.05 0.05
0 0.89609375 0.284375 0.0546875 0.04375
0 0.903125 0.88671875 0.05625 0.0546875
0 0.0546875 0.86171875 0.0625 0.0578125
0 0.59609375 0.5546875 0.0859375 0.075
0 0.840625 0.21484375 0.046875 0.0453125
0 0.74921875 0.11328125 0.0484375 0.0265625
0 0.19453125 0.2953125 0.0421875 0.025
0 0.2 0.33828125 0.034375 0.0296875
0 0.03203125 0.35234375 0.0421875 0.0390625
0 0.03515625 0.41953125 0.0546875 0.0484375
0 0.84921875 0.38359375 0.0484375 0.0421875
0 0.3140625 0.33046875 0.05625 0.0421875
0 0.33203125 0.64140625 0.0421875 0.0390625
