0 0.07421875 0.184375 0.0578125 0.05
0 0.234375 0.26171875 0.05625 0.0515625
0 0.071875 0.5453125 0.046875 0.046875
0 0.07421875 0.36328125 0.0515625 0.0484375
0 0.08984375 0.240625 0.0546875 0.05
0 0.83359375 0.04296875 0.0546875 0.0484375
0 0.91484375 0.115625 0.0484375 0.04375
0 0.928125 0.46328125 0.05 0.0515625
0 0.07734375 0.62578125 0.0515625 0.0484375
0 0.7921875 0.109375 0.04375 0.040625
0 0.8359375 0.43671875 0.05625 0.0515625
0 0.25 0.4625 0.046875 0.04375
0 0.7984375 0.36328125 0.046875 0.0515625
0 0.26953125 0.165625 0.0578125 0.05
0 0.390625 0.63515625 0.053125 0.0484375
0 0.91953125 0.23359375 0.0484375 0.0453125
0 0.278125 0.64375 0.053125 0.04375
0 0.09609375 0.48125 0.0546875 0.053125
0 0.26328125 0.678125 0.0421875 0.0375
0 0.2484375 0.21484375 0.05625 0.0484375
0 0.94453125 0.54453125 0.0546875 0.0515625
0 0.909375 0.1609375 0.05 0.046875
0 0.2609375 0.03984375 0.046875 0.0453125
0 0.91484375 0.03828125 0.0546875 0.0546875
0 0.09453125 0.303125 0.0484375 0.046875
0 0.08515625 0.43125 0.0578125 0.046875
0 0.82265625 0.496875 0.0546875 0.05
0 0.63828125 0.10078125 0.0578125 0.0484375
0 0.11015625 0.959375 0.0609375 0.05
0 0.97578125 0.9703125 0.0390625 0.040625
0 0.5578125 0.5921875 0.075 0.0625
0 0.8015625 0.171875 0.059375 0.05
0 0.62578125 0.1625 0.0515625 0.05
0 0.52265625 0.1140625 0.0515625 0.046875
0 0.66171875 0.41328125 0.0703125 0.0640625
0 0.93125 0.3421875 0.04375 0.0375
0 0.38359375 0.25390625 0.0671875 0.0609375
0 0.53515625 0.67890625 0.0734375 0.0671875
0 0.38203125 0.37578125 0.0703125 0.0609375
0 0.55625 0.37890625 0.06875 0.0640625
0 0.53203125 0.29609375 0.0734375 0.0609375
0 0.63828125 0.03515625 0.0796875 0.0640625
0 0.528125 0.19296875 0.075 0.0671875
0 0.6859375 0.665625 0.090625 0.071875
0 0.38984375 0.46171875 0.0796875 0.0671875
0 0.39921875 0.91953125 0.0859375 0.0765625
0 0.22578125 0.025 0.0453125 0.040625
0 0.28046875 0.9140625 0.0859375 0.08125
0 0.08828125 0.10234375 0.0609375 0.0578125
0 0.23203125 0.1046875 0.0671875 0.05625
0 0.37734375 0.04296875 0.0640625 0.0609375
0 0.92890625 0.68984375 0.0609375 0.0609375
0 0.25078125 0.53671875 0.0671875 0.0578125
0 0.36328125 0.134375 0.0671875 0.059375
0 0.86953125 0.934375 0.0703125 0.06875
0 0.63359375 0.23125 0.0578125 0.053125
0 0.37421875 0.54375 0.0671875 0.06875
0 0.81015625 0.24921875 0.0578125 0.0578125
0 0.36796875 0.696875 0.0828125 0.071875
0 0.9234375 0.30078125 0.06875 0.0546875
0 0.2484375 0.40390625 0.053125 0.0515625
0 0.66328125 0.48125 0.0546875 0.046875
0 0.646875 0.321875 0.05 0.040625
0 0.0875 0.69765625 0.071875 0.0546875
0 0.1171875 0.5796875 0.05625 0.05
0 0.3828125 0.32421875 0.0625 0.0515625
0 0.90546875 0.425 0.0359375 0.0375
0 0.65 0.36328125 0.040625 0.0359375
0 0.2421875 0.3484375 0.059375 0.059375
0 0.26484375 0.58203125 0.0484375 0.0515625
