0 0.05234375 0.56484375 0.0515625 0.0484375
0 0.1734375 0.66015625 0.053125 0.0484375
0 0.04453125 0.2265625 0.0515625 0.046875
0 0.73125 0.60234375 0.05625 0.0515625
0 0.365625 0.7953125 0.05 0.05
0 0.14921875 0.290625 0.0484375 0.04375
0 0.05859375 0.615625 0.0453125 0.04375
0 0.3578125 0.92734375 0.05625 0.0484375
0 0.925 0.7453125 0.05625 0.046875
0 0.05859375 0.16484375 0.0484375 0.0453125
0 0.88203125 0.36796875 0.0453125 0.0453125
0 0.95078125 0.9703125 0.0453125 0.040625
0 0.16484375 0.925 0.0515625 0.05
0 0.18828125 0.7109375 0.0515625 0.046875
0 0.65234375 0.34609375 0.0546875 0.0484375
0 0.14765625 0.121875 0.0578125 0.05
0 0.94375 0.8765625 0.046875 0.046875
0 0.90390625 0.4984375 0.0609375 0.05
0 0.184375 0.9734375 0.05625 0.04375
0 0.9046875 0.575 0.05 0.04375
0 0.734375 0.5015625 0.05625 0.053125
0 0.7296875 0.66171875 0.05625 0.0515625
0 0.30703125 0.10625 0.0546875 0.053125
0 0.89453125 0.42109375 0.0515625 0.0515625
0 0.3453125 0.66875 0.0625 0.053125
0 0.72109375 0.42265625 0.0546875 0.0515625
0 0.4625 0.13515625 0.05 0.0453125
0 0.490625 0.57890625 0.059375 0.0515625
0 0.0265625 0.11015625 0.04375 0.0453125
0 0.7578125 0.22890625 0.05625 0.0484375
0 0.90390625 0.634375 0.0734375 0.0625
0 0.1421875 0.05390625 0.059375 0.0546875
0 0.13984375 0.17578125 0.0609375 0.0546875
0 0.72109375 0.7203125 0.0609375 0.053125
0 0.0375 0.925 0.053125 0.046875
0 0.6625 0.890625 0.084375 0.08125
0 0.37265625 0.53359375 0.0546875 0.0515625
0 0.621875 0.6171875 0.065625 0.059375
0 0.08046875 0.95390625 0.0796875 0.0671875
0 0.65859375 0.97890625 0.0578125 0.0359375
0 0.1765625 0.23203125 0.0625 0.0546875
0 0.06015625 0.30625 0.0578125 0.053125
0 0.3375 0.8625 0.078125 0.071875
0 0.45546875 0.06484375 0.0765625 0.0671875
0 0.346875 0.3546875 0.071875 0.065625
0 0.18125 0.4765625 0.06875 0.05625
0 0.453125 0.26875 0.06875 0.06875
0 0.47265625 0.6765625 0.0734375 0.065625
0 0.6171875 0.14765625 0.053125 0.0515625
0 0.91328125 0.79609375 0.0703125 0.0609375
0 0.46796875 0.1828125 0.0609375 0.05625
0 0.75234375 0.1390625 0.0640625 0.05625
0 0.3203125 0.16171875 0.06875 0.0546875
0 0.1734375 0.8765625 0.06875 0.0625
0 0.49296875 0.41484375 0.0578125 0.0484375
0 0.75234375 0.85078125 0.0453125 0.0390625
0 0.178125 0.53515625 0.0625 0.0578125
0 0.628125 0.5421875 0.06875 0.059375
0 0.75703125 0.07265625 0.0578125 0.0578125
0 0.678125 0.79921875 0.059375 0.0609375
0 0.33828125 0.72578125 0.0671875 0.0640625
0 0.16953125 0.41171875 0.0734375 0.0546875
0 0.74921875 0.971875 0.0671875 0.04375
0 0.05859375 0.50625 0.0671875 0.05625
0 0.17265625 0.77734375 0.0421875 0.0421875
0 0.1828125 0.8265625 0.046875 0.040625
0 0.05234375 0.36875 0.0609375 0.05625
0 0.18203125 0.596875 0.0640625 0.053125
0 0.73515625 0.5421875 0.0515625 0.04375
0 0.459375 0.78515625 0.06875 0.0671875
0 0.63203125 0.0890625 0.0703125 0.05625
0 0.64453125 0.21875 0.0578125 0.046875
0 0.06171875 0.44453125 0.0671875 0.0578125
0 0.04140625 0.0484375 0.0609375 0.05625
0 0.9234375 0.69296875 0.053125 0.0453125
0 0.46015625 0.95 0.0578125 0.059375
0 0.9390625 0.93359375 0.040625 0.0390625
0 0.36328125 0.97578125 0.0484375 0.0359375
0 0.08203125 0.7953125 0.0609375 0.059375
0 0.6375 0.490625 0.0625 0.05
0 0.31875 0.27109375 0.053125 0.0453125
0 0.3234375 0.028125 0.059375 0.05
0 0.07734375 0.67109375 0.0640625 0.0609375
0 0.6359375 0.27265625 0.05 0.0515625
0 0.1703125 0.3328125 0.065625 0.05625
0 0.76328125 0.90625 0.0671875 0.0625
0 0.315625 0.4203125 0.053125 0.05625
0 0.4890625 0.36328125 0.075 0.0484375
0 0.48046875 0.5140625 0.0578125 0.05625
0 0.35390625 0.61640625 0.0578125 0.0484375
