0 0.7359375 0.28515625 0.05 0.0453125
0 0.7859375 0.66875 0.05 0.053125
0 0.74296875 0.4859375 0.0515625 0.046875
0 0.88203125 0.26796875 0.0546875 0.0515625
0 0.74296875 0.3546875 0.0546875 0.053125
0 0.88671875 0.70234375 0.0515625 0.0515625
0 0.853125 0.21953125 0.046875 0.0453125
0 0.16953125 0.7109375 0.0578125 0.053125
0 0.76796875 0.76484375 0.0546875 0.0484375
0 0.41484375 0.3546875 0.0546875 0.05
0 0.90078125 0.5 0.0578125 0.053125
0 0.021875 0.68046875 0.040625 0.0484375
0 0.5796875 0.26796875 0.0625 0.0546875
0 0.27265625 0.70703125 0.0578125 0.0546875
0 0.02421875 0.93125 0.0453125 0.053125
0 0.74921875 0.0625 0.0515625 0.046875
0 0.8953125 0.60234375 0.059375 0.0546875
0 0.75078125 0.42578125 0.0546875 0.0484375
0 0.14765625 0.66171875 0.0484375 0.0421875
0 0.17109375 0.87578125 0.0609375 0.0546875
0 0.75 0.23515625 0.05625 0.0453125
0 0.26875 0.59375 0.0625 0.05
0 0.1828125 0.76875 0.0625 0.053125
0 0.27265625 0.81796875 0.0609375 0.0484375
0 0.5703125 0.296875 0.046875 0.0375
0 0.1265625 0.35859375 0.065625 0.0546875
0 0.4390625 0.96640625 0.053125 0.0484375
0 0.44609375 0.39296875 0.0640625 0.0546875
0 0.02109375 0.75390625 0.0390625 0.0546875
0 0.57265625 0.6859375 0.0671875 0.05
0 0.4203125 0.42265625 0.059375 0.0546875
0 0.75703125 0.040625 0.0453125 0.0375
0 0.46015625 0.90859375 0.0671875 0.0609375
0 0.48515625 0.825 0.0671875 0.059375
0 0.290625 0.9484375 0.084375 0.065625
0 0.1203125 0.54375 0.078125 0.065625
0 0.2890625 0.5421875 0.078125 0.065625
0 0.1359375 0.1109375 0.084375 0.06875
0 0.12734375 0.41875 0.0796875 0.0625
0 0.5796875 0.159375 0.071875 0.0625
0 0.146875 0.48359375 0.06875 0.0578125
0 0.45234375 0.61796875 0.0890625 0.0640625
0 0.28203125 0.475 0.0703125 0.059375
0 0.2671875 0.02890625 0.08125 0.0546875
0 0.453125 0.16484375 0.09375 0.0734375
0 0.26015625 0.421875 0.0828125 0.06875
0 0.46484375 0.68046875 0.0734375 0.0609375
0 0.57890625 0.3921875 0.0671875 0.065625
0 0.16015625 0.6109375 0.0828125 0.06875
0 0.2765625 0.16171875 0.09375 0.0765625
0 0.44765625 0.5 0.0765625 0.071875
0 0.17421875 0.809375 0.0734375 0.0625
0 0.8546875 0.1140625 0.065625 0.05625
0 0.13125 0.30625 0.078125 0.059375
0 0.56796875 0.74609375 0.0828125 0.0671875
0 0.49375 0.45078125 0.0875 0.0734375
0 0.2984375 0.76875 0.084375 0.071875
0 0.27265625 0.34140625 0.0734375 0.0640625
0 0.4125 0.246875 0.075 0.065625
0 0.7515625 0.1625 0.05625 0.05625
0 0.5625 0.21875 0.075 0.05625
0 0.45703125 0.03984375 0.0796875 0.0703125
0 0.1421875 0.24609375 0.08125 0.0671875
0 0.55859375 0.34921875 0.0578125 0.0546875
0 0.46171875 0.30078125 0.0671875 0.0609375
0 0.2984375 0.22578125 0.065625 0.0640625
0 0.625 0.5546875 0.0875 0.071875
0 0.14375 0.04296875 0.084375 0.0703125
0 0.25859375 0.2765625 0.0671875 0.0625
0 0.275 0.64453125 0.090625 0.0703125
0 0.16796875 0.9484375 0.0703125 0.065625
0 0.26953125 0.084375 0.0671875 0.05625
0 0.2 0.9125 0.059375 0.053125
0 0.49453125 0.9453125 0.0671875 0.065625
0 0.45703125 0.5765625 0.0796875 0.05
0 0.4265625 0.0875 0.084375 0.078125
0 0.5640625 0.0734375 0.08125 0.075
0 0.60859375 0.8515625 0.0703125 0.071875
0 0.5796875 0.8609375 0.071875 0.05625
0 0.77890625 0.61328125 0.0578125 0.0515625
0 0.57265625 0.92734375 0.1078125 0.0734375
0 0.47890625 0.75859375 0.0890625 0.0765625
0 0.5828125 0.4984375 0.090625 0.084375
0 0.5828125 0.61796875 0.09375 0.0828125
0 0.90390625 0.3609375 0.0421875 0.03125
0 0.87578125 0.4109375 0.0453125 0.0375
0 0.859375 0.65078125 0.040625 0.0328125
0 0.8984375 0.78359375 0.04375 0.0421875
0 0.909375 0.94453125 0.046875 0.0453125
0 0.76328125 0.934375 0.0359375 0.04375
0 0.6015625 0.98203125 0.06875 0.0359375
