0 0.11171875 0.08515625 0.0515625 0.0484375
0 0.67578125 0.20703125 0.0578125 0.0515625
0 0.028125 0.49765625 0.053125 0.0515625
0 0.590625 0.84453125 0.0625 0.0515625
0 0.15078125 0.23515625 0.0515625 0.0515625
0 0.8640625 0.33046875 0.059375 0.0484375
0 0.959375 0.0265625 0.059375 0.05
0 0.12578125 0.878125 0.0546875 0.05
0 0.31953125 0.94453125 0.0515625 0.0546875
0 0.0296875 0.775 0.053125 0.05
0 0.5796875 0.8 0.05625 0.046875
0 0.86171875 0.38828125 0.0546875 0.0515625
0 0.8703125 0.76875 0.0625 0.05
0 0.83984375 0.11796875 0.0609375 0.0546875
0 0.5734375 0.5984375 0.053125 0.05
0 0.85625 0.46484375 0.053125 0.0515625
0 0.85625 0.27109375 0.059375 0.0546875
0 0.66640625 0.09296875 0.0703125 0.0578125
0 0.3921875 0.375 0.05625 0.046875
0 0.890625 0.71640625 0.059375 0.0546875
0 0.6953125 0.59453125 0.059375 0.0484375
0 0.0296875 0.58984375 0.05625 0.0546875
0 0.66875 0.46875 0.075 0.06875
0 0.865625 0.53359375 0.04375 0.0421875
0 0.3234375 0.76484375 0.065625 0.0578125
0 0.125 0.15390625 0.04375 0.0453125
0 0.12578125 0.33359375 0.0453125 0.0453125
0 0.5515625 0.47890625 0.0625 0.0578125
0 0.0328125 0.6359375 0.05 0.04375
0 0.0171875 0.246875 0.03125 0.040625
0 0.5328125 0.6453125 0.06875 0.0625
0 0.30546875 0.6296875 0.0484375 0.053125
0 0.97734375 0.575 0.0359375 0.04375
0 0.15234375 0.80546875 0.0453125 0.0515625
0 0.52578125 0.07265625 0.0640625 0.0640625
0 0.6171875 0.721875 0.071875 0.065625
0 0.88515625 0.65546875 0.0765625 0.0640625
0 0.02265625 0.70546875 0.0421875 0.0453125
0 0.28828125 0.5015625 0.0578125 0.05625
0 0.1375 0.4515625 0.05 0.05
0 0.65390625 0.16484375 0.0515625 0.0515625
0 0.42109375 0.67265625 0.0546875 0.0484375
0 0.6765625 0.3578125 0.071875 0.0625
0 0.5765625 0.159375 0.071875 0.0625
0 0.69765625 0.65703125 0.0828125 0.0734375
0 0.57734375 0.28984375 0.0703125 0.0609375
0 0.41640625 0.80625 0.0640625 0.053125
0 0.9609375 0.13359375 0.04375 0.0453125
0 0.53125 0.20859375 0.0625 0.0546875
0 0.01484375 0.825 0.0265625 0.0375
0 0.6609375 0.27421875 0.075 0.0734375
0 0.57578125 0.53515625 0.0703125 0.0640625
0 0.66640625 0.765625 0.0671875 0.065625
0 0.153125 0.959375 0.0625 0.05625
0 0.6765625 0.53125 0.075 0.059375
0 0.834375 0.03984375 0.065625 0.0546875
0 0.97734375 0.64375 0.0390625 0.046875
0 0.14765625 0.5796875 0.0609375 0.05625
0 0.390625 0.11875 0.0625 0.059375
0 0.14453125 0.6859375 0.0671875 0.0625
0 0.278125 0.33203125 0.046875 0.0453125
0 0.4421875 0.859375 0.05 0.040625
0 0.3203125 0.88984375 0.04375 0.0390625
0 0.2796875 0.02265625 0.059375 0.0421875
0 0.084375 0.03125 0.046875 0.040625
0 0.97578125 0.1953125 0.0390625 0.05
0 0.58515625 0.89765625 0.0484375 0.0453125
0 0.1609375 0.36875 0.05625 0.053125
0 0.13203125 0.525 0.0453125 0.04375
0 0.27890625 0.134375 0.0515625 0.046875
0 0.565625 0.33828125 0.065625 0.0515625
0 0.8546875 0.57265625 0.05 0.0515625
0 0.971875 0.084375 0.040625 0.04375
0 0.81484375 0.81640625 0.0453125 0.0484375
0 0.4359375 0.40546875 0.05 0.0421875
0 0.425 0.26015625 0.06875 0.0546875
0 0.9625 0.48984375 0.04375 0.0484375
0 0.9390625 0.3140625 0.05 0.0375
0 0.85078125 0.21015625 0.0515625 0.0296875
0 0.03125 0.9734375 0.059375 0.034375
0 0.02109375 0.39921875 0.0390625 0.0484375
0 0.4 0.05625 0.065625 0.0375
0 0.39453125 0.190625 0.0421875 0.03125
0 0.28203125 0.1921875 0.0546875 0.0375
0 0.50234375 0.1328125 0.0453125 0.04375
0 0.3 0.3953125 0.046875 0.040625
0 0.2953125 0.44765625 0.05 0.0296875
0 0.4265625 0.73828125 0.05 0.0453125
0 0.7 0.9046875 0.065625 0.034375
0 0.678125 0.8625 0.05625 0.040625
0 0.98203125 0.39375 0.0359375 0.040625
0 0.421875 0.5109375 0.065625 0.04375
0 0.32421875 0.5734375 0.0453125 0.040625
0 0.4484375 0.6203125 0.0375 0.046875
0 0.31171875 0.7078125 0.0296875 0.0375
0 0.0296875 0.08046875 0.0375 0.0359375
0 0.88125 0.85625 0.053125 0.05625
0 0.8625 0.9375 0.059375 0.040625
0 0.44765625 0.92421875 0.0421875 0.0234375
0 0.01953125 0.2921875 0.0359375 0.04375
0 0.0609375 0.178125 0.05 0.053125
0 0.309375 0.25390625 0.046875 0.0390625
0 0.33125 0.83359375 0.040625 0.0359375
