0 0.46328125 0.14609375 0.0515625 0.0484375
0 0.3890625 0.45859375 0.05 0.0546875
0 0.52421875 0.6546875 0.0578125 0.05
0 0.40546875 0.63671875 0.0578125 0.0515625
0 0.51953125 0.59921875 0.0546875 0.0484375
0 0.52109375 0.203125 0.0546875 0.046875
0 0.3890625 0.68515625 0.05625 0.0515625
0 0.49609375 0.02109375 0.0484375 0.0390625
0 0.55078125 0.84296875 0.0484375 0.0453125
0 0.65546875 0.3875 0.0609375 0.05625
0 0.11328125 0.9703125 0.0578125 0.04375
0 0.4953125 0.315625 0.059375 0.053125
0 0.7734375 0.02265625 0.05625 0.0421875
0 0.67421875 0.3390625 0.0515625 0.046875
0 0.21015625 0.25078125 0.0515625 0.0453125
0 0.9546875 0.846875 0.059375 0.053125
0 0.965625 0.9 0.05 0.053125
0 0.121875 0.7109375 0.065625 0.06875
0 0.96328125 0.73515625 0.0578125 0.0609375
0 0.54609375 0.71015625 0.0484375 0.0421875
0 0.36484375 0.0578125 0.0796875 0.078125
0 0.95625 0.6359375 0.0625 0.078125
0 0.70703125 0.553125 0.0640625 0.059375
0 0.06640625 0.26796875 0.0734375 0.0640625
0 0.37578125 0.16328125 0.0546875 0.0546875
0 0.25390625 0.596875 0.0734375 0.05625
0 0.95546875 0.2515625 0.0640625 0.065625
0 0.21484375 0.8234375 0.0734375 0.065625
0 0.95546875 0.34921875 0.0640625 0.0578125
0 0.1046875 0.209375 0.06875 0.059375
0 0.72109375 0.19609375 0.0765625 0.0703125
0 0.38671875 0.2 0.0515625 0.046875
0 0.209375 0.46796875 0.08125 0.0703125
0 0.09765625 0.02734375 0.0734375 0.0515625
0 0.42265625 0.34296875 0.0703125 0.0609375
0 0.06953125 0.15078125 0.0671875 0.0640625
0 0.09140625 0.78984375 0.0796875 0.0703125
0 0.66640625 0.4171875 0.0578125 0.046875
0 0.103125 0.9015625 0.08125 0.071875
0 0.39609375 0.87890625 0.0609375 0.0609375
0 0.2296875 0.70703125 0.071875 0.0609375
0 0.96171875 0.053125 0.0546875 0.046875
0 0.83203125 0.60703125 0.0515625 0.0421875
0 0.6765625 0.4875 0.06875 0.059375
0 0.2046875 0.071875 0.084375 0.078125
0 0.396875 0.5625 0.08125 0.065625
0 0.7765625 0.95859375 0.078125 0.0546875
0 0.7859375 0.30546875 0.059375 0.0546875
0 0.79609375 0.85390625 0.0671875 0.0546875
0 0.3796875 0.753125 0.06875 0.0625
0 0.7796875 0.9109375 0.071875 0.05625
0 0.22265625 0.1921875 0.0890625 0.075
0 0.10703125 0.6390625 0.0734375 0.0625
0 0.78984375 0.37890625 0.0671875 0.0640625
0 0.66484375 0.25859375 0.0734375 0.0671875
0 0.23203125 0.31796875 0.0796875 0.0703125
0 0.25 0.96171875 0.065625 0.0546875
0 0.67734375 0.1359375 0.0609375 0.05625
0 0.23359375 0.9015625 0.0671875 0.059375
0 0.09453125 0.43984375 0.0796875 0.0671875
0 0.221875 0.38671875 0.071875 0.0640625
0 0.76015625 0.0609375 0.0703125 0.05625
0 0.38046875 0.28125 0.0703125 0.06875
0 0.8234375 0.53828125 0.06875 0.0578125
0 0.81953125 0.2625 0.0671875 0.05625
0 0.5328125 0.75234375 0.046875 0.0421875
0 0.22109375 0.52578125 0.0703125 0.0609375
0 0.1015625 0.07421875 0.08125 0.0609375
0 0.57109375 0.4046875 0.0421875 0.04375
0 0.3625 0.39296875 0.065625 0.0640625
0 0.828125 0.465625 0.065625 0.05625
0 0.8015625 0.1546875 0.059375 0.05625
0 0.22421875 0.61484375 0.0609375 0.0578125
0 0.23046875 0.7546875 0.0703125 0.065625
0 0.41796875 0.95703125 0.0484375 0.0640625
0 0.0671875 0.43046875 0.071875 0.0734375
0 0.475 0.08671875 0.05625 0.0609375
0 0.959375 0.11640625 0.05625 0.0578125
0 0.51015625 0.44765625 0.0640625 0.0640625
0 0.9515625 0.41171875 0.046875 0.0453125
0 0.94296875 0.80625 0.0609375 0.053125
0 0.39921875 0.8109375 0.0609375 0.05
0 0.4859375 0.54375 0.059375 0.05625
0 0.66171875 0.09140625 0.0609375 0.0546875
0 0.5078125 0.24609375 0.0625 0.0609375
0 0.56953125 0.7828125 0.0671875 0.059375
0 0.7015625 0.63359375 0.06875 0.0515625
0 0.0984375 0.35 0.08125 0.08125
0 0.09921875 0.540625 0.0984375 0.08125
0 0.4546875 0.9671875 0.04375 0.040625
0 0.98125 0.49921875 0.034375 0.0390625
0 0.9328125 0.01875 0.075 0.034375
