0 0.7375 0.584375 0.05 0.046875
0 0.70078125 0.04453125 0.0546875 0.0453125
0 0.02109375 0.8203125 0.0390625 0.046875
0 0.60078125 0.5625 0.0546875 0.05
0 0.83046875 0.5390625 0.0546875 0.046875
0 0.51171875 0.23515625 0.0515625 0.0484375
0 0.4546875 0.2046875 0.046875 0.040625
0 0.72109375 0.41875 0.0453125 0.040625
0 0.8265625 0.22109375 0.053125 0.0515625
0 0.71796875 0.08203125 0.0515625 0.0515625
0 0.53359375 0.29921875 0.0484375 0.0484375
0 0.7390625 0.540625 0.04375 0.04375
0 0.528125 0.03984375 0.05625 0.0546875
0 0.43828125 0.37890625 0.0515625 0.0453125
0 0.59375 0.675 0.05 0.05
0 0.403125 0.24140625 0.05625 0.0515625
0 0.75234375 0.35 0.0546875 0.05625
0 0.56640625 0.17421875 0.0546875 0.0546875
0 0.74296875 0.64765625 0.0578125 0.0578125
0 0.44453125 0.340625 0.0578125 0.053125
0 0.5984375 0.5109375 0.071875 0.059375
0 0.4609375 0.5265625 0.05625 0.05
0 0.19609375 0.4078125 0.0859375 0.06875
0 0.578125 0.25859375 0.05625 0.0578125
0 0.3125 0.9140625 0.0625 0.05625
0 0.7203125 0.25 0.05625 0.05625
0 0.76875 0.7109375 0.065625 0.05625
0 0.29609375 0.23828125 0.0734375 0.0640625
0 0.88046875 0.7328125 0.0484375 0.05
0 0.403125 0.034375 0.06875 0.05625
0 0.859375 0.35625 0.046875 0.046875
0 0.27578125 0.3078125 0.0796875 0.06875
0 0.30078125 0.4328125 0.0796875 0.078125
0 0.20703125 0.940625 0.0828125 0.06875
0 0.40390625 0.58828125 0.0703125 0.0640625
0 0.31875 0.7 0.06875 0.0625
0 0.70390625 0.36484375 0.0546875 0.0546875
0 0.7265625 0.47421875 0.06875 0.0609375
0 0.62265625 0.64609375 0.0484375 0.0453125
0 0.79453125 0.03359375 0.0703125 0.0578125
0 0.16015625 0.246875 0.0890625 0.06875
0 0.93125 0.903125 0.06875 0.059375
0 0.165625 0.1203125 0.078125 0.071875
0 0.76640625 0.79921875 0.0609375 0.0609375
0 0.153125 0.58515625 0.059375 0.0484375
0 0.25546875 0.06328125 0.0921875 0.0734375
0 0.16953125 0.196875 0.0796875 0.065625
0 0.27109375 0.18671875 0.0734375 0.0609375
0 0.84765625 0.0953125 0.0671875 0.059375
0 0.81015625 0.859375 0.0640625 0.0625
0 0.26796875 0.565625 0.0734375 0.05625
0 0.565625 0.37421875 0.075 0.0671875
0 0.45 0.4578125 0.075 0.078125
0 0.2921875 0.61484375 0.084375 0.0703125
0 0.8265625 0.59296875 0.065625 0.0609375
0 0.8203125 0.15078125 0.06875 0.0578125
0 0.5828125 0.74921875 0.06875 0.0609375
0 0.1796875 0.33359375 0.078125 0.0671875
0 0.8453125 0.27734375 0.071875 0.0546875
0 0.18984375 0.5109375 0.0765625 0.0625
0 0.4609375 0.70859375 0.0625 0.0578125
0 0.27265625 0.121875 0.0734375 0.059375
0 0.840625 0.4953125 0.0625 0.053125
0 0.5046875 0.103125 0.05 0.046875
0 0.1578125 0.02578125 0.075 0.0484375
0 0.8390625 0.40078125 0.065625 0.0578125
0 0.184375 0.7734375 0.075 0.06875
0 0.175 0.734375 0.075 0.06875
0 0.45 0.6375 0.059375 0.059375
0 0.17578125 0.4609375 0.0671875 0.05625
0 0.42421875 0.775 0.0671875 0.05625
0 0.50546875 0.91015625 0.0671875 0.0609375
0 0.721875 0.2796875 0.04375 0.034375
0 0.459375 0.134375 0.05625 0.053125
0 0.6 0.62578125 0.05 0.0421875
0 0.56796875 0.784375 0.0703125 0.05625
0 0.6109375 0.86953125 0.04375 0.0421875
0 0.71953125 0.1625 0.0640625 0.059375
0 0.04375 0.9546875 0.078125 0.059375
0 0.409375 0.0859375 0.071875 0.0625
0 0.28203125 0.753125 0.1015625 0.08125
0 0.1453125 0.6390625 0.05 0.0625
0 0.184375 0.64140625 0.046875 0.0671875
0 0.3078125 0.82734375 0.04375 0.0484375
0 0.1984375 0.890625 0.0625 0.034375
0 0.90234375 0.784375 0.0796875 0.05
0 0.8703125 0.8625 0.0375 0.034375
