0 0.696875 0.534375 0.059375 0.053125
0 0.0234375 0.6453125 0.04375 0.059375
0 0.02109375 0.2 0.0390625 0.05625
0 0.146875 0.03359375 0.059375 0.0515625
0 0.796875 0.19921875 0.053125 0.0578125
0 0.70859375 0.5859375 0.0453125 0.046875
0 0.2921875 0.61640625 0.059375 0.0515625
0 0.81796875 0.40234375 0.0578125 0.0515625
0 0.26953125 0.54140625 0.0609375 0.0578125
0 0.8171875 0.55234375 0.059375 0.0515625
0 0.86484375 0.96953125 0.0578125 0.0453125
0 0.81015625 0.60546875 0.0609375 0.0609375
0 0.63828125 0.26328125 0.0515625 0.0515625
0 0.9734375 0.5359375 0.04375 0.065625
0 0.73203125 0.79375 0.0484375 0.04375
0 0.6125 0.053125 0.0625 0.05625
0 0.83125 0.078125 0.059375 0.065625
0 0.15078125 0.4859375 0.0828125 0.075
0 0.17734375 0.41328125 0.0671875 0.0640625
0 0.84375 0.34921875 0.065625 0.0546875
0 0.76796875 0.93984375 0.0734375 0.0671875
0 0.12421875 0.35078125 0.0796875 0.0765625
0 0.27265625 0.15859375 0.0796875 0.0671875
0 0.290625 0.378125 0.071875 0.075
0 0.1609375 0.22421875 0.078125 0.0703125
0 0.278125 0.09375 0.065625 0.059375
0 0.959375 0.4296875 0.06875 0.078125
0 0.4546875 0.56328125 0.08125 0.0890625
0 0.68046875 0.11953125 0.0640625 0.0671875
0 0.284375 0.7234375 0.06875 0.075
0 0.80078125 0.81875 0.0640625 0.05625
0 0.965625 0.15546875 0.059375 0.0640625
0 0.67578125 0.4578125 0.0640625 0.078125
0 0.24609375 0.0296875 0.0796875 0.05625
0 0.9609375 0.265625 0.0625 0.06875
0 0.6828125 0.2234375 0.06875 0.065625
0 0.72578125 0.66328125 0.0734375 0.0703125
0 0.82734375 0.03671875 0.0640625 0.0515625
0 0.7796875 0.11640625 0.05625 0.0546875
0 0.8125 0.47421875 0.09375 0.0828125
0 0.9734375 0.34140625 0.04375 0.0578125
0 0.15625 0.09140625 0.065625 0.0640625
0 0.14140625 0.29140625 0.0640625 0.0609375
0 0.234375 0.5921875 0.06875 0.059375
0 0.97109375 0.79609375 0.0578125 0.0796875
0 0.79609375 0.6921875 0.0421875 0.0625
0 0.8203125 0.66875 0.04375 0.04375
0 0.6703125 0.35625 0.05625 0.053125
0 0.67265625 0.0265625 0.0421875 0.0375
0 0.97578125 0.0328125 0.0484375 0.04375
0 0.40703125 0.1765625 0.0546875 0.04375
