0 0.05390625 0.38359375 0.0546875 0.0515625
0 0.19453125 0.6765625 0.0578125 0.05
0 0.32265625 0.0203125 0.0515625 0.0375
0 0.0765625 0.94375 0.05625 0.05625
0 0.315625 0.78671875 0.053125 0.0515625
0 0.0828125 0.29609375 0.046875 0.0484375
0 0.45625 0.58828125 0.059375 0.0546875
0 0.484375 0.7796875 0.05 0.05
0 0.06015625 0.45234375 0.0546875 0.0546875
0 0.32421875 0.8625 0.0515625 0.04375
0 0.18515625 0.49609375 0.0609375 0.0515625
0 0.60390625 0.4015625 0.0484375 0.053125
0 0.440625 0.0890625 0.053125 0.046875
0 0.7453125 0.39921875 0.06875 0.0578125
0 0.46875 0.325 0.08125 0.06875
0 0.8734375 0.09296875 0.0875 0.0703125
0 0.7109375 0.153125 0.059375 0.05625
0 0.47265625 0.93359375 0.0796875 0.0640625
0 0.06796875 0.5234375 0.0765625 0.0625
0 0.15 0.190625 0.046875 0.04375
0 0.3203125 0.1046875 0.053125 0.05
0 0.1609375 0.6359375 0.053125 0.046875
0 0.609375 0.6046875 0.065625 0.053125
0 0.3328125 0.38203125 0.06875 0.0578125
0 0.60078125 0.16953125 0.0859375 0.0671875
0 0.46640625 0.52109375 0.0671875 0.0609375
0 0.18359375 0.87890625 0.0609375 0.0578125
0 0.1625 0.25390625 0.059375 0.0484375
0 0.2921875 0.59765625 0.071875 0.0671875
0 0.8859375 0.05390625 0.059375 0.0453125
0 0.61796875 0.72734375 0.0765625 0.0671875
0 0.60546875 0.08046875 0.0796875 0.0765625
0 0.18515625 0.4328125 0.0734375 0.0625
0 0.9328125 0.44375 0.06875 0.059375
0 0.07109375 0.7953125 0.0578125 0.059375
0 0.18125 0.76875 0.078125 0.071875
0 0.6234375 0.8578125 0.0625 0.05625
0 0.1765625 0.95 0.075 0.065625
0 0.03046875 0.31171875 0.0578125 0.0578125
0 0.60078125 0.29375 0.0828125 0.0625
0 0.04453125 0.64609375 0.0765625 0.0671875
0 0.76953125 0.7140625 0.0796875 0.06875
0 0.74453125 0.4546875 0.0734375 0.059375
0 0.7796875 0.53984375 0.071875 0.0671875
0 0.94375 0.9578125 0.075 0.065625
0 0.92734375 0.71796875 0.0859375 0.0703125
0 0.03125 0.11484375 0.059375 0.0578125
0 0.6078125 0.465625 0.0625 0.0625
0 0.0703125 0.7171875 0.0625 0.0625
0 0.334375 0.65625 0.05 0.04375
0 0.45546875 0.15546875 0.0671875 0.0609375
0 0.73046875 0.284375 0.0828125 0.078125
0 0.74453125 0.85859375 0.0703125 0.0578125
0 0.93515625 0.51015625 0.0671875 0.0609375
0 0.73203125 0.53671875 0.0546875 0.0546875
0 0.3375 0.5078125 0.06875 0.065625
0 0.05546875 0.58359375 0.0734375 0.0609375
0 0.63515625 0.90546875 0.0734375 0.0609375
0 0.6171875 0.5421875 0.075 0.06875
0 0.159375 0.134375 0.075 0.075
0 0.3125 0.23515625 0.065625 0.0578125
0 0.753125 0.784375 0.075 0.06875
0 0.77734375 0.90234375 0.0703125 0.0546875
0 0.415625 0.23359375 0.06875 0.0578125
0 0.459375 0.02890625 0.071875 0.0515625
0 0.17109375 0.58359375 0.0609375 0.0578125
0 0.03203125 0.03203125 0.0609375 0.0546875
0 0.9296875 0.81875 0.06875 0.059375
0 0.17265625 0.290625 0.0453125 0.040625
0 0.3515625 0.903125 0.059375 0.059375
0 0.62265625 0.65703125 0.0640625 0.0578125
0 0.6984375 0.07265625 0.05625 0.0546875
0 0.7390625 0.20390625 0.071875 0.0578125
0 0.57890625 0.34921875 0.0578125 0.0515625
0 0.609375 0.2328125 0.0625 0.05625
0 0.9265625 0.26640625 0.075 0.0546875
0 0.62109375 0.96015625 0.0671875 0.0546875
0 0.46953125 0.828125 0.0546875 0.059375
0 0.465625 0.63984375 0.053125 0.0578125
0 0.925 0.6359375 0.065625 0.059375
0 0.95859375 0.87734375 0.0640625 0.0609375
0 0.628125 0.80078125 0.071875 0.0546875
0 0.0453125 0.25234375 0.0625 0.0609375
0 0.740625 0.6 0.065625 0.05
0 0.434375 0.74921875 0.059375 0.0484375
0 0.05625 0.1796875 0.05625 0.053125
0 0.290625 0.2796875 0.059375 0.05625
0 0.771875 0.95625 0.065625 0.059375
0 0.9203125 0.578125 0.0625 0.053125
0 0.35 0.7140625 0.0625 0.05625
0 0.76171875 0.646875 0.0828125 0.071875
0 0.18125 0.3609375 0.06875 0.065625
0 0.97890625 0.1953125 0.0421875 0.040625
0 0.9078125 0.2203125 0.04375 0.028125
