0 0.69609375 0.434375 0.0578125 0.053125
0 0.0234375 0.5453125 0.04375 0.059375
0 0.8921875 0.95859375 0.059375 0.0546875
0 0.02109375 0.10078125 0.0390625 0.0546875
0 0.81796875 0.30234375 0.0578125 0.0515625
0 0.709375 0.4859375 0.046875 0.046875
0 0.26953125 0.44140625 0.0609375 0.0578125
0 0.796875 0.1 0.053125 0.05625
0 0.2921875 0.51640625 0.059375 0.0515625
0 0.86640625 0.8734375 0.0546875 0.046875
0 0.8171875 0.4515625 0.059375 0.05
0 0.63828125 0.1640625 0.0515625 0.053125
0 0.8109375 0.50546875 0.0625 0.0609375
0 0.6796875 0.0296875 0.0625 0.05625
0 0.97421875 0.4359375 0.0421875 0.065625
0 0.14921875 0.3859375 0.0828125 0.075
0 0.17734375 0.3140625 0.0671875 0.065625
0 0.1234375 0.25078125 0.078125 0.0765625
0 0.76796875 0.8390625 0.0734375 0.065625
0 0.1609375 0.1234375 0.078125 0.071875
0 0.290625 0.27734375 0.071875 0.0765625
0 0.18359375 0.95390625 0.0921875 0.0703125
0 0.84375 0.24921875 0.065625 0.0546875
0 0.4546875 0.46171875 0.078125 0.0890625
0 0.959375 0.32890625 0.06875 0.0765625
0 0.27109375 0.0578125 0.0796875 0.06875
0 0.80078125 0.71875 0.0640625 0.05625
0 0.675 0.35703125 0.0625 0.0765625
0 0.284375 0.62265625 0.06875 0.0734375
0 0.9609375 0.165625 0.0625 0.06875
0 0.6828125 0.12421875 0.06875 0.0671875
0 0.72578125 0.56328125 0.0734375 0.0703125
0 0.96484375 0.0546875 0.0609375 0.065625
0 0.140625 0.18984375 0.0625 0.0640625
0 0.78125 0.025 0.0625 0.046875
0 0.81015625 0.375 0.0953125 0.084375
0 0.9734375 0.24140625 0.04375 0.0578125
0 0.234375 0.49140625 0.06875 0.0609375
0 0.84375 0.7703125 0.053125 0.040625
0 0.96953125 0.696875 0.0609375 0.059375
0 0.81875 0.5703125 0.034375 0.03125
0 0.7953125 0.59375 0.04375 0.06875
0 0.66484375 0.25625 0.0515625 0.046875
0 0.97890625 0.12109375 0.0390625 0.0671875
0 0.80703125 0.0390625 0.0390625 0.0375
